


196 230 232 217 237 238 215 178 170 178 187 188 198 181 185 195 153 149 230 240 241 240 241 229 174 143 179 218 181 181 184 181 177 165 130 134 132 132 133 133 130 145 167 201 227 237 237 206 224 246 208 146 143 183 194 196 171 143 119 40 8 18 22 45 
193 204 235 227 223 239 224 142 102 108 114 140 139 136 117 129 113 73 194 241 242 243 243 237 153 90 123 200 123 116 121 121 136 158 130 134 132 131 131 132 130 141 122 85 104 131 158 176 224 240 233 216 200 194 197 170 134 103 75 27 12 14 16 61 
188 193 208 236 225 228 240 209 150 160 162 168 169 173 165 165 164 160 191 239 242 242 242 242 201 155 167 194 184 171 175 180 178 153 132 134 133 131 130 130 130 138 114 62 77 77 80 103 181 228 225 215 227 173 110 92 92 108 90 89 54 29 25 81 
213 190 194 215 237 223 232 240 237 238 238 239 240 240 239 240 240 240 241 242 243 244 243 242 239 205 176 211 241 242 242 242 211 156 142 144 135 130 130 130 130 136 92 49 62 59 47 67 179 221 214 219 181 40 55 103 151 173 165 157 130 67 62 95 
168 196 193 196 220 237 222 236 241 223 188 190 210 214 217 211 210 220 219 224 241 244 244 244 237 172 147 181 202 205 216 218 209 208 213 204 149 129 132 130 129 134 77 53 59 47 38 62 196 150 171 199 146 41 28 51 97 122 115 114 99 83 93 98 
66 122 195 195 197 224 236 224 239 233 159 119 137 144 149 161 148 157 158 164 209 241 244 244 244 224 134 124 140 149 159 170 163 176 209 206 169 158 161 151 129 130 108 79 66 56 39 77 212 202 197 188 183 152 113 83 112 81 24 65 97 96 98 98 
62 66 128 199 196 199 228 235 227 241 225 195 202 206 208 209 207 199 181 160 163 208 215 219 220 217 180 173 177 180 182 182 181 183 202 229 236 237 241 212 132 121 71 106 133 107 68 107 221 219 200 183 193 172 146 111 124 43 35 90 96 96 98 95 
62 63 68 131 197 197 201 232 233 231 243 243 243 244 245 243 220 172 123 113 113 117 118 120 120 119 120 120 118 117 117 117 117 116 136 222 244 250 249 230 187 164 76 98 111 99 107 157 221 211 194 184 189 166 127 124 91 24 72 95 96 98 98 95 
63 64 65 70 117 165 196 190 188 174 157 157 153 154 153 164 169 147 133 127 124 123 122 122 121 121 121 121 119 117 115 115 114 113 123 213 241 249 249 248 247 238 152 106 133 86 43 150 162 177 183 182 174 153 116 126 47 44 94 93 96 98 98 94 
63 63 64 65 66 87 136 100 75 75 73 70 66 68 61 97 167 163 158 153 151 151 151 150 150 149 150 149 146 143 142 141 140 138 139 202 239 249 249 249 249 249 235 152 104 97 50 173 176 176 174 179 161 135 125 95 24 70 96 96 97 99 97 90 
64 64 64 65 66 67 70 70 71 72 71 57 64 59 52 104 164 164 164 162 161 161 162 162 160 159 161 160 159 157 155 153 152 151 148 187 237 249 250 250 249 249 249 237 159 59 58 188 200 185 177 175 157 127 130 58 21 77 98 98 98 98 94 88 
64 65 66 66 66 68 69 70 71 72 68 59 69 58 64 123 163 164 165 165 165 165 165 164 163 162 164 163 162 161 159 158 156 154 151 170 232 248 252 252 250 249 249 249 192 39 102 193 193 179 179 169 145 130 109 53 31 87 98 98 99 95 92 88 
64 65 65 66 67 68 69 70 71 71 66 63 77 113 149 169 174 167 165 164 165 166 166 165 164 163 164 164 163 161 160 158 157 156 152 155 194 202 205 206 206 207 208 199 169 99 159 197 189 181 179 155 112 78 47 52 42 93 98 99 97 93 89 87 
64 65 66 67 68 69 70 70 71 72 66 57 71 166 201 201 224 207 202 202 203 202 194 177 183 184 185 184 178 167 182 172 168 167 165 159 145 139 139 138 138 137 137 129 124 112 136 196 193 137 111 100 87 64 47 30 53 95 98 97 94 92 87 84 
65 65 66 67 68 69 70 69 71 72 69 58 56 100 207 221 229 243 221 222 222 222 214 146 147 156 167 195 196 180 203 184 179 181 180 179 176 171 169 168 167 165 164 160 154 141 139 184 143 44 56 104 136 138 118 82 88 95 96 94 93 88 84 81 
65 66 67 67 68 69 71 71 72 72 66 58 56 55 107 214 219 235 238 221 223 223 223 197 176 181 182 183 198 204 202 181 181 184 185 185 185 185 185 184 184 182 179 175 170 162 151 169 155 145 113 99 104 106 105 99 97 96 94 93 91 87 82 80 
66 66 67 68 69 70 71 71 72 67 53 51 54 48 52 131 224 218 240 232 221 223 223 223 222 223 212 203 219 223 216 181 180 185 186 186 186 187 187 187 187 186 184 180 176 169 158 173 163 146 120 103 102 104 106 102 98 94 93 92 88 83 80 79 
66 66 68 68 69 70 70 70 72 67 52 46 51 49 42 99 180 226 219 243 228 222 223 223 223 211 208 206 207 207 204 179 181 184 185 185 185 185 186 186 185 185 184 182 179 172 163 171 156 136 106 102 101 103 105 102 96 93 91 88 84 80 78 77 
66 67 68 69 70 71 70 71 72 68 53 49 57 48 41 106 144 187 226 223 243 225 223 223 223 181 136 126 124 125 149 182 187 194 196 196 195 194 192 192 191 190 190 188 187 182 171 165 149 119 103 100 101 104 102 99 93 91 89 85 81 79 77 75 
67 67 68 69 71 72 71 72 72 59 51 52 50 44 48 117 140 147 191 225 228 240 223 223 224 218 196 195 195 195 198 207 206 211 221 220 220 220 218 217 216 216 217 217 216 206 178 162 140 105 100 98 102 105 100 96 92 89 86 82 80 77 75 77 
67 68 69 70 71 72 71 72 70 49 54 53 55 56 61 122 138 136 140 206 227 237 236 225 226 223 224 224 225 225 225 221 206 192 198 221 221 221 220 218 218 219 219 199 129 120 168 162 123 101 100 94 99 103 99 94 91 86 84 81 80 75 74 76 
67 68 69 70 70 71 72 73 72 62 64 52 58 50 65 123 134 144 187 207 239 242 252 249 246 197 177 184 207 218 220 198 132 111 125 212 220 220 220 219 218 220 217 149 66 88 162 149 107 99 100 96 96 100 96 92 89 84 81 80 77 73 73 76 
66 68 69 70 70 71 72 73 74 67 57 51 62 53 70 123 129 133 149 202 221 244 250 255 255 240 227 219 203 226 237 196 125 119 122 197 221 220 219 219 219 219 218 164 111 108 160 131 102 93 98 93 96 96 94 89 86 81 79 76 74 73 74 77 
66 68 69 71 71 71 73 74 73 61 56 52 54 51 82 127 131 132 132 148 206 222 245 251 255 255 252 228 221 235 240 189 120 117 116 175 223 222 220 218 218 218 219 215 160 94 106 111 99 96 100 96 94 95 90 85 81 79 76 75 72 72 76 78 
67 67 69 70 71 72 73 74 73 58 57 47 53 72 101 129 132 133 133 132 149 205 224 246 252 255 252 212 205 209 210 164 119 117 119 167 199 195 195 197 185 184 191 193 132 52 70 104 96 103 97 94 93 91 86 82 80 77 75 73 72 74 74 77 
68 68 69 70 71 72 73 74 75 71 58 51 64 136 164 174 176 174 164 159 160 181 217 227 247 251 248 239 241 241 241 218 197 198 203 183 174 148 144 136 86 115 141 138 77 19 72 101 97 102 94 91 92 89 83 81 79 76 73 73 74 73 73 73 
68 68 69 70 72 73 74 74 75 71 50 50 56 78 161 220 238 243 226 206 210 205 208 222 243 247 235 192 187 188 190 191 206 215 244 229 201 165 133 75 35 118 138 126 69 25 71 102 102 101 92 89 87 84 81 79 76 75 75 75 73 73 73 74 
69 69 70 71 72 73 74 75 77 70 49 49 49 45 55 123 205 236 244 244 235 226 227 227 231 241 246 243 223 222 231 228 208 205 223 254 255 251 186 104 40 129 128 119 66 27 76 104 102 99 89 85 83 81 78 76 75 74 75 74 73 73 74 76 
69 70 71 71 73 73 74 76 77 63 47 46 40 46 39 48 91 178 225 235 228 217 221 220 224 237 245 245 222 214 216 213 193 196 206 242 247 247 187 178 70 114 132 119 60 23 86 103 101 96 88 82 80 79 76 74 73 75 73 74 73 73 75 75 
70 70 71 72 73 74 75 76 78 63 50 47 37 42 38 35 37 58 96 92 92 106 148 212 232 232 231 221 189 194 209 215 194 201 214 218 217 217 177 137 80 112 137 118 56 33 91 101 97 93 87 80 78 77 74 74 75 74 74 75 76 75 75 77 
70 71 72 73 74 75 75 77 78 63 51 50 44 46 48 40 36 45 48 47 45 68 95 142 207 230 227 224 213 179 184 197 192 187 221 241 242 239 172 142 178 205 189 156 66 50 95 98 95 89 85 79 74 75 76 75 73 73 75 77 77 76 77 77 
71 72 74 74 75 76 76 78 75 55 50 49 48 50 44 43 61 52 47 53 68 80 97 115 170 219 232 228 216 194 192 190 182 170 187 230 232 226 140 108 162 226 184 162 94 86 98 96 90 84 81 76 74 76 76 74 73 73 75 77 77 76 76 76 
72 73 75 74 75 76 77 78 75 51 54 53 46 47 54 61 76 72 67 77 78 82 99 110 135 195 227 233 228 206 182 194 188 161 193 206 201 192 131 105 154 203 174 108 63 97 94 91 86 81 78 76 78 78 75 75 75 75 76 78 79 77 77 77 
74 74 74 74 76 77 78 78 77 55 53 56 46 56 60 60 70 72 78 83 83 88 102 110 112 127 171 186 180 177 174 178 166 122 162 218 217 197 129 101 86 76 64 56 80 96 91 85 82 78 76 78 80 77 75 76 77 77 77 79 79 78 77 76 
73 73 74 75 76 77 78 79 78 60 53 56 57 60 49 48 51 57 78 78 85 95 134 163 179 170 166 165 165 171 165 154 135 126 166 197 150 78 88 70 63 45 35 32 84 92 86 82 79 77 78 77 77 78 76 75 78 79 78 80 79 77 79 79 
73 74 75 76 76 78 79 80 80 68 52 50 55 59 48 46 41 58 80 82 87 92 99 131 183 203 203 198 200 211 184 130 133 108 152 204 113 47 71 56 50 48 53 36 85 88 82 78 77 78 77 76 73 76 77 78 80 78 78 79 80 80 80 79 
74 75 77 77 77 78 79 81 81 74 59 56 50 52 50 51 58 73 81 84 86 94 92 65 98 141 167 158 153 154 160 127 111 112 129 142 91 54 86 65 34 42 48 40 83 83 78 75 77 77 78 77 69 74 79 80 79 77 77 80 82 81 81 80 
75 76 76 77 78 79 80 81 83 83 78 59 55 62 64 63 71 73 82 81 83 94 90 59 73 91 93 85 79 75 84 82 80 73 119 173 121 87 121 92 71 54 41 41 80 79 76 76 75 77 79 78 60 72 77 78 80 78 79 81 84 82 82 81 
75 76 76 78 79 80 81 82 83 83 79 62 60 60 73 78 78 80 81 90 90 94 81 43 69 91 95 85 77 79 81 84 85 80 78 128 133 93 97 70 74 67 38 39 75 76 76 77 77 79 80 80 64 72 78 80 81 79 81 81 85 85 84 85 
76 76 77 78 79 80 82 83 84 82 73 67 55 55 80 82 74 77 83 94 91 96 93 68 67 98 103 80 81 87 84 81 79 80 79 78 83 81 91 55 71 52 32 38 72 75 76 77 79 80 79 77 69 74 79 80 79 80 82 83 86 88 85 87 
76 77 78 79 80 81 82 83 84 84 80 69 53 59 80 80 78 85 87 92 90 94 94 84 74 99 121 80 80 88 90 77 74 80 79 69 70 80 93 70 76 37 27 37 72 76 77 78 78 78 78 79 69 73 79 82 84 84 83 85 87 87 87 88 
77 77 79 79 80 81 83 84 85 85 82 71 55 52 76 86 83 81 88 92 82 93 95 99 99 99 111 72 67 73 72 67 76 82 74 78 75 84 80 75 71 29 25 37 74 77 77 77 78 81 80 77 52 68 80 85 88 86 84 87 89 87 86 88 
77 78 79 80 81 82 83 84 85 86 85 70 53 43 71 85 79 80 87 91 76 93 102 140 127 121 105 70 74 61 43 47 63 71 79 99 88 84 60 82 59 24 24 37 76 78 78 80 82 84 81 58 29 67 81 87 90 89 87 88 88 88 87 88 
78 79 80 81 82 83 84 85 86 86 87 76 58 47 64 86 83 82 84 89 87 97 98 96 79 82 91 73 75 63 45 50 76 69 73 87 80 76 57 75 52 22 21 37 78 80 81 82 83 84 66 32 24 64 81 87 90 90 87 89 91 90 88 86 
79 80 80 81 82 84 84 85 86 87 88 75 58 54 58 83 85 82 80 90 90 96 94 85 64 73 100 89 69 70 57 61 85 75 67 76 70 59 43 56 40 20 20 37 80 82 79 79 85 74 34 25 25 66 81 87 90 88 85 88 90 89 87 88 
80 80 81 82 83 84 85 86 87 87 89 82 65 58 55 70 86 83 81 88 87 92 93 86 77 80 125 91 83 69 61 59 65 52 47 66 79 56 45 39 27 20 21 39 82 80 59 72 78 41 23 25 25 65 80 85 89 86 85 87 88 90 86 86 
80 81 82 82 84 85 86 87 88 88 89 85 67 58 55 56 84 87 85 87 79 86 87 92 88 97 89 71 84 66 62 56 53 50 69 94 70 75 68 34 24 22 21 39 78 54 28 64 46 25 22 25 26 65 81 86 88 87 87 87 87 89 87 86 
81 81 82 83 84 85 86 87 89 89 90 88 68 58 51 52 67 87 87 90 84 70 66 82 98 125 118 98 72 63 58 58 57 47 58 125 93 72 71 32 22 21 22 36 47 23 22 36 23 22 22 24 26 67 84 85 88 88 87 88 88 89 88 87 
81 82 83 84 85 86 87 88 89 91 91 90 72 61 56 50 48 72 88 87 88 75 70 77 98 127 134 104 72 48 29 33 32 30 42 59 56 36 41 17 18 21 22 24 22 18 19 20 20 20 21 24 25 67 76 83 87 87 87 88 87 89 89 87 
82 83 83 84 85 86 87 88 90 91 92 92 79 63 54 43 44 50 75 67 86 90 89 89 91 83 129 123 66 49 47 48 30 32 37 37 24 25 48 44 23 22 21 21 21 20 19 19 19 20 20 22 24 66 75 80 85 87 86 86 87 89 88 87 
82 83 84 85 86 87 87 89 90 92 93 93 83 63 52 45 45 43 53 54 80 93 87 95 91 132 121 105 62 39 40 40 29 31 36 35 20 19 36 40 19 13 22 22 21 20 19 19 19 20 20 21 23 62 69 77 85 87 87 86 87 89 87 86 
83 84 85 86 87 88 89 90 91 92 92 93 88 67 56 45 41 46 46 58 87 94 90 98 90 117 97 90 73 36 40 37 26 26 30 35 20 16 31 22 14 9 21 22 21 20 20 19 19 20 21 20 22 60 71 77 84 86 87 87 86 88 87 86 
84 84 85 86 87 89 89 90 91 92 92 94 92 71 54 44 44 46 44 50 87 99 97 106 132 106 116 75 53 35 36 35 20 27 26 36 34 20 31 26 14 8 18 20 21 22 20 19 19 20 20 20 21 58 75 80 84 85 88 87 87 87 87 86 
84 85 86 87 88 89 89 90 91 90 78 92 95 76 53 44 45 50 43 39 69 103 100 97 119 112 82 61 49 41 35 37 35 36 32 38 54 47 32 27 14 10 17 17 18 21 21 20 19 19 20 20 20 56 82 83 84 85 87 87 87 87 87 84 
85 86 86 87 89 90 91 92 93 89 76 95 97 85 56 46 47 49 46 43 51 93 102 98 118 66 53 52 45 45 39 31 32 42 41 54 56 42 30 26 22 30 40 27 18 18 22 22 19 19 20 20 19 53 87 86 84 85 85 85 85 85 85 83 
85 86 87 88 89 90 91 92 93 93 91 97 97 92 65 50 48 51 50 46 43 69 103 95 101 61 55 56 54 46 31 19 20 38 42 79 79 66 58 44 26 30 45 45 29 19 18 20 19 19 19 20 19 50 88 88 86 85 85 84 84 85 84 84 
86 86 87 88 89 91 92 93 94 94 92 97 98 98 74 53 49 50 51 49 44 51 92 87 73 59 65 86 84 63 46 42 42 44 52 83 79 70 62 52 36 22 34 46 46 33 25 20 18 19 19 19 19 47 88 88 86 85 88 86 85 84 83 85 
86 87 88 88 90 91 92 93 94 95 95 98 101 101 78 53 50 50 49 43 41 44 59 52 56 63 78 105 106 102 94 90 91 78 78 86 68 52 41 33 29 23 22 39 47 48 33 22 22 19 19 18 19 43 87 89 87 85 83 83 84 83 82 86 
89 89 88 89 90 91 92 94 95 97 98 97 100 102 88 58 49 51 48 41 41 48 56 52 63 75 95 121 122 118 113 108 104 100 94 84 75 67 60 52 47 37 21 29 44 48 50 34 29 21 18 18 19 39 86 90 88 86 83 82 84 83 84 86 
89 89 89 90 91 92 93 94 95 96 98 89 91 98 92 65 52 51 50 48 49 60 80 92 89 93 104 114 116 113 110 107 102 96 87 77 74 70 61 56 54 43 20 20 34 44 48 48 35 25 18 18 18 35 83 90 88 87 83 83 82 83 83 85 
89 90 91 90 91 92 93 95 96 98 99 100 102 103 97 58 49 58 70 74 98 98 96 92 86 84 81 82 82 76 74 73 70 67 63 59 59 60 55 47 45 41 28 22 23 38 42 46 45 31 18 17 18 31 81 89 86 85 84 83 81 82 82 83 
90 91 91 91 92 93 94 95 97 99 100 101 102 103 99 67 77 87 94 109 114 112 111 108 105 103 101 99 96 96 94 93 89 86 74 68 73 74 75 66 59 43 30 23 22 25 37 40 44 42 23 16 17 28 78 87 81 76 81 82 82 83 82 83 
90 91 91 91 92 93 95 97 98 100 100 101 103 105 103 94 99 114 118 115 116 118 117 114 115 119 120 118 115 113 112 107 104 103 99 78 85 96 94 75 67 51 27 21 24 23 26 39 42 48 31 16 16 24 77 86 83 82 81 80 83 84 83 84 
90 91 92 91 92 93 95 96 99 100 100 103 104 95 97 114 113 113 117 117 117 116 116 118 121 121 120 118 114 112 111 111 109 105 82 83 97 100 103 102 73 76 38 22 20 19 16 24 39 43 42 19 16 21 76 87 83 89 82 81 82 82 82 82 


192 229 225 169 180 185 157 135 145 152 162 166 173 155 161 169 122 116 180 186 186 187 188 175 129 125 162 194 155 156 159 155 144 111 65 78 77 77 77 77 77 109 167 208 231 241 239 209 228 249 203 127 125 184 197 199 174 144 120 39 7 17 20 43 
186 199 234 212 170 185 171 94 96 109 116 144 141 129 109 120 100 59 155 187 187 187 188 186 111 85 124 197 114 107 112 110 113 104 66 79 78 77 77 76 76 113 130 98 116 143 169 184 229 244 237 221 204 197 201 174 138 107 77 27 12 14 15 59 
179 186 205 235 205 174 187 156 99 115 118 124 126 129 118 117 116 110 137 184 187 188 188 189 150 108 126 157 155 142 145 149 140 96 69 80 79 78 77 77 78 116 123 75 86 89 94 116 190 233 230 220 229 174 113 94 93 110 91 90 55 29 24 78 
194 182 188 211 236 195 176 186 182 184 185 186 187 187 186 187 188 188 188 189 189 188 190 190 184 150 122 152 183 185 185 185 160 95 76 82 73 75 78 77 79 119 103 59 71 76 66 80 187 227 219 224 183 40 56 106 155 176 168 160 133 67 60 92 
165 183 183 189 216 234 188 181 190 169 139 160 181 187 189 181 177 187 186 189 192 188 188 188 183 128 106 137 161 165 178 180 173 166 156 150 85 70 78 77 78 121 89 62 69 66 58 74 204 156 176 205 150 42 29 53 100 126 119 116 98 79 89 96 
112 141 184 187 190 221 231 184 186 183 102 90 116 123 128 140 123 132 132 138 167 186 188 188 188 171 89 97 116 126 139 150 142 155 174 162 111 99 105 97 80 120 116 87 75 69 57 86 219 206 201 193 188 157 117 85 114 81 24 61 90 91 94 96 
111 113 146 188 188 194 226 227 183 190 174 136 145 147 148 149 145 137 118 97 97 147 153 156 157 156 115 110 114 117 118 118 115 117 142 193 210 214 223 187 86 110 85 113 140 118 81 115 228 224 205 188 198 178 151 114 125 42 32 83 91 93 96 94 
112 112 115 147 185 190 196 231 221 184 194 197 198 198 198 191 159 109 57 45 42 46 48 50 50 50 50 49 49 49 48 48 47 47 72 185 239 248 248 219 151 147 86 99 110 110 116 164 227 216 199 189 194 172 132 126 90 23 67 89 92 96 97 94 
112 113 114 117 142 171 190 192 202 178 156 159 144 135 132 122 73 52 44 40 38 37 36 36 36 36 36 35 34 34 33 33 32 31 46 166 232 248 248 245 240 233 154 113 140 99 51 158 168 182 186 187 179 158 119 128 46 41 88 89 94 97 97 93 
113 114 115 116 117 130 157 138 125 125 124 117 83 74 66 64 64 59 55 52 50 49 48 48 48 48 47 47 46 46 45 44 43 42 45 144 226 248 248 248 248 248 234 155 116 107 59 180 180 180 177 182 166 139 127 95 23 65 91 93 96 98 96 89 
113 114 115 116 117 118 121 121 122 123 122 91 72 66 60 60 64 63 61 60 58 57 56 55 56 56 55 55 54 54 53 52 49 48 47 115 217 248 249 249 248 248 248 236 161 63 62 193 203 188 180 178 160 129 130 55 20 73 94 96 97 97 93 87 
113 114 115 117 117 119 120 121 122 123 116 78 74 64 67 68 68 65 63 63 62 62 61 61 61 61 60 59 59 58 57 55 54 52 51 88 201 246 251 251 249 248 248 247 192 46 107 198 196 183 182 172 148 131 106 48 30 83 96 97 98 94 91 86 
115 115 116 117 118 119 120 121 122 124 111 79 81 98 127 129 127 86 70 70 68 67 66 66 65 65 64 63 62 62 61 59 57 56 55 67 150 197 204 204 205 206 206 198 166 101 164 202 192 184 182 157 114 79 44 47 40 91 97 98 96 92 88 86 
115 116 117 118 119 120 121 122 123 124 102 71 78 155 187 189 215 181 168 168 166 165 156 139 145 145 147 140 133 120 131 110 102 103 101 98 106 131 137 136 136 135 134 126 121 110 139 201 196 139 113 101 87 64 47 29 52 94 96 96 93 91 86 83 
116 116 117 118 119 120 121 123 124 123 91 70 64 101 204 220 228 241 214 214 214 214 208 141 146 158 170 192 192 170 191 162 153 156 157 159 160 161 162 163 163 160 158 155 149 137 133 186 147 45 56 105 137 137 116 79 85 94 95 93 92 87 83 80 
116 117 118 118 119 120 122 123 124 120 83 71 65 64 111 212 218 234 235 214 216 215 216 191 170 175 175 177 191 197 194 160 159 164 166 168 171 173 174 176 176 175 172 167 162 155 133 147 145 145 114 98 100 98 98 94 95 95 93 92 90 85 80 79 
117 117 118 119 120 121 122 124 125 111 72 68 65 60 61 134 222 217 239 229 215 216 215 215 215 215 205 196 211 214 205 162 162 167 168 171 173 175 176 177 177 176 174 170 166 160 135 136 143 139 111 95 93 95 99 97 96 93 92 91 87 82 79 78 
117 117 119 119 120 121 123 124 126 110 71 64 62 62 54 108 182 225 218 242 223 215 215 215 215 203 201 200 201 201 195 161 163 168 169 171 172 173 174 174 174 174 173 171 168 161 139 140 145 127 96 93 92 94 99 99 95 92 90 87 83 78 77 76 
117 118 119 120 121 122 124 125 126 110 72 65 63 58 54 116 152 189 224 223 242 219 215 215 217 176 134 128 126 127 147 169 174 181 183 183 184 183 181 181 180 180 179 177 176 170 144 140 142 110 93 92 94 96 97 96 92 90 88 84 80 78 76 74 
118 118 119 120 122 123 125 126 125 93 70 67 62 60 61 127 150 155 191 223 227 238 216 215 216 211 189 189 189 188 190 198 197 202 211 211 211 211 208 207 206 207 207 206 204 194 150 146 131 95 91 90 95 97 95 94 91 88 85 81 79 76 74 73 
118 119 120 121 122 123 125 126 122 77 70 65 64 66 72 132 148 145 143 202 226 237 233 219 219 216 217 216 218 217 217 213 198 185 189 211 211 211 210 209 208 209 209 189 125 111 143 154 114 91 91 85 92 96 94 92 90 85 83 80 79 74 72 72 
118 119 120 121 123 124 125 127 124 96 77 61 65 60 75 133 145 153 188 205 239 242 252 249 245 196 178 185 206 217 219 195 127 108 119 203 211 211 211 209 209 209 206 142 66 77 145 142 98 90 92 88 90 95 92 90 88 83 80 79 76 72 71 72 
119 119 120 121 123 125 126 127 128 110 71 59 67 66 81 133 140 144 158 203 220 244 250 255 255 240 227 219 203 226 238 195 119 112 115 187 211 211 209 208 209 209 207 156 106 93 150 123 94 84 90 86 90 92 90 87 85 80 78 75 72 72 72 73 
119 120 121 122 124 125 127 127 126 103 71 60 63 65 92 137 142 143 144 157 208 222 245 251 255 255 252 227 221 235 240 187 114 111 110 166 213 213 211 209 209 209 209 205 146 82 102 102 91 89 93 90 89 91 88 84 80 77 75 74 71 71 74 74 
120 120 122 123 124 126 127 128 125 93 71 56 64 80 109 140 143 144 144 143 159 207 223 246 252 255 251 211 206 210 211 161 114 111 113 160 192 185 187 189 177 170 174 182 116 45 67 95 89 96 92 90 88 89 85 80 78 75 73 71 70 72 73 73 
121 121 122 123 125 126 127 128 130 121 73 59 70 138 168 177 178 178 169 165 167 184 217 226 245 249 248 239 241 241 241 216 195 196 200 179 166 139 136 132 82 97 116 130 71 17 67 93 92 97 90 87 88 86 82 79 77 74 71 71 72 72 72 72 
121 121 122 123 125 126 128 129 130 117 64 58 63 84 162 217 231 233 221 204 208 203 206 219 233 235 229 190 186 186 188 189 206 216 244 228 197 163 130 76 37 116 134 121 65 24 65 95 97 96 89 86 86 82 79 77 74 73 73 73 71 71 71 73 
122 122 123 124 126 127 129 129 131 111 60 58 57 57 69 130 204 229 234 234 227 219 220 220 222 230 234 232 215 213 221 219 206 205 223 254 255 251 185 106 43 128 125 113 61 25 70 98 97 94 87 84 81 79 76 74 73 72 73 72 71 71 72 74 
122 123 124 124 126 128 129 130 131 98 58 55 52 60 57 64 101 180 221 226 221 213 216 215 219 230 234 234 218 209 210 208 192 196 206 242 247 246 186 181 72 109 126 113 55 23 81 98 96 92 86 81 78 77 74 72 71 73 71 72 71 71 73 73 
123 123 124 126 127 128 129 130 132 94 59 55 50 57 56 51 53 71 107 101 101 116 149 208 230 240 244 235 205 207 220 224 194 193 207 211 211 209 177 139 81 79 123 114 52 33 87 95 93 90 84 79 76 75 72 72 73 72 72 73 74 73 73 75 
123 124 125 126 128 129 130 131 132 92 58 59 57 57 61 57 53 59 63 61 60 84 98 135 208 234 244 247 238 208 212 224 196 162 203 227 228 225 181 156 179 180 183 156 66 48 91 94 91 87 83 77 72 73 74 74 71 71 73 75 75 74 75 76 
124 124 126 127 129 130 130 132 126 76 58 58 60 60 56 56 71 67 63 65 78 93 99 108 170 221 239 247 238 220 218 215 184 144 165 214 216 211 146 119 166 226 185 162 92 83 94 93 89 82 79 74 72 74 74 72 71 71 73 75 75 74 74 75 
125 125 127 128 129 130 131 133 123 66 59 60 55 58 65 71 81 85 81 88 91 96 99 102 134 197 230 246 245 226 204 216 204 182 200 209 205 195 137 110 157 203 174 108 61 95 93 89 84 79 76 74 76 76 73 73 73 73 74 76 77 75 75 75 
125 126 127 128 130 131 132 133 126 70 59 62 55 62 67 72 81 86 92 93 96 99 98 100 106 122 168 187 188 187 187 190 190 183 206 240 239 217 141 111 94 79 65 57 80 94 89 83 80 76 74 76 78 75 73 74 75 75 75 77 77 76 75 75 
125 126 127 129 130 131 132 134 127 76 60 61 63 66 61 63 69 77 93 90 97 104 124 144 161 153 150 151 151 159 154 142 134 153 202 225 173 90 95 74 67 48 37 36 84 90 84 80 77 75 76 75 75 76 74 73 76 77 76 78 77 76 77 77 
126 127 128 130 130 132 133 134 133 98 62 58 60 67 60 62 60 73 95 96 100 103 104 124 162 179 182 176 178 189 166 118 117 103 174 225 127 60 78 61 53 47 54 42 85 87 81 78 76 76 75 74 71 74 75 76 78 76 76 77 78 78 78 77 
127 127 128 130 131 132 133 135 135 112 75 64 59 64 67 67 72 84 95 99 100 104 102 78 102 123 145 139 134 135 144 118 99 106 129 144 99 65 92 67 33 42 49 44 83 83 78 75 76 75 76 75 68 72 77 78 77 76 75 78 80 79 79 78 
128 129 130 131 132 133 134 135 137 136 106 74 67 72 77 76 80 84 96 96 97 105 101 74 85 90 78 69 67 65 75 75 75 71 111 154 118 90 116 91 71 54 45 46 79 79 76 76 75 76 77 76 60 71 77 77 78 77 77 79 82 80 80 79 
129 130 130 132 133 134 135 136 137 138 109 72 68 69 83 88 85 92 94 100 102 107 92 60 85 97 85 73 66 67 71 77 79 78 75 111 129 104 106 74 74 67 43 44 75 76 76 75 75 77 78 78 64 71 76 78 79 77 79 80 84 83 83 83 
130 130 131 132 133 134 136 137 138 136 106 77 65 65 87 92 84 89 96 103 104 108 104 81 83 101 97 72 72 76 72 71 71 74 75 86 100 94 93 63 73 56 37 43 72 75 75 76 77 78 78 77 68 73 77 78 78 78 80 82 85 85 83 83 
130 131 132 133 134 135 136 137 139 139 121 81 67 68 88 90 88 97 101 104 105 107 107 90 79 102 118 76 69 80 80 68 60 70 72 79 79 91 99 73 78 43 33 41 72 76 77 78 78 78 77 77 68 73 77 80 83 83 82 84 85 84 84 85 
131 131 133 133 134 135 137 138 139 141 129 87 72 66 86 93 90 91 101 104 98 108 107 76 67 81 106 76 63 71 71 60 51 57 60 88 77 84 82 75 74 35 31 41 74 77 77 77 78 80 79 77 53 69 79 83 87 85 83 85 85 85 85 87 
131 132 133 134 135 136 137 138 140 141 134 90 71 62 83 92 87 90 98 101 93 110 109 102 87 84 96 76 76 67 54 48 47 53 72 108 92 75 57 82 63 31 29 41 76 78 78 79 80 82 80 59 32 67 79 85 89 88 86 87 87 86 86 87 
132 133 134 135 136 137 138 139 140 142 141 101 74 65 77 96 92 90 95 101 104 112 110 96 72 73 92 80 79 71 55 58 77 59 82 101 85 77 59 75 56 28 27 41 78 80 80 81 81 82 66 35 28 65 80 85 89 88 86 88 88 87 85 84 
133 134 134 135 136 138 138 140 141 143 143 107 73 68 70 95 95 90 90 100 104 110 107 99 77 82 103 94 69 79 69 71 85 62 74 92 80 62 45 58 46 27 26 41 80 80 78 78 83 73 37 29 28 66 80 85 89 87 84 87 88 87 85 85 
134 134 135 136 137 138 139 140 142 143 144 117 76 70 67 82 97 93 92 98 101 107 107 101 90 96 130 100 96 86 74 70 72 52 53 78 87 60 47 44 34 28 27 42 81 78 59 71 77 43 26 27 28 65 78 83 87 85 84 86 87 87 83 84 
134 135 136 136 138 139 140 141 142 144 145 130 81 70 67 71 96 98 97 98 94 101 99 104 100 123 107 86 97 82 75 66 61 56 76 99 73 76 69 40 31 28 27 43 78 55 31 64 47 28 26 27 28 65 80 84 87 86 86 86 86 87 86 85 
135 135 136 137 138 139 140 142 144 144 146 138 84 70 66 68 81 100 100 100 96 82 78 93 106 128 123 104 78 75 71 70 68 56 66 127 95 73 73 38 29 27 26 39 47 25 25 38 26 26 25 26 28 67 82 84 87 87 86 87 87 88 87 86 
135 136 137 138 139 140 142 143 144 146 147 143 93 72 70 67 67 87 101 98 99 85 81 88 111 124 132 105 71 61 45 49 42 41 47 63 61 45 49 21 22 25 25 27 25 21 21 22 24 24 25 26 28 67 76 82 86 86 86 87 86 87 88 86 
136 137 137 138 139 141 142 144 145 146 148 148 109 74 69 62 64 68 89 82 99 102 101 98 108 94 128 121 70 60 59 59 40 41 39 45 31 31 43 32 21 23 25 25 24 22 22 22 23 24 24 25 27 66 74 79 84 86 85 85 86 88 87 86 
136 137 138 139 140 142 143 145 146 147 148 149 123 77 69 64 64 63 71 72 95 106 97 107 104 135 124 110 74 47 47 49 39 41 44 47 24 22 24 28 15 13 24 25 23 23 23 22 22 23 24 25 26 61 68 76 84 86 86 85 86 88 86 85 
137 138 139 140 141 143 144 145 146 147 149 150 136 85 74 66 61 68 66 74 102 108 101 108 93 120 103 97 85 42 48 47 36 36 39 47 25 26 23 14 9 9 22 25 24 24 23 22 21 23 23 24 26 61 70 76 83 85 86 86 85 87 86 85 
138 138 139 140 142 144 145 145 146 147 143 148 145 93 73 64 64 68 63 67 101 111 108 112 123 114 122 80 63 39 45 45 29 36 35 41 27 27 24 15 8 8 19 23 24 25 23 22 21 23 24 24 25 60 74 79 83 84 87 86 86 86 86 85 
138 139 140 142 143 144 145 146 147 143 102 136 151 107 72 64 65 72 64 58 84 112 110 104 108 121 88 66 55 45 43 45 42 45 41 43 52 47 28 19 12 10 18 21 22 24 24 23 22 22 24 24 24 58 82 82 82 83 86 86 86 86 86 83 
139 140 140 142 144 145 146 147 148 140 107 148 152 123 76 68 67 72 67 61 68 102 112 108 110 82 55 59 50 50 46 37 38 51 48 60 63 44 30 24 23 33 40 29 21 21 23 23 22 22 23 24 24 55 86 85 83 84 84 84 84 84 84 82 
139 140 141 143 144 145 146 147 149 145 137 152 152 139 86 71 68 71 70 64 62 82 112 106 102 62 59 57 56 53 40 27 29 47 51 85 76 50 44 36 24 33 47 44 30 22 20 22 22 23 23 23 24 52 87 87 85 84 84 83 83 84 83 83 
140 140 142 143 144 146 147 148 149 149 142 152 153 150 98 73 68 68 69 67 64 70 102 100 85 58 71 85 86 74 60 55 54 56 63 88 79 67 59 51 37 25 37 47 45 32 27 22 21 22 22 23 24 49 87 87 85 84 86 85 84 83 82 84 
140 141 143 143 145 146 147 148 149 150 143 148 154 154 109 75 71 70 68 63 62 65 76 69 62 58 76 104 105 91 75 73 80 70 71 88 74 55 45 38 33 26 24 41 48 44 31 24 24 22 22 22 23 45 85 88 86 84 82 82 83 82 81 85 
141 142 143 144 145 146 147 149 150 151 149 137 151 156 125 77 69 71 67 61 61 68 73 69 63 61 75 111 92 79 76 73 70 71 82 79 72 60 52 45 42 35 22 29 46 48 43 30 29 24 22 22 22 41 85 89 87 85 82 81 83 82 83 85 
141 142 143 144 146 147 148 149 150 151 152 125 124 137 123 80 68 67 66 64 65 75 91 100 89 87 89 97 86 80 77 73 68 66 82 71 67 51 38 35 35 30 20 21 35 44 46 42 32 27 21 21 22 38 83 89 87 86 82 81 81 82 82 84 
141 142 143 145 146 147 148 149 150 152 153 151 152 152 142 81 68 74 79 82 102 100 97 94 87 85 82 82 82 77 75 74 70 66 63 56 56 50 44 37 34 35 28 22 22 37 43 45 39 28 21 20 21 34 80 88 85 83 82 81 79 80 80 82 
142 143 144 146 147 148 148 150 151 152 153 154 155 156 148 89 84 81 81 100 105 103 102 100 98 96 94 93 92 92 90 89 86 84 72 53 52 52 53 45 39 33 29 23 20 23 39 42 42 35 23 19 21 31 78 86 80 74 80 80 81 81 80 82 
142 143 144 146 147 148 148 149 151 153 154 154 155 147 121 86 80 92 103 101 104 106 106 104 104 101 99 95 90 88 91 96 95 94 90 57 65 81 84 58 40 37 26 20 22 20 25 39 41 41 27 19 19 28 77 85 81 80 80 78 81 82 81 82 
142 143 144 146 147 148 149 150 151 153 154 149 125 90 80 98 103 102 105 106 104 103 102 100 97 96 92 88 83 80 86 92 91 90 74 57 86 100 97 91 65 68 33 18 16 15 14 20 29 38 35 20 18 24 76 85 81 87 80 81 80 81 81 80 


190 229 224 172 186 190 158 136 154 158 166 172 177 157 163 170 119 114 185 191 191 192 192 178 130 138 172 198 159 160 163 158 147 116 58 63 62 60 60 59 59 101 178 215 236 245 243 214 231 250 212 140 133 186 200 200 175 146 121 41 7 15 18 39 
182 197 234 213 173 189 173 91 105 119 125 149 146 128 106 116 96 58 157 191 192 192 192 189 111 94 133 200 123 117 122 120 121 108 57 62 62 60 60 59 58 108 145 119 134 157 178 190 232 247 241 224 208 200 203 175 138 106 78 28 13 13 14 54 
174 181 202 234 205 177 192 158 103 122 126 131 132 134 125 125 124 119 145 189 192 193 193 194 153 115 132 162 164 152 155 157 148 100 59 63 63 62 60 59 60 115 141 102 111 117 120 135 197 239 234 223 231 173 112 95 98 117 99 97 61 32 24 74 
193 177 183 208 235 196 181 192 189 191 191 191 192 192 192 193 194 193 193 194 193 193 194 194 188 155 128 158 187 189 189 188 164 100 71 74 63 59 61 61 62 121 125 92 101 114 100 103 196 231 223 226 185 40 57 106 159 181 174 165 137 71 58 87 
193 188 179 185 213 233 190 186 195 170 138 163 180 185 188 177 171 179 178 185 195 192 192 192 188 131 106 137 159 163 176 181 175 170 160 155 88 57 61 61 62 125 115 95 103 109 95 95 212 164 180 209 158 45 30 53 99 125 120 115 95 75 86 93 
178 185 189 182 187 219 230 187 190 186 98 89 114 120 123 134 114 122 122 130 166 189 190 191 191 172 87 96 115 125 138 148 141 154 175 166 116 93 97 86 64 124 140 118 111 107 93 103 225 214 205 197 193 163 122 88 114 80 23 54 83 86 91 92 
178 179 189 192 184 190 224 226 186 195 177 142 151 153 155 155 151 143 125 106 107 153 158 161 161 160 119 117 122 124 126 124 121 124 147 194 213 209 215 177 72 115 115 139 164 147 110 128 233 228 209 192 202 181 154 115 127 41 29 74 85 89 93 92 
179 179 180 188 189 187 192 228 221 187 198 200 201 201 202 195 161 116 72 62 60 62 63 65 66 65 64 63 64 64 63 63 62 61 83 185 236 247 246 215 138 146 116 129 136 137 131 175 232 220 203 193 198 176 134 126 90 22 59 82 88 93 95 92 
179 180 181 181 188 187 188 196 219 199 188 191 155 137 133 122 76 59 52 49 48 47 46 46 47 46 45 44 45 44 43 43 42 42 54 168 229 246 246 243 236 231 171 143 167 133 71 169 174 185 191 191 183 162 120 126 45 37 79 84 90 95 95 91 
179 180 181 182 183 185 184 185 186 188 187 173 100 78 73 70 69 65 61 59 57 56 55 54 55 55 54 54 54 53 52 51 50 49 51 146 223 246 246 246 246 246 235 174 145 136 80 190 188 185 182 187 170 143 127 94 22 58 84 89 92 96 94 87 
180 181 181 182 183 183 185 185 187 188 184 126 81 76 71 68 69 69 66 64 62 62 61 61 62 62 62 60 60 59 59 57 55 54 53 117 215 246 248 247 246 246 246 237 174 77 74 199 208 193 185 183 165 131 128 53 18 66 89 93 94 95 91 85 
180 181 182 183 183 184 185 186 187 188 171 94 80 75 79 73 71 69 69 68 66 66 65 65 67 67 65 64 63 62 63 61 60 58 57 91 200 243 250 250 247 246 246 245 195 64 118 205 200 187 187 177 152 129 102 45 27 77 92 95 96 92 89 85 
181 181 182 183 184 184 185 186 187 188 159 88 77 71 127 132 134 88 73 73 71 70 69 69 70 69 67 67 67 67 66 63 61 61 59 70 151 196 204 204 203 204 205 194 167 112 171 208 196 188 187 162 117 77 42 44 37 85 95 96 94 90 86 84 
181 182 183 184 184 185 186 187 188 187 138 79 78 118 178 189 216 156 125 125 123 122 120 108 120 121 123 114 107 93 110 108 107 108 106 104 113 138 143 142 141 140 139 131 126 115 144 207 199 140 114 103 92 68 49 29 49 90 94 94 91 89 84 81 
182 182 183 184 185 185 186 187 188 183 114 79 74 95 171 211 226 230 159 146 147 147 155 109 126 140 153 177 180 156 183 162 156 159 159 160 161 163 164 165 164 162 159 155 148 137 131 189 152 47 57 106 138 138 115 77 82 92 94 91 90 85 82 78 
182 183 184 184 185 185 187 187 188 178 101 78 75 75 100 182 212 232 215 152 149 149 152 138 118 119 123 132 144 149 150 153 160 165 167 169 171 173 174 174 175 173 170 165 160 153 121 131 139 149 117 100 98 94 93 90 92 93 91 90 88 85 81 78 
183 183 184 185 186 186 187 188 189 160 86 76 74 72 74 120 197 212 237 198 149 149 151 151 153 152 152 141 144 145 144 153 162 167 169 171 173 175 176 176 176 175 173 169 164 158 121 110 128 131 106 91 89 92 95 94 94 91 90 89 85 80 78 76 
183 183 185 185 186 186 187 189 189 155 83 74 74 73 71 122 165 201 214 237 180 148 150 151 153 144 146 143 141 139 142 155 164 169 170 171 173 174 174 174 173 172 171 169 166 159 123 115 133 118 91 90 89 92 96 96 94 90 88 85 81 78 76 74 
183 184 185 186 186 187 188 189 190 154 81 75 76 73 72 129 162 169 205 220 233 166 149 151 156 138 109 103 101 99 119 145 151 158 162 164 164 163 160 161 160 160 160 158 156 151 123 120 132 103 88 87 90 94 95 94 90 88 86 82 78 77 74 72 
184 184 185 186 187 188 189 190 187 127 78 75 75 71 77 141 165 164 168 208 225 220 157 151 153 153 130 129 129 128 127 132 129 130 141 140 140 140 138 135 134 134 134 132 129 128 115 131 123 90 87 86 92 95 93 92 89 86 83 79 77 74 72 72 
184 185 186 187 187 188 189 190 180 102 82 75 76 74 82 146 163 157 142 175 219 234 206 162 161 159 158 157 158 157 155 149 126 110 118 136 137 138 136 132 130 130 129 113 70 72 113 143 107 85 87 80 89 93 92 90 88 83 81 78 77 72 70 71 
186 186 186 187 187 188 189 191 184 131 94 76 77 73 88 149 161 167 191 199 236 242 250 239 234 180 163 170 192 203 205 159 40 27 53 129 137 136 135 132 132 130 125 78 30 50 124 132 91 83 86 81 88 92 90 89 86 81 78 77 74 70 70 72 
187 186 186 187 188 189 190 191 191 160 92 76 77 75 93 150 158 162 171 206 219 244 250 255 255 239 226 218 203 226 237 163 26 20 29 111 139 135 132 129 128 128 125 86 54 63 135 113 86 79 85 80 87 89 89 86 83 79 76 74 72 71 71 72 
187 187 187 188 189 189 191 192 189 149 91 76 75 74 105 155 160 161 161 171 211 221 244 251 255 255 251 225 220 234 239 151 28 24 25 89 142 139 135 130 130 130 127 121 88 55 93 94 84 84 89 85 86 88 86 82 79 78 74 72 70 70 73 73 
188 187 188 189 189 190 191 192 184 129 88 75 78 92 126 158 160 161 161 160 172 209 222 246 252 255 251 209 205 208 209 121 34 32 34 96 143 135 134 135 116 107 108 121 76 31 60 88 84 93 89 87 86 88 84 80 78 76 74 72 71 71 71 72 
189 189 189 189 190 190 191 192 193 176 93 76 85 148 176 185 186 186 180 176 177 189 216 225 243 248 248 239 241 241 241 204 170 169 172 155 147 120 117 110 64 80 101 119 63 15 59 87 87 94 88 86 87 85 80 79 78 75 72 72 73 71 70 70 
189 188 188 189 190 190 192 193 194 170 86 76 77 95 165 215 225 228 219 206 211 206 208 218 228 229 226 190 189 190 190 191 205 215 244 227 195 166 128 75 44 113 131 118 61 20 59 90 93 93 88 85 84 83 80 78 75 74 74 74 72 72 72 72 
189 189 189 190 191 191 192 193 194 158 80 75 75 74 79 133 204 225 227 227 222 217 218 216 218 224 226 226 211 209 216 214 205 205 223 254 254 252 185 108 51 121 121 112 60 22 66 95 95 92 86 82 81 80 77 75 74 73 75 73 72 72 73 74 
188 189 190 190 191 192 193 194 194 141 77 74 72 72 70 72 104 181 218 220 217 212 216 213 217 226 226 228 214 207 209 207 191 196 206 242 247 246 186 180 80 111 128 114 54 20 77 95 94 91 84 80 78 78 75 73 72 74 72 72 72 72 74 74 
189 189 190 191 191 192 193 194 195 134 78 74 71 71 69 68 69 82 114 109 107 113 140 204 229 241 246 237 211 212 224 226 193 186 203 207 206 205 180 143 90 75 128 117 53 31 84 94 92 89 83 79 77 76 75 73 74 73 73 74 75 74 74 76 
189 190 191 191 191 193 194 195 193 129 77 75 72 73 71 68 68 71 72 72 72 77 85 126 209 236 248 253 245 218 221 231 192 144 191 218 218 217 196 173 184 174 184 158 67 47 90 93 90 85 82 78 74 74 75 74 72 72 74 76 76 75 76 77 
190 190 191 192 192 194 194 196 185 108 76 74 74 75 71 70 76 72 71 73 77 80 85 97 171 221 239 248 238 222 222 219 178 127 150 204 206 203 156 131 172 227 185 161 91 82 93 92 87 82 81 77 73 75 75 73 72 72 74 76 76 75 76 76 
191 191 192 192 193 194 195 195 178 92 76 77 74 73 73 75 81 78 77 81 79 81 86 90 111 183 227 239 237 216 195 207 199 187 201 210 206 197 145 109 161 205 175 108 60 94 92 89 84 81 79 77 77 77 74 74 74 74 75 77 78 77 78 77 
191 191 192 192 194 195 196 196 183 96 76 77 74 76 76 76 77 77 82 85 83 84 84 87 87 102 159 179 176 174 171 175 185 206 225 251 250 226 147 116 110 89 70 61 81 95 90 85 83 79 77 78 78 76 75 75 76 76 76 78 78 78 78 77 
191 192 193 193 194 195 196 197 184 102 78 77 78 78 73 73 72 74 82 85 84 87 108 125 141 134 132 131 131 138 131 119 117 152 205 228 179 97 102 81 76 57 43 43 86 92 85 83 80 78 79 76 76 77 76 75 77 78 77 79 79 77 78 78 
192 192 193 194 194 196 197 197 194 137 82 76 77 76 72 72 70 76 82 84 84 86 92 114 142 158 160 155 157 168 154 115 100 81 152 212 126 62 89 68 54 46 57 53 87 88 82 80 78 79 78 77 74 76 76 77 79 77 77 78 79 79 79 78 
193 193 193 194 195 196 196 197 196 159 98 77 75 75 72 71 75 80 82 84 84 86 85 76 92 108 129 121 118 119 125 115 93 83 105 123 97 67 104 74 35 41 54 57 86 84 80 77 79 78 78 78 71 74 78 79 78 78 76 79 81 80 80 79 
193 193 194 195 196 197 198 197 198 194 132 81 78 80 77 77 80 81 84 84 84 87 85 74 77 83 71 59 60 58 57 49 48 45 81 132 116 94 119 93 71 55 55 57 82 81 78 78 77 78 79 79 63 72 79 79 78 78 78 80 83 81 81 80 
193 194 194 196 197 197 197 197 198 197 141 83 80 80 82 83 83 84 86 88 87 87 82 68 75 82 69 62 60 57 56 53 51 48 46 85 118 108 113 77 74 71 54 55 78 78 78 78 78 80 80 80 68 73 79 80 80 78 79 80 82 82 81 82 
194 194 195 196 196 197 198 198 198 194 140 86 77 78 85 85 83 85 88 90 87 88 86 76 73 100 99 68 67 65 60 62 59 48 44 51 83 110 107 70 73 65 50 55 76 78 78 78 80 81 80 80 72 75 78 79 78 79 79 80 83 84 81 82 
194 195 196 197 197 197 198 198 198 197 162 90 77 80 86 85 86 87 89 90 87 87 87 82 78 108 123 76 66 71 63 62 55 58 59 51 72 103 109 76 81 55 47 53 76 79 79 80 79 79 79 80 71 74 78 81 83 82 80 82 83 83 82 84 
195 195 197 197 197 197 198 198 199 200 177 97 81 79 85 89 88 88 89 90 86 87 88 95 95 102 111 81 69 76 64 57 60 67 63 70 85 92 86 76 80 49 46 52 77 79 79 79 80 82 81 79 58 71 80 82 85 83 81 83 84 83 83 85 
195 196 197 196 197 198 198 199 199 200 185 104 83 77 86 90 89 87 89 90 84 88 93 122 113 107 105 83 79 64 45 42 53 60 67 110 96 76 62 83 71 44 44 51 78 80 80 81 83 85 82 65 42 70 80 85 87 86 84 85 85 85 84 85 
196 197 197 197 198 199 198 199 200 201 196 120 85 79 84 90 90 88 89 89 86 88 89 91 85 86 99 87 82 55 39 50 91 76 65 89 91 80 65 79 65 42 41 52 80 82 82 83 83 84 70 45 38 67 81 84 87 87 85 86 86 85 84 83 
197 197 198 197 198 198 198 199 201 200 199 132 86 83 84 89 91 90 89 91 88 89 88 82 74 82 110 100 76 76 47 60 102 83 58 61 80 68 48 64 57 41 40 51 82 83 80 80 84 76 46 40 38 69 81 84 87 85 82 85 87 85 84 84 
196 197 197 198 198 198 199 200 201 201 201 150 89 86 85 87 91 90 88 90 87 88 88 84 86 114 137 102 78 74 51 50 58 49 47 66 94 71 52 56 48 41 39 51 83 81 64 75 80 52 38 39 39 68 79 84 86 83 82 84 85 85 82 83 
196 197 198 198 198 199 200 201 202 201 202 172 95 86 86 85 91 91 89 90 85 87 86 85 90 144 127 88 82 77 53 49 46 43 74 110 82 84 75 53 45 41 39 52 80 61 41 69 55 40 38 39 39 69 81 83 85 84 84 84 84 85 84 83 
197 197 198 197 198 199 200 200 201 201 203 186 102 86 84 85 88 92 90 91 87 81 80 85 94 128 135 113 79 83 62 56 54 52 75 135 100 81 79 50 41 40 38 48 55 36 36 47 37 38 37 38 39 69 83 83 85 85 84 85 85 86 85 84 
197 198 198 198 199 200 200 200 201 203 204 196 115 88 85 85 84 88 91 90 88 84 82 84 90 116 134 111 79 74 57 56 48 50 58 73 74 64 66 31 31 36 36 38 36 31 32 34 35 36 36 38 39 69 79 82 84 84 84 85 84 85 86 84 
198 198 199 198 199 201 201 201 202 203 204 203 137 89 86 83 83 84 88 86 89 89 88 88 84 88 127 115 72 67 59 61 46 51 52 60 43 47 51 35 24 27 32 36 35 33 33 33 34 35 35 36 38 69 78 80 83 84 83 83 84 86 85 84 
198 198 198 199 200 201 201 202 203 204 204 205 160 92 86 84 84 84 84 83 88 90 84 89 88 132 122 101 65 49 52 56 48 51 60 68 36 35 34 31 17 14 29 36 34 32 33 33 34 35 35 36 37 66 73 77 82 84 84 83 84 86 84 83 
198 198 199 200 200 200 201 202 203 204 205 205 181 100 86 85 83 84 83 83 90 91 89 92 93 128 113 92 65 47 53 54 44 46 53 68 39 41 36 18 11 11 27 34 34 33 32 32 33 34 35 35 37 65 74 78 83 83 84 84 83 85 84 83 
198 198 199 200 200 201 202 202 203 203 196 203 195 113 87 84 83 84 83 84 92 94 95 97 118 129 133 83 61 49 51 51 36 46 50 54 36 42 38 20 11 10 25 32 34 32 32 32 33 34 35 35 36 65 79 79 82 83 85 84 84 84 84 83 
198 199 200 199 200 201 202 203 204 195 129 182 203 133 86 85 85 85 83 82 89 97 96 93 106 134 101 70 62 53 50 52 49 54 53 53 58 55 38 25 14 12 21 29 32 31 32 32 33 34 35 35 35 63 84 81 81 83 84 84 84 84 84 81 
199 200 200 199 201 202 203 204 204 189 141 199 206 157 89 84 85 85 85 84 86 97 97 94 105 93 62 65 57 56 52 43 46 62 58 67 72 52 37 28 29 40 42 33 29 28 31 31 31 33 34 35 35 60 86 84 81 82 82 82 82 82 82 80 
199 200 201 200 201 202 203 204 205 197 185 205 206 181 98 87 86 86 86 85 86 94 99 95 99 68 64 63 59 58 47 33 35 57 63 97 82 51 45 38 28 41 54 44 33 29 27 29 30 33 34 35 35 57 87 85 83 82 83 81 81 82 81 81 
200 201 200 200 201 203 204 204 205 202 192 206 207 197 116 88 88 88 88 88 87 88 99 92 85 62 76 87 89 86 76 68 67 73 80 100 83 69 63 56 43 33 45 53 45 35 35 31 29 31 33 34 35 55 86 85 83 82 85 84 82 82 81 82 
200 200 200 200 202 203 204 205 205 205 192 201 207 205 133 89 89 89 89 86 86 87 89 83 71 60 79 105 105 90 73 72 81 74 75 99 83 59 48 43 39 34 31 47 54 45 34 30 31 31 33 33 34 52 86 87 84 82 81 81 81 81 80 83 
199 200 200 201 202 203 204 205 206 205 201 179 202 208 156 92 89 89 89 85 86 88 88 85 71 62 70 107 84 68 66 64 62 65 85 79 73 57 48 43 42 37 26 35 54 53 43 32 36 31 32 33 33 49 86 88 85 83 81 79 81 80 81 83 
199 200 200 202 203 203 204 205 206 205 205 159 158 178 154 94 85 85 85 85 84 89 99 103 90 84 82 90 74 70 67 64 60 60 88 68 64 41 29 27 28 25 22 26 41 52 52 42 34 34 31 32 33 46 84 87 85 84 82 81 80 80 80 82 
199 200 201 202 203 204 204 206 206 206 206 202 200 199 183 101 85 88 86 92 104 100 96 92 85 83 81 78 75 76 74 73 68 65 67 56 55 46 39 35 31 33 30 26 26 44 52 52 41 32 30 31 32 43 81 87 84 84 83 82 80 81 80 80 
200 201 202 203 204 204 205 206 207 206 207 208 208 207 195 109 91 76 70 94 98 96 96 94 91 90 89 88 87 87 85 85 81 82 75 47 41 38 43 35 28 28 29 24 23 29 45 51 49 36 30 30 32 40 79 85 79 77 81 81 80 81 80 81 
201 201 202 203 204 205 205 206 207 207 207 208 206 188 140 81 64 75 91 92 97 100 100 99 99 91 86 80 73 70 76 87 88 89 84 46 63 91 100 63 33 33 24 19 22 23 29 47 50 43 30 28 30 37 78 85 81 80 81 80 82 83 82 82 
201 201 202 203 204 205 205 206 207 207 207 197 148 89 67 86 94 94 99 98 98 96 93 89 83 80 74 68 62 59 69 80 81 84 76 53 108 133 121 110 81 81 38 18 16 16 15 21 31 41 36 28 29 34 79 86 82 86 81 81 81 82 81 81 