


142 148 156 153 150 150 150 157 170 181 186 189 191 192 191 190 188 189 183 179 168 153 152 151 148 144 144 141 135 138 133 127 94 147 182 209 184 158 152 149 146 145 145 143 142 141 139 138 137 140 153 152 138 131 129 126 125 124 121 122 124 120 113 108 
142 150 155 154 151 150 150 159 173 184 189 191 194 195 192 193 192 191 185 179 169 155 152 151 150 144 144 141 135 136 132 107 123 163 197 210 177 156 152 151 148 147 146 145 143 142 140 139 138 142 156 154 140 132 130 128 127 124 123 122 125 123 116 111 
142 151 155 155 153 151 151 161 175 185 191 193 195 197 194 194 192 192 187 181 168 156 154 151 151 146 142 141 139 135 126 106 155 170 204 197 168 157 154 152 150 149 147 146 145 143 141 140 140 143 157 155 143 133 130 129 127 125 124 124 126 126 119 114 
144 150 155 157 154 152 153 164 176 185 193 196 197 198 197 196 194 193 187 180 169 158 156 151 149 146 143 139 136 135 109 141 163 183 209 185 165 158 156 153 151 150 148 147 146 144 143 141 140 142 152 152 143 134 131 130 127 126 124 124 126 128 122 117 
144 150 156 157 154 151 153 164 177 187 194 198 200 201 199 196 195 193 189 181 169 157 153 152 149 145 144 140 136 122 122 162 172 213 230 189 165 159 156 154 152 151 150 148 146 145 144 142 141 142 149 152 144 136 132 130 129 127 126 125 126 129 124 119 
143 150 156 159 154 152 156 167 179 189 195 200 202 202 199 198 196 193 189 180 169 155 149 149 149 143 143 139 133 113 154 166 185 237 241 193 165 159 156 155 153 152 151 149 147 146 145 144 143 143 155 158 148 139 134 132 130 129 128 126 125 129 126 121 
142 149 154 159 155 153 157 168 181 190 196 201 204 202 200 199 196 195 191 181 168 155 148 149 148 141 141 137 120 136 166 170 203 246 241 190 166 160 157 156 154 152 151 150 149 147 146 145 144 145 161 168 155 142 135 133 131 129 128 127 126 129 128 123 
142 147 155 159 155 154 159 170 182 191 198 203 204 203 201 200 199 196 190 183 170 153 147 146 145 139 136 129 115 162 169 177 218 249 235 189 167 161 157 156 155 153 152 151 149 148 147 146 146 146 163 175 162 146 137 134 132 130 129 127 127 129 129 124 
139 147 156 160 155 155 160 170 177 182 188 193 197 199 200 203 200 197 192 184 172 154 145 145 145 143 138 109 145 169 172 185 225 250 232 186 166 162 159 157 155 154 153 152 151 149 149 147 146 146 163 178 167 150 138 134 132 131 129 128 128 129 129 124 
139 149 156 160 156 151 146 141 139 140 139 140 143 148 161 179 193 197 194 184 170 153 149 147 144 140 123 117 167 170 173 191 229 250 228 181 167 163 160 158 156 155 155 153 151 151 149 147 146 147 161 181 171 154 140 135 133 132 130 129 128 127 127 125 
139 147 153 151 137 126 119 119 122 123 125 124 122 122 122 124 135 160 183 182 170 152 149 146 141 133 103 153 171 172 175 195 233 250 219 178 168 163 160 158 157 157 155 153 152 151 150 148 147 147 159 186 176 159 142 137 134 132 130 128 128 126 125 123 
138 142 135 126 123 122 120 120 121 121 120 118 117 115 113 110 109 110 126 156 166 152 149 142 140 118 123 170 172 173 178 198 241 249 212 178 168 165 161 160 158 157 156 155 152 152 151 149 148 148 159 189 179 162 144 139 136 133 130 128 127 125 123 123 
131 130 129 129 126 126 128 125 125 126 122 115 114 112 110 108 105 102 103 110 135 147 143 140 136 110 160 172 174 175 179 211 248 246 208 177 169 165 161 160 159 157 157 155 153 153 152 150 149 149 161 189 182 163 144 139 135 132 130 128 127 125 124 124 
135 136 132 129 132 138 139 132 127 124 124 112 109 110 107 105 102 99 97 97 103 121 140 139 123 137 173 173 174 176 182 219 249 245 203 176 170 166 163 161 160 158 157 156 154 153 152 151 150 150 159 187 184 165 146 139 136 133 131 129 127 126 126 125 
141 137 133 134 145 150 140 137 134 127 122 115 109 108 106 103 100 98 96 94 95 99 117 132 121 166 175 174 175 176 186 221 250 241 193 175 170 167 164 161 160 159 158 157 155 153 152 151 150 150 159 187 186 168 147 140 137 134 131 129 127 128 127 126 
142 140 140 140 152 153 142 149 147 137 127 118 110 106 105 102 100 98 96 94 93 93 97 109 144 175 175 175 175 177 189 229 251 235 189 175 169 167 164 161 161 160 159 157 156 154 153 152 151 150 159 189 189 172 149 141 137 133 130 129 128 129 128 127 
147 146 143 139 142 142 159 187 154 141 127 116 108 104 102 99 99 99 98 95 92 91 90 104 169 176 175 175 175 177 191 236 251 232 190 174 168 166 164 162 161 160 159 159 158 155 154 152 152 151 158 191 191 173 150 141 137 133 131 130 129 130 129 127 
150 146 142 142 145 135 141 166 140 132 120 111 107 104 101 97 96 98 97 94 91 90 86 139 177 176 176 176 176 179 197 238 251 236 191 174 168 165 163 162 162 160 160 159 157 156 154 152 152 152 158 189 193 173 151 141 138 135 131 129 130 130 129 127 
148 145 145 148 140 131 128 129 125 120 115 110 107 103 100 95 95 97 96 94 91 89 99 171 178 177 176 175 177 180 199 240 251 237 192 173 168 165 163 162 161 160 159 159 156 155 154 152 152 151 156 184 190 170 150 141 138 135 132 131 131 131 129 127 
150 150 159 148 136 132 130 127 122 118 114 111 108 104 100 95 93 95 95 92 91 85 136 180 179 178 177 177 178 181 203 246 252 237 192 172 166 164 163 162 161 160 159 158 156 156 154 152 151 150 151 168 169 156 144 140 137 134 134 134 133 131 129 127 
156 175 167 145 139 135 134 130 122 120 117 111 108 104 100 95 92 94 93 90 89 96 170 180 179 177 177 178 178 182 207 246 252 236 191 172 166 164 163 162 161 160 160 158 157 157 154 152 151 149 149 152 149 145 141 139 136 135 135 135 133 132 129 127 
176 197 158 148 144 140 142 133 125 119 117 112 108 104 101 96 93 93 92 91 86 134 180 180 180 177 177 177 177 181 204 244 251 233 189 172 167 165 163 163 162 160 159 158 157 157 155 152 151 150 149 148 145 142 141 139 137 136 136 134 133 131 129 127 
201 183 156 152 147 147 150 136 128 122 118 115 110 104 101 96 93 93 92 90 97 170 181 180 179 178 177 176 177 180 198 240 251 231 186 171 166 164 163 163 162 161 160 159 158 158 156 154 152 150 149 147 144 143 142 140 138 138 136 134 132 130 128 127 
214 169 160 157 152 156 156 139 133 129 122 116 111 106 102 98 96 94 92 89 130 182 181 180 178 178 178 177 177 179 189 226 245 220 182 171 167 165 163 162 162 162 161 160 159 159 157 155 153 150 148 146 144 143 142 140 139 139 136 134 132 129 128 127 
208 170 165 162 158 164 158 142 138 135 127 119 113 108 105 100 97 95 94 102 170 183 182 181 180 179 178 177 178 178 182 198 208 192 177 171 169 166 164 163 163 162 161 161 160 159 158 155 154 151 148 146 145 143 142 142 140 138 136 133 131 129 128 127 
192 175 171 167 165 176 164 148 144 141 132 126 118 112 108 103 100 96 94 128 183 183 183 182 181 180 179 177 177 177 178 180 182 179 175 171 169 167 164 163 163 163 162 161 160 159 158 157 155 152 148 146 145 143 142 142 140 138 134 132 130 129 128 128 
187 181 178 174 174 193 171 155 150 146 139 133 125 118 113 108 102 96 97 159 185 184 183 182 181 180 179 177 177 177 177 178 178 177 172 170 168 168 165 163 162 162 162 161 160 159 158 156 155 152 149 146 145 144 143 142 140 138 134 131 129 129 129 128 
191 188 185 181 184 206 178 161 156 153 146 140 132 125 118 111 103 96 118 179 185 185 184 183 182 181 178 178 178 177 178 177 176 175 172 171 169 167 165 164 163 163 162 161 160 160 159 157 155 153 149 147 146 144 144 141 140 139 135 132 130 129 129 128 
197 193 192 187 193 219 188 168 164 161 153 147 140 131 123 115 108 103 152 185 185 185 185 183 182 181 179 178 178 178 178 177 176 174 172 171 168 167 166 165 164 163 162 161 160 160 159 157 156 153 150 148 147 145 144 143 141 139 136 133 131 130 128 128 
203 198 195 193 200 227 197 177 172 168 160 154 147 137 127 120 112 118 177 186 186 186 185 184 183 182 179 179 178 177 177 177 176 174 172 171 168 167 166 165 164 163 163 162 161 160 159 157 156 153 150 148 147 147 145 144 142 139 137 134 131 129 128 127 
207 204 199 197 206 227 202 185 178 175 168 162 156 149 142 133 122 139 186 187 186 186 185 184 183 182 181 180 178 177 176 176 176 174 173 170 168 167 166 165 163 163 163 162 161 161 159 157 155 153 150 149 148 147 145 144 142 140 136 133 131 129 128 128 
212 210 206 202 207 224 206 192 189 187 182 174 167 158 146 136 125 167 189 186 185 186 185 184 183 182 181 179 177 176 177 177 176 175 173 170 169 167 166 165 164 163 164 163 162 161 159 158 156 152 150 150 148 146 145 143 142 141 136 132 131 129 128 128 
217 214 212 210 211 214 207 201 196 190 186 178 169 161 153 144 138 209 207 186 184 184 184 183 182 181 179 179 177 177 176 176 176 175 172 170 168 167 166 165 165 165 166 165 164 162 160 158 156 153 151 150 149 147 144 143 142 140 135 133 131 129 128 128 
226 223 219 215 211 209 205 202 198 195 200 193 176 168 161 154 166 238 224 189 184 185 186 184 181 180 180 179 178 177 176 176 175 174 172 171 168 166 166 166 165 168 175 176 170 164 161 159 155 153 152 150 149 147 143 142 141 139 135 133 132 130 128 129 
231 227 223 220 216 213 211 210 205 202 220 219 187 178 173 167 187 237 229 197 187 198 206 192 181 179 178 178 177 176 176 175 174 174 172 171 169 166 166 165 166 173 196 210 193 170 162 159 155 154 152 150 150 148 145 142 141 138 136 134 133 131 129 130 
237 233 229 226 223 220 225 237 219 210 214 213 200 192 189 181 193 224 228 204 196 228 238 210 185 179 176 176 176 176 175 175 175 174 172 171 168 168 166 166 167 179 222 246 227 182 163 159 155 154 152 150 150 149 147 144 142 139 138 136 134 132 132 132 
242 239 235 233 230 228 231 242 226 217 215 216 217 208 197 190 196 210 221 204 204 241 245 218 188 179 177 176 175 175 175 175 175 172 172 170 168 167 166 167 168 179 223 251 236 190 164 159 155 153 152 150 149 148 147 146 143 140 138 138 135 134 134 134 
248 245 242 240 238 235 233 232 229 226 228 238 239 231 211 197 196 200 206 200 196 226 231 208 187 180 177 176 175 173 174 174 174 173 171 169 168 166 166 167 168 175 204 237 221 182 163 158 155 153 152 151 150 149 148 146 144 141 139 139 138 137 136 135 
252 251 249 246 244 242 239 236 233 232 238 245 241 235 220 199 194 195 196 195 192 202 201 193 185 181 179 177 175 174 173 173 174 173 170 168 167 167 166 166 166 169 180 194 187 170 162 158 156 154 153 152 151 149 148 147 144 142 141 141 140 139 137 136 
254 254 253 252 251 249 246 243 239 237 237 236 233 227 220 203 193 194 194 193 191 192 189 185 183 181 179 178 176 174 172 172 172 172 171 169 168 167 166 166 165 166 169 171 170 165 161 158 156 155 154 152 151 150 147 146 145 143 143 142 141 140 140 141 
254 254 254 254 253 253 252 249 247 245 243 240 235 231 227 210 190 194 193 193 191 191 188 184 182 182 181 179 177 175 173 173 173 173 171 169 168 168 166 165 164 165 165 165 165 163 160 158 157 155 154 152 151 149 147 147 146 145 144 144 142 144 151 158 
254 254 254 253 253 253 253 253 253 252 250 247 242 237 235 222 188 194 193 194 192 190 191 185 184 183 183 180 178 176 175 175 175 174 171 169 168 168 166 165 164 164 164 164 163 161 160 158 156 155 153 152 151 149 148 147 147 146 146 145 146 155 167 172 
254 253 253 253 252 253 253 254 254 254 253 252 249 243 239 234 190 192 193 195 193 190 191 189 185 184 183 182 179 178 177 177 177 175 172 170 169 168 167 166 165 164 163 163 162 160 159 158 156 155 154 152 150 149 149 147 148 148 149 151 154 167 179 181 
254 253 252 252 253 253 253 253 254 254 254 253 252 249 245 242 198 192 201 208 196 191 189 192 185 185 183 183 181 178 177 177 176 174 173 171 170 169 167 165 165 165 164 163 162 160 159 158 156 155 154 152 151 150 150 149 151 154 160 167 175 177 178 180 
253 253 253 254 255 255 253 253 253 253 254 254 253 253 250 248 207 192 223 233 207 193 188 189 189 184 184 183 182 179 178 177 176 174 172 171 169 168 167 165 165 165 164 163 162 161 159 158 156 155 153 152 151 149 151 155 160 167 177 183 185 183 180 178 
253 253 254 255 255 255 254 253 253 253 254 254 254 253 253 252 219 194 237 249 230 204 191 188 190 185 185 183 182 180 178 177 175 174 173 171 170 168 167 166 165 164 163 163 161 160 159 158 155 154 152 151 150 149 157 178 185 180 185 188 187 186 185 182 
253 253 254 255 255 255 255 255 254 253 253 253 253 254 254 253 230 193 228 250 248 230 200 187 189 189 183 185 183 181 178 177 175 174 173 171 169 168 168 167 165 164 163 162 160 159 159 158 156 154 153 151 149 148 159 192 200 182 182 183 182 184 181 178 
252 253 254 254 255 255 255 254 254 254 254 254 254 254 254 254 239 195 225 243 252 246 210 189 191 195 186 185 184 182 180 178 176 175 173 171 170 169 168 166 165 165 163 162 161 160 158 157 155 154 153 152 150 149 154 173 176 169 175 178 178 178 175 175 
253 253 254 254 254 254 254 254 254 254 254 254 254 253 253 253 246 206 231 238 251 246 208 194 201 201 198 185 185 183 182 179 177 175 173 172 170 170 168 167 165 165 163 161 160 159 158 157 156 155 154 153 152 150 149 151 153 158 166 171 173 171 168 167 
253 253 254 254 254 254 254 254 254 254 253 253 254 254 254 253 251 215 218 244 250 242 200 202 216 215 219 202 189 191 189 186 181 177 174 171 170 170 168 165 165 164 163 161 159 159 159 157 157 155 154 154 152 151 149 147 146 147 153 160 164 165 162 161 
253 253 253 254 254 254 254 254 254 254 253 253 254 254 253 253 253 236 206 242 251 236 196 211 229 231 238 234 201 209 212 207 194 183 176 172 170 169 169 167 166 165 164 163 161 159 159 158 157 155 156 154 152 151 149 147 145 143 143 148 155 157 157 157 
251 253 253 253 254 254 254 254 254 254 253 254 253 254 254 253 253 250 215 236 252 231 194 220 233 241 249 249 231 220 237 233 214 192 178 172 170 169 169 168 167 167 167 164 161 159 159 158 157 157 156 155 153 152 149 147 146 144 142 141 144 147 150 152 
198 243 252 253 253 254 254 254 253 253 254 253 253 253 253 254 253 252 231 229 253 227 195 228 235 247 252 252 250 229 241 245 222 197 181 172 169 170 170 170 168 170 176 168 162 160 159 158 157 157 156 154 152 151 149 148 147 145 144 141 139 139 142 144 
139 170 230 251 253 253 253 253 253 253 254 253 254 253 253 253 253 252 243 220 249 223 197 234 236 250 253 252 252 248 231 242 222 197 183 173 171 171 171 170 168 171 184 176 165 160 158 158 158 157 156 154 153 151 149 148 147 146 145 143 140 138 136 136 
131 133 156 203 239 251 252 253 253 253 253 253 253 252 252 253 250 239 218 214 234 219 199 238 240 251 252 252 252 253 242 225 219 197 183 174 172 171 170 169 169 170 182 190 169 161 159 158 158 157 156 155 153 151 150 149 147 146 145 144 142 138 134 131 
132 133 140 158 179 207 229 242 250 252 252 252 251 250 244 234 219 206 198 211 215 213 199 241 242 252 252 252 253 254 253 230 205 195 182 174 171 170 170 170 169 169 177 201 181 163 159 157 158 157 156 154 153 152 150 148 148 146 145 143 142 139 135 133 
130 136 148 158 159 157 148 141 194 239 240 238 230 219 209 203 203 203 199 201 212 192 196 242 243 253 253 252 253 254 253 250 212 188 181 174 170 169 169 169 169 169 172 196 202 168 160 157 157 157 156 154 152 151 149 149 148 147 145 143 142 140 137 134 
130 138 145 148 147 141 125 96 128 221 231 230 224 211 204 202 201 207 202 196 210 188 189 240 245 253 254 254 254 253 253 250 230 190 179 174 170 170 170 170 169 168 170 184 216 183 162 158 156 157 156 154 152 151 150 149 147 146 144 142 141 140 139 138 
126 135 137 139 136 127 110 66 59 158 219 229 228 214 208 204 189 207 208 197 200 207 181 235 246 253 254 254 253 253 253 249 225 201 179 171 169 169 170 170 169 169 169 176 213 209 168 159 156 156 156 154 154 151 150 149 147 146 145 145 143 142 141 141 
107 124 123 124 123 135 164 134 55 65 143 209 229 217 210 210 208 212 210 198 198 211 190 218 246 253 254 254 254 253 252 250 222 195 187 171 168 168 168 170 169 168 169 171 200 226 183 160 156 154 155 154 154 153 151 149 148 147 147 146 145 144 143 141 
62 99 120 159 205 237 252 241 173 85 58 119 200 216 211 213 213 215 211 198 196 200 205 192 236 250 254 254 254 253 252 249 223 192 185 180 169 168 167 168 169 168 167 167 183 215 193 164 158 156 155 156 156 154 153 151 150 148 147 147 145 145 143 142 
43 94 216 249 255 255 255 254 244 189 98 54 103 175 201 213 216 218 214 201 197 198 206 180 199 234 253 254 254 253 253 250 226 193 184 177 174 168 168 168 168 168 167 166 173 192 194 169 160 158 156 156 157 155 154 152 150 149 147 146 145 143 142 141 
42 54 157 248 255 255 255 255 255 244 192 110 55 77 146 196 213 219 216 204 196 196 206 195 176 203 239 254 254 254 253 251 230 195 185 174 170 171 168 168 169 168 167 165 166 174 185 175 163 159 157 155 154 155 154 152 150 148 147 146 145 143 141 140 
42 44 66 194 254 255 255 255 255 254 245 200 114 54 66 140 197 216 218 209 196 195 205 215 195 190 221 244 254 254 253 250 228 199 186 173 166 168 171 168 168 167 166 165 163 166 178 178 165 160 157 154 153 153 154 152 149 149 147 146 144 143 141 138 


122 130 137 136 133 134 134 143 157 169 176 179 182 184 183 183 181 181 172 164 151 133 129 127 124 121 121 116 110 111 108 104 50 16 73 127 82 22 9 7 6 6 6 5 5 5 5 5 6 14 46 41 16 6 5 5 4 4 4 6 10 7 4 3 
122 129 136 135 134 134 134 144 159 171 178 181 184 186 185 185 183 181 173 163 150 132 128 126 124 120 118 115 109 109 108 81 21 26 100 126 63 17 8 7 7 7 6 5 6 5 5 6 6 15 46 45 18 6 5 5 4 5 5 6 11 10 5 4 
122 130 135 137 136 135 136 146 161 172 180 183 186 188 187 187 184 184 177 165 148 132 129 127 126 121 117 115 113 109 101 42 16 41 115 103 40 14 9 8 7 7 6 5 6 6 5 6 6 14 46 43 20 7 5 5 5 5 5 5 11 12 6 4 
123 129 136 138 137 136 137 149 163 174 182 187 188 190 190 189 187 185 177 165 150 136 130 126 124 121 116 113 110 110 72 19 20 65 123 77 30 15 11 8 7 6 6 5 6 6 5 5 6 11 33 34 21 8 6 5 5 5 5 5 10 14 7 4 
123 128 137 139 137 136 138 151 164 177 184 189 191 192 192 190 188 186 179 168 151 134 128 127 124 121 118 114 111 97 33 15 35 124 158 82 26 14 10 8 6 6 6 6 6 6 6 6 6 9 26 32 21 9 6 6 5 5 5 5 9 14 8 5 
122 127 137 140 137 136 140 153 166 178 187 192 194 194 193 192 190 186 181 168 151 132 125 124 124 118 117 114 108 63 16 18 64 177 184 88 25 14 9 7 6 6 6 6 6 6 6 6 6 10 35 44 27 11 7 5 5 5 5 5 7 12 10 5 
119 126 134 140 138 136 141 154 168 180 188 193 197 196 196 195 193 189 183 170 151 133 124 125 123 115 116 112 91 29 17 26 102 201 186 78 25 14 9 8 6 6 6 6 6 6 5 6 7 11 49 65 40 16 7 6 5 5 6 5 6 11 12 6 
118 124 135 141 138 138 142 155 170 181 190 195 199 199 197 196 195 191 183 172 153 131 123 122 120 114 112 104 50 16 19 41 137 211 176 75 26 14 10 8 6 6 6 5 6 6 5 6 7 12 54 81 54 22 8 6 5 5 5 5 6 10 12 7 
116 125 136 142 139 139 144 154 161 165 172 179 187 192 196 199 198 193 186 173 155 132 122 121 121 117 112 77 22 17 25 61 154 217 168 68 22 14 10 8 7 7 6 5 6 6 6 6 7 11 52 87 63 27 8 6 5 5 5 5 5 8 12 7 
115 124 135 142 138 125 104 84 74 73 74 81 91 107 130 161 187 194 189 174 154 131 125 122 119 115 100 39 16 18 27 76 166 216 157 53 20 12 9 7 6 6 6 6 6 6 6 6 7 11 46 91 70 34 9 6 5 5 5 5 4 7 10 7 
115 123 131 117 75 35 17 13 15 23 30 35 40 45 50 61 88 133 173 173 155 130 126 122 117 109 65 19 16 19 30 80 176 219 137 47 24 14 9 8 7 6 6 6 6 6 6 7 8 9 41 98 79 43 11 6 5 5 5 6 4 5 6 4 
113 112 76 29 9 4 3 5 9 12 14 19 24 27 28 28 30 41 77 132 151 130 126 119 116 93 31 15 17 22 34 91 203 217 121 43 22 14 8 8 7 7 6 6 6 6 6 7 7 9 41 104 86 50 13 6 5 6 5 4 3 4 4 3 
90 48 15 7 3 5 9 10 13 18 18 12 15 19 20 18 17 19 27 48 97 123 121 117 113 64 17 15 18 24 37 119 222 207 112 41 20 13 8 7 6 6 6 6 6 6 7 7 6 10 39 102 91 51 15 7 6 6 4 3 3 3 3 3 
36 16 6 3 6 17 24 18 14 16 22 9 8 13 14 14 14 13 15 21 35 77 115 117 98 34 15 15 19 24 43 137 225 202 99 35 21 15 9 8 7 7 6 6 6 6 6 6 7 9 36 98 95 53 14 7 6 5 3 3 3 3 3 3 
17 6 3 5 24 40 25 25 25 20 16 11 7 9 10 11 12 11 11 13 17 30 72 108 70 18 14 16 19 24 54 144 234 195 74 30 19 16 11 8 7 6 6 6 6 6 6 6 6 9 35 98 99 58 16 7 5 4 4 3 4 3 3 3 
7 6 7 8 37 48 27 40 43 33 20 14 8 7 8 8 9 10 10 10 11 15 29 66 37 14 15 17 18 25 59 167 238 178 63 29 16 14 11 8 7 7 6 6 6 5 6 5 7 9 32 100 102 67 20 7 5 4 4 3 3 4 4 3 
10 13 11 7 16 22 56 107 52 38 21 8 5 5 5 5 7 8 10 10 10 11 15 30 19 13 14 17 17 26 66 184 234 167 63 26 15 12 10 8 7 7 6 6 6 6 5 5 6 8 29 103 106 72 23 7 5 4 3 3 4 4 4 3 
11 9 7 11 23 11 27 78 32 21 11 5 4 3 3 3 5 7 8 9 10 10 16 25 14 13 13 15 18 27 75 191 232 173 66 23 14 11 8 7 7 7 6 6 6 5 5 5 6 7 27 98 109 72 23 7 5 4 3 3 4 4 4 3 
8 6 11 23 15 6 6 12 10 6 4 3 3 3 3 2 3 6 7 9 10 11 23 20 14 12 13 14 19 27 80 202 238 175 66 22 12 9 8 7 7 7 6 6 6 5 5 5 5 6 22 88 101 61 20 6 5 4 3 4 4 4 3 3 
7 12 37 22 6 5 6 6 5 4 5 4 3 3 3 2 2 4 6 7 9 16 27 16 13 12 13 14 19 28 89 221 242 175 66 20 11 8 7 6 6 6 5 5 5 5 5 4 4 5 14 52 56 29 8 4 4 3 3 4 4 4 3 3 
10 55 51 9 5 5 8 7 3 5 7 5 3 3 3 2 2 4 5 6 9 26 23 14 13 12 12 14 16 28 99 222 243 175 63 18 9 7 7 6 5 5 5 5 5 4 4 4 4 4 6 13 11 7 5 3 3 3 4 4 4 3 3 3 
42 97 26 5 5 6 15 9 3 3 5 5 4 3 3 2 2 3 4 5 13 31 17 13 12 11 10 12 15 26 89 214 241 173 58 16 8 6 7 6 6 5 5 5 4 4 4 4 4 4 4 5 4 3 3 3 2 3 4 4 4 3 3 3 
89 66 9 6 5 11 26 9 4 3 3 6 6 4 3 2 3 4 4 6 23 28 12 11 10 9 10 11 13 23 74 197 236 165 50 14 8 7 7 7 6 6 5 5 5 4 4 4 4 4 4 4 3 3 3 3 3 4 4 4 4 3 3 3 
119 25 6 6 6 22 34 7 5 5 3 4 4 2 3 2 3 4 4 10 33 19 11 10 9 10 10 11 13 18 50 153 205 130 37 13 8 7 6 6 6 6 6 6 6 5 5 5 5 4 3 3 3 2 3 3 3 4 4 3 3 3 3 2 
100 12 7 6 7 31 31 6 5 8 5 4 3 2 1 2 3 4 4 23 38 14 12 12 10 11 11 11 13 16 28 74 102 61 23 13 11 8 7 7 6 6 6 6 6 6 5 6 5 4 3 3 3 2 3 3 3 3 3 2 3 3 3 2 
50 9 7 7 10 47 29 6 6 9 6 5 3 2 1 1 2 4 5 30 26 15 15 14 12 11 12 12 12 14 18 24 30 23 15 12 11 9 8 7 7 7 6 6 6 6 6 5 5 4 2 2 3 2 3 3 3 3 2 2 2 2 3 3 
21 10 8 7 16 75 35 6 6 9 7 6 4 2 2 1 1 2 7 24 18 16 15 15 14 12 12 12 12 14 17 15 14 14 12 10 10 10 9 7 7 7 6 6 6 6 6 6 5 4 3 3 3 3 3 3 3 3 2 2 2 2 3 3 
13 10 9 8 25 91 38 7 6 10 8 7 6 3 1 1 1 1 9 20 17 17 16 16 14 12 12 12 13 14 16 13 12 11 10 9 8 8 9 8 7 7 7 7 7 7 6 6 6 4 3 3 3 3 3 3 3 4 2 2 2 2 2 3 
13 11 9 9 34 109 47 8 7 13 9 9 7 4 1 1 1 2 15 20 18 17 16 15 14 13 13 12 12 12 14 12 11 10 9 8 9 8 7 8 8 7 7 7 7 7 6 6 6 5 3 3 4 4 4 5 5 4 3 2 2 1 2 3 
13 12 10 9 37 113 51 10 9 15 10 10 8 4 2 2 2 8 21 21 19 18 17 16 15 13 13 12 12 12 11 11 10 10 9 9 8 7 7 8 8 7 7 7 7 6 6 6 6 5 3 3 4 5 4 5 5 4 3 2 2 2 2 3 
11 11 9 10 38 105 50 12 10 15 13 12 8 5 3 2 3 20 23 21 19 19 18 17 15 13 13 12 12 11 10 10 10 9 9 8 8 8 8 8 8 7 7 7 7 6 6 6 5 4 3 3 4 4 4 5 5 4 3 2 2 2 2 3 
12 12 10 11 37 95 52 18 14 15 15 10 5 2 2 2 8 51 44 20 18 20 18 16 14 12 12 11 11 10 10 10 9 9 9 8 7 8 7 7 7 7 8 8 7 6 5 5 4 3 3 4 4 4 4 5 5 5 3 2 2 2 2 3 
20 28 42 58 65 57 28 16 12 11 14 9 4 2 2 2 22 128 104 23 17 18 17 14 12 10 9 9 9 8 7 7 7 7 7 6 6 5 6 6 6 9 13 13 11 8 6 6 5 4 4 4 4 3 3 4 5 4 3 3 2 3 2 3 
50 42 34 25 16 14 13 14 11 12 36 34 6 3 2 2 45 200 144 36 19 21 23 17 12 10 9 8 8 8 7 7 7 7 6 6 5 5 5 6 8 17 32 38 26 14 8 7 5 4 4 4 5 3 2 3 4 3 3 3 3 3 3 4 
17 16 15 14 14 13 14 20 13 14 70 79 12 6 7 8 55 186 149 52 26 64 89 44 15 10 9 8 8 8 8 7 7 7 6 5 5 5 6 7 10 28 89 121 79 28 11 6 5 4 4 4 4 4 3 3 3 3 3 3 3 3 4 4 
16 16 15 14 13 12 32 89 37 15 35 45 26 17 18 16 45 117 117 61 50 157 187 98 24 11 9 8 8 7 7 7 6 6 6 5 5 5 6 7 12 42 159 226 165 53 15 7 5 4 3 3 3 5 4 3 3 3 3 3 3 3 4 5 
15 16 15 14 13 13 32 81 37 16 25 48 71 54 22 22 53 77 91 58 75 191 213 127 31 11 8 8 7 6 6 6 6 6 5 5 5 5 5 8 13 40 162 247 191 69 16 6 4 3 4 3 3 5 5 4 3 3 3 4 5 5 7 7 
17 17 15 15 15 15 17 23 20 22 54 104 123 115 60 36 59 55 65 50 56 149 161 93 28 11 8 7 6 6 5 5 5 5 4 4 5 5 5 8 11 29 105 193 145 52 14 6 4 4 4 3 4 5 5 5 5 4 5 6 8 8 9 9 
19 18 18 19 19 18 19 18 17 24 71 108 112 106 72 48 62 50 47 42 35 77 68 43 20 11 8 7 6 6 5 5 5 4 4 4 5 5 5 7 8 16 44 78 60 26 11 6 5 4 4 4 5 6 6 6 5 5 6 8 10 10 10 11 
22 23 24 23 22 22 20 19 19 22 35 45 46 44 36 53 65 54 44 40 33 43 35 22 15 12 9 8 7 6 6 5 5 5 4 4 4 4 5 6 7 11 18 26 21 13 8 6 5 5 5 5 6 6 7 7 6 6 8 10 11 13 18 26 
28 29 28 28 26 24 23 22 25 25 27 28 27 26 36 83 62 58 46 43 35 35 37 19 17 16 13 11 8 7 7 6 6 6 5 5 5 5 5 6 6 7 10 12 11 9 7 7 6 6 6 6 6 7 7 8 9 9 11 13 16 26 50 70 
32 36 36 37 36 31 29 30 36 36 34 31 27 26 48 118 63 63 50 48 39 32 42 26 21 19 17 15 12 11 10 9 7 7 7 6 6 5 6 6 7 7 8 8 8 7 7 6 7 6 6 6 6 7 8 9 10 12 15 19 25 55 95 107 
39 42 46 66 110 83 42 33 34 38 39 39 33 27 44 143 73 64 51 57 44 34 36 40 23 22 21 18 16 14 13 11 9 8 8 7 7 7 6 6 6 7 7 7 7 7 6 6 6 5 5 6 6 8 10 12 13 18 28 40 52 92 119 121 
49 57 105 185 238 203 101 44 34 32 32 33 29 27 30 142 90 67 79 98 60 38 32 46 32 23 22 21 18 15 14 12 11 10 9 8 7 7 7 7 6 6 7 7 7 7 6 6 5 5 5 6 6 8 11 16 24 41 65 88 106 112 114 116 
79 127 221 252 255 252 209 118 56 31 28 29 26 25 19 97 107 77 136 160 98 49 34 35 49 26 25 23 20 17 15 13 11 10 9 7 8 7 6 6 6 6 6 7 7 6 6 6 5 5 5 5 6 10 18 39 58 82 111 126 130 124 119 114 
130 191 242 255 255 255 253 228 156 69 33 26 24 23 19 49 106 90 170 194 153 89 43 29 45 37 26 25 22 19 17 14 12 11 10 8 7 7 6 6 6 6 6 5 6 6 6 6 6 5 5 5 5 11 45 109 128 117 129 134 132 133 129 124 
114 189 223 253 255 255 255 254 227 135 74 47 30 24 21 26 86 88 158 200 194 155 74 31 35 53 28 25 24 21 20 16 13 11 9 8 7 7 6 5 6 6 6 5 6 6 6 5 5 5 5 5 5 9 52 142 158 122 123 122 122 129 123 119 
94 168 202 234 253 255 255 249 207 142 102 76 47 34 24 24 62 87 158 186 211 194 104 38 47 62 46 28 26 24 22 18 14 12 10 8 7 6 6 6 6 5 5 5 5 5 6 6 5 5 5 6 7 8 28 93 103 90 107 112 117 118 113 110 
112 127 190 204 233 252 248 214 161 118 97 68 50 41 25 32 74 94 175 180 213 199 100 58 86 88 83 39 33 30 27 22 17 13 10 7 7 6 6 6 6 6 6 5 5 5 5 6 6 6 7 7 8 9 13 28 40 55 83 100 107 104 97 93 
149 100 160 194 207 221 203 167 130 108 82 51 47 35 28 57 138 97 152 195 211 190 78 84 132 127 134 91 50 58 55 47 31 19 11 6 5 5 6 7 6 6 7 6 5 6 6 6 7 8 9 9 9 10 10 11 14 24 43 67 85 88 79 77 
197 143 114 176 192 186 160 137 122 102 70 59 51 34 32 80 156 118 134 198 214 176 63 110 162 160 174 163 91 114 124 112 78 40 17 6 4 5 7 8 8 8 9 7 6 7 8 9 9 10 10 10 11 10 10 10 10 10 15 29 50 62 63 66 
186 196 130 119 174 169 144 129 110 71 60 65 44 33 34 82 135 116 149 196 226 163 58 132 172 180 194 194 162 137 174 169 128 68 27 8 4 6 8 10 10 14 17 11 8 8 10 10 10 10 10 10 10 10 10 10 10 10 9 12 21 34 44 49 
148 173 189 120 117 168 162 121 82 59 73 50 39 36 42 101 117 70 150 184 233 155 61 153 176 192 200 201 200 162 184 191 148 83 34 10 6 8 10 11 11 22 48 24 12 9 10 12 12 11 10 11 11 11 11 10 10 11 10 10 10 14 21 30 
128 127 159 179 124 107 144 103 81 90 67 44 42 45 73 117 98 68 139 174 225 146 69 171 181 198 202 202 205 201 171 188 147 85 38 14 9 10 11 13 12 24 79 54 17 10 9 12 12 11 12 12 12 12 11 10 10 11 11 10 9 11 10 13 
122 122 131 140 140 105 77 84 100 74 49 47 54 107 167 173 150 146 191 188 192 141 74 183 185 203 205 204 207 210 193 156 140 83 39 16 10 11 12 14 13 18 69 101 34 13 8 11 12 12 12 13 12 12 12 11 10 11 11 11 10 9 7 7 
121 124 134 153 160 149 120 97 90 89 93 101 132 176 180 176 197 214 211 209 165 127 78 191 191 207 208 207 209 211 213 168 110 77 40 18 8 10 12 14 14 16 47 132 75 20 10 9 12 13 13 13 13 13 12 12 11 10 10 12 11 9 8 7 
120 128 143 155 157 154 141 121 175 232 235 236 232 222 216 217 220 220 214 209 185 93 77 196 195 209 210 209 210 211 214 207 125 60 37 16 8 8 12 14 15 15 30 116 134 37 14 9 11 14 14 14 13 13 13 13 12 12 11 11 11 11 10 8 
119 130 139 143 143 137 119 87 119 234 250 250 246 233 223 221 218 225 218 209 212 107 68 195 201 211 212 211 211 211 214 208 168 71 31 14 7 7 10 14 16 16 25 81 170 81 20 10 9 12 14 14 13 13 12 13 12 12 12 11 10 10 10 10 
118 129 131 132 131 122 105 57 45 154 232 249 249 237 228 224 208 227 221 207 211 179 69 185 210 214 214 215 214 212 213 207 156 99 37 12 6 6 10 14 16 19 25 56 164 154 41 13 8 10 14 14 13 12 13 12 13 13 12 11 11 10 10 10 
98 120 118 118 121 138 173 154 60 54 137 221 248 240 230 230 229 233 226 210 210 215 121 152 215 218 217 218 217 214 215 207 150 81 62 19 6 7 10 13 16 18 21 39 127 192 83 18 10 8 12 14 14 13 12 13 12 12 12 11 12 11 10 9 
50 94 122 165 211 241 253 250 199 95 51 111 210 237 232 233 235 236 232 212 208 213 183 105 188 217 221 219 220 216 217 210 154 75 53 42 14 7 9 12 15 16 17 25 79 165 110 28 12 9 9 13 14 14 13 12 12 12 12 12 12 11 10 9 
34 83 218 251 255 255 255 255 251 212 111 49 94 180 216 232 237 240 236 217 209 211 213 112 118 182 223 221 222 220 217 215 161 78 48 29 31 13 9 12 15 16 16 19 46 110 115 42 14 11 9 10 13 14 14 13 13 12 12 11 12 11 11 10 
33 45 144 247 255 255 255 255 255 252 218 127 54 67 143 208 231 240 238 222 208 210 221 183 94 127 193 221 221 220 217 213 170 86 53 24 17 27 15 12 14 16 16 16 24 55 91 60 20 12 10 9 11 14 14 14 13 12 12 11 11 11 10 10 
34 37 56 183 254 255 255 255 255 255 253 221 130 53 54 136 206 234 239 226 207 207 221 230 167 109 163 198 220 219 215 207 162 96 59 24 8 14 28 15 14 15 15 14 14 27 62 66 28 13 10 9 9 12 14 13 13 12 11 11 11 11 10 10 


103 114 122 121 121 122 119 130 147 162 170 172 177 180 180 180 178 177 164 153 131 104 97 94 91 88 88 83 79 82 78 76 42 18 66 111 69 23 13 11 11 11 12 11 10 11 11 11 12 18 41 38 19 12 12 11 11 10 10 11 16 14 11 10 
104 115 122 122 123 122 120 131 150 165 173 176 182 184 183 184 182 179 168 153 132 105 97 94 94 89 87 85 80 82 80 63 22 25 89 110 55 19 12 12 11 12 12 10 11 12 12 12 12 19 43 41 21 12 12 11 11 11 11 12 16 15 11 10 
103 114 121 124 124 122 122 134 153 167 175 180 184 187 186 186 183 182 173 156 132 106 98 95 95 90 85 85 84 81 76 37 17 36 99 87 36 18 13 12 11 12 12 11 11 11 11 11 12 18 44 40 22 13 10 11 11 11 11 11 16 17 13 10 
104 114 121 124 125 123 123 137 154 168 179 184 187 190 189 189 186 182 171 157 133 108 100 96 93 90 86 83 81 81 58 19 19 58 109 66 27 17 15 13 11 11 12 12 11 11 12 11 12 15 32 31 22 13 10 11 10 11 11 11 14 18 14 11 
103 112 122 125 124 122 125 139 156 172 182 187 189 192 192 191 187 185 175 161 135 106 98 96 94 89 88 84 80 72 30 16 33 116 147 74 27 17 14 13 11 11 11 11 10 11 11 11 12 14 26 29 21 14 11 12 11 10 11 11 14 19 14 11 
101 110 122 126 125 123 126 142 159 174 184 190 193 195 195 193 190 185 176 160 135 105 95 94 93 87 87 83 78 51 17 19 61 167 172 79 25 16 12 12 12 11 11 11 11 10 11 11 11 13 33 41 26 16 12 12 11 10 11 12 13 18 16 11 
97 108 119 126 125 123 128 144 163 176 186 192 197 197 197 196 193 188 179 162 134 104 94 93 93 85 84 80 68 26 17 25 97 188 172 70 24 16 12 12 11 12 11 12 11 10 11 11 11 15 45 59 36 19 12 10 10 10 11 12 13 17 17 13 
96 107 120 127 125 125 130 146 164 178 188 195 200 200 199 199 196 190 181 165 137 104 93 91 89 84 81 77 42 15 21 41 128 197 163 68 25 16 12 12 11 11 11 11 10 11 11 11 12 16 49 74 48 24 13 11 11 10 10 11 13 16 18 15 
93 106 121 127 125 126 132 144 153 159 168 176 186 194 198 202 199 193 183 168 140 106 93 91 90 87 82 60 21 16 25 58 143 202 155 61 22 16 13 12 12 11 12 11 11 10 12 12 12 15 47 78 57 29 14 11 12 11 11 11 12 15 16 14 
91 105 119 127 123 110 91 73 63 62 63 72 83 101 128 160 186 193 188 169 139 105 96 92 89 85 74 34 16 17 26 70 155 200 145 49 21 15 12 11 11 11 11 11 11 11 12 12 13 15 43 81 61 33 15 12 11 12 12 11 12 13 15 13 
90 102 114 101 61 29 15 12 14 19 24 28 33 38 44 55 79 125 168 166 141 104 97 92 86 80 52 18 16 19 28 73 165 203 125 43 23 16 12 11 11 10 10 11 10 11 12 12 13 14 39 89 69 40 16 12 12 11 11 11 12 12 12 11 
88 90 59 22 10 6 6 7 10 13 14 17 21 24 25 23 23 29 61 119 136 104 96 90 86 70 28 15 17 21 31 83 191 201 111 41 22 16 12 11 10 9 10 11 11 11 11 12 12 15 39 95 77 46 18 12 12 10 11 10 11 10 10 9 
64 34 13 9 6 8 11 11 14 23 23 13 15 18 19 17 15 14 17 34 78 96 91 86 83 51 16 13 18 23 33 110 209 193 102 38 21 15 12 11 10 10 11 11 11 11 11 12 12 14 38 93 81 45 18 13 11 10 9 8 9 9 10 10 
23 12 8 6 9 17 22 18 18 23 29 12 10 14 15 14 13 12 12 15 24 54 86 86 73 28 14 15 19 23 41 128 213 191 90 32 21 15 11 11 10 10 11 11 10 11 11 11 12 14 34 89 83 48 19 13 11 10 8 8 9 10 10 10 
14 8 7 9 24 33 25 27 25 20 21 15 10 10 11 12 12 11 10 11 13 20 51 80 55 17 14 15 19 24 50 135 220 183 69 28 19 16 13 11 10 11 10 11 11 10 11 11 12 14 34 88 88 52 19 13 11 9 8 8 8 9 9 9 
9 9 9 11 32 38 27 39 38 29 22 18 11 9 9 9 11 12 11 11 10 13 20 49 31 13 15 17 19 24 54 157 224 165 58 28 16 15 14 11 11 10 9 11 11 10 11 11 11 13 32 91 91 59 22 12 11 9 8 7 7 8 9 9 
12 12 10 10 15 20 51 91 38 34 19 11 8 5 6 6 8 11 12 12 11 11 13 27 16 13 13 15 19 25 62 175 221 155 59 25 16 13 12 11 11 10 9 9 10 10 11 11 11 12 29 93 94 64 26 13 11 9 8 7 8 8 9 9 
12 11 9 12 18 11 25 65 26 23 12 6 5 5 4 4 6 9 11 13 13 12 17 23 13 13 14 16 19 26 72 182 219 161 61 24 15 13 12 11 11 10 9 9 10 11 10 11 11 13 27 90 98 64 25 13 11 10 8 7 8 10 11 9 
10 9 12 18 13 8 8 12 10 7 6 5 4 5 4 3 4 8 9 11 13 15 25 17 12 12 14 15 19 26 74 194 226 164 61 22 14 12 11 11 10 10 10 9 9 9 10 11 12 11 23 80 91 56 22 12 11 10 8 8 9 10 11 9 
10 15 32 18 8 7 8 8 5 7 8 6 5 5 4 3 3 7 8 10 13 20 24 14 13 13 14 14 16 26 83 212 232 164 61 20 12 11 11 10 10 10 9 8 8 9 10 10 10 10 16 48 52 29 13 10 9 9 9 9 9 9 9 10 
13 52 42 10 8 9 10 8 5 7 10 7 5 4 4 3 3 6 7 9 13 28 19 13 12 11 12 15 16 28 93 211 233 162 58 19 12 11 11 10 10 9 9 8 8 9 9 10 9 9 11 17 16 11 9 8 8 9 9 10 9 9 9 10 
44 87 24 9 9 10 14 9 5 5 8 8 7 6 4 4 4 5 6 7 17 27 14 12 11 11 11 12 15 25 83 202 230 161 54 17 12 11 10 10 10 9 9 8 7 8 9 8 9 10 10 10 9 8 8 7 8 9 10 10 9 9 9 9 
83 57 12 9 9 15 23 9 6 5 6 10 10 6 4 4 5 5 6 7 24 22 11 10 10 10 11 12 14 21 68 181 220 152 47 15 11 10 10 11 10 10 9 8 8 8 9 9 9 10 10 8 9 9 9 7 8 10 10 10 9 9 9 8 
106 22 10 10 10 22 28 10 7 7 5 7 7 5 4 4 6 6 6 12 31 16 11 11 10 10 11 12 13 17 45 136 184 115 34 14 12 11 10 10 10 10 10 9 10 10 9 9 9 9 8 8 9 8 8 8 8 10 9 9 8 8 10 9 
88 14 11 10 10 28 26 9 9 10 7 5 4 4 4 3 5 7 6 25 32 13 12 12 10 10 11 11 13 15 25 63 86 52 22 14 13 11 11 11 10 10 10 10 11 11 10 12 11 10 8 7 8 8 8 8 9 10 9 8 7 9 9 8 
43 12 11 11 13 42 26 10 11 11 8 7 5 5 5 4 5 7 8 29 20 14 14 14 11 11 11 11 12 14 18 22 26 21 17 13 13 11 11 11 11 11 10 10 10 10 10 12 11 9 8 7 7 8 8 8 8 9 9 8 7 9 9 10 
21 14 12 11 20 68 31 10 10 13 11 10 7 5 4 4 4 4 9 20 16 14 13 14 13 12 12 12 12 14 17 15 15 15 13 12 12 11 11 10 11 11 11 10 10 9 9 11 9 9 8 7 7 8 9 8 9 9 8 7 7 9 9 10 
15 12 12 12 29 82 34 10 11 13 12 12 9 6 4 4 4 4 10 16 16 14 14 14 13 13 12 11 12 12 15 14 13 12 11 12 10 11 12 11 11 11 11 10 11 10 10 10 10 9 8 8 8 9 9 8 10 10 8 7 7 9 9 9 
16 13 13 13 37 100 42 12 13 16 13 12 11 8 4 3 4 4 13 16 16 14 15 14 13 12 12 11 12 13 13 13 12 11 11 12 11 11 11 11 11 11 11 10 10 10 10 11 11 9 9 9 8 10 10 10 9 10 9 7 7 8 8 8 
16 14 14 13 39 103 46 14 13 17 13 13 11 9 5 4 5 10 18 17 17 16 16 15 14 13 12 12 12 13 13 12 11 11 11 11 10 12 12 12 12 11 11 11 11 11 11 11 10 10 9 8 9 10 11 10 9 10 9 8 8 8 9 9 
13 14 14 13 39 95 45 15 13 17 16 15 14 9 7 6 7 20 19 17 16 16 16 15 14 13 12 11 12 13 12 12 10 11 12 11 10 11 11 11 11 11 11 11 11 11 10 9 10 9 8 9 10 8 10 10 9 10 9 8 8 9 10 9 
14 15 14 15 39 88 49 21 18 20 19 15 11 8 6 6 13 44 34 16 14 16 16 14 13 12 12 11 11 12 11 12 11 11 10 10 10 10 10 10 11 11 12 11 11 10 9 9 9 9 8 9 8 8 9 9 10 9 8 8 8 8 8 11 
25 36 51 70 75 63 32 21 16 15 16 13 10 9 8 7 26 106 80 16 12 14 13 12 10 10 10 9 10 11 10 9 10 10 9 10 9 9 8 8 10 11 13 13 12 11 10 10 9 8 8 10 9 9 9 9 10 8 8 8 7 7 8 10 
64 54 41 28 19 17 17 18 16 17 31 28 11 9 9 9 45 172 109 26 13 15 16 13 11 10 9 9 9 9 8 9 9 9 8 9 8 9 9 9 10 14 23 27 20 15 12 11 10 9 10 10 11 10 8 8 9 8 8 8 8 9 10 11 
19 18 18 17 16 16 16 20 16 17 55 59 15 13 15 15 48 151 109 33 18 44 60 28 12 10 9 10 10 9 9 9 9 9 8 9 9 9 9 10 11 22 65 92 59 23 13 10 10 10 9 8 11 11 9 8 8 9 8 9 9 9 11 13 
18 17 16 15 16 16 29 68 30 18 31 39 32 27 31 23 33 81 74 33 35 116 136 63 16 10 9 10 9 10 10 9 9 9 8 9 9 8 8 10 12 29 128 203 140 41 14 10 10 10 9 9 9 11 11 9 8 9 10 10 11 9 12 14 
17 17 17 16 17 17 30 62 30 20 31 59 88 71 34 25 37 42 46 28 53 143 159 86 19 10 8 9 9 9 9 9 8 8 8 8 8 8 9 12 14 29 136 236 167 53 15 10 9 8 8 9 9 11 11 10 9 9 10 11 12 13 14 15 
19 18 18 19 19 19 21 24 23 29 68 129 151 140 76 36 45 36 35 26 39 109 114 62 18 11 8 8 9 7 8 8 8 7 8 7 8 8 9 11 13 21 77 162 119 38 14 9 8 8 8 9 9 11 11 11 10 11 12 14 16 16 16 18 
21 20 21 22 23 23 23 22 23 32 90 135 138 132 89 48 51 39 34 28 26 57 43 28 15 11 9 8 8 7 7 8 8 7 7 8 8 8 9 10 11 14 30 56 43 20 12 10 10 9 9 10 11 12 12 12 11 12 13 15 18 19 20 22 
25 26 28 29 29 29 27 24 23 25 41 53 55 54 42 53 58 43 36 34 28 38 26 16 14 12 9 9 9 9 8 7 7 7 7 7 8 8 9 8 9 11 15 21 18 14 11 10 10 11 11 11 12 13 13 13 14 14 15 17 20 24 30 41 
32 32 34 37 36 34 33 29 29 28 28 28 27 26 42 90 55 50 39 38 31 34 36 17 16 15 13 13 11 10 9 8 8 8 9 8 8 8 8 8 10 10 12 13 13 11 10 11 10 10 11 12 12 13 14 16 17 17 19 21 25 39 68 94 
36 40 43 49 49 45 39 36 43 41 36 32 27 26 61 131 59 53 41 41 35 29 43 25 19 19 17 16 14 12 12 11 10 9 10 9 9 9 9 10 10 11 12 12 11 11 10 10 12 11 12 12 13 15 16 16 19 22 26 30 38 75 120 134 
43 49 58 90 138 108 59 42 41 42 43 41 34 28 55 159 70 57 45 51 40 31 35 43 22 21 20 19 16 14 14 13 12 11 11 10 9 9 10 10 10 11 11 11 11 10 9 10 12 12 12 12 13 16 18 20 24 30 42 57 70 113 146 148 
58 71 138 216 247 223 128 59 43 35 34 36 31 27 38 163 90 62 81 101 57 37 30 49 32 23 22 21 19 16 14 14 12 11 10 10 10 10 9 9 10 10 11 11 11 10 9 9 10 11 12 13 13 16 20 27 37 59 88 113 131 136 139 141 
99 161 240 255 255 254 228 147 72 38 33 32 28 25 24 122 112 74 150 174 101 47 32 34 53 25 24 22 21 18 16 14 13 12 12 11 10 10 10 10 10 10 11 11 10 10 9 9 10 10 11 11 13 18 29 56 81 109 141 157 161 153 145 138 
166 228 252 255 255 255 254 242 183 83 40 31 28 27 23 62 115 89 188 214 167 93 42 28 49 40 27 25 22 20 17 15 13 12 12 11 10 10 9 10 10 10 10 10 9 9 9 10 9 11 11 11 12 20 63 140 164 151 162 169 166 166 159 152 
149 229 247 254 255 255 255 254 242 159 87 53 35 29 26 34 96 87 174 222 215 170 80 31 38 59 28 26 23 22 20 17 15 13 13 11 11 10 10 10 10 10 9 9 9 9 9 10 10 11 11 10 12 19 74 181 203 159 157 155 154 164 157 149 
120 210 240 252 255 255 255 253 234 169 122 88 50 35 27 27 69 91 172 209 236 217 115 41 52 71 51 29 28 27 23 19 16 15 13 12 11 11 10 10 10 10 10 9 9 9 9 10 10 9 9 11 11 16 45 128 138 119 139 145 151 154 146 141 
133 162 231 243 253 254 253 239 194 142 116 77 54 41 26 35 80 104 190 201 240 223 113 67 100 103 96 42 36 33 30 24 19 16 13 11 10 10 10 9 10 11 10 9 9 9 9 10 10 11 11 12 13 14 21 45 61 78 109 132 142 139 129 124 
177 121 199 233 244 248 233 202 158 130 97 56 48 34 27 65 160 108 168 215 237 213 89 98 155 147 152 100 58 66 63 55 36 21 14 10 9 9 10 9 10 11 11 10 9 9 10 11 11 10 11 13 13 13 16 20 25 38 62 91 114 119 110 107 
229 164 142 214 226 219 193 168 148 121 82 63 50 31 28 93 184 137 148 219 238 196 71 128 189 182 194 181 104 131 141 128 90 46 19 10 8 9 9 10 10 12 13 11 10 10 11 11 11 11 12 14 13 13 15 16 17 19 27 45 72 87 90 94 
217 226 151 146 210 197 168 153 128 79 68 69 38 28 29 94 159 135 165 216 247 181 65 154 199 201 214 215 179 154 193 189 145 77 30 12 8 9 10 11 11 17 23 15 11 10 11 12 11 12 13 14 12 13 13 14 16 17 18 24 37 52 66 74 
162 202 216 133 141 199 186 140 89 60 77 46 31 28 38 115 135 78 168 203 251 171 69 175 201 212 221 223 221 177 204 212 166 94 39 13 11 11 11 11 12 28 67 32 15 11 12 13 12 12 12 13 14 14 13 13 14 16 18 20 22 28 37 48 
125 131 182 207 138 124 171 115 85 99 67 34 32 37 75 131 107 72 158 192 242 160 77 196 205 217 223 224 226 219 189 209 167 97 44 17 13 14 12 12 13 30 105 73 24 14 12 12 13 12 12 12 14 14 14 13 13 15 17 18 19 23 24 26 
117 117 130 152 158 112 79 89 113 75 39 36 46 119 195 204 175 159 204 204 213 155 82 209 209 222 225 226 228 231 211 175 159 94 45 20 14 15 13 12 14 22 92 133 48 19 14 13 13 13 13 13 14 13 14 14 13 14 16 17 18 20 17 15 
116 118 129 155 167 159 125 97 89 84 88 97 147 208 211 197 211 223 220 222 181 140 86 217 213 225 226 227 229 232 234 185 125 89 45 22 14 14 14 13 14 18 64 169 102 27 16 13 13 13 13 13 14 13 14 14 13 14 14 16 18 18 14 14 
113 123 141 158 162 158 144 128 191 235 238 241 242 237 231 229 230 229 222 220 194 99 84 221 217 228 229 229 230 232 237 231 139 70 42 21 13 12 12 13 14 17 41 150 172 51 19 14 13 13 14 14 13 14 14 14 13 14 15 16 17 17 16 14 
111 125 137 143 144 136 119 85 137 245 251 251 250 243 235 232 227 233 226 217 221 110 75 217 223 229 231 232 232 232 237 232 188 79 37 19 12 11 12 12 16 19 33 108 212 106 27 16 14 14 14 14 14 14 15 14 14 14 15 15 16 16 17 17 
111 125 128 131 130 121 105 55 51 176 244 251 251 246 239 233 212 234 224 214 221 185 75 204 230 233 235 237 235 233 238 232 177 113 44 16 11 12 13 13 17 23 33 78 201 189 56 17 13 14 14 15 16 15 14 15 14 13 14 15 15 15 16 16 
96 118 117 119 122 138 171 152 59 61 157 236 250 247 241 239 236 240 231 218 220 224 126 169 237 238 236 241 240 237 239 232 171 94 72 24 12 11 12 14 16 21 28 55 161 230 110 23 13 13 15 15 16 16 15 14 14 14 15 16 15 16 15 15 
49 97 124 166 211 241 253 250 199 99 57 130 225 247 244 243 243 243 239 223 219 223 192 121 216 238 241 241 245 239 242 236 174 85 63 52 19 12 12 13 16 17 19 32 106 206 144 38 16 14 14 16 16 17 17 15 14 14 14 15 16 16 15 16 
31 91 221 251 255 255 255 255 252 218 119 55 110 203 234 244 246 247 242 227 221 222 224 125 140 207 244 243 246 245 245 242 183 89 57 37 39 18 14 14 15 16 18 23 62 141 144 54 18 15 15 15 17 16 17 16 14 15 15 16 17 16 15 15 
31 48 162 249 255 255 255 255 255 253 225 135 60 78 164 227 243 248 246 232 221 223 231 192 112 152 220 245 246 247 245 241 194 98 62 30 24 36 21 16 15 15 17 19 31 70 110 73 25 16 15 14 16 17 17 16 16 15 15 16 16 16 16 14 
32 35 63 200 254 255 255 255 255 255 253 231 143 61 62 154 226 245 247 236 221 221 232 237 182 128 187 225 247 246 242 233 185 109 68 30 13 23 39 19 14 16 17 17 17 33 76 82 36 18 16 15 15 16 17 16 16 16 15 15 14 15 16 14 