


127 121 123 124 175 221 194 196 182 198 168 154 153 144 140 161 200 209 185 87 121 117 110 106 105 108 109 106 106 127 186 187 189 193 188 188 189 187 184 159 67 112 93 167 185 180 191 193 185 191 191 194 180 188 187 188 190 184 195 195 188 187 181 191 
129 126 124 129 176 210 190 193 192 186 194 168 185 153 141 170 206 204 181 109 140 114 112 108 108 110 110 108 106 118 173 192 188 188 194 186 184 188 191 155 102 168 172 180 187 187 187 188 193 190 190 189 192 187 182 190 191 190 189 189 194 190 183 189 
132 129 126 133 177 194 198 188 196 193 190 189 174 165 143 175 206 208 193 130 120 118 113 109 108 109 110 106 105 131 186 187 188 191 186 187 188 187 187 191 185 186 190 188 184 186 190 191 185 192 192 189 184 188 192 183 189 189 196 195 185 191 190 188 
135 128 127 133 180 191 183 200 182 199 183 191 174 175 147 195 212 206 201 142 119 115 111 109 106 106 106 105 104 120 175 192 188 185 191 187 187 189 190 185 187 192 186 184 190 187 189 190 195 187 191 192 189 190 183 191 190 186 194 194 195 193 182 191 
134 126 127 137 185 183 191 191 199 183 199 173 191 154 151 200 205 207 183 122 119 115 111 110 107 107 106 106 105 138 189 189 189 191 185 189 190 187 186 190 185 186 188 188 183 190 189 187 186 196 194 185 191 191 189 183 191 197 192 192 193 190 190 187 
131 122 121 137 188 190 196 193 191 195 185 191 175 161 175 213 207 207 176 123 121 115 111 109 108 106 107 105 107 121 177 191 189 186 191 187 187 190 188 185 190 189 184 185 191 183 192 192 191 187 193 199 184 187 188 187 191 184 198 197 189 189 186 189 
134 132 123 136 188 185 184 200 185 198 183 189 176 175 172 211 209 206 179 123 120 116 112 109 108 106 106 104 106 143 190 187 184 186 163 182 188 186 189 191 184 186 190 188 185 188 190 190 189 196 194 186 194 189 185 185 184 190 190 191 196 190 183 188 
134 132 136 139 193 178 199 187 203 182 201 176 188 155 177 210 208 209 176 123 119 115 112 110 108 107 107 104 107 123 179 166 127 137 112 126 163 186 189 187 191 187 186 187 192 182 192 193 190 195 196 195 184 190 191 182 187 187 194 197 184 190 192 187 
133 130 133 143 198 192 193 193 189 198 177 177 169 147 185 208 188 194 173 124 120 116 113 110 110 107 105 104 107 146 171 116 104 102 104 106 109 144 183 191 185 192 187 185 184 189 186 187 199 192 195 191 193 189 182 193 191 184 193 193 192 189 181 191 
132 123 129 144 200 185 169 182 186 193 158 160 160 168 207 210 154 158 152 121 119 115 112 112 112 111 105 104 107 113 115 103 102 101 103 104 103 105 129 172 197 187 188 186 189 179 190 190 183 199 196 189 187 190 190 184 190 194 189 189 193 193 188 182 
127 121 125 145 197 170 163 164 167 163 157 165 193 196 215 209 141 125 125 121 120 116 114 112 113 109 106 105 105 107 105 104 103 102 103 102 103 102 103 113 166 190 188 188 190 184 170 186 199 192 195 198 189 191 189 193 189 180 196 195 187 191 189 189 
129 123 130 145 197 167 166 184 165 173 183 194 210 204 214 176 125 121 123 121 120 117 114 113 112 110 107 104 104 104 103 103 103 104 103 105 104 103 102 104 163 180 187 190 188 176 143 188 191 204 196 192 195 193 188 187 190 187 187 189 195 191 182 191 
125 123 127 146 199 182 191 200 185 201 209 209 206 184 171 135 124 121 122 121 122 118 115 112 109 107 108 107 107 105 102 103 105 103 103 105 104 102 102 102 154 189 185 187 191 182 179 196 199 194 198 201 188 195 194 185 187 183 191 193 188 195 197 185 
126 126 135 159 206 210 213 207 203 208 212 209 194 143 130 127 122 122 122 122 123 118 117 114 110 108 108 106 105 103 102 108 144 114 103 104 102 103 102 102 118 166 194 188 183 193 188 189 196 197 195 193 198 191 188 194 188 182 194 195 192 194 190 192 
132 125 139 162 213 212 217 211 208 212 213 205 160 132 128 124 122 122 123 124 124 119 118 116 115 110 109 107 104 103 109 137 178 172 120 108 104 102 103 104 132 185 186 187 191 179 197 195 189 197 199 197 190 195 196 184 188 193 188 190 195 193 189 190 
134 116 129 156 206 195 215 211 207 213 202 174 138 133 128 125 122 122 123 124 124 120 117 117 116 112 111 108 105 109 131 180 189 191 182 124 102 102 104 108 167 189 195 188 184 194 187 195 201 192 198 199 192 192 189 192 189 182 197 196 187 195 196 189 
128 116 127 161 204 181 190 207 206 211 178 142 137 134 128 125 124 123 123 124 123 124 125 117 115 111 110 107 106 120 179 185 194 190 188 141 112 103 111 130 172 186 188 191 186 180 195 196 191 201 196 193 195 192 188 189 190 190 191 194 199 195 183 195 
125 114 128 164 211 183 137 203 205 203 158 142 137 133 130 126 124 123 124 125 128 164 143 117 115 114 111 106 107 123 186 187 184 189 191 166 147 104 116 171 179 188 183 190 187 186 188 193 199 192 200 201 187 196 195 184 189 188 192 195 192 197 194 189 
125 122 128 166 211 155 120 162 205 174 145 142 136 134 130 126 123 123 127 127 156 198 134 118 116 116 113 108 110 130 187 189 187 191 189 191 145 104 125 176 182 173 185 191 186 183 166 119 189 201 198 197 202 193 188 194 189 180 195 195 190 195 191 192 
121 120 130 166 189 124 116 135 201 177 142 138 136 136 131 125 123 126 150 131 171 177 124 119 117 116 112 108 108 139 193 191 189 193 190 185 145 118 172 179 176 182 182 190 187 181 163 125 192 197 201 201 193 196 196 184 192 193 187 190 198 193 185 192 
126 117 127 171 174 114 112 135 194 153 140 138 136 135 129 126 123 151 170 132 179 193 128 119 118 119 115 109 131 179 187 192 190 191 195 188 142 133 176 181 182 179 197 189 183 187 163 158 196 194 200 202 197 194 193 194 190 183 194 194 184 194 195 187 
110 113 127 174 169 117 114 139 185 146 139 140 137 134 130 125 127 167 170 160 204 172 126 122 121 120 114 132 188 186 188 185 185 191 187 186 170 151 181 180 178 194 190 197 192 179 157 101 187 199 199 198 201 196 192 192 190 187 189 192 192 191 189 195 
118 117 126 174 163 121 115 138 182 145 140 138 138 135 130 127 129 172 178 190 206 184 131 172 159 121 135 184 191 196 186 187 181 187 188 180 180 179 178 181 182 185 200 189 186 192 169 172 199 190 202 202 191 199 197 187 192 191 189 190 192 191 191 191 
119 117 121 178 158 118 117 144 186 144 140 138 138 136 131 129 154 181 179 152 202 173 172 207 203 170 188 192 201 190 199 191 185 180 180 183 177 179 181 181 180 188 189 192 191 184 161 111 189 202 197 197 204 196 190 195 189 182 193 193 182 191 195 189 
123 116 122 183 152 116 113 148 178 143 141 139 136 135 132 152 178 184 169 100 175 212 210 207 203 206 199 202 194 200 192 199 191 182 183 178 182 178 183 182 180 188 193 187 191 190 168 151 193 190 200 202 193 199 196 184 191 190 184 189 194 187 183 195 
120 114 127 187 147 114 113 169 181 141 140 138 135 136 139 177 183 179 170 107 179 215 214 206 210 204 207 196 201 193 202 190 194 187 183 183 177 185 179 181 182 183 193 191 193 190 159 147 191 193 196 197 196 195 189 190 188 185 192 191 184 193 194 186 
122 112 140 198 143 110 123 196 182 141 139 137 135 134 138 171 181 172 134 116 203 219 212 213 206 210 204 202 195 200 192 197 191 194 185 181 186 178 184 179 181 185 178 189 194 184 154 120 190 196 195 196 199 197 193 192 189 185 190 192 189 191 190 189 
122 108 125 198 140 110 123 195 161 141 139 135 134 132 138 176 178 171 155 184 215 217 217 210 209 204 208 198 203 193 198 189 198 190 186 185 177 185 177 185 185 180 186 179 190 197 164 175 194 191 198 197 193 201 194 185 190 192 184 189 193 188 185 193 
125 115 131 204 136 113 130 184 146 140 137 135 133 133 132 143 176 174 176 189 210 218 212 213 207 213 200 203 198 201 191 197 191 195 190 183 184 175 186 180 183 187 177 195 191 188 142 108 189 199 194 195 199 193 192 197 187 185 191 192 184 193 196 186 
123 128 144 201 135 116 128 184 146 141 137 134 134 132 128 127 149 178 171 178 208 213 218 206 211 205 205 197 203 195 197 189 196 192 195 186 179 183 177 185 182 178 187 184 193 197 165 168 190 188 196 196 193 200 198 187 190 189 183 191 193 187 183 189 
123 132 146 203 134 109 129 169 142 141 139 135 134 132 127 128 159 172 171 178 206 218 210 213 204 209 201 203 198 201 195 201 195 200 192 184 183 179 184 178 182 182 182 196 193 191 153 144 190 193 196 197 198 196 195 191 188 188 187 191 189 184 182 185 
124 120 147 202 127 104 131 168 142 138 137 139 139 131 128 126 149 178 177 183 212 215 219 214 214 206 209 204 205 200 202 198 203 196 194 184 183 185 182 184 182 183 187 189 188 187 148 142 192 193 194 195 198 193 194 195 187 186 193 192 183 192 190 179 
119 123 153 201 126 107 157 169 142 137 139 153 156 137 127 135 156 195 201 205 216 216 213 219 210 209 198 205 202 203 198 199 197 197 191 184 181 184 184 184 182 179 184 189 191 191 162 178 195 188 199 198 193 204 199 187 194 190 183 190 195 186 186 192 
118 114 153 201 122 110 193 168 142 139 147 161 160 158 136 164 196 209 208 211 219 214 221 214 211 149 100 190 207 203 203 200 195 195 192 185 184 181 187 182 185 185 183 195 188 186 132 111 188 196 190 197 203 193 195 195 188 185 190 190 185 191 189 185 
122 110 151 201 121 115 197 168 142 141 155 163 160 174 179 144 202 208 211 208 211 218 215 218 162 74 69 167 205 206 203 199 197 198 197 185 185 187 177 189 185 191 196 183 196 198 132 87 183 189 198 198 197 199 195 190 189 188 188 186 184 190 190 182 
118 112 159 199 120 119 196 167 142 140 156 161 159 176 208 178 200 206 207 209 216 214 219 212 194 146 101 167 204 206 203 203 197 200 188 186 187 182 187 181 189 194 188 197 192 193 123 100 188 195 195 201 200 201 196 189 192 190 182 188 187 182 185 192 
116 116 158 196 114 117 199 165 143 143 157 160 158 177 212 204 203 205 206 212 214 220 215 220 213 210 101 172 205 205 205 200 203 196 192 183 185 189 181 191 183 194 201 190 194 191 121 97 188 195 194 202 205 196 197 199 184 186 190 187 178 187 188 181 
109 116 159 196 111 118 200 164 143 142 153 162 158 176 211 207 205 207 205 202 216 213 219 213 216 204 100 175 206 205 201 204 196 205 193 191 188 185 197 192 197 196 196 198 191 191 123 97 188 191 202 199 195 205 199 188 193 191 180 187 189 183 184 183 
108 119 158 193 112 118 202 192 146 143 151 160 156 176 211 207 204 205 190 180 167 197 185 209 200 206 97 174 207 204 205 200 203 192 199 189 190 191 191 201 197 195 198 198 188 189 114 111 192 197 190 202 203 193 195 196 188 188 184 187 188 183 183 186 
102 121 159 190 110 122 206 209 157 144 148 152 154 178 208 205 197 188 171 172 115 139 103 135 106 123 71 175 208 205 202 205 197 203 194 192 191 196 201 196 192 189 197 192 190 180 109 104 190 191 198 200 199 200 197 195 190 188 189 184 182 191 187 176 
106 124 164 190 112 130 208 207 155 143 137 140 147 157 194 203 198 177 119 158 200 211 185 189 97 67 125 198 207 205 203 200 209 198 202 190 196 204 200 195 200 195 194 198 177 102 73 119 193 196 197 199 197 202 196 190 197 191 180 190 189 181 185 186 
111 116 162 189 114 167 214 209 156 141 135 133 131 126 139 180 203 177 126 116 207 212 215 209 186 159 204 206 204 205 199 209 201 207 201 201 204 206 202 202 197 201 200 181 166 81 115 175 193 196 196 202 204 192 200 200 187 190 189 184 184 185 186 184 
109 123 167 188 118 180 220 211 161 144 136 132 125 123 125 147 186 175 107 117 207 214 211 213 210 211 208 209 205 202 205 194 211 195 196 203 205 206 208 195 203 195 191 195 165 80 162 192 193 194 202 197 197 205 198 193 195 190 187 186 184 189 188 179 
121 137 175 189 122 184 221 220 201 148 136 133 126 121 124 124 164 176 147 168 208 209 214 209 212 209 207 207 205 193 184 158 157 171 196 200 204 206 201 204 194 198 198 193 165 74 165 186 196 199 191 201 202 195 198 197 195 190 181 191 190 180 186 188 
116 135 173 184 119 183 217 220 211 147 133 130 124 120 124 121 151 173 182 189 206 213 210 213 211 214 207 209 204 140 131 130 119 166 204 207 204 205 206 193 205 202 195 191 159 72 169 194 189 193 202 198 198 197 199 198 187 189 189 184 185 188 185 182 
111 127 172 182 118 183 219 225 208 143 135 129 125 119 119 119 122 147 170 183 205 210 213 211 211 207 202 201 183 133 119 120 120 139 196 199 210 207 201 206 201 199 199 189 124 66 169 187 194 196 195 195 198 203 193 171 195 190 184 188 187 183 183 181 
124 126 171 179 117 186 219 226 206 144 134 127 123 118 118 118 117 123 157 174 205 215 211 213 206 206 188 173 138 123 116 120 122 124 149 201 204 204 205 204 202 202 199 128 47 74 173 193 194 195 195 203 189 158 185 91 155 193 190 189 189 179 183 190 
131 131 171 180 118 186 218 226 217 158 133 129 123 117 118 117 116 115 127 135 181 204 214 211 213 199 184 134 122 119 118 120 123 126 122 161 205 205 202 202 206 198 193 103 92 162 191 192 189 193 200 167 88 55 117 76 85 154 191 184 184 192 185 177 
118 123 169 178 118 185 216 224 225 198 140 129 123 116 115 116 114 113 116 126 140 176 187 212 212 205 163 121 118 118 120 122 123 121 121 147 200 200 203 204 192 201 195 116 111 190 190 186 194 186 134 65 54 82 155 127 72 93 156 189 187 178 185 183 
112 124 172 178 138 202 219 224 225 220 170 126 120 114 114 112 112 113 115 121 125 131 138 197 205 162 125 117 117 115 116 117 119 124 120 147 203 207 206 194 203 197 194 107 113 188 191 192 168 92 59 65 120 182 203 195 161 174 93 138 131 128 184 188 
108 125 172 175 153 212 223 223 223 224 208 139 119 113 112 113 112 112 113 116 118 123 124 142 148 126 121 117 116 115 115 117 116 117 121 150 205 207 202 209 193 200 196 107 120 192 191 151 78 66 87 150 193 203 188 195 194 184 112 149 106 117 164 153 
117 134 175 195 184 216 220 217 223 221 215 181 122 112 111 113 114 113 111 114 116 116 119 121 123 123 119 117 114 114 116 118 118 117 117 153 202 209 208 201 206 202 164 95 114 185 125 67 56 93 172 199 193 183 192 193 191 188 181 186 177 137 69 59 
119 126 175 210 214 224 209 213 222 219 213 196 122 98 112 113 114 114 111 113 115 115 115 119 121 119 118 116 115 116 117 116 117 117 118 153 205 202 203 208 203 181 75 58 142 192 142 79 130 183 198 191 195 197 199 196 186 192 192 177 182 177 108 64 
121 129 173 209 219 223 209 211 218 216 211 179 91 92 136 133 113 111 112 120 123 114 116 119 119 118 117 117 115 115 117 114 115 119 115 154 200 206 208 204 204 172 73 141 188 192 189 179 193 190 190 198 197 201 193 194 196 186 183 185 179 185 177 162 
118 124 173 209 218 214 214 210 218 212 182 102 107 164 173 174 124 122 127 170 140 113 115 117 118 117 117 117 116 115 114 114 115 115 117 156 208 203 206 207 203 144 74 175 192 190 190 193 186 191 195 198 197 194 203 198 189 188 183 187 184 172 185 188 
110 122 173 209 215 170 216 213 215 175 102 123 174 175 175 181 166 169 182 190 137 112 115 116 119 117 116 118 116 115 114 114 117 117 116 163 199 206 208 185 120 61 80 184 191 194 190 186 190 192 194 188 199 202 193 195 189 191 189 177 186 185 181 186 
106 117 180 216 211 163 215 207 210 122 128 174 152 170 172 178 184 192 190 193 138 112 114 116 117 116 114 117 116 113 113 114 115 116 115 161 205 205 198 104 64 100 159 197 195 187 191 192 187 189 190 200 195 194 193 196 195 186 185 186 184 186 184 179 
111 116 183 217 177 144 215 201 201 130 177 131 94 105 138 174 179 180 189 188 136 111 112 115 115 115 116 117 115 113 114 113 113 116 117 168 200 205 193 91 127 188 198 198 191 197 192 190 184 191 195 188 196 196 197 193 187 193 190 187 187 183 188 187 
115 116 183 216 163 143 215 206 167 112 177 112 88 82 95 159 172 171 173 183 134 113 113 113 112 114 117 114 113 114 114 113 116 117 115 158 203 202 165 84 159 198 197 196 199 190 190 189 193 187 188 195 198 199 189 195 194 190 188 183 190 189 183 183 
121 121 180 206 134 181 219 213 166 152 161 93 88 84 83 119 171 168 171 155 117 112 113 112 112 114 115 114 112 114 114 114 114 115 114 124 165 125 70 73 169 197 201 196 189 191 191 192 184 192 193 196 196 195 199 194 191 185 188 191 185 183 185 183 
123 125 176 207 200 214 221 215 163 157 133 87 85 85 83 89 145 173 168 135 111 110 111 111 111 113 113 112 111 111 112 113 114 116 113 115 110 71 95 155 195 199 194 196 194 194 189 189 192 188 191 190 198 197 193 192 188 193 191 183 186 182 188 188 
122 124 176 211 182 163 221 209 133 157 129 81 86 81 83 81 98 162 170 131 109 109 110 110 112 112 113 112 110 110 111 112 115 115 114 110 111 127 187 199 199 192 199 196 193 186 193 192 186 188 188 195 193 195 194 195 195 186 189 185 187 187 180 182 
119 120 177 205 142 184 216 194 113 169 133 82 83 83 78 82 81 123 170 133 108 109 111 109 109 110 112 110 110 109 111 110 114 115 110 111 111 145 195 196 197 201 192 191 189 192 188 190 187 190 189 187 195 194 196 190 188 189 187 188 183 182 187 182 
105 117 176 210 208 199 154 193 145 185 153 88 85 78 76 78 82 114 172 129 110 107 109 108 109 110 111 111 108 107 111 112 111 116 113 109 111 144 195 198 199 191 192 195 195 183 190 191 193 183 188 191 194 194 186 191 188 190 186 181 187 184 184 187 


132 122 122 124 173 221 215 214 211 217 203 199 195 191 186 184 182 185 169 93 115 109 102 100 99 101 104 100 102 94 83 85 85 84 86 86 83 84 86 82 64 76 67 80 85 87 80 77 84 82 82 78 92 84 84 86 89 98 82 80 87 89 93 79 
133 127 124 129 171 217 213 216 214 213 215 203 208 193 188 183 184 182 166 105 130 107 106 100 102 103 105 103 100 96 90 84 87 88 83 88 86 83 83 83 71 77 84 86 83 84 84 82 82 87 84 84 87 86 87 80 85 89 90 87 81 86 91 84 
137 131 128 133 173 210 216 214 217 216 216 213 204 198 186 183 183 185 172 117 112 112 106 102 100 103 105 99 100 94 83 87 88 85 87 85 85 83 84 83 84 84 82 83 89 88 82 82 89 83 83 86 96 87 77 88 85 89 83 81 90 84 81 78 
140 131 128 133 177 208 210 219 209 218 213 214 203 203 187 184 187 184 181 129 112 106 103 101 100 101 98 99 99 94 84 84 88 86 84 86 85 83 82 84 81 80 83 83 82 88 85 83 83 88 84 101 161 147 90 80 83 92 87 84 81 85 92 75 
138 127 127 136 181 205 212 214 217 210 217 204 209 197 187 184 183 184 165 111 110 106 102 102 99 100 100 100 99 91 80 84 84 82 86 87 84 86 87 81 83 82 80 80 83 82 85 86 88 85 102 163 185 138 85 86 83 80 86 86 83 81 79 81 
135 123 119 134 185 208 214 214 214 214 210 212 206 196 186 188 184 184 160 113 112 107 102 99 99 101 101 100 101 94 84 80 84 84 84 92 86 86 87 84 81 81 83 82 79 87 83 83 85 103 168 189 133 87 83 85 85 96 84 86 89 86 86 77 
136 133 122 133 186 207 209 218 211 216 208 212 205 202 185 188 185 183 162 113 113 108 102 99 100 99 101 98 101 92 81 83 83 83 94 93 85 87 86 81 82 81 81 83 85 83 87 87 104 172 190 137 85 83 84 83 87 92 91 92 80 87 89 76 
136 132 135 138 191 205 215 213 218 209 216 208 206 193 186 186 185 185 160 111 112 107 104 100 99 100 98 99 101 93 87 87 93 93 100 104 90 83 86 86 81 82 83 82 80 96 92 106 169 191 188 115 91 80 78 86 84 93 88 85 92 85 79 80 
136 131 134 142 197 212 215 215 213 214 207 206 199 187 188 184 167 174 157 114 110 105 103 101 101 98 98 97 100 91 86 96 98 96 99 101 97 90 86 92 123 92 82 83 88 124 160 170 195 188 188 113 83 82 83 79 84 96 88 89 84 85 88 76 
134 124 128 141 200 208 205 211 210 212 198 197 196 195 191 187 137 141 138 109 107 104 102 102 104 104 97 99 101 96 95 97 96 96 97 101 98 98 97 140 184 138 105 87 144 143 185 187 181 192 158 97 89 82 79 85 86 91 89 90 83 81 81 84 
130 122 123 143 199 201 201 204 204 200 193 195 208 205 194 185 125 111 113 109 106 104 102 103 106 100 99 98 100 101 99 98 97 97 98 97 99 97 97 109 132 130 143 125 138 106 142 183 194 166 93 81 84 80 79 77 82 92 81 83 94 82 79 79 
131 124 129 143 200 202 201 206 199 200 204 207 218 208 193 158 108 107 109 109 110 105 103 104 102 101 98 98 98 98 98 97 96 99 95 102 98 96 96 99 152 138 117 153 138 108 135 186 188 160 88 86 80 82 79 78 80 85 92 88 82 82 82 76 
126 125 127 143 202 208 211 213 204 209 215 214 214 185 153 121 109 106 108 107 112 108 105 102 101 99 100 101 102 97 95 98 97 97 97 98 100 95 95 97 116 137 162 115 169 144 156 191 194 153 88 82 90 81 76 80 81 87 84 80 91 82 75 78 
128 126 133 155 207 217 218 213 207 212 216 214 198 131 113 114 109 108 108 110 113 107 104 104 101 101 101 99 98 97 94 100 133 105 95 100 97 97 95 95 95 138 190 171 173 140 140 186 169 104 88 87 81 81 82 78 81 89 82 82 87 83 81 75 
133 125 134 158 212 213 218 212 209 215 217 210 152 114 112 109 109 108 110 111 113 106 106 105 107 101 101 99 96 95 101 126 162 156 112 101 98 96 95 97 121 169 176 174 175 162 189 188 116 89 89 85 87 81 79 86 82 80 84 81 86 83 80 77 
136 115 125 152 205 196 217 212 208 215 205 170 119 115 111 109 108 109 109 110 112 109 106 108 108 104 105 101 95 99 118 164 173 174 166 117 94 97 97 97 154 175 178 172 171 186 185 187 114 95 100 90 86 86 83 79 79 86 79 80 90 81 77 81 
130 114 124 158 203 183 194 208 207 215 173 124 116 114 111 108 109 110 110 109 111 112 112 106 107 101 103 100 99 109 163 170 177 174 173 130 104 95 101 108 157 171 173 175 171 174 191 180 104 86 99 100 85 84 81 81 80 82 87 85 80 81 83 76 
124 113 125 160 209 185 143 204 204 204 146 123 116 114 113 110 108 110 111 112 113 145 128 106 105 105 102 99 99 113 171 172 170 174 174 153 136 99 101 122 147 170 169 175 172 179 178 116 85 93 87 86 90 82 79 83 81 81 83 83 86 80 78 82 
124 121 124 161 210 162 126 164 204 167 128 123 115 117 117 110 109 109 111 111 137 176 121 105 105 105 104 99 102 119 171 174 172 175 174 175 136 96 104 123 127 139 166 175 171 177 160 78 89 87 90 88 80 83 84 80 81 86 80 81 88 83 80 79 
122 119 128 160 192 130 123 139 201 171 123 118 116 121 119 110 107 107 99 112 149 160 111 107 105 107 103 100 99 121 175 174 173 176 175 171 133 103 120 123 124 128 155 174 171 170 155 75 89 96 91 84 84 79 79 88 79 79 81 80 81 82 83 77 
125 115 124 165 178 122 120 139 192 139 119 118 117 118 113 111 108 95 88 114 161 173 115 107 107 109 107 98 114 139 162 174 173 175 178 172 129 106 124 125 126 149 179 174 170 171 145 84 89 96 90 86 83 83 82 82 82 83 76 76 89 80 77 83 
109 111 125 169 173 123 122 142 180 127 117 118 118 116 113 110 109 89 93 152 193 155 112 109 110 112 104 119 169 161 146 155 160 175 172 159 126 114 124 125 125 162 177 180 176 168 146 74 91 86 86 87 86 84 82 83 79 78 77 77 79 84 85 77 
117 115 123 169 167 125 122 142 178 128 119 116 119 118 114 112 107 85 110 196 196 165 116 150 143 109 121 166 174 177 163 136 130 158 159 129 124 125 125 125 126 159 182 174 172 176 149 88 88 91 84 85 94 83 80 85 81 80 78 79 82 84 82 83 
118 114 118 174 163 124 123 147 183 127 121 118 120 119 114 111 96 81 117 168 192 154 151 186 181 153 169 174 181 174 179 164 134 127 129 126 124 127 126 125 129 164 175 176 175 171 150 84 95 84 90 90 88 87 89 82 83 83 75 80 89 83 78 84 
123 114 119 180 159 122 121 150 172 124 123 119 119 118 114 100 85 81 111 127 167 188 188 185 182 185 181 181 176 181 175 180 167 135 126 126 125 125 127 126 128 164 176 172 175 175 153 86 88 89 86 87 92 84 84 94 80 77 84 82 77 84 84 76 
119 112 124 184 154 121 121 170 176 123 123 119 117 119 114 89 85 109 137 132 169 191 190 183 187 184 186 178 181 175 181 174 177 162 129 126 126 126 129 126 127 143 172 174 176 174 144 82 88 88 89 90 88 88 87 88 84 85 79 77 86 79 77 84 
121 109 137 196 150 118 128 198 176 123 121 118 117 118 116 99 96 149 141 136 189 195 190 189 185 188 184 182 171 179 175 178 174 169 132 127 128 126 126 127 126 127 137 168 177 171 143 75 91 90 96 97 96 93 88 92 87 86 83 80 81 83 85 81 
121 106 121 197 148 118 129 195 147 122 120 115 116 116 113 93 96 152 160 194 198 193 192 187 186 184 186 180 143 146 180 173 179 169 135 128 126 126 126 127 128 126 129 149 174 180 144 84 92 106 94 97 111 92 90 105 90 84 94 83 79 84 85 77 
124 111 127 203 145 121 136 183 126 118 117 114 114 118 117 107 92 132 171 185 190 193 190 190 184 191 182 183 134 132 168 178 175 178 164 131 127 125 126 127 127 127 142 175 176 175 133 79 98 93 105 102 95 104 99 83 93 95 84 82 87 80 78 84 
122 124 140 201 143 124 135 181 128 120 117 115 116 117 112 112 103 114 163 166 187 191 194 185 188 186 184 177 131 107 137 169 178 176 173 135 127 127 125 128 126 126 152 169 177 181 148 93 92 99 91 98 112 93 91 92 87 89 90 83 79 88 87 76 
121 129 143 203 141 118 134 159 119 121 120 117 118 116 112 114 97 115 160 165 185 195 188 189 184 186 180 180 126 89 108 140 178 181 171 132 127 127 126 126 127 127 152 178 177 179 139 89 97 99 96 98 100 91 87 89 92 95 88 84 89 89 87 85 
122 116 143 202 136 114 137 158 120 116 118 118 119 114 114 113 105 121 164 169 189 193 195 191 191 184 186 182 126 90 88 130 183 178 170 131 129 129 127 127 127 129 157 173 174 175 137 95 98 98 100 99 96 95 86 87 101 96 82 86 99 84 81 91 
118 120 149 203 136 116 161 159 121 115 117 119 120 116 112 119 135 165 181 184 192 193 191 194 188 187 178 183 121 89 88 100 157 178 167 130 127 128 126 127 127 126 157 174 177 177 145 93 93 104 96 95 107 86 89 104 89 84 96 86 81 92 89 80 
117 113 149 203 131 118 193 155 120 118 118 119 118 125 120 144 175 185 186 188 194 191 196 190 188 141 100 169 121 90 87 91 128 176 167 131 128 126 128 128 128 139 165 178 174 173 129 88 92 91 107 93 86 93 91 88 97 92 82 86 94 85 85 91 
121 106 146 203 129 121 199 154 120 120 121 121 119 136 159 127 179 185 188 186 189 194 193 194 152 83 77 150 120 90 90 91 132 180 169 131 127 129 127 129 133 168 178 169 180 183 133 69 94 105 94 91 89 86 91 95 91 88 91 91 95 84 85 93 
116 107 154 201 128 125 198 155 119 118 122 122 118 139 185 158 178 184 185 187 193 192 195 190 176 139 103 154 152 97 90 88 132 180 163 129 129 127 127 128 137 173 174 179 179 182 123 88 99 96 95 89 89 89 93 97 91 87 101 89 87 95 92 79 
114 112 152 198 124 124 199 152 120 121 122 121 121 142 187 183 182 184 184 189 192 195 192 195 191 188 104 157 152 95 89 90 135 178 163 129 129 130 134 131 139 176 183 176 180 179 122 82 97 93 98 91 90 96 96 87 100 92 82 90 101 86 87 97 
107 111 155 199 122 124 201 153 121 121 122 124 123 143 187 185 184 185 184 182 192 191 194 191 192 183 102 155 116 91 90 89 136 183 165 131 129 129 159 158 173 180 180 182 178 179 124 73 93 97 89 95 101 90 95 99 86 84 96 88 85 91 85 88 
106 116 154 197 122 124 204 187 125 122 123 121 119 144 187 184 183 184 174 166 155 177 168 187 179 186 100 155 120 96 90 90 139 174 166 133 132 134 164 182 180 180 182 183 177 178 114 93 91 88 102 92 91 102 95 93 92 86 88 87 86 91 88 84 
99 117 156 195 120 128 209 211 140 124 121 118 117 146 186 183 178 172 161 170 117 134 104 131 108 121 79 155 119 98 93 98 154 183 165 134 136 161 180 180 177 174 180 180 177 169 113 73 92 97 92 96 99 94 96 95 94 87 85 93 97 78 81 102 
103 119 160 195 122 135 212 209 139 124 118 116 114 132 172 182 180 167 135 164 181 189 169 173 102 77 121 173 118 97 104 155 186 180 169 139 165 185 183 180 183 180 179 181 169 104 79 87 91 89 98 96 97 93 96 100 86 87 101 82 83 96 85 89 
109 111 156 193 122 170 217 210 141 123 117 115 112 113 125 161 183 169 152 131 185 190 192 187 170 150 183 183 137 113 162 186 183 187 175 174 187 188 185 184 182 184 183 172 157 89 90 91 91 90 100 91 93 107 92 88 99 88 85 90 96 90 84 91 
106 119 161 191 125 181 223 212 147 126 118 118 112 110 114 132 168 168 134 131 186 191 189 189 188 189 187 187 180 174 183 175 188 170 162 186 188 190 188 180 184 181 180 180 157 85 93 89 95 96 88 96 99 92 96 97 88 86 90 88 92 84 84 97 
118 135 170 191 129 185 223 218 183 131 119 121 115 109 114 114 149 170 168 173 186 187 190 187 189 188 185 187 185 173 165 144 143 150 166 185 187 189 185 186 178 182 183 178 155 76 89 99 87 88 99 91 92 102 93 93 91 88 94 81 83 95 83 80 
113 131 168 187 126 184 221 220 193 130 116 117 113 109 115 112 138 165 194 190 185 190 187 189 188 191 186 188 184 126 118 121 109 152 187 188 190 189 186 178 186 185 181 178 150 78 92 86 92 95 88 95 94 100 93 90 99 87 82 93 94 82 83 93 
109 123 167 186 125 185 220 208 185 125 119 115 113 109 111 111 113 138 169 174 185 190 191 190 189 186 182 182 164 122 109 110 111 129 178 183 191 189 185 187 183 184 185 175 123 70 83 99 88 90 95 97 94 91 98 94 87 89 97 84 83 87 85 92 
123 124 165 183 124 186 218 203 182 127 117 113 113 109 109 110 109 112 150 162 185 195 194 193 186 187 182 159 125 112 105 110 112 117 139 184 188 187 185 184 185 185 183 130 60 71 92 89 87 90 97 90 91 99 91 74 98 93 90 85 82 92 84 79 
129 130 166 185 125 187 217 202 192 140 116 115 114 109 110 109 108 107 119 125 169 200 197 195 194 199 195 126 112 107 108 110 116 120 114 152 188 188 186 184 187 184 179 106 93 87 86 89 93 91 90 98 76 59 79 74 88 84 85 91 86 81 86 96 
116 121 164 182 125 187 215 199 198 176 125 115 113 107 106 108 106 106 107 120 136 182 177 203 203 210 166 111 108 108 109 113 115 113 116 135 183 185 186 185 178 184 181 122 87 102 90 98 88 90 98 70 68 71 83 81 81 75 90 79 83 98 84 84 
109 122 166 182 142 205 206 196 197 195 154 112 109 105 105 103 105 105 107 113 118 123 128 188 199 152 114 107 107 104 107 107 111 119 112 137 186 190 187 180 185 184 183 110 83 108 94 88 100 77 72 77 84 92 87 91 111 87 68 87 84 83 88 84 
105 122 167 178 155 214 205 195 196 198 186 126 109 107 103 106 106 105 105 108 110 114 115 129 139 116 111 107 108 105 105 107 109 109 115 139 187 190 184 188 178 184 184 114 97 96 90 104 79 81 92 112 94 88 100 92 95 91 76 90 72 69 91 103 
117 132 170 196 186 208 195 190 195 195 191 164 113 102 103 104 107 106 103 105 109 106 109 111 114 114 109 107 105 106 107 108 109 109 109 140 185 190 188 183 188 186 156 106 79 102 89 73 67 78 105 89 89 100 93 95 103 101 93 84 85 91 63 65 
116 125 170 209 208 200 198 194 194 192 189 177 116 96 106 107 108 109 103 106 107 106 107 110 113 109 108 106 106 107 108 108 109 109 110 140 187 184 184 188 186 170 85 67 99 93 86 75 88 91 87 100 93 88 91 90 114 88 83 99 89 83 72 66 
118 127 168 208 208 199 209 201 191 191 188 165 98 104 137 130 108 107 105 113 117 106 106 109 110 109 107 108 105 105 110 106 106 113 107 141 183 187 187 185 187 162 81 88 91 90 91 100 87 92 96 93 94 89 97 92 91 89 91 88 86 83 87 91 
115 121 167 207 200 187 201 200 190 188 166 106 122 183 186 174 121 118 122 166 134 105 106 108 110 108 109 109 108 106 105 107 106 106 109 145 189 185 187 187 184 142 75 88 100 96 91 87 99 90 89 89 91 92 88 91 99 90 94 88 86 98 82 79 
106 119 168 205 192 153 196 200 189 161 108 137 192 193 193 188 164 167 179 186 133 105 107 109 112 110 107 112 109 106 107 106 108 110 108 148 183 187 188 169 123 74 76 94 100 90 92 96 90 89 89 95 88 83 92 92 98 87 86 104 87 85 98 87 
104 113 175 210 188 147 195 201 188 122 140 190 167 188 190 196 185 188 187 189 134 106 106 110 110 108 107 109 109 107 107 107 108 108 108 150 187 186 181 108 78 93 93 96 97 99 95 92 94 92 95 91 95 93 94 94 95 97 92 89 91 88 90 99 
111 112 178 212 167 132 195 203 185 131 189 148 113 124 154 193 191 187 189 186 132 105 107 107 108 108 109 110 108 107 108 106 105 110 110 153 184 187 176 99 95 95 98 96 102 90 93 95 98 90 90 101 94 92 94 98 105 87 86 91 91 101 85 80 
115 112 178 212 156 130 193 203 160 120 191 132 108 104 114 176 191 189 187 188 129 108 107 108 104 105 110 107 107 109 108 109 109 110 107 146 185 184 154 94 91 103 106 99 92 97 94 95 89 96 96 92 92 94 110 93 89 93 90 100 85 84 101 94 
120 119 176 207 134 161 192 190 156 162 179 114 110 106 105 136 188 186 189 159 111 106 107 106 106 107 108 108 104 109 109 108 109 109 108 114 151 124 84 83 100 105 96 96 102 92 89 89 99 92 91 94 99 102 95 94 97 101 91 88 94 93 86 85 
122 125 173 207 181 186 193 188 154 167 151 107 107 107 105 110 162 191 187 143 108 105 108 107 105 107 108 105 105 105 106 106 109 109 107 110 106 82 87 93 98 99 102 98 96 90 95 98 93 97 96 104 92 96 108 95 101 89 89 100 93 91 81 77 
122 125 174 208 167 146 194 185 128 168 146 102 108 104 105 105 118 181 190 140 105 105 108 106 108 107 109 107 104 102 105 104 109 109 108 104 105 103 95 96 96 104 96 97 97 94 89 93 102 100 96 93 104 106 105 94 91 104 90 91 86 86 100 93 
119 119 173 207 144 164 189 177 119 184 154 104 106 107 103 106 105 144 191 139 104 104 106 108 106 106 108 105 106 105 106 104 109 110 105 107 107 102 97 100 100 95 104 102 98 88 93 95 97 91 97 107 95 95 93 100 99 92 90 86 94 93 85 87 
102 115 172 213 197 177 141 175 151 200 173 110 107 102 100 101 106 136 193 135 105 106 107 104 105 105 104 108 105 102 107 106 105 111 109 105 105 105 96 97 98 106 100 97 93 101 89 93 88 107 99 96 93 97 111 91 93 88 92 102 86 86 82 81 


114 102 103 104 152 201 205 206 208 210 206 207 202 203 199 186 162 164 152 92 125 138 135 133 135 138 140 137 136 111 54 54 52 49 53 55 51 52 56 58 69 70 67 55 56 59 46 40 53 48 49 42 66 53 53 53 56 71 45 44 53 57 69 44 
115 108 106 109 149 201 206 209 210 210 212 208 207 203 200 179 163 161 150 112 142 136 134 135 136 138 140 137 137 124 70 50 55 57 49 58 55 52 51 63 69 51 59 59 53 52 53 49 45 53 50 51 55 55 57 46 49 56 57 54 42 52 63 51 
118 112 109 114 152 197 208 209 212 214 215 212 205 204 197 178 161 164 158 137 138 138 136 134 135 137 139 137 134 110 51 54 57 53 55 53 52 51 52 49 53 54 50 51 61 58 49 46 58 50 49 55 68 54 41 58 53 57 46 43 59 52 49 43 
122 112 109 113 156 196 205 211 205 211 212 212 206 203 196 167 164 163 163 144 138 137 134 135 135 133 136 134 134 122 59 49 57 56 51 55 54 52 49 52 48 44 52 53 49 55 51 48 47 57 49 63 113 101 59 46 49 63 52 49 41 48 64 38 
122 109 106 116 161 196 203 208 208 206 210 204 205 206 194 164 160 162 156 137 139 137 136 134 135 134 135 137 135 102 46 49 50 48 56 54 50 56 56 47 51 49 47 47 52 46 50 52 57 48 63 116 129 91 50 55 48 43 51 52 47 43 42 45 
118 104 99 115 165 198 203 206 207 209 206 210 206 202 180 165 161 162 153 140 138 135 134 132 134 134 137 135 139 121 57 44 50 52 51 62 55 55 55 51 47 47 51 50 43 56 48 48 51 67 115 129 91 53 51 54 52 68 46 47 55 53 55 40 
119 113 102 114 166 198 202 207 208 210 206 210 207 202 180 164 162 161 157 139 136 135 135 132 133 134 135 135 137 96 47 49 52 51 83 70 53 55 55 44 50 48 47 50 54 48 53 53 65 116 133 96 46 49 53 52 56 60 58 58 41 53 59 40 
119 113 115 119 171 199 205 208 210 206 210 211 201 198 180 163 162 163 156 140 135 135 134 134 134 134 137 134 138 116 60 71 109 99 134 123 76 50 53 54 46 49 50 50 44 64 55 63 115 131 129 73 60 44 41 54 51 63 52 49 61 51 43 44 
119 111 113 123 177 201 206 208 207 207 206 206 200 195 178 162 157 158 156 140 136 134 135 134 134 135 134 134 136 91 66 121 134 134 133 137 128 93 58 55 83 55 48 49 55 79 113 118 133 130 131 74 48 46 53 42 47 67 53 55 49 52 58 39 
118 104 108 121 180 200 202 207 205 204 200 201 201 197 170 164 147 147 149 136 134 134 134 134 137 138 134 132 136 127 122 134 134 134 137 135 135 134 112 105 123 94 65 51 96 100 127 128 127 129 105 63 58 46 45 53 50 57 55 58 47 44 45 52 
112 102 105 125 180 195 201 206 205 201 195 197 204 196 170 164 143 136 140 134 134 135 135 135 136 137 136 134 134 136 136 134 135 134 134 136 134 133 133 131 102 82 96 82 90 67 101 127 130 114 51 41 50 43 43 40 46 62 42 45 63 47 42 42 
114 105 110 124 182 198 200 198 198 196 199 200 208 195 168 154 135 135 137 135 135 135 134 134 137 135 136 133 133 134 134 135 135 136 137 135 135 133 133 132 124 96 74 103 93 75 115 128 128 103 50 48 42 44 43 43 43 51 61 55 45 44 48 37 
109 107 108 123 184 202 201 199 195 196 203 203 202 184 152 140 137 136 136 135 136 136 136 135 133 133 136 136 137 135 133 132 135 136 134 137 134 134 135 133 100 87 112 72 113 101 111 131 130 103 49 41 56 43 37 46 46 56 49 43 58 42 33 41 
111 108 112 134 185 201 200 197 191 197 203 202 192 149 139 137 135 137 138 135 138 135 136 135 134 133 135 134 136 133 131 133 146 137 136 134 134 135 135 134 120 110 130 126 132 94 92 128 114 60 50 51 41 44 47 40 45 58 46 43 51 44 43 35 
113 105 105 132 190 193 200 193 192 202 205 200 163 139 137 136 133 135 138 138 138 136 135 135 136 134 135 136 134 132 134 142 157 154 138 139 132 134 133 133 140 157 146 154 159 126 126 127 74 50 50 46 52 42 41 54 47 43 49 45 49 44 43 38 
116 95 104 129 178 169 198 194 191 201 197 172 142 139 138 135 135 134 136 135 138 137 136 136 138 136 138 135 135 135 141 156 159 160 159 141 134 131 136 135 153 161 165 160 158 145 128 126 67 61 66 53 51 49 48 42 44 54 39 41 58 42 36 44 
113 96 103 135 176 152 181 192 188 201 174 142 141 140 137 136 135 135 136 137 137 137 138 138 137 135 135 136 134 138 156 156 162 160 160 148 134 135 133 129 154 158 160 163 159 137 131 121 63 45 65 69 49 47 47 45 43 45 52 49 40 41 50 36 
107 95 106 139 186 163 140 189 184 191 156 142 141 140 139 137 136 136 137 138 137 147 146 137 136 138 138 133 136 138 159 158 156 159 162 152 150 132 130 115 136 157 156 163 159 141 124 71 43 57 47 46 56 43 40 50 44 46 48 45 50 39 38 44 
107 103 105 139 189 152 127 156 185 165 142 142 140 139 138 137 136 137 136 138 146 163 141 137 135 140 138 134 136 141 158 159 158 161 160 162 147 134 125 110 112 127 153 162 158 139 114 62 54 47 54 51 37 46 50 43 44 54 42 42 52 45 42 39 
107 101 109 138 173 129 126 137 184 168 141 141 140 141 138 135 135 132 110 135 150 156 138 137 138 139 138 132 134 134 161 159 159 162 161 158 147 126 113 110 111 114 142 160 158 146 118 57 52 59 52 44 47 39 39 55 41 41 44 43 43 44 50 39 
109 96 105 143 163 123 124 138 180 149 140 141 140 140 138 136 134 103 83 137 157 161 140 137 138 141 139 135 134 128 146 159 158 161 163 158 142 122 110 109 111 136 165 160 157 157 132 58 52 61 50 45 42 44 44 45 45 50 36 38 57 43 37 47 
91 93 106 148 159 123 125 140 173 144 141 142 141 140 139 136 132 86 86 161 179 153 141 138 140 142 138 138 159 146 129 139 144 160 158 145 118 116 109 110 110 147 165 167 163 156 138 67 58 45 46 49 45 45 46 46 43 42 40 38 41 49 50 37 
99 96 105 149 152 122 123 141 171 141 140 142 141 139 139 137 130 77 98 192 180 157 141 152 150 139 140 156 158 161 147 119 114 143 143 114 109 111 110 111 111 146 168 161 158 163 138 60 49 55 43 45 61 43 41 52 45 44 42 43 47 48 45 47 
101 95 100 154 153 122 123 144 177 142 141 142 142 141 140 136 101 67 107 174 177 152 153 164 163 153 157 158 165 158 163 150 118 111 113 111 110 112 111 111 114 150 162 162 162 158 143 77 62 42 50 54 49 49 54 43 48 50 36 42 57 47 38 48 
105 93 98 159 149 122 124 145 169 142 141 141 141 142 139 109 71 65 103 150 160 166 166 163 161 167 163 164 160 164 159 164 152 119 110 111 110 110 111 112 113 150 163 158 162 162 145 64 52 55 45 47 58 45 47 64 44 40 50 46 39 49 49 35 
101 92 103 163 146 123 125 163 174 141 140 141 140 140 135 79 68 90 129 154 160 167 167 162 166 166 168 160 164 159 164 158 162 147 113 111 112 110 114 110 112 128 157 161 162 160 135 61 52 53 51 55 51 51 54 55 50 52 41 38 53 40 37 50 
104 89 116 176 145 122 130 186 176 139 139 140 140 140 138 95 79 127 140 155 172 170 166 167 164 168 166 163 153 161 159 162 160 154 117 113 112 111 111 112 112 111 123 154 163 157 138 63 58 55 64 64 60 57 54 61 53 52 46 42 45 46 50 45 
103 85 100 178 144 122 133 188 158 139 141 139 139 140 133 86 80 131 153 192 176 168 168 165 164 165 167 161 116 122 163 157 164 155 120 112 112 110 112 111 113 111 113 135 161 166 133 54 57 78 59 64 83 54 56 79 56 48 63 47 41 49 51 37 
104 91 107 185 143 125 138 180 144 139 140 141 140 140 140 120 81 114 151 170 166 168 166 168 163 170 163 164 105 100 150 161 159 162 150 116 113 112 110 112 111 111 129 161 162 163 128 70 69 59 75 72 59 74 67 45 61 67 49 44 55 45 38 49 
102 103 119 183 141 127 138 179 143 140 141 140 140 139 138 136 111 98 142 143 162 167 170 163 166 166 164 160 100 73 108 152 163 162 159 120 113 111 111 111 111 111 138 156 164 167 140 69 62 72 59 67 84 57 56 61 54 57 61 46 41 53 55 37 
102 107 122 186 141 124 138 165 141 141 140 140 140 139 137 136 98 97 139 143 161 169 164 167 162 165 161 162 95 48 73 112 162 166 157 117 112 112 110 111 112 112 138 163 164 167 133 73 66 69 64 66 67 55 50 55 60 64 56 49 57 59 58 51 
102 96 123 186 137 121 140 164 142 139 137 134 131 138 138 137 113 102 142 146 164 167 169 168 169 163 166 164 94 51 47 101 166 163 155 115 113 114 111 112 112 113 143 161 162 163 132 80 66 66 70 69 62 62 49 52 71 67 46 50 71 50 48 62 
100 100 130 189 137 123 160 166 142 140 135 99 89 126 138 139 143 145 158 160 167 168 166 170 166 166 159 164 88 48 51 65 136 162 152 115 111 112 110 112 112 112 143 161 164 164 136 63 58 76 64 62 77 46 49 75 52 46 68 52 44 61 60 43 
98 93 129 188 132 125 185 165 142 141 124 83 80 102 138 146 159 164 164 165 169 168 171 168 166 129 94 151 86 49 47 52 100 161 152 116 112 111 112 113 113 124 151 163 160 161 127 80 59 56 80 59 46 58 55 51 67 60 46 51 65 50 52 61 
101 85 127 188 131 127 188 163 142 141 105 82 81 104 152 141 161 163 165 163 166 169 169 170 138 81 77 136 85 48 49 52 103 163 153 115 112 113 112 112 117 153 164 155 166 170 133 67 64 77 61 57 55 47 55 62 60 56 58 59 68 51 51 66 
96 87 134 187 131 129 187 163 140 139 104 86 82 106 161 154 160 164 163 163 169 168 170 167 157 127 100 138 125 56 50 48 104 164 148 113 112 112 111 112 120 159 159 165 167 172 125 87 69 62 61 51 52 50 57 66 57 55 74 57 57 69 63 46 
94 91 131 183 129 128 188 161 141 141 102 83 85 109 163 161 161 163 163 165 168 170 168 172 168 167 100 141 126 55 48 52 108 162 147 113 113 114 119 114 123 161 169 164 168 168 124 80 66 57 64 52 48 62 62 49 72 63 48 58 80 57 57 71 
85 90 134 185 126 129 190 161 142 142 112 89 91 113 163 163 162 164 163 159 169 166 170 169 170 162 98 140 82 50 51 50 109 167 149 114 115 114 142 142 156 165 167 170 167 169 125 69 62 66 50 58 66 52 58 68 51 48 68 57 54 62 56 60 
85 96 133 181 126 130 193 184 145 143 119 87 85 115 164 163 161 163 152 146 137 155 148 165 159 165 96 139 86 58 50 52 112 159 149 116 116 117 148 167 165 165 169 170 165 166 115 89 59 54 72 56 53 71 60 58 59 53 58 56 55 61 60 53 
78 97 134 181 126 133 197 199 156 145 124 98 81 117 164 163 157 153 142 157 108 121 96 121 101 113 79 139 85 60 55 59 132 166 150 117 120 144 164 165 162 160 167 167 164 159 115 67 59 67 57 60 66 59 60 59 60 55 53 63 70 42 47 80 
81 98 140 183 127 139 199 199 154 144 140 123 91 125 160 162 159 148 145 168 161 166 150 154 98 78 112 152 82 58 67 132 167 165 152 122 148 169 166 164 167 165 167 168 161 106 84 79 57 54 64 58 62 56 60 70 49 52 77 49 50 69 53 59 
88 89 136 179 126 165 203 200 154 144 141 138 125 137 143 154 163 152 166 148 165 167 169 165 154 135 163 162 107 77 140 168 166 170 160 158 171 173 169 168 167 169 170 160 150 95 84 66 58 54 67 51 54 77 57 52 70 55 53 61 69 61 51 64 
85 97 137 176 128 174 210 198 156 144 141 140 139 138 138 145 156 152 157 149 166 168 167 168 167 168 166 167 160 154 165 163 172 157 148 171 173 175 172 165 169 167 167 166 150 90 71 57 62 62 50 62 67 54 61 65 53 52 60 58 64 52 50 72 
98 114 148 176 131 176 208 199 168 148 141 141 140 135 140 138 149 155 178 172 166 165 168 165 168 166 164 167 167 163 160 155 153 151 150 169 172 173 170 170 164 168 169 166 149 81 65 72 51 51 67 55 54 69 58 58 57 55 67 47 49 70 52 48 
92 111 146 170 129 175 207 203 173 147 139 140 138 137 139 137 146 151 190 181 166 168 165 167 167 170 166 168 169 147 145 146 141 155 171 173 174 172 169 162 171 171 168 166 145 83 68 52 61 62 51 60 59 68 56 54 70 53 50 65 68 50 50 67 
88 103 146 170 128 178 206 180 165 145 141 139 138 136 137 136 138 138 155 158 165 169 170 168 167 165 163 165 161 144 138 143 141 147 168 168 175 172 168 170 168 170 172 165 121 74 54 70 53 55 62 63 59 53 65 69 52 56 71 52 51 59 56 65 
103 104 142 168 126 178 202 173 164 145 141 138 138 137 139 138 137 137 141 149 166 175 174 173 167 168 172 159 146 141 140 140 143 146 151 171 172 170 168 167 170 170 169 130 69 74 67 56 53 56 67 53 59 79 59 71 78 59 59 53 48 66 56 43 
111 111 144 172 127 177 201 171 166 149 141 140 139 134 138 137 135 137 138 143 164 188 173 170 173 187 197 149 141 141 141 143 146 148 145 159 172 172 170 169 171 169 165 107 95 64 53 56 62 57 55 76 76 66 68 77 91 61 51 62 56 47 55 70 
96 101 141 167 126 177 198 169 166 161 143 141 138 134 136 136 134 136 138 146 156 188 153 150 154 181 178 143 139 140 145 145 146 146 142 152 168 168 169 168 164 169 168 124 83 74 57 69 54 58 88 76 76 71 60 69 88 73 70 45 51 76 55 55 
88 102 143 165 139 191 183 164 165 168 154 138 137 135 136 134 135 136 136 142 144 149 146 145 147 146 143 138 139 138 140 141 145 148 146 152 172 172 170 163 170 171 171 112 74 82 63 55 78 77 81 84 74 61 46 55 95 60 67 72 76 74 59 53 
84 102 143 160 148 199 179 164 166 169 166 144 139 135 136 135 135 135 135 138 141 143 146 144 146 146 141 140 137 139 140 141 142 143 143 152 171 173 168 170 164 170 172 117 92 67 59 90 84 88 96 99 61 48 67 56 62 61 69 73 68 57 69 92 
98 111 146 176 171 186 165 161 166 166 165 159 139 133 134 135 136 136 135 138 138 138 140 143 143 145 142 140 139 140 141 139 143 141 143 151 170 173 170 166 172 172 150 111 70 74 81 80 75 76 83 53 56 72 58 60 73 73 66 53 59 80 69 75 
97 105 149 187 185 169 175 168 165 164 164 163 135 116 133 133 136 139 136 136 139 137 137 141 141 142 140 140 139 141 142 140 140 144 142 151 171 169 167 172 170 161 92 74 86 62 71 78 77 61 51 69 59 52 55 54 90 55 48 75 62 57 66 73 
98 107 148 187 183 168 192 178 162 163 163 149 100 108 141 134 136 136 135 137 137 138 137 142 141 141 141 140 140 140 141 140 141 144 142 152 168 171 171 167 171 153 87 72 60 57 59 74 52 60 64 59 59 52 65 58 56 55 63 59 57 52 61 72 
94 101 147 186 170 156 179 179 162 162 146 100 121 184 175 135 134 134 133 131 136 137 139 139 144 142 140 144 141 141 141 139 142 143 143 153 173 170 171 171 170 138 77 59 70 65 59 53 71 58 56 54 56 58 49 55 69 60 68 58 56 77 51 46 
83 99 148 184 161 127 169 179 162 140 98 133 191 195 193 156 132 131 130 130 136 137 138 141 145 141 139 143 143 141 139 141 143 144 142 158 168 172 171 156 123 83 78 63 72 58 59 67 60 58 55 65 51 42 58 57 69 54 56 82 58 56 73 58 
81 93 154 189 157 123 169 181 162 108 134 190 173 191 193 190 140 130 128 131 138 137 139 139 142 141 139 144 142 140 141 141 142 145 143 155 172 170 166 109 84 90 70 63 66 72 65 60 65 63 64 57 60 59 60 59 63 69 66 61 62 59 62 76 
89 91 158 189 139 111 169 189 162 119 184 157 128 139 164 194 174 156 140 135 140 138 136 139 138 140 144 143 142 140 139 141 142 144 143 159 169 171 163 101 83 65 64 61 74 57 62 65 73 59 56 74 58 57 60 66 79 55 56 61 61 77 54 49 
92 90 158 191 132 111 166 187 140 111 187 142 125 122 131 180 193 191 178 156 138 139 138 137 138 140 143 142 140 138 141 141 143 145 144 154 171 170 146 96 69 71 76 67 58 68 64 67 58 68 66 61 56 58 85 62 56 62 61 75 55 53 77 71 
101 100 158 188 115 135 161 163 136 156 180 128 125 123 120 148 192 188 191 157 137 138 138 139 137 141 143 141 140 139 138 141 144 144 142 146 152 123 88 85 77 75 62 63 75 62 57 56 73 60 60 62 69 72 63 63 67 77 63 57 65 67 57 58 
104 106 155 188 151 155 162 161 134 162 156 122 123 123 119 127 172 195 190 163 137 137 138 137 139 140 140 143 139 140 141 142 144 145 144 142 134 92 85 73 67 67 72 68 66 59 66 68 64 70 67 79 59 63 81 65 76 60 58 76 65 65 49 45 
103 107 157 187 141 124 164 157 113 165 148 120 125 123 121 124 136 186 194 157 138 137 137 138 139 139 142 140 140 141 138 143 145 144 143 141 140 115 68 63 63 76 64 67 67 67 58 62 76 74 70 63 75 78 79 61 59 80 62 65 57 56 77 69 
99 101 155 187 123 137 161 151 108 180 158 120 125 124 122 125 126 156 196 161 137 139 138 137 139 139 139 141 140 137 141 140 143 146 142 140 139 113 67 70 71 64 77 74 69 56 65 66 71 62 70 84 65 64 62 71 73 64 60 55 69 67 55 60 
81 95 153 194 171 149 121 150 142 198 176 125 125 121 119 123 126 150 198 156 141 138 139 140 138 141 142 138 139 138 140 141 142 146 143 140 143 113 65 67 67 80 73 68 61 76 59 65 57 84 73 68 62 67 87 61 64 57 63 81 59 59 52 49 