


172 173 178 187 196 184 183 204 209 203 200 202 205 207 208 208 203 196 203 215 220 218 217 217 219 221 219 228 238 239 241 243 247 249 249 251 254 255 255 255 255 255 254 253 253 253 254 255 255 255 255 255 255 255 255 255 255 255 255 255 255 255 255 255 
171 180 190 197 197 186 191 197 196 195 199 202 203 206 207 199 181 173 189 210 212 214 217 218 219 223 219 226 239 243 246 246 247 248 248 252 254 255 254 253 251 251 250 241 235 245 253 255 255 255 255 255 255 255 255 255 255 255 255 255 255 255 255 255 
184 191 193 191 189 188 187 188 193 195 198 202 207 213 211 190 185 196 204 209 214 220 225 217 210 224 236 243 245 246 248 249 251 252 253 254 253 252 249 247 248 249 250 242 227 240 253 255 255 255 255 255 255 255 255 255 255 255 255 255 255 255 255 255 
184 184 183 181 180 181 184 187 191 197 203 212 219 216 199 187 195 203 209 215 221 225 228 231 232 237 242 245 247 248 250 252 253 251 248 244 240 241 245 248 248 250 252 249 239 248 254 255 255 255 255 255 255 255 255 255 255 255 255 255 255 255 255 255 
175 175 175 173 171 177 184 191 200 211 217 215 199 172 156 162 182 205 214 219 225 230 235 238 240 243 246 248 250 250 249 246 240 234 231 230 232 239 245 248 249 252 254 255 254 255 255 255 255 255 255 255 255 255 255 255 255 255 254 254 255 255 255 255 
170 170 171 167 169 181 195 206 210 205 196 189 185 176 165 169 181 206 220 228 233 237 239 241 246 248 248 246 242 239 237 237 234 232 230 227 230 235 242 249 252 254 255 255 255 255 255 255 255 255 255 255 255 255 255 255 255 255 254 254 255 255 255 255 
165 168 174 180 189 200 201 193 186 183 185 190 195 197 198 197 204 220 231 236 239 241 243 243 242 238 234 231 231 233 234 234 232 230 228 228 232 234 239 249 254 255 255 255 255 255 255 255 255 255 255 255 255 255 255 255 255 255 255 255 255 255 255 255 
173 181 188 191 190 186 180 180 183 188 193 198 204 210 218 223 227 232 238 241 241 239 235 226 222 219 222 227 229 231 232 232 233 233 235 239 245 248 251 254 255 255 255 255 255 255 255 255 255 255 255 255 255 255 255 255 255 255 255 255 255 255 255 254 
194 186 153 145 169 177 181 185 190 195 201 208 215 222 227 231 234 238 235 230 224 220 218 216 208 202 214 226 228 230 233 236 239 242 245 250 254 255 255 253 251 250 251 254 255 255 255 255 255 255 255 255 255 255 255 255 255 255 255 255 255 254 255 255 
173 152 112 116 158 179 188 196 203 210 215 220 226 228 230 230 226 219 213 212 212 211 205 195 184 189 207 225 231 236 242 247 250 253 253 252 250 248 247 245 245 247 248 252 255 255 255 255 254 255 255 255 255 255 255 255 255 255 255 255 255 255 255 255 
164 145 124 131 150 181 203 212 215 216 213 205 209 212 210 205 205 205 206 207 210 206 199 196 191 203 223 237 244 248 251 250 247 243 240 239 239 241 242 243 246 249 252 254 255 255 255 255 255 255 255 255 255 255 255 255 255 255 255 255 255 255 255 255 
171 173 182 191 198 210 217 215 196 183 184 185 189 192 194 195 199 199 203 207 212 217 221 225 230 238 245 247 244 240 236 231 230 231 234 236 238 238 241 244 250 254 255 255 255 255 255 255 255 255 255 254 255 255 255 255 255 255 255 255 255 255 255 255 
189 196 206 211 215 216 212 202 186 184 188 191 192 192 191 192 199 204 209 214 221 228 232 237 240 237 232 226 222 221 223 225 228 232 235 239 243 246 248 251 253 254 255 255 255 255 255 255 255 254 255 255 255 255 255 255 255 255 255 255 255 255 255 255 
206 206 205 204 199 192 187 185 184 185 187 189 192 195 198 204 211 217 221 225 230 224 210 210 213 211 211 213 216 219 224 228 232 238 241 241 241 244 245 245 248 253 255 255 255 255 255 255 255 255 255 255 255 255 255 255 255 255 255 255 255 255 255 255 
192 175 162 173 178 179 181 182 179 178 181 190 199 205 211 217 221 223 222 217 210 200 193 195 201 205 209 213 220 225 230 231 231 230 229 229 234 239 229 220 232 250 255 255 255 254 254 255 255 255 255 255 255 255 255 255 255 255 255 255 255 255 253 244 
168 155 149 167 176 178 180 183 186 188 193 203 210 213 213 209 203 197 190 186 188 187 191 198 202 202 202 206 207 203 199 197 209 212 192 158 153 179 195 205 217 225 230 237 246 251 252 254 255 255 255 255 255 255 255 255 255 255 255 253 249 231 191 151 
160 163 165 171 180 187 193 197 200 200 202 203 199 192 183 175 173 175 179 184 190 195 201 206 205 191 177 162 144 141 118 144 156 128 82 69 52 78 100 116 143 153 165 178 198 235 253 255 255 255 255 255 255 255 255 255 252 251 239 208 192 165 142 117 
161 170 180 187 192 194 192 187 178 166 169 170 164 161 163 168 174 181 188 195 201 203 200 193 169 136 120 116 123 127 113 106 90 65 34 35 32 81 113 115 116 85 94 141 176 211 247 255 255 255 255 252 249 243 231 232 212 202 187 172 170 158 149 137 
171 175 179 181 180 177 170 160 150 146 148 151 155 158 164 173 180 183 179 171 186 199 195 167 111 77 88 97 95 90 85 75 61 46 36 35 77 103 112 109 119 103 102 139 157 176 205 234 240 229 224 211 205 203 196 194 189 184 178 173 167 159 156 153 
161 162 161 156 151 148 146 145 145 149 156 162 164 154 147 155 159 158 146 89 93 141 151 110 87 82 71 57 53 58 57 47 40 43 51 67 85 79 96 99 110 108 91 116 136 157 171 187 194 174 163 179 185 189 187 186 183 179 175 169 165 162 160 157 
146 139 131 130 135 142 148 151 154 157 157 154 150 141 137 148 156 160 163 135 91 106 106 90 77 62 48 44 51 62 52 39 43 52 62 60 71 70 82 89 102 102 80 105 124 141 158 168 176 166 152 169 177 179 179 178 176 174 171 167 165 161 160 162 
120 121 126 133 140 146 147 144 139 131 129 133 141 147 150 152 158 165 169 166 127 97 67 51 59 75 75 75 72 50 29 31 42 53 58 55 69 67 81 83 92 98 75 90 121 131 147 157 163 158 145 159 169 171 171 171 170 168 166 165 162 161 164 165 
121 124 129 129 123 121 126 127 124 121 127 139 147 151 151 147 150 163 169 158 121 78 67 66 70 68 53 35 20 16 40 50 52 48 43 46 70 73 84 85 91 97 90 85 112 128 134 144 149 150 137 150 162 164 165 165 165 164 162 164 162 163 163 161 
117 116 118 115 111 116 127 132 134 133 135 141 145 148 153 160 172 193 189 131 94 87 75 68 51 24 20 24 21 40 67 51 44 41 39 49 70 74 86 90 97 92 94 97 111 121 126 132 136 136 132 145 155 158 161 162 162 163 162 164 164 160 157 155 
109 111 112 115 118 122 125 126 126 125 132 145 154 161 167 172 178 177 139 89 69 62 57 51 22 16 33 53 55 62 49 40 33 39 47 47 63 78 81 87 111 92 84 97 108 116 114 112 108 119 128 142 149 154 157 159 162 163 161 162 161 157 151 148 
98 98 92 89 93 101 109 112 115 121 138 154 158 158 159 160 154 126 88 63 48 47 51 43 20 33 44 59 58 47 42 38 33 39 46 56 61 85 74 81 99 90 86 95 97 94 85 82 94 109 128 141 146 148 152 155 158 160 159 159 157 153 147 142 
82 84 84 78 74 85 103 111 117 125 138 143 144 147 147 137 109 79 63 52 42 41 46 45 24 46 61 53 45 44 45 41 39 42 43 61 74 94 76 80 72 89 92 88 85 72 61 75 95 115 133 139 142 143 146 148 149 152 154 153 150 145 136 134 
81 85 88 88 88 97 109 115 119 125 133 135 135 137 136 118 74 54 51 48 38 39 47 42 33 50 48 40 39 43 47 43 46 38 45 55 74 91 72 78 76 84 82 76 63 74 89 91 98 116 127 131 134 135 140 141 141 142 140 141 141 137 126 126 
82 85 86 84 88 98 105 104 102 112 123 126 128 130 128 100 61 55 49 43 39 39 37 33 28 37 40 40 34 42 52 48 37 34 41 47 66 77 76 71 77 58 59 54 73 83 82 94 102 117 122 126 128 129 135 134 134 132 127 125 126 127 121 119 
83 86 85 81 85 95 99 100 99 109 118 122 126 124 111 77 54 59 50 39 35 35 35 29 19 21 31 34 33 35 42 36 22 30 43 49 55 59 77 49 54 44 51 77 71 76 81 97 98 109 116 118 122 127 128 125 124 123 118 112 111 111 108 108 
85 87 83 76 84 93 100 105 112 115 116 113 106 92 67 49 46 55 52 39 33 32 33 26 17 17 22 28 28 23 28 32 25 27 39 40 47 39 58 45 54 71 62 64 76 85 88 103 102 109 105 110 119 120 120 112 112 113 113 112 108 100 97 97 
87 87 76 71 91 104 107 101 95 92 95 92 82 69 58 48 42 51 55 42 33 32 29 24 18 16 16 18 20 20 24 33 33 27 32 32 38 33 53 66 67 66 60 58 69 74 85 101 105 115 106 111 112 115 113 102 105 106 110 107 105 105 102 97 
87 88 89 93 87 80 82 78 81 87 85 80 78 73 70 60 52 52 53 49 37 31 25 19 17 16 13 13 15 23 31 38 33 23 27 32 35 50 50 66 51 49 56 60 65 59 76 94 102 108 111 107 114 117 106 96 100 101 100 101 103 110 105 93 
89 96 95 72 74 80 84 83 81 77 74 73 73 77 66 53 47 42 39 39 35 31 22 15 16 18 12 12 14 25 37 33 24 22 28 27 34 50 40 50 55 39 47 64 59 52 82 97 97 97 99 100 109 102 88 87 94 97 98 99 97 98 98 95 
91 100 82 62 72 80 84 83 80 75 72 68 64 57 48 41 37 33 33 34 30 29 24 16 13 14 15 12 14 19 30 26 18 21 23 30 37 44 37 29 39 46 42 44 53 75 96 95 98 102 95 100 98 81 75 81 91 96 96 95 89 85 83 87 
92 95 97 77 70 77 86 88 87 84 81 72 64 55 46 39 35 31 32 32 26 26 24 17 12 14 13 14 13 18 22 17 16 20 29 33 32 28 33 21 25 38 46 48 65 89 89 90 100 100 93 100 93 86 93 93 93 96 92 92 88 83 70 75 
92 94 96 98 93 84 85 92 97 94 87 76 67 60 52 48 46 42 35 27 22 23 21 19 15 12 10 12 12 14 16 16 22 32 30 29 22 20 25 32 32 36 50 72 86 81 80 95 103 92 98 102 88 86 96 97 95 95 91 88 83 77 62 56 
93 94 95 93 97 109 110 104 96 93 89 79 71 66 60 60 58 53 38 21 16 21 22 22 19 15 11 10 9 13 18 25 29 27 23 21 20 25 28 37 40 48 67 75 71 77 87 96 96 95 101 98 87 87 95 94 94 83 80 82 82 71 63 54 
93 95 95 99 103 110 116 118 117 116 113 112 113 110 100 88 82 66 43 26 22 26 27 25 23 18 14 13 17 19 19 23 23 18 17 19 23 25 29 35 51 70 66 51 63 81 93 94 91 91 95 93 88 92 93 91 89 71 76 83 80 59 52 51 
94 95 96 99 100 100 111 116 117 118 118 123 131 129 127 131 138 139 133 111 79 52 53 45 38 30 22 18 22 27 22 21 19 19 20 22 25 26 30 36 53 58 47 50 73 82 84 87 85 82 87 88 89 94 90 91 75 56 76 80 76 47 36 37 
94 95 95 98 97 88 100 115 116 112 115 122 130 128 124 124 127 131 142 146 145 138 122 89 69 62 49 36 35 36 36 32 28 27 25 24 25 27 31 39 40 33 39 64 81 74 70 68 71 71 75 82 90 93 90 80 56 54 73 74 72 44 30 33 
94 95 95 98 102 98 103 112 117 115 118 123 129 128 123 124 125 127 130 133 141 151 150 156 141 126 113 100 98 100 87 69 63 52 42 37 39 39 35 28 25 29 45 69 76 64 47 50 68 63 65 72 84 86 77 53 51 51 66 70 66 40 28 29 
93 94 95 100 107 108 113 117 118 118 120 124 128 129 117 114 123 129 131 132 134 137 140 143 140 132 144 168 174 172 166 151 130 106 88 81 73 59 43 35 34 40 53 65 60 39 29 47 64 51 55 64 73 59 35 40 52 44 57 67 49 29 23 26 
93 94 94 99 105 105 113 119 118 118 120 123 126 127 112 104 116 123 124 127 130 134 138 142 146 148 153 164 169 177 179 178 177 172 160 149 138 119 94 73 56 49 45 36 31 24 26 44 44 34 50 54 42 26 30 47 45 38 52 55 34 27 23 27 
93 93 93 94 96 99 107 114 109 106 112 119 123 126 123 120 123 125 122 127 135 141 145 148 150 152 156 160 163 166 168 170 174 181 184 178 173 174 147 138 130 94 78 57 41 34 31 33 31 32 40 32 23 32 46 46 37 36 50 45 31 29 27 28 
90 91 92 93 95 97 106 110 103 101 110 115 120 127 129 127 129 127 122 127 133 135 134 129 122 129 144 152 155 157 161 163 167 170 173 175 175 186 194 199 202 195 182 155 127 85 56 42 41 38 32 28 30 44 42 39 35 37 44 42 30 33 29 23 
89 89 91 91 92 93 100 106 109 111 109 107 114 124 124 120 119 119 119 121 124 127 127 121 115 127 143 148 150 153 155 158 162 165 169 173 177 182 187 193 199 204 209 213 212 198 175 137 81 54 55 43 55 56 40 40 38 40 46 43 33 30 31 26 
87 89 90 92 96 97 95 97 103 108 109 109 111 113 115 113 116 118 121 123 126 130 134 137 139 143 147 150 153 155 156 157 162 168 172 175 180 184 187 191 198 204 210 215 221 227 233 230 184 169 160 101 77 68 54 48 48 47 51 48 40 35 38 37 
86 87 89 90 97 102 94 85 90 103 107 108 106 106 108 109 112 115 117 118 121 126 129 131 133 137 141 144 147 149 150 150 157 166 172 176 181 186 183 178 187 197 205 212 218 226 232 236 238 240 241 202 134 123 112 79 72 65 62 62 58 57 55 63 
85 86 87 87 91 98 97 92 93 100 105 108 108 102 96 100 106 109 110 111 112 115 116 110 100 111 126 132 134 137 140 143 147 152 156 160 165 170 173 173 177 178 178 190 206 218 226 233 239 242 248 249 240 235 221 191 182 167 154 159 139 128 117 128 
84 85 86 85 90 96 94 91 86 89 99 105 106 103 97 99 105 108 109 109 106 107 114 111 95 100 121 132 135 138 142 145 148 150 151 153 160 167 170 176 180 181 175 178 198 215 224 232 239 244 248 252 255 255 255 254 253 252 251 252 247 242 233 239 
82 83 84 83 85 86 85 91 94 99 105 107 107 106 108 108 110 111 113 112 107 109 119 125 127 129 135 140 144 147 150 150 147 150 151 155 167 176 181 185 187 184 189 201 213 220 227 234 240 245 250 254 255 255 255 255 255 255 255 255 255 255 255 255 
80 82 82 82 83 84 88 86 79 84 95 98 98 95 95 94 97 104 107 106 101 106 116 120 122 124 126 130 135 139 137 122 108 129 151 158 164 170 176 180 179 168 173 197 212 220 227 231 233 241 250 255 255 255 255 255 255 255 255 255 255 255 255 255 
78 80 80 80 81 84 88 85 74 74 89 97 99 99 99 94 90 97 100 99 97 102 109 112 114 115 115 118 124 130 131 123 105 104 127 148 158 163 168 172 176 173 177 195 206 214 222 229 233 244 252 255 255 255 255 255 255 255 255 255 255 255 255 255 
75 78 79 78 79 80 85 90 93 96 99 100 102 104 106 107 103 103 105 106 107 110 111 114 117 119 121 123 127 131 134 137 132 130 138 150 155 160 165 170 174 181 189 199 206 214 222 229 236 243 250 254 255 255 255 255 255 255 255 255 255 255 255 255 
73 75 77 76 78 79 84 87 87 92 94 85 80 90 97 101 100 99 101 103 106 108 111 115 116 119 124 128 131 134 137 141 144 147 150 154 156 160 165 171 176 185 196 203 207 213 219 225 232 238 244 250 254 255 255 255 255 255 255 255 255 255 255 255 
72 73 74 75 76 77 82 86 89 93 95 87 78 87 95 99 96 94 93 94 96 97 100 101 96 94 104 114 120 125 130 134 138 142 145 146 147 153 160 168 177 188 198 204 208 213 218 224 230 236 240 246 251 255 255 255 255 255 255 255 255 255 255 255 
70 71 73 74 74 76 80 74 72 84 91 91 90 93 94 97 96 91 84 80 88 94 95 96 94 90 92 104 110 114 119 123 127 130 132 122 105 115 141 158 168 179 189 196 201 205 210 217 224 230 235 240 247 253 255 255 255 255 255 255 255 255 255 255 
67 69 70 71 73 74 77 69 60 75 87 89 89 89 89 91 91 86 81 78 83 88 89 91 90 91 96 101 104 107 112 115 117 115 115 123 117 112 129 147 156 166 174 182 189 196 201 206 209 215 226 235 241 249 254 255 255 255 255 255 255 255 255 255 
67 67 68 69 70 70 72 75 78 86 92 92 89 81 80 89 95 90 88 88 89 89 90 88 76 80 93 98 100 102 104 106 107 103 103 114 121 124 129 132 136 139 143 151 161 169 176 179 180 188 207 222 232 241 246 251 255 255 255 255 255 255 255 255 
67 66 67 67 68 68 69 75 82 86 89 90 84 75 79 90 96 92 90 91 92 94 95 93 87 92 100 103 105 106 108 110 111 113 116 119 122 126 129 127 116 108 111 133 148 153 159 163 169 178 191 205 218 228 232 235 253 255 255 255 255 255 255 255 
66 64 65 66 67 67 68 73 79 79 80 83 83 82 84 86 88 84 82 83 85 87 90 91 92 93 95 97 100 102 104 107 110 113 117 121 124 127 130 131 124 118 127 142 150 153 157 163 168 176 189 202 213 223 229 238 253 255 255 255 255 255 255 255 
67 62 63 64 65 66 66 69 72 70 74 83 85 85 86 86 87 83 80 77 75 80 84 86 88 88 87 86 91 96 99 101 104 106 110 114 118 123 126 129 132 135 139 144 147 151 155 161 167 176 188 200 211 220 227 238 253 255 255 255 255 255 255 255 
67 61 62 63 64 65 65 65 67 72 80 86 87 89 89 90 92 89 76 60 61 79 87 89 91 92 85 75 84 98 103 105 107 109 109 110 115 120 123 127 131 134 138 142 145 149 154 159 165 175 186 198 209 218 225 233 250 255 255 255 255 255 255 255 


172 173 178 188 197 187 184 205 212 207 204 206 209 211 213 214 213 207 214 226 230 226 223 224 226 221 205 206 218 222 238 248 251 252 254 255 255 255 255 255 255 255 255 255 254 253 255 255 255 255 255 255 255 255 255 255 255 255 255 255 255 255 255 255 
171 180 192 199 199 188 193 200 198 198 202 205 207 210 214 210 204 198 201 218 220 221 224 222 209 196 190 201 225 242 250 254 254 253 254 255 254 255 255 255 255 255 254 248 236 237 252 255 255 255 255 255 255 255 255 255 255 255 255 255 255 255 255 255 
184 191 193 193 191 190 189 191 193 196 200 204 210 216 217 204 202 205 208 213 218 225 229 217 188 188 213 237 247 252 254 255 255 255 255 252 249 252 254 254 255 255 255 247 229 234 252 255 255 255 255 255 255 255 255 255 255 255 255 255 255 255 255 255 
185 184 183 182 181 183 185 188 192 197 204 213 220 215 196 188 197 205 211 218 224 228 232 234 234 238 245 250 252 253 254 255 254 254 252 247 245 249 252 253 255 255 255 251 241 239 249 255 255 255 255 255 255 255 255 255 255 255 255 255 255 255 255 255 
175 175 176 174 171 177 184 191 200 211 219 216 198 161 140 143 174 206 216 222 228 234 240 243 246 249 251 253 254 254 253 250 246 242 241 240 241 247 252 253 254 254 255 255 255 254 255 255 255 255 255 255 255 255 255 255 255 255 255 255 255 255 255 255 
170 170 171 168 167 180 195 207 211 207 198 190 185 172 152 136 161 206 223 231 238 242 245 247 250 252 253 251 247 244 242 242 240 239 238 237 239 244 249 253 255 255 255 255 255 255 255 255 255 255 255 255 255 255 255 255 255 255 255 255 255 255 255 255 
165 168 174 180 188 200 202 195 188 185 186 190 195 197 195 188 198 222 234 240 243 246 248 248 247 243 238 235 235 236 238 239 239 237 235 237 240 241 245 252 255 255 255 255 255 255 255 255 255 255 255 255 255 255 255 255 255 255 255 255 255 255 255 255 
173 181 189 192 192 187 181 180 184 188 193 198 204 212 219 225 230 235 241 244 245 243 239 231 226 222 225 230 233 234 235 236 237 240 241 245 249 251 253 255 255 255 255 255 255 255 255 255 255 255 255 255 255 255 255 255 255 255 255 255 255 255 255 255 
194 187 155 147 170 178 182 185 190 196 202 210 219 226 230 233 237 241 239 233 227 222 220 217 205 194 213 228 231 233 235 239 242 246 249 252 254 255 255 253 251 250 251 254 255 255 255 255 255 255 255 255 255 255 255 255 255 255 255 254 254 255 255 255 
173 152 118 121 158 179 188 196 204 211 217 223 229 233 234 233 229 222 216 213 213 212 204 190 176 176 204 226 233 238 243 248 252 254 254 252 250 248 247 245 245 247 248 252 255 255 255 255 254 254 255 255 255 255 255 255 255 255 255 254 254 255 255 255 
164 146 128 134 150 182 204 213 217 219 217 211 214 216 212 206 204 205 206 207 210 206 193 183 185 201 223 238 245 250 252 251 248 244 241 239 239 240 240 243 246 249 252 254 255 255 255 255 255 255 255 255 255 255 255 255 255 255 255 255 255 255 255 255 
171 173 182 191 199 211 218 218 202 191 190 188 191 193 194 192 193 197 200 205 212 218 221 225 230 239 246 248 246 242 236 232 230 232 234 236 238 237 234 240 249 254 255 255 255 255 255 255 255 255 255 254 255 255 255 255 255 255 255 255 255 255 255 255 
189 196 205 211 215 216 213 203 187 185 189 191 192 192 191 191 196 203 207 210 221 229 232 237 241 238 233 227 222 221 223 225 228 232 235 239 243 245 246 249 251 253 254 255 255 255 255 255 255 254 255 255 255 255 255 255 255 255 255 255 255 255 255 255 
206 206 205 204 199 192 187 185 184 185 187 189 192 195 198 204 211 217 221 225 230 226 210 209 214 211 211 213 216 219 224 228 234 238 240 239 236 235 236 240 246 253 255 255 255 255 255 255 255 255 255 255 255 255 255 255 255 255 255 255 255 255 255 255 
192 174 156 170 178 179 181 182 179 177 180 189 199 205 211 217 222 224 223 219 212 201 194 195 201 205 209 213 219 225 230 231 231 229 227 223 224 230 226 222 233 250 255 255 255 254 254 255 255 255 255 255 255 255 255 255 255 255 255 255 255 255 253 244 
168 153 139 161 175 178 180 183 186 188 193 203 211 214 214 211 205 198 191 187 188 188 191 198 202 202 202 206 207 203 199 196 207 209 190 155 140 168 193 207 219 226 230 237 246 251 252 254 255 255 255 255 255 255 255 255 255 255 255 254 249 231 191 150 
160 162 161 169 180 187 193 197 201 200 203 204 200 193 184 176 174 175 179 184 190 197 202 208 205 191 176 162 143 140 119 145 155 126 81 58 36 52 82 112 141 150 164 177 198 235 253 255 255 255 255 255 255 255 255 255 252 251 239 210 194 167 143 117 
161 170 180 187 192 194 192 187 176 163 167 170 165 162 164 168 174 181 188 195 201 203 200 193 168 136 120 116 121 125 113 106 89 63 32 26 29 74 108 110 111 80 90 138 174 210 247 255 255 255 255 252 249 244 231 233 213 204 190 175 174 162 151 138 
171 175 179 181 180 176 170 160 147 143 148 152 155 158 165 173 180 182 179 171 183 198 195 167 111 78 88 97 95 90 85 73 59 45 36 33 74 101 109 100 111 99 96 131 149 169 203 234 240 230 224 211 206 205 198 196 190 187 182 176 170 162 158 155 
161 162 161 156 151 146 143 143 144 148 156 163 165 152 141 151 157 155 144 86 88 139 151 112 87 82 72 58 54 58 56 46 39 43 52 65 82 75 91 91 100 103 84 106 124 148 165 185 194 174 162 179 185 188 188 187 184 180 177 172 169 166 163 159 
146 138 130 127 132 139 146 151 153 156 156 153 148 136 129 143 153 156 160 133 89 106 107 91 77 62 48 44 51 62 52 40 43 53 62 60 70 67 76 82 93 95 74 96 114 133 151 163 173 166 151 168 177 179 179 178 177 174 173 169 167 163 162 163 
114 115 121 130 138 144 146 144 137 128 123 129 137 143 146 149 154 161 165 162 127 98 67 51 58 74 74 73 70 49 30 31 42 53 59 55 68 65 76 77 84 90 71 83 113 123 140 151 158 156 143 159 169 171 171 171 170 168 166 165 162 163 166 166 
114 117 124 126 119 116 121 122 119 114 119 132 142 147 147 143 144 156 162 153 122 79 67 66 71 68 53 35 20 16 40 49 52 49 44 46 68 71 76 79 83 91 86 79 105 121 126 136 141 143 132 149 162 164 165 165 165 164 162 164 163 165 166 162 
111 110 110 107 103 108 120 126 127 125 127 133 138 141 146 152 165 186 184 130 95 87 75 69 52 25 23 27 24 40 67 52 45 42 40 49 68 70 78 84 91 85 89 91 104 114 117 123 125 125 123 142 155 158 161 162 162 163 162 165 165 162 159 156 
99 101 103 106 110 113 116 118 117 116 124 137 147 154 160 165 170 171 138 89 70 62 57 51 24 19 40 61 61 62 50 41 33 39 46 46 61 74 73 81 106 85 77 90 103 110 106 101 96 104 119 139 148 153 157 160 162 163 161 163 162 159 152 148 
85 85 81 80 86 92 99 102 105 111 130 146 151 151 152 153 148 124 88 63 48 48 51 44 22 37 51 63 59 48 43 38 34 40 46 56 58 80 65 72 93 83 79 87 88 86 78 74 84 98 122 138 144 149 152 156 158 160 159 160 157 154 148 142 
62 64 67 68 69 76 91 102 109 117 131 137 137 139 140 131 108 79 64 53 42 41 46 44 24 49 63 54 45 45 46 41 39 43 43 59 68 88 65 72 65 83 85 81 77 65 54 65 85 108 129 136 140 142 146 148 150 153 154 153 150 145 137 134 
57 61 70 75 78 85 97 105 111 117 125 127 127 129 128 112 74 55 52 49 39 39 47 41 33 51 49 40 39 43 46 42 46 40 44 53 69 87 62 70 67 76 75 71 60 70 83 83 89 110 123 128 132 133 139 142 142 142 140 141 141 138 126 125 
58 61 67 70 75 84 93 93 91 102 114 118 120 122 120 96 61 55 49 43 39 40 38 34 29 38 41 40 34 43 50 47 38 34 41 47 63 74 67 61 70 52 57 51 67 75 74 88 98 113 117 122 126 126 135 134 134 132 125 124 126 128 120 118 
59 61 64 65 72 81 88 89 89 98 109 114 117 116 105 75 54 59 50 40 36 36 36 30 21 22 32 34 33 37 42 36 25 32 43 48 54 58 74 46 53 42 47 71 64 70 77 92 94 104 111 114 118 124 127 122 122 122 116 109 108 109 107 106 
61 63 62 61 72 82 90 96 103 108 109 107 102 88 67 49 46 54 52 40 34 33 34 27 19 18 23 29 29 24 29 32 26 29 40 40 48 39 58 45 52 66 56 58 71 82 84 99 98 105 100 105 115 117 117 106 107 108 109 109 104 95 92 90 
62 64 60 61 81 95 99 95 90 89 94 91 81 67 57 46 41 50 54 42 33 33 30 25 19 18 18 20 21 21 25 33 34 28 33 33 39 34 53 64 64 63 57 55 65 69 83 97 101 112 101 106 108 112 109 94 97 99 106 104 100 104 98 91 
64 65 72 83 78 72 75 73 77 84 83 77 74 70 67 56 47 49 50 46 37 32 26 20 20 18 15 15 17 24 31 38 35 25 29 33 36 50 50 65 50 48 56 57 59 55 74 89 99 105 107 102 111 113 102 88 93 95 95 96 100 109 103 86 
66 75 84 62 64 70 74 75 74 71 67 67 68 73 60 45 41 38 36 36 34 32 24 18 19 20 14 13 16 26 38 34 27 24 30 27 34 50 40 50 55 39 47 61 56 51 80 93 92 92 93 94 105 96 81 80 88 90 93 94 93 96 95 91 
68 82 70 50 60 68 72 73 69 65 61 58 53 48 39 33 32 31 31 32 30 30 26 18 15 17 17 14 16 21 31 28 22 23 24 31 38 44 38 29 40 47 42 41 51 72 93 90 94 98 87 95 93 73 68 75 85 91 92 91 85 81 80 85 
69 72 79 65 56 64 72 75 74 72 68 60 50 42 34 31 31 28 30 30 27 27 25 18 14 15 15 17 15 19 23 20 19 22 31 34 33 29 34 22 26 39 46 47 61 86 85 86 97 96 86 96 87 78 86 87 86 90 86 88 85 80 69 74 
69 71 75 82 81 71 67 72 79 76 70 61 53 47 39 38 38 35 31 27 23 24 22 20 16 14 13 15 14 16 18 18 24 33 31 30 23 21 26 32 32 36 50 71 83 77 76 92 101 87 93 99 82 78 90 93 90 90 87 84 80 75 62 57 
70 71 72 73 82 100 101 92 80 74 70 63 58 53 48 49 48 45 34 23 18 22 23 23 20 16 13 12 11 15 20 27 30 29 25 22 21 26 29 38 41 48 67 75 70 74 84 94 95 91 99 95 82 81 91 90 89 79 76 77 80 70 63 53 
70 71 73 80 89 102 109 108 108 106 102 103 107 106 96 79 73 60 42 29 25 27 28 26 24 20 16 15 18 21 22 25 25 20 19 20 24 26 30 36 52 70 65 50 63 80 93 92 89 89 93 90 84 88 89 88 86 67 72 80 79 58 52 50 
71 72 73 79 86 91 104 107 108 107 104 113 130 131 127 130 138 140 136 116 83 53 54 46 39 31 24 21 25 29 25 24 22 21 22 23 27 27 31 37 54 59 47 50 73 82 85 85 84 82 86 85 86 90 86 88 72 55 73 78 75 47 36 37 
71 72 73 78 81 74 90 106 105 94 90 107 127 129 124 124 126 131 144 148 147 141 124 91 69 63 50 39 37 38 39 34 29 28 27 25 26 28 32 39 40 33 39 64 81 74 71 68 71 71 75 81 87 91 88 80 56 54 72 73 71 44 31 33 
71 72 72 77 86 88 97 104 106 102 101 112 126 129 123 122 124 128 131 133 142 152 151 157 142 127 114 102 101 104 90 72 65 54 44 39 40 40 36 28 25 29 46 70 77 64 48 51 68 63 65 72 82 85 76 53 50 51 65 70 66 41 29 29 
70 71 73 80 94 100 108 110 108 110 111 116 127 130 117 112 122 129 132 133 135 138 141 144 142 135 146 170 178 176 170 156 134 110 92 84 76 61 44 35 34 40 53 65 61 42 32 48 65 51 55 64 73 59 36 41 52 43 56 67 49 30 24 26 
70 71 72 79 90 97 109 113 110 109 112 116 125 128 113 103 115 123 126 128 131 135 139 143 147 149 156 166 171 179 181 181 179 174 164 154 144 124 97 76 58 51 47 39 34 28 29 44 45 35 51 55 45 29 31 48 46 38 52 56 34 28 25 28 
70 71 71 73 77 86 101 106 98 93 102 112 120 127 124 120 124 126 124 129 136 142 146 149 151 153 158 162 165 168 170 172 176 183 188 180 173 177 151 142 136 99 83 60 44 37 34 36 34 34 42 35 28 34 46 47 37 36 50 45 32 32 31 31 
69 70 71 71 72 81 98 103 90 85 100 108 115 128 129 127 128 127 124 128 134 136 135 126 117 125 145 154 157 160 163 166 170 174 178 178 176 189 198 205 209 202 190 162 134 91 60 45 42 41 37 33 35 46 44 40 37 37 45 43 34 36 34 29 
68 68 70 70 72 77 90 100 99 100 100 98 108 122 124 120 119 119 119 122 125 128 128 118 111 125 144 150 152 155 157 160 164 169 173 178 182 188 193 199 205 210 216 221 220 206 183 142 84 59 60 48 59 58 43 42 40 43 47 46 38 36 38 33 
67 68 69 72 80 84 86 91 96 100 100 100 105 111 113 113 115 118 120 122 126 131 135 137 140 144 148 151 154 156 158 160 164 170 175 179 184 188 192 195 202 209 215 223 229 234 240 236 190 177 167 105 82 71 59 52 50 52 55 53 47 43 46 43 
66 67 69 71 81 92 88 82 84 94 99 100 101 102 106 108 111 114 115 115 118 124 129 132 134 138 142 145 148 150 151 152 159 168 174 179 184 188 185 179 185 198 209 219 226 231 237 241 242 241 242 206 139 129 119 84 77 73 69 70 65 66 64 68 
65 66 67 68 74 86 90 88 87 92 97 100 103 101 95 99 107 109 110 111 112 115 117 111 102 112 127 133 135 138 142 145 149 154 159 163 168 174 177 176 178 181 180 193 212 225 234 240 244 243 249 252 242 237 224 196 188 173 162 166 148 138 127 135 
63 64 65 67 74 86 87 86 80 78 89 96 100 101 98 99 105 108 110 110 108 110 116 112 98 102 122 133 137 140 143 147 150 152 152 155 164 171 177 182 188 188 182 184 206 224 233 241 247 251 254 255 255 255 255 254 254 252 252 252 248 244 236 242 
62 63 64 65 68 72 75 84 88 91 96 98 99 101 105 107 109 111 112 113 109 111 120 126 128 130 136 141 144 148 151 152 150 152 149 152 170 181 186 191 192 186 190 206 220 229 236 243 247 251 254 254 255 255 255 255 255 255 255 255 255 255 255 255 
60 62 62 63 65 69 76 78 76 77 86 89 90 89 91 90 92 102 106 103 92 93 109 119 123 124 126 131 135 140 138 125 113 131 151 158 166 172 178 182 181 163 166 199 218 226 234 237 231 229 238 248 255 255 255 255 255 255 255 255 255 255 255 255 
58 60 61 62 63 68 76 78 73 70 80 89 93 95 99 95 89 96 100 98 87 83 98 111 115 115 116 119 126 131 132 126 110 111 130 149 159 165 170 174 177 174 179 199 211 220 230 236 235 233 241 252 255 255 255 255 255 255 255 255 255 255 255 255 
57 59 59 61 61 63 71 81 87 89 91 93 96 100 106 108 104 104 106 106 106 105 110 115 118 120 122 125 129 132 136 138 135 134 142 152 159 163 168 173 179 187 194 203 212 221 229 236 243 248 252 255 255 255 255 255 255 255 255 255 255 255 255 255 
56 58 58 59 60 62 70 78 84 84 85 79 75 86 97 102 100 100 102 104 106 109 112 116 117 120 124 129 132 135 139 142 145 148 152 156 160 164 169 174 182 192 201 208 215 220 226 232 239 245 251 255 255 255 255 255 255 255 255 255 255 255 255 255 
55 56 57 58 59 60 68 78 85 88 86 80 73 82 94 100 98 94 93 94 96 99 101 102 97 94 105 116 122 126 131 136 140 143 146 147 149 157 164 171 182 193 202 209 215 220 225 231 237 243 248 253 255 255 255 255 255 255 255 255 255 255 255 255 
54 55 56 57 57 60 68 69 71 80 82 82 83 86 92 98 97 92 82 76 87 95 96 97 95 91 93 105 111 115 119 124 129 132 134 124 109 119 145 161 172 183 193 201 206 211 217 224 231 237 242 248 253 255 255 255 255 255 255 255 255 255 255 255 
53 53 55 55 56 58 64 65 64 75 80 80 80 81 84 90 91 86 78 74 82 88 90 92 91 91 97 102 105 108 112 116 119 118 120 125 120 117 132 149 160 170 179 187 194 201 208 212 213 220 234 243 250 254 255 255 255 255 255 255 255 255 255 255 
53 51 53 54 55 55 57 63 75 84 84 83 79 71 72 87 95 91 89 89 89 90 91 89 76 78 94 99 100 102 105 108 109 106 108 117 122 126 130 136 140 143 147 156 168 177 184 185 181 191 216 232 242 250 253 253 255 255 255 255 255 255 255 255 
52 50 51 52 53 53 55 62 75 82 82 81 76 66 72 90 97 93 91 92 93 95 96 94 87 92 101 103 106 107 108 111 113 114 118 121 124 127 130 129 116 105 110 135 154 160 166 173 179 188 201 216 229 238 242 242 254 255 255 255 255 255 255 255 
53 49 49 50 51 52 53 61 72 75 74 75 75 75 78 85 88 85 83 84 86 88 90 92 92 94 96 98 100 102 104 107 110 113 117 121 124 128 131 131 124 119 130 146 155 160 164 171 178 187 199 211 224 234 239 247 254 255 255 255 255 255 255 255 
53 48 48 48 49 50 51 56 61 57 62 73 77 77 79 84 88 84 80 77 75 80 85 87 88 89 87 85 91 96 99 101 104 106 110 114 119 123 128 131 134 138 143 148 153 157 162 169 176 186 198 209 221 230 237 247 255 255 255 255 255 255 255 255 
52 47 46 47 48 49 49 50 48 46 61 75 80 82 85 89 93 90 77 61 63 80 88 90 92 93 84 66 79 98 103 105 107 109 109 110 117 121 125 129 133 137 143 147 152 157 161 168 176 186 197 208 219 228 235 245 254 255 255 255 255 255 255 255 


170 172 178 188 196 184 181 204 211 207 204 206 210 213 216 218 217 214 221 233 235 229 227 231 234 228 200 187 189 204 242 254 255 255 255 255 254 255 255 255 255 255 255 255 255 254 255 255 255 255 255 255 255 255 255 255 255 255 255 255 255 255 255 255 
169 179 191 198 197 186 192 198 197 197 201 204 206 211 214 213 209 207 207 218 220 223 227 226 210 193 179 184 214 239 252 255 255 255 255 254 253 254 255 255 255 255 254 253 246 245 254 255 255 255 255 255 255 255 255 255 255 255 255 255 255 255 255 255 
182 189 192 192 189 187 186 188 191 195 199 203 209 216 217 207 205 207 209 214 220 227 232 217 184 182 209 237 251 255 255 255 255 255 254 247 235 248 255 255 255 255 255 254 245 246 254 255 255 255 255 255 255 255 255 255 255 255 255 255 255 255 255 255 
182 182 182 181 179 180 183 185 189 196 204 213 221 214 192 186 196 205 211 218 224 229 234 238 239 246 252 255 255 255 254 255 255 254 254 249 249 253 255 255 255 255 255 255 252 251 253 255 255 255 255 255 255 255 255 255 255 255 255 255 255 255 255 255 
173 173 173 171 166 173 182 189 199 211 218 215 195 153 131 134 170 205 215 221 229 238 244 250 253 254 255 255 255 255 254 254 252 249 249 249 250 254 255 255 255 255 255 255 255 255 255 255 255 255 255 255 255 255 255 255 255 255 255 255 255 255 255 255 
168 169 168 165 164 178 194 206 210 206 196 188 183 168 143 123 153 206 225 235 243 248 251 253 254 254 254 253 250 249 248 249 249 247 247 245 248 252 254 255 255 255 255 255 255 255 255 255 255 255 255 255 255 255 255 255 255 255 255 255 255 255 255 255 
163 167 173 179 187 200 201 193 185 183 186 190 195 195 193 183 198 226 240 246 249 252 253 252 250 247 242 240 239 241 244 245 246 245 243 245 249 250 252 254 255 255 255 255 255 255 255 255 255 255 255 255 255 255 255 255 255 255 255 255 255 255 255 255 
172 180 189 192 190 185 179 179 183 187 192 198 204 212 222 229 234 240 246 250 250 248 242 233 229 225 228 235 237 239 240 241 242 246 249 252 254 255 254 255 255 255 255 255 255 255 255 255 255 255 255 255 255 255 255 255 255 255 255 255 255 254 251 251 
193 186 153 147 169 177 181 185 190 196 203 212 222 229 234 238 242 245 243 236 230 224 221 218 204 190 213 232 236 238 240 244 247 251 253 254 255 255 254 253 251 250 251 254 255 255 255 255 255 255 255 255 255 255 255 255 255 255 254 251 247 244 248 251 
172 151 121 127 158 179 188 197 206 214 221 227 232 236 238 236 232 223 216 214 214 212 202 187 170 170 203 230 237 242 247 251 253 254 254 252 250 248 247 245 245 247 248 253 255 255 255 255 252 253 255 255 255 255 255 255 255 255 254 251 248 248 254 255 
163 146 132 137 152 185 207 216 220 222 220 212 217 218 211 203 202 203 204 206 209 205 191 180 180 198 224 242 249 253 253 252 248 244 240 239 239 240 241 243 246 249 252 254 255 255 255 255 255 255 255 255 255 255 255 255 255 255 255 255 255 255 255 255 
171 173 182 193 202 214 222 221 203 190 189 187 191 192 192 186 185 190 193 200 211 218 222 227 232 242 249 250 247 243 236 232 230 231 234 236 238 236 233 239 250 254 255 254 254 254 255 255 255 255 251 251 254 255 255 255 255 255 255 255 255 255 255 255 
190 198 208 215 218 218 215 204 187 184 189 191 192 191 189 188 193 201 203 207 221 230 233 239 244 241 234 227 222 221 223 225 228 232 235 239 243 244 244 247 248 249 251 253 253 255 255 255 255 254 255 255 255 255 255 255 255 255 255 255 255 255 255 255 
208 208 207 205 199 192 188 185 184 183 186 189 192 195 198 204 211 217 221 225 232 226 208 207 213 211 211 213 216 219 224 228 233 237 240 237 231 226 227 232 241 250 254 255 255 255 255 255 255 255 255 255 255 255 255 255 255 255 255 255 255 255 255 255 
194 174 154 169 178 179 180 180 177 173 176 188 199 205 212 218 223 225 225 220 212 200 191 194 201 205 209 213 219 225 230 230 227 224 220 216 216 222 221 219 230 248 255 255 255 254 254 255 255 255 255 255 255 255 255 255 255 255 255 255 255 255 254 245 
168 152 137 161 176 178 180 183 185 186 190 203 212 215 215 212 205 197 189 185 188 187 190 198 202 202 201 204 205 200 194 189 200 204 186 158 139 162 194 209 221 229 232 239 246 249 251 254 255 255 255 255 255 255 255 255 255 255 255 253 249 232 194 154 
160 162 160 168 180 187 193 197 200 200 202 204 201 193 182 174 171 173 178 183 190 196 202 207 204 187 171 156 137 135 112 144 152 124 81 57 31 44 78 111 140 150 165 179 198 234 252 255 255 255 255 255 255 255 255 255 252 251 240 213 199 175 153 126 
161 170 180 187 192 194 192 186 173 158 164 167 161 158 159 165 172 180 188 195 200 201 195 188 166 133 117 113 118 120 108 106 83 58 29 20 27 71 104 108 108 78 86 135 173 209 247 255 255 255 255 252 249 244 233 235 217 209 198 184 184 172 163 150 
172 174 179 180 180 176 169 156 142 137 143 147 151 154 160 171 178 180 176 164 175 192 189 164 112 78 90 99 95 89 80 67 51 40 32 30 68 94 101 91 104 96 92 125 142 161 198 233 239 229 223 212 208 208 203 201 196 193 189 184 178 172 169 166 
161 162 160 154 146 139 137 137 139 143 151 158 162 148 134 144 149 146 135 74 76 133 152 117 92 83 70 54 49 53 52 41 34 39 45 57 74 67 83 81 92 97 78 96 113 136 154 177 193 174 161 180 186 192 192 191 189 185 182 177 176 173 171 168 
142 133 124 120 123 131 140 146 149 152 151 146 140 127 119 134 145 147 152 124 83 108 109 90 73 57 43 39 46 57 48 36 41 50 57 55 64 59 68 73 83 86 68 87 102 120 140 152 167 165 149 167 177 179 180 180 179 177 175 173 172 169 170 173 
103 106 113 123 132 139 141 137 129 119 113 117 126 133 138 141 147 153 157 154 124 100 64 46 52 66 66 65 61 43 25 30 42 52 55 51 62 58 67 68 73 81 65 75 103 112 129 141 148 152 140 156 169 172 172 171 171 168 166 167 167 168 175 178 
103 108 116 117 109 106 110 110 106 103 109 122 132 137 137 131 131 142 148 142 122 82 67 63 65 60 44 28 16 13 36 49 51 46 41 43 62 64 66 70 71 80 79 71 95 109 113 124 129 132 124 144 160 163 164 163 164 163 162 167 168 173 174 170 
99 99 99 96 90 96 108 113 115 113 115 119 123 125 129 134 144 166 170 127 97 88 74 64 46 19 19 22 21 39 65 53 42 37 35 45 61 62 67 76 80 74 80 84 95 103 104 108 109 108 108 132 150 155 160 160 160 163 162 168 171 169 164 161 
85 89 92 94 97 100 102 103 101 99 105 118 129 137 142 146 150 153 130 91 69 60 54 46 19 13 33 51 55 62 51 40 30 34 42 41 53 65 61 70 96 74 68 81 92 99 93 86 78 84 102 129 142 151 156 158 160 164 161 166 168 165 156 150 
68 68 64 63 69 74 78 81 83 90 109 127 132 132 133 134 133 115 86 63 46 45 47 39 14 22 37 56 58 47 40 35 29 35 41 48 47 71 53 60 84 76 70 78 77 74 66 62 69 81 108 129 138 144 148 152 157 160 160 163 161 159 150 143 
35 38 43 48 52 57 68 76 85 96 112 117 118 119 120 115 99 75 61 49 38 37 40 37 16 38 55 50 42 40 41 35 33 39 37 50 56 79 52 59 54 75 76 70 67 55 41 51 70 95 119 126 133 135 141 143 146 150 154 155 152 146 135 133 
24 32 46 55 61 65 74 81 88 95 105 107 106 107 109 97 67 50 47 43 34 35 41 33 25 44 43 35 33 36 37 33 40 33 35 41 57 77 50 59 54 65 65 62 51 59 71 70 76 97 111 116 121 123 132 135 136 138 136 139 141 137 122 123 
25 32 43 50 56 62 71 72 71 81 93 97 98 101 103 83 54 50 44 38 34 35 32 28 24 32 33 32 28 34 38 37 31 27 29 35 51 64 56 48 57 41 49 42 54 62 61 76 85 101 106 111 113 116 127 125 127 124 116 117 121 124 115 114 
27 31 37 45 54 61 68 70 71 79 90 96 99 99 91 66 48 52 42 34 30 30 31 25 17 18 25 26 26 28 31 29 18 25 32 37 45 48 65 35 44 31 35 60 51 57 64 80 81 92 99 101 106 113 116 111 111 112 105 97 98 100 98 98 
30 33 37 41 55 64 71 78 87 93 95 95 90 78 57 42 39 46 42 32 28 27 29 21 14 14 18 23 23 18 21 24 19 22 30 31 42 32 52 37 41 54 42 44 60 70 72 87 86 93 87 90 103 104 104 91 92 95 97 97 92 83 81 81 
31 33 35 45 68 82 86 83 79 79 85 82 72 57 46 37 34 41 42 33 26 27 24 19 13 11 13 15 16 15 19 24 25 22 26 26 33 28 45 53 51 50 44 42 51 55 70 86 89 99 88 94 96 99 96 78 82 85 94 91 88 92 88 82 
32 34 49 70 67 61 63 61 66 75 74 66 64 59 56 45 37 38 38 34 27 26 20 13 13 11 9 10 11 17 23 28 25 19 22 27 30 41 38 53 37 37 46 46 44 40 60 77 86 92 95 89 98 102 89 73 77 82 82 84 88 99 94 76 
35 50 69 49 51 57 62 63 63 59 55 56 57 63 50 36 33 30 27 26 24 26 17 11 11 13 8 8 11 19 27 25 19 19 24 22 27 42 30 41 46 29 36 49 43 37 66 80 78 78 80 80 92 83 67 65 72 76 80 82 80 85 85 81 
38 59 54 36 46 54 58 60 56 51 48 46 42 38 31 27 26 23 23 23 21 24 19 11 8 10 11 9 11 15 23 21 15 18 20 24 31 37 31 23 34 40 31 27 38 59 81 76 80 85 74 82 80 60 53 59 70 78 79 79 73 68 69 76 
38 43 57 48 40 47 55 58 58 55 53 45 36 30 25 21 21 19 19 20 18 21 19 12 7 9 9 9 10 14 17 14 13 17 25 27 26 24 29 17 20 32 37 34 47 73 73 73 84 84 72 83 74 65 74 74 73 77 73 76 73 68 58 66 
38 40 47 62 64 54 47 50 57 54 50 42 35 32 26 26 26 23 19 16 15 18 17 13 9 8 7 9 9 11 13 13 18 26 25 24 18 16 21 27 26 27 39 59 71 65 63 80 90 74 81 86 69 64 77 81 78 78 75 72 69 65 53 50 
39 40 42 48 64 86 85 72 59 52 48 43 39 37 34 36 33 30 21 12 10 16 17 17 13 10 8 7 7 9 15 21 24 22 19 17 16 21 24 32 35 39 57 64 60 63 72 82 83 79 87 83 68 68 78 77 77 67 63 66 70 61 56 48 
39 41 43 55 70 88 94 89 88 88 85 88 92 92 82 63 60 48 30 21 18 21 22 20 18 14 11 10 13 16 15 19 19 15 14 15 19 21 25 31 46 62 58 44 54 71 83 83 78 77 81 77 71 76 77 75 74 55 60 69 71 53 47 46 
40 41 42 52 64 74 89 88 88 88 84 95 119 120 115 121 131 135 133 113 78 48 48 38 32 24 18 14 18 24 19 17 15 14 16 18 21 22 26 32 48 53 44 46 66 75 77 78 77 73 76 74 74 78 74 76 63 44 62 68 67 42 32 34 
40 41 42 49 58 57 77 89 86 71 61 84 115 118 111 112 114 120 135 141 142 137 119 81 59 53 41 30 31 32 33 28 23 23 22 20 21 23 27 35 37 31 37 60 76 70 66 63 65 64 66 71 76 79 77 70 48 46 62 63 63 39 27 30 
40 41 42 49 63 71 83 87 85 79 76 93 113 117 110 109 111 114 119 122 135 147 146 153 138 122 107 94 95 101 87 67 61 49 38 33 35 36 31 27 24 29 44 65 72 62 48 48 63 58 58 62 71 74 68 47 45 45 57 61 61 36 27 27 
39 40 42 53 73 83 95 93 88 89 93 101 113 119 105 98 110 118 122 124 128 132 136 139 138 130 142 167 176 175 168 155 133 107 88 81 73 58 42 33 33 40 53 63 58 44 35 47 61 49 51 58 65 54 33 36 46 40 49 61 46 28 24 26 
39 40 42 52 70 79 95 98 92 92 94 101 111 118 102 90 103 112 117 120 123 128 134 138 142 144 151 163 169 178 180 180 178 172 163 154 144 124 97 76 58 52 48 41 37 31 32 43 44 36 49 51 42 28 29 43 41 35 48 52 33 28 24 28 
39 40 40 43 50 64 86 91 79 74 84 95 106 117 114 110 113 116 117 123 131 137 141 144 145 148 154 159 163 166 167 170 175 183 189 182 173 177 150 143 136 100 84 61 45 39 37 37 34 34 41 35 27 33 44 44 36 35 47 43 32 31 30 32 
38 39 40 40 42 55 81 88 71 68 83 92 102 117 120 117 119 119 117 122 127 130 128 118 108 117 141 151 154 157 160 165 169 174 178 178 175 189 200 207 211 205 192 162 134 91 61 46 44 42 38 34 35 45 43 40 37 38 44 43 35 37 35 31 
37 38 39 40 41 51 73 85 83 83 84 81 94 112 114 109 108 108 108 110 115 120 120 108 101 118 139 147 149 152 155 159 163 168 173 178 182 188 194 201 207 213 219 224 223 208 185 143 85 60 61 49 59 58 44 44 41 44 48 47 41 39 41 38 
36 37 39 42 55 65 71 77 79 82 83 84 91 98 101 101 103 106 108 110 114 121 128 131 134 139 144 148 151 153 156 159 163 169 174 178 183 188 192 196 203 209 218 226 231 238 243 239 191 177 168 106 82 72 61 54 52 54 58 55 51 47 49 48 
37 38 39 42 58 75 73 68 69 77 82 86 87 90 93 95 98 101 103 103 106 112 119 123 127 133 137 140 143 147 149 151 158 167 173 178 183 188 185 177 184 197 209 220 228 235 241 246 245 242 244 208 139 129 121 86 80 75 74 74 70 71 68 73 
37 38 39 39 47 66 74 75 73 76 81 85 89 88 83 86 94 97 99 100 102 106 109 102 94 106 122 130 132 136 139 143 148 153 158 162 168 175 178 176 178 181 179 193 215 230 239 245 248 245 251 253 242 237 225 196 188 174 162 166 148 139 128 137 
36 38 38 38 49 67 73 74 66 63 72 80 85 88 87 88 94 96 98 100 101 102 109 105 91 96 117 130 134 138 142 146 149 152 151 154 165 173 179 185 190 191 183 184 209 229 238 246 252 255 255 255 255 255 255 254 254 252 251 252 248 244 236 242 
35 36 37 37 42 49 55 69 74 75 81 85 86 89 93 96 98 99 102 103 101 103 113 120 122 125 131 137 142 147 150 151 149 151 148 150 170 182 188 193 194 188 191 210 225 234 242 250 253 254 254 253 255 255 255 255 255 255 255 255 255 255 255 255 
35 36 37 36 37 42 53 63 63 63 69 73 74 74 77 77 80 90 93 92 79 77 96 109 113 117 118 124 131 136 135 123 112 130 150 158 165 172 179 183 180 158 161 201 222 231 239 243 234 227 227 236 252 255 255 255 255 255 255 255 255 255 255 255 
33 35 36 36 36 43 56 63 58 54 64 72 76 81 88 85 78 86 90 87 74 62 81 101 107 108 107 112 120 126 128 122 108 109 129 148 159 164 169 174 178 173 179 202 215 224 234 241 238 225 224 246 254 255 255 255 255 255 255 255 255 255 255 255 
32 33 34 35 34 37 48 65 74 72 74 77 81 87 95 101 96 96 98 98 97 94 101 109 112 115 117 121 126 130 135 137 133 133 141 151 159 164 170 175 181 189 197 207 216 226 235 243 250 251 251 255 255 255 255 255 255 255 255 255 255 255 255 255 
30 32 33 33 34 36 47 62 70 69 67 63 60 72 85 93 91 89 92 94 97 101 106 110 111 116 122 127 132 134 138 142 145 149 153 157 161 167 173 178 185 195 205 211 218 225 232 239 246 252 254 255 255 255 255 255 255 255 255 255 255 255 255 255 
27 29 32 32 33 34 43 60 72 73 69 63 57 67 82 91 87 83 82 82 85 88 92 95 89 87 99 113 120 125 130 135 139 143 148 148 150 159 167 175 184 195 204 211 218 224 230 237 243 249 254 255 255 255 255 255 255 255 255 255 255 255 255 255 
26 28 29 31 31 34 45 54 59 67 66 66 67 71 79 88 88 82 72 65 77 87 88 89 89 83 87 100 107 112 118 124 128 131 134 124 108 120 147 165 175 184 194 202 209 214 220 228 237 243 249 253 255 255 255 255 255 255 255 255 255 255 255 255 
25 27 27 29 30 32 42 47 52 64 64 63 64 67 71 79 82 76 67 62 72 80 83 85 84 84 91 97 100 104 109 113 117 116 119 125 119 115 132 152 163 172 181 189 197 205 212 217 219 225 241 251 254 255 255 255 255 255 255 255 255 255 255 255 
26 25 25 26 27 27 30 40 60 73 70 68 64 55 57 78 88 83 80 79 80 82 84 83 68 71 88 94 97 100 102 105 108 105 107 116 122 125 132 137 142 146 150 160 172 182 190 191 187 196 223 239 248 253 254 254 255 255 255 255 255 255 255 255 
26 24 25 25 26 26 26 37 59 69 68 66 60 49 57 80 91 86 83 84 86 87 89 89 81 86 96 99 101 105 106 108 111 114 117 120 123 128 132 130 115 104 108 138 158 166 172 178 185 194 208 222 235 245 249 248 255 255 255 255 255 255 255 255 
27 24 25 24 24 25 26 36 56 64 61 61 60 60 65 73 80 76 75 76 78 81 84 87 87 89 92 95 98 101 102 106 110 113 117 121 126 130 134 134 125 119 131 150 161 166 172 178 184 193 205 218 230 240 248 252 255 255 255 255 255 255 255 255 
28 22 23 23 24 24 24 30 42 43 47 58 62 63 67 72 79 77 72 69 67 73 78 80 82 84 82 80 87 94 97 99 103 106 110 115 120 125 131 135 137 142 148 152 158 163 169 176 183 193 204 216 227 238 246 253 254 255 255 255 255 255 255 255 
28 21 21 22 22 23 23 23 23 25 40 61 66 69 73 77 85 83 71 56 58 74 83 85 87 88 78 58 73 95 101 103 106 109 109 110 117 123 127 132 137 142 147 151 157 163 169 175 182 192 203 214 226 236 244 252 255 255 255 255 255 255 255 255 