


110 118 107 85 67 63 75 96 118 135 145 152 152 151 152 147 134 124 124 134 135 134 125 132 145 155 151 142 141 148 157 157 130 86 72 71 71 71 70 68 63 64 64 68 75 76 70 70 73 72 63 56 56 59 76 92 95 82 81 86 87 83 76 64 
117 120 108 90 74 78 96 114 124 135 145 150 151 146 146 138 123 114 125 138 138 138 134 146 155 158 149 139 141 149 158 153 112 74 74 69 65 67 68 65 61 67 69 77 86 87 77 75 77 73 59 56 66 75 90 98 88 77 86 86 81 76 69 60 
121 123 114 99 84 96 115 123 125 129 140 147 146 138 137 129 116 115 128 139 143 146 147 155 161 159 148 138 140 150 160 149 97 70 79 69 63 63 62 60 66 74 75 79 83 81 76 77 76 74 69 74 87 91 97 93 82 82 87 80 71 63 60 55 
120 125 120 106 94 111 129 132 121 121 136 143 136 128 129 128 119 119 125 136 147 154 159 163 165 161 153 144 145 154 160 146 93 76 83 72 66 63 60 64 74 78 78 77 73 67 67 75 77 80 80 93 100 100 97 88 86 85 74 66 61 55 51 49 
118 123 124 110 102 121 138 135 120 121 135 140 133 127 129 131 126 122 123 134 149 161 165 164 165 163 159 152 151 157 161 141 88 77 82 74 71 65 65 72 76 76 78 69 65 60 63 76 85 90 92 104 102 96 88 92 91 78 57 55 56 52 50 53 
119 123 126 113 107 121 136 134 126 128 136 138 133 129 130 133 130 121 117 132 152 165 165 162 162 163 162 158 159 160 161 135 79 73 78 75 73 71 74 78 77 80 75 63 63 64 75 87 93 95 106 106 96 87 88 95 85 64 51 53 55 53 60 69 
124 122 121 113 110 121 136 138 133 132 135 137 134 132 132 134 132 120 110 131 156 167 163 158 156 162 165 163 163 162 160 133 78 72 82 81 77 78 82 82 83 84 71 62 64 77 95 103 104 101 103 93 85 86 92 88 71 57 53 59 60 61 69 77 
128 119 117 112 107 119 135 140 132 130 131 137 140 140 137 141 136 127 117 139 160 168 163 155 154 161 165 165 163 163 160 136 80 71 83 85 82 82 84 87 88 78 67 68 74 93 105 110 106 97 94 83 82 88 85 71 60 57 58 70 71 77 81 80 
128 114 110 110 102 111 128 139 133 128 132 141 147 146 145 151 147 138 134 150 166 170 164 156 156 162 165 164 163 162 158 136 79 68 80 82 81 83 86 90 87 71 69 79 93 106 109 105 93 85 87 84 89 87 72 60 59 59 72 81 84 92 91 84 
131 115 115 115 100 102 126 143 140 134 138 147 151 153 154 161 159 151 150 160 170 172 166 160 160 163 167 166 163 160 156 132 77 66 78 77 80 89 88 89 84 74 80 96 105 107 106 96 83 81 88 93 91 80 64 58 61 66 87 90 88 97 87 74 
139 128 129 124 102 97 130 148 147 143 145 155 157 158 160 168 167 163 163 168 173 174 168 163 162 166 169 168 163 157 152 129 77 66 79 79 85 93 86 85 84 83 88 100 99 94 96 87 84 89 94 92 82 73 65 66 71 79 92 85 78 90 77 58 
148 144 145 136 111 104 136 155 155 153 153 162 162 160 165 172 173 172 173 174 175 175 170 164 162 165 166 166 160 154 149 128 79 68 79 80 86 91 80 84 89 92 91 90 86 86 93 85 90 95 93 84 74 79 80 80 78 86 83 72 74 80 60 51 
155 154 156 148 127 124 147 162 162 161 161 165 163 162 166 173 173 173 175 176 176 174 169 163 159 161 163 161 156 149 143 124 83 71 73 72 81 82 77 86 92 91 85 81 84 91 98 93 94 97 86 76 77 91 88 91 86 84 79 70 76 68 52 46 
162 163 164 156 143 143 157 167 167 165 164 166 164 162 165 171 173 173 173 174 173 170 164 159 153 155 156 155 147 140 136 121 85 73 67 63 75 78 82 86 88 82 81 84 93 101 102 101 96 94 83 82 81 94 88 98 96 88 85 79 72 58 51 42 
165 166 166 162 155 157 165 169 169 168 167 166 163 159 161 168 172 173 171 171 169 166 162 157 152 153 153 149 138 133 131 116 84 75 69 67 74 79 86 84 78 77 88 94 102 110 106 101 92 87 83 94 81 93 95 105 107 99 96 86 64 53 48 40 
166 165 163 164 162 164 168 168 169 168 167 165 160 154 156 163 169 172 170 167 163 161 160 157 155 155 155 148 134 128 127 113 83 73 76 80 78 83 86 77 67 77 95 101 109 115 106 95 89 93 92 94 82 94 106 111 115 105 99 88 63 51 42 38 
164 161 158 158 160 162 167 168 168 168 166 163 156 150 151 158 168 171 169 165 160 158 159 159 160 163 161 148 135 127 126 115 84 71 79 85 81 85 80 67 69 87 100 107 115 114 99 90 94 102 94 88 87 99 114 115 109 105 100 85 63 45 34 42 
160 155 147 145 152 157 165 167 168 167 166 161 153 147 146 156 167 171 169 164 160 158 161 162 165 170 164 148 133 130 128 117 87 72 83 85 84 85 73 65 78 93 102 108 114 108 97 96 106 103 91 88 93 108 118 109 91 88 88 80 59 35 32 50 
155 146 132 131 139 149 159 165 165 167 166 160 151 147 148 156 165 172 171 165 160 160 163 166 170 173 166 149 133 131 130 118 88 75 87 84 83 80 69 70 82 94 102 101 107 102 103 110 116 104 88 87 97 112 120 102 81 70 67 73 59 29 37 60 
151 137 119 120 128 141 153 162 163 166 165 159 150 146 149 155 164 171 171 166 161 161 165 169 173 174 167 152 136 132 130 118 90 77 86 82 78 73 68 71 81 91 94 92 99 100 111 122 117 100 87 92 107 116 116 100 84 67 58 71 61 29 43 63 
148 135 119 120 128 138 151 160 162 165 165 159 149 143 147 154 162 169 171 169 165 164 169 174 177 177 171 154 138 130 127 118 93 78 83 80 73 71 68 71 79 81 86 88 94 107 120 126 111 100 100 106 108 109 105 96 89 77 64 76 69 36 51 61 
151 140 131 135 138 143 148 155 160 162 164 159 149 141 145 152 159 165 170 170 167 170 175 178 179 179 172 153 135 123 121 115 95 81 83 78 70 71 68 68 71 71 82 86 97 114 128 116 107 103 108 106 103 101 101 98 95 86 75 79 74 43 56 54 
157 149 148 152 150 145 143 148 153 158 163 159 149 140 141 148 157 164 169 171 171 175 179 181 181 179 170 148 126 113 111 109 92 81 81 75 70 71 69 66 62 65 79 86 105 122 128 111 113 112 108 105 104 103 105 103 101 99 89 83 79 49 57 55 
160 158 161 163 158 148 139 140 144 152 161 161 152 140 138 147 157 165 169 171 174 177 180 181 180 176 161 138 108 103 104 106 105 96 84 104 110 93 81 89 79 82 99 132 141 138 127 120 123 119 111 112 107 105 98 95 96 107 103 93 85 55 56 58 
163 165 168 167 164 152 135 128 133 147 159 164 156 141 137 147 159 166 170 169 171 174 175 177 177 171 153 126 102 102 119 133 150 136 117 156 164 141 113 117 130 121 126 161 170 158 134 128 128 124 118 116 111 111 99 90 85 102 109 105 92 57 56 62 
167 169 168 168 166 155 133 120 127 144 159 165 157 145 140 150 161 165 168 166 166 167 167 169 170 166 150 123 115 114 137 142 152 148 97 104 139 164 139 135 149 136 134 145 154 162 144 128 129 126 118 110 110 113 107 100 90 95 101 107 97 62 55 56 
167 168 166 164 164 158 140 125 130 147 161 166 161 153 148 157 164 166 164 161 160 158 156 157 161 160 151 131 125 136 128 128 142 132 82 65 80 126 155 158 154 111 93 92 97 133 146 125 123 123 122 110 101 107 110 113 105 98 92 98 101 70 47 51 
166 167 162 157 162 163 150 133 137 153 163 168 166 161 159 164 169 169 163 157 152 148 144 146 152 154 150 142 140 136 130 123 111 114 101 67 87 107 136 152 145 93 56 52 94 127 132 133 131 125 126 120 106 100 104 118 120 111 89 91 96 81 41 48 
164 165 160 155 161 166 156 141 144 159 166 170 171 170 170 173 173 171 163 155 149 143 139 141 144 146 145 143 141 126 109 84 91 92 92 86 94 106 132 142 127 91 59 72 150 149 131 142 142 134 127 121 111 107 111 117 125 121 95 87 88 85 42 42 
160 164 160 157 163 169 161 147 150 163 168 172 175 176 178 178 177 169 161 156 152 148 145 137 132 131 134 132 102 93 86 80 90 95 96 84 85 109 129 133 117 90 84 123 165 149 132 143 147 134 134 125 113 114 116 118 124 124 108 88 83 81 53 35 
159 166 165 163 167 171 163 149 151 163 169 173 176 179 181 180 156 121 117 123 130 139 147 140 117 104 104 108 100 88 82 95 105 102 99 104 114 133 132 123 90 82 138 153 159 154 138 141 153 137 134 135 123 116 119 121 125 124 119 99 85 78 68 34 
157 165 169 169 171 173 162 149 151 165 170 174 177 180 181 166 90 63 64 64 64 70 81 93 96 89 86 111 86 90 99 94 116 97 102 108 126 151 142 112 55 101 150 145 140 144 132 139 153 142 132 136 134 127 123 125 125 123 122 112 95 81 78 56 
159 165 169 171 171 171 161 148 151 164 170 174 178 182 182 147 62 58 61 58 55 56 56 58 83 93 85 79 97 95 110 141 144 120 118 138 157 167 122 77 77 132 156 130 125 139 141 136 150 147 134 134 139 139 127 124 123 125 123 118 109 93 78 70 
159 162 165 165 165 166 162 151 152 165 171 175 180 183 182 154 71 59 61 60 60 62 66 73 72 75 69 86 95 100 148 159 156 152 152 160 162 136 75 41 73 133 149 105 123 134 126 134 148 148 135 131 136 143 130 122 121 125 126 121 116 108 89 75 
158 158 159 157 158 160 162 155 155 165 171 174 179 184 182 168 100 63 60 64 72 71 80 88 70 65 67 101 81 120 135 110 125 158 154 135 95 68 91 74 78 112 132 98 120 131 129 131 148 146 135 128 132 143 136 124 124 126 128 125 117 115 105 86 
155 153 153 150 153 160 164 162 159 164 170 173 179 184 182 176 139 75 67 74 86 83 99 107 88 63 83 72 58 80 64 80 133 150 111 57 30 42 115 127 103 103 113 100 115 123 121 129 147 141 130 125 128 140 139 128 126 125 127 129 122 119 115 101 
152 151 151 151 154 163 169 168 164 163 169 173 179 183 183 179 166 108 76 86 91 90 117 110 80 56 71 83 85 57 81 130 140 124 51 52 40 50 140 148 111 106 98 112 133 133 114 129 145 136 125 127 123 128 128 131 127 128 127 127 129 126 119 106 
150 148 153 158 162 169 175 174 168 165 169 175 180 183 185 182 178 149 98 98 94 101 130 107 76 65 54 67 89 99 113 129 115 80 39 59 67 62 146 134 98 107 103 113 127 134 120 128 141 135 126 130 124 117 120 140 132 131 128 129 132 132 122 105 
152 150 157 165 170 174 179 178 172 169 171 178 182 185 186 185 183 171 134 112 100 113 131 108 74 66 76 77 81 101 112 101 84 60 29 36 41 69 138 110 87 96 114 119 130 137 121 121 135 135 122 130 134 122 131 144 138 130 131 134 133 133 126 106 
158 157 162 170 175 179 181 180 175 173 174 181 185 186 186 186 183 175 156 128 110 130 129 108 89 91 86 83 84 100 108 71 90 72 24 22 30 75 128 99 91 88 123 125 140 146 132 124 132 130 118 129 132 121 136 142 139 133 131 133 133 130 123 103 
162 162 165 171 177 179 181 179 175 174 178 184 187 188 188 186 181 172 158 136 124 140 129 109 102 81 83 81 83 93 95 78 100 106 42 32 41 105 117 91 81 85 118 133 144 145 134 134 134 129 117 126 128 122 131 139 137 128 125 128 129 121 115 100 
165 164 166 171 176 179 178 174 170 173 181 186 189 190 188 183 173 162 148 127 131 137 126 104 80 69 80 83 97 99 96 100 120 135 90 71 86 137 95 82 85 77 126 139 145 140 130 138 136 128 116 123 135 135 125 132 133 120 123 125 127 117 108 90 
167 166 166 170 174 177 176 170 165 168 179 186 188 189 187 177 161 149 136 121 136 134 120 102 54 58 72 79 100 115 111 121 132 141 113 105 136 129 83 72 89 80 127 146 153 138 130 136 133 128 117 124 135 135 120 113 110 114 120 123 123 119 104 81 
167 167 165 167 172 175 173 167 161 163 173 183 186 187 182 170 151 133 122 117 140 132 114 99 54 56 64 84 102 112 119 130 140 146 129 136 147 105 74 65 88 93 127 143 151 136 133 136 134 126 120 123 132 135 123 101 94 115 119 117 123 119 99 80 
165 166 165 167 169 171 167 159 155 158 168 179 184 184 175 160 138 119 111 110 139 130 119 101 53 65 65 82 105 115 127 137 142 144 141 147 137 100 80 79 104 103 125 136 145 139 133 134 134 126 116 122 128 132 121 102 103 130 127 117 120 115 98 81 
165 165 166 167 168 166 161 153 148 154 165 174 179 175 164 147 124 109 100 103 136 122 121 101 66 69 69 90 110 111 123 137 143 135 128 117 124 93 78 99 108 102 115 130 142 138 131 133 134 131 125 126 125 128 123 107 108 127 128 120 118 117 103 84 
166 166 165 166 165 161 154 147 145 148 159 168 169 161 148 132 116 104 91 93 129 119 120 98 87 62 59 103 116 120 124 134 140 133 124 82 110 77 94 126 112 102 115 131 138 137 129 130 131 137 126 128 126 130 123 112 106 125 125 118 120 122 110 91 
166 167 167 167 164 155 145 138 137 139 148 158 155 142 122 108 105 100 87 89 119 119 121 112 90 50 50 98 125 132 127 128 135 132 127 80 85 82 105 130 106 78 119 135 131 136 127 129 132 139 128 129 127 127 125 109 94 113 121 115 114 118 111 96 
166 167 167 167 161 150 137 128 128 134 140 144 137 119 96 92 101 102 93 97 121 124 125 107 67 51 50 93 132 137 131 131 131 128 124 97 48 90 120 134 113 67 107 137 131 134 126 129 135 140 128 126 126 127 126 110 87 101 119 116 114 119 111 92 
166 167 167 165 158 146 132 125 127 130 133 132 121 101 89 98 110 107 98 107 127 119 96 88 80 68 56 85 130 141 140 132 127 125 126 117 58 69 123 138 132 89 95 133 132 133 126 130 141 139 126 125 127 125 124 113 89 89 114 118 113 114 104 94 
166 167 166 163 155 143 131 128 128 129 130 129 117 107 107 117 121 115 119 119 106 98 108 108 101 83 66 84 136 145 143 133 124 118 117 122 92 60 108 132 135 116 88 122 130 130 127 132 139 139 127 130 127 121 122 114 89 80 99 108 101 101 97 100 
166 167 165 161 152 141 132 132 133 133 134 134 129 127 130 132 128 128 119 106 113 116 121 117 108 101 82 90 136 139 140 135 123 117 119 113 112 75 78 113 129 123 83 107 123 128 129 135 138 139 131 126 125 123 117 110 94 77 89 92 83 93 105 110 
166 166 164 159 151 139 134 136 139 142 145 146 146 145 143 140 131 122 112 118 128 126 122 113 121 128 112 99 108 120 126 131 121 110 109 110 110 101 68 83 113 116 84 92 116 126 132 138 136 138 133 131 130 122 117 110 98 75 86 99 81 89 103 107 
166 166 163 158 149 139 137 141 144 146 152 155 157 154 147 139 124 113 118 123 124 126 126 103 122 130 127 99 86 109 125 122 114 103 106 110 101 105 95 61 77 108 88 83 109 124 133 136 134 137 134 133 130 123 119 111 94 73 84 100 94 92 100 94 
165 165 162 157 149 139 138 143 146 150 155 158 160 156 148 136 112 108 119 123 119 120 125 97 105 130 122 92 85 109 123 110 98 97 104 106 97 93 109 77 57 101 84 75 101 122 134 135 132 133 128 128 128 122 118 111 91 70 82 101 102 94 102 95 
165 165 161 156 149 142 141 143 147 152 152 154 157 156 151 135 108 103 115 120 120 115 116 84 85 114 117 75 72 96 100 100 94 96 106 102 101 87 99 82 53 92 85 71 98 122 131 129 134 131 125 126 127 122 113 103 86 71 82 99 101 101 104 98 
164 164 161 157 151 144 142 144 148 149 146 147 150 153 149 143 125 102 107 115 114 109 104 75 71 89 97 57 47 67 80 91 92 106 114 105 98 86 81 84 61 85 83 83 102 122 132 127 128 125 126 125 123 119 112 100 89 73 79 101 100 103 98 92 
164 163 161 157 150 145 144 145 147 144 142 142 144 148 146 148 146 116 102 108 108 99 95 75 65 62 66 36 39 49 58 79 96 101 113 109 97 88 78 69 62 81 81 89 108 124 132 126 126 124 125 123 121 115 106 99 92 76 71 96 103 100 89 80 
164 163 160 156 149 146 146 145 144 142 141 141 144 145 146 150 152 141 116 110 110 97 91 83 72 62 65 53 79 84 71 102 107 102 105 105 102 88 75 59 61 77 82 96 112 126 128 126 122 122 122 121 120 118 110 99 90 75 68 83 95 87 81 78 
163 162 159 154 148 146 147 143 140 141 142 144 146 146 146 147 153 153 138 118 119 110 102 98 96 90 110 111 124 101 74 104 107 100 93 100 100 86 77 69 66 79 86 101 117 123 125 123 120 118 116 117 118 116 108 96 83 75 74 80 84 77 77 78 
162 161 159 152 146 145 144 140 139 141 145 149 147 147 148 150 154 155 152 139 124 123 124 121 121 114 106 112 108 85 78 105 106 94 84 93 91 89 87 80 70 84 92 102 113 118 120 118 115 115 114 117 117 113 105 95 79 63 74 84 82 76 76 74 
162 160 158 150 144 144 141 138 138 143 149 148 147 149 151 152 154 157 158 156 147 135 128 122 120 118 93 92 96 83 85 100 105 90 79 87 83 87 87 80 73 89 104 108 114 116 115 111 112 115 115 114 110 105 97 90 76 58 63 82 78 73 68 66 
160 159 156 149 144 143 141 138 139 147 151 148 148 149 149 150 154 156 157 157 154 149 139 124 97 94 102 104 102 90 85 96 94 82 73 77 77 83 84 78 78 98 109 109 108 110 108 109 109 112 111 108 104 97 92 82 72 61 65 74 70 66 62 58 
159 158 154 147 144 143 142 139 141 150 151 149 148 146 145 148 151 149 149 151 150 146 145 142 130 113 99 99 99 82 77 84 84 76 66 69 73 81 77 79 86 101 107 106 108 102 101 106 106 105 103 101 95 93 90 78 65 59 70 73 67 62 59 53 


69 76 69 54 43 44 56 71 88 103 113 122 124 123 123 115 98 84 81 90 93 93 88 99 115 124 119 106 104 114 127 127 100 64 54 55 56 58 58 55 52 54 53 54 60 62 56 55 58 56 49 44 44 46 60 71 73 60 59 65 64 62 56 47 
76 79 71 60 50 56 71 83 92 104 114 120 122 117 114 104 86 74 81 94 96 98 98 113 124 127 117 101 103 116 128 123 85 56 56 52 50 53 54 52 50 56 56 60 67 69 62 60 60 56 45 43 50 58 70 74 65 55 61 63 59 56 51 44 
82 86 79 67 58 68 83 92 94 99 110 117 116 108 104 93 79 74 84 97 103 108 112 124 132 128 114 100 103 118 130 120 75 53 59 53 48 50 50 48 52 60 59 60 64 63 59 60 59 55 52 57 67 70 73 68 57 56 60 58 52 45 43 38 
82 89 85 74 66 80 96 101 92 91 105 112 105 96 96 91 81 77 80 93 107 119 126 133 137 131 119 108 110 122 131 116 71 56 61 53 50 49 47 50 57 61 60 57 54 50 50 57 58 59 60 71 76 75 70 62 59 57 50 46 42 36 33 33 
81 89 90 79 74 88 104 104 91 91 104 108 99 94 94 95 88 80 78 89 110 127 133 134 135 133 127 118 117 126 133 112 66 57 59 54 53 50 50 55 58 58 58 50 46 43 46 57 64 67 69 77 76 69 61 63 62 52 37 36 38 34 33 37 
85 90 93 81 76 89 102 102 96 97 104 105 99 94 95 97 92 82 74 89 115 131 133 129 130 132 130 126 127 131 133 106 59 53 57 55 54 54 57 59 58 59 54 45 45 46 55 64 69 71 79 78 69 60 60 66 58 42 32 34 36 36 42 51 
91 90 88 80 77 87 102 106 102 101 102 103 100 98 97 100 95 82 71 90 120 134 131 124 123 131 134 133 134 134 132 103 57 51 58 60 58 59 63 62 62 61 51 44 45 56 70 75 76 74 75 66 58 58 61 60 48 37 34 40 42 43 49 57 
96 87 84 79 75 85 101 108 102 99 99 105 106 105 103 107 101 90 80 100 126 136 129 119 119 129 135 136 135 133 130 103 58 50 59 63 62 62 64 64 64 56 47 47 53 68 77 80 77 69 66 56 55 58 55 47 40 37 38 49 52 56 59 59 
97 83 78 77 72 79 94 106 103 97 100 110 113 112 110 116 113 103 98 115 133 138 130 121 121 129 135 137 134 132 128 102 56 47 56 60 61 63 65 66 63 50 48 56 67 77 79 75 65 57 58 56 59 57 47 39 39 39 49 58 61 68 67 62 
99 83 83 81 70 72 92 109 108 102 107 116 118 119 120 128 126 118 117 128 138 140 133 126 125 131 137 138 134 130 124 98 54 46 55 57 60 66 66 65 60 51 57 69 76 77 76 67 55 54 60 64 61 53 43 40 41 45 61 64 65 70 64 53 
106 95 96 89 71 68 94 114 114 111 114 124 125 124 128 137 137 132 133 137 142 142 136 128 128 134 139 139 132 125 119 96 54 47 55 58 63 68 63 61 60 58 64 72 70 65 66 59 56 60 65 63 55 49 45 47 50 55 66 59 55 65 54 39 
114 110 111 101 79 73 100 121 123 121 123 131 130 127 133 142 143 142 143 144 145 143 138 130 128 133 136 135 127 120 116 95 56 49 55 57 63 65 57 60 64 65 65 63 59 58 64 58 61 66 64 56 50 55 56 56 55 60 59 49 51 57 40 33 
124 123 124 113 92 89 111 130 131 130 132 137 132 129 134 143 145 145 145 146 146 142 138 130 123 127 130 128 120 114 108 90 59 50 50 50 57 58 56 62 66 64 58 55 57 62 66 63 65 67 57 52 55 65 63 65 61 58 55 49 53 47 33 29 
130 131 132 122 107 107 122 134 135 134 137 138 133 129 131 141 145 146 145 145 143 139 133 124 116 118 121 117 108 102 99 87 59 50 46 44 51 53 57 62 62 55 54 57 64 70 70 70 68 64 55 59 60 66 61 70 69 61 61 57 49 39 33 25 
133 134 134 129 120 122 132 136 138 137 138 137 130 123 125 135 142 146 144 141 139 137 131 122 114 113 114 108 96 94 94 83 58 50 47 46 50 54 60 59 54 52 60 65 70 77 73 70 65 59 59 69 59 63 66 76 77 72 71 63 43 36 31 23 
134 133 132 131 129 131 137 137 138 137 137 133 125 116 117 127 138 143 141 137 134 133 129 123 119 118 117 108 93 90 90 79 56 49 51 54 53 56 59 53 46 54 64 69 76 81 73 64 61 64 67 68 59 65 76 81 84 77 73 65 43 34 27 23 
133 130 124 124 128 130 135 136 136 135 135 130 118 107 106 120 134 141 139 135 130 130 128 126 126 128 125 112 97 91 90 80 57 46 52 57 55 58 55 46 47 60 67 72 82 81 67 60 65 73 68 61 63 70 84 84 77 76 73 63 44 29 22 27 
129 122 112 109 117 123 131 133 134 134 132 127 113 101 99 116 134 141 139 134 130 129 130 131 134 139 131 114 100 96 93 83 58 47 55 56 56 59 51 44 53 63 69 74 83 76 65 67 76 75 65 61 67 78 86 77 62 61 63 58 42 22 20 35 
122 110 95 94 103 114 125 130 131 133 131 124 108 100 100 115 131 141 141 135 130 130 135 137 140 144 137 119 103 100 97 83 58 49 57 56 57 55 47 47 55 63 69 68 76 71 70 79 85 75 61 60 70 84 88 71 54 47 47 54 42 18 24 43 
117 101 82 83 91 103 116 126 128 132 131 121 106 98 102 113 128 139 140 136 132 131 137 142 145 147 140 124 108 103 97 83 60 50 56 55 53 50 47 48 54 60 62 60 69 69 78 92 87 71 61 66 79 88 85 70 57 46 39 53 44 18 28 45 
113 98 82 83 91 99 111 121 124 130 129 120 105 94 99 110 124 135 140 139 137 137 142 146 149 150 143 126 110 100 94 82 62 50 55 53 51 49 46 48 53 53 56 57 63 74 90 98 80 71 71 77 79 79 74 67 62 54 44 57 51 23 35 44 
117 104 95 99 102 104 105 112 119 126 128 121 105 92 96 107 120 132 139 141 139 143 148 151 153 152 144 125 107 95 89 80 63 53 54 53 49 49 46 46 47 46 53 56 66 82 100 86 75 74 78 76 72 73 72 70 68 62 54 60 56 28 39 39 
124 115 114 119 115 105 98 102 109 118 125 121 106 92 93 103 119 131 138 141 143 147 152 153 154 152 143 120 98 87 81 75 62 52 53 52 49 50 48 45 41 43 51 57 75 94 102 81 82 80 77 74 74 75 77 76 74 73 65 62 59 33 41 40 
129 126 130 132 124 108 92 89 96 109 121 124 112 94 91 103 120 133 140 143 146 149 152 153 153 149 134 111 83 78 76 74 78 69 58 82 90 73 61 67 60 58 71 109 121 116 102 91 93 87 80 81 78 77 72 69 70 79 77 70 63 37 40 44 
131 135 139 140 133 113 87 76 83 101 120 128 117 97 92 106 125 136 142 141 143 146 147 150 150 144 125 99 78 77 91 107 130 115 96 139 150 126 95 96 107 91 88 137 160 144 109 100 98 93 89 87 83 83 74 65 59 73 80 78 69 39 41 46 
136 140 141 141 136 118 87 70 79 99 120 129 120 104 98 113 130 138 141 138 138 139 139 141 143 137 122 96 89 87 113 122 136 134 85 95 126 151 124 105 114 102 92 103 140 154 125 99 98 94 88 80 81 86 82 74 63 66 73 79 73 44 40 41 
138 140 136 134 133 122 95 76 81 103 122 131 125 115 110 123 135 138 136 134 132 130 128 129 133 132 122 102 96 112 107 109 123 120 82 63 73 111 128 119 115 79 59 53 68 122 131 98 92 93 93 80 73 80 83 85 77 68 65 71 75 50 34 36 
137 139 132 126 131 129 109 86 90 110 126 132 131 126 125 133 139 141 135 130 125 121 116 118 123 124 119 112 113 115 111 105 93 97 98 62 73 82 97 109 100 61 34 30 77 115 117 110 103 97 97 93 79 75 77 90 91 80 61 63 70 59 29 34 
135 137 129 123 130 134 119 96 98 118 130 134 137 136 138 142 144 143 136 128 122 115 111 112 114 113 111 114 119 107 92 69 74 76 76 69 72 81 96 97 83 56 37 60 142 138 116 126 118 108 101 95 84 81 83 89 97 92 67 59 62 64 30 30 
131 136 129 125 132 138 125 103 104 123 132 136 141 144 147 149 147 138 131 127 124 120 116 104 98 95 101 107 85 76 69 66 74 79 79 67 66 82 92 87 73 57 56 108 153 136 117 129 130 112 112 102 87 87 89 90 96 95 79 60 57 61 40 25 
127 136 134 131 136 141 127 105 105 124 134 138 144 148 151 149 123 87 84 91 100 109 117 107 83 73 77 87 82 73 68 78 88 85 81 81 85 97 89 78 56 54 103 132 145 143 122 125 138 118 113 116 102 92 93 94 97 96 90 71 59 56 52 25 
126 135 139 139 141 142 127 105 105 125 135 139 144 149 151 134 64 38 40 42 43 49 56 65 67 63 65 91 69 75 82 77 97 78 80 81 91 112 97 69 34 70 118 124 124 128 118 122 137 124 112 119 117 108 100 99 98 95 93 81 66 57 58 44 
127 135 139 140 140 140 124 104 105 125 135 141 145 150 151 116 40 34 38 37 37 38 38 39 57 70 66 62 79 76 93 123 125 101 97 113 129 137 83 45 47 95 124 108 107 123 127 117 132 129 114 115 123 121 106 101 97 98 95 88 79 66 57 54 
128 132 135 135 134 134 126 107 106 124 135 141 146 150 151 121 46 35 37 39 42 44 48 53 51 55 53 69 76 82 128 138 136 135 137 144 141 104 47 25 45 95 117 83 103 117 108 114 129 130 118 111 119 126 110 101 98 102 100 93 86 80 65 56 
127 127 128 126 126 127 127 114 110 124 134 140 146 151 151 136 69 37 38 42 49 51 59 65 50 48 52 81 64 99 112 87 103 143 139 114 70 38 53 44 50 79 101 77 100 113 112 108 127 127 119 108 115 127 119 105 105 105 104 99 89 88 81 65 
122 120 121 119 121 127 129 123 117 123 133 139 146 151 151 145 104 46 41 47 57 57 72 76 62 46 64 56 45 62 48 62 111 133 88 37 16 23 74 86 71 73 81 80 95 106 101 103 122 121 113 105 108 123 123 109 107 105 105 106 98 94 92 79 
119 118 118 119 120 129 135 132 123 121 132 139 146 151 152 148 132 74 46 54 59 62 85 76 55 41 53 66 68 44 63 105 117 106 39 47 32 31 109 118 86 82 71 92 114 114 92 102 118 115 109 109 100 105 109 112 108 109 107 106 110 106 98 86 
116 115 119 124 127 134 141 140 130 125 131 140 147 150 153 151 146 113 61 60 61 71 94 72 53 50 42 52 71 80 90 102 92 66 38 64 76 53 124 112 79 86 78 94 108 115 96 99 113 112 110 114 103 93 103 124 114 114 110 110 114 114 103 85 
117 115 121 130 135 140 146 144 134 130 133 142 149 151 154 153 151 136 92 69 64 80 95 72 52 51 61 61 63 80 88 75 62 47 27 40 43 72 120 91 69 75 93 99 110 115 94 88 105 110 103 113 116 101 116 129 122 112 113 117 115 117 110 88 
120 121 125 133 139 144 147 145 138 134 137 146 151 153 153 153 151 142 118 83 70 95 91 72 65 72 69 65 65 78 80 46 64 55 15 13 25 79 111 82 71 67 100 103 118 121 104 93 103 104 96 110 114 102 121 128 125 116 113 115 116 112 107 87 
124 124 128 133 139 144 145 144 138 135 140 149 153 154 154 153 148 136 120 94 83 103 91 75 77 60 62 62 63 68 64 49 69 84 39 26 44 103 99 74 61 64 91 105 118 115 103 104 106 103 95 107 110 103 113 121 120 110 107 110 111 102 95 83 
126 125 127 131 137 142 141 136 130 132 143 151 155 156 154 149 138 125 108 87 92 99 87 70 57 47 57 62 73 72 63 62 84 109 93 79 92 124 76 64 65 57 97 107 114 106 97 108 109 103 93 102 117 118 103 110 114 100 104 108 111 99 89 74 
129 127 125 128 133 138 136 130 123 126 140 150 155 156 152 142 124 107 94 83 98 93 81 70 37 38 50 58 75 86 76 80 89 104 96 100 124 109 64 55 70 60 95 114 125 105 96 108 107 106 96 104 117 117 95 86 86 91 100 106 107 103 87 66 
129 129 124 126 129 133 131 125 118 121 134 148 153 154 148 134 112 91 82 80 100 89 74 65 35 35 43 61 75 80 82 89 98 108 96 113 125 81 54 47 67 67 92 111 124 104 101 108 110 106 101 104 112 116 100 74 72 95 100 100 109 104 84 67 
130 128 126 125 128 129 125 116 110 116 129 143 151 151 141 122 96 77 72 75 97 86 77 67 35 42 43 58 78 81 89 96 101 106 106 120 111 75 57 56 81 74 92 104 119 109 101 106 112 107 97 103 106 111 97 75 82 115 111 98 105 100 84 70 
131 129 128 127 127 124 118 107 102 110 124 137 145 141 127 105 80 69 65 69 93 78 78 67 45 45 46 65 79 74 82 96 102 92 91 90 95 66 53 74 83 73 85 101 115 108 101 107 113 115 109 109 103 106 99 81 86 112 111 102 104 105 91 72 
133 132 130 128 126 119 110 101 99 103 117 129 132 123 107 88 72 65 58 62 86 75 77 66 59 41 39 74 82 84 84 89 96 87 86 59 82 54 68 100 88 79 91 107 113 110 100 106 112 123 111 112 105 109 101 86 81 106 106 99 105 111 99 81 
134 134 133 130 124 112 100 92 90 93 104 115 114 100 82 68 65 63 57 60 79 73 79 79 61 32 31 69 90 96 86 82 86 85 86 58 62 58 78 105 84 60 99 117 108 112 101 106 113 126 115 112 108 106 104 84 67 89 100 95 96 104 100 86 
135 134 134 131 122 107 92 81 81 86 93 98 93 79 61 57 64 66 62 66 83 79 87 76 43 31 30 65 97 97 89 85 83 81 84 70 33 65 93 110 88 50 89 122 112 113 101 107 119 128 113 110 106 106 104 84 60 75 98 96 96 107 99 81 
135 134 134 130 119 103 87 77 78 81 85 86 78 65 58 64 72 70 66 74 91 82 64 56 50 43 34 55 92 103 101 88 80 79 87 87 41 50 97 114 106 67 76 120 116 115 104 109 127 127 112 109 108 104 100 86 63 62 90 98 94 98 88 81 
134 134 133 127 115 99 84 79 78 80 83 85 78 73 75 82 83 76 82 81 69 60 69 67 63 53 39 53 104 110 102 89 78 75 79 88 66 42 83 106 108 91 68 108 113 111 107 114 125 126 114 115 108 97 99 89 64 54 74 86 79 80 78 87 
134 134 132 125 112 96 84 83 85 87 91 94 93 94 97 97 90 89 80 65 69 74 79 74 70 68 51 57 103 103 97 89 77 76 83 78 81 54 56 85 101 96 63 90 105 108 111 120 125 126 119 112 107 102 91 84 69 51 62 69 60 70 88 97 
134 133 130 122 108 94 86 89 94 99 105 110 114 115 113 106 95 85 70 72 83 85 82 73 85 95 79 62 73 83 82 85 75 69 75 75 76 72 47 58 84 87 62 72 94 105 115 123 122 124 120 119 115 101 93 84 73 51 59 75 59 66 85 93 
133 133 129 120 107 93 90 96 102 109 117 123 128 126 117 107 90 76 74 78 81 86 89 66 89 102 99 68 54 76 86 80 69 65 72 76 69 72 68 41 54 79 64 62 85 101 116 122 120 123 120 120 115 103 96 87 69 49 59 76 72 71 83 79 
133 132 128 119 106 94 94 101 108 115 123 128 131 128 120 106 78 71 76 81 75 78 90 59 71 100 98 64 55 76 87 72 61 64 72 74 65 62 77 54 39 74 61 54 77 99 116 120 117 118 113 114 112 104 97 87 67 47 58 78 81 75 85 80 
133 131 126 118 107 97 98 104 112 118 120 123 127 127 123 106 75 68 74 79 76 70 79 49 53 84 91 50 48 63 67 68 64 66 76 71 72 59 68 56 36 68 62 49 73 99 111 113 119 115 108 110 111 103 90 79 62 49 59 79 80 83 88 85 
132 131 125 118 108 102 103 108 114 117 114 116 121 123 121 115 94 68 69 72 70 67 69 41 41 60 70 34 29 41 52 62 63 76 83 76 69 60 55 59 42 60 58 58 75 98 112 109 110 105 110 110 106 100 90 76 66 53 58 80 80 85 83 78 
131 130 125 118 110 105 107 111 114 111 110 111 115 119 118 121 117 83 67 63 62 57 58 40 35 35 41 19 23 29 34 53 65 69 80 78 70 63 54 47 43 56 55 62 81 99 112 106 107 105 109 106 102 95 85 76 69 56 51 76 85 85 74 65 
131 129 124 118 111 108 111 113 111 109 110 112 115 116 119 124 126 112 81 66 63 55 52 44 38 33 37 32 53 57 47 72 75 70 72 73 73 62 52 39 40 52 56 69 84 102 106 106 101 101 103 103 103 100 90 77 69 55 47 63 77 71 63 62 
130 128 124 117 110 110 113 111 108 110 112 116 118 119 120 120 126 127 108 79 75 68 60 56 57 52 66 73 90 71 51 74 75 68 62 68 70 60 54 48 45 53 59 72 89 98 102 101 98 96 95 99 100 99 89 76 63 56 54 60 65 58 58 62 
129 127 124 116 109 111 112 109 108 112 117 121 120 120 122 123 127 128 127 109 86 83 83 80 81 73 58 63 66 54 51 74 75 63 55 62 61 63 62 58 48 58 64 73 85 90 93 92 88 91 92 98 99 95 86 76 61 44 55 66 64 58 59 60 
128 126 123 114 109 111 109 108 109 115 121 120 119 122 123 124 127 131 134 132 119 101 89 82 82 72 47 48 55 50 53 66 72 59 51 57 54 59 62 57 50 62 75 80 85 88 86 84 85 91 95 93 90 84 78 71 58 40 45 64 62 58 55 54 
126 125 121 113 111 111 110 109 111 119 123 120 120 120 121 122 127 132 133 133 129 122 109 88 59 52 58 59 59 53 52 62 62 55 47 50 49 55 58 53 52 69 80 79 79 81 80 81 83 88 89 87 83 77 73 64 54 44 48 56 55 52 51 48 
125 124 119 114 112 111 111 111 114 122 125 121 119 117 116 120 124 124 125 127 123 120 119 113 93 69 58 59 60 49 47 53 54 50 43 44 46 52 50 52 58 71 75 75 77 72 73 79 79 81 80 78 74 73 71 59 47 43 53 57 54 50 49 45 


54 60 54 44 34 34 42 54 69 82 91 99 101 101 98 89 76 66 64 72 75 75 71 80 94 104 98 86 85 92 104 103 79 53 47 48 52 56 56 53 50 54 52 51 56 58 53 51 53 52 44 40 38 41 53 65 66 51 49 54 54 53 48 39 
59 61 55 47 38 42 53 64 71 80 89 95 97 93 89 80 66 57 63 74 74 77 78 91 103 104 94 80 83 92 104 100 66 46 49 46 45 49 52 49 46 54 54 55 62 64 58 56 54 51 39 38 44 52 62 65 55 43 49 50 49 47 42 36 
64 66 60 52 45 51 63 69 72 75 84 91 90 83 80 72 60 57 65 75 79 84 89 101 110 105 91 79 83 95 106 96 59 44 52 46 43 45 46 44 49 56 55 54 58 57 54 55 52 48 45 51 60 63 64 57 45 45 48 47 44 37 35 30 
65 69 65 55 49 60 72 76 69 70 80 85 80 73 73 70 61 59 62 71 83 94 103 110 113 105 94 85 87 99 107 93 56 48 53 47 44 44 43 45 52 55 54 50 48 43 43 50 51 51 52 64 68 67 60 50 46 46 39 37 34 29 26 25 
63 69 69 59 55 66 79 78 69 69 78 81 75 71 71 71 66 62 60 69 85 101 109 109 110 107 102 92 92 102 109 90 53 48 50 47 47 44 45 50 51 51 50 42 39 36 39 49 55 57 60 69 66 59 49 51 49 40 27 26 29 27 25 29 
65 69 71 61 57 66 77 77 72 74 78 78 74 72 71 73 70 63 58 69 89 105 107 103 103 105 104 101 103 108 110 84 47 43 46 47 48 47 50 53 51 52 46 35 37 39 46 54 59 60 68 67 57 47 46 52 46 31 22 25 28 28 34 43 
72 68 67 60 58 66 77 79 77 76 77 78 75 73 73 74 71 62 55 70 94 109 105 97 95 102 107 107 110 112 109 82 45 42 49 52 51 53 57 55 55 53 42 34 37 48 61 65 65 63 64 54 46 44 47 47 36 26 24 31 34 35 42 49 
74 67 64 59 56 64 76 81 77 74 74 78 80 78 77 80 76 69 61 77 99 110 101 92 91 101 108 111 111 112 107 83 45 40 48 53 55 56 58 56 56 48 38 38 44 57 66 69 66 58 54 44 43 45 42 36 29 27 27 38 42 47 50 50 
75 63 59 58 54 59 71 79 78 73 75 83 86 85 83 90 86 78 75 89 106 111 102 93 93 100 108 111 111 110 104 81 43 37 45 50 53 56 57 58 53 39 37 46 57 67 68 64 53 45 46 44 46 43 35 29 30 29 38 47 52 58 56 52 
77 63 62 62 53 54 69 82 83 78 81 88 91 92 93 101 99 91 90 101 112 113 106 98 96 102 110 113 110 106 101 77 41 35 44 47 51 58 57 55 50 40 46 58 65 66 65 56 43 42 46 52 49 40 33 31 32 35 50 53 55 61 53 42 
80 72 73 68 54 51 71 87 88 86 88 96 98 97 101 112 111 105 106 110 117 115 107 99 99 106 111 113 107 100 95 76 41 36 45 49 53 58 54 51 50 47 52 61 59 53 54 47 44 48 52 51 44 38 36 38 40 45 54 48 45 55 44 28 
88 84 84 76 59 54 76 94 96 96 97 106 105 101 108 118 118 114 116 118 119 117 110 101 98 104 108 107 100 95 93 76 44 38 44 48 52 55 48 51 54 53 54 52 47 46 50 46 49 53 51 44 40 45 48 47 45 48 46 38 41 48 31 23 
96 95 96 86 70 68 86 103 105 105 108 112 108 104 110 119 120 117 118 120 120 117 110 101 94 97 101 100 94 89 87 72 46 39 40 41 46 47 45 52 55 52 47 43 44 49 53 50 53 54 44 40 45 54 53 54 51 46 44 38 43 38 25 20 
103 104 105 95 82 82 96 108 110 109 112 114 108 104 107 117 119 117 116 118 117 112 105 96 88 89 93 90 83 79 79 69 46 39 35 34 40 41 47 52 50 44 42 45 50 55 54 55 57 52 43 49 51 54 50 58 57 49 50 47 40 31 25 17 
108 108 107 102 94 95 104 109 112 110 111 111 105 97 100 110 116 117 115 114 112 109 103 94 87 87 87 82 74 74 75 64 44 39 35 35 39 42 50 49 43 40 46 51 54 62 56 55 54 47 49 60 49 50 54 64 65 60 62 53 34 28 23 16 
109 106 105 105 102 103 109 109 110 109 109 107 99 90 92 101 110 115 113 109 106 106 101 96 92 91 91 83 72 70 72 61 43 36 39 42 41 45 49 43 35 42 49 53 60 66 57 50 49 53 59 58 49 52 63 70 71 66 63 56 35 27 20 14 
106 102 97 97 100 102 108 109 108 107 106 102 92 83 83 94 107 113 111 107 102 101 100 98 98 102 100 87 77 71 71 62 41 33 40 46 43 47 44 35 36 48 51 54 67 66 52 47 52 64 58 50 52 59 72 71 64 66 63 54 36 22 14 18 
101 95 87 86 92 96 103 106 106 105 103 99 87 78 76 91 106 113 111 106 102 101 103 103 106 114 107 89 79 76 73 63 42 33 43 44 45 48 40 33 42 50 52 55 67 61 50 52 63 64 53 51 57 67 73 63 49 50 53 50 35 15 12 26 
95 85 75 74 81 88 97 103 103 105 104 97 84 77 78 90 104 113 113 107 102 102 108 110 115 121 113 95 82 79 76 63 42 36 45 44 45 45 36 35 43 49 53 51 63 56 55 66 73 64 50 50 60 72 75 58 42 36 38 47 35 11 16 34 
90 78 65 66 72 80 89 98 100 104 103 94 81 76 79 88 101 111 113 109 105 104 111 115 121 124 118 102 87 82 76 63 43 36 44 43 43 39 36 37 42 46 49 46 57 53 63 80 75 59 49 55 68 76 72 57 45 36 30 46 38 11 21 36 
89 76 64 65 71 77 85 93 97 102 101 92 80 72 77 86 97 108 113 113 110 110 116 121 126 128 122 105 89 81 73 63 45 36 41 42 40 38 35 37 40 39 43 43 51 58 76 87 67 59 59 65 67 67 61 55 50 44 37 51 44 15 27 36 
91 80 73 77 79 79 81 87 93 97 99 92 81 71 74 84 94 105 113 115 115 117 122 126 130 131 124 103 87 76 69 61 47 38 41 41 38 38 35 35 34 33 39 42 54 67 89 74 62 60 67 65 60 60 60 58 56 51 45 53 48 20 31 32 
96 89 88 92 88 80 75 78 84 91 97 94 82 72 72 80 93 104 113 116 119 123 127 131 132 132 122 100 81 71 64 57 46 38 39 40 38 39 36 33 29 30 38 43 62 82 91 68 68 66 64 61 61 64 66 65 64 62 56 54 52 24 33 33 
101 99 102 104 97 82 70 68 74 84 95 97 86 73 72 80 94 108 115 118 122 125 128 131 132 130 113 91 68 65 60 58 64 56 45 71 80 63 51 57 49 46 58 98 115 110 91 78 79 72 67 67 67 66 61 58 60 68 67 61 55 29 33 37 
106 108 112 111 105 87 67 59 64 79 94 101 91 75 72 83 99 112 119 117 119 121 123 127 129 125 105 81 64 64 77 94 122 107 87 134 148 121 86 85 95 75 73 131 162 143 98 86 83 78 76 75 72 73 65 54 48 62 71 69 61 31 34 39 
111 113 113 112 108 91 66 54 61 76 94 102 93 81 76 89 105 114 118 115 114 114 115 119 122 118 102 78 75 73 102 114 131 132 84 96 124 149 117 85 84 77 77 95 144 160 120 85 82 79 77 67 70 76 74 63 51 54 62 69 64 35 33 34 
112 113 108 106 105 95 72 58 63 79 95 103 97 89 85 96 109 114 113 109 107 105 104 107 112 112 102 83 80 100 98 100 116 120 96 75 80 105 109 82 80 57 49 43 65 128 132 85 75 79 80 67 61 71 74 75 65 56 53 60 64 41 27 29 
111 111 103 97 102 101 84 65 68 85 99 105 104 99 97 105 112 116 110 104 98 95 92 96 103 105 100 93 99 108 105 99 87 92 105 66 70 68 69 73 66 41 25 25 78 121 119 101 89 84 86 82 68 65 65 80 80 68 49 51 58 51 22 26 
110 109 100 94 101 106 91 73 75 91 102 107 110 108 110 114 116 116 109 101 95 90 88 90 94 93 91 99 111 102 87 63 68 71 69 61 62 67 71 64 54 36 24 60 148 144 120 128 110 96 90 85 74 72 72 79 85 80 55 47 50 56 24 23 
106 108 100 94 103 110 96 79 81 97 105 109 114 116 119 121 120 111 103 99 97 95 94 82 78 77 84 98 80 70 64 61 70 73 73 60 56 68 68 57 47 37 41 103 153 140 120 135 128 101 104 95 78 78 80 78 84 83 67 48 44 52 33 18 
102 109 105 102 107 112 97 79 81 98 106 110 116 120 123 121 96 64 62 70 80 89 95 83 64 57 66 80 76 68 62 72 83 80 74 70 69 72 60 50 37 37 80 121 142 145 126 130 140 110 106 111 96 84 84 83 86 84 78 58 45 45 46 20 
100 108 110 109 112 112 96 79 82 99 106 111 116 120 123 106 45 27 27 30 31 36 41 49 51 51 58 85 62 68 76 70 91 71 73 67 68 82 65 44 22 50 93 111 118 126 120 125 138 120 103 114 114 102 92 89 87 84 82 68 52 45 51 39 
100 106 110 111 111 109 93 77 81 97 105 111 115 120 122 88 26 23 26 27 27 28 29 28 45 60 59 56 71 69 85 116 119 96 90 99 109 112 58 27 30 69 98 94 99 120 129 118 130 127 108 109 121 119 100 93 86 88 83 77 67 53 46 48 
99 101 105 105 103 102 94 79 81 96 106 109 114 120 121 91 30 22 26 28 30 33 38 43 39 48 47 63 69 75 119 128 128 131 135 140 131 84 31 14 29 69 92 69 94 115 108 112 126 127 113 103 116 125 105 95 90 93 88 81 75 68 55 47 
96 95 97 94 94 96 94 84 82 94 102 107 113 120 122 105 47 24 26 30 37 38 47 53 39 41 45 74 58 89 99 75 92 139 137 109 61 26 34 28 33 58 78 64 91 109 112 103 121 122 115 100 110 125 115 100 100 97 93 87 78 76 71 55 
91 89 90 87 89 94 96 90 87 91 99 104 112 120 122 114 76 30 28 34 42 44 60 63 51 38 55 49 40 54 40 54 102 129 80 30 11 16 52 59 52 56 62 69 88 102 99 94 111 115 111 98 100 119 121 104 103 100 96 95 88 85 84 70 
87 84 85 85 87 95 101 98 91 88 95 101 111 118 121 117 102 51 29 36 41 48 69 59 45 34 45 60 61 38 55 93 108 102 35 54 35 25 90 96 72 70 55 82 108 111 87 92 105 107 107 105 89 96 104 109 103 105 101 99 103 99 92 80 
82 81 83 87 90 99 107 105 95 88 91 100 110 117 122 121 117 85 39 39 43 55 76 55 42 44 37 46 64 72 81 91 82 61 47 88 101 56 113 99 70 77 66 84 102 109 88 87 97 103 107 112 96 82 98 123 111 112 107 105 109 112 100 80 
81 80 84 92 97 102 109 107 97 90 91 100 109 115 121 124 123 108 64 44 44 62 75 53 41 44 55 56 57 71 79 64 53 44 36 56 61 92 114 82 60 64 85 89 103 107 84 73 89 99 97 109 112 94 114 129 121 109 111 114 111 115 109 84 
83 82 86 93 99 105 108 106 97 91 92 101 109 115 118 123 122 113 87 54 46 74 70 54 55 64 64 60 58 70 70 35 53 49 15 13 32 99 106 74 60 56 88 91 111 109 90 78 87 92 90 105 109 97 119 125 122 114 111 113 112 108 106 86 
83 82 85 90 96 103 104 102 95 91 95 104 110 115 117 120 117 104 89 66 57 81 70 57 65 49 54 56 55 57 52 36 55 77 49 32 61 114 93 67 51 52 76 89 104 96 85 88 92 92 88 101 106 98 106 118 118 107 104 106 108 97 92 83 
83 82 84 88 94 99 99 94 88 88 97 105 113 117 119 115 105 91 79 63 67 76 67 54 44 34 46 54 65 60 49 45 66 97 112 103 113 122 70 57 55 46 80 85 91 84 79 93 97 94 87 96 115 116 94 104 111 94 100 106 108 95 86 72 
85 83 82 85 90 94 94 88 81 83 94 107 114 118 117 109 91 77 69 61 73 70 61 53 27 24 37 49 66 73 60 61 68 85 97 112 127 101 56 47 60 50 75 89 104 85 78 93 94 97 90 98 113 113 86 76 78 85 95 104 105 102 86 63 
86 84 82 82 86 89 88 82 76 78 90 105 115 119 113 101 80 65 59 59 72 65 55 48 25 22 30 51 65 66 65 69 77 87 88 110 116 70 44 37 57 54 73 89 108 88 83 93 100 99 95 97 106 112 93 62 62 91 95 98 108 105 84 67 
87 84 83 82 84 85 82 75 70 74 86 102 113 117 107 89 68 55 52 56 69 61 56 50 25 29 31 47 66 67 70 76 80 85 91 108 96 62 44 46 71 59 76 85 105 92 84 93 104 102 94 98 97 104 88 64 75 115 110 95 105 101 86 70 
90 86 84 84 83 81 76 68 66 71 82 96 107 105 93 74 55 49 46 51 65 54 55 51 31 32 34 54 66 58 64 74 79 70 72 75 77 52 41 64 73 62 72 86 102 94 85 97 108 114 110 108 94 98 93 72 79 110 110 100 104 109 95 75 
94 91 87 84 83 77 70 65 63 66 76 88 94 87 75 61 50 46 42 44 59 50 55 50 43 29 28 61 67 68 66 68 72 64 67 48 66 41 55 90 78 70 82 99 103 97 87 97 106 124 111 110 98 103 95 78 72 102 103 95 105 116 106 86 
99 94 90 87 82 72 64 58 57 59 67 77 78 69 56 47 45 45 43 46 56 48 56 60 45 22 20 56 75 77 67 61 63 62 66 46 50 45 65 95 75 52 95 115 101 102 91 100 109 129 115 111 102 98 98 75 55 81 96 91 93 107 106 93 
100 96 91 88 79 69 59 52 51 54 60 65 62 54 41 39 46 50 50 56 64 53 64 57 31 22 21 53 78 76 69 64 60 58 64 56 25 54 81 99 78 41 86 123 108 106 93 102 119 131 114 108 101 99 96 77 49 65 93 92 93 109 104 85 
99 95 91 86 76 66 55 49 50 52 54 56 52 45 43 50 56 56 56 62 71 61 49 44 38 33 25 43 75 84 80 67 57 57 66 71 32 41 85 102 95 58 71 121 116 111 97 105 129 130 112 108 103 97 91 78 54 50 84 94 90 98 89 81 
98 94 90 83 74 63 53 51 50 51 55 59 55 54 61 68 69 64 64 61 52 48 57 55 51 43 29 40 88 89 79 67 57 56 60 69 53 33 72 93 96 81 62 107 113 107 102 112 127 129 115 116 104 88 91 83 55 43 65 80 73 75 75 90 
98 94 89 82 72 61 53 53 55 58 65 70 71 75 82 84 79 72 60 50 54 61 67 64 58 57 41 44 89 83 74 66 56 58 65 59 65 44 47 73 88 84 54 85 102 103 108 120 127 128 121 112 104 96 82 75 60 41 52 61 50 62 87 103 
97 93 88 80 69 59 54 57 64 71 80 87 93 98 98 94 81 66 54 58 69 75 74 65 76 85 71 52 61 70 64 63 55 51 56 57 60 57 36 47 69 72 52 65 89 99 113 125 123 125 121 122 114 95 85 76 65 41 48 68 49 57 85 98 
96 93 87 78 68 59 58 65 74 82 94 104 111 112 105 96 75 62 59 66 70 78 84 59 82 94 95 62 46 66 71 61 50 47 54 58 53 56 54 31 41 66 55 54 79 96 115 122 121 125 122 122 115 99 90 80 62 39 48 67 65 64 81 77 
96 92 86 77 69 61 63 73 82 91 103 112 118 115 108 95 64 59 65 73 69 73 86 54 64 93 94 59 48 67 73 55 45 48 56 56 51 46 61 42 30 63 51 45 68 92 115 122 117 118 113 114 112 100 91 80 58 36 48 72 77 69 84 79 
95 91 84 77 70 66 70 78 88 98 103 109 115 115 110 95 62 58 67 73 72 68 76 45 48 79 87 45 43 54 54 54 52 53 62 57 59 44 52 44 28 58 53 39 63 93 110 112 120 114 106 110 111 101 84 70 52 38 49 73 76 79 87 87 
94 90 83 77 73 71 77 84 93 98 97 101 107 111 109 103 80 57 63 66 65 64 65 37 36 55 67 30 25 34 42 50 49 62 67 61 56 47 41 47 33 50 48 48 64 91 110 108 108 101 109 111 104 97 85 68 56 43 48 74 76 84 83 78 
93 89 83 79 76 76 83 90 95 93 93 97 102 107 106 110 106 70 61 58 57 53 52 35 32 31 37 16 20 23 27 41 49 52 61 61 58 51 43 37 34 46 43 51 70 92 110 103 103 101 106 106 100 91 79 69 63 47 40 70 83 85 72 61 
92 88 85 82 79 82 89 93 92 91 93 97 102 105 108 113 115 99 70 62 59 52 47 40 35 30 33 27 49 52 40 57 56 51 52 56 60 52 43 31 30 42 45 59 74 98 101 103 96 96 100 102 101 97 87 73 62 46 37 55 74 68 58 56 
92 89 85 83 81 86 93 92 89 93 97 102 107 107 108 109 115 115 94 70 74 69 60 56 59 52 57 64 82 62 41 58 57 50 44 52 56 50 45 40 35 43 48 61 81 92 96 95 92 91 90 96 98 97 85 71 56 48 45 51 58 51 51 58 
91 88 86 83 83 89 92 90 91 96 103 109 108 109 110 112 116 118 116 94 76 84 86 86 89 73 52 52 54 39 36 55 57 47 39 48 49 52 55 51 39 47 54 62 75 82 85 83 79 85 87 96 97 93 82 72 55 37 47 58 56 52 54 56 
90 88 87 84 85 90 90 89 92 99 107 108 108 110 111 113 116 120 124 121 107 87 76 71 74 60 40 38 40 32 35 48 54 44 36 42 41 48 54 49 41 51 65 68 75 79 76 73 76 84 91 89 86 80 74 67 53 33 37 58 56 52 51 52 
89 88 87 85 88 91 90 91 93 104 110 108 108 108 108 111 117 121 123 123 119 112 97 69 39 34 40 38 37 32 34 42 44 41 33 36 35 43 47 42 42 58 70 68 68 71 68 69 73 81 83 82 79 71 66 58 48 36 40 50 48 47 46 45 
88 87 87 86 89 90 91 92 96 108 110 107 105 104 103 108 113 114 116 117 113 109 109 99 69 44 35 36 36 30 30 34 36 36 29 30 32 39 38 40 45 58 63 64 65 61 61 68 70 73 72 71 67 66 66 53 40 35 46 50 48 45 45 41 