


75 79 80 81 82 80 85 86 89 90 87 88 81 80 85 87 94 97 96 102 115 141 149 158 160 158 159 157 162 167 171 174 176 176 175 174 171 165 163 160 152 145 141 139 139 139 138 144 126 116 107 104 107 100 83 65 69 87 99 103 104 105 100 98 
75 77 83 81 82 82 82 87 90 87 86 86 84 86 85 86 90 95 92 101 130 146 155 161 161 161 159 161 169 174 176 176 178 179 177 176 172 169 168 166 159 151 148 149 151 148 142 143 122 116 114 113 105 100 85 66 70 99 107 111 110 101 99 97 
78 79 85 86 87 87 83 84 89 89 92 87 88 92 90 88 91 92 90 102 138 153 160 161 161 166 164 168 175 180 180 179 180 181 179 178 178 175 172 166 160 152 153 155 154 153 150 144 119 117 114 117 119 102 84 64 83 106 116 115 114 100 93 94 
80 82 84 86 91 88 88 82 87 90 92 88 89 87 91 89 93 95 93 106 141 155 160 163 162 164 171 175 180 184 184 184 182 182 181 179 178 177 175 169 164 160 154 148 146 148 153 151 129 119 112 114 115 102 81 63 96 106 111 115 113 107 97 94 
84 85 85 87 88 88 90 85 85 87 91 87 88 88 89 91 94 95 99 115 144 157 161 163 162 163 170 178 184 187 188 186 183 183 181 180 179 177 172 168 164 159 154 150 150 151 151 149 140 120 112 111 112 98 83 82 109 112 119 118 110 111 100 97 
86 85 85 84 88 89 89 87 86 86 90 88 90 90 90 98 95 94 96 121 147 157 162 164 164 167 175 180 186 189 190 186 181 179 181 182 182 180 178 175 169 161 154 151 151 146 141 139 141 120 114 115 112 97 90 99 115 117 125 119 110 104 99 105 
85 85 83 82 89 92 91 89 88 86 89 86 88 93 94 98 97 96 102 125 153 159 162 165 167 174 181 185 187 188 188 182 179 179 181 182 181 179 176 176 170 165 163 160 154 151 144 140 139 122 113 117 112 104 98 109 118 118 121 117 109 103 98 101 
84 84 86 86 87 92 88 90 89 87 86 86 88 89 93 96 96 95 104 133 155 161 162 166 170 176 182 187 188 185 186 180 180 183 183 182 181 180 177 177 177 175 173 166 159 153 145 144 137 123 122 116 109 104 108 111 119 118 117 114 110 99 99 100 
84 88 87 84 86 90 89 90 89 90 87 87 85 86 94 95 97 99 103 135 156 162 162 165 170 175 182 183 181 184 185 184 183 183 181 184 186 184 185 187 185 181 177 172 164 160 156 151 140 129 122 115 115 109 109 115 123 116 116 112 110 105 101 100 
86 85 82 80 84 90 90 91 92 92 90 89 85 88 94 93 99 103 109 136 158 162 160 164 170 177 178 177 179 184 186 186 183 184 182 181 182 183 181 181 182 184 180 174 169 165 164 167 163 147 127 117 111 111 112 119 123 117 112 112 106 105 107 104 
85 85 84 85 86 88 87 87 93 93 89 90 90 90 88 91 101 103 111 140 155 160 158 161 170 177 178 178 179 185 188 187 186 187 186 188 188 185 183 181 183 180 178 178 174 171 171 171 168 158 136 116 114 112 112 123 120 116 114 109 103 103 107 106 
89 85 81 82 86 86 86 90 93 93 93 91 93 90 90 91 96 100 112 140 154 155 155 162 173 178 179 180 182 185 187 184 185 188 191 193 191 190 188 187 185 185 184 180 175 173 170 167 165 163 149 118 111 114 121 127 122 118 113 108 104 109 108 109 
86 81 81 84 82 83 85 90 93 93 97 95 91 86 88 90 95 100 109 139 150 152 158 169 177 183 183 182 185 188 188 187 188 191 192 193 193 193 192 189 186 190 187 182 180 178 173 168 164 161 151 126 109 118 121 123 123 113 108 108 108 109 107 106 
84 85 84 82 83 85 85 91 91 91 93 93 90 88 92 92 90 97 114 137 146 152 164 173 180 183 184 185 188 191 190 190 192 192 192 193 194 193 189 185 182 187 185 183 183 182 179 175 170 162 149 131 113 116 116 121 122 114 108 107 108 105 104 108 
84 85 80 81 82 84 84 87 91 92 91 93 93 90 91 91 90 92 120 137 145 155 166 177 183 185 186 187 187 189 190 192 190 190 190 190 193 193 189 185 182 189 188 185 183 180 179 177 174 165 152 139 122 115 115 115 120 115 106 105 103 108 111 112 
84 84 79 80 83 81 80 85 89 89 92 89 91 88 92 91 92 93 117 138 147 160 170 177 183 187 187 187 185 184 187 190 185 183 186 188 191 193 192 193 192 193 189 187 185 183 181 179 177 171 157 140 121 113 116 116 114 108 108 104 106 106 111 112 
84 84 81 80 84 83 83 87 89 88 88 87 90 88 93 92 92 92 108 137 148 160 170 176 180 184 186 184 183 183 182 183 183 180 183 187 190 192 192 191 187 185 183 181 182 180 173 171 175 172 161 143 115 110 108 111 115 112 108 108 106 108 112 107 
77 82 86 83 83 82 82 83 88 89 88 88 90 91 92 93 93 93 101 132 147 161 171 177 179 181 181 181 182 184 183 181 183 181 184 185 185 190 187 187 188 187 183 183 184 176 167 167 170 164 159 145 115 119 116 110 109 111 111 108 106 110 113 118 
79 76 79 82 80 78 80 84 88 90 86 86 87 91 93 95 94 93 97 125 149 163 173 178 179 181 182 181 183 186 187 188 189 188 186 186 187 190 186 191 190 185 183 184 184 176 169 169 174 170 163 140 118 119 120 113 108 112 111 113 111 111 113 112 
82 80 74 75 76 76 80 83 91 89 86 84 89 92 92 94 94 92 97 119 148 162 173 179 182 184 183 184 186 188 190 193 196 195 192 189 191 192 189 190 189 189 187 188 188 177 168 168 168 166 159 134 120 120 115 113 109 115 112 110 109 112 115 114 
85 85 81 73 74 77 79 80 83 86 84 81 88 93 94 94 93 92 94 114 145 162 173 181 183 181 184 186 189 193 195 196 196 197 198 197 197 195 190 189 190 195 192 190 189 183 177 171 165 160 153 128 121 124 121 117 110 107 110 109 107 112 114 113 
80 83 85 77 72 74 77 76 81 83 85 81 84 92 99 94 91 91 94 105 138 160 174 177 178 182 186 188 191 195 198 198 200 201 202 203 201 199 198 199 196 196 196 197 194 191 189 183 175 168 155 129 120 123 125 117 111 112 105 109 109 112 114 114 
74 82 89 88 76 71 76 76 82 83 83 82 85 93 97 91 89 88 94 96 121 156 170 173 179 185 186 189 193 194 194 195 200 204 209 210 208 209 209 208 206 205 203 203 200 198 196 191 186 177 156 122 117 122 123 114 110 104 100 111 113 117 116 115 
70 82 89 88 86 70 70 75 79 79 83 83 86 94 96 91 92 89 90 97 109 147 162 174 181 182 185 187 187 187 190 195 201 204 205 207 210 209 207 207 206 205 203 200 199 198 194 193 188 179 157 120 116 122 117 118 112 107 102 110 113 116 115 119 
69 79 86 92 91 81 67 69 74 77 78 81 86 92 94 93 90 91 94 99 105 136 158 171 174 177 179 181 184 188 191 194 198 199 198 199 197 195 194 196 198 197 196 195 196 196 195 195 189 179 155 121 115 119 121 113 108 101 104 107 111 117 116 116 
72 72 83 90 92 88 73 65 72 78 81 81 86 92 94 90 90 90 91 101 117 141 157 166 172 176 178 184 188 192 194 193 195 195 195 196 194 194 195 195 195 193 192 190 193 194 195 194 190 180 156 121 112 118 124 117 104 98 101 108 111 113 115 113 
69 73 86 92 99 100 96 87 87 86 93 83 86 99 98 89 89 109 115 106 125 141 151 156 162 166 170 178 184 190 190 190 195 197 199 201 200 199 198 197 196 196 193 191 192 190 193 194 193 186 157 122 118 118 118 116 106 99 98 107 110 112 116 115 
68 76 98 122 141 146 146 152 154 153 146 138 135 143 147 135 133 155 160 151 140 136 137 143 150 156 161 168 176 182 183 185 190 195 199 201 202 200 199 199 197 196 193 191 192 192 192 195 197 187 157 125 120 115 114 111 110 98 98 103 109 115 120 118 
67 75 101 147 150 151 151 153 155 160 160 158 159 160 162 174 174 173 178 171 158 149 148 147 152 156 159 163 167 172 179 182 186 190 192 193 192 193 195 196 197 197 196 195 194 190 190 196 195 187 162 127 120 117 117 115 107 97 97 100 105 115 119 116 
72 71 83 123 147 149 151 152 153 155 160 159 154 152 153 157 166 177 178 171 165 161 159 154 153 157 166 173 176 168 173 178 181 183 186 191 191 190 192 192 195 198 196 194 193 187 188 189 194 192 167 125 119 120 118 111 105 102 100 100 107 112 111 116 
65 73 74 88 128 149 150 151 149 149 155 155 149 146 154 158 166 174 174 175 182 181 177 172 165 159 161 176 185 182 171 172 178 183 187 193 195 194 193 194 194 196 191 192 191 186 185 188 191 188 165 126 118 121 120 113 108 101 99 96 103 111 114 104 
66 67 75 78 89 123 149 152 149 146 150 150 150 150 157 164 169 169 170 171 165 172 188 196 191 179 165 163 176 187 180 172 177 183 185 190 197 199 197 195 194 191 190 191 192 189 185 190 191 186 166 128 117 120 122 116 112 106 98 97 100 111 115 114 
78 66 69 77 79 86 110 145 154 150 148 148 148 157 165 172 171 169 173 173 143 135 146 184 207 201 187 166 161 173 180 171 173 182 188 189 198 199 197 195 196 193 192 191 192 192 186 187 189 186 169 129 117 120 121 115 112 108 102 99 97 105 113 115 
88 78 68 67 77 77 85 104 142 164 164 162 163 169 176 176 172 172 178 183 147 129 145 144 204 208 197 183 177 177 171 166 168 180 188 190 196 192 190 193 194 194 193 190 189 191 185 182 184 182 164 129 119 122 120 119 115 112 97 92 95 101 109 113 
93 86 77 67 68 73 79 88 105 141 171 175 181 187 187 185 179 176 179 186 177 150 121 129 188 195 190 188 188 185 175 160 162 172 181 185 187 187 187 188 189 191 193 189 187 187 180 178 181 176 156 136 117 118 123 125 124 114 99 91 88 105 110 107 
96 90 84 75 62 67 79 87 92 109 144 173 186 187 189 190 194 191 191 197 191 174 156 153 162 168 171 176 181 189 178 157 155 167 178 186 189 188 184 181 183 188 190 187 185 184 178 179 178 167 157 146 120 115 125 125 121 115 109 92 88 102 105 99 
96 96 93 84 66 63 76 84 87 108 144 165 180 186 190 194 200 201 203 209 207 199 192 182 175 174 176 176 171 164 163 151 160 163 177 184 187 185 182 182 180 186 188 186 185 183 178 178 173 166 168 159 123 117 118 123 120 112 104 90 89 102 102 98 
102 100 97 88 72 63 73 81 82 106 146 164 179 190 192 193 195 200 201 205 210 208 202 190 180 178 180 180 176 164 159 151 161 162 179 185 185 184 183 182 182 186 190 183 179 178 175 172 170 174 178 168 130 121 121 124 119 113 103 92 88 100 98 86 
94 95 95 94 81 64 74 84 88 103 137 166 186 193 194 196 194 194 195 199 201 195 182 175 172 172 176 181 184 191 178 155 155 162 175 179 179 181 184 185 186 183 188 184 182 172 170 170 166 176 178 174 136 118 117 126 125 116 100 90 85 99 97 82 
88 91 97 98 88 67 69 84 91 115 155 175 186 193 194 192 186 182 185 188 190 165 131 136 185 194 193 195 195 189 171 153 157 168 176 178 179 180 191 197 194 188 184 185 181 173 171 165 179 181 179 173 146 117 114 125 129 122 103 90 86 101 93 81 
84 91 100 106 95 76 67 86 106 153 175 174 174 179 183 180 175 175 179 185 156 139 152 141 202 208 200 188 182 176 162 155 162 175 182 182 182 182 188 197 194 190 176 172 168 169 171 175 187 189 187 180 159 116 116 123 122 119 102 94 86 103 88 82 
81 89 95 102 98 84 68 103 149 162 157 156 157 158 173 176 174 170 171 175 143 127 145 170 205 201 186 166 165 166 160 156 163 176 182 182 181 183 185 187 184 184 174 164 161 158 156 168 186 190 189 185 172 126 105 118 126 117 104 94 85 99 84 81 
80 85 87 100 100 92 114 148 153 151 152 150 151 153 165 171 173 173 171 172 157 158 179 197 193 178 164 168 180 173 159 157 170 178 184 183 181 183 186 185 178 177 172 170 164 150 124 143 181 186 188 186 181 145 110 118 125 115 102 92 81 93 85 80 
82 84 89 99 103 128 148 149 150 151 157 155 151 150 159 167 174 177 178 180 183 184 182 175 168 165 168 182 182 166 156 160 172 178 182 180 183 189 187 187 176 175 170 172 162 146 125 129 171 184 187 188 185 161 114 116 121 117 105 95 85 95 90 81 
81 80 85 100 130 145 147 151 153 153 159 161 155 151 155 161 171 185 186 182 180 173 170 170 170 169 171 172 165 157 157 164 169 172 177 177 181 184 180 174 168 167 170 173 171 160 139 117 157 184 189 190 185 170 121 109 119 116 108 96 84 92 90 85 
83 80 86 120 146 147 151 154 156 154 157 164 158 159 157 170 173 179 187 185 174 172 173 170 163 158 155 155 147 149 156 160 164 164 165 159 162 163 157 153 157 168 181 184 181 168 147 122 149 181 188 189 185 171 129 110 112 119 110 101 89 88 98 91 
83 80 88 128 148 151 153 156 160 162 159 154 148 148 151 160 156 157 169 176 167 147 134 134 135 133 133 132 133 141 146 150 152 153 149 130 120 127 133 151 167 180 186 186 182 171 153 128 144 181 187 189 186 171 127 111 118 115 110 105 88 85 97 94 
83 83 82 90 109 123 129 126 122 117 110 114 100 93 99 96 106 112 128 140 132 98 78 98 102 103 106 106 113 126 134 140 136 130 113 94 81 93 106 143 165 178 183 185 182 177 169 152 144 177 186 188 186 171 128 109 115 116 118 108 92 84 95 95 
83 82 85 85 93 99 103 98 85 74 87 102 95 89 97 94 93 95 94 92 87 80 80 91 99 101 101 94 93 101 109 113 109 108 106 98 80 89 98 112 136 164 176 181 181 182 176 165 158 165 181 184 183 169 123 107 113 120 118 115 103 85 92 83 
79 81 83 82 84 93 102 105 92 79 75 89 92 91 92 92 90 91 89 87 87 86 85 90 99 97 104 103 97 95 94 89 92 109 112 109 88 86 100 106 102 117 153 174 179 180 181 171 164 156 172 182 183 168 119 104 108 115 119 114 105 87 87 77 
81 82 85 84 82 90 97 102 97 87 67 70 80 80 86 84 86 87 84 87 89 87 88 89 96 100 105 105 103 104 99 95 93 104 114 109 92 84 98 100 98 89 108 148 174 178 179 169 163 156 156 174 178 148 111 108 103 107 112 115 108 86 86 84 
82 80 82 84 81 85 90 101 103 94 77 61 67 78 86 83 84 81 83 84 88 84 86 85 91 98 102 102 101 107 100 93 93 106 112 108 94 85 92 99 98 92 88 110 154 174 175 173 168 154 143 156 173 139 109 115 106 103 107 106 105 89 86 94 
81 83 82 83 81 81 85 95 101 100 89 66 61 72 83 85 83 82 85 90 91 88 92 89 87 95 99 100 101 103 99 92 94 109 111 112 99 87 89 103 105 100 90 94 116 153 162 170 171 159 139 136 150 129 109 110 106 103 104 103 104 93 82 94 
79 84 82 82 81 80 84 92 94 99 93 79 60 67 77 83 81 85 90 94 98 98 100 98 88 94 103 101 102 103 96 94 103 112 109 112 104 92 86 100 106 105 95 92 88 115 147 161 171 167 150 132 128 113 109 111 103 97 100 99 108 88 84 90 
79 79 79 79 77 80 81 88 93 98 100 87 67 60 72 75 77 80 94 101 107 101 98 96 86 91 96 101 96 91 91 106 111 109 105 108 102 94 87 95 100 107 97 93 91 98 128 153 165 167 157 138 118 110 106 109 102 94 93 97 109 88 83 87 
79 77 78 76 75 79 82 81 88 94 101 90 74 60 68 75 76 79 90 102 107 102 95 91 91 90 90 92 88 92 93 108 113 112 109 105 102 96 86 89 98 100 96 95 92 93 105 140 157 162 159 144 121 99 105 102 96 87 85 93 107 99 86 84 
76 78 76 79 79 84 84 79 83 91 97 96 80 62 61 72 80 81 83 99 104 98 91 90 91 93 89 90 93 103 103 110 113 112 110 107 103 98 85 88 100 102 98 92 91 88 93 110 134 153 155 150 123 94 100 106 102 95 88 87 100 108 103 98 
76 77 77 77 80 84 84 80 83 87 96 99 90 72 63 68 76 75 80 95 97 97 93 95 90 89 94 94 101 104 104 111 113 112 113 111 103 98 87 80 95 102 97 94 89 86 92 97 104 115 121 112 95 90 94 101 103 103 98 94 94 103 104 106 
75 77 77 79 81 87 81 79 82 85 90 92 93 82 62 66 71 74 78 91 100 99 95 93 87 81 92 96 99 100 99 105 101 111 111 109 102 97 89 77 90 99 97 94 90 89 88 93 98 105 103 102 97 91 92 97 100 99 104 102 97 96 97 100 
74 76 77 78 77 80 80 80 78 81 83 86 90 88 71 61 65 72 77 83 91 91 92 88 82 80 86 93 101 99 98 99 97 105 110 105 104 99 92 83 84 96 95 95 89 90 86 85 96 101 100 105 103 96 88 95 98 100 100 99 100 96 97 102 
73 72 76 74 76 77 77 82 81 81 80 83 88 87 75 59 59 65 71 77 86 87 83 79 82 79 76 88 93 96 100 101 102 104 106 103 99 97 91 86 81 94 98 91 89 86 83 83 92 98 98 100 108 102 88 94 95 94 94 91 96 96 95 96 
70 73 75 71 72 75 77 85 82 81 81 81 85 87 78 61 57 65 65 69 78 80 77 82 85 76 70 79 90 99 101 99 98 100 97 99 100 97 88 86 83 85 95 91 91 84 81 84 86 91 99 101 103 102 92 89 89 90 90 92 90 91 90 87 
69 70 71 68 69 71 78 80 75 75 77 77 77 81 81 64 54 63 66 69 72 77 82 85 78 67 61 73 86 93 93 94 94 99 99 96 98 96 91 87 84 76 89 86 90 85 79 79 79 89 97 100 101 96 92 86 87 91 90 86 88 87 86 83 
68 68 69 65 65 68 77 80 77 72 72 75 74 76 79 71 53 58 65 71 75 82 82 79 71 62 57 67 80 85 89 92 92 95 94 94 93 93 90 88 80 71 77 83 85 83 76 73 76 86 92 94 95 95 90 85 81 88 90 89 88 87 83 80 


64 68 69 70 71 70 74 76 78 77 75 77 71 70 74 75 79 82 79 89 109 139 148 157 158 157 157 154 159 165 168 172 174 174 173 172 169 163 161 159 149 141 137 135 132 129 124 137 121 105 93 90 93 89 74 60 63 78 87 89 90 91 86 83 
65 67 71 71 71 72 72 77 79 76 75 76 75 76 73 71 76 81 78 91 126 145 154 160 159 158 157 160 168 173 174 175 176 177 175 174 171 167 167 165 158 149 146 146 146 143 133 135 117 106 99 97 92 88 78 62 63 89 93 97 96 87 84 81 
67 70 73 75 76 75 73 73 78 77 80 77 79 81 79 75 77 79 76 92 134 151 158 160 159 164 163 166 174 178 179 177 178 179 177 176 176 174 172 165 159 150 150 152 150 147 144 137 114 106 99 104 106 89 75 59 75 93 102 100 99 87 80 81 
69 73 73 75 80 76 76 72 76 78 80 77 78 76 78 77 80 80 79 96 137 153 159 162 161 163 170 173 179 182 182 182 181 180 179 176 176 176 173 166 163 158 152 145 142 142 148 146 124 108 97 99 99 90 71 58 87 94 98 100 97 93 85 81 
71 73 74 76 77 76 77 74 74 76 80 76 76 77 77 79 81 82 85 108 141 154 160 162 160 162 169 176 182 186 187 184 181 181 179 178 177 175 170 166 163 157 151 147 147 147 147 145 136 110 99 96 98 86 74 75 97 98 104 103 94 96 86 84 
72 73 74 73 76 78 77 75 75 76 80 78 78 77 78 85 81 80 84 116 144 155 161 162 161 165 173 177 184 187 188 185 180 178 180 180 180 178 176 175 168 160 152 149 149 144 137 133 135 111 101 101 98 85 81 90 103 103 111 105 95 90 86 93 
72 73 72 72 79 81 79 77 76 76 79 76 76 80 80 84 82 82 92 122 149 157 161 164 165 172 180 183 185 186 186 180 177 177 179 180 180 178 175 174 169 164 162 159 153 150 142 136 133 113 99 104 99 92 88 95 104 101 105 101 95 90 86 88 
71 72 74 75 77 81 75 78 78 77 76 76 77 78 81 83 82 82 93 129 153 160 161 164 168 175 180 185 186 183 185 179 179 182 181 180 179 178 176 177 177 175 171 164 157 151 143 141 133 116 110 103 97 93 97 96 105 102 101 99 97 86 86 86 
72 76 74 73 75 79 78 78 78 79 77 77 75 75 82 80 82 84 93 131 155 161 160 164 167 174 181 182 180 182 184 182 181 181 179 182 184 182 183 186 184 181 176 171 164 159 155 150 139 123 110 99 102 99 97 100 109 100 102 97 96 92 90 88 
72 71 69 69 74 79 79 80 80 80 79 78 76 79 81 80 85 87 100 133 157 161 158 162 168 176 176 176 177 182 185 184 182 182 181 180 181 181 180 180 181 183 179 172 168 164 164 166 162 146 121 103 99 99 98 104 108 101 97 99 93 92 94 91 
72 74 73 74 76 77 75 76 81 81 77 79 80 81 78 80 87 87 101 138 154 157 155 160 168 175 174 176 177 183 187 185 184 185 185 186 186 183 181 180 182 179 175 177 173 169 169 170 167 156 134 107 101 99 97 107 104 100 99 93 89 89 92 92 
75 73 69 71 74 75 74 79 81 80 79 79 81 80 81 80 83 85 102 138 151 151 152 162 172 176 177 178 180 183 186 183 184 186 189 191 190 189 186 185 183 184 183 180 173 171 168 165 163 162 148 115 100 101 106 111 106 103 97 92 89 96 94 94 
73 69 71 73 71 72 73 78 80 81 83 82 79 75 77 79 84 86 101 137 147 150 156 168 176 181 180 180 184 186 187 185 186 189 191 191 192 192 190 187 184 189 186 182 178 176 172 166 162 160 149 125 102 105 107 107 108 98 91 93 93 94 91 91 
71 73 73 72 73 76 74 78 79 78 81 81 78 77 81 81 81 86 108 135 144 152 163 172 179 182 183 184 187 189 189 188 190 190 191 192 193 192 188 183 181 185 183 181 181 181 179 174 169 161 147 129 105 101 102 107 108 100 96 94 95 90 89 92 
73 73 70 71 72 74 73 75 78 78 79 81 79 79 80 79 79 82 114 133 143 154 165 176 182 183 184 186 185 187 188 190 189 188 188 189 191 191 188 184 181 188 186 183 181 179 177 175 172 164 152 138 114 101 101 100 105 102 94 92 90 95 97 98 
71 72 68 69 72 71 68 74 78 77 79 76 78 76 80 78 81 83 109 135 146 159 168 175 181 186 185 186 183 182 186 188 183 182 184 187 190 192 191 192 190 191 189 186 184 182 180 178 176 170 156 138 109 98 98 103 100 95 94 90 93 93 96 99 
71 72 70 70 73 73 71 73 76 76 77 74 78 77 80 81 81 80 101 134 147 159 169 174 178 182 184 182 182 181 181 181 180 178 181 186 189 191 191 190 186 184 182 179 181 178 172 170 173 170 160 140 103 94 91 95 100 99 95 94 92 94 97 94 
65 71 75 73 73 71 71 71 75 77 77 77 79 79 80 82 82 81 92 129 146 158 170 175 178 179 180 179 180 182 181 179 181 179 183 184 183 189 187 185 186 186 182 181 182 174 165 165 170 163 158 141 101 105 101 96 97 97 97 94 93 94 98 103 
67 65 68 72 71 67 69 73 75 77 75 75 76 78 80 82 82 81 85 120 147 162 172 177 178 180 181 180 181 184 185 186 187 186 184 184 184 187 184 188 188 184 180 183 182 174 168 168 172 168 162 136 105 105 106 100 94 98 96 99 99 97 98 97 
69 67 64 67 68 66 70 72 78 76 75 74 78 80 78 79 81 80 85 113 147 161 171 177 180 182 182 182 184 186 188 192 194 194 191 187 189 189 187 188 188 187 186 187 187 175 166 166 166 164 158 127 106 105 99 98 94 103 100 97 97 99 102 100 
72 72 70 64 67 67 68 70 71 74 72 70 76 80 80 81 81 81 81 106 143 160 172 179 181 180 183 185 188 191 193 194 195 195 196 195 194 192 188 187 188 194 190 188 187 182 175 169 163 159 152 120 107 109 105 104 96 94 98 97 96 100 101 100 
68 72 74 66 64 65 68 66 71 73 73 69 72 80 84 80 79 80 81 94 135 159 172 176 176 181 185 186 190 193 196 196 198 199 200 202 199 197 196 197 195 195 195 195 193 189 187 181 174 166 152 120 106 106 108 102 97 99 93 96 96 98 101 100 
64 69 76 75 67 62 67 67 72 72 71 71 74 81 83 77 76 77 81 83 115 155 169 172 178 184 185 188 191 192 193 194 197 202 207 208 207 208 208 206 205 203 201 200 197 195 193 190 184 175 154 109 101 105 107 97 94 90 86 96 98 102 100 98 
60 70 75 74 74 61 62 66 69 68 72 72 74 80 82 78 79 77 78 84 98 144 161 172 179 181 184 185 185 185 188 194 199 202 203 204 208 207 204 203 204 203 201 197 197 195 192 191 186 177 154 106 100 107 100 101 97 95 89 97 99 102 100 102 
60 68 73 79 79 70 58 59 65 67 68 70 73 79 81 80 77 80 82 86 94 133 157 170 172 175 177 179 182 186 190 192 197 198 197 197 195 193 193 194 197 196 195 192 194 194 193 193 187 177 152 108 99 102 104 96 93 88 92 94 97 103 100 98 
63 64 73 78 79 77 63 56 63 68 73 72 75 78 81 77 78 79 82 90 110 140 156 165 171 175 176 182 187 190 192 191 194 194 193 195 193 193 193 193 193 192 191 188 191 192 193 193 188 178 152 108 97 100 107 101 90 85 88 93 98 99 99 96 
60 65 77 81 86 89 86 78 80 78 85 75 76 88 87 77 78 102 108 98 120 138 149 154 160 164 169 176 182 188 189 189 194 196 197 199 198 198 196 196 195 194 191 189 191 188 191 192 191 184 153 108 102 102 102 103 92 86 85 94 96 96 99 99 
57 66 90 114 131 135 135 139 142 139 132 126 122 133 139 128 127 153 158 147 137 132 134 140 147 153 159 166 175 180 182 184 189 194 197 199 200 199 198 197 195 194 191 190 190 190 190 193 195 185 153 111 105 100 98 95 96 86 86 90 94 100 104 100 
58 66 94 139 138 140 139 141 143 144 144 141 142 142 145 161 166 169 176 169 155 146 145 144 148 153 158 161 165 170 177 182 184 189 191 191 191 192 193 194 195 195 194 193 192 188 188 194 193 186 157 113 106 102 102 97 92 83 84 87 90 99 103 100 
64 62 73 114 135 136 139 140 137 137 142 141 133 130 133 137 154 173 176 169 163 160 157 151 149 154 163 171 174 166 171 177 179 182 186 191 191 189 190 190 193 196 194 193 192 185 187 187 192 189 162 111 104 105 103 96 90 87 87 87 93 97 96 100 
55 63 65 77 117 136 137 138 132 130 139 138 129 124 142 149 160 169 169 173 180 179 175 169 163 155 158 174 183 180 169 170 177 183 186 191 195 193 192 192 193 194 189 190 190 185 183 187 189 186 162 113 104 106 104 99 93 86 84 83 90 96 98 88 
57 59 67 70 78 113 136 137 133 130 135 135 135 134 148 158 165 165 164 164 158 168 184 193 188 177 162 160 173 185 178 169 176 183 184 188 196 197 195 193 193 190 188 189 190 188 184 188 189 183 161 116 102 103 105 101 96 91 83 84 87 94 97 98 
67 57 62 69 71 75 99 134 140 131 129 132 135 148 160 169 169 166 168 167 133 128 136 177 204 198 184 163 157 169 177 169 170 180 186 188 196 197 195 194 194 192 191 188 190 190 184 183 185 183 164 116 100 104 106 101 96 94 87 87 84 89 95 99 
74 67 59 59 69 68 74 92 132 149 147 148 153 163 172 174 168 168 173 177 142 129 137 134 200 205 194 181 174 174 168 162 164 177 186 189 194 190 188 192 192 193 191 188 187 189 183 180 182 181 161 118 104 105 104 104 98 98 85 80 82 87 93 96 
77 72 67 59 59 65 70 76 93 134 166 168 177 184 186 183 176 172 174 180 169 141 113 116 183 193 188 186 186 183 172 155 157 169 178 183 185 185 184 185 187 190 191 187 185 185 178 176 177 174 152 125 102 101 107 109 109 101 87 80 77 93 95 92 
80 75 72 66 55 60 69 77 78 99 140 169 185 186 187 189 192 189 188 192 186 167 147 143 155 162 165 169 173 184 173 150 150 161 174 183 187 186 182 179 181 186 188 185 183 182 176 176 174 163 151 137 106 100 110 109 106 100 95 80 77 87 89 84 
81 81 80 73 58 58 69 74 75 99 139 162 178 185 188 192 198 199 200 204 203 195 187 176 165 163 164 159 139 125 141 138 154 158 173 182 185 184 180 180 179 184 186 184 183 181 175 175 169 160 159 151 110 101 102 106 104 98 90 79 78 88 89 84 
86 85 84 76 64 56 66 71 70 97 142 159 178 189 190 192 194 197 197 201 207 203 196 181 169 166 166 161 139 116 130 135 154 157 175 182 183 182 181 180 181 185 189 182 178 176 173 170 166 165 168 161 119 107 106 107 103 99 90 81 77 86 85 74 
81 81 81 81 72 57 66 74 75 93 133 163 185 192 192 193 192 192 191 193 196 189 174 162 161 162 167 168 168 181 172 147 148 155 171 176 177 178 181 183 184 180 186 184 181 168 168 168 162 167 169 169 126 104 101 110 109 103 88 80 75 87 86 73 
75 77 84 86 78 60 61 74 78 106 150 171 183 191 192 190 182 179 181 183 182 153 119 116 175 190 189 191 192 185 166 146 149 161 171 174 175 176 187 195 192 187 182 184 179 171 169 162 174 176 175 169 139 102 96 108 113 108 90 80 77 89 83 72 
72 78 87 90 80 66 60 76 96 144 164 163 166 173 179 178 171 169 173 179 150 138 143 128 196 206 197 184 178 171 155 147 153 169 176 179 177 178 184 195 192 188 175 171 166 167 168 173 184 185 183 177 153 102 100 107 105 103 89 84 77 89 79 73 
70 77 81 86 82 73 61 95 138 144 136 139 142 147 167 172 169 164 165 168 137 127 134 157 202 198 182 161 158 161 153 149 154 171 179 178 177 178 181 185 182 182 171 160 157 155 153 165 182 186 186 183 169 116 89 100 110 101 91 85 76 86 76 73 
72 74 75 84 84 80 104 135 135 133 135 132 132 138 157 164 167 166 164 165 148 148 168 192 188 173 158 163 177 169 152 149 161 173 181 179 177 179 182 183 176 174 169 168 163 148 120 138 176 182 184 182 178 139 96 101 109 100 89 82 72 81 77 72 
71 73 75 83 89 116 131 131 133 134 143 139 132 132 146 158 166 170 172 174 178 180 178 170 161 157 162 178 178 161 148 152 166 173 179 178 181 186 185 185 175 174 167 169 159 143 122 123 166 180 184 184 182 157 101 100 103 101 91 84 75 83 80 73 
69 70 73 87 119 130 130 133 136 136 144 145 135 128 137 146 161 179 181 178 176 167 164 163 164 164 167 168 161 150 150 158 164 169 174 174 179 181 178 171 166 165 165 169 166 155 135 111 151 180 186 187 183 168 110 93 101 100 94 82 74 81 79 76 
70 70 76 112 132 133 136 140 142 136 141 151 139 137 135 153 162 174 183 181 169 167 169 166 159 153 151 150 141 143 151 156 160 160 161 156 159 160 153 149 153 164 176 179 175 162 143 119 144 178 184 186 183 170 120 96 95 104 96 88 79 77 86 79 
70 69 79 122 136 137 137 142 147 146 141 141 133 132 138 152 150 152 164 173 164 142 128 129 130 126 126 126 128 137 142 147 148 150 146 126 115 122 128 146 163 176 181 182 177 166 149 125 139 177 185 187 184 169 118 96 104 101 95 92 77 73 84 81 
71 71 71 80 97 111 116 114 111 105 98 104 87 81 88 85 95 103 122 134 126 90 68 87 91 95 98 99 107 121 129 139 132 126 106 85 75 84 98 138 161 174 178 180 175 170 163 147 138 173 184 187 185 169 118 96 100 101 102 94 80 73 83 83 
70 70 75 75 79 83 87 84 74 64 76 91 82 75 84 83 80 82 83 82 76 69 69 79 85 87 88 84 83 94 104 110 102 94 91 85 72 79 85 101 131 160 171 177 174 175 169 157 152 160 178 181 180 167 113 92 98 105 103 103 90 76 80 73 
68 70 73 73 72 79 86 89 79 69 67 78 80 79 80 80 80 79 78 76 74 73 73 79 85 83 89 89 85 84 83 81 83 96 95 94 79 78 86 92 91 111 148 170 174 174 174 165 159 152 168 178 179 164 109 89 94 99 103 101 93 77 76 68 
70 71 74 74 71 77 83 87 83 75 59 64 69 70 75 74 76 77 73 76 76 74 76 79 85 88 90 90 88 90 86 84 83 92 98 95 83 77 85 85 84 80 101 144 170 173 174 163 159 152 152 170 173 144 99 93 89 91 96 101 97 76 75 75 
71 69 70 73 71 75 77 86 89 82 68 56 59 69 76 74 73 71 72 74 78 74 74 73 80 85 88 86 87 94 87 82 82 92 96 93 83 77 80 84 84 81 78 102 149 169 170 166 162 150 135 150 169 133 95 100 93 90 94 93 91 80 76 83 
70 72 70 73 71 72 73 81 86 86 79 60 56 66 75 76 73 71 73 79 81 77 79 76 76 83 86 84 86 89 86 80 82 93 95 97 88 79 78 89 90 86 78 83 108 149 156 162 164 154 124 122 146 123 94 95 91 89 90 89 89 84 75 85 
68 74 72 73 71 71 74 79 79 84 80 69 54 62 70 74 72 74 77 81 85 84 88 86 77 81 89 86 87 89 85 83 90 96 93 97 90 83 77 87 91 91 82 81 79 107 142 155 165 162 145 125 123 104 94 95 89 85 89 87 95 79 78 81 
69 69 68 70 67 70 72 77 79 84 86 76 61 57 66 66 66 71 82 87 92 86 85 82 75 80 82 88 84 81 80 93 97 94 89 93 89 85 78 82 86 93 85 83 81 86 122 148 160 162 155 137 116 104 92 95 88 83 82 86 98 78 76 79 
69 67 67 68 66 70 74 73 77 83 89 78 66 55 62 67 67 70 78 88 92 88 82 79 79 79 78 82 79 82 79 93 98 97 94 91 88 86 77 79 87 88 84 84 82 81 96 134 152 158 157 143 120 94 91 88 85 78 77 82 95 88 77 77 
65 67 67 70 68 73 75 70 72 78 86 85 71 56 56 65 70 71 74 86 90 85 78 79 80 84 78 79 81 89 88 94 98 97 97 93 89 86 76 78 89 89 85 80 80 78 81 101 128 151 154 150 122 86 87 92 89 84 79 79 88 96 91 87 
65 67 66 68 70 74 74 72 73 77 83 85 79 64 59 64 67 64 70 84 85 84 79 82 80 79 82 82 88 90 89 97 98 97 99 99 90 87 77 71 83 89 84 81 78 77 81 84 92 108 116 106 86 79 82 87 88 89 85 82 83 89 90 93 
64 66 67 69 71 76 70 71 73 75 78 80 82 72 57 63 65 64 68 82 88 86 84 82 76 71 81 83 85 85 86 91 87 98 98 95 89 85 79 69 78 86 85 83 78 79 78 82 85 91 89 88 84 79 81 83 86 85 90 89 85 84 84 85 
65 65 68 68 67 69 71 71 70 72 73 75 79 79 65 57 59 65 68 73 81 80 81 78 72 70 77 83 89 86 85 86 85 92 96 90 90 87 81 74 74 83 81 83 80 81 75 75 84 87 88 92 89 84 78 83 85 86 86 85 87 84 86 88 
61 62 67 67 67 68 67 71 72 73 70 73 78 76 67 52 53 60 64 69 75 77 75 71 72 69 69 78 82 85 88 88 88 91 93 88 85 85 80 76 72 82 86 79 78 75 72 72 81 85 84 86 93 89 78 82 83 81 82 79 82 83 83 84 
59 62 64 62 63 66 66 74 74 73 72 71 73 76 68 54 51 58 59 63 71 71 68 72 75 68 63 70 80 87 89 85 84 86 84 85 86 85 78 77 75 76 83 80 80 74 72 73 76 80 85 87 89 88 80 77 77 78 78 80 77 79 79 77 
56 59 61 58 59 61 67 69 66 68 67 68 67 70 69 55 48 58 61 62 65 69 71 76 71 62 55 66 76 80 81 83 83 85 85 83 87 85 80 76 74 68 79 76 79 76 71 70 69 78 84 87 89 84 81 77 77 79 78 74 77 76 75 73 
55 55 58 54 55 58 66 69 67 64 64 67 65 65 68 61 47 52 59 65 67 72 73 71 64 56 50 61 72 75 77 81 80 83 83 83 83 81 79 77 70 63 68 72 75 74 69 65 66 76 81 82 83 83 79 76 72 77 79 78 76 77 73 69 


63 65 66 68 68 65 71 73 76 77 73 75 69 66 69 70 77 80 77 87 105 134 144 155 158 155 155 152 158 164 167 173 178 177 176 175 172 167 166 165 156 148 145 143 143 142 139 154 132 109 93 92 96 91 76 64 68 79 86 88 90 93 86 84 
63 64 67 68 67 68 69 73 77 74 70 73 71 71 69 67 73 78 76 88 120 142 152 158 157 157 155 157 166 172 173 175 179 180 179 177 174 172 172 171 164 157 154 156 159 156 149 151 128 110 99 97 93 91 81 65 68 89 92 97 97 90 86 83 
65 68 71 71 72 72 69 69 74 74 77 74 74 77 76 72 74 76 73 88 130 149 158 159 158 163 160 165 173 178 179 178 180 181 180 179 179 178 177 170 165 157 160 165 163 161 159 151 124 109 99 103 107 90 78 64 79 92 100 100 99 88 83 83 
65 70 70 71 77 74 73 68 73 75 76 72 73 73 75 74 75 77 75 91 133 150 157 158 157 161 167 171 179 183 183 183 182 183 182 180 181 180 177 172 169 165 159 153 151 153 161 160 135 112 95 98 100 92 73 63 87 93 99 100 97 94 87 85 
68 69 71 73 73 72 74 70 70 72 76 72 73 72 73 75 78 79 82 102 137 152 158 160 156 160 166 173 183 187 187 184 181 181 181 180 181 179 173 169 168 164 158 156 158 159 159 157 148 115 98 97 98 87 76 76 95 96 104 104 94 98 88 86 
69 71 72 71 73 74 75 72 70 71 75 73 74 73 75 81 78 78 80 110 140 153 157 159 158 164 172 177 185 188 188 184 179 177 182 181 183 182 180 179 174 165 158 157 157 151 144 140 146 117 101 101 100 88 84 88 102 102 109 105 96 94 90 97 
69 71 70 69 75 77 75 73 72 70 74 71 72 75 76 80 77 78 87 115 146 155 157 160 163 171 180 184 186 187 186 179 176 177 180 181 182 180 178 178 173 168 167 164 159 156 149 143 143 120 101 105 101 94 90 93 104 101 105 101 98 93 89 92 
68 68 70 71 75 78 73 73 74 71 71 72 74 74 78 80 77 80 89 122 149 158 157 161 165 173 180 185 185 182 184 178 177 183 181 181 181 181 178 179 179 177 174 169 162 156 150 151 144 123 110 104 97 94 97 93 103 102 101 99 99 88 90 89 
70 73 72 69 73 76 76 74 72 74 73 74 71 71 78 78 77 82 88 125 153 159 156 160 164 172 180 181 178 180 183 181 181 182 180 182 184 183 184 189 187 185 179 174 166 164 161 157 144 126 110 100 103 100 95 97 108 101 104 97 99 92 92 91 
70 67 66 65 71 77 77 77 77 77 75 74 71 76 77 77 81 84 95 128 154 158 154 158 164 174 174 174 176 180 184 185 181 182 180 179 180 181 180 181 182 186 182 175 171 168 168 171 167 150 123 103 99 99 95 102 107 102 98 100 95 95 97 93 
72 71 69 71 74 74 72 74 79 78 74 74 76 77 75 76 83 84 95 132 150 154 152 156 166 173 173 174 176 182 186 185 184 185 185 186 186 184 182 180 184 182 178 179 176 172 173 174 172 160 135 108 101 96 94 105 104 99 99 94 91 92 93 92 
75 72 66 67 71 71 70 77 79 77 76 74 77 77 77 76 80 81 96 133 148 148 149 159 170 173 175 176 180 183 185 182 183 185 188 190 189 190 188 186 186 186 186 183 176 174 172 169 166 165 150 115 100 98 104 109 105 103 98 93 92 97 96 97 
72 68 68 71 69 68 69 75 78 78 79 79 75 71 74 76 80 82 96 132 143 147 154 166 174 180 179 179 184 186 186 186 187 189 190 190 190 191 190 188 184 191 190 184 181 180 173 168 165 162 152 126 101 103 106 107 108 99 94 95 94 96 93 92 
70 72 72 70 70 73 71 77 75 75 78 79 74 74 78 79 77 82 103 130 138 148 160 171 179 181 181 182 185 189 189 189 191 190 190 190 191 190 186 182 179 185 185 183 184 184 181 176 171 164 149 129 103 100 101 107 108 101 99 95 97 91 90 94 
72 72 69 69 68 70 69 72 75 73 76 78 76 75 77 76 76 78 110 128 139 151 162 174 181 184 184 185 185 187 188 191 189 187 187 187 190 191 187 183 179 188 188 186 184 182 180 178 175 167 151 137 111 99 100 100 105 103 97 94 92 97 99 100 
71 72 68 67 70 68 65 70 74 73 76 72 76 73 76 76 78 79 105 130 142 157 166 174 181 186 186 185 183 183 186 190 183 179 183 186 189 191 189 190 188 191 188 186 184 183 183 182 179 172 157 137 106 97 98 103 100 96 96 91 96 96 98 101 
72 71 69 68 72 71 68 70 72 72 73 72 75 72 77 78 78 76 96 129 143 157 168 173 177 181 184 181 180 180 180 180 179 176 179 185 188 189 188 188 185 183 180 178 180 178 172 171 175 172 161 139 102 94 91 96 101 99 97 96 95 96 99 96 
65 70 75 72 72 70 67 67 71 73 74 74 75 75 77 78 78 77 87 123 142 156 168 174 178 179 180 179 181 183 182 179 180 178 181 182 182 186 185 186 187 186 182 181 181 172 164 164 170 164 159 139 99 104 101 96 98 98 97 95 95 97 98 105 
65 65 68 71 70 67 67 69 71 73 71 70 71 74 77 78 78 77 79 115 143 160 170 175 177 179 180 179 180 184 186 187 186 184 183 183 182 186 183 189 188 183 179 181 181 172 166 166 172 170 163 133 101 103 106 101 95 101 98 101 103 100 99 99 
67 66 63 67 66 66 68 70 75 71 70 69 75 76 76 76 77 75 80 108 143 159 169 175 179 181 181 182 186 187 189 192 194 193 190 185 187 188 185 186 187 188 186 185 186 173 163 163 165 164 159 125 104 105 100 99 96 106 102 99 101 102 104 102 
69 71 68 65 68 68 67 68 68 68 66 66 71 77 77 77 78 77 77 100 139 159 171 177 179 178 181 184 189 191 195 195 195 196 196 194 192 190 185 185 186 193 190 188 187 182 176 169 165 160 152 118 106 107 104 105 98 96 100 101 97 103 104 103 
65 69 71 66 65 65 67 64 67 68 69 65 68 78 82 77 76 77 76 88 130 156 171 174 175 179 183 185 190 194 197 198 199 199 200 201 198 196 194 195 192 193 194 195 193 190 189 182 174 167 152 116 104 104 107 102 99 101 94 99 97 100 102 103 
63 65 73 74 67 64 68 65 70 69 67 68 70 78 81 73 72 73 77 79 110 152 167 170 178 184 183 186 190 191 192 193 198 202 207 209 208 208 208 206 204 203 201 199 196 195 193 189 185 175 151 106 100 104 107 97 96 93 88 99 100 102 102 99 
59 66 71 72 74 62 64 67 69 66 69 68 70 77 78 74 75 73 74 80 95 141 160 171 182 181 184 185 184 184 188 195 201 203 203 204 207 206 204 203 204 202 200 195 194 195 191 190 187 178 153 102 99 105 100 102 98 97 92 98 101 103 101 103 
61 65 68 75 77 69 59 61 65 66 66 67 69 76 79 76 74 77 78 81 91 128 156 170 174 176 178 180 182 186 191 193 198 199 196 195 192 190 191 193 195 195 194 192 194 196 194 195 190 179 152 105 98 102 104 96 95 90 94 96 101 104 101 99 
64 61 68 74 77 75 63 58 65 68 72 68 71 75 78 73 74 75 77 85 105 136 155 167 172 176 177 183 189 193 196 193 195 195 193 193 192 192 194 194 194 193 192 189 192 194 197 196 192 181 151 105 95 99 106 101 91 87 89 96 100 100 100 96 
61 62 73 77 84 87 85 78 81 79 83 73 71 85 84 73 74 97 104 91 115 134 147 155 160 164 170 178 184 191 191 191 197 199 199 201 201 200 199 198 197 195 193 191 194 191 194 195 195 188 153 105 100 100 102 102 93 87 87 97 99 99 100 99 
58 64 87 111 129 134 135 144 145 143 134 124 118 129 137 125 124 151 157 145 134 127 129 136 145 154 160 167 176 183 184 186 191 197 200 202 203 201 200 200 198 197 193 191 193 193 194 196 198 188 153 108 103 98 97 94 98 88 89 92 96 102 104 99 
61 65 90 137 138 141 141 147 150 152 148 145 143 144 147 162 167 169 178 170 154 143 142 140 147 152 157 161 166 171 180 184 187 192 194 194 193 193 195 196 198 198 197 195 194 191 190 196 195 186 154 109 103 100 102 97 93 85 87 89 92 100 103 100 
67 63 70 111 135 136 140 144 145 148 150 149 140 135 138 142 156 175 179 171 164 160 157 149 148 152 164 173 176 166 173 179 182 185 188 193 193 191 194 193 196 199 197 195 194 187 188 189 193 191 160 108 103 104 103 97 90 87 87 89 96 99 96 100 
59 64 64 73 113 135 137 140 137 138 145 146 135 132 147 155 165 173 173 177 184 183 179 172 164 155 157 176 186 183 170 170 179 185 188 194 198 195 195 196 195 196 191 192 192 186 184 187 190 186 160 110 103 104 103 99 93 87 85 86 93 97 99 88 
60 61 68 67 73 107 135 138 136 132 139 141 140 141 154 163 171 169 169 169 161 170 189 198 193 180 164 160 173 187 180 170 177 185 187 191 198 200 198 197 195 192 190 191 192 189 184 188 189 184 160 113 99 101 105 101 97 92 84 85 89 95 98 99 
67 58 65 71 71 71 95 133 140 132 131 136 139 153 166 175 174 171 173 171 115 94 115 179 211 205 190 166 157 169 178 169 169 181 189 190 199 201 198 196 197 194 193 189 190 192 186 183 185 182 163 113 99 102 106 101 96 95 89 88 86 91 95 100 
74 68 62 63 72 67 69 88 129 150 149 151 156 167 177 179 173 172 176 181 123 90 93 126 207 213 201 186 178 177 169 162 164 179 189 191 197 193 191 194 195 194 191 188 186 191 184 179 181 179 160 114 102 102 102 103 99 99 87 81 84 90 95 97 
76 71 65 61 62 65 67 71 88 129 164 168 177 185 189 188 181 176 178 186 168 115 96 118 192 202 195 193 192 189 177 156 157 171 182 186 188 188 187 188 188 190 193 189 184 187 180 175 176 174 153 122 101 100 106 108 109 102 90 83 78 95 97 94 
80 74 71 67 59 63 68 72 72 92 134 168 183 186 189 192 194 192 189 194 190 172 155 152 163 168 171 177 179 189 179 154 150 163 177 186 190 189 185 182 182 186 190 187 183 184 178 177 174 164 153 137 103 98 108 109 106 102 98 84 79 90 91 86 
81 80 79 74 62 62 66 68 69 91 132 159 178 187 190 193 200 199 199 206 206 199 194 183 171 168 170 165 146 132 148 145 157 159 175 185 188 186 182 181 178 185 189 187 185 183 176 175 170 161 163 154 107 99 101 105 104 99 92 82 80 90 92 86 
85 84 83 77 67 58 66 67 66 89 137 157 178 191 193 192 193 196 196 201 208 207 202 189 175 169 169 166 147 125 137 142 159 158 177 186 186 185 184 183 182 185 192 185 180 177 174 171 167 167 172 165 116 104 105 107 103 99 92 83 80 89 88 75 
79 79 80 81 74 60 66 70 70 86 124 159 185 194 194 196 193 194 191 193 197 193 179 167 166 167 172 174 174 187 177 151 149 155 173 179 179 180 183 185 187 181 189 186 183 169 169 168 161 168 172 172 123 102 99 109 109 104 90 82 78 90 88 76 
72 74 83 87 79 63 63 70 73 101 146 170 184 193 195 193 185 182 183 185 184 138 109 117 181 196 195 198 199 191 171 145 149 163 172 176 176 178 189 198 196 190 184 186 181 171 170 161 173 176 175 168 136 100 94 106 112 109 91 81 80 92 87 74 
69 74 85 89 81 69 62 74 92 142 165 163 166 176 183 181 174 173 177 184 140 102 100 116 203 212 202 189 183 174 156 146 154 171 180 181 178 178 184 199 196 192 175 170 165 166 168 172 183 184 183 176 151 100 98 105 105 103 90 85 81 93 83 75 
68 74 78 85 83 74 65 95 137 146 138 141 145 151 171 176 172 168 169 172 120 91 102 154 208 203 185 162 159 162 152 149 155 172 181 179 178 178 181 186 184 185 172 159 156 153 151 162 179 183 185 183 167 114 88 98 110 101 91 87 79 90 80 75 
69 70 72 82 83 81 104 135 135 134 138 138 137 143 162 169 171 171 169 169 147 144 170 197 193 174 158 163 179 171 151 148 162 175 184 181 176 178 182 184 176 174 168 167 160 145 118 135 173 180 183 183 177 138 93 98 109 100 89 84 77 85 81 75 
68 70 72 81 87 115 131 131 134 139 149 148 139 139 152 162 171 174 174 178 181 183 181 172 163 158 162 180 181 162 146 153 168 176 181 178 182 187 185 187 174 174 166 169 155 138 121 122 163 179 183 183 181 156 99 97 102 102 92 85 79 87 84 77 
66 66 69 84 116 128 130 135 138 140 150 153 142 133 142 151 165 182 184 181 177 168 163 163 164 165 168 171 162 150 150 159 166 170 175 174 180 182 179 172 165 164 161 163 159 148 128 108 148 177 185 186 182 168 110 92 99 101 94 81 76 84 82 79 
68 66 71 107 131 132 139 145 146 141 145 157 146 144 140 155 164 173 184 183 169 165 169 166 160 154 151 152 140 142 152 157 162 162 162 154 158 159 151 145 149 158 170 172 166 152 133 117 142 176 184 186 183 170 119 95 93 103 97 89 81 79 90 84 
67 65 74 117 134 137 143 148 154 152 146 143 133 132 137 150 149 150 164 174 164 140 125 126 128 124 124 124 126 136 143 148 149 151 145 124 114 121 126 143 158 172 176 175 170 157 141 121 137 177 184 186 185 168 114 94 103 100 96 93 78 74 88 86 
68 67 67 76 94 108 114 115 112 104 96 102 83 77 84 81 91 99 119 134 124 87 64 82 89 91 96 97 105 120 129 139 133 125 105 85 76 87 99 136 158 170 173 174 168 162 156 142 134 171 183 185 183 168 115 93 99 101 103 95 81 75 88 87 
67 66 70 70 76 80 85 84 74 66 72 88 79 73 82 80 77 78 80 80 74 67 67 76 81 85 86 82 82 94 105 111 101 93 90 86 74 82 88 101 128 157 167 170 167 168 162 153 147 156 176 179 179 166 110 90 96 105 102 103 91 78 83 75 
65 66 67 68 68 76 85 88 78 70 67 73 75 77 77 76 77 77 76 73 70 70 72 77 82 80 86 87 84 83 84 80 82 94 95 95 82 81 89 94 92 110 144 165 168 169 170 162 155 148 166 175 176 161 107 88 92 98 102 102 95 80 79 72 
68 67 70 69 66 74 79 86 81 76 62 63 66 67 72 71 73 76 72 72 72 71 73 78 83 85 87 87 88 90 86 84 82 90 96 95 84 80 87 86 84 80 99 140 166 169 170 157 153 150 151 168 169 140 98 93 88 91 95 101 98 77 79 80 
68 65 65 67 66 72 73 84 88 82 70 61 59 65 73 71 69 67 70 72 77 71 72 72 76 83 85 84 86 93 86 81 82 91 95 92 85 80 82 86 85 83 79 102 146 166 163 157 153 142 131 145 165 130 92 99 92 89 93 92 90 81 81 88 
68 69 68 69 67 69 70 77 84 86 80 63 60 65 71 72 69 67 71 77 79 75 78 77 72 80 84 81 85 88 85 79 80 92 95 97 88 82 79 89 90 86 80 85 107 145 150 156 156 145 119 115 139 118 92 94 91 88 90 89 90 87 79 90 
66 71 67 68 66 67 70 76 76 83 81 72 58 64 69 72 70 71 74 78 84 85 87 86 75 77 87 84 83 86 83 82 88 96 93 97 90 85 79 88 92 91 85 82 80 104 134 148 160 155 139 120 118 100 92 95 90 85 88 86 96 81 84 86 
66 66 64 65 64 66 69 74 77 82 85 77 64 62 68 65 65 68 80 86 91 86 84 82 73 75 79 87 82 79 77 92 96 94 89 93 90 87 80 84 86 93 85 83 83 87 117 143 157 159 151 133 116 102 89 95 90 85 84 86 98 79 80 84 
66 64 62 63 62 65 70 70 75 80 89 79 68 60 66 67 66 68 75 86 91 88 83 80 78 75 75 79 76 79 76 91 97 96 94 90 88 88 78 80 88 89 84 85 84 83 94 130 149 155 154 143 121 94 90 88 87 80 79 82 95 89 81 81 
62 64 62 64 63 69 71 67 69 75 84 85 72 60 62 66 69 68 71 86 91 86 78 80 79 80 76 75 77 85 86 92 97 97 96 92 89 88 77 79 90 91 87 82 81 79 82 100 127 151 156 154 124 86 86 92 91 85 82 80 87 97 95 92 
62 63 60 63 66 70 71 69 68 73 82 85 81 67 65 67 67 62 68 84 85 84 80 82 78 75 79 80 84 87 88 95 97 96 99 98 90 87 78 71 84 92 87 83 80 78 81 84 92 110 119 108 87 78 81 86 89 88 86 83 83 89 92 97 
61 63 62 65 66 72 68 68 70 71 74 79 82 75 62 67 68 63 65 80 87 86 84 82 75 68 78 79 82 84 83 91 86 97 97 95 90 87 80 68 80 90 89 85 79 80 78 83 86 92 91 89 84 78 79 83 87 85 90 88 86 83 82 86 
62 60 63 65 64 66 68 69 66 67 69 72 79 82 70 61 64 64 65 70 80 80 80 77 70 69 73 79 86 83 85 85 85 90 95 90 90 89 82 74 76 86 83 86 82 82 76 75 85 87 88 91 90 81 76 81 84 87 86 85 88 85 85 87 
58 59 64 62 63 64 64 70 70 70 67 69 77 77 69 57 57 62 63 66 73 77 73 69 70 70 68 74 76 82 85 87 87 90 94 89 86 85 80 78 75 84 90 83 81 77 72 72 81 86 86 87 93 87 76 80 82 80 80 78 81 84 83 84 
56 59 60 58 58 61 62 72 71 70 68 68 71 75 68 56 55 61 60 61 68 70 65 70 74 70 65 66 74 85 87 84 84 86 84 86 87 85 78 80 76 76 85 82 81 76 73 73 75 80 85 88 89 88 79 75 76 79 78 79 76 79 79 75 
54 55 57 55 55 57 62 66 64 63 64 65 62 67 68 57 52 61 62 62 62 66 68 76 73 66 59 65 71 76 78 80 82 84 84 84 86 85 80 77 74 68 81 77 80 76 72 70 69 79 85 86 89 84 82 77 77 80 77 74 77 76 75 71 
54 53 56 52 53 55 62 67 65 60 59 63 60 61 64 63 51 55 61 63 64 70 72 72 65 59 55 60 68 73 75 77 78 80 81 82 82 81 80 77 71 63 70 73 75 74 69 66 65 77 81 82 83 82 78 73 70 75 79 78 76 76 70 67 