


196 206 219 183 130 115 86 66 110 136 194 175 161 215 193 155 94 102 100 94 110 115 127 118 168 144 154 185 140 124 116 127 146 158 123 210 187 178 166 157 144 121 131 149 147 141 130 194 169 147 144 109 82 155 136 113 111 119 115 119 27 92 195 166 
179 187 201 180 157 148 131 65 101 146 124 154 142 151 174 146 79 109 98 96 120 161 168 162 150 102 144 159 130 134 145 195 138 122 132 134 104 143 144 163 160 122 119 150 174 185 153 160 146 159 152 100 64 113 114 117 131 129 158 126 25 111 184 163 
200 211 203 179 184 153 162 125 54 129 125 97 89 111 141 120 91 149 136 154 118 194 207 183 144 110 154 189 157 145 159 185 143 105 124 110 96 133 134 172 164 126 122 144 166 139 122 143 141 158 155 131 59 151 128 127 126 144 167 79 29 109 164 166 
217 203 200 192 150 138 143 160 78 100 128 117 129 160 173 112 192 206 183 189 127 104 162 174 141 147 139 185 175 165 169 162 169 115 129 136 123 152 141 188 186 119 123 145 156 133 130 157 132 121 149 158 73 121 128 138 136 184 176 58 38 110 140 142 
187 201 201 191 177 157 156 157 121 59 147 145 154 123 126 136 224 214 208 149 165 93 140 155 142 168 142 136 152 157 187 151 132 113 135 165 157 183 183 167 193 125 143 130 162 141 130 154 150 148 159 152 83 126 166 135 114 166 128 36 61 116 129 154 
125 116 124 156 158 158 163 151 140 72 103 160 132 144 75 128 168 178 190 178 140 127 99 146 179 173 160 139 152 151 160 173 136 125 137 162 171 194 203 178 162 105 138 115 165 114 135 167 164 161 163 159 94 110 161 115 136 149 74 31 83 131 133 137 
209 151 103 100 116 154 156 155 160 123 61 141 126 135 112 132 141 175 205 201 129 164 138 116 209 184 177 193 147 164 155 151 118 115 137 164 176 187 165 163 159 133 118 75 113 114 192 160 146 156 168 179 139 83 153 119 171 166 50 47 128 150 144 96 
218 188 177 180 124 98 133 159 160 186 90 101 145 99 152 163 140 173 189 193 176 128 201 131 138 217 226 220 200 138 163 126 125 163 169 162 171 167 159 165 177 133 122 75 105 137 170 147 170 187 182 177 135 71 122 135 161 112 29 80 144 137 101 116 
223 223 205 197 179 157 132 117 124 142 127 46 127 101 120 144 158 162 172 209 193 131 189 185 101 174 182 194 183 161 132 115 152 171 189 218 205 186 161 161 147 128 129 87 82 130 145 150 176 173 166 160 144 77 101 149 138 72 26 103 142 88 108 81 
234 234 227 218 218 190 170 182 156 127 109 39 60 156 176 137 157 207 152 183 179 159 142 173 113 101 140 150 159 182 133 137 170 155 156 202 202 176 175 158 145 136 119 84 75 150 154 166 190 181 164 179 184 100 95 152 140 53 33 110 99 108 99 137 
231 220 225 205 211 181 179 195 179 190 177 99 44 114 157 145 132 176 194 132 152 182 157 165 154 86 124 149 164 139 131 96 131 161 181 203 198 170 167 156 153 136 126 87 127 188 169 182 174 176 182 175 162 90 62 154 127 36 32 74 88 98 151 128 
228 199 185 176 166 195 189 185 179 165 168 168 107 55 122 162 148 149 135 162 139 155 154 124 178 120 140 169 160 99 145 112 117 174 183 206 192 156 151 145 141 135 113 85 118 161 177 170 168 187 189 173 120 119 57 131 100 23 33 74 101 130 118 102 
235 218 203 199 180 188 204 193 180 173 154 153 136 88 70 152 168 143 146 132 147 150 141 144 146 164 102 176 147 108 126 133 111 155 170 179 177 157 156 162 149 136 82 99 87 136 170 182 182 211 200 161 89 138 68 57 29 13 46 132 139 115 130 143 
191 202 228 225 231 213 185 176 170 163 176 170 158 116 80 77 166 162 134 120 145 183 125 137 125 140 82 170 119 152 191 176 123 155 175 158 162 157 179 170 180 162 95 134 67 131 176 185 181 191 181 118 110 127 114 35 13 30 118 93 125 166 188 170 
110 153 228 214 209 230 225 215 190 191 177 173 183 141 162 71 99 160 114 132 106 139 172 173 134 100 64 104 99 172 203 203 138 147 175 169 154 184 200 177 164 146 80 127 84 130 153 168 170 179 156 108 146 130 142 50 19 43 106 141 181 207 213 208 
165 138 150 192 223 228 227 209 205 197 180 171 167 142 150 134 52 126 156 145 146 115 167 214 188 136 70 48 114 149 172 189 165 142 166 171 179 210 183 194 169 131 98 139 99 152 149 166 180 189 144 148 155 110 92 39 25 89 166 156 158 174 191 218 
199 200 171 146 202 205 187 213 216 188 179 185 183 151 143 173 92 73 161 143 156 135 109 146 165 193 167 82 72 145 171 168 157 134 120 162 170 194 187 178 159 110 133 92 99 133 155 183 175 126 122 162 128 69 64 36 27 135 168 155 155 163 167 179 
193 218 237 187 147 193 179 209 222 218 204 212 205 191 157 189 151 60 120 158 141 164 127 101 163 179 156 138 52 111 175 169 165 133 117 122 137 156 167 161 141 129 167 101 152 127 151 158 139 78 125 118 91 93 127 34 36 154 163 152 138 157 168 175 
233 235 232 220 162 127 166 215 224 203 184 177 177 179 140 199 171 101 60 142 138 162 168 143 118 126 144 168 105 59 164 184 165 140 143 126 142 157 173 181 126 151 118 96 131 93 146 134 78 96 126 94 90 149 103 28 57 168 158 166 135 152 161 172 
239 214 191 181 185 163 136 174 186 205 183 203 206 168 135 194 191 178 85 87 124 147 157 148 99 93 156 173 150 73 101 179 152 145 121 129 105 126 174 188 105 122 154 145 105 81 134 90 64 113 77 94 171 164 76 24 68 157 152 135 149 160 164 148 
220 201 172 167 179 168 164 126 168 216 185 191 194 184 133 173 184 185 153 53 88 145 160 143 126 102 112 158 180 117 56 146 173 169 134 139 97 122 197 147 100 129 180 146 102 94 129 62 81 82 113 152 176 165 56 21 89 160 148 126 136 152 173 110 
172 183 184 186 169 155 173 182 127 144 170 170 166 192 147 165 199 176 162 107 50 113 145 144 160 130 85 99 160 130 62 91 178 170 160 136 125 123 155 89 87 137 140 133 97 85 77 48 91 165 175 171 154 139 38 21 102 167 161 156 165 141 89 39 
147 136 134 134 140 135 143 168 180 111 137 184 200 199 158 167 204 186 176 161 85 52 137 156 170 181 145 100 103 122 84 53 138 169 169 138 151 115 127 66 108 142 147 144 125 42 36 123 194 197 175 154 149 122 32 22 121 161 139 130 104 51 36 59 
142 164 173 150 154 155 135 156 169 143 103 131 183 187 181 117 188 198 196 169 140 51 122 178 172 165 175 159 105 82 93 42 106 159 164 151 147 131 85 90 140 173 165 157 86 31 59 150 160 169 150 138 170 116 21 23 123 146 101 65 36 45 71 105 
184 202 187 193 207 203 187 160 150 143 133 100 103 152 164 118 159 187 176 150 175 125 66 166 188 183 173 163 131 109 68 44 76 135 164 148 129 125 59 129 167 171 171 130 34 50 73 147 180 187 158 161 149 64 14 23 104 88 41 36 68 106 133 135 
220 200 214 213 218 219 203 181 165 152 148 157 147 94 104 112 111 151 129 148 172 166 69 107 182 170 158 153 152 149 131 66 52 137 174 140 154 80 61 114 136 112 108 38 47 131 89 115 148 146 123 147 95 31 14 16 40 40 52 85 110 130 154 157 
175 179 199 206 224 194 172 173 149 152 150 143 168 161 112 111 94 124 108 106 120 129 86 42 113 151 177 172 176 192 168 86 32 78 137 109 107 76 51 46 36 22 26 23 37 67 43 36 64 101 50 58 35 17 16 14 22 38 38 88 135 146 126 97 
178 151 178 187 170 179 168 185 162 159 162 149 173 196 181 150 89 81 160 168 152 135 138 65 77 156 158 151 155 173 207 157 41 113 88 55 81 92 50 29 27 30 40 26 21 19 19 23 21 17 16 14 16 18 20 20 22 20 23 76 113 107 63 32 
175 165 145 160 137 141 176 185 182 186 190 142 185 228 232 212 176 98 135 182 191 178 160 113 41 96 142 143 148 153 143 131 36 69 82 67 55 53 60 41 30 26 22 22 23 25 25 29 22 19 19 16 17 18 20 24 55 58 46 55 94 44 21 22 
132 129 121 159 162 180 156 145 180 144 141 151 184 194 195 177 177 175 94 134 171 189 192 164 76 57 132 130 126 121 96 86 40 38 56 66 76 80 96 105 101 62 28 20 24 31 35 33 25 32 29 19 19 18 21 28 90 114 74 73 82 27 22 44 
122 122 139 132 130 165 159 185 177 155 154 160 176 169 175 181 181 187 174 91 174 208 218 187 133 45 92 129 151 145 119 94 45 39 105 122 159 162 145 158 178 165 133 53 26 31 41 35 30 31 29 31 42 38 35 40 100 118 110 88 77 29 21 27 
129 168 182 147 140 112 122 159 178 172 125 140 153 169 172 181 184 193 195 130 102 179 195 174 162 81 48 115 144 146 158 145 75 44 143 162 157 158 157 180 178 147 160 162 137 80 47 33 29 30 33 39 51 49 37 45 103 120 120 92 80 30 24 26 
131 178 194 167 130 122 145 127 102 118 106 136 169 167 168 185 184 170 168 154 86 121 159 164 171 143 51 106 151 187 192 180 106 40 142 176 183 164 172 179 167 164 190 193 217 210 161 86 35 27 29 27 37 36 37 61 117 131 128 107 86 37 42 48 
222 142 148 158 124 130 145 149 123 115 119 91 121 156 168 156 169 173 181 186 159 79 141 167 185 191 108 48 138 174 197 200 138 37 137 185 205 182 173 167 169 180 208 207 214 213 178 195 132 50 35 33 35 42 26 40 89 104 112 89 83 35 46 54 
201 159 112 160 169 163 138 178 179 142 154 168 159 117 107 139 150 150 153 171 171 127 102 159 183 206 150 53 96 172 221 221 159 40 154 176 190 149 146 167 173 188 198 193 184 169 177 189 178 123 39 29 33 43 29 30 91 99 76 81 85 39 35 38 
141 155 159 117 141 200 188 158 191 198 186 186 200 201 151 96 89 138 139 143 165 169 97 113 184 193 211 157 52 157 198 210 162 40 121 168 130 113 152 172 185 190 190 187 180 149 170 182 151 86 111 37 23 36 41 36 63 67 55 62 68 44 42 32 
174 146 153 110 141 163 198 176 160 202 213 180 176 174 174 170 148 158 117 145 155 150 139 74 134 186 219 217 89 84 168 206 176 45 88 153 128 145 203 196 188 186 194 187 175 140 171 162 108 170 178 77 25 32 47 41 39 39 39 42 51 46 49 48 
152 158 142 129 151 95 124 140 168 149 202 195 164 167 172 182 179 167 156 157 136 129 121 79 41 139 205 219 184 49 82 176 148 47 75 165 130 179 207 209 181 174 186 210 187 164 162 111 144 161 152 98 29 35 48 48 42 49 58 62 60 46 54 60 
157 146 133 148 175 142 156 153 155 113 100 158 184 212 222 224 214 207 171 174 162 163 135 115 70 52 146 210 223 120 37 96 173 71 58 146 119 184 175 185 183 189 193 198 172 168 102 162 177 166 152 125 36 38 46 41 41 49 38 44 45 49 53 55 
161 148 127 151 172 148 135 156 182 167 148 127 115 176 213 218 187 164 155 168 176 164 141 159 160 76 54 124 161 177 82 65 193 81 34 111 140 182 186 191 207 219 222 219 154 114 142 182 172 166 168 161 49 44 42 32 32 31 41 40 45 50 53 48 
150 145 128 140 152 161 151 98 154 154 152 168 147 111 111 153 158 135 132 163 168 163 150 158 167 150 76 64 158 160 114 38 83 82 28 66 133 206 218 205 202 224 218 173 67 129 143 113 107 95 86 93 39 25 25 31 36 28 38 46 42 48 60 51 
117 74 73 72 75 109 110 65 103 135 155 144 139 138 135 130 125 131 131 141 134 133 120 126 132 134 94 45 71 136 108 48 25 47 26 23 35 115 159 178 188 169 180 109 34 45 61 88 102 106 123 144 66 22 17 26 31 38 37 42 31 29 32 33 
113 64 37 29 29 30 29 27 34 47 79 107 162 156 154 138 132 126 147 167 178 168 168 179 173 174 177 131 43 47 53 35 29 18 21 20 23 24 41 57 80 94 79 36 39 92 124 148 133 140 159 122 61 17 13 27 33 28 28 24 18 20 25 29 
171 172 129 104 94 67 39 30 29 31 31 33 52 68 112 137 145 145 165 113 123 178 203 217 209 216 217 197 127 41 40 98 113 21 13 15 18 18 21 29 50 39 60 88 68 63 70 83 66 54 66 49 20 17 16 22 33 22 21 19 14 17 19 22 
194 198 172 159 150 143 132 71 48 41 30 28 30 29 33 46 89 118 121 159 104 85 154 211 224 205 176 160 173 113 31 50 72 23 12 14 15 15 17 22 36 28 52 58 69 95 112 153 162 132 58 27 20 17 16 23 25 19 17 16 14 15 18 16 
147 193 189 160 166 121 105 116 116 130 117 96 72 39 33 33 35 39 34 46 50 42 55 127 140 142 161 178 180 115 33 17 16 18 20 17 16 14 13 16 17 36 116 160 169 186 196 173 194 184 58 19 18 19 28 24 19 18 15 17 15 11 14 15 
112 143 167 146 135 146 149 117 107 95 116 130 169 127 70 75 69 42 28 26 28 31 29 30 36 34 38 60 68 45 28 40 32 21 22 21 18 16 15 14 14 60 170 189 186 176 213 192 193 137 36 18 16 24 28 20 19 18 15 15 15 16 16 17 
182 180 102 90 138 153 183 185 137 84 70 122 163 166 110 136 130 70 50 43 40 34 28 25 27 34 71 95 35 39 53 33 26 15 17 23 21 22 18 16 15 20 58 107 156 136 165 171 127 50 16 15 18 25 23 17 13 16 17 12 13 13 12 15 
178 179 150 99 80 122 165 199 198 119 101 109 102 137 70 50 41 53 59 74 95 101 106 91 60 31 47 57 23 19 30 20 15 16 16 21 32 31 23 20 18 17 16 16 27 43 43 31 18 13 14 15 17 23 23 18 14 15 19 17 13 13 12 15 
127 119 151 149 128 91 95 154 178 115 49 53 94 119 142 160 144 150 148 160 141 141 139 139 135 104 81 56 41 17 11 11 13 14 13 30 36 27 23 19 20 14 13 13 16 16 16 13 12 13 16 15 16 25 24 16 14 13 16 16 17 19 15 15 
143 155 156 130 154 144 111 88 95 62 61 108 140 170 177 198 165 155 127 136 136 151 153 170 161 183 174 148 135 120 47 11 17 21 18 21 22 23 27 26 30 19 21 22 16 14 15 13 13 16 17 15 25 28 20 16 17 15 20 17 17 18 12 19 
163 171 148 122 138 126 133 144 106 56 97 172 152 131 156 182 170 162 137 142 156 146 174 180 160 191 188 170 177 171 112 30 20 24 23 24 20 23 36 34 26 22 20 20 20 18 17 14 14 12 17 17 14 14 14 15 13 13 18 18 20 17 23 23 
150 120 113 121 159 146 164 166 163 144 75 159 161 166 127 150 164 158 158 175 179 169 203 185 182 177 193 178 148 157 141 49 19 18 19 26 22 27 33 32 25 24 25 25 24 27 30 19 15 13 14 16 13 13 13 13 13 12 15 15 13 19 27 26 
156 154 156 150 139 145 148 149 174 171 83 86 177 191 175 129 146 178 167 175 214 206 222 222 201 175 188 178 158 175 151 80 44 21 18 25 24 26 25 25 16 26 29 21 26 29 32 26 22 18 18 18 13 14 15 12 12 14 18 18 12 11 17 20 
175 180 142 128 114 106 149 153 153 174 149 75 201 216 196 185 154 161 154 187 210 224 223 195 185 185 166 176 161 189 173 105 142 87 28 19 19 28 23 22 16 23 24 23 25 23 25 31 33 19 24 23 19 18 19 15 10 16 19 19 12 12 23 19 
122 139 101 108 151 147 174 131 143 152 139 56 137 210 173 170 163 152 139 164 183 193 226 191 208 210 204 196 183 187 186 117 153 160 108 48 22 19 20 28 18 14 22 40 28 20 24 24 25 32 35 25 22 22 19 15 13 16 17 18 11 10 17 22 
142 139 120 151 155 153 190 179 181 176 179 90 85 191 163 183 184 152 179 165 181 172 188 186 207 204 198 190 216 221 202 128 180 188 158 160 81 22 18 25 21 13 15 29 17 17 18 20 21 26 29 27 29 28 18 14 16 18 16 16 15 12 16 17 
171 168 160 165 127 162 188 175 166 193 182 156 74 200 217 213 202 148 204 214 196 186 196 200 192 211 207 206 210 197 187 153 179 192 176 180 139 78 36 21 18 16 15 17 20 17 16 17 15 18 22 21 29 27 20 9 11 13 15 17 18 14 16 17 
208 196 142 172 147 153 159 159 170 188 209 203 81 138 211 195 193 173 182 204 187 193 198 220 193 225 196 182 201 212 187 151 154 160 153 172 174 175 126 16 19 15 16 16 26 28 20 18 14 17 24 27 32 31 18 10 10 10 12 17 17 14 17 16 
149 133 112 145 143 141 126 135 163 167 184 191 105 74 175 166 172 180 154 174 166 173 152 161 165 183 196 184 210 192 180 153 142 142 165 186 196 170 119 27 15 16 15 18 23 26 26 24 15 19 24 25 29 28 22 14 12 10 12 13 16 17 19 20 
194 180 139 138 137 130 140 163 182 149 144 136 113 34 122 154 188 211 186 190 153 131 157 177 155 166 177 159 170 197 181 142 132 157 155 180 152 84 68 41 15 17 19 19 18 21 30 31 21 20 15 19 19 17 20 23 18 11 14 14 12 15 19 20 
222 206 167 136 129 143 178 211 178 142 162 163 120 43 102 158 172 174 151 186 173 175 168 213 166 167 175 191 138 149 151 137 140 134 92 75 69 80 45 27 17 18 23 20 19 18 19 23 24 25 18 19 20 14 16 25 26 14 11 12 14 13 15 19 
193 216 175 178 186 138 157 177 184 177 152 157 176 99 80 217 211 161 137 146 140 178 202 220 182 180 169 199 191 213 209 154 113 50 37 50 45 38 26 20 17 19 26 22 17 16 16 23 22 19 19 18 17 12 17 14 21 24 17 15 17 14 16 18 
167 181 185 190 157 155 175 163 205 216 182 199 234 176 52 174 216 180 186 204 206 203 179 148 145 153 153 198 222 196 161 114 52 39 34 30 29 35 42 73 64 73 62 93 31 16 17 24 24 18 21 19 18 12 14 12 15 18 21 21 17 13 17 19 


200 211 223 181 119 104 77 65 109 132 193 170 154 218 186 143 77 84 69 64 85 97 122 103 158 130 137 182 128 109 102 107 132 150 120 213 189 179 157 147 137 116 128 146 147 138 123 194 162 142 140 102 70 144 119 92 84 85 104 113 22 83 191 147 
176 186 202 180 155 148 132 65 96 144 119 145 131 148 173 134 57 75 52 58 95 147 161 154 140 83 124 145 118 120 133 190 121 113 129 124 90 134 128 157 158 110 111 146 173 186 149 158 137 154 141 88 56 95 82 84 105 102 154 125 19 102 178 149 
197 210 204 179 184 153 164 126 49 126 124 97 80 104 139 110 69 135 113 140 110 193 204 172 133 98 140 185 150 128 147 184 127 94 110 91 85 121 119 166 156 110 109 142 166 136 110 132 125 149 151 128 52 142 103 112 111 129 160 72 21 88 156 157 
216 202 199 190 139 124 138 154 74 92 122 112 126 157 172 108 190 205 180 189 125 95 152 162 119 130 128 183 168 155 160 150 159 108 120 119 111 145 128 179 180 104 110 143 155 125 122 141 117 109 143 151 64 103 106 131 131 181 176 55 30 90 130 132 
189 204 203 191 171 144 148 153 115 55 144 142 148 117 121 128 227 214 208 147 164 88 131 145 117 147 127 126 138 149 181 134 118 98 121 155 139 174 176 163 195 119 135 127 158 136 122 143 143 128 140 135 74 109 158 131 107 165 126 30 56 101 115 138 
124 116 116 147 157 154 154 142 134 69 100 154 121 139 72 120 161 174 189 178 137 123 94 140 173 162 147 129 138 133 157 166 116 105 116 149 160 185 203 176 161 101 130 111 164 108 128 155 157 148 142 146 89 101 158 111 121 134 66 24 75 108 106 114 
211 145 95 92 111 140 141 146 153 117 55 129 111 123 107 125 131 174 208 203 124 162 130 105 210 180 169 191 139 150 149 136 98 100 127 159 175 182 154 156 150 124 107 70 110 111 188 146 126 134 159 174 129 75 152 117 163 163 44 41 111 126 114 86 
221 183 172 179 117 91 126 154 151 180 84 98 129 89 149 161 133 170 188 190 172 127 202 129 132 216 225 220 200 134 161 119 113 155 164 147 167 163 151 155 165 124 115 68 98 128 164 129 157 184 177 167 121 64 112 137 160 108 23 67 115 112 83 94 
225 225 202 192 177 150 121 112 121 137 118 44 121 92 114 139 148 154 165 209 195 131 190 182 96 174 172 188 178 155 129 108 148 165 186 219 206 185 154 153 133 116 120 81 70 113 135 139 169 169 161 145 125 66 82 139 130 65 20 89 129 83 104 72 
236 236 229 219 221 188 155 167 153 124 102 37 58 153 178 136 156 209 150 183 179 155 139 167 103 90 118 128 141 172 117 130 170 145 142 201 199 168 167 156 138 127 108 78 66 134 140 164 189 179 159 171 171 87 78 135 125 47 26 88 88 105 94 124 
233 219 227 204 212 168 166 189 168 181 172 90 41 111 159 149 130 174 195 126 144 179 155 162 144 75 108 136 156 134 120 91 126 146 175 201 197 168 162 152 145 127 112 81 117 185 169 179 169 176 175 156 136 75 57 144 111 30 25 67 82 88 141 118 
230 191 174 166 150 186 177 172 170 146 152 153 101 52 113 148 134 136 124 147 125 138 138 116 169 117 133 166 152 88 130 98 115 165 183 208 193 153 147 142 130 122 107 79 116 155 176 169 165 182 182 153 104 108 48 124 95 18 29 69 82 102 102 88 
237 220 200 193 165 178 199 186 169 161 138 143 130 83 65 134 155 136 132 113 133 134 127 136 136 163 97 170 146 97 101 119 110 150 168 172 172 153 153 159 144 132 81 94 84 134 168 181 179 212 199 157 81 125 57 51 24 10 43 131 129 106 120 127 
191 203 229 224 232 212 172 162 159 151 164 153 146 109 77 70 162 160 131 114 144 180 117 132 122 136 77 166 113 148 187 167 120 154 169 147 163 159 181 172 182 160 94 135 67 129 174 188 182 192 172 108 101 116 98 30 11 28 118 91 108 152 178 158 
101 151 230 215 205 230 223 212 178 182 167 163 180 134 156 68 87 147 110 121 95 134 165 166 128 92 59 91 90 165 201 200 134 143 172 167 151 186 205 178 160 137 77 123 80 116 133 155 161 173 147 96 132 119 134 48 14 41 105 132 173 204 212 207 
153 132 146 184 221 230 228 205 201 196 173 159 162 137 140 123 47 116 142 129 126 99 158 213 188 130 64 43 109 139 165 187 159 137 165 171 180 214 184 190 158 121 94 134 92 140 132 152 178 184 126 130 139 97 88 37 19 86 157 124 128 144 177 217 
190 193 170 142 196 201 182 213 216 177 163 177 172 140 135 165 84 67 146 131 142 119 99 143 161 189 161 78 69 131 159 158 143 125 116 159 169 194 187 167 142 103 130 88 94 127 148 173 169 120 110 143 111 63 61 32 22 123 142 130 124 136 147 164 
177 214 239 187 145 188 171 210 224 216 197 208 201 188 151 185 135 51 116 153 131 156 117 91 152 176 153 134 50 104 168 154 151 120 100 115 133 151 160 153 135 125 169 99 149 122 141 154 136 74 111 101 76 87 122 30 31 150 145 124 104 122 148 153 
233 235 235 219 154 123 163 215 222 201 174 168 166 173 138 201 157 86 55 130 126 149 154 134 110 119 144 166 99 55 156 171 147 124 123 119 137 153 167 174 124 153 118 93 126 86 135 131 76 86 117 88 86 140 99 22 52 158 129 145 106 135 141 149 
241 212 186 173 176 150 120 160 165 198 168 197 202 159 131 192 187 167 83 73 109 132 143 138 94 86 151 166 140 70 99 171 135 125 105 120 100 120 167 186 98 117 151 142 94 72 119 85 63 106 70 89 165 155 70 19 61 137 126 96 121 141 156 141 
221 201 158 143 171 149 151 117 156 215 174 176 187 178 128 160 176 174 141 49 82 137 149 138 120 96 107 155 174 113 53 141 169 164 125 135 91 118 196 146 89 127 183 143 96 90 126 60 72 78 113 141 165 158 50 16 81 144 129 103 107 134 171 106 
164 170 173 175 153 131 161 174 121 133 158 148 146 185 142 151 194 158 140 97 46 105 137 143 158 126 83 97 157 125 60 87 177 162 156 135 119 113 146 87 82 134 136 129 94 84 78 47 89 167 176 163 145 136 32 16 100 167 145 147 158 123 79 32 
135 122 122 121 123 107 113 147 164 102 128 170 191 197 157 163 196 176 162 147 80 48 130 147 156 174 144 97 99 119 83 52 135 164 167 139 147 110 125 62 102 135 135 132 115 40 35 124 193 199 168 135 127 117 27 17 117 150 116 107 86 44 31 52 
124 151 158 132 139 146 124 147 154 128 93 119 169 181 173 103 180 191 192 161 135 49 111 165 159 156 171 155 99 78 90 42 105 157 163 148 141 126 84 80 123 164 157 150 77 29 56 142 153 151 128 125 165 109 16 18 116 135 93 57 29 39 62 88 
170 194 176 183 208 202 186 153 143 128 119 90 89 144 160 109 147 171 161 142 172 125 63 158 184 174 162 157 127 109 71 46 75 134 164 143 122 120 58 123 156 163 169 129 33 47 66 130 174 184 149 153 132 55 10 19 95 81 35 31 62 97 123 120 
220 198 211 212 218 218 200 178 160 137 128 140 135 90 97 100 100 141 126 142 171 164 68 105 179 164 148 145 148 147 132 67 51 134 171 139 153 80 61 104 121 108 105 37 46 124 81 102 136 135 102 122 76 27 10 13 35 36 49 76 97 112 146 143 
173 172 195 201 223 187 160 170 139 132 128 125 158 156 106 104 87 109 106 105 119 128 86 41 106 145 171 169 170 190 167 86 32 78 138 107 112 85 55 45 34 22 27 24 37 64 39 31 58 89 40 54 32 16 12 11 20 33 30 76 116 131 113 83 
175 138 166 176 162 168 157 174 146 134 146 131 161 196 172 138 83 76 152 158 150 133 137 65 74 147 147 147 143 165 206 158 41 114 89 59 93 106 57 31 28 32 44 27 23 20 19 21 20 17 16 15 17 18 18 17 18 14 16 67 93 91 50 26 
163 159 130 146 127 133 167 172 176 179 182 129 181 230 234 209 170 95 130 172 185 171 153 108 40 92 136 134 142 147 140 131 36 71 83 73 62 60 69 45 33 28 23 23 25 27 26 29 23 19 20 17 16 18 19 22 53 56 45 54 86 39 18 20 
110 112 105 144 144 170 147 126 170 137 130 135 181 193 194 167 167 174 93 128 153 178 184 148 73 56 126 122 123 115 99 90 43 41 61 73 78 80 96 99 94 60 29 22 26 34 37 34 25 34 29 17 18 17 19 27 89 113 73 72 80 25 20 43 
99 98 118 114 121 158 154 176 162 142 136 148 166 154 167 172 172 178 173 85 164 203 216 179 127 44 90 126 148 137 115 96 47 40 105 122 155 157 135 144 159 157 134 53 26 35 46 38 33 32 28 30 42 37 34 37 97 114 107 87 74 25 19 25 
115 156 178 129 126 106 118 154 166 161 119 138 144 158 154 161 162 182 190 125 92 170 186 171 158 82 48 113 136 140 153 141 77 43 138 157 143 145 146 168 167 136 152 159 133 74 47 38 31 31 33 39 52 49 36 43 100 117 117 91 79 26 19 20 
127 176 193 154 115 105 128 118 94 109 105 135 163 159 146 171 164 146 149 133 76 103 139 154 163 138 51 105 144 184 188 173 107 42 138 169 178 159 163 175 162 150 179 184 213 209 160 87 36 27 30 28 38 36 37 62 114 127 125 105 84 32 32 35 
223 141 133 139 111 115 127 133 113 109 115 88 110 146 158 130 145 160 169 167 134 68 123 153 179 191 108 47 133 169 196 200 140 38 133 184 208 181 166 162 167 176 209 209 219 216 178 197 130 50 40 35 37 43 25 39 88 102 108 86 80 30 34 39 
200 150 101 154 166 158 131 169 170 132 144 158 149 115 98 119 137 132 139 145 150 116 96 154 180 208 150 54 92 168 224 224 158 39 154 176 189 148 143 165 173 188 200 193 188 171 176 187 177 122 42 31 34 44 29 28 88 96 70 75 79 28 28 30 
137 142 143 107 128 195 185 154 190 199 181 175 194 198 140 85 79 120 126 129 147 151 92 102 173 194 212 159 51 156 199 209 159 41 120 170 130 115 150 169 181 191 192 188 181 145 157 177 146 84 111 36 22 38 44 35 61 63 51 56 58 30 29 24 
165 132 132 94 120 146 191 173 159 203 212 169 161 159 155 148 127 142 106 133 141 136 135 71 128 184 217 218 89 83 167 204 176 48 88 155 128 145 204 195 183 184 195 189 174 133 159 151 104 170 177 74 24 33 51 42 39 37 34 33 38 32 35 33 
131 136 129 120 145 90 118 136 168 147 202 195 145 150 157 170 168 154 141 142 124 117 114 76 40 135 200 218 187 48 80 177 147 49 77 164 132 179 208 211 180 169 182 209 185 160 158 110 142 154 147 95 28 37 52 52 42 47 54 58 53 36 43 48 
139 128 126 143 167 134 147 145 153 112 97 158 180 210 222 224 214 203 163 156 145 149 123 100 67 51 145 211 224 121 37 96 174 73 58 145 119 185 176 187 177 185 192 198 169 163 99 164 175 159 143 116 34 40 50 43 39 46 36 40 38 39 42 43 
151 140 115 144 159 127 118 148 177 161 137 119 108 173 212 217 181 155 143 154 165 149 121 147 152 76 54 124 162 179 81 62 195 82 33 112 139 182 188 191 205 221 224 220 152 109 132 178 169 161 164 156 47 44 47 33 31 28 39 36 38 43 43 35 
133 131 110 133 142 149 146 91 140 139 126 145 133 102 102 146 148 120 112 153 158 142 128 141 152 141 76 64 158 161 116 37 81 84 29 67 132 207 221 201 200 226 219 173 65 128 139 108 103 92 82 86 33 26 25 32 37 27 38 43 40 46 56 46 
102 63 61 63 73 105 105 60 92 122 135 124 127 125 114 111 104 110 106 127 123 118 112 120 128 135 98 47 70 140 112 52 24 50 27 23 34 114 160 176 184 165 181 110 35 46 61 88 101 104 119 135 60 21 15 26 33 40 37 42 28 27 30 30 
97 63 38 28 30 33 31 27 32 44 73 98 159 154 139 123 110 103 124 156 174 168 173 183 174 175 182 135 46 51 58 39 30 17 21 20 24 25 44 59 81 95 81 37 42 92 123 147 134 141 150 104 51 16 12 24 30 28 27 23 15 17 22 27 
154 168 130 94 88 68 41 30 31 32 32 33 52 67 106 125 124 124 150 106 117 172 204 221 211 217 220 200 129 45 42 101 115 20 12 15 19 19 22 27 43 39 64 88 69 64 68 81 62 50 52 31 15 16 16 18 27 19 19 15 11 14 16 19 
186 199 176 157 144 140 135 74 49 41 30 30 32 30 33 43 79 106 116 157 102 80 152 210 225 202 172 159 172 116 33 49 69 22 11 13 15 16 19 21 26 24 50 54 67 95 114 158 163 129 47 23 19 16 15 19 22 15 12 12 11 12 14 15 
134 190 193 160 157 110 102 117 115 128 120 96 73 41 34 35 36 38 33 45 47 42 55 124 134 135 156 176 181 112 35 18 17 18 21 18 17 15 14 17 18 36 115 156 169 189 200 176 197 185 58 19 17 19 28 23 16 14 10 13 10 8 10 13 
108 138 165 139 123 137 150 116 107 99 121 131 169 130 72 80 71 44 28 27 28 32 30 29 35 31 36 57 66 40 27 41 34 23 25 23 20 17 16 15 14 58 164 187 187 178 217 191 194 136 33 17 15 24 28 19 15 14 10 10 11 15 13 16 
174 176 99 82 121 140 175 183 137 86 74 124 161 165 110 138 133 78 58 51 46 36 27 24 27 34 73 93 33 33 49 31 26 15 19 23 20 21 19 17 16 19 56 107 157 135 166 169 122 47 14 15 16 25 24 15 9 12 13 8 10 11 9 12 
160 168 145 96 72 108 154 195 198 118 100 108 103 142 75 57 47 61 65 83 107 106 100 87 57 29 44 51 22 17 28 19 14 17 17 20 30 29 23 20 19 17 15 14 25 40 39 26 17 12 13 14 15 23 23 15 11 12 15 13 10 10 9 13 
115 108 142 134 105 77 84 144 169 113 50 59 105 128 147 163 148 152 150 157 138 133 122 128 128 104 79 51 40 16 10 10 12 13 14 29 36 26 22 19 20 13 12 13 16 15 15 11 11 12 17 15 14 23 24 14 11 10 13 12 14 17 11 10 
129 140 145 109 114 113 96 80 88 62 62 110 142 161 167 198 164 149 121 130 126 142 149 170 156 179 170 137 126 115 47 10 14 20 19 21 22 23 27 24 28 17 20 21 15 14 14 12 12 16 18 15 20 24 18 14 15 12 17 16 16 18 9 16 
146 159 145 114 116 107 117 116 93 55 92 171 151 129 157 184 167 159 134 137 148 138 172 180 156 189 187 165 170 166 108 30 19 25 23 24 20 23 37 34 24 21 18 19 19 17 16 13 13 12 17 16 11 12 13 14 11 9 15 18 19 14 19 21 
132 109 106 115 149 126 134 121 139 139 72 158 161 169 125 147 148 145 156 172 175 166 205 181 179 176 195 177 140 156 140 49 21 20 19 25 20 25 34 32 24 22 23 23 23 27 32 18 15 13 13 16 11 12 11 10 10 9 13 13 10 13 18 21 
152 150 140 125 127 126 122 132 165 165 81 76 166 195 174 125 143 178 162 169 215 206 227 224 196 164 178 171 151 177 150 79 46 23 18 25 23 27 25 24 15 26 28 21 26 29 34 27 23 17 18 19 12 13 14 10 8 10 16 18 10 6 9 13 
168 177 126 106 102 95 136 143 140 164 147 71 196 220 196 182 151 160 152 185 212 228 228 186 174 182 158 174 155 194 170 100 139 89 30 20 19 28 23 23 16 21 23 23 25 23 24 34 38 18 24 24 20 18 20 15 8 13 18 20 11 7 14 14 
114 126 84 92 148 151 175 126 136 148 135 54 134 208 155 147 157 145 129 154 173 189 226 180 204 214 204 193 179 187 188 113 148 157 99 45 22 20 19 29 18 12 20 41 28 19 24 25 26 34 41 26 23 22 20 16 12 14 16 20 9 5 10 15 
129 120 99 138 148 146 190 175 172 169 173 89 80 185 145 172 182 139 174 161 168 165 184 180 207 202 191 182 218 221 200 124 180 183 144 151 78 24 19 26 21 13 15 29 16 16 18 21 19 26 33 28 32 31 18 13 15 17 16 15 9 6 10 10 
163 159 149 156 114 152 185 163 150 191 176 152 74 202 219 214 203 132 200 217 195 180 193 202 191 211 208 207 211 196 181 148 175 188 172 174 133 76 37 20 17 16 14 16 19 15 12 16 13 17 22 20 30 29 20 7 8 10 15 14 12 8 10 11 
208 190 127 162 128 134 136 127 152 183 208 204 83 140 213 186 183 167 171 201 185 190 192 219 193 226 193 175 197 214 185 144 149 160 145 167 171 169 126 13 17 14 14 14 28 30 20 18 12 15 25 29 35 35 17 7 7 7 9 17 16 12 14 12 
140 116 97 136 128 125 98 104 146 157 181 192 109 74 172 150 151 171 135 160 153 164 127 140 159 179 192 178 209 191 182 153 139 134 159 182 195 169 118 24 14 16 15 19 25 28 29 27 16 19 25 27 32 31 22 13 9 7 9 12 15 17 19 20 
192 178 130 122 117 110 114 152 179 138 138 134 111 35 120 147 188 212 184 182 130 102 134 166 136 150 173 155 169 199 180 137 120 146 143 177 149 90 81 47 18 19 21 21 20 22 34 35 22 19 14 17 18 16 20 25 19 8 10 10 9 13 19 20 
224 209 161 123 115 122 159 212 162 124 148 152 110 45 106 159 170 172 145 182 160 160 149 211 148 147 164 192 136 142 141 124 127 122 89 84 77 86 45 28 18 21 28 21 20 19 18 24 26 26 19 20 20 12 14 27 30 13 9 9 11 10 13 17 
178 215 165 172 183 120 145 164 176 169 136 146 172 102 85 220 212 155 129 140 135 176 202 222 176 170 155 199 191 212 208 146 104 53 42 55 49 38 27 19 16 19 30 23 18 18 18 25 23 19 20 20 18 9 13 11 20 25 17 13 15 12 14 17 
150 169 178 181 133 141 174 158 205 217 179 199 237 182 55 178 218 176 185 204 209 206 178 146 138 139 137 198 221 190 150 108 56 47 41 33 31 38 41 70 60 67 60 94 32 18 20 27 26 18 22 21 18 10 10 9 12 16 19 21 17 13 16 20 


202 213 224 163 96 92 62 64 108 129 189 142 127 217 157 98 52 57 23 19 37 60 99 68 145 94 81 161 91 63 65 60 101 133 116 211 185 170 131 117 125 107 126 136 143 122 100 191 146 124 125 77 47 117 97 63 55 41 66 99 14 75 187 128 
156 181 203 169 143 148 130 61 89 142 110 117 98 125 154 110 41 40 19 22 45 119 132 125 118 46 74 110 81 76 91 175 84 96 121 99 61 114 97 141 153 76 86 127 167 181 128 144 122 135 111 62 35 58 45 46 72 66 142 122 11 89 169 131 
187 207 203 174 180 150 162 121 37 115 104 44 48 69 115 92 61 111 74 119 94 186 188 141 110 70 103 171 114 59 98 169 87 69 74 50 60 96 82 151 141 68 75 131 161 115 63 92 89 114 139 121 37 127 80 96 92 109 150 59 11 59 143 148 
214 191 191 178 100 86 125 134 61 65 92 84 119 147 159 105 189 197 170 186 119 66 102 132 63 58 88 176 148 120 122 108 116 82 93 83 75 123 104 165 166 69 71 139 146 104 100 100 89 84 127 132 50 79 73 116 117 177 173 48 18 61 112 124 
190 204 199 184 148 99 113 134 90 40 128 133 129 105 103 110 225 207 203 140 154 70 83 109 62 66 65 105 113 131 151 80 79 55 81 120 94 149 161 154 189 106 117 120 146 123 94 113 126 84 101 96 55 83 141 121 92 159 122 20 47 82 91 119 
123 114 95 115 145 140 130 121 120 60 94 135 89 121 63 102 140 150 176 174 129 109 78 117 157 112 105 102 102 89 142 141 64 41 57 107 122 160 194 154 147 88 107 104 156 92 109 121 130 116 108 123 79 81 146 106 91 102 50 14 65 78 68 89 
207 124 79 72 101 105 113 125 126 94 41 98 70 81 94 106 82 145 202 197 109 146 111 82 206 158 129 177 118 117 137 99 51 53 93 139 158 163 117 125 123 100 82 57 99 102 171 108 73 84 136 159 103 55 141 111 142 149 34 30 88 93 72 75 
218 162 160 169 87 72 110 134 123 162 70 87 79 62 141 152 92 134 164 165 153 122 199 120 121 212 214 208 194 124 151 76 78 132 144 105 147 148 116 115 136 98 93 50 79 102 136 86 124 166 161 141 83 49 88 129 144 91 13 45 67 81 59 68 
226 225 189 170 158 121 87 95 111 121 93 34 104 69 99 123 118 101 124 196 192 127 187 162 77 150 137 161 142 129 116 76 132 149 172 213 198 173 127 124 96 86 94 64 47 78 99 106 148 145 136 116 91 45 49 109 109 46 9 61 105 77 100 64 
236 236 227 215 220 174 109 121 137 111 82 25 51 141 174 125 150 207 142 175 168 137 133 134 67 53 76 60 65 127 67 99 166 117 109 190 182 138 136 136 116 100 75 61 45 94 96 149 176 164 138 150 140 64 46 94 93 32 11 44 71 101 88 107 
231 208 223 197 204 128 133 170 131 146 153 63 29 95 150 142 119 166 190 104 106 162 148 147 104 55 74 89 120 109 83 70 107 102 153 188 182 146 136 132 119 94 74 63 89 168 161 165 149 164 155 115 80 46 48 119 84 17 13 53 77 77 125 106 
227 159 138 135 92 158 137 127 130 96 103 91 65 37 80 97 85 89 81 87 77 69 76 90 139 92 100 143 115 63 100 67 99 127 168 195 180 127 128 124 105 88 82 60 99 136 168 158 152 158 159 117 75 86 38 107 83 9 23 64 60 72 83 73 
236 217 189 168 113 142 172 150 115 117 83 104 93 51 45 77 114 104 87 65 91 76 77 105 113 147 78 144 124 85 80 98 99 128 152 145 151 135 134 142 121 111 74 70 66 120 156 170 162 204 186 146 64 97 38 37 16 5 39 128 115 97 109 115 
187 202 228 215 226 191 116 115 110 113 117 85 101 83 58 48 141 145 117 90 130 161 96 112 105 112 62 150 93 130 165 143 111 143 154 123 155 152 171 162 170 143 83 124 60 117 161 180 174 182 148 87 84 95 74 21 5 22 115 86 87 135 164 147 
73 145 227 207 188 223 206 190 119 144 128 112 149 102 126 53 49 96 92 80 57 115 128 124 110 72 44 62 66 135 180 182 121 128 158 148 135 177 199 163 132 106 65 107 67 84 94 122 131 150 124 69 98 96 114 39 7 35 99 116 156 196 206 206 
126 116 137 156 210 222 219 168 166 165 135 96 123 105 96 77 29 81 93 78 73 60 123 194 173 101 49 28 81 65 120 167 135 122 158 163 176 209 169 169 124 90 76 112 71 104 98 120 161 164 90 84 103 78 78 28 10 78 140 84 92 108 155 212 
160 160 163 124 162 173 157 194 195 115 104 139 126 90 106 129 57 46 100 84 86 66 71 122 129 153 133 58 48 71 110 125 105 104 99 139 158 176 170 133 97 80 114 71 78 99 124 141 147 95 78 100 78 53 51 22 14 106 106 95 81 100 122 147 
118 191 238 184 136 170 150 206 220 194 157 185 180 163 125 156 81 27 94 125 83 116 78 54 91 146 131 114 39 74 134 101 94 93 67 83 113 124 128 124 113 110 160 88 133 101 113 132 112 56 80 71 46 71 105 19 24 137 112 84 61 75 119 121 
226 233 233 203 121 110 140 199 208 186 132 134 130 146 127 190 113 48 39 92 79 89 80 81 66 88 129 144 70 40 121 112 80 75 69 94 117 134 146 153 110 140 107 80 107 62 105 111 60 63 94 72 70 113 84 11 43 136 87 110 70 110 108 111 
239 200 160 139 141 105 70 112 113 175 121 178 178 117 115 168 147 103 55 39 65 75 71 89 70 55 115 117 83 51 81 131 80 64 59 86 85 104 145 170 79 97 137 133 65 49 80 69 54 90 56 70 136 131 54 10 44 101 94 54 85 113 134 129 
212 185 103 79 146 98 109 91 119 198 127 109 150 142 110 124 129 107 72 29 55 100 99 100 87 64 69 113 136 88 40 118 144 128 98 113 75 103 184 133 57 109 176 125 79 74 103 46 55 66 97 110 139 141 39 7 58 113 100 77 73 107 161 98 
143 131 122 133 123 79 126 139 93 89 94 60 78 143 121 134 163 73 67 56 29 69 97 120 132 99 65 65 140 105 45 66 158 109 129 119 99 85 112 71 61 119 120 109 79 75 69 37 78 159 163 138 121 121 23 8 90 157 116 128 143 93 62 23 
106 91 90 86 71 37 44 61 76 60 93 126 166 172 141 152 154 118 106 88 51 33 94 105 96 128 120 81 83 105 71 40 113 135 151 131 125 94 111 50 83 112 100 96 82 30 26 114 179 189 142 92 79 99 18 11 103 123 84 72 63 32 21 39 
70 120 114 80 91 118 92 104 90 74 60 77 117 150 137 71 136 145 161 123 99 36 68 97 100 106 138 119 68 63 77 33 90 143 148 130 119 106 74 56 83 138 122 118 52 20 44 117 125 113 91 101 145 93 8 14 96 112 81 41 18 28 44 60 
115 158 134 135 190 186 170 124 106 61 61 58 53 117 131 75 104 113 98 101 142 109 47 115 142 120 107 113 86 97 63 39 66 124 151 124 99 98 44 103 125 127 148 112 24 33 47 82 143 163 127 128 95 38 5 14 70 65 24 21 48 73 99 89 
209 179 194 192 202 200 179 157 128 65 33 55 89 68 68 62 62 102 102 111 145 137 53 85 142 122 99 96 109 123 125 59 44 120 150 127 142 71 51 81 94 94 90 29 37 102 68 66 96 102 60 70 39 18 5 8 23 25 37 53 64 66 117 101 
168 143 175 173 207 147 114 145 84 49 33 46 118 130 77 74 61 63 84 89 103 110 72 31 78 100 127 142 135 170 157 76 25 67 125 98 104 75 50 38 27 17 21 18 30 55 31 19 38 65 29 43 23 11 7 5 13 27 23 51 66 92 80 52 
163 92 118 131 116 121 114 131 95 67 79 56 106 181 137 97 59 56 115 117 128 112 121 53 60 101 99 117 98 128 190 151 34 105 82 51 84 97 50 27 24 27 39 22 17 15 14 16 15 12 12 10 11 11 9 9 10 8 10 50 65 67 30 14 
122 131 62 71 58 86 127 131 146 145 144 76 152 225 228 187 143 82 104 123 140 131 115 81 30 64 101 88 103 107 118 121 30 65 70 63 55 53 61 40 27 24 17 18 20 22 21 24 18 14 15 11 10 11 11 15 46 49 38 47 72 30 11 12 
40 63 72 83 73 134 120 74 133 100 75 82 154 166 171 126 122 148 70 84 93 137 143 88 48 46 92 81 86 76 82 80 36 37 54 66 66 69 80 73 70 51 24 17 21 30 31 27 19 28 23 11 11 11 12 19 84 109 69 68 77 19 12 37 
41 44 65 74 106 142 132 137 99 80 66 95 119 98 129 132 126 126 154 62 123 180 196 134 94 34 71 102 120 94 93 82 39 32 88 103 131 129 103 98 109 136 130 49 22 30 40 32 26 25 19 20 31 27 23 26 91 110 102 83 70 18 10 19 
79 131 151 86 92 87 109 137 109 105 71 99 103 112 100 103 108 144 159 96 61 124 147 142 135 71 41 94 100 106 118 110 69 33 109 120 87 96 103 128 133 113 133 146 121 59 40 31 25 23 23 29 40 38 25 33 95 113 113 87 74 17 10 10 
115 173 182 116 54 67 94 90 55 61 48 92 124 108 78 128 109 84 97 75 51 55 78 112 128 113 41 86 113 159 152 129 84 35 117 139 147 127 125 149 143 114 153 158 200 199 154 83 29 18 22 20 28 25 26 49 108 124 120 101 80 21 17 18 
219 136 95 81 70 84 87 81 51 50 65 52 68 107 120 69 77 116 134 110 76 39 80 113 154 176 97 37 105 136 176 182 125 32 115 167 196 166 144 149 155 158 199 198 213 211 174 189 118 43 32 28 29 33 15 28 82 98 102 81 76 20 17 18 
190 110 67 134 158 142 108 139 133 86 89 107 94 100 72 70 90 82 99 74 82 74 74 127 158 202 139 44 72 144 220 219 144 33 149 161 174 133 130 151 159 175 191 181 179 160 160 163 160 115 35 25 27 35 19 18 82 89 60 65 72 17 14 16 
117 85 69 53 88 176 164 134 175 186 146 122 164 175 102 51 48 52 70 85 91 103 72 78 138 186 203 153 43 149 191 190 139 33 114 163 116 104 138 148 161 177 184 176 165 124 112 146 125 73 104 31 16 29 34 24 52 53 41 45 46 17 13 12 
126 70 56 40 53 94 150 151 153 198 195 123 118 105 79 61 43 60 53 59 56 83 114 54 103 171 198 209 83 75 154 186 158 38 78 146 113 133 196 182 160 159 185 176 154 105 113 115 86 154 161 65 16 24 41 31 27 25 21 18 19 15 15 16 
61 68 84 90 112 69 92 112 160 141 191 171 81 82 83 96 101 78 68 56 45 54 74 60 30 116 174 201 184 40 67 167 128 38 68 147 118 161 196 205 162 141 153 193 171 139 135 96 119 124 122 84 20 28 42 40 31 35 40 39 35 20 24 30 
74 78 100 123 136 91 107 114 140 103 89 143 144 188 211 211 194 173 131 92 60 82 74 50 51 43 133 204 222 116 26 89 166 64 46 124 106 175 166 178 156 167 176 182 156 141 83 158 157 129 113 88 26 30 39 32 27 34 25 25 22 23 24 27 
124 113 81 120 118 52 59 114 146 133 95 82 81 160 196 196 143 108 102 100 102 102 60 98 116 56 40 111 155 175 73 53 190 74 24 103 122 171 180 177 195 217 219 213 143 93 103 161 149 139 142 140 39 33 36 24 20 19 27 23 24 28 26 19 
71 79 66 99 100 99 116 73 89 81 61 66 62 51 70 123 117 78 65 119 119 81 53 77 95 101 59 54 145 155 109 28 72 75 21 59 121 194 214 175 178 219 215 166 56 119 123 91 88 78 67 73 26 17 18 24 28 19 27 32 28 31 41 32 
40 30 32 35 55 89 86 36 58 81 73 59 65 48 42 53 60 60 37 84 85 66 75 85 102 119 86 40 61 131 105 43 15 43 20 16 28 105 151 155 162 145 173 102 28 39 53 81 93 92 102 109 50 13 8 18 23 29 27 32 20 17 20 21 
50 49 29 19 23 27 24 19 22 31 47 65 125 108 73 69 39 40 39 117 149 151 166 178 159 162 176 130 40 43 52 33 25 12 15 15 18 20 38 52 73 79 70 30 36 86 111 135 120 129 128 80 37 9 6 16 20 19 19 15 7 8 13 16 
95 141 119 62 60 62 35 22 22 24 24 25 42 53 73 63 46 55 88 79 95 138 190 214 195 205 212 194 106 37 35 93 110 16 8 10 14 14 18 21 30 31 56 80 58 56 58 67 49 40 27 11 8 9 8 10 16 10 12 8 5 7 8 9 
141 186 170 142 121 124 128 71 43 32 21 20 23 21 23 25 38 49 89 138 81 61 133 192 213 182 149 144 150 103 28 43 61 17 6 8 10 11 14 14 17 18 43 47 58 86 105 151 154 121 30 10 13 11 10 11 14 9 7 6 6 6 7 7 
90 173 185 146 122 77 87 110 103 98 101 50 47 33 26 27 26 26 24 35 35 33 44 110 115 105 123 151 162 92 29 13 12 12 17 13 11 9 9 12 12 30 101 135 161 184 194 168 192 182 56 12 11 16 23 16 8 7 5 6 5 3 5 8 
96 129 150 100 77 115 143 106 71 57 55 69 144 123 58 69 63 36 19 16 19 23 21 21 26 21 24 41 56 28 18 32 27 18 23 19 15 12 11 10 10 48 143 168 181 174 209 175 188 130 27 10 10 19 23 12 7 6 4 4 5 8 8 11 
131 149 80 44 51 90 149 165 102 37 32 71 139 152 87 123 121 71 49 44 37 26 17 14 17 18 26 32 16 22 35 23 19 10 14 18 14 15 14 12 10 14 48 99 152 126 158 158 114 42 8 9 10 19 18 8 4 5 6 4 4 5 4 7 
92 118 115 77 48 71 128 176 177 77 70 81 91 131 64 52 41 54 54 75 95 83 67 57 35 18 17 17 9 11 19 14 10 12 12 14 23 22 17 14 13 12 10 10 20 34 33 19 9 6 8 9 9 15 15 9 4 5 8 7 4 5 4 7 
69 72 113 105 69 46 63 119 137 93 39 51 97 117 140 157 134 133 134 136 118 95 83 89 85 82 59 36 28 10 6 5 7 9 8 22 29 19 16 13 14 9 8 8 10 10 10 6 5 6 11 11 7 15 16 9 4 5 5 6 7 10 6 5 
66 87 110 72 59 59 51 58 63 47 52 98 130 135 144 179 142 124 99 107 94 106 130 155 127 146 132 87 79 89 41 5 9 14 12 15 16 17 19 16 20 12 15 15 8 8 8 7 7 10 12 10 11 14 9 8 7 6 9 8 10 11 4 9 
90 124 128 85 62 63 79 63 55 43 75 148 134 119 149 173 141 140 115 109 115 110 158 172 136 174 168 134 124 138 86 23 13 21 17 17 14 15 28 26 17 13 11 12 12 12 11 8 8 6 11 10 5 6 6 8 5 4 8 10 11 7 10 12 
70 82 77 92 122 93 95 65 73 109 62 144 151 159 103 125 102 120 142 152 149 154 197 164 157 152 185 160 119 140 129 41 17 16 13 18 14 18 27 23 16 14 16 14 13 20 26 11 8 7 8 9 6 7 6 5 4 4 6 7 4 5 9 12 
119 135 93 52 80 66 78 100 118 106 52 57 139 188 156 103 123 164 143 150 208 199 227 217 168 127 147 146 126 164 134 70 42 19 13 20 18 20 20 19 9 20 22 14 19 21 26 20 16 12 12 13 7 8 9 5 4 4 9 11 6 2 4 6 
114 146 73 44 48 63 113 113 67 109 126 62 187 217 179 162 133 144 136 171 206 226 224 166 142 160 133 159 127 182 148 86 126 84 25 16 14 22 18 17 10 14 15 15 16 13 16 28 31 13 19 18 14 12 14 10 4 7 11 14 7 2 6 6 
65 80 38 60 131 141 167 103 102 131 119 46 130 191 128 118 142 119 94 120 143 174 220 156 188 208 191 175 157 165 169 101 127 138 71 33 18 13 14 22 12 7 12 33 19 10 17 20 20 28 36 21 17 15 12 9 6 8 10 13 5 2 4 7 
73 80 51 106 112 102 179 152 135 132 138 69 73 161 100 131 170 121 142 142 133 139 165 149 193 185 158 141 207 213 181 107 165 158 110 127 65 19 14 21 15 8 9 20 9 8 10 14 14 20 28 23 26 24 11 6 9 11 8 8 4 3 4 5 
125 133 117 130 65 112 167 119 108 174 152 129 70 202 212 205 199 113 186 214 183 165 176 191 179 202 197 195 204 185 159 129 159 166 157 156 116 68 34 14 10 10 9 9 12 8 6 9 7 10 15 14 24 24 14 3 3 5 7 7 6 4 3 5 
200 178 102 139 67 92 99 84 124 168 196 195 79 140 207 163 164 150 146 186 174 178 178 216 190 223 175 148 178 205 170 122 132 153 120 149 156 140 119 10 10 9 9 9 22 24 13 11 5 8 18 23 30 31 12 3 3 2 5 10 9 6 6 6 
118 82 55 116 64 85 68 68 118 139 167 178 102 70 158 120 117 148 97 120 124 144 90 114 145 168 173 158 203 183 177 151 133 112 139 162 183 157 112 21 8 10 10 13 19 24 24 24 10 11 20 21 26 26 14 8 4 2 3 6 9 9 11 14 
188 165 79 68 44 49 78 131 173 119 125 126 101 29 112 133 180 208 175 154 78 48 98 150 99 121 163 146 167 199 175 123 93 118 112 167 140 82 78 43 12 13 15 14 14 17 31 33 17 13 8 10 13 12 13 19 12 3 4 5 4 7 10 15 
226 206 143 79 58 81 131 206 142 83 116 113 47 32 106 157 169 169 130 163 123 131 121 200 103 104 142 188 126 129 121 98 99 95 67 78 72 84 40 24 13 15 22 15 12 12 13 19 21 20 13 14 14 6 7 22 25 7 3 4 5 4 6 12 
160 211 141 157 173 98 133 147 158 148 100 104 123 91 87 222 201 127 108 132 124 173 201 220 151 146 127 192 186 207 203 134 83 48 39 50 45 36 22 14 11 14 26 18 12 11 12 21 19 13 13 13 12 4 7 6 15 21 11 7 8 5 7 11 
119 156 166 167 101 120 176 155 206 218 175 199 239 183 54 183 211 157 178 194 210 206 177 144 123 104 107 195 215 177 130 97 48 44 38 29 26 32 34 59 48 59 54 90 28 13 14 25 24 14 16 15 12 5 4 3 7 11 11 14 10 7 10 14 