


64 73 87 95 98 100 104 107 108 108 106 104 102 98 104 108 103 86 79 84 111 119 84 84 137 109 93 102 101 109 65 50 46 45 41 32 28 26 25 23 21 22 35 66 90 105 110 103 97 96 98 101 101 107 113 119 126 133 141 142 141 135 126 118 
68 79 92 96 98 100 104 107 108 108 106 103 101 98 97 114 106 87 78 83 114 122 87 89 144 114 93 104 111 94 59 53 49 47 41 33 29 28 27 25 23 23 34 63 91 106 110 104 97 97 100 103 102 107 114 121 128 135 141 143 142 138 130 122 
75 86 96 97 97 100 102 105 106 106 106 102 99 96 96 106 116 91 78 84 112 127 89 94 153 113 98 109 121 75 60 60 60 47 39 33 30 30 30 27 23 24 33 61 90 106 110 103 97 99 103 103 102 107 114 123 131 137 142 143 142 140 134 126 
82 90 98 98 96 98 100 102 102 102 102 98 94 93 94 95 120 99 77 86 105 133 91 99 164 104 109 123 107 69 68 71 54 47 41 36 33 32 29 28 23 23 38 63 89 108 110 106 100 104 106 104 104 107 116 128 137 141 145 145 145 142 137 131 
86 93 99 98 97 97 97 100 101 100 99 95 90 90 92 93 108 115 82 88 100 140 93 105 170 103 121 126 87 74 81 70 58 50 46 41 36 33 30 28 24 24 43 69 93 112 113 108 103 112 111 109 108 110 121 136 142 148 150 147 145 143 140 135 
90 96 100 98 96 94 94 97 98 99 98 94 91 91 91 93 94 124 98 92 98 141 99 113 165 109 132 123 87 92 92 88 62 55 53 50 40 38 33 29 27 26 47 77 98 120 123 116 113 128 125 119 115 118 127 141 147 156 156 150 146 144 141 137 
93 99 100 99 97 95 92 95 97 98 97 93 91 93 93 95 94 113 126 101 99 141 108 124 162 122 153 121 108 118 104 83 67 72 77 76 70 66 50 40 35 34 51 89 119 148 154 150 151 166 162 143 139 138 145 153 159 168 162 154 150 146 144 140 
96 100 101 102 97 96 92 95 98 100 98 95 94 96 98 105 106 103 144 123 110 151 145 161 186 161 179 144 134 142 113 106 95 108 132 146 147 134 102 70 49 51 69 121 172 205 211 211 212 220 212 190 186 180 185 188 190 193 178 167 157 149 146 142 
98 102 102 104 96 97 94 97 101 103 103 100 98 102 105 124 133 127 154 160 147 186 227 230 239 230 214 193 179 173 152 144 150 175 212 224 221 201 165 125 95 97 127 185 231 248 249 246 244 244 238 230 228 223 230 231 228 223 204 190 168 154 148 144 
100 103 103 106 95 97 95 101 106 108 107 106 106 112 124 149 176 188 198 214 218 242 251 241 227 235 238 240 229 229 215 213 226 239 251 252 249 231 210 188 166 162 194 236 251 252 248 242 236 233 233 236 235 235 239 241 241 236 224 212 184 160 151 146 
101 103 102 106 94 100 97 104 108 109 111 114 120 129 156 189 230 240 239 244 247 250 234 219 196 200 216 245 250 253 251 252 253 254 254 254 250 238 228 219 210 186 182 201 204 217 224 225 219 215 215 218 218 223 225 226 226 228 228 221 197 173 157 147 
101 103 103 106 95 104 99 105 108 109 112 129 149 167 202 238 245 223 215 237 248 250 220 196 178 176 195 220 235 244 253 255 253 251 251 250 245 234 227 220 217 192 158 125 103 125 171 201 205 198 193 194 196 205 208 207 208 214 219 219 208 192 167 149 
101 104 103 106 95 107 102 107 109 111 117 145 182 214 238 238 217 198 212 243 242 243 231 196 174 163 178 188 196 210 229 247 253 246 240 239 234 226 219 209 200 188 166 125 89 80 111 165 187 180 173 172 174 182 188 193 196 203 204 208 213 206 178 156 
102 104 103 106 98 107 105 107 111 117 129 172 222 237 225 204 185 189 219 239 247 247 219 174 163 152 154 154 162 172 185 207 233 250 237 226 223 219 212 205 192 183 167 129 97 76 83 125 157 156 153 154 155 162 174 187 193 194 190 198 209 208 188 170 
100 104 102 105 101 107 107 106 114 128 157 205 241 234 197 177 171 188 219 241 248 228 178 153 151 137 130 120 125 135 150 175 205 236 238 228 218 210 205 200 192 180 168 143 101 63 58 81 124 136 135 137 142 155 172 188 196 191 184 190 197 204 198 192 
101 103 102 103 105 104 109 108 119 152 203 224 236 234 186 160 160 174 215 242 219 161 130 121 120 113 111 97 98 112 131 155 180 208 232 232 219 208 200 194 187 180 169 153 116 72 39 61 94 111 122 130 140 155 173 194 198 190 186 185 185 194 201 205 
101 103 103 102 107 101 112 112 129 187 234 209 223 224 171 152 151 156 210 243 206 144 135 138 105 98 105 94 87 100 121 140 160 184 218 237 224 214 198 186 179 178 166 153 126 87 36 63 93 98 119 125 133 144 166 189 190 184 181 177 174 180 190 202 
101 104 103 100 105 100 112 113 145 215 238 191 220 216 154 133 131 142 214 230 146 116 136 120 100 98 102 104 97 92 111 129 150 170 197 234 229 223 197 180 177 174 164 154 132 99 65 91 89 91 106 111 117 136 160 174 176 171 170 167 163 165 173 188 
101 103 104 100 101 104 111 119 158 228 236 185 213 201 149 114 110 140 221 199 114 81 93 95 80 90 101 104 107 94 104 126 146 163 183 231 245 225 196 181 177 170 164 152 133 101 106 98 56 73 80 87 113 141 152 157 158 154 155 156 153 153 157 172 
102 104 103 99 97 108 113 135 177 236 236 180 186 158 126 120 106 152 217 181 107 73 76 50 55 94 106 102 109 104 103 126 145 161 175 212 242 223 197 182 172 168 162 151 133 109 91 52 48 63 83 81 120 144 141 138 139 136 138 140 141 143 145 159 
104 105 103 100 99 109 121 150 203 242 234 184 178 74 69 115 116 183 210 172 122 75 67 21 54 99 104 103 104 112 105 121 138 156 171 194 221 225 200 177 168 164 160 155 144 110 72 38 44 52 72 95 127 146 140 125 120 123 128 132 130 130 138 151 
109 114 110 109 114 124 150 171 225 248 233 204 142 54 31 84 129 211 206 162 131 72 76 44 49 98 99 99 105 116 113 114 131 150 169 180 194 210 199 174 165 160 161 158 149 119 88 63 41 44 46 89 129 145 142 120 112 116 126 128 121 123 134 144 
145 160 149 144 149 156 178 204 239 248 228 203 159 92 30 54 149 226 186 147 121 65 61 44 52 94 91 73 100 110 119 115 124 146 165 174 176 187 193 173 163 161 156 154 152 136 118 86 42 31 38 57 112 133 128 119 113 112 117 120 117 118 124 131 
181 189 189 186 187 190 196 223 247 247 229 202 151 125 87 82 194 219 160 124 104 55 49 46 56 80 82 71 92 100 121 123 125 142 156 168 165 172 185 175 164 153 153 155 152 145 132 100 45 25 42 42 69 110 112 114 112 101 106 113 112 110 113 119 
201 206 213 210 209 214 220 234 247 244 234 197 154 127 122 179 220 192 128 96 89 61 53 54 62 73 72 71 76 94 115 126 129 136 149 160 158 165 179 175 160 156 154 149 145 141 130 106 58 26 37 43 43 85 107 106 94 87 96 103 105 103 107 114 
189 210 218 216 218 222 225 235 248 245 231 198 179 142 163 206 199 161 90 77 73 54 52 57 65 68 63 76 73 88 107 120 128 133 144 151 149 156 174 179 171 154 145 143 140 136 128 107 65 26 28 34 34 65 104 90 80 76 84 93 98 100 104 109 
160 176 202 213 218 223 227 240 250 246 232 220 176 165 194 180 158 104 69 57 57 50 48 51 61 64 66 81 66 90 105 119 127 131 140 150 150 155 164 173 175 163 146 141 136 130 123 105 63 22 19 26 51 57 70 90 78 73 79 89 96 96 98 104 
166 163 175 196 213 229 241 250 250 246 241 213 177 179 174 128 89 57 54 49 47 42 39 44 56 66 57 75 66 89 87 114 126 130 134 141 140 141 149 162 171 174 160 144 133 124 116 101 63 23 24 50 51 33 41 80 79 69 76 88 93 93 92 98 
173 173 164 175 198 228 248 250 248 245 236 201 175 153 127 69 50 46 51 53 48 40 36 37 58 68 56 77 77 82 91 111 129 129 128 132 133 133 139 150 161 172 170 151 133 122 114 99 69 44 51 48 30 31 29 51 82 66 73 88 90 89 89 92 
156 178 170 171 190 224 246 249 248 247 223 193 155 109 74 54 48 51 55 58 49 37 33 37 56 71 61 66 82 82 102 103 132 129 121 125 129 132 134 139 149 160 168 161 140 122 114 104 79 54 42 26 29 29 27 31 68 73 67 82 86 85 84 88 
136 171 184 177 193 228 245 250 249 240 219 189 121 70 60 57 54 58 63 66 55 29 30 41 59 75 66 55 88 85 107 109 125 125 120 123 127 128 135 133 139 150 160 162 151 129 114 103 83 41 22 26 31 31 26 27 45 79 73 80 83 82 81 87 
123 144 178 181 179 225 247 252 246 240 215 134 86 65 66 63 60 60 65 76 61 31 37 47 60 74 67 65 85 88 100 120 128 124 116 117 122 126 129 130 131 143 153 156 152 136 116 99 72 31 20 27 32 30 26 29 32 59 84 85 81 77 78 83 
109 116 141 179 178 220 250 251 244 236 172 98 85 78 78 69 68 61 69 81 53 31 40 44 51 75 81 70 71 92 97 118 125 133 126 118 115 116 117 120 125 136 148 155 150 133 105 91 68 25 21 29 33 27 25 29 32 34 56 78 75 69 74 77 
109 110 121 163 194 226 250 248 242 220 143 95 104 104 77 66 63 67 80 79 45 36 37 40 49 71 87 86 79 86 93 106 121 116 120 132 128 121 116 110 114 125 141 151 149 133 107 91 70 26 23 32 37 33 30 30 37 33 29 60 72 66 67 71 
109 110 111 135 194 227 248 244 242 203 135 107 107 106 58 59 58 70 81 71 39 42 31 37 49 58 83 94 94 94 96 104 119 119 111 114 121 126 127 123 123 128 134 141 144 138 111 91 66 26 25 34 41 41 42 39 42 48 36 45 66 63 64 65 
111 111 108 112 167 218 245 246 235 194 145 117 123 110 65 61 58 73 84 62 33 42 32 39 46 50 72 90 97 100 99 105 116 119 113 114 115 115 116 114 116 121 126 133 139 138 117 95 69 35 35 47 52 50 38 31 38 50 50 44 57 62 65 66 
113 113 109 107 134 197 246 245 221 193 165 135 136 103 58 63 75 78 80 55 23 37 34 39 42 48 63 86 93 101 101 106 116 116 114 113 114 115 115 111 111 117 124 131 137 138 124 103 78 45 46 49 47 39 33 32 41 54 60 52 55 57 61 66 
114 113 110 107 111 162 239 240 220 200 190 164 136 69 58 78 83 76 75 59 19 36 32 34 39 46 64 86 97 104 103 107 114 111 112 114 113 111 114 112 106 108 115 123 128 129 118 96 72 41 47 56 45 37 34 35 47 56 58 54 53 55 58 60 
113 112 110 104 100 142 232 238 221 209 209 169 98 48 64 79 69 52 76 65 18 39 35 34 35 50 64 87 98 108 105 105 107 107 105 110 110 104 108 111 108 106 110 120 121 123 114 89 67 57 57 41 32 33 35 42 53 55 56 52 51 53 55 56 
112 112 109 103 102 147 225 241 219 220 208 144 77 56 72 67 43 43 72 62 21 34 42 36 39 49 68 82 96 109 110 105 103 101 100 107 110 107 109 112 108 105 110 119 120 117 114 99 78 52 38 39 33 32 38 50 52 54 55 51 49 51 54 55 
113 112 108 103 104 136 207 243 225 224 200 131 81 75 69 44 32 57 76 66 36 37 51 36 43 46 66 81 97 108 111 105 103 100 95 102 109 111 109 109 113 111 115 122 122 121 115 94 68 45 36 39 37 42 43 45 53 57 52 49 52 51 54 59 
112 112 107 102 100 117 190 242 221 220 194 132 94 87 65 39 45 79 86 88 44 21 56 43 41 48 64 84 99 111 108 104 101 101 90 101 108 109 105 101 103 104 110 117 119 117 110 92 67 48 48 53 46 41 42 45 51 55 47 48 51 51 56 61 
110 110 106 101 96 105 184 243 216 222 195 134 108 99 63 32 58 84 86 80 39 15 58 54 40 51 61 84 96 110 116 113 98 92 90 94 102 100 99 94 95 97 104 114 120 118 112 97 76 56 50 43 38 43 47 47 52 51 46 48 49 51 52 55 
108 109 106 100 94 98 173 244 223 227 181 126 113 90 49 44 77 73 71 79 49 15 55 65 45 52 57 84 94 99 109 108 84 75 79 82 96 100 99 93 91 92 96 104 112 110 104 89 61 42 44 41 42 47 51 49 53 48 45 49 46 47 50 49 
108 109 106 99 93 98 158 240 229 216 163 113 105 84 63 67 82 70 68 81 56 18 49 73 56 51 57 80 95 96 101 97 82 67 66 73 82 96 92 87 87 89 91 99 107 107 101 85 58 41 44 40 47 50 50 46 52 47 45 47 45 47 47 46 
108 109 106 99 92 95 153 239 226 207 169 132 115 99 85 83 83 80 77 85 69 29 44 81 68 52 62 81 95 96 99 104 90 75 68 76 83 87 88 80 81 84 89 100 108 106 100 81 57 43 46 45 52 55 49 45 49 45 45 45 45 50 47 47 
108 108 105 99 91 93 144 234 231 200 166 141 123 113 90 76 71 78 78 86 80 45 40 83 75 56 64 81 95 95 94 105 97 90 85 86 91 88 85 80 77 84 92 99 108 106 98 75 51 43 49 54 54 55 46 46 44 45 43 44 46 48 45 44 
107 106 104 98 92 91 124 223 231 191 154 130 126 120 107 88 79 77 83 91 90 67 41 80 79 63 70 81 90 94 88 92 98 92 90 90 94 92 84 81 82 85 94 100 106 105 96 66 48 48 51 58 54 49 43 43 39 41 43 43 44 46 46 43 
105 106 103 97 92 92 109 198 231 196 154 126 138 120 113 98 83 78 85 94 96 90 56 67 73 65 72 81 85 90 86 85 94 91 87 84 85 84 78 71 76 88 94 100 105 104 92 61 48 53 59 58 54 47 43 41 37 39 40 42 43 45 45 42 
104 105 102 96 92 91 101 177 233 204 159 135 127 114 107 91 85 84 83 92 92 96 76 54 55 56 71 80 80 80 80 82 84 92 75 65 63 71 74 69 73 84 97 103 104 101 84 56 55 59 66 62 55 48 46 43 36 37 39 40 43 44 43 40 
103 103 101 96 92 91 96 144 227 214 172 159 140 122 105 94 93 91 85 93 93 91 84 58 45 37 57 66 71 70 69 71 64 72 63 48 54 59 57 62 69 79 89 101 106 103 79 56 59 66 68 66 54 49 46 43 37 36 36 37 41 43 40 38 
102 103 99 94 91 91 93 135 209 221 184 169 143 128 110 99 93 93 90 93 94 90 87 65 55 44 42 46 52 46 48 48 44 45 55 48 42 47 46 56 65 79 90 98 102 102 84 66 64 72 66 60 48 47 43 39 37 38 32 35 41 45 39 38 
101 101 98 93 91 91 95 116 169 227 200 173 149 144 123 105 97 97 93 93 88 88 86 71 61 62 59 52 49 42 35 41 48 48 52 61 49 42 45 56 70 79 90 95 98 94 74 74 78 82 70 56 45 42 40 39 38 36 30 34 36 40 41 35 
101 100 97 93 90 91 93 96 128 216 212 169 142 156 140 109 100 94 89 87 84 86 81 75 64 69 69 65 63 57 50 55 61 63 58 61 68 60 53 62 78 85 91 96 98 87 72 78 81 84 72 63 53 43 40 40 42 36 30 35 35 38 43 39 
98 99 97 93 89 90 92 93 110 194 224 180 139 158 159 132 109 90 81 80 78 87 82 77 69 71 69 65 68 66 66 64 62 66 67 68 67 71 67 69 80 87 91 97 98 84 78 84 88 81 60 53 55 50 42 40 41 36 32 33 34 38 43 41 
95 97 96 92 87 88 91 96 112 160 224 198 147 148 168 153 122 91 80 76 73 81 79 79 73 72 72 69 69 63 62 65 62 62 64 61 61 64 67 67 77 85 91 100 97 84 80 87 88 76 56 49 49 44 42 42 41 35 30 30 32 33 41 45 
95 97 96 92 86 88 93 98 104 124 203 220 163 140 162 167 143 107 85 73 74 72 72 74 70 70 70 65 63 57 57 58 55 55 59 60 61 68 70 69 77 87 95 103 95 85 81 80 77 65 51 49 48 41 38 40 45 36 30 30 31 33 38 42 
91 95 95 91 87 88 92 97 100 115 168 228 196 155 158 168 137 122 104 84 70 67 67 69 66 62 64 57 56 56 60 57 61 64 66 69 71 70 71 75 81 89 99 101 94 85 83 74 63 57 51 50 44 38 39 38 41 36 33 29 29 31 34 38 
85 92 93 90 87 87 92 98 100 104 124 197 227 180 157 173 122 127 113 86 75 64 61 65 63 58 55 48 50 52 63 62 67 71 72 75 75 71 74 82 89 98 104 102 94 83 74 64 54 53 54 49 42 39 40 39 38 33 30 29 28 31 31 30 
75 85 90 88 87 87 92 97 99 100 105 153 226 215 179 184 145 118 111 92 80 63 58 63 56 56 49 45 44 44 55 57 55 60 66 73 76 75 80 88 96 102 103 98 89 77 62 55 50 52 54 48 42 42 43 41 39 35 31 33 31 29 26 26 
68 79 86 86 86 86 92 95 98 99 101 120 184 233 206 187 165 114 108 90 84 68 64 63 58 54 41 37 33 35 49 55 51 54 64 71 78 80 86 95 100 96 94 90 81 67 57 51 51 52 51 48 41 39 45 45 41 37 31 34 27 26 25 23 
63 74 82 83 83 85 90 94 97 98 99 105 134 211 228 196 185 118 106 88 82 77 74 66 63 48 32 29 15 16 37 47 51 54 65 72 79 89 97 102 98 89 88 84 73 60 57 52 51 52 50 49 41 39 44 46 43 38 32 33 29 27 26 24 
62 72 79 81 83 85 89 93 95 97 97 99 112 165 225 212 201 145 120 94 78 77 77 75 65 36 29 20 4 7 22 41 48 53 63 72 87 107 111 104 96 88 88 86 74 61 60 57 57 57 51 47 44 41 43 44 44 39 30 29 31 30 28 25 
62 72 78 79 82 84 87 93 94 96 97 98 102 130 194 223 212 159 127 106 80 77 77 79 76 34 28 12 2 8 18 31 42 49 60 80 107 129 123 105 100 92 90 89 77 61 63 65 64 59 52 48 48 44 42 39 39 38 31 26 30 27 24 22 


67 76 89 98 100 102 105 110 111 110 109 106 104 101 107 113 108 89 82 87 116 124 89 89 141 112 97 105 105 111 66 50 47 48 44 37 33 30 27 25 23 23 36 65 92 106 109 101 91 90 93 95 95 101 109 117 125 130 136 139 140 135 128 119 
72 82 94 101 102 103 106 110 111 110 109 106 104 101 100 119 110 90 81 86 119 126 90 93 149 117 97 109 115 96 57 51 51 51 44 37 33 32 29 27 24 23 35 65 92 107 109 100 91 92 96 97 96 102 109 119 127 132 138 140 140 138 132 123 
79 89 98 101 100 102 105 108 109 108 108 105 102 100 99 111 120 94 80 88 117 131 92 98 158 116 103 114 123 76 59 59 62 50 44 38 34 32 31 28 24 24 34 64 92 107 109 102 92 95 100 100 97 102 111 123 131 135 140 141 141 140 136 128 
85 93 100 101 100 101 103 105 105 104 104 100 97 96 97 99 124 102 79 89 110 138 94 104 169 109 115 126 108 69 68 72 53 48 44 39 36 33 32 28 24 24 38 65 92 110 111 104 94 101 104 102 100 103 114 127 135 139 142 142 142 142 139 132 
89 96 101 101 99 99 100 102 102 102 101 97 93 93 94 95 111 119 84 90 104 144 97 110 175 107 127 130 89 74 84 71 59 51 46 42 38 35 33 29 25 26 45 71 95 114 115 107 99 110 109 106 106 107 119 134 140 146 149 146 144 143 141 136 
92 99 102 101 99 97 97 99 100 101 100 96 93 93 95 95 95 127 101 94 101 145 103 117 169 114 139 127 91 95 95 90 62 56 55 52 42 39 35 32 29 29 49 80 100 123 124 115 109 124 122 116 114 115 127 140 145 155 156 149 145 144 144 139 
96 100 102 101 99 97 96 97 99 101 100 97 94 94 96 98 96 116 129 104 102 146 112 129 166 128 159 126 113 123 109 85 68 74 78 75 68 65 51 43 36 34 51 91 120 150 154 149 148 164 160 142 137 136 145 153 160 169 164 156 150 146 147 141 
99 102 103 104 99 97 95 96 99 102 101 98 96 97 100 108 108 105 147 125 112 154 150 166 190 165 183 148 137 146 117 109 97 109 128 136 136 125 96 69 48 49 68 122 171 202 205 202 203 213 207 188 185 181 187 191 193 195 181 170 158 151 149 143 
101 104 104 106 98 99 96 99 103 105 104 102 100 103 108 127 135 129 157 161 143 185 230 232 239 231 216 196 183 176 154 146 149 170 199 206 202 183 150 116 91 95 125 183 229 243 237 228 225 228 225 223 224 221 228 230 230 225 207 193 171 156 151 145 
102 105 104 107 97 100 97 103 108 109 109 108 108 113 125 150 179 188 199 213 208 239 249 238 222 234 237 241 230 231 216 213 221 232 244 240 229 209 188 170 156 158 189 231 250 247 231 222 213 211 213 221 224 228 232 235 237 235 226 215 187 162 154 147 
103 105 105 107 96 101 99 105 110 111 112 117 121 127 149 186 230 233 228 237 235 247 224 215 191 197 212 243 250 253 252 252 252 253 253 245 233 215 204 197 195 178 177 196 197 203 203 206 199 193 191 196 201 212 216 215 216 221 225 223 201 176 160 149 
103 105 104 107 95 105 101 107 110 111 114 129 144 157 186 226 239 205 191 226 239 244 211 191 175 174 193 216 236 245 254 255 254 250 246 240 229 213 205 196 194 174 148 118 94 108 152 185 190 181 170 167 174 191 197 196 195 204 211 214 210 195 170 151 
103 106 105 109 97 108 103 107 111 112 119 142 171 197 219 217 199 178 191 230 220 228 226 193 172 162 176 184 194 210 231 248 254 246 236 229 222 210 200 188 178 168 154 115 83 68 95 151 175 163 151 145 147 163 174 182 185 192 193 198 211 208 181 157 
104 106 104 109 99 109 106 108 113 117 127 161 204 212 195 171 156 163 201 223 230 240 211 167 159 147 147 146 152 162 179 208 237 251 238 224 217 210 197 191 175 166 157 121 89 63 68 115 144 138 132 128 126 138 158 176 184 185 176 184 201 207 190 173 
103 106 104 107 103 108 108 108 115 125 146 184 221 208 158 141 135 154 198 225 238 219 167 146 144 125 113 100 106 116 133 169 207 239 240 230 218 205 196 193 182 168 159 138 93 44 42 72 113 119 114 115 116 132 156 180 190 183 170 176 185 197 197 196 
103 105 105 106 105 105 110 110 118 142 181 192 220 217 148 119 121 141 192 224 196 134 110 101 95 89 83 66 69 87 111 145 178 211 237 236 222 207 196 188 181 173 163 150 108 47 22 43 85 96 103 112 119 133 157 187 193 182 174 173 171 183 196 205 
103 105 105 103 108 103 112 111 124 169 204 172 208 209 137 112 112 122 182 220 180 103 97 91 56 55 72 63 54 69 100 126 153 184 222 240 227 217 197 180 174 176 163 151 120 61 23 46 87 86 106 110 114 120 148 179 183 174 169 164 158 166 179 196 
102 105 105 102 107 102 113 113 138 196 207 154 206 200 127 97 95 111 181 199 99 53 70 59 53 66 78 79 74 64 90 113 140 167 200 237 233 227 196 174 173 172 161 153 128 80 55 85 84 85 99 100 100 115 140 160 165 158 155 151 146 148 158 176 
102 105 105 101 102 106 113 118 150 208 205 149 202 187 126 85 77 110 183 169 74 31 39 44 39 67 82 81 89 69 82 110 135 158 185 234 247 228 196 176 172 167 162 151 130 83 97 97 44 59 68 74 99 127 132 137 142 136 137 138 134 133 138 154 
103 105 105 101 98 110 114 131 163 215 206 143 178 149 101 98 78 123 180 158 77 36 36 19 31 73 89 82 90 84 81 112 136 155 174 215 246 227 199 177 167 165 159 149 132 99 81 46 27 39 67 67 110 134 121 114 117 116 117 120 120 122 124 140 
104 107 105 102 101 111 122 144 182 218 208 152 171 56 47 93 93 152 178 150 101 42 33 10 37 82 87 87 86 96 87 105 127 150 171 197 224 230 201 170 161 159 156 153 143 107 61 28 28 25 49 83 118 137 124 102 95 101 108 113 110 109 116 131 
110 114 110 110 115 125 150 164 204 223 211 181 117 32 19 63 106 178 179 141 112 42 38 24 35 81 81 82 91 102 98 98 118 145 170 181 196 213 200 167 157 154 157 156 148 118 80 54 30 26 22 70 119 136 128 100 86 93 107 109 100 101 113 122 
147 159 145 141 147 156 175 191 220 223 202 181 131 70 22 39 130 201 164 126 99 35 29 23 37 74 73 58 86 96 105 98 111 141 164 173 173 186 195 168 156 155 150 151 150 135 116 81 36 21 20 32 96 120 114 100 89 88 97 102 99 97 102 108 
178 184 178 179 180 185 187 205 224 219 203 181 127 103 67 70 178 198 138 104 83 30 24 26 40 59 62 56 77 85 106 107 113 135 153 167 161 168 184 171 157 144 145 152 150 143 131 97 39 17 27 20 45 94 96 96 92 75 84 96 94 89 91 96 
188 194 198 197 194 199 200 210 219 213 214 175 126 104 100 165 201 169 102 74 65 37 28 31 42 49 48 53 60 76 100 111 114 127 146 157 151 156 175 170 153 147 144 143 140 138 127 101 50 18 24 24 16 62 93 88 69 56 69 82 85 80 83 91 
164 191 198 195 198 198 199 209 222 214 207 171 156 117 141 185 179 136 66 53 49 34 29 33 43 46 41 57 56 70 94 104 111 122 139 146 138 144 165 176 166 142 132 134 133 132 123 102 53 16 17 19 16 42 90 71 51 47 57 71 77 76 78 85 
119 147 179 191 197 201 204 214 225 220 207 198 152 137 172 159 139 80 49 37 35 29 27 30 41 41 43 62 48 75 93 104 112 122 136 145 141 142 152 168 173 155 135 130 127 121 114 96 48 13 12 16 39 40 49 72 50 42 50 66 73 73 75 81 
114 118 141 173 192 209 218 227 227 222 217 188 153 158 156 107 70 38 37 30 27 24 24 27 38 44 35 54 46 74 70 100 110 119 129 134 130 126 131 151 166 170 153 133 122 113 103 87 48 16 19 45 43 20 19 63 57 40 48 64 69 67 67 73 
125 121 118 143 173 206 222 226 224 219 210 170 152 134 106 50 34 32 35 33 28 23 21 22 37 48 36 58 56 64 73 94 112 115 120 122 122 119 119 134 152 167 165 140 121 109 98 83 56 39 48 42 19 19 14 30 64 38 45 65 69 64 62 66 
127 130 118 130 161 200 222 227 223 220 190 161 132 88 51 37 35 38 40 40 30 21 19 23 39 54 41 48 63 64 84 83 118 118 115 117 119 118 114 117 134 151 163 154 130 109 99 89 67 48 36 18 18 18 15 12 49 51 41 59 64 59 58 63 
127 143 140 135 165 203 215 222 218 208 187 163 95 47 39 40 40 44 46 45 35 17 19 25 40 56 47 37 72 65 92 93 109 114 115 116 118 118 119 113 122 138 151 156 142 116 100 87 68 33 15 15 18 18 14 12 23 63 50 58 61 57 56 62 
124 135 147 137 140 197 217 223 213 207 186 104 57 41 42 43 43 43 44 56 43 18 23 30 42 56 48 45 67 67 83 107 117 112 107 109 113 116 114 109 109 126 140 146 144 124 103 81 50 20 13 16 19 16 15 15 13 41 65 63 59 52 53 57 
111 115 126 138 135 190 220 221 209 204 136 64 57 52 52 49 49 41 50 66 36 18 26 29 38 60 61 51 52 72 79 105 115 125 120 110 107 106 100 96 100 115 133 144 140 121 87 67 47 17 13 17 19 16 16 16 15 17 44 59 53 46 51 53 
111 112 116 137 153 190 217 214 208 190 105 61 74 78 53 45 43 46 62 65 31 23 23 25 34 54 68 69 62 67 76 97 112 105 113 127 123 111 100 86 86 100 122 140 137 119 89 67 47 16 13 19 22 19 17 16 19 19 24 46 50 42 44 48 
112 113 112 124 160 191 214 210 207 165 98 76 78 79 34 38 39 48 66 56 26 28 20 23 33 41 65 80 80 77 80 96 112 111 102 104 112 118 114 103 102 108 115 126 132 125 95 68 43 15 13 20 23 26 28 27 25 27 24 37 46 41 42 45 
114 114 111 111 147 182 210 211 199 153 106 88 97 86 42 40 37 51 67 47 22 30 20 24 27 33 54 77 85 87 86 99 109 113 107 103 104 103 101 94 93 100 107 116 125 127 102 74 46 22 23 33 39 36 27 19 21 30 33 35 40 40 43 44 
115 115 112 108 125 169 214 210 184 151 126 104 111 80 38 44 54 59 61 40 16 26 19 22 23 29 43 71 82 88 89 99 110 110 107 103 102 103 101 91 86 95 106 117 124 126 110 87 60 34 32 33 31 23 19 16 24 35 38 35 35 37 40 42 
117 116 114 109 111 146 211 205 183 159 151 132 108 47 39 59 64 54 52 43 13 26 18 19 21 28 42 68 82 92 91 97 107 104 104 104 103 97 98 92 79 82 97 107 112 114 103 77 50 25 30 40 28 22 18 18 29 39 38 34 35 35 38 39 
116 116 113 108 104 133 205 200 181 169 175 140 71 29 46 62 49 33 57 49 11 28 21 19 20 31 40 63 76 95 93 94 98 99 94 98 99 89 93 95 85 81 91 103 106 107 97 67 48 42 42 27 18 19 19 25 35 37 37 33 33 36 36 37 
116 115 112 107 105 136 199 202 179 184 178 115 49 34 51 48 27 29 55 44 13 25 28 20 22 31 46 57 73 95 97 90 92 91 84 92 96 91 95 96 87 79 90 103 105 102 98 80 60 37 23 22 17 17 25 34 34 36 35 32 32 34 37 38 
116 114 111 106 105 127 183 205 187 188 171 99 46 48 47 26 19 41 57 46 26 32 36 19 24 26 43 60 77 89 99 90 89 86 74 81 94 95 91 92 94 88 94 105 108 104 97 73 44 26 21 23 22 28 27 27 35 36 31 30 32 33 36 40 
115 114 109 105 101 112 167 202 183 189 166 96 60 61 45 23 29 61 69 67 32 16 39 24 23 28 43 64 81 91 93 90 85 85 70 83 91 92 84 75 77 74 86 98 102 97 90 68 44 30 32 36 29 23 24 27 32 34 29 30 32 33 36 40 
113 113 109 104 98 103 162 207 177 191 166 98 77 76 43 19 42 68 66 56 24 11 42 33 23 29 38 64 79 91 99 98 79 70 67 75 85 81 74 63 65 66 76 94 104 101 94 76 53 37 33 24 19 22 27 27 32 31 28 29 30 33 34 36 
111 111 108 103 97 99 157 210 183 195 150 93 81 61 27 28 59 50 44 57 31 11 42 44 27 30 33 63 78 79 91 89 56 46 49 54 74 78 70 62 61 59 62 77 92 90 83 66 37 23 24 21 22 25 30 28 33 29 27 29 28 31 33 31 
110 111 108 102 95 100 147 208 190 182 128 74 67 55 40 46 63 43 41 59 38 12 37 55 34 31 33 60 81 81 86 76 54 37 36 41 53 72 62 55 55 58 59 72 87 86 77 58 34 22 23 21 27 29 28 26 32 28 27 28 28 30 31 29 
110 111 107 101 95 98 143 205 184 166 132 95 81 72 62 60 61 55 49 61 49 18 34 65 45 29 38 60 83 81 84 89 67 48 39 45 53 61 61 48 49 54 58 74 87 85 77 54 32 23 24 23 30 32 27 26 29 27 27 27 27 31 29 27 
110 110 107 102 96 96 136 203 189 155 126 102 90 87 66 53 47 52 49 61 60 28 30 68 57 34 39 63 80 80 77 91 79 69 60 62 67 61 57 50 43 53 62 74 88 86 76 48 30 24 28 30 33 32 27 26 26 26 28 27 27 30 27 26 
109 109 106 102 96 95 122 198 192 147 113 88 92 93 84 62 51 48 52 66 70 44 27 65 64 42 43 63 75 78 67 74 83 75 70 74 75 71 56 52 51 56 67 77 86 85 73 41 26 26 30 35 33 29 25 25 23 24 27 27 27 29 28 27 
108 108 106 101 96 95 110 179 194 152 112 86 106 95 91 72 56 50 56 69 80 70 36 51 58 44 46 64 71 73 62 67 81 74 70 69 70 65 54 43 49 63 70 78 84 84 68 35 25 31 34 34 31 26 25 24 21 23 25 26 27 28 29 26 
107 107 105 100 97 96 104 163 200 162 116 95 97 91 81 64 59 57 55 68 74 81 55 36 38 38 51 65 64 64 64 66 69 76 57 45 44 53 51 42 44 55 73 84 83 80 58 31 29 37 43 39 33 27 26 25 21 23 24 24 27 28 27 26 
105 106 103 100 97 95 100 138 198 174 129 123 106 96 75 64 66 64 58 68 70 72 65 38 26 22 39 48 51 51 51 53 45 54 44 28 32 38 36 34 39 49 63 81 87 80 50 29 32 40 43 42 31 27 27 24 21 22 22 23 26 28 25 23 
103 104 102 98 97 96 98 129 186 183 140 134 112 100 78 67 64 67 63 69 70 68 67 40 31 23 23 27 32 28 30 29 25 26 37 29 22 25 25 30 38 48 61 72 78 78 56 40 38 46 41 36 27 26 24 23 22 22 19 20 25 28 24 22 
103 103 100 97 96 95 99 115 157 196 165 136 116 113 88 72 70 72 67 71 63 65 62 43 35 37 35 32 30 23 18 22 26 30 32 42 29 22 23 32 43 52 63 68 73 66 44 47 54 58 44 31 25 23 23 22 24 22 16 19 22 25 24 20 
103 102 100 97 95 95 97 100 126 196 182 128 107 127 106 75 68 66 63 62 59 63 56 46 35 42 45 41 41 32 27 32 39 39 37 38 48 38 29 35 50 58 64 67 71 56 40 48 56 59 48 39 31 24 23 22 25 21 17 20 20 23 25 22 
101 101 100 97 93 94 97 98 111 178 194 139 103 132 127 97 75 58 54 55 54 63 55 49 41 45 44 40 44 40 41 41 39 42 43 43 43 48 44 43 54 61 64 69 72 52 44 54 61 54 35 29 34 32 26 23 25 21 17 18 19 22 24 25 
98 100 99 95 92 93 97 99 112 151 197 158 111 123 142 122 91 57 50 49 48 56 53 52 46 47 44 41 42 39 39 39 37 38 41 38 35 38 41 41 49 56 63 71 68 49 46 57 59 48 31 25 27 26 27 27 25 20 16 16 18 19 24 28 
96 100 99 95 91 93 97 101 107 125 183 183 124 111 139 141 116 76 52 44 46 46 47 47 44 43 42 39 35 32 33 32 30 31 34 35 35 39 40 40 47 54 65 75 64 50 48 51 47 37 28 27 26 23 21 25 29 21 16 16 16 18 23 27 
93 98 99 95 92 93 97 101 103 116 157 198 155 121 137 144 108 97 74 52 42 41 43 42 42 39 39 33 31 32 33 33 34 37 38 41 44 42 42 45 49 57 71 74 63 52 48 44 35 29 27 27 24 21 21 22 24 21 19 16 16 18 22 24 
87 94 97 95 92 92 97 101 103 107 123 181 192 141 132 151 82 100 87 56 43 37 36 39 38 37 33 28 27 30 35 37 39 42 43 44 46 43 46 53 57 65 74 71 63 50 41 36 28 27 28 27 22 22 24 24 22 20 18 17 18 19 19 20 
78 88 93 94 92 91 96 100 102 103 107 146 199 178 145 162 99 82 85 62 49 34 33 37 33 34 29 27 27 25 30 34 33 36 41 43 47 46 48 56 63 68 68 64 54 43 31 27 24 27 29 27 23 23 25 24 23 21 19 19 19 19 16 16 
70 82 90 91 90 90 95 98 101 102 103 119 170 200 169 160 129 62 67 57 51 37 36 39 36 35 25 23 21 19 27 32 32 33 39 43 47 49 53 62 66 59 55 54 45 35 28 25 25 27 27 26 22 22 26 27 25 23 18 20 17 16 15 15 
66 78 86 89 88 89 93 97 99 101 101 106 131 190 193 162 155 58 49 47 45 41 42 41 39 31 20 18 10 9 20 27 31 33 39 43 48 55 62 66 60 50 51 46 39 30 29 27 26 27 26 26 21 21 26 27 26 23 18 20 18 18 18 17 
64 76 84 87 88 88 92 95 98 99 99 101 111 153 196 176 166 80 61 49 36 38 41 44 39 22 17 13 3 4 11 22 27 32 36 39 49 69 73 65 56 50 50 47 38 30 29 28 27 28 26 24 23 23 25 24 24 23 19 18 20 20 18 17 
64 74 82 85 87 86 90 94 97 98 98 98 104 124 174 190 177 93 64 56 35 36 38 42 41 19 16 8 2 4 8 15 23 27 32 41 66 89 83 66 60 53 50 52 40 30 30 31 33 30 27 25 25 24 24 21 22 21 18 16 17 18 17 15 


48 55 67 77 81 82 85 88 89 86 83 78 73 70 77 86 80 57 52 57 96 99 53 52 119 84 65 76 78 88 38 27 25 24 21 17 15 14 14 13 12 13 21 45 71 88 91 80 67 65 69 71 69 75 87 98 104 103 106 108 110 110 106 99 
53 61 73 80 81 81 84 88 88 86 83 79 74 70 70 94 85 60 52 59 100 101 53 57 128 91 63 79 90 70 30 28 28 27 21 17 15 15 15 13 13 13 21 45 73 88 91 81 67 67 74 75 72 77 89 99 106 105 107 109 111 111 109 103 
58 68 77 80 80 81 84 86 86 84 82 76 72 69 68 83 99 66 51 61 97 107 55 63 140 87 71 86 99 44 31 37 41 27 21 18 17 16 16 14 13 14 20 42 72 88 91 82 67 70 79 78 72 77 91 104 110 109 109 110 111 113 111 107 
64 71 78 79 78 80 81 83 83 81 79 72 67 66 67 69 103 79 54 65 88 116 56 70 151 77 87 102 77 37 43 51 31 25 22 19 18 18 16 15 14 15 23 43 72 91 93 85 70 77 82 79 77 80 95 109 115 114 113 113 112 113 114 110 
67 75 80 80 78 79 79 80 81 79 76 70 66 65 66 64 86 101 63 67 79 124 62 79 156 75 102 105 54 43 61 48 37 27 25 23 19 18 17 15 15 14 27 47 75 96 96 88 76 88 87 84 84 87 101 116 119 121 121 117 114 114 115 112 
70 76 80 79 78 76 76 77 78 79 76 71 67 66 67 67 69 113 84 72 74 125 70 89 148 84 116 101 61 71 75 69 38 32 30 30 21 20 19 17 16 16 31 54 81 105 105 97 88 104 102 96 93 97 110 123 125 132 131 123 118 116 117 115 
74 78 80 79 79 76 74 76 76 78 77 73 68 68 69 72 73 100 115 82 74 126 82 103 143 101 139 103 93 107 90 65 46 53 53 48 40 38 29 24 21 20 33 68 100 130 132 127 125 141 139 121 116 118 129 139 142 149 141 130 122 118 120 117 
78 81 81 82 78 77 73 74 77 79 77 73 70 70 74 85 87 85 132 104 84 133 132 149 174 148 166 131 123 131 99 94 80 90 102 104 102 92 66 44 30 30 49 101 148 177 178 174 174 185 181 164 162 160 169 174 176 179 161 148 133 123 122 118 
79 82 82 84 76 79 74 77 80 82 80 77 75 77 82 106 113 108 142 138 114 163 222 218 223 215 197 178 166 159 138 130 130 146 168 166 161 143 114 85 67 75 104 159 203 216 204 192 187 191 191 193 196 195 203 206 208 205 188 175 149 130 124 120 
81 83 82 86 75 80 77 81 84 85 84 81 82 86 97 127 157 166 180 190 180 223 237 221 199 213 215 221 209 215 197 191 195 204 212 199 185 165 147 132 129 136 164 204 226 218 195 183 172 169 172 186 191 198 203 204 209 209 202 195 168 139 127 121 
81 83 82 86 75 81 78 83 88 87 87 89 94 99 117 157 208 206 200 209 209 232 200 194 167 174 187 223 236 248 243 242 233 233 225 209 191 170 159 154 161 154 155 173 173 174 168 172 164 154 150 155 164 181 186 184 184 191 196 196 179 155 136 123 
80 82 82 86 74 86 80 85 88 87 88 101 114 125 151 195 215 171 154 197 212 222 188 171 152 150 171 194 221 236 251 253 243 230 217 209 193 172 163 152 154 142 126 102 79 88 121 153 160 147 131 125 133 157 167 166 163 172 180 183 184 174 149 126 
81 83 81 87 74 89 81 85 88 88 91 112 139 162 185 182 167 144 157 200 184 199 205 171 148 137 154 165 174 190 217 243 251 234 212 201 190 174 162 147 137 131 128 94 68 54 69 119 144 131 116 106 105 124 140 150 153 162 160 164 182 185 160 134 
81 82 80 88 78 90 84 86 90 92 98 128 169 173 156 132 119 126 170 193 197 219 187 140 134 121 122 124 131 136 153 188 225 246 223 200 189 181 165 158 139 131 131 100 73 47 47 87 112 104 99 95 87 98 122 144 155 156 142 149 168 179 167 151 
79 81 80 86 81 89 86 86 91 97 113 145 189 171 114 102 97 116 165 191 209 198 143 120 118 97 84 74 84 89 103 141 186 228 228 212 194 177 168 164 152 137 132 117 83 33 26 47 80 85 81 83 82 96 123 149 162 154 137 142 151 166 171 174 
78 81 80 84 85 86 90 88 94 109 139 149 191 185 106 77 81 103 156 186 164 110 90 78 66 57 48 40 48 61 79 112 150 191 223 222 202 183 169 159 152 145 136 126 96 39 14 24 57 62 68 83 89 99 123 157 163 151 142 140 134 149 166 180 
78 81 81 81 89 83 91 90 100 132 159 131 183 181 99 71 72 86 144 182 157 75 70 61 29 29 41 38 36 44 65 89 119 156 203 228 211 197 171 150 144 148 134 127 105 50 17 33 61 51 72 82 84 86 113 148 151 141 135 129 119 127 144 166 
79 81 81 78 87 82 92 92 111 156 161 115 183 174 94 56 53 75 139 162 74 26 29 25 27 40 46 46 52 40 55 74 102 133 173 224 219 210 170 141 143 143 131 125 109 66 44 77 63 49 64 68 70 86 108 127 130 120 118 113 106 106 117 139 
80 83 81 79 81 85 92 97 120 169 160 112 185 169 98 54 42 77 138 140 52 17 15 19 21 35 42 43 55 40 45 67 92 118 152 221 239 212 170 146 141 136 130 121 106 69 83 88 32 28 34 44 72 102 102 102 106 97 96 97 92 91 96 113 
80 82 83 80 77 91 93 105 129 175 162 107 173 144 78 72 50 91 139 134 59 23 16 12 19 36 45 41 50 46 43 72 92 110 136 194 236 212 174 146 131 131 127 118 104 79 61 36 15 20 34 41 86 109 92 76 76 72 72 76 74 77 79 96 
80 82 82 80 80 92 101 117 142 175 168 121 166 51 34 69 68 118 144 128 83 27 16 7 21 43 43 42 43 51 46 69 84 106 132 169 206 215 178 135 122 120 122 121 115 84 44 18 14 14 28 54 94 112 98 67 49 54 62 69 63 59 70 89 
90 94 89 91 96 107 129 137 165 181 174 151 98 23 14 45 80 143 150 119 95 28 17 11 20 41 38 40 45 55 55 59 73 103 134 147 167 192 177 133 117 113 120 123 118 95 63 37 18 16 15 48 93 110 102 67 42 47 62 66 54 52 68 79 
132 142 125 122 128 138 155 162 181 181 164 148 100 50 17 30 108 170 139 105 82 24 15 12 22 38 35 29 43 49 58 54 65 99 124 136 138 155 168 134 118 115 110 115 118 108 95 60 24 14 12 21 69 91 83 67 50 45 50 56 53 50 55 61 
159 163 156 156 157 165 163 173 183 177 168 151 92 71 46 59 154 171 114 84 65 20 14 14 22 29 30 29 40 40 59 61 67 92 111 130 121 128 153 140 119 101 103 116 116 112 106 75 27 12 15 13 30 63 60 61 56 36 38 48 45 40 40 46 
165 172 174 171 168 174 169 171 175 171 182 139 89 70 69 140 172 144 76 55 45 23 15 17 22 22 22 27 31 35 57 66 69 84 102 115 109 115 141 138 115 110 105 103 101 102 98 75 35 13 14 13 11 41 59 53 34 22 27 36 36 31 34 42 
137 166 173 167 168 168 162 166 177 173 171 133 120 82 109 152 152 104 43 36 31 21 15 17 24 22 19 29 27 31 56 56 61 75 96 103 93 100 127 144 134 103 89 89 90 92 88 71 36 12 11 12 11 33 63 36 20 17 20 27 29 27 31 38 
84 118 152 162 166 169 167 171 182 180 167 160 112 99 136 128 114 55 31 23 20 17 15 16 25 22 21 31 24 39 57 58 64 78 93 102 97 100 108 131 140 120 93 85 82 77 73 61 30 10 9 11 31 34 33 41 20 16 17 24 28 26 29 34 
67 80 111 143 159 174 176 183 185 182 177 146 116 124 125 80 49 24 22 18 16 14 14 15 23 23 17 26 22 41 33 55 63 73 82 87 81 76 80 108 130 138 118 91 77 67 57 46 25 11 15 37 34 13 14 39 27 14 16 22 25 23 24 28 
78 76 79 113 141 168 177 182 181 178 168 127 117 103 77 32 22 21 20 19 17 13 12 13 21 28 19 30 27 32 31 48 62 64 70 72 70 69 67 86 111 132 132 103 78 63 50 38 29 31 42 36 12 11 10 20 36 14 13 21 24 21 22 25 
89 83 75 95 127 160 178 184 180 178 146 119 98 62 32 21 22 22 22 22 17 12 12 14 22 33 22 25 30 34 43 37 72 72 68 68 68 68 62 62 86 110 126 117 91 65 52 46 40 38 30 13 10 10 10 10 30 25 13 18 22 20 20 22 
101 105 98 97 131 164 169 177 174 163 143 124 64 30 23 22 21 22 23 25 19 11 13 15 22 34 28 21 36 30 52 45 60 66 70 71 71 71 72 62 73 95 112 119 107 77 56 47 39 22 10 9 10 11 10 9 16 36 19 19 22 18 21 22 
103 108 109 96 100 155 169 177 167 160 141 68 31 23 24 23 22 21 22 30 25 12 15 19 25 32 25 23 36 32 45 63 74 65 58 59 65 70 67 58 57 77 96 107 108 87 62 40 21 11 8 9 10 10 10 9 10 25 30 22 21 17 19 22 
90 92 94 95 91 147 173 174 162 158 92 33 31 28 27 25 24 19 25 38 22 13 17 19 24 35 31 26 26 34 41 62 70 85 78 62 55 55 50 46 49 65 87 103 102 81 40 23 17 9 8 10 11 9 9 9 9 12 24 22 19 16 17 20 
89 90 91 100 109 144 168 167 160 146 64 32 40 44 27 22 20 21 33 40 20 16 16 16 22 30 35 34 28 28 33 53 66 59 69 85 81 66 52 34 32 46 75 98 99 76 41 24 17 10 8 10 11 11 10 9 10 11 14 20 18 15 16 16 
92 91 90 94 116 144 167 163 160 119 57 41 43 45 18 18 18 21 35 35 18 19 13 15 18 21 34 41 40 32 34 49 68 67 52 53 65 76 72 60 55 60 66 80 90 85 50 26 16 9 9 10 11 14 18 19 15 12 12 17 17 14 15 15 
94 92 89 87 111 137 163 163 152 106 63 53 61 53 22 20 17 22 34 28 16 21 13 15 15 17 26 37 43 40 37 54 63 69 62 54 52 53 53 46 43 47 53 66 81 85 59 32 19 14 16 20 25 23 17 11 9 11 13 16 15 14 14 15 
94 93 91 86 96 127 169 163 136 104 82 66 75 49 21 22 24 24 27 22 12 18 13 14 13 15 19 36 40 41 39 52 64 64 63 57 52 52 49 38 32 42 55 69 80 83 70 47 33 24 21 19 18 11 9 8 10 13 13 14 12 13 14 15 
95 93 91 86 86 111 168 160 136 111 106 89 71 26 22 30 30 23 24 26 10 18 12 12 12 14 18 33 39 42 40 46 59 57 55 57 55 47 47 40 27 26 42 56 63 67 57 33 20 12 15 23 16 10 9 9 12 15 12 11 11 12 13 14 
95 93 91 85 81 101 162 152 133 120 128 96 41 16 26 34 23 17 34 29 8 19 14 11 12 16 18 30 34 45 41 42 48 54 44 48 54 47 44 42 31 27 34 50 54 56 47 26 19 25 27 16 10 9 9 12 15 13 12 10 10 12 12 13 
94 93 90 84 80 102 156 154 132 136 133 75 25 18 25 25 16 18 31 21 9 17 19 13 13 17 21 25 36 45 44 38 41 45 38 40 45 46 53 50 37 26 34 50 53 51 50 40 32 21 11 10 9 9 13 15 13 12 11 10 11 11 12 13 
93 93 89 83 80 96 145 158 140 141 129 61 21 23 23 16 13 22 31 24 20 26 24 12 14 14 19 26 42 44 47 39 37 37 33 33 43 42 40 45 51 43 46 57 61 58 49 29 16 11 10 10 12 16 14 10 11 11 10 10 11 12 12 13 
92 90 87 83 78 84 130 156 138 146 126 56 29 29 23 15 20 37 44 45 24 13 26 14 12 15 19 29 42 51 43 39 36 38 28 38 41 41 34 28 28 29 38 48 51 47 39 24 15 13 16 20 18 11 9 10 11 11 10 10 11 12 12 12 
91 90 86 80 75 78 124 160 132 148 125 58 44 46 25 12 28 47 44 31 14 9 29 19 13 14 18 31 39 56 63 55 43 29 25 33 41 34 28 21 21 21 27 43 55 53 46 34 25 21 17 12 9 9 10 10 10 10 10 10 10 10 12 12 
91 90 86 80 73 75 122 162 136 150 110 57 46 32 15 17 36 26 22 30 17 9 30 24 14 15 16 30 40 36 53 51 25 16 17 20 35 32 25 20 19 20 20 28 41 37 32 24 14 10 11 9 9 10 11 11 10 10 10 11 11 11 12 11 
89 89 85 79 71 75 115 160 142 136 87 35 28 25 20 25 40 23 20 32 21 8 26 31 17 14 15 28 40 36 40 32 19 14 13 14 20 32 22 18 18 18 17 23 34 32 27 19 13 10 10 9 11 10 10 10 11 10 10 11 11 10 10 10 
89 89 86 79 70 73 110 159 136 117 88 51 37 36 32 32 39 34 23 32 27 11 22 37 23 14 15 28 44 38 40 44 25 17 13 15 18 24 26 16 15 17 16 25 34 31 25 17 12 10 10 10 11 11 10 10 10 10 10 10 10 11 10 10 
90 89 86 78 70 70 105 157 139 105 81 54 45 51 39 29 25 31 24 31 31 15 20 41 30 16 16 31 43 37 35 48 33 27 20 22 25 21 25 23 14 17 19 24 34 32 26 16 12 10 11 12 12 11 10 10 9 9 10 10 10 10 10 9 
89 88 84 77 70 68 93 153 143 97 65 38 47 54 50 30 24 22 24 34 38 23 17 39 35 20 20 31 40 37 28 35 41 31 28 30 31 28 21 22 22 18 21 26 33 32 26 15 11 11 12 12 12 11 10 10 9 9 10 10 10 10 10 10 
87 87 83 75 69 68 83 139 148 103 63 38 62 53 52 35 26 23 26 36 48 40 19 30 32 22 21 32 36 33 23 27 42 31 31 30 30 27 21 15 20 26 23 28 33 30 24 14 10 12 13 12 11 10 10 9 9 9 10 9 10 10 10 9 
85 85 82 74 67 66 76 128 155 114 67 49 53 53 44 31 28 26 27 35 44 50 30 19 21 21 25 31 30 27 27 30 34 39 25 19 19 23 21 17 16 20 31 35 31 27 19 12 12 13 15 13 11 10 10 9 8 9 9 9 10 10 11 10 
84 84 79 72 67 65 70 106 155 127 80 79 62 59 36 29 32 32 28 36 40 42 35 18 14 13 17 21 23 21 23 25 20 29 25 12 13 16 16 14 14 15 21 34 37 29 17 11 12 15 16 15 10 10 10 9 9 8 9 9 10 10 10 9 
82 83 78 72 67 64 68 98 147 136 90 89 69 62 34 29 29 32 30 35 39 36 36 19 14 12 11 13 15 13 14 15 13 13 24 17 11 12 12 12 13 15 20 24 28 31 25 19 15 18 16 13 10 11 10 9 9 9 8 8 9 10 9 9 
81 80 76 71 66 64 69 85 122 153 120 88 72 72 40 31 32 32 32 35 31 31 31 19 15 16 15 14 13 10 10 11 11 12 14 25 16 10 10 11 13 15 19 20 24 24 17 21 24 26 18 11 10 9 9 9 9 9 8 9 9 10 9 9 
81 80 76 70 65 64 68 73 96 158 139 82 64 86 61 33 29 29 31 30 28 30 26 21 15 19 20 18 18 13 13 14 15 16 15 17 25 18 11 12 16 19 22 21 23 19 13 19 23 25 23 19 14 10 10 10 10 9 9 10 9 9 9 9 
80 79 75 69 63 63 67 69 81 141 151 95 59 92 83 51 33 25 24 24 26 31 26 22 19 20 20 16 19 18 17 16 16 16 18 16 17 23 19 15 18 19 20 22 26 19 16 23 28 22 14 13 17 17 12 10 10 9 8 9 8 9 9 10 
78 79 75 68 61 62 67 70 81 117 158 115 69 88 100 78 48 22 20 21 21 26 25 23 20 21 19 17 16 17 16 16 15 14 15 15 13 12 14 14 17 17 18 25 25 18 16 23 26 19 13 10 11 12 14 13 11 9 8 8 9 9 9 11 
75 78 75 67 60 62 67 72 78 96 145 141 81 75 101 100 73 35 21 17 19 19 21 20 20 20 18 17 15 14 14 14 13 12 12 13 13 13 12 12 14 15 19 28 24 19 18 20 19 14 11 11 11 10 9 12 13 10 9 8 8 9 11 11 
72 75 73 66 61 62 67 73 76 89 123 155 109 82 104 110 70 58 36 18 16 17 18 19 18 17 17 15 13 13 13 14 14 13 13 14 14 13 12 13 14 15 23 29 25 20 18 17 14 12 11 11 10 9 9 9 10 10 9 8 8 8 9 10 
65 70 70 66 62 62 68 73 76 79 94 145 149 98 99 123 50 66 51 21 16 15 15 16 15 16 15 14 13 13 15 14 15 15 15 15 14 13 13 14 16 20 28 29 24 19 16 13 11 11 11 11 9 10 10 9 10 9 9 9 8 9 9 10 
56 63 67 65 62 61 68 73 75 76 80 116 159 133 107 137 70 52 52 26 18 14 14 15 14 15 14 13 13 12 14 15 15 16 16 16 16 15 14 16 19 24 26 25 21 16 12 11 11 11 12 11 10 10 10 10 10 10 10 10 9 10 9 9 
49 58 62 61 60 60 67 71 74 76 78 92 136 160 127 130 101 35 40 26 20 15 14 16 15 14 12 12 11 11 13 14 14 14 15 16 16 15 15 18 23 21 19 19 16 13 12 11 11 11 11 11 10 10 11 11 10 9 9 10 8 8 9 9 
47 55 60 59 58 59 65 71 74 75 75 80 103 154 152 125 129 35 25 24 18 17 15 16 16 14 11 10 6 6 11 13 14 14 15 16 15 17 19 21 21 16 17 17 14 11 11 11 11 12 11 11 10 10 11 11 10 10 10 9 8 9 10 10 
47 53 57 58 56 58 64 69 73 75 75 75 85 121 158 134 133 53 34 26 15 15 15 15 15 11 11 8 3 3 8 12 12 13 13 14 15 24 27 24 20 17 17 17 14 12 11 11 11 12 12 10 10 10 11 10 11 10 9 9 9 10 10 10 
46 54 56 57 56 59 63 67 72 72 73 73 76 94 140 150 144 67 41 33 14 14 14 15 15 9 10 6 2 4 6 9 11 11 11 13 23 40 37 25 22 18 18 19 14 12 11 12 13 13 11 10 10 11 10 10 10 9 9 8 8 9 10 9 