


86 83 82 82 83 85 92 97 106 105 94 86 96 136 184 199 165 118 95 90 112 156 193 206 202 179 133 114 138 150 121 95 99 105 98 79 71 82 106 130 148 162 171 176 177 173 169 165 160 155 151 146 142 133 116 95 77 64 59 55 52 52 50 47 
85 83 84 85 93 111 118 114 106 90 79 104 155 196 200 162 111 91 102 141 181 199 196 185 175 165 164 172 174 162 137 104 78 69 62 62 83 117 144 161 173 179 180 178 175 171 167 164 160 156 154 152 153 151 142 128 108 86 70 60 55 60 65 55 
83 82 86 104 133 140 124 106 87 84 124 179 208 203 159 105 93 124 163 177 171 166 167 174 180 181 178 169 155 138 117 90 81 90 79 62 64 97 144 175 185 183 181 179 176 172 169 166 162 160 159 158 158 155 146 132 110 85 64 55 55 66 69 49 
79 81 105 144 151 123 98 83 84 124 174 195 193 168 120 107 141 175 167 138 125 128 133 141 152 159 160 155 137 107 78 73 95 125 135 115 85 65 73 116 161 179 182 180 177 174 171 167 163 161 160 159 158 154 146 131 107 80 59 53 63 65 50 35 
83 94 119 136 116 96 101 124 143 160 165 158 157 160 161 171 185 195 193 178 150 118 96 82 83 93 107 110 93 78 86 115 144 166 180 179 154 119 90 68 78 122 161 176 175 171 168 165 162 159 157 157 157 154 146 131 108 80 62 70 80 61 39 28 
141 140 120 103 96 127 173 192 189 181 174 177 192 205 212 214 214 210 204 194 179 155 128 110 101 92 80 69 60 58 78 121 164 190 201 202 196 177 152 125 93 69 82 125 157 165 164 161 158 157 157 159 161 159 151 135 113 89 81 83 64 38 27 27 
176 137 99 90 127 181 192 170 160 173 196 212 221 222 219 213 206 197 186 172 157 141 126 110 100 104 121 128 120 94 62 56 86 134 173 193 198 196 186 164 136 105 79 69 88 128 155 161 160 161 162 167 171 169 161 144 121 103 89 63 36 25 26 60 
152 114 107 140 191 208 186 140 109 106 119 136 156 173 182 185 183 179 170 159 145 126 102 84 84 104 135 158 166 152 118 82 57 51 65 102 144 173 184 183 171 146 118 98 74 67 102 147 165 170 174 181 185 182 171 155 134 101 61 39 29 24 45 123 
174 177 198 219 232 236 231 210 178 138 101 77 68 72 81 92 110 131 146 143 124 100 92 106 130 153 171 185 194 192 179 155 122 89 63 48 52 76 112 147 170 177 163 133 106 85 69 81 127 169 186 194 196 191 179 163 124 68 40 32 28 47 111 178 
227 233 236 236 237 237 238 238 232 217 191 154 114 86 67 57 55 61 73 79 77 82 112 147 172 189 200 207 208 208 205 199 186 163 131 98 71 54 47 56 84 124 159 171 145 105 89 83 76 104 160 195 201 195 184 161 98 54 38 30 48 112 164 188 
238 240 240 238 236 235 234 233 230 227 219 209 194 169 133 98 74 65 61 58 56 60 81 121 164 193 205 208 207 206 205 203 201 196 187 171 145 111 78 58 47 50 90 142 137 107 81 82 91 83 79 136 187 190 169 110 64 50 37 40 91 137 139 143 
189 198 205 213 222 226 228 228 227 225 220 215 210 195 173 144 118 111 112 101 81 65 59 61 76 105 141 171 189 197 198 197 196 194 192 190 186 173 149 116 89 99 134 122 112 100 92 89 80 74 67 68 127 146 100 62 47 41 38 71 110 105 85 78 
151 142 128 122 129 150 176 197 208 213 213 208 198 184 166 141 137 158 176 180 165 132 100 76 61 55 56 72 103 138 164 177 181 180 179 178 178 178 177 168 158 146 116 104 104 93 88 100 98 79 77 84 101 91 62 49 39 41 63 94 98 81 65 58 
195 181 156 124 100 90 90 97 113 134 149 157 162 166 171 172 171 180 196 204 200 187 167 136 108 94 78 71 79 106 141 140 124 123 128 138 150 160 164 162 147 119 105 110 109 85 66 89 145 120 92 90 89 79 62 44 34 56 82 89 81 68 58 51 
235 231 223 205 182 162 134 108 86 73 72 75 75 78 93 118 143 162 177 181 179 168 145 120 109 101 92 111 149 171 164 98 67 69 65 64 71 96 121 115 109 107 106 109 111 118 95 84 152 119 70 62 62 66 69 53 29 31 52 67 64 55 46 38 
240 237 231 224 216 203 181 155 123 94 83 89 89 80 72 69 72 82 103 126 107 94 103 89 73 71 92 148 145 102 96 66 57 60 57 53 46 50 61 72 82 77 89 96 121 136 134 127 133 103 80 62 49 39 42 42 32 33 31 34 43 50 50 45 
236 234 229 218 199 175 157 133 105 92 97 111 124 130 128 119 105 96 109 106 96 100 89 66 58 69 114 102 61 46 45 49 51 53 53 54 51 44 51 58 64 69 68 78 112 127 131 126 102 85 72 56 44 34 23 19 19 26 37 39 32 40 66 78 
195 207 208 189 162 140 114 95 95 106 119 132 144 150 152 149 146 126 104 105 105 83 70 74 122 153 144 76 65 71 67 61 48 50 55 58 56 56 52 57 60 65 63 65 75 96 110 99 85 72 60 49 44 60 49 29 22 22 26 29 31 33 42 61 
123 122 119 112 103 88 82 92 105 121 133 140 142 141 140 148 142 100 99 103 81 68 60 106 177 133 101 67 66 64 64 58 52 48 57 63 60 63 59 57 61 76 85 70 57 57 89 87 72 55 46 40 73 112 96 68 52 45 38 30 27 30 33 35 
163 136 115 101 92 86 80 77 82 93 103 112 119 125 130 165 134 95 100 91 69 56 54 78 118 73 47 52 61 58 55 55 59 59 55 64 64 63 64 56 63 117 119 84 70 80 94 78 58 44 37 47 89 95 90 85 86 90 87 74 55 37 31 31 
148 135 125 115 112 116 114 105 93 81 73 74 81 90 103 154 114 93 96 84 65 54 46 69 115 68 43 47 60 61 55 71 88 93 84 67 58 59 59 64 100 126 113 81 75 77 74 60 51 35 28 29 38 49 68 85 103 122 136 139 128 89 49 36 
111 108 105 107 115 123 127 127 122 112 102 96 90 86 90 136 113 104 90 88 64 53 50 74 140 74 53 61 71 80 84 93 94 89 89 76 63 57 69 95 133 133 114 80 73 74 58 44 37 38 36 31 29 30 32 40 64 103 133 130 102 70 41 32 
103 108 115 120 124 126 127 128 126 126 124 122 119 115 116 135 124 105 98 90 68 61 67 79 142 83 56 77 93 91 89 88 88 85 90 82 70 97 122 132 155 145 89 73 68 63 47 37 48 70 71 70 79 88 84 67 47 44 56 53 34 26 26 27 
91 102 111 117 120 123 126 127 128 128 127 127 126 132 152 156 147 115 93 82 76 85 104 112 85 73 70 100 90 88 92 88 74 76 92 85 75 126 149 138 142 120 73 56 50 44 35 41 68 69 71 84 116 142 145 123 84 53 36 29 31 36 39 38 
58 63 69 75 81 87 96 102 108 114 117 121 124 145 150 151 135 110 82 81 89 97 92 103 83 83 87 93 85 84 78 68 60 89 96 88 73 102 142 132 109 76 67 73 55 37 45 69 85 78 88 107 133 151 151 126 87 55 36 23 19 22 29 40 
52 52 53 53 53 52 53 55 58 64 69 76 82 125 155 153 132 100 73 73 80 77 77 105 114 86 80 79 74 76 75 80 95 102 101 86 78 98 143 109 89 88 99 89 58 79 123 122 109 101 112 128 144 153 148 122 83 53 37 26 17 16 17 26 
60 59 58 57 55 53 52 51 50 49 48 47 47 84 129 131 136 106 81 73 67 72 82 158 157 101 84 81 70 64 85 107 112 108 105 87 82 93 113 97 105 103 84 55 67 135 144 134 124 122 128 135 140 144 139 115 77 50 36 27 19 17 15 17 
95 93 91 89 87 84 83 82 81 80 80 79 77 85 120 123 135 126 110 90 76 73 120 170 112 89 80 73 79 71 72 78 84 95 113 97 89 68 62 105 101 83 52 35 66 95 100 102 109 123 139 146 142 135 121 98 67 44 31 24 21 18 14 13 
120 121 122 123 122 122 122 123 121 120 120 119 117 115 126 138 155 152 104 94 77 81 152 157 91 81 74 69 74 66 52 62 68 103 124 105 89 63 52 73 66 52 41 47 48 48 46 44 50 66 87 102 110 109 102 90 74 58 45 31 21 17 14 13 
117 120 123 124 126 126 127 127 126 126 125 125 123 120 120 140 146 136 98 81 60 83 156 126 88 69 75 78 82 63 75 97 127 141 113 117 102 79 47 44 38 38 72 78 73 69 68 65 62 57 51 45 44 49 51 52 56 61 59 46 28 19 23 31 
84 90 96 102 107 111 115 118 119 120 121 121 116 109 117 126 135 104 83 77 76 94 132 107 80 76 80 86 72 52 73 100 140 97 61 77 100 93 57 36 49 87 105 103 101 98 97 98 98 93 84 70 75 96 98 95 87 74 59 42 28 25 44 66 
48 50 53 57 62 67 74 79 83 88 92 95 91 88 102 122 122 137 98 77 78 99 128 97 74 79 86 87 48 57 91 120 82 59 51 45 51 79 78 76 101 108 106 104 103 102 102 103 102 98 90 80 101 138 154 161 156 131 92 52 27 37 84 115 
44 44 44 45 45 45 46 47 47 48 50 52 52 53 64 112 114 135 131 97 78 111 123 90 79 91 102 76 74 107 128 135 126 84 82 51 36 50 92 106 107 105 103 103 101 101 102 103 101 97 88 83 105 137 157 168 161 132 85 42 23 44 101 141 
71 72 72 70 68 68 66 65 64 64 64 64 63 64 65 71 107 132 136 143 92 117 112 86 100 110 101 108 125 130 105 94 159 143 109 50 53 90 103 104 103 102 101 100 99 99 101 102 101 96 90 98 118 141 161 167 150 111 63 31 29 50 97 134 
104 107 106 105 103 104 107 108 108 106 102 101 100 103 106 109 109 131 146 172 110 116 104 116 147 138 131 128 113 88 62 49 88 162 105 62 71 78 81 83 85 86 88 89 91 92 96 99 99 98 103 121 139 157 169 162 132 83 42 36 60 72 90 115 
114 117 119 123 129 134 139 140 137 127 112 104 107 113 119 124 122 120 132 167 133 126 124 143 150 139 120 101 80 66 57 49 52 103 90 86 85 83 82 81 81 81 81 83 83 85 88 94 98 104 119 140 159 177 177 154 108 57 32 68 108 107 95 96 
128 136 143 149 154 156 156 154 143 125 103 91 101 111 117 119 117 118 123 128 130 129 128 134 143 139 115 96 82 68 60 53 48 58 79 97 105 106 105 103 101 100 98 96 95 94 96 98 99 106 121 144 173 187 177 138 82 40 44 107 140 134 112 88 
137 149 155 158 160 159 158 152 135 108 80 78 96 110 115 116 117 121 124 127 128 126 122 123 140 146 127 99 84 72 63 58 53 52 61 78 92 99 99 100 103 103 103 102 101 100 100 101 99 102 113 144 177 183 162 113 60 35 69 130 154 149 122 85 
144 149 152 152 149 145 140 129 109 81 63 74 96 112 118 118 118 120 124 126 126 122 119 119 128 139 130 107 90 79 70 65 62 59 58 63 70 75 78 89 100 104 105 104 103 103 102 102 98 94 101 137 162 159 127 76 39 38 88 134 149 143 118 83 
122 124 125 124 121 118 115 106 92 78 74 87 103 117 120 119 120 121 124 126 124 122 121 121 123 129 131 125 112 96 82 73 68 65 64 64 63 64 75 92 104 107 106 105 105 105 105 103 97 87 91 118 129 115 78 45 29 44 84 116 125 119 102 77 
64 68 75 85 95 102 106 101 93 88 92 103 113 121 122 121 121 122 124 126 126 125 125 125 125 125 130 135 133 120 100 83 74 70 68 65 61 65 82 100 108 108 106 105 106 105 105 102 94 85 90 98 93 72 47 31 26 43 68 90 94 89 83 70 
80 71 64 61 62 68 74 77 81 83 93 107 115 123 124 124 125 125 126 129 128 127 127 126 126 125 126 132 135 131 118 100 85 75 69 64 59 64 82 100 108 106 105 104 104 104 103 99 91 88 94 93 80 59 39 27 27 36 50 61 63 62 69 71 
147 143 133 121 108 97 88 78 70 70 76 84 92 101 107 114 120 124 127 129 129 129 128 127 127 127 127 128 131 132 125 114 99 86 74 64 57 58 76 96 106 106 104 103 102 101 99 93 91 99 105 99 82 58 37 29 29 36 46 57 60 64 74 79 
166 166 163 157 150 143 133 118 104 97 101 100 97 92 90 91 91 96 102 109 115 120 123 125 126 127 127 127 128 131 132 126 114 100 84 69 60 57 69 89 104 107 104 102 101 98 94 91 111 130 132 118 90 59 35 29 31 41 56 66 72 79 84 83 
159 161 160 158 155 152 146 135 125 123 129 132 130 127 124 120 112 103 96 93 93 95 98 101 106 111 116 120 123 128 138 142 133 112 93 77 65 58 62 79 97 107 106 103 100 96 96 126 166 177 166 136 94 58 38 33 34 46 61 73 80 86 85 75 
159 160 159 157 154 151 145 136 128 125 133 137 136 136 135 136 136 133 127 119 114 110 106 103 101 100 100 101 104 110 128 141 138 119 100 87 74 63 59 69 88 101 106 104 101 98 134 189 209 204 176 128 82 53 44 40 41 50 69 83 87 86 77 65 
151 154 156 158 156 153 147 136 124 117 120 126 132 140 144 147 148 144 136 128 125 123 123 122 121 119 116 113 111 110 120 140 146 136 113 97 83 67 58 58 73 90 102 103 99 113 173 208 212 194 147 94 61 52 51 46 48 62 78 87 85 76 65 55 
145 147 149 150 148 145 140 130 115 103 99 107 124 145 160 168 173 169 158 145 133 125 120 117 117 118 118 119 119 118 121 136 147 142 124 108 95 79 61 52 58 74 90 96 99 133 172 187 178 143 96 62 58 67 69 72 84 96 96 90 76 63 54 46 
115 115 118 122 122 121 118 114 110 97 88 97 119 142 159 172 181 181 171 155 136 121 109 98 90 89 91 94 98 99 101 107 117 116 108 98 94 86 73 57 50 59 73 84 102 135 147 140 117 87 64 54 64 76 88 111 130 131 117 91 68 55 47 41 
56 56 58 64 71 78 88 97 98 92 90 102 123 141 152 161 167 170 163 147 128 111 94 78 64 56 55 56 58 61 65 68 73 74 72 68 70 71 65 54 47 46 55 69 96 111 107 89 71 60 50 50 63 78 99 131 148 151 134 100 70 50 41 38 
78 75 73 76 85 95 99 97 89 87 89 101 121 138 150 156 159 159 154 142 123 103 86 71 60 52 45 42 41 42 43 45 47 47 47 46 47 47 47 44 43 42 45 54 69 76 73 63 54 48 43 46 53 63 87 120 149 155 141 114 77 45 36 35 
114 107 100 96 92 91 89 85 79 77 83 94 109 121 131 137 140 140 137 129 116 100 85 73 64 57 51 47 44 44 46 47 47 48 47 46 46 48 52 56 57 54 51 50 54 62 66 63 52 41 37 39 43 50 70 105 143 152 141 116 73 37 30 28 
127 120 111 106 103 101 98 94 89 85 88 97 105 111 113 112 111 108 105 102 98 90 80 71 63 57 53 50 48 48 48 49 48 48 48 51 61 75 85 87 83 75 65 55 58 68 73 64 47 35 32 34 39 46 62 96 132 139 122 96 56 30 26 26 
130 129 127 129 132 132 132 130 125 120 116 117 119 121 121 117 110 102 96 90 85 78 73 65 58 53 51 49 47 46 45 45 45 47 49 54 68 87 102 106 99 89 76 66 73 82 82 66 45 31 29 31 34 42 54 77 100 101 87 65 38 25 23 26 
123 129 135 140 144 148 150 152 152 150 146 141 137 135 134 133 131 129 125 120 113 102 88 72 56 48 45 44 41 41 41 44 51 57 60 60 63 76 94 106 108 98 85 81 87 89 84 64 43 29 27 27 29 35 40 51 63 61 51 38 27 25 24 28 
103 113 122 131 147 153 156 158 159 157 155 152 150 147 146 145 145 144 145 145 142 135 123 105 83 60 47 44 45 49 52 53 53 54 57 59 60 63 75 91 102 103 96 99 108 106 91 66 43 29 24 23 26 31 35 39 41 38 32 28 27 28 32 38 
127 128 127 129 138 144 148 151 150 150 150 149 147 146 147 147 147 148 147 147 148 148 142 132 116 96 75 62 63 72 82 90 92 90 84 76 66 57 54 68 87 99 109 124 135 127 100 68 43 27 23 21 23 30 34 34 34 34 34 32 32 33 37 45 
131 137 140 143 146 149 152 152 151 150 148 145 143 142 143 144 145 147 146 145 143 144 145 143 136 125 112 99 91 92 97 101 105 109 109 101 92 80 68 68 83 100 116 138 143 131 97 63 40 28 25 24 26 31 33 34 35 35 36 35 33 33 37 39 
113 121 131 138 144 148 150 151 150 149 144 141 139 138 140 142 145 148 149 148 146 145 143 144 143 141 135 127 117 108 102 100 97 96 94 93 90 81 75 77 87 102 119 136 138 120 86 56 38 33 32 30 28 31 34 35 35 33 31 31 29 30 32 32 
108 114 122 130 136 141 143 144 142 140 137 134 133 132 133 137 142 145 147 148 147 146 142 141 141 140 140 137 132 124 113 97 82 75 73 71 73 72 73 78 82 89 107 128 134 114 79 53 39 37 36 34 30 30 34 37 37 34 30 28 27 29 32 31 
97 99 103 109 114 118 121 121 121 120 119 118 119 121 123 126 130 135 138 139 139 138 135 132 129 129 128 124 117 108 98 85 72 68 71 76 80 83 81 79 80 78 95 128 139 118 77 51 43 43 42 37 33 32 34 36 36 34 30 27 26 28 32 31 
74 75 75 78 82 85 88 89 89 90 91 92 95 98 100 103 106 110 114 116 117 116 114 111 108 106 102 97 88 76 65 57 56 60 68 76 81 82 80 76 71 68 98 140 149 122 78 52 51 57 56 46 38 35 34 33 33 31 27 23 21 23 26 28 
59 56 53 54 56 58 61 63 64 65 67 68 70 71 72 73 75 78 82 85 87 87 86 85 85 84 80 72 62 52 46 42 43 48 55 61 62 61 60 58 57 62 107 145 146 110 68 50 57 69 69 56 44 37 35 33 33 31 26 23 18 18 21 23 
66 61 57 55 54 57 59 60 59 59 60 64 66 65 63 62 62 64 67 69 71 73 74 75 74 72 68 61 52 49 48 47 46 47 48 45 44 43 41 41 40 56 110 141 133 95 59 49 61 77 77 64 53 42 36 34 34 34 32 29 25 24 23 23 


131 130 131 132 133 132 132 135 140 137 124 115 118 144 178 191 173 143 124 116 128 157 183 194 192 179 150 131 146 158 137 110 104 100 90 76 72 83 104 124 140 152 161 167 167 166 163 160 158 154 150 147 146 139 125 108 93 81 76 73 71 71 69 68 
131 131 133 136 138 145 147 146 137 120 107 122 158 188 194 170 137 119 122 146 175 189 188 179 169 163 160 162 161 154 136 115 99 89 80 74 89 116 139 154 165 172 175 174 171 169 166 164 162 158 155 155 155 152 143 129 112 91 75 69 67 71 73 66 
132 133 135 143 155 159 151 135 116 109 134 174 196 196 169 131 119 136 162 173 170 165 164 166 170 172 169 160 147 130 112 93 91 104 101 87 85 108 146 171 181 181 179 177 175 173 170 168 165 162 160 160 160 156 146 132 112 89 68 59 61 70 68 51 
129 130 141 159 165 149 129 111 108 134 170 187 189 176 144 129 155 181 174 147 136 138 141 148 154 157 156 150 133 107 81 78 97 127 144 135 112 92 93 125 161 178 181 179 177 175 172 169 166 164 161 160 160 155 144 130 109 83 63 59 67 69 54 39 
128 134 147 156 143 124 123 135 151 163 169 166 169 172 169 174 185 191 186 171 151 130 116 107 106 111 119 119 101 84 91 115 142 162 176 179 165 141 115 92 96 130 162 175 175 172 169 166 163 160 158 157 156 151 140 125 105 82 66 73 81 64 42 31 
157 157 148 134 123 139 171 186 185 179 176 179 188 197 201 202 201 197 189 180 167 151 135 128 122 116 106 93 81 77 92 126 162 184 195 197 192 181 166 145 116 91 98 132 158 165 164 161 159 157 155 154 154 148 137 123 105 87 83 85 67 42 30 30 
178 155 128 120 146 184 193 179 170 176 190 202 207 207 204 199 193 185 175 161 145 131 121 114 111 123 141 146 135 109 82 78 102 140 171 188 192 190 184 171 153 129 102 87 100 132 154 158 158 156 155 157 156 151 140 125 107 98 89 64 39 28 28 60 
171 144 135 156 192 205 189 155 133 129 135 146 158 169 176 177 175 170 161 148 133 117 98 85 86 106 137 164 176 166 135 103 79 72 85 114 148 170 179 178 171 157 138 117 91 82 108 142 157 160 161 164 163 158 146 129 116 97 62 40 31 27 46 116 
195 201 215 224 224 222 215 199 178 151 123 100 90 92 100 108 119 132 143 138 119 98 91 104 125 146 163 177 187 190 183 166 139 108 85 72 74 93 122 149 166 170 162 144 125 104 87 92 124 155 166 170 169 163 150 138 113 68 41 33 32 49 105 163 
231 242 247 248 245 240 233 225 218 208 190 162 130 103 86 77 76 81 88 92 89 89 111 140 163 178 190 196 199 198 196 192 184 169 146 118 93 76 71 78 100 129 154 161 139 113 105 96 89 106 143 168 171 165 157 143 94 53 38 32 51 111 156 175 
228 236 244 248 249 249 247 242 235 227 217 207 193 171 141 111 92 82 78 76 74 77 93 124 159 183 194 197 197 196 194 192 191 188 183 172 154 127 101 81 71 71 93 110 90 68 68 88 103 96 85 121 159 164 149 102 62 48 38 42 94 139 137 137 
195 198 204 218 233 243 247 249 248 244 237 225 212 195 172 147 124 115 117 110 95 82 77 80 93 116 143 167 182 188 190 189 187 186 185 183 181 174 158 134 110 100 97 69 58 53 47 59 63 75 75 73 116 131 92 58 45 40 40 71 111 108 90 82 
171 163 151 142 150 173 203 227 240 244 241 234 220 201 181 151 135 147 163 169 159 137 114 95 80 73 76 89 113 141 162 175 179 179 178 178 176 176 174 168 155 120 70 52 54 55 52 51 50 52 55 67 90 83 58 46 39 43 64 91 94 80 68 63 
191 183 168 144 124 116 117 127 148 171 188 195 197 202 205 198 180 171 181 190 189 182 168 144 123 110 99 97 108 127 154 156 141 133 135 146 158 165 166 154 115 75 54 57 66 81 76 78 96 75 58 56 57 55 48 40 38 62 83 85 76 66 59 54 
221 221 220 210 195 179 156 132 110 96 95 97 98 102 119 141 156 162 169 175 174 169 159 139 132 127 116 127 168 180 170 122 98 94 80 75 88 113 128 101 79 68 59 66 90 125 110 96 118 83 56 50 44 40 40 42 40 44 61 72 66 57 49 43 
237 238 238 235 229 217 195 170 140 111 99 103 101 94 87 86 90 96 110 119 93 88 108 101 91 97 119 163 162 114 98 72 77 84 78 70 55 67 80 75 68 58 59 74 122 145 141 131 113 86 71 56 46 37 34 42 50 50 46 47 54 60 62 58 
245 245 243 234 216 192 173 150 122 106 110 124 136 143 142 135 121 107 109 109 104 114 100 68 54 89 138 124 82 56 46 46 55 70 71 73 65 58 71 76 67 57 53 75 120 137 140 132 100 79 65 52 44 36 34 34 35 43 54 55 49 57 87 102 
215 227 226 208 181 161 140 119 115 124 135 145 154 161 164 163 155 118 114 127 131 108 96 97 131 161 153 94 80 89 82 62 42 54 71 73 73 70 57 72 73 61 56 62 76 107 121 100 79 65 55 47 47 73 67 47 39 37 41 46 47 49 62 85 
145 147 145 136 127 116 112 120 130 140 150 156 157 157 156 163 144 105 120 126 104 91 82 120 180 134 107 85 89 84 81 74 57 43 63 75 60 69 69 60 72 74 80 64 54 66 90 80 66 52 46 43 86 135 121 93 74 64 55 47 44 44 48 52 
185 162 142 125 112 107 104 104 107 115 125 133 139 144 148 175 136 105 112 104 77 67 61 91 137 90 50 51 70 70 68 68 69 55 53 69 71 66 74 60 66 107 101 70 72 81 85 71 55 44 39 61 114 125 120 116 116 117 109 94 74 54 47 47 
185 176 165 149 134 133 130 121 111 103 98 99 104 111 125 153 94 84 96 92 61 44 36 88 140 90 53 42 37 50 46 60 66 57 49 47 61 67 67 68 91 104 87 69 77 75 69 56 48 37 37 47 61 76 97 113 129 146 158 160 146 107 68 54 
167 161 152 148 151 155 155 152 147 139 129 119 110 104 107 136 107 116 106 107 77 52 41 92 157 78 37 37 36 45 51 56 53 44 43 43 48 55 64 79 103 96 82 70 69 70 57 44 40 51 57 52 49 50 54 63 87 126 153 148 120 88 63 56 
154 156 158 162 163 161 158 156 155 153 150 146 140 133 131 128 124 112 105 90 70 63 59 75 142 71 35 41 47 46 51 51 45 40 45 52 58 88 98 97 111 103 71 67 66 61 47 40 67 103 103 101 110 119 115 97 75 69 78 71 53 44 46 49 
137 143 148 150 151 151 151 150 150 149 148 147 145 149 165 160 142 101 80 71 65 65 80 86 61 49 44 73 55 48 47 45 37 36 48 55 64 122 125 114 113 100 68 55 50 44 37 48 101 111 112 125 155 178 182 163 126 87 64 51 49 51 55 57 
95 98 102 105 110 115 121 127 132 135 139 140 142 156 174 183 145 98 69 83 85 80 72 75 54 50 48 54 47 47 37 33 31 42 50 61 61 78 101 101 91 69 63 67 52 40 47 81 123 120 128 147 171 190 190 168 132 94 68 48 40 40 48 65 
87 87 86 85 85 84 86 88 91 94 99 103 109 138 179 189 152 90 70 88 94 79 64 81 89 53 42 39 34 35 37 49 66 59 50 50 47 59 95 81 74 81 92 81 56 99 154 162 153 145 152 165 179 192 188 165 128 94 71 54 41 33 33 50 
93 92 91 90 88 86 84 84 83 81 80 79 79 103 147 176 163 99 72 80 69 69 77 151 148 70 50 41 34 31 60 110 120 109 66 44 54 71 91 88 96 95 76 54 82 172 186 177 168 165 170 174 179 184 180 160 123 90 68 54 43 33 29 33 
122 119 117 115 113 111 110 109 108 107 106 105 103 109 129 152 142 113 91 75 67 63 105 162 86 54 47 37 36 46 83 94 98 101 66 47 52 54 60 97 93 75 49 42 89 128 138 143 151 164 176 180 179 176 166 146 112 82 61 50 41 33 28 27 
144 144 143 143 143 142 141 141 142 141 140 139 139 143 148 140 141 123 89 85 74 67 135 133 55 50 39 34 34 47 67 79 80 79 65 53 57 53 51 66 59 49 45 59 65 68 71 74 82 101 121 136 145 147 142 130 110 89 74 57 41 31 27 27 
141 142 144 144 146 146 146 147 146 146 146 145 147 151 154 161 132 106 79 68 50 62 138 83 52 43 37 37 57 64 87 109 114 90 71 63 54 51 45 44 40 44 84 94 91 89 87 85 82 78 73 71 73 79 83 82 82 85 84 69 47 32 37 48 
113 117 122 126 130 133 136 139 141 142 142 143 143 144 147 164 150 90 63 54 56 71 104 60 46 39 37 59 69 55 81 101 116 74 49 51 51 50 42 38 55 98 118 117 114 114 113 112 111 106 98 86 95 117 118 115 107 93 80 63 46 42 64 90 
83 85 87 90 94 99 103 107 111 114 117 121 123 125 132 152 170 144 84 60 70 94 105 54 41 37 50 77 49 54 77 102 68 53 48 43 39 45 53 79 112 121 120 118 117 117 117 117 116 111 102 93 117 155 168 173 167 142 104 65 39 58 118 149 
83 82 82 82 83 83 83 82 82 82 84 86 89 90 96 124 143 175 133 85 60 97 93 52 42 55 84 65 62 79 89 108 110 73 72 48 38 51 98 120 122 120 119 117 116 116 116 117 116 110 100 96 122 153 171 180 172 142 97 54 31 63 136 176 
113 113 109 105 102 100 98 96 95 96 99 103 107 109 109 108 127 155 165 136 73 99 78 51 69 93 84 85 93 93 76 85 149 124 93 49 61 104 120 120 120 118 117 116 115 115 114 116 115 109 105 114 135 156 173 177 160 122 74 40 39 68 130 170 
146 146 143 137 132 130 131 133 134 135 139 146 152 154 152 148 145 147 147 166 91 95 78 99 129 116 105 98 86 70 55 53 93 147 90 71 92 99 101 103 104 105 106 107 109 109 110 113 113 113 124 143 157 171 181 172 143 95 53 50 78 94 118 150 
146 148 150 154 161 170 176 179 177 167 158 155 162 163 162 162 157 150 153 173 138 133 132 141 132 116 100 84 69 59 54 50 58 104 96 103 104 103 102 102 101 101 101 101 102 103 104 108 111 122 143 163 178 190 188 165 120 69 44 90 134 133 120 125 
161 174 186 196 204 208 210 207 196 177 157 147 157 162 160 157 150 150 158 165 166 164 157 148 141 128 104 86 73 61 55 52 52 66 90 111 120 122 120 119 117 116 114 112 110 110 109 111 113 125 145 168 190 199 188 150 94 51 60 134 169 163 138 113 
179 198 207 212 215 215 214 208 192 163 134 131 149 157 153 149 150 156 161 166 166 160 150 143 147 140 117 91 76 65 57 54 53 54 66 88 104 110 111 113 118 120 118 116 115 114 114 114 112 119 134 163 191 195 175 126 71 46 93 161 185 178 148 108 
193 200 205 206 203 197 189 177 157 129 110 123 142 150 146 146 149 153 156 159 157 148 141 140 143 142 125 101 84 73 64 60 58 56 57 63 72 76 82 98 113 119 118 117 115 114 114 113 108 105 115 150 172 170 140 89 50 53 115 165 180 172 144 105 
171 173 172 169 164 158 153 144 133 123 122 132 139 144 141 142 144 147 149 149 145 142 141 140 140 141 136 124 108 91 76 67 63 61 60 59 58 61 79 102 116 120 119 117 116 115 115 112 104 95 100 124 134 122 87 54 39 60 111 145 155 148 126 95 
103 106 116 127 136 140 139 135 133 135 137 141 141 142 142 142 143 143 144 143 143 144 142 142 141 141 142 140 132 115 95 78 69 65 63 61 59 66 90 111 120 120 118 117 116 115 114 110 101 92 96 103 97 75 51 36 35 59 92 115 119 112 102 84 
114 106 100 99 102 105 108 110 117 125 131 138 138 144 148 148 146 145 145 145 145 145 144 142 142 141 141 142 140 130 113 94 79 70 64 60 58 67 91 112 120 120 118 116 115 114 113 106 97 94 98 97 83 62 43 33 35 48 65 77 78 74 80 83 
170 165 154 143 132 123 115 106 102 103 107 111 116 126 133 139 142 143 144 145 145 144 144 143 142 142 142 141 140 135 124 108 93 80 69 61 57 62 84 108 119 119 117 115 114 113 110 102 98 106 110 103 85 60 41 34 36 44 56 67 69 72 84 91 
185 181 175 170 164 159 151 142 133 127 125 123 124 122 120 117 115 117 121 127 132 136 139 140 141 142 141 141 140 138 134 124 110 95 79 66 59 58 76 99 116 120 118 115 113 110 105 102 122 142 143 126 95 62 41 36 40 51 67 77 82 92 100 101 
176 175 173 171 168 166 162 157 152 149 149 150 154 153 149 142 130 121 116 113 113 116 120 123 127 130 133 135 137 140 145 144 132 109 90 75 63 57 66 88 108 118 118 115 112 107 107 141 183 193 180 146 100 62 43 42 46 57 73 87 99 111 114 107 
175 176 174 173 170 166 162 157 153 151 151 154 157 158 158 155 149 145 140 135 131 129 126 123 122 122 122 123 125 128 140 146 139 117 97 83 70 60 59 75 96 112 117 115 111 109 149 208 227 221 190 138 87 58 51 52 53 64 88 110 122 124 116 102 
168 171 173 173 172 169 164 156 149 144 144 150 158 165 169 169 166 160 153 146 143 141 139 139 136 135 132 130 129 128 135 148 148 134 109 92 78 64 56 61 80 100 112 113 110 126 189 224 229 210 160 103 67 62 65 63 69 91 116 130 131 120 102 82 
162 165 167 167 165 162 157 149 141 131 129 138 156 177 191 199 200 195 184 171 159 150 143 137 135 135 134 134 134 134 135 147 151 141 121 103 91 76 59 52 63 83 101 108 110 145 184 200 191 154 104 67 68 84 90 99 121 140 147 140 121 99 79 62 
137 138 142 145 146 144 143 143 139 121 109 123 148 174 194 207 212 211 201 185 170 156 142 129 118 113 113 115 117 119 120 124 128 122 109 98 93 84 70 55 52 64 82 94 112 143 155 150 124 92 67 61 79 98 118 149 173 178 167 137 105 82 67 57 
84 86 92 99 107 113 120 127 126 121 123 135 154 171 186 197 203 203 196 179 162 147 131 114 99 88 84 84 85 88 91 93 95 93 86 80 80 79 73 63 55 56 65 81 107 120 117 98 77 64 57 64 86 107 136 170 190 195 177 141 101 74 61 58 
103 100 98 101 108 114 116 113 110 115 125 137 153 167 180 188 192 192 188 176 158 138 121 107 95 85 76 70 68 69 70 72 73 73 71 69 68 68 65 62 59 57 60 70 84 88 83 69 58 52 55 65 81 99 127 164 192 198 182 151 110 71 59 59 
133 125 118 113 110 107 104 100 96 100 114 129 144 154 161 167 170 172 170 163 152 136 121 109 101 93 84 78 74 74 74 75 75 75 73 72 70 68 68 69 66 62 58 57 60 66 66 61 52 45 50 62 74 87 112 151 188 195 183 154 105 62 54 52 
143 134 125 119 115 112 109 105 101 100 109 124 137 144 145 144 143 141 138 135 131 124 115 105 98 92 87 83 80 77 77 76 75 74 73 74 79 85 89 87 81 72 61 53 56 64 67 60 48 41 47 60 69 80 103 142 176 182 164 133 86 54 48 45 
145 142 139 139 140 140 139 137 133 129 129 134 141 145 146 143 138 131 124 118 114 109 103 97 90 85 81 79 76 74 72 72 72 71 71 72 80 90 99 101 93 83 71 61 67 75 76 62 46 40 47 57 62 72 89 118 142 143 126 100 66 47 41 40 
141 144 147 149 152 154 156 158 158 156 154 152 151 150 150 149 148 146 142 136 130 123 112 99 86 78 74 71 69 67 67 70 75 79 80 76 75 82 93 101 101 92 80 75 81 85 79 62 45 39 45 49 52 58 66 83 98 96 83 66 49 41 38 43 
126 134 145 151 161 163 163 164 164 165 165 163 161 159 157 157 156 156 155 153 151 145 134 120 103 87 76 72 71 73 75 76 75 74 75 75 73 74 83 93 99 98 91 96 109 108 91 65 45 37 38 40 42 46 52 62 68 65 57 49 45 44 50 61 
144 145 146 149 158 162 164 162 155 156 159 160 158 158 158 158 158 158 157 156 155 153 148 138 126 112 98 89 88 93 99 104 106 104 100 92 83 74 73 82 92 99 106 126 141 133 102 68 45 34 32 32 36 43 49 55 58 57 54 51 51 54 62 72 
146 148 151 153 156 158 160 159 156 155 157 156 155 155 155 156 156 156 155 153 152 150 149 146 140 131 121 112 108 108 112 115 118 121 121 115 108 100 92 90 98 107 118 141 147 135 98 63 43 34 35 36 40 46 51 57 58 58 57 55 54 57 61 64 
129 135 142 148 152 155 156 157 157 156 155 153 152 152 153 154 156 156 155 153 152 150 148 147 146 143 138 131 124 118 114 113 113 113 112 112 109 103 100 102 111 119 129 140 138 120 85 56 42 39 41 40 42 46 51 56 57 56 54 52 52 53 53 53 
122 127 133 140 145 149 151 151 152 150 148 147 147 147 148 150 153 154 154 153 152 149 147 145 144 144 142 139 135 130 123 113 104 99 98 97 98 98 99 102 108 113 123 133 129 109 76 52 42 41 43 42 42 44 49 55 57 55 51 49 50 51 50 50 
110 113 117 123 128 133 134 134 134 132 131 132 133 135 137 139 142 144 145 144 143 141 139 137 135 135 134 133 129 124 118 109 99 94 93 96 98 100 100 98 99 100 109 128 131 111 75 51 44 45 46 44 42 44 47 50 53 51 47 44 44 47 50 50 
95 96 98 101 105 109 111 111 109 107 106 108 111 113 116 119 121 125 126 127 126 125 124 122 120 120 119 118 114 107 97 89 82 81 84 90 93 94 92 89 84 83 107 138 143 117 77 54 52 58 57 49 45 45 45 46 46 44 40 35 34 36 41 44 
85 82 82 82 85 89 91 90 90 88 86 88 90 91 92 94 96 99 101 102 103 103 102 102 106 109 108 105 99 90 79 70 64 64 67 70 71 69 69 68 66 73 115 146 147 111 69 52 58 67 67 57 49 45 43 43 41 40 36 32 29 30 33 37 
89 88 85 82 83 86 88 88 86 84 84 86 87 86 84 83 83 84 86 88 89 90 90 93 99 100 100 97 89 80 74 67 60 58 56 54 51 49 48 48 49 68 118 145 137 97 61 51 61 74 74 64 55 46 42 40 39 39 39 39 38 38 37 38 


21 19 18 19 20 26 38 50 67 73 68 66 76 111 156 172 139 89 66 66 88 129 164 178 175 149 95 68 90 108 85 59 54 50 43 37 42 61 86 109 129 144 155 161 163 161 159 156 153 149 144 139 131 118 99 78 61 51 47 45 44 43 40 37 
19 18 18 20 31 58 73 77 77 68 62 83 129 169 175 136 83 63 75 113 153 171 169 157 141 124 113 114 112 99 82 67 53 46 40 40 66 101 127 145 157 165 169 169 167 165 162 159 157 153 150 147 143 136 123 106 87 66 52 46 45 47 48 41 
18 18 22 46 83 98 90 79 67 66 100 151 180 176 134 79 65 94 132 147 142 135 133 134 134 129 118 101 83 68 57 48 54 66 58 46 51 85 134 165 176 176 174 173 171 168 165 163 160 157 155 152 148 139 125 109 88 66 47 41 43 51 47 32 
17 19 47 98 114 91 72 61 63 96 143 164 163 137 89 76 108 144 135 105 98 101 103 102 100 96 91 84 73 56 42 49 76 106 115 97 69 52 62 106 153 173 177 175 173 170 167 164 161 158 155 150 146 136 123 106 84 61 43 39 47 50 37 25 
24 36 71 99 85 70 76 95 110 128 133 125 122 123 125 136 150 159 156 138 113 86 71 62 58 59 64 64 54 48 64 96 127 152 166 164 139 105 76 54 66 112 155 171 170 167 164 161 158 155 151 146 140 131 118 100 81 60 47 52 59 45 28 21 
92 96 82 72 66 95 139 156 154 148 140 141 155 169 176 179 178 172 160 146 125 101 87 86 84 79 67 53 44 40 62 107 150 176 186 187 182 163 135 106 79 57 72 118 151 160 159 156 152 148 145 140 135 126 112 96 79 65 62 63 47 26 20 19 
139 103 67 59 90 142 155 137 128 139 161 178 188 190 185 175 163 149 130 108 87 74 69 69 74 92 113 120 108 77 47 45 75 122 159 178 183 182 171 147 119 93 67 56 78 121 147 152 149 146 143 141 137 128 114 98 81 75 68 46 26 19 19 38 
112 76 71 103 153 172 150 104 79 79 93 110 129 143 146 142 129 115 100 87 76 64 53 48 55 80 114 141 153 141 109 74 48 40 53 89 132 159 169 168 155 131 102 78 55 53 90 131 148 150 148 146 142 134 119 102 92 78 46 28 23 20 29 76 
130 131 154 178 195 200 195 175 143 108 75 54 45 49 58 64 69 77 84 80 66 55 59 78 104 128 147 162 173 176 167 147 116 81 53 38 41 64 99 134 155 160 144 111 81 58 46 63 107 143 152 151 147 139 123 111 90 52 29 24 23 31 71 118 
182 188 192 195 198 200 202 200 194 176 149 113 79 58 46 39 35 37 43 49 47 57 87 122 147 164 175 182 186 187 185 180 171 152 124 91 63 44 38 46 70 110 141 148 115 74 57 47 46 77 124 148 149 141 128 111 67 37 25 23 36 84 118 130 
198 198 199 198 199 199 199 195 188 179 163 146 130 112 88 67 51 43 39 36 34 38 59 99 141 169 181 184 185 185 184 183 182 178 172 158 134 100 69 48 36 35 55 82 68 48 33 38 44 42 48 94 134 137 118 75 44 35 26 28 72 109 94 93 
171 173 175 180 187 191 192 189 186 181 167 154 144 131 113 93 79 80 83 74 55 41 35 39 56 84 121 150 169 177 179 179 178 176 175 174 170 160 138 106 75 48 42 32 33 30 20 18 19 27 29 37 85 102 69 45 34 28 26 48 84 75 57 53 
132 124 109 102 108 124 146 164 173 175 172 164 151 136 118 99 101 123 142 147 134 106 78 57 41 33 37 53 85 120 149 163 169 169 168 167 166 166 164 153 107 40 20 21 25 25 24 24 18 17 26 36 56 56 45 36 27 27 38 58 61 50 43 42 
153 138 113 85 70 65 68 75 90 108 119 125 129 136 145 141 137 144 163 173 172 163 146 116 80 62 44 41 49 84 134 139 120 115 118 127 140 155 156 128 59 22 21 25 32 47 41 41 55 44 37 32 28 27 30 28 23 34 47 49 43 37 36 34 
185 177 167 149 131 120 104 85 68 56 53 53 51 55 70 92 114 130 147 156 154 134 89 57 47 49 42 73 136 168 166 76 33 40 40 46 53 79 102 59 40 35 29 32 61 103 78 58 78 55 43 40 33 24 24 27 20 18 29 38 34 28 25 23 
188 183 177 171 167 156 140 120 95 73 69 74 71 63 55 50 51 60 80 95 66 37 27 29 28 42 90 152 154 107 96 49 22 25 20 24 33 29 35 41 47 38 38 46 105 132 126 109 86 72 64 49 39 28 21 24 25 25 20 20 26 28 29 26 
187 185 182 174 156 135 118 95 71 64 75 90 105 114 113 105 91 78 63 33 23 27 23 21 26 80 141 124 68 36 26 32 23 18 16 20 24 35 29 29 40 42 32 51 101 121 123 117 89 71 56 42 32 25 17 13 14 20 29 30 25 28 44 52 
152 166 168 150 123 100 75 60 67 83 98 112 125 134 138 138 133 82 26 18 22 18 15 27 105 159 145 51 22 29 26 26 23 16 14 18 19 25 32 26 34 43 31 35 42 81 99 88 71 55 44 36 29 47 47 29 19 16 19 24 28 30 35 45 
79 80 83 79 70 54 48 61 82 102 116 126 130 130 130 140 104 26 17 23 19 14 14 72 177 117 71 15 15 19 25 18 18 21 16 17 24 27 30 35 32 39 45 30 21 39 78 72 58 42 33 27 47 77 70 59 52 47 36 25 22 26 30 32 
99 73 62 62 62 57 52 51 63 78 91 102 110 115 121 156 83 18 19 20 15 12 13 72 138 84 31 18 13 12 15 15 14 19 28 23 24 31 28 32 39 69 67 42 43 70 76 61 46 33 24 30 58 62 58 55 59 70 75 70 53 31 25 26 
71 57 58 70 83 89 87 78 66 56 52 55 64 74 93 143 63 21 20 19 14 10 16 84 141 87 47 31 13 10 11 20 17 19 27 25 22 23 20 28 69 78 66 47 63 70 62 46 36 24 19 16 21 28 42 54 65 79 90 97 96 67 37 28 
40 47 59 74 89 100 105 105 100 91 81 73 67 62 69 120 46 26 19 19 13 11 17 87 157 68 23 18 16 18 12 17 18 10 12 12 23 22 32 46 71 81 75 56 62 64 50 34 26 29 32 27 25 23 22 24 37 67 88 84 62 41 27 24 
59 70 81 91 99 103 107 109 111 112 110 108 106 102 102 99 43 22 19 16 12 11 22 56 138 58 16 11 12 11 8 7 8 11 11 9 22 67 76 62 78 90 62 60 61 54 36 25 30 44 45 47 61 74 74 57 38 32 38 34 23 19 21 22 
64 78 90 98 104 110 114 116 118 119 118 118 119 127 151 140 116 60 23 19 15 23 43 56 31 23 12 40 17 12 10 11 9 10 8 9 19 87 102 82 83 86 60 49 44 35 25 26 42 39 40 53 88 121 128 105 66 37 26 23 26 28 29 29 
44 50 57 65 72 80 88 94 101 107 110 115 117 138 141 124 117 89 21 19 20 35 32 39 14 10 13 22 14 19 11 10 12 15 7 9 11 42 86 96 75 56 54 54 38 27 32 46 54 45 53 73 105 132 135 107 66 35 20 13 12 14 20 30 
36 36 37 37 37 38 39 41 45 50 56 63 72 115 141 126 108 87 23 16 16 15 15 52 65 24 12 12 10 11 13 25 44 30 12 9 8 39 116 90 64 72 79 62 36 64 101 94 75 65 74 90 111 130 128 100 59 32 20 13 9 8 11 19 
41 40 39 37 36 36 33 30 28 27 25 24 24 65 122 122 120 99 50 27 14 12 29 115 123 36 14 8 8 9 36 92 104 92 38 12 11 47 99 84 84 81 58 35 53 121 124 107 90 88 94 99 107 116 113 90 51 27 17 13 11 10 11 13 
81 79 77 76 73 72 69 66 66 65 63 60 58 66 114 124 124 113 87 70 56 31 71 122 59 14 11 8 8 18 54 70 77 82 43 14 22 37 52 86 78 58 32 23 48 77 80 77 80 94 111 114 109 99 87 66 38 20 13 13 13 13 11 10 
112 113 114 115 115 115 115 115 115 114 114 113 111 105 118 136 147 123 90 84 73 63 110 107 18 9 8 8 9 20 39 53 54 64 53 33 42 41 43 51 44 36 29 33 30 33 33 28 31 46 65 77 79 71 60 49 36 25 19 16 13 12 10 10 
111 113 116 117 119 119 120 121 121 121 121 120 117 111 110 137 139 113 85 66 45 49 121 51 10 9 7 9 37 42 67 94 101 88 70 52 29 30 37 33 28 32 66 70 65 63 61 57 52 45 37 30 27 26 25 24 25 28 28 23 15 12 15 20 
71 78 86 92 98 103 109 112 114 116 117 116 109 100 107 124 135 91 60 42 29 32 84 23 13 9 8 37 51 32 60 83 105 65 42 42 33 31 29 26 42 84 104 102 99 98 96 94 92 85 73 57 52 60 59 58 56 47 36 24 17 16 31 49 
24 27 31 37 44 52 59 66 72 78 83 86 83 75 93 117 113 127 73 24 15 52 88 20 12 8 27 60 29 29 49 78 56 43 40 33 27 32 40 65 99 108 106 104 104 103 100 100 99 92 80 67 72 91 102 112 115 100 71 39 21 31 77 105 
19 18 20 22 23 23 24 24 25 28 30 32 34 33 47 109 104 123 118 76 33 73 72 18 12 34 67 45 35 47 59 88 103 61 51 32 25 39 86 108 109 107 106 104 103 103 101 100 98 92 79 68 75 91 108 122 121 102 67 34 18 39 98 135 
43 46 49 50 49 49 48 47 46 47 44 42 39 38 38 49 95 120 119 135 63 87 55 24 47 74 59 54 58 58 49 66 147 110 69 32 47 92 108 108 108 107 105 104 103 103 102 100 98 91 82 82 86 96 116 125 115 86 50 24 23 40 91 131 
83 87 91 92 94 97 99 100 101 99 92 86 79 80 84 91 95 124 142 170 85 89 63 73 101 85 72 67 57 44 35 32 75 132 65 49 68 76 78 81 85 87 88 90 91 94 95 97 96 94 97 106 108 119 133 130 108 68 35 30 53 61 78 110 
104 107 110 113 117 120 122 123 121 112 99 89 87 91 99 110 111 112 127 165 122 117 106 108 102 91 80 66 49 39 35 32 37 85 78 85 84 82 81 79 79 79 79 81 81 81 84 91 95 101 114 125 132 146 148 129 91 48 27 65 105 101 84 87 
119 121 125 129 129 129 127 126 116 101 88 76 80 88 98 107 108 111 116 121 122 122 121 120 118 107 90 74 56 42 36 34 32 46 75 100 112 113 112 110 107 104 102 100 98 97 95 97 97 103 115 127 147 160 154 120 70 33 39 107 140 131 103 75 
120 129 132 133 132 129 125 119 105 83 65 63 75 89 102 108 109 113 117 120 121 122 121 123 125 115 96 76 62 47 38 36 34 34 47 73 93 101 101 104 110 110 108 107 106 105 103 102 98 99 106 125 152 160 144 100 52 28 66 131 155 147 113 68 
122 125 126 124 121 118 115 105 90 69 53 61 81 101 115 117 117 118 122 125 125 125 125 125 126 121 104 82 68 55 45 41 39 37 37 44 54 59 65 85 104 112 111 108 107 106 104 101 95 88 90 115 138 139 112 67 33 33 84 132 148 138 107 65 
101 102 102 104 103 103 103 97 85 73 67 79 98 116 126 125 124 126 129 133 134 133 133 132 131 130 120 105 89 73 57 48 44 42 41 40 39 43 64 92 111 114 112 108 108 107 106 101 91 79 77 93 103 94 64 37 23 37 77 108 118 110 87 56 
49 53 57 64 75 90 100 97 89 82 85 100 115 128 130 128 129 132 135 139 140 140 140 140 139 138 134 126 114 96 76 59 49 45 44 41 39 48 77 105 117 116 112 109 108 107 105 100 87 76 74 76 72 55 36 24 20 34 58 79 83 74 60 41 
70 61 51 45 45 51 60 64 67 71 86 107 123 133 132 134 135 139 143 144 144 144 143 142 142 141 140 137 129 115 97 77 60 50 44 42 38 47 79 108 118 117 113 111 109 107 105 97 84 77 76 71 60 44 29 21 19 26 35 42 43 38 37 37 
148 147 138 126 110 96 81 65 52 52 62 74 90 100 110 120 129 139 143 145 146 146 145 145 145 144 143 141 137 127 111 95 78 62 50 42 37 42 72 102 118 118 115 112 110 107 102 92 83 83 83 72 59 41 27 21 20 23 25 30 31 33 38 42 
172 174 173 168 162 155 143 123 104 96 103 104 95 87 83 83 89 98 108 119 129 135 139 142 143 145 144 142 141 135 124 109 97 83 64 48 38 38 59 91 114 120 117 114 111 106 98 90 96 106 102 87 64 40 25 22 22 26 30 35 38 42 46 44 
165 166 168 168 166 165 159 145 134 132 144 147 142 135 128 121 113 104 96 94 95 98 103 109 116 122 127 131 135 137 134 127 114 96 78 59 44 36 45 74 103 118 117 114 111 104 97 113 141 147 132 102 66 39 26 24 24 29 33 39 44 47 46 38 
165 166 167 166 163 161 155 144 136 135 147 152 148 145 145 147 148 145 140 133 126 120 115 111 108 107 105 106 109 113 119 120 112 97 82 67 51 39 36 54 85 109 117 115 111 104 122 164 179 171 140 95 56 36 31 29 27 29 37 45 49 47 42 35 
153 157 162 164 163 161 155 141 127 121 127 136 139 145 151 157 159 155 148 143 140 140 139 139 138 136 132 127 124 121 120 125 120 106 87 73 59 44 34 37 63 91 109 113 108 109 152 180 183 159 111 66 41 37 37 34 31 38 47 53 51 44 37 31 
144 147 152 154 152 148 142 128 109 97 96 107 127 149 167 177 181 176 165 153 143 136 133 132 134 137 137 136 137 137 135 137 133 118 99 85 73 58 39 29 41 67 91 103 103 120 149 159 146 109 67 40 43 53 56 59 69 75 71 62 49 40 35 30 
108 109 114 119 119 115 109 97 83 70 68 85 113 143 165 180 189 189 176 159 141 126 114 104 97 95 98 102 106 108 112 115 113 102 88 79 75 67 50 33 28 42 65 83 98 116 121 112 87 61 41 36 46 58 73 102 123 122 101 67 45 36 32 28 
51 47 48 48 51 57 66 75 79 78 80 95 118 141 155 166 174 177 169 152 132 115 97 80 62 50 46 47 51 53 58 63 66 64 56 53 55 54 46 35 28 27 40 59 82 90 81 63 49 40 34 34 46 60 85 123 146 151 131 89 53 35 32 29 
73 64 59 59 66 79 86 84 79 78 83 98 119 139 155 162 165 167 162 148 126 105 87 72 59 48 38 32 30 29 30 33 36 37 37 38 37 36 33 31 30 28 29 37 51 55 50 41 37 34 31 30 35 45 71 114 153 163 148 117 71 35 29 26 
105 95 85 76 71 70 70 66 61 62 73 90 108 124 136 145 148 148 145 136 120 102 85 72 61 52 44 36 32 30 30 32 33 33 34 34 36 37 40 42 42 38 33 31 35 42 45 42 36 28 24 23 26 32 56 102 152 166 156 125 69 27 22 19 
121 109 97 88 83 79 77 73 68 66 75 89 102 112 116 120 120 118 114 111 104 94 83 71 61 54 49 42 38 34 32 32 33 33 32 34 44 57 68 69 65 55 42 33 39 49 51 43 33 25 20 20 23 31 53 98 143 153 134 100 49 20 17 16 
124 121 117 117 119 121 120 118 115 110 108 112 117 121 123 123 119 111 103 97 91 85 76 67 57 50 47 43 39 34 32 32 32 31 30 31 44 62 79 85 79 67 52 44 53 63 61 45 32 22 20 19 22 31 46 76 106 108 91 63 29 17 15 16 
129 130 131 134 139 143 147 149 150 148 145 141 139 137 136 135 135 132 128 121 113 103 88 72 55 46 42 38 36 32 31 35 39 42 40 36 35 49 69 83 86 76 63 60 68 73 65 44 30 21 18 17 20 28 35 48 62 60 47 31 19 17 17 19 
127 134 134 134 146 151 153 158 160 160 159 157 155 152 150 148 147 146 146 144 139 131 117 100 79 58 46 41 41 42 44 45 42 42 41 40 37 38 52 69 80 81 75 82 95 93 75 48 31 20 15 14 19 24 29 34 36 31 25 21 22 22 26 32 
137 140 141 143 145 144 142 140 143 150 154 154 152 151 150 150 150 150 149 148 147 145 137 125 109 90 71 59 58 65 73 81 83 81 73 62 50 39 37 50 68 80 90 110 125 116 84 51 31 19 14 13 18 24 27 28 28 29 29 27 27 28 33 38 
137 142 145 150 152 155 155 152 151 152 152 150 149 148 147 148 148 149 147 145 142 141 140 136 127 116 102 90 82 83 88 94 98 103 102 92 82 69 56 52 65 81 96 122 130 115 77 45 28 19 16 16 20 25 27 30 29 31 31 28 25 25 29 31 
115 125 135 144 149 153 154 155 155 152 149 147 145 145 146 147 148 149 148 147 145 142 140 139 136 132 124 115 104 95 91 89 88 87 86 84 81 70 60 58 65 80 98 116 117 98 64 38 25 22 20 20 21 24 29 32 30 28 23 20 21 21 23 24 
110 118 127 136 142 146 147 147 146 144 142 141 140 141 142 144 146 147 147 147 145 142 140 138 136 134 131 127 120 111 98 81 66 60 60 59 60 59 58 58 61 68 85 103 108 89 57 34 25 23 21 20 22 26 32 37 37 32 24 20 22 24 26 27 
93 98 103 109 114 117 118 118 118 118 117 118 119 123 125 126 129 131 132 132 131 128 127 124 122 121 118 112 103 91 80 66 54 49 53 58 63 65 63 59 58 57 69 97 108 91 56 35 27 27 25 21 22 26 32 38 39 37 28 24 25 29 32 32 
65 67 69 71 72 73 74 74 74 76 78 81 84 88 90 92 94 96 99 98 98 97 96 94 92 91 87 79 70 57 43 35 34 38 47 58 62 63 61 55 49 46 71 107 116 93 57 36 34 38 37 28 24 25 28 30 31 30 24 21 21 24 28 31 
42 39 38 36 37 39 40 39 41 42 45 48 50 50 50 51 52 54 56 57 58 57 57 57 58 59 56 49 39 30 23 21 23 28 36 44 45 44 42 38 36 39 79 115 118 85 49 35 41 51 49 39 30 24 23 24 25 23 19 17 15 16 19 22 
50 44 40 37 35 37 39 39 38 38 41 46 49 48 46 44 41 40 41 43 43 43 42 45 47 45 44 37 30 28 28 28 29 31 31 27 26 24 23 22 22 36 84 116 110 74 42 35 46 59 57 46 37 26 22 21 22 23 22 22 21 19 19 19 