


106 117 113 94 82 83 104 63 79 121 143 133 127 127 126 127 122 122 125 128 129 131 134 137 139 139 140 141 139 140 140 139 138 149 167 164 162 160 159 162 164 166 168 170 171 172 171 171 173 172 173 173 173 173 173 172 173 173 172 170 169 167 166 167 
90 108 95 81 108 112 135 129 127 135 142 137 132 133 134 130 126 125 126 127 129 131 133 135 139 138 140 140 140 141 139 139 137 156 166 164 162 160 160 162 163 165 166 168 170 169 170 170 169 170 171 171 171 171 171 171 171 172 171 170 168 166 166 165 
104 119 114 98 115 111 140 161 166 165 164 158 155 153 153 145 140 138 132 131 130 131 132 132 135 136 140 139 139 140 138 139 139 163 164 161 161 159 160 161 163 163 164 165 166 167 168 168 168 166 168 169 169 169 169 169 169 169 169 168 166 166 166 165 
128 141 158 159 154 136 146 169 175 178 177 171 172 171 170 166 160 158 152 148 144 143 141 138 138 137 140 139 140 140 139 140 148 164 163 160 158 158 158 160 162 162 163 162 164 165 165 164 163 163 166 167 168 168 168 167 167 167 168 166 167 166 165 165 
142 148 162 165 162 136 148 179 187 189 186 184 184 189 185 181 180 178 173 170 160 157 152 148 144 143 141 140 143 141 140 138 153 163 162 159 156 156 157 159 160 160 159 161 161 162 162 160 157 161 166 169 169 169 168 168 169 169 168 167 168 167 166 167 
130 147 165 168 162 116 139 183 197 206 204 203 200 211 210 202 205 206 199 196 180 174 167 158 151 149 144 144 144 141 143 140 158 162 160 156 156 155 156 157 158 158 155 159 161 161 158 155 153 155 163 170 169 170 170 169 169 168 167 167 166 166 165 165 
123 149 167 170 162 115 145 188 209 223 225 225 224 234 237 234 229 233 229 223 211 194 179 170 159 155 150 150 148 145 144 143 160 161 157 154 154 154 155 157 158 157 156 158 158 159 156 152 151 153 165 170 170 171 169 168 167 166 166 166 165 166 165 166 
142 155 169 172 163 129 139 189 215 234 241 241 242 245 245 245 242 241 242 239 229 215 186 176 167 161 156 155 152 150 148 150 160 159 156 154 153 153 155 157 157 155 156 157 157 156 152 146 145 151 166 170 169 170 167 166 166 166 166 165 167 167 166 166 
137 157 172 174 163 138 140 189 215 235 244 245 248 251 248 248 247 242 240 244 237 221 201 182 171 166 162 158 155 155 146 154 161 158 154 153 152 153 155 156 156 154 155 153 149 140 135 131 131 143 167 169 169 168 167 167 167 166 166 165 165 165 166 166 
125 160 174 175 162 139 156 195 222 238 244 246 248 252 249 248 248 245 236 241 239 224 207 190 176 168 166 162 159 158 148 157 158 155 151 151 151 153 153 154 154 152 148 145 148 144 140 139 136 145 169 170 169 169 169 169 168 168 167 166 164 165 166 166 
146 165 175 176 160 153 173 204 230 238 243 245 245 248 249 246 247 244 242 235 237 224 208 191 180 169 168 164 162 159 152 156 154 151 148 149 150 150 150 149 149 149 146 149 154 140 131 136 141 162 171 170 169 168 170 169 168 168 166 166 164 166 167 167 
146 168 178 178 158 157 177 205 226 235 240 243 244 245 247 247 244 244 243 234 225 221 206 190 180 171 167 164 164 158 154 152 150 147 145 145 144 143 143 145 147 147 151 149 144 132 122 131 154 172 171 169 168 171 172 169 168 167 165 166 166 166 166 167 
135 171 182 180 158 158 163 170 181 202 219 234 242 245 246 247 243 243 243 236 220 207 203 189 178 172 170 163 163 149 149 147 144 140 138 137 129 125 137 142 148 151 144 140 138 125 122 140 168 172 171 169 169 172 173 170 168 167 168 166 167 167 166 165 
151 174 184 182 159 163 164 166 169 170 170 179 200 226 239 245 244 238 242 236 216 201 196 185 171 160 155 151 145 127 121 116 111 110 113 114 108 127 135 139 144 145 139 131 121 115 123 156 170 172 171 172 170 172 172 169 168 168 167 167 169 167 165 165 
154 177 184 183 162 169 172 165 169 174 176 175 170 172 176 187 199 212 228 232 208 193 168 146 126 116 111 112 110 104 96 92 92 98 100 99 125 127 127 133 133 128 120 118 118 118 138 160 169 171 169 172 171 172 172 170 169 168 168 170 168 168 165 164 
152 178 186 184 163 173 190 181 166 167 173 175 175 173 172 163 142 126 133 160 150 131 119 110 104 102 106 109 108 102 95 92 94 108 104 117 129 117 113 116 111 107 106 103 107 126 150 161 168 172 171 170 171 173 172 170 170 169 170 169 169 168 167 165 
162 182 189 183 165 175 195 208 191 180 179 175 173 174 175 175 172 162 141 121 104 101 106 101 99 95 104 106 101 99 95 103 105 110 115 123 126 121 115 107 98 92 92 95 106 139 154 160 167 171 171 170 170 171 173 172 173 172 171 170 168 167 167 169 
161 184 190 173 159 179 193 203 209 203 193 186 182 179 177 176 176 172 166 157 138 122 111 108 108 99 111 107 106 103 90 106 100 110 111 116 119 120 122 127 123 109 101 93 109 141 153 159 168 172 174 173 172 171 170 172 174 170 169 169 168 168 169 170 
163 186 189 155 152 183 201 222 232 237 211 187 182 178 174 171 171 167 167 156 146 137 125 117 122 107 118 112 103 99 94 101 88 105 109 113 116 123 125 124 119 108 106 113 112 135 151 159 168 172 173 175 175 175 174 175 174 170 171 172 171 171 172 170 
165 186 189 159 161 187 209 232 242 244 235 190 179 169 157 153 159 164 165 162 154 147 142 133 129 109 119 122 104 100 108 115 105 100 108 116 120 125 124 124 121 115 114 104 105 130 149 160 169 173 174 176 177 177 177 176 174 172 172 172 169 170 171 170 
165 185 188 161 167 193 215 236 245 247 247 211 175 163 155 158 168 168 167 168 160 154 148 140 130 112 125 122 120 108 112 112 124 104 104 112 121 125 127 127 127 124 117 104 103 121 145 161 171 175 176 176 178 178 177 175 173 174 175 173 171 171 172 172 
166 186 189 163 174 198 221 239 247 249 244 207 183 167 157 171 178 177 175 170 164 158 152 147 131 121 133 119 123 113 118 119 129 110 115 109 124 130 129 126 129 135 127 116 101 110 141 164 174 177 178 177 178 178 177 177 175 176 176 174 174 174 173 174 
166 186 189 160 179 202 225 240 245 245 213 176 184 180 159 174 181 179 175 170 165 163 158 152 142 131 143 129 125 130 127 127 126 115 127 113 121 138 135 130 137 140 133 126 113 100 138 166 176 179 181 179 178 178 176 177 177 177 176 175 175 175 174 174 
165 184 184 163 184 202 223 235 242 224 182 174 181 182 168 176 178 178 173 168 163 160 160 152 155 141 135 147 131 129 136 128 132 120 144 123 121 147 148 146 146 144 137 123 114 95 133 168 177 181 181 180 179 180 178 178 177 178 176 175 177 175 175 176 
162 176 167 152 182 198 211 218 216 188 176 176 178 190 186 184 180 175 172 165 158 161 162 144 147 163 144 145 152 143 136 138 149 143 153 143 130 155 162 157 150 147 139 128 114 95 131 170 179 181 181 181 181 182 180 179 179 178 176 176 177 176 176 176 
146 150 140 146 179 190 196 195 178 178 176 177 181 192 191 185 177 173 172 165 156 156 164 148 135 172 174 155 163 161 150 146 151 147 152 162 159 159 155 152 144 136 130 126 127 107 135 174 182 183 183 184 183 182 180 179 180 180 179 180 179 177 177 176 
124 131 124 136 177 184 184 173 172 177 180 178 176 184 186 186 181 176 179 178 176 174 174 166 150 176 189 174 170 172 163 153 148 135 150 154 145 148 155 147 140 139 137 137 136 115 144 177 182 183 184 184 183 183 181 180 181 181 180 180 179 179 178 178 
117 123 115 124 175 182 176 166 174 175 175 176 179 178 180 176 176 174 178 180 182 186 186 184 182 185 191 186 174 175 170 155 136 126 144 121 131 155 153 147 140 139 142 147 142 122 161 182 185 185 187 187 186 185 184 181 182 181 181 180 178 180 179 177 
125 128 120 123 176 183 172 168 177 182 182 176 173 176 182 178 183 193 193 188 179 173 161 153 152 156 174 182 178 173 168 152 132 118 119 99 130 144 143 144 136 136 139 140 137 133 171 185 187 185 186 187 187 185 181 181 182 181 181 180 179 179 179 179 
131 134 127 124 177 182 171 167 165 173 176 171 171 171 174 190 195 198 193 183 175 173 167 163 153 144 138 160 171 168 160 141 127 113 104 100 121 142 146 148 147 149 143 132 129 148 177 186 188 187 186 186 186 185 183 183 182 181 182 181 180 179 179 179 
136 138 132 122 173 177 174 169 167 169 174 174 165 166 166 178 191 200 202 193 190 184 177 163 148 145 137 123 143 154 152 140 124 112 100 108 125 139 149 151 154 149 129 119 119 160 180 186 188 188 187 188 186 185 182 183 184 181 181 180 180 178 179 179 
138 142 134 122 167 167 177 177 175 176 177 181 177 178 176 174 178 188 203 208 203 195 189 181 168 157 149 138 138 141 142 139 127 108 94 97 127 144 150 149 150 140 123 110 122 169 181 186 189 188 187 186 186 185 183 182 184 182 180 180 179 177 177 178 
140 144 140 130 153 161 178 178 175 174 178 180 175 172 166 173 176 179 188 200 201 200 202 197 187 179 173 159 140 131 133 138 130 115 104 99 123 145 143 137 145 140 119 117 144 174 182 187 190 189 188 186 186 186 184 185 184 183 180 180 179 178 178 178 
140 146 146 144 145 159 178 184 180 166 162 165 163 164 163 161 164 167 169 181 193 205 212 213 206 198 194 183 160 137 139 139 135 130 126 123 137 151 145 149 154 138 133 145 165 177 183 189 191 189 187 187 187 187 186 186 185 184 182 181 179 179 179 178 
141 150 156 147 141 159 177 184 177 165 166 170 168 160 153 150 149 151 154 156 156 162 177 191 202 202 201 198 185 164 163 155 146 146 139 140 165 163 156 160 159 150 147 158 170 176 183 189 190 189 189 188 188 185 186 186 185 183 182 181 180 180 179 178 
143 153 158 138 139 160 174 184 180 179 184 178 175 170 159 149 144 136 137 142 137 137 149 163 188 205 201 197 201 191 180 164 155 162 156 172 184 176 168 162 157 155 157 166 171 175 182 188 189 188 188 186 186 186 187 186 185 184 183 182 181 180 179 178 
147 160 150 134 140 166 173 180 180 176 180 176 171 166 161 151 143 141 139 139 134 134 134 141 158 192 209 206 206 209 206 192 179 171 176 189 184 176 161 156 157 159 163 169 170 172 180 185 188 186 186 186 187 187 187 186 185 185 184 183 182 180 180 178 
157 165 150 139 140 163 172 177 172 163 173 175 170 165 151 142 139 139 135 137 145 154 152 156 155 161 180 194 204 207 206 198 190 181 175 176 169 159 154 155 162 165 164 167 169 171 177 181 185 186 186 187 188 188 187 186 185 185 184 183 181 180 180 179 
172 167 153 147 147 163 170 173 159 156 169 169 162 147 141 142 140 132 141 152 151 150 150 151 154 153 149 156 161 165 170 175 180 181 174 161 152 153 155 158 163 162 161 164 167 169 173 179 184 186 187 188 188 188 186 186 184 184 183 181 180 179 179 179 
176 167 158 149 151 164 166 160 154 162 163 156 146 146 149 144 141 149 153 148 150 156 154 154 151 148 145 149 146 144 140 136 144 151 149 140 147 153 157 159 159 159 157 158 162 165 169 176 183 186 188 189 188 186 184 185 184 181 181 181 179 180 179 178 
175 168 161 151 148 161 162 158 167 162 148 145 158 163 154 152 158 156 153 152 160 163 159 146 151 153 153 151 147 145 143 140 138 138 143 144 147 149 156 157 157 155 151 153 157 162 166 172 179 184 186 187 187 187 184 184 183 181 180 179 179 179 177 177 
172 169 163 157 152 159 161 169 171 155 151 165 173 169 162 167 161 160 163 169 172 167 157 150 158 158 152 151 146 145 143 144 144 141 142 140 140 143 143 149 155 154 147 146 151 157 163 168 176 182 185 185 184 185 185 184 183 181 180 180 179 177 177 177 
173 171 168 167 164 165 170 177 175 161 172 182 180 174 174 170 163 170 176 178 176 168 160 164 168 164 160 156 153 151 145 144 146 145 144 143 138 139 137 136 138 144 144 137 141 149 158 165 173 180 182 182 182 182 184 184 182 180 179 178 177 177 177 176 
173 173 172 171 170 170 175 182 181 173 182 187 185 183 183 173 171 180 185 185 179 171 175 179 178 175 173 171 167 163 156 150 149 146 144 145 141 142 136 134 131 128 131 134 130 140 152 160 169 177 179 180 181 182 184 183 182 181 180 179 176 175 176 174 
171 170 169 169 172 175 176 181 181 180 183 187 192 193 191 183 181 190 193 191 182 179 188 191 189 187 186 181 175 172 167 161 155 148 146 149 146 148 142 136 130 128 127 129 122 122 140 155 166 175 177 178 179 181 182 182 181 180 179 178 176 176 175 172 
166 165 167 168 169 173 177 177 178 177 181 187 192 197 196 187 183 194 198 198 188 185 195 196 192 194 193 182 171 168 168 164 158 152 148 148 148 149 146 138 129 125 125 127 123 110 121 149 161 170 176 178 179 179 180 181 180 178 178 176 175 176 175 174 
162 160 163 164 166 168 172 174 176 176 177 180 184 186 190 187 183 190 195 196 191 188 189 194 192 190 187 178 170 162 159 162 162 159 154 149 148 151 148 141 130 126 125 125 124 119 109 134 157 168 177 177 177 177 179 178 176 177 176 176 175 175 173 174 
164 162 163 163 164 164 169 172 174 175 176 177 178 178 181 184 185 183 184 183 178 177 184 189 188 184 182 180 176 169 163 164 165 164 158 152 147 145 143 135 129 130 131 126 120 122 122 116 148 164 174 175 176 176 177 175 175 176 176 175 174 173 173 173 
165 166 165 162 161 163 167 171 174 175 175 178 178 178 177 177 179 177 176 173 173 175 188 192 188 183 182 177 171 167 170 173 169 167 159 152 149 146 140 133 132 132 132 131 126 123 127 121 134 159 171 174 174 174 172 172 171 172 173 173 173 173 172 173 
162 164 164 160 159 161 163 166 170 172 171 172 173 168 167 164 169 170 170 174 176 171 182 191 188 181 180 174 163 156 157 166 171 167 164 163 160 151 144 143 137 135 134 135 133 130 128 130 124 154 170 174 174 174 173 173 172 172 173 173 173 173 172 172 
164 163 162 160 160 159 157 158 162 163 161 160 159 159 159 156 159 161 163 170 169 157 171 185 182 176 168 162 165 160 155 150 152 163 161 158 158 155 146 139 144 144 139 135 135 132 129 130 124 148 169 172 174 174 174 174 174 173 173 176 174 173 172 173 
163 163 161 159 155 156 157 156 158 160 161 158 155 155 156 160 161 161 162 160 160 154 163 177 178 172 154 151 165 162 153 142 131 135 155 153 149 150 149 140 134 144 145 135 126 126 128 129 117 141 168 173 175 175 176 175 175 175 174 174 173 173 172 171 
160 159 158 159 154 152 151 151 156 158 162 163 163 162 161 163 165 163 163 161 159 154 155 168 173 162 152 156 166 161 147 127 108 113 137 159 150 147 144 139 130 133 136 130 127 123 133 137 122 136 169 174 175 174 176 176 175 176 174 171 173 173 171 171 
157 155 154 155 155 154 151 151 154 153 152 152 152 153 150 156 161 161 161 159 154 152 152 159 165 159 159 161 161 152 127 103 110 126 134 152 156 147 145 147 141 125 134 138 142 135 138 145 137 137 169 174 176 177 176 178 176 177 175 173 172 173 172 172 
158 154 154 153 152 153 152 154 155 151 146 143 138 138 147 157 162 163 162 160 155 152 148 150 156 161 164 160 152 131 103 100 124 135 136 136 149 153 150 157 155 134 142 149 154 152 141 148 149 149 172 176 177 178 178 177 177 176 175 175 174 173 173 173 
161 159 158 155 153 152 152 153 153 149 144 142 139 138 144 153 158 158 159 162 154 149 140 139 152 165 165 158 142 114 106 116 132 135 134 130 128 144 160 167 164 147 146 151 157 157 155 152 157 165 174 177 177 178 178 178 177 177 177 176 176 174 173 172 
161 162 161 159 158 155 154 152 151 151 148 146 143 138 138 144 150 151 156 160 155 150 143 146 164 169 166 155 135 122 118 130 136 139 135 125 120 118 128 137 137 148 152 153 159 161 161 160 165 170 173 176 176 176 177 178 177 177 177 177 176 175 175 170 
161 162 163 163 161 158 157 155 154 155 156 155 150 148 146 145 143 146 153 158 157 150 144 147 160 166 168 155 141 140 145 148 148 144 135 128 129 125 123 117 100 106 129 142 153 155 157 160 165 169 172 174 175 175 176 178 177 177 178 177 176 176 175 173 
159 162 162 161 161 161 159 156 154 154 156 156 154 155 152 151 149 151 154 159 159 153 145 141 144 157 168 162 155 158 161 162 161 149 136 131 131 128 125 121 112 98 94 112 135 147 153 157 161 165 168 172 175 175 175 176 177 177 177 176 175 175 176 175 
161 159 160 162 162 160 155 152 153 155 157 159 157 155 150 149 154 157 159 161 160 155 149 143 141 145 161 172 168 161 169 172 164 152 143 141 128 124 122 122 120 111 97 93 113 137 149 154 157 160 164 168 172 174 175 177 177 178 177 177 177 176 176 176 
165 166 165 165 164 159 155 157 158 158 160 164 162 158 157 156 159 162 164 163 160 154 150 145 140 139 148 169 167 161 175 178 167 163 156 150 139 135 127 123 120 115 109 97 95 118 141 151 155 157 162 165 169 173 175 176 177 178 178 178 178 178 176 176 
169 171 168 166 165 162 161 161 161 159 160 163 166 167 165 165 163 162 163 164 160 153 149 146 139 138 140 147 151 157 176 180 173 171 163 156 146 138 131 126 122 122 121 114 98 98 124 145 152 155 159 163 167 170 174 175 176 178 179 178 179 179 177 176 
169 171 169 167 167 164 161 162 161 160 158 158 163 167 165 163 159 158 159 162 159 151 149 149 147 146 146 144 141 146 158 173 176 174 169 167 155 144 133 126 121 120 120 120 112 94 104 131 149 154 156 158 162 165 171 174 175 178 178 178 178 178 177 177 
168 170 168 167 165 161 160 161 163 162 162 161 164 164 160 157 153 154 158 160 157 154 151 151 150 150 147 144 143 145 138 158 175 176 171 171 160 152 133 119 115 117 117 120 120 108 94 115 141 152 155 156 159 165 169 172 174 177 178 179 180 178 178 178 


102 110 108 87 77 79 104 69 82 121 148 139 134 137 138 139 136 136 137 139 141 142 146 150 152 152 153 154 153 155 154 153 151 156 178 177 173 170 169 172 173 176 177 178 180 181 182 182 181 182 180 181 181 181 180 179 179 178 177 175 174 172 171 170 
97 114 102 83 109 110 136 129 125 133 144 141 137 143 145 142 140 139 139 140 142 144 147 149 153 152 154 155 155 156 154 155 149 166 178 176 173 170 171 173 173 176 177 177 180 180 181 181 181 181 180 182 181 181 179 179 179 178 176 175 175 173 172 171 
122 126 123 104 123 120 152 175 180 177 173 165 165 165 166 158 153 151 146 146 145 146 148 149 151 151 155 155 156 157 155 157 148 176 178 175 173 171 172 173 175 176 176 177 179 179 180 179 179 178 180 181 180 180 179 179 179 178 176 176 175 174 172 171 
152 153 170 172 166 147 158 185 193 195 194 187 188 189 188 184 177 173 167 163 160 157 156 154 154 153 155 155 157 158 156 157 159 178 177 175 172 171 171 173 174 176 175 175 178 178 177 176 175 175 180 180 179 179 179 178 178 177 178 176 175 175 173 172 
160 160 176 180 177 153 162 196 206 208 205 201 202 206 204 200 199 196 191 186 177 173 169 165 161 158 158 157 159 159 158 153 164 178 176 173 171 170 170 172 173 174 173 174 175 175 174 173 171 173 179 181 181 181 180 179 180 179 179 178 177 175 174 174 
157 161 178 183 178 135 155 202 217 225 223 222 220 229 228 220 222 222 215 212 196 190 184 177 168 165 163 162 161 158 160 151 170 177 175 171 168 167 170 171 171 171 167 172 174 173 171 168 166 167 177 182 182 183 182 182 181 180 179 179 177 176 176 173 
156 165 182 187 178 136 161 207 229 242 244 244 243 250 251 248 245 248 244 240 227 210 196 189 177 173 168 168 166 163 159 152 172 176 173 169 167 167 168 170 170 169 167 172 172 171 168 164 163 165 178 182 183 183 182 180 179 179 178 177 176 177 175 176 
165 170 185 190 179 147 155 208 236 253 255 254 254 255 255 255 254 254 254 254 246 232 205 194 186 180 175 173 170 169 165 161 175 174 170 167 165 166 168 169 169 167 168 169 170 168 162 156 155 162 179 183 183 182 179 178 178 178 178 177 178 178 178 176 
164 173 188 192 180 155 159 208 235 253 255 255 255 255 255 255 255 254 254 255 253 240 220 200 190 186 180 177 173 173 159 166 174 170 167 165 164 166 168 168 168 166 167 163 154 142 135 130 132 152 180 183 182 181 180 179 179 178 178 177 178 177 177 176 
160 176 190 194 180 156 173 215 243 254 255 255 255 255 255 255 255 255 252 254 254 242 226 209 195 187 185 180 178 177 158 170 170 167 164 162 163 165 165 165 165 161 149 137 138 136 132 132 132 152 181 182 181 180 181 182 182 179 178 178 178 178 178 177 
170 180 192 194 178 169 191 224 251 255 255 255 255 255 255 255 255 255 254 250 252 243 227 209 199 188 187 183 181 177 162 169 167 163 159 159 161 162 160 159 153 142 136 141 146 131 121 127 137 168 180 180 179 177 182 183 182 180 180 179 178 178 179 179 
170 185 196 196 176 173 195 224 247 254 255 255 255 255 255 255 255 255 255 250 243 239 224 209 198 190 186 183 183 175 166 164 162 157 153 155 155 154 149 143 135 136 142 142 138 124 110 119 153 178 179 178 177 179 183 183 181 180 179 180 180 180 179 179 
165 187 199 198 175 169 169 178 191 213 233 249 254 255 255 255 255 255 255 252 239 226 221 207 196 190 189 180 181 162 158 157 153 147 144 139 128 121 127 129 136 143 138 133 133 117 110 133 172 179 180 178 178 182 185 182 180 179 181 180 180 180 179 176 
173 190 201 200 176 172 162 163 164 164 165 177 203 234 250 254 255 253 254 252 235 219 214 203 188 174 167 160 149 125 115 109 102 95 99 95 85 109 119 128 135 138 134 126 113 101 111 157 175 179 180 180 179 183 184 181 180 180 181 180 180 180 178 177 
176 192 202 200 179 184 177 160 163 168 170 167 162 163 173 190 207 226 243 249 227 211 179 149 121 104 96 94 88 80 73 69 69 73 76 73 104 106 111 123 125 121 113 109 105 106 136 165 175 178 178 180 181 183 184 183 182 179 181 182 180 180 177 175 
175 195 204 200 179 189 205 182 156 158 166 170 168 164 159 148 128 116 129 164 154 128 107 92 83 80 82 83 80 73 70 66 69 84 77 90 107 95 93 103 102 98 96 90 91 120 153 166 174 179 178 178 180 183 183 183 183 180 182 182 181 180 178 176 
181 199 206 201 181 193 213 225 192 172 173 167 165 167 165 163 156 143 120 105 87 83 86 78 75 70 79 78 71 68 67 74 77 82 87 96 102 98 95 92 84 80 78 77 92 138 156 165 174 178 178 180 180 183 184 184 185 183 183 181 180 178 178 180 
181 201 207 193 175 194 211 222 220 205 189 180 176 171 168 166 162 153 141 136 117 98 86 81 83 69 85 77 73 72 61 81 69 79 80 87 93 97 101 109 110 95 83 74 98 142 155 164 174 180 182 182 181 181 181 184 186 182 181 180 180 181 182 182 
182 202 207 175 167 199 220 240 247 245 211 180 175 169 163 159 158 150 143 129 119 109 94 88 95 76 90 79 69 69 64 73 57 75 81 85 88 99 102 104 100 91 90 99 105 135 152 162 174 179 180 184 184 184 184 185 186 183 183 184 183 182 183 182 
182 203 206 178 176 204 229 251 255 253 240 181 165 151 139 138 145 149 145 138 128 119 112 104 102 76 88 91 69 67 77 88 77 71 80 92 95 105 103 102 99 94 94 89 97 129 150 163 174 179 181 185 186 186 186 185 184 183 183 183 181 181 182 182 
181 201 205 179 182 209 236 253 255 255 254 208 156 139 134 141 153 153 148 144 134 126 121 111 102 79 95 92 91 73 78 81 98 76 74 86 99 103 103 103 102 100 95 84 89 118 146 164 176 180 183 185 186 187 186 185 183 184 185 182 181 182 184 184 
182 201 204 180 188 215 241 255 255 255 251 209 168 140 130 153 164 161 152 147 140 133 126 120 99 90 110 88 94 81 86 86 101 80 87 80 103 109 101 94 102 112 103 93 79 104 142 166 178 183 185 185 186 187 186 186 186 186 186 183 183 184 185 184 
180 200 204 176 192 218 245 255 255 254 219 166 170 159 132 154 163 158 152 146 142 141 134 127 112 102 121 101 93 101 98 98 95 88 104 84 96 119 106 98 115 122 112 102 88 87 137 168 180 185 188 186 187 187 185 186 186 187 186 185 185 184 184 184 
178 198 198 176 196 220 244 253 254 233 175 160 167 164 144 152 155 155 148 142 138 135 137 125 131 114 108 123 100 99 109 98 105 94 127 98 90 129 126 123 126 125 116 96 87 79 132 171 181 186 187 187 187 188 187 187 186 188 185 186 187 186 186 186 
174 189 179 164 195 216 231 238 230 183 161 159 158 170 162 156 156 152 147 136 127 134 141 111 117 144 118 118 128 117 107 111 127 119 137 123 100 138 148 142 132 127 115 102 87 75 129 173 183 186 186 187 188 189 188 188 188 189 185 186 186 186 186 187 
158 161 149 157 192 206 214 208 170 164 159 158 160 170 167 157 154 149 146 137 122 125 143 116 99 154 159 130 141 137 126 124 130 123 132 147 141 145 138 135 119 107 98 96 103 87 130 176 186 187 188 189 188 188 189 188 190 190 189 189 187 186 186 187 
134 138 133 145 189 198 196 168 156 163 162 159 155 159 158 159 158 152 159 159 153 149 154 141 113 155 175 153 147 151 141 130 126 109 128 137 125 127 135 121 111 109 107 111 114 97 140 179 185 188 189 189 189 191 191 189 190 191 190 189 187 188 188 187 
124 128 123 130 184 194 178 150 159 160 157 156 157 153 151 145 143 143 153 161 164 170 170 167 161 169 176 163 147 153 148 133 111 97 121 93 104 134 129 120 109 110 117 127 124 106 158 183 187 189 191 192 192 192 191 190 191 190 190 189 188 188 188 187 
132 134 126 128 183 194 167 150 163 168 165 156 153 153 156 147 152 168 170 166 159 153 139 127 124 130 153 161 150 146 145 127 105 88 88 64 100 115 113 114 104 108 116 118 119 122 171 186 189 189 190 192 192 191 188 190 191 191 191 190 189 187 189 189 
137 140 134 130 184 190 158 149 148 158 157 150 149 148 151 166 171 175 165 152 146 146 142 140 125 112 103 131 141 140 133 110 96 80 68 62 88 113 119 119 121 131 128 111 108 140 178 188 191 191 190 191 191 191 189 190 191 191 191 190 189 188 189 188 
142 144 137 127 179 177 156 150 146 150 152 150 139 139 139 152 168 179 178 165 161 153 144 130 114 114 102 80 106 121 119 107 90 76 63 72 92 112 126 125 132 134 110 96 99 157 182 188 190 192 192 192 191 190 190 190 192 191 190 190 189 187 188 189 
145 148 140 127 167 154 159 157 158 157 157 162 154 152 150 147 153 166 185 189 180 167 156 145 133 126 116 98 98 102 104 104 91 73 57 58 94 117 128 124 128 125 103 86 108 168 183 188 191 192 192 192 192 193 190 190 193 191 189 189 188 187 186 188 
146 151 145 131 143 141 159 158 157 157 159 164 154 147 137 146 150 156 167 183 181 174 177 170 159 153 144 125 97 88 92 98 91 74 62 59 90 121 119 110 124 126 99 97 138 175 184 189 192 193 193 191 191 192 192 193 193 192 190 189 188 189 187 187 
146 152 148 134 125 139 162 168 160 143 134 138 137 138 136 132 136 140 145 162 178 194 202 199 185 176 171 155 122 89 93 94 90 85 79 80 107 128 121 126 136 120 116 136 164 178 185 191 193 194 192 191 192 193 193 193 194 193 191 190 189 190 188 188 
146 153 150 129 117 138 159 167 151 136 140 143 143 133 127 126 125 126 131 135 136 146 167 186 188 178 178 174 154 119 115 107 98 95 89 109 151 149 139 146 146 134 136 156 171 178 185 191 193 194 194 193 193 191 193 194 194 193 192 190 189 190 189 188 
147 153 145 115 112 139 155 165 158 159 166 155 153 145 132 119 116 110 112 119 117 120 137 153 178 186 176 170 177 163 145 121 104 110 112 159 178 169 159 151 146 148 155 166 172 177 184 189 192 193 193 191 192 192 194 195 194 193 193 191 191 191 189 189 
148 151 132 108 114 147 154 162 159 157 161 152 146 139 132 122 116 117 117 118 113 116 120 127 147 182 194 186 186 194 192 174 151 134 147 176 174 169 153 150 153 157 162 169 170 173 182 187 190 191 191 191 192 192 194 194 194 194 193 193 193 192 190 188 
151 151 127 109 112 143 152 159 151 140 155 155 146 136 121 112 112 113 107 110 123 137 137 140 135 141 164 182 193 198 198 188 175 160 153 164 161 155 150 151 159 162 164 168 169 172 178 184 188 190 190 193 194 194 195 194 194 194 194 193 192 192 190 187 
158 150 130 118 120 142 151 155 136 133 149 147 135 114 109 113 110 100 113 131 131 128 122 118 124 124 115 130 135 144 154 162 166 169 166 155 146 149 151 154 161 160 160 164 167 170 175 181 186 190 192 194 194 195 195 195 193 193 193 192 191 191 189 189 
162 149 134 120 123 144 148 140 131 142 142 127 112 115 119 110 109 125 127 119 120 128 122 121 117 112 107 116 112 107 105 103 118 131 131 125 137 147 153 156 157 157 155 158 162 166 171 178 185 190 193 194 194 194 193 194 194 193 192 192 191 191 189 188 
161 149 137 122 120 141 143 137 147 140 117 109 129 136 119 120 131 125 119 119 131 131 128 106 115 117 119 117 112 109 106 105 104 105 112 116 125 135 149 154 154 152 149 151 157 163 167 175 183 189 191 192 193 193 192 193 192 192 191 191 191 190 189 189 
156 149 140 130 123 137 141 150 151 126 117 138 150 141 128 140 130 126 132 140 144 137 123 110 125 126 120 118 110 111 108 110 112 109 110 108 110 118 124 140 151 151 142 142 149 158 164 171 181 187 190 190 191 193 194 193 192 192 190 191 191 188 189 189 
158 153 145 141 138 145 150 160 154 132 148 162 157 145 149 143 128 138 146 150 148 137 124 129 138 133 128 122 118 118 112 112 116 115 115 115 109 113 113 116 123 134 139 131 137 149 160 167 176 185 187 189 190 191 193 193 192 192 191 190 189 188 189 187 
158 155 151 148 150 154 157 166 160 147 160 167 163 159 161 142 140 154 159 159 151 139 143 150 149 145 143 141 135 132 125 119 119 118 116 119 116 118 112 112 111 109 116 125 122 137 153 162 173 182 184 187 188 191 192 192 191 192 191 190 188 187 187 185 
155 152 148 148 154 158 159 164 162 158 161 168 174 176 171 154 155 170 174 172 155 150 165 169 165 162 161 154 144 142 137 131 127 122 121 125 122 125 119 114 110 108 109 117 111 115 141 157 169 180 183 185 188 190 191 192 192 192 191 190 188 187 187 184 
150 149 148 148 149 154 160 161 160 156 160 170 176 182 179 164 160 178 183 181 163 160 175 178 170 173 173 155 142 140 139 138 130 126 123 123 125 125 123 116 107 102 101 108 108 99 118 151 165 177 182 184 188 188 190 192 191 190 190 188 186 188 187 186 
144 140 143 142 141 146 152 154 157 156 157 162 166 170 174 167 162 175 180 181 173 167 169 179 174 171 168 156 143 135 131 135 134 133 128 123 123 128 126 117 106 101 100 102 104 104 101 133 160 173 183 185 186 187 188 189 188 189 188 188 187 187 185 185 
145 141 143 142 141 142 147 149 151 151 154 156 156 158 164 167 166 164 167 165 158 158 164 170 166 162 158 156 154 146 138 137 136 136 130 125 120 121 118 110 101 101 105 103 98 103 107 111 149 168 181 184 185 185 186 186 186 188 188 187 186 186 185 185 
146 145 145 140 142 145 149 150 151 153 153 157 158 155 155 156 157 153 154 149 146 151 166 169 160 152 151 145 143 145 151 149 142 138 131 123 120 119 112 107 103 104 107 108 104 103 113 112 133 163 179 183 184 184 184 184 180 186 187 185 186 184 184 185 
141 144 144 140 141 146 145 145 148 152 150 150 151 145 144 140 145 148 149 149 150 147 162 169 162 153 151 142 129 126 133 144 147 139 137 135 132 123 116 116 110 109 111 113 114 113 112 117 121 158 177 183 183 183 184 184 184 186 186 185 185 185 185 184 
143 143 142 139 142 144 138 137 141 140 135 131 131 131 133 129 131 138 142 147 145 132 149 163 158 151 137 132 135 130 125 122 129 139 133 130 130 128 120 114 118 121 118 116 116 114 111 115 118 152 175 180 183 184 184 185 186 186 186 188 188 187 185 184 
145 144 142 138 135 138 139 138 136 137 133 128 124 123 127 132 135 138 140 138 136 127 140 155 154 144 119 122 138 131 123 116 107 111 130 124 121 124 124 115 110 120 123 113 106 105 109 114 109 146 175 181 184 185 186 186 187 187 187 187 187 187 184 182 
142 140 139 140 134 131 131 130 135 137 139 138 138 136 134 139 141 139 141 138 136 128 130 145 147 128 117 129 139 132 119 99 80 87 116 136 124 120 116 113 106 110 114 106 106 102 114 122 114 139 176 182 184 185 186 185 187 188 186 182 185 185 183 182 
137 133 133 135 134 131 129 127 132 133 132 131 130 128 121 130 137 137 137 135 128 127 128 137 141 127 130 134 134 122 98 73 84 104 116 134 134 119 117 122 117 102 111 114 120 114 118 130 127 138 176 183 186 187 188 188 188 189 187 186 186 185 183 183 
138 133 132 132 131 132 131 133 136 130 123 119 111 109 120 134 141 141 139 137 129 127 124 127 131 131 135 131 123 100 73 69 98 112 117 118 130 130 125 132 134 113 118 125 133 133 122 134 138 150 179 185 186 188 188 189 188 188 189 188 187 186 185 184 
143 141 140 134 131 132 130 132 133 125 119 117 112 110 119 131 136 137 139 140 128 122 112 114 124 138 137 131 111 81 72 86 107 110 112 108 108 126 141 148 146 129 122 127 136 139 142 141 151 168 181 185 187 188 189 190 189 189 189 188 187 186 185 183 
145 144 141 138 137 132 130 129 128 126 123 121 117 110 110 117 125 128 137 141 131 123 115 120 140 145 141 128 102 89 86 103 111 113 109 100 97 96 110 121 124 135 134 135 141 149 155 158 167 175 180 183 186 188 189 189 189 189 189 188 188 187 186 179 
144 143 143 142 141 136 134 132 132 134 135 132 124 120 118 117 113 118 133 141 137 126 118 124 138 144 144 129 111 111 120 123 123 116 108 102 106 103 105 101 87 96 121 138 150 155 160 164 169 174 178 182 185 187 188 189 189 189 188 188 187 187 186 184 
139 141 139 139 139 138 137 131 129 130 134 133 129 130 126 124 121 123 131 140 140 131 120 116 119 134 146 139 133 136 140 141 139 121 105 104 108 106 105 103 97 86 85 108 137 151 158 161 165 170 176 180 184 186 187 188 189 189 188 188 187 187 186 185 
140 137 135 138 140 136 127 124 125 126 131 133 130 126 120 119 126 133 138 142 142 136 126 117 116 120 143 156 150 140 148 154 144 124 111 115 105 102 101 103 105 98 89 86 111 139 152 159 162 166 172 178 182 185 186 187 188 188 188 188 187 186 186 184 
143 143 143 144 141 132 126 130 132 134 138 142 138 132 131 130 134 139 144 145 142 134 126 118 112 112 126 155 149 138 157 161 145 135 130 123 112 109 104 103 102 100 98 89 89 116 143 156 160 162 168 174 178 182 185 187 188 189 187 187 188 186 185 184 
148 149 147 144 143 137 135 138 138 137 140 144 147 146 144 143 141 140 143 145 140 131 124 118 109 108 113 127 131 137 162 165 150 147 137 129 117 109 105 104 101 105 107 103 90 92 123 147 157 160 164 169 173 179 182 185 187 188 187 186 188 186 185 184 
147 149 148 145 145 141 137 139 139 137 136 137 143 145 142 139 133 131 135 139 137 127 124 121 120 118 120 120 117 127 144 161 156 152 143 139 126 116 104 100 99 101 103 104 100 88 100 132 151 157 160 164 167 172 178 182 184 186 186 186 186 185 184 183 
145 147 144 145 141 136 134 136 139 138 138 139 141 141 133 128 121 123 130 134 133 131 127 124 125 124 120 117 120 125 122 149 165 158 143 142 131 123 103 91 91 97 100 104 106 98 88 112 141 154 157 160 164 171 175 179 182 184 184 184 184 184 183 182 


96 99 99 79 70 76 102 75 82 115 146 139 134 138 138 141 137 138 140 142 143 145 149 154 158 158 159 161 160 162 161 160 159 162 180 177 174 171 170 173 175 177 179 181 183 183 184 183 185 185 185 187 186 186 185 184 182 182 181 180 178 176 176 174 
103 112 102 78 97 100 131 127 118 124 141 139 138 144 146 143 141 140 141 142 145 147 150 152 156 156 159 160 161 162 160 160 154 166 179 176 172 169 170 171 173 176 177 178 182 182 182 182 182 182 183 186 185 184 183 182 182 182 180 179 178 176 175 173 
124 125 122 101 116 116 152 180 183 178 172 164 164 164 165 157 152 151 148 146 147 148 151 150 152 154 156 157 159 161 158 160 152 175 177 173 171 169 170 171 173 174 175 176 179 179 180 180 181 179 182 182 182 181 181 181 181 180 179 178 177 177 175 172 
159 155 168 169 161 144 156 186 196 198 196 187 188 188 187 181 173 170 164 160 157 156 155 154 155 154 156 156 159 159 157 159 159 176 175 173 169 169 169 170 171 172 173 173 176 176 176 176 175 175 180 179 181 181 180 180 179 178 179 177 177 177 174 174 
163 160 175 179 174 152 160 196 209 212 208 204 203 206 203 199 195 193 187 184 174 172 168 163 160 158 157 156 160 159 158 154 161 175 173 171 167 167 167 168 170 171 169 171 173 174 172 170 168 171 178 180 181 182 181 180 180 179 180 179 179 177 177 176 
164 163 178 182 177 141 156 203 222 230 228 227 223 230 229 220 221 220 213 210 195 188 181 174 167 164 162 161 161 158 160 151 165 174 171 167 164 165 166 167 169 167 163 169 171 171 169 164 163 166 176 180 181 182 182 182 181 180 179 179 177 176 177 175 
165 166 181 186 178 145 163 210 235 248 249 248 247 251 252 249 247 248 244 240 228 210 195 187 176 171 167 167 166 163 159 150 167 171 168 164 163 163 166 167 168 165 164 167 167 166 165 160 160 163 177 181 181 181 179 179 179 179 178 177 177 177 175 177 
169 170 185 189 180 149 156 211 240 254 254 255 255 255 255 255 254 254 254 254 248 233 206 194 185 179 174 173 169 168 164 157 170 168 165 162 161 162 164 167 166 163 164 165 166 164 158 152 153 160 177 182 182 180 178 176 178 179 178 177 179 178 177 175 
171 174 188 193 180 156 161 211 241 254 255 255 255 255 255 255 255 254 254 255 254 242 221 202 190 185 180 177 173 172 160 161 169 166 161 159 159 160 163 166 164 162 163 158 147 132 121 120 125 150 178 182 181 180 180 179 179 178 178 177 178 178 178 175 
170 178 191 194 180 155 173 219 247 255 255 255 255 255 255 255 255 255 254 254 254 245 228 210 195 187 185 180 177 176 157 164 166 163 158 156 158 160 161 162 161 155 136 116 113 112 114 121 117 148 179 180 179 180 181 182 182 180 178 178 179 179 179 177 
177 182 193 195 178 168 192 229 252 255 255 255 255 255 255 254 254 255 255 252 253 246 230 211 199 188 186 183 180 176 157 163 161 155 151 152 154 155 155 155 143 119 107 113 119 115 114 120 126 166 179 179 178 176 182 183 182 181 180 180 179 179 179 179 
178 186 198 197 177 171 195 229 250 254 255 255 255 255 254 255 255 255 255 252 246 242 227 210 198 189 185 182 182 174 160 157 154 149 146 146 147 146 141 126 107 105 111 117 121 113 105 116 148 177 176 176 175 177 184 183 182 180 180 181 180 180 180 179 
176 188 200 200 175 166 165 176 190 212 234 249 254 255 255 254 254 255 255 253 242 229 222 208 196 189 187 179 179 161 151 148 143 135 133 125 109 101 101 99 106 115 114 115 117 108 104 128 170 177 178 176 177 180 184 182 180 179 181 181 180 180 179 177 
180 192 204 202 176 167 148 146 148 147 150 169 199 234 250 254 255 254 254 253 237 220 214 203 186 169 162 154 140 107 93 89 78 65 65 57 48 74 86 96 106 111 110 111 106 96 105 154 173 178 179 179 176 181 183 182 181 181 181 181 181 181 179 178 
183 195 206 202 179 181 168 148 150 154 154 149 141 148 164 188 208 228 245 250 230 211 176 137 100 73 63 55 45 39 33 32 32 33 34 35 66 73 80 94 100 99 98 97 94 96 130 163 173 177 175 177 179 182 182 183 182 179 181 183 181 180 178 177 
183 198 208 203 179 187 205 177 147 148 151 151 149 145 135 125 110 103 124 159 145 108 75 55 45 40 38 37 33 30 28 28 30 38 32 41 63 56 61 77 81 84 86 83 82 115 150 163 172 177 175 174 178 182 183 183 183 180 183 183 181 181 179 177 
187 202 210 204 181 192 215 228 185 156 153 147 144 143 140 137 129 113 91 76 58 50 46 40 36 33 34 33 29 29 31 33 32 33 32 41 52 49 53 61 62 66 71 69 82 136 154 163 171 177 177 178 179 180 184 184 185 184 184 183 181 180 180 182 
187 205 212 198 176 194 212 224 215 191 171 158 150 143 141 139 132 124 106 96 73 52 40 37 38 30 39 33 29 33 28 35 27 27 28 32 40 46 56 68 76 72 68 61 89 138 152 161 172 177 179 180 180 179 180 184 186 183 182 182 181 183 183 184 
188 206 211 182 169 198 222 243 247 244 204 159 149 143 137 134 131 120 104 82 70 57 41 35 43 33 44 34 27 30 28 30 24 27 33 35 36 49 52 61 62 62 65 76 92 130 148 160 172 177 178 183 183 183 183 184 185 183 184 185 184 184 185 184 
186 205 210 183 176 204 233 252 255 253 238 168 146 136 122 121 123 117 101 88 76 65 59 48 48 29 38 38 27 26 32 38 34 27 33 42 48 64 60 56 53 51 56 62 80 122 145 160 172 177 179 184 185 185 185 184 183 184 184 184 183 183 184 184 
185 205 209 184 182 211 241 254 255 254 254 204 140 122 119 124 125 119 105 94 81 72 67 56 49 33 44 42 42 27 30 33 48 33 28 36 55 65 60 54 53 52 48 45 63 107 141 161 174 178 181 183 185 185 185 184 182 184 186 184 183 183 185 184 
185 205 209 184 187 216 246 255 255 254 251 200 149 118 107 128 130 119 104 95 87 80 71 66 46 42 60 38 45 33 39 37 55 39 41 34 63 69 53 43 51 64 54 46 44 90 137 162 175 180 183 183 184 185 185 185 185 186 186 185 185 185 185 185 
183 203 206 182 192 221 248 255 255 253 212 135 129 120 98 117 120 111 99 92 91 91 80 71 57 54 76 53 45 49 49 52 49 50 60 41 57 83 60 50 72 80 68 55 45 69 132 165 177 183 185 184 185 186 184 185 185 187 187 186 186 186 185 185 
179 199 200 176 195 222 248 254 254 229 147 118 122 116 94 101 104 103 91 88 85 84 88 72 81 67 62 73 51 47 58 52 57 50 83 55 45 92 85 79 83 83 72 51 45 56 127 168 177 182 184 185 184 187 186 186 185 187 184 186 187 187 186 186 
174 190 180 162 193 216 234 240 227 158 118 114 110 117 107 100 103 97 92 81 72 84 93 59 66 98 71 66 75 65 58 65 78 69 96 83 57 105 115 106 91 82 67 53 43 48 124 171 180 183 183 185 186 187 187 187 188 188 184 186 187 187 187 188 
155 159 145 150 189 205 214 204 145 123 117 112 111 115 111 101 100 94 92 82 66 72 98 60 44 109 116 81 90 87 76 75 80 72 88 106 105 116 106 98 75 60 47 44 58 56 123 173 183 184 186 188 187 186 187 187 189 189 188 189 189 188 187 187 
129 133 126 137 185 196 194 148 112 119 119 111 103 103 98 99 102 97 114 119 105 98 111 92 59 109 132 104 97 102 90 79 79 61 84 100 92 91 96 75 62 59 57 63 70 67 134 175 181 183 186 187 187 188 188 188 189 190 189 190 189 189 188 186 
117 122 114 120 179 192 168 109 112 114 111 106 105 98 93 84 81 84 100 116 121 132 131 127 120 130 135 116 95 105 97 83 64 47 74 56 65 90 84 73 60 61 70 85 84 81 153 180 184 186 189 190 190 190 189 189 190 189 190 189 188 190 188 187 
125 128 117 118 178 191 145 103 116 121 116 106 101 102 103 90 91 111 118 116 116 117 103 89 89 96 117 121 100 95 95 77 55 35 42 32 57 66 65 63 52 59 73 78 82 101 165 182 186 186 188 190 191 189 186 189 190 190 190 189 188 189 190 190 
132 135 125 118 178 185 124 102 99 114 109 100 99 95 99 116 114 117 109 97 95 95 94 92 77 67 62 84 87 86 80 57 43 29 25 25 40 66 72 72 72 85 91 74 73 123 173 183 187 187 188 188 190 189 187 188 190 190 190 189 188 189 189 189 
136 137 127 116 171 162 112 101 94 98 98 96 84 85 84 99 114 123 125 108 106 96 83 70 57 61 51 33 49 63 62 49 35 27 22 26 40 66 80 78 86 94 72 61 72 146 177 184 187 189 188 189 189 188 188 189 191 190 189 189 188 186 187 189 
138 141 129 115 154 120 109 108 111 109 108 112 101 99 97 95 102 114 136 141 130 112 97 82 72 68 59 38 37 40 43 48 37 24 24 24 43 68 80 76 85 91 67 54 92 163 178 184 188 188 189 188 190 190 187 188 192 190 188 189 188 186 185 187 
139 144 134 116 113 92 111 108 110 110 111 115 103 90 77 91 98 107 119 137 135 125 125 113 101 100 89 64 37 28 31 41 37 27 24 25 44 73 72 63 81 97 71 71 129 169 179 184 188 189 189 188 189 190 190 192 192 191 188 188 187 189 188 186 
138 144 134 103 78 86 113 119 108 91 80 85 84 84 79 75 79 85 95 119 138 157 168 159 136 127 120 101 61 34 39 42 41 41 40 42 67 83 76 84 97 92 93 123 158 173 180 187 190 190 189 190 191 191 191 193 193 192 190 189 188 190 189 187 
140 143 127 86 68 85 110 117 94 75 80 86 89 78 77 82 85 84 86 97 100 111 142 165 150 126 128 123 99 64 71 71 64 65 61 86 121 114 101 112 114 107 115 146 165 173 181 186 190 190 190 189 191 189 191 193 193 192 191 189 188 191 190 187 
139 137 111 69 63 88 107 116 104 108 115 97 99 88 77 68 67 67 71 83 88 95 119 136 146 143 128 120 128 115 104 90 75 82 90 138 155 145 132 126 121 128 143 158 166 172 179 185 187 188 189 187 188 190 192 194 193 192 191 191 190 191 189 188 
136 124 90 58 63 98 107 114 110 109 109 94 86 77 76 72 74 83 86 86 83 91 100 111 126 150 154 144 142 155 160 144 125 111 128 156 154 151 137 134 139 144 153 163 162 167 176 182 186 186 186 188 190 191 193 192 193 193 192 192 192 192 191 189 
130 116 80 58 58 91 102 111 101 86 103 99 87 77 65 64 70 72 62 65 84 107 107 107 97 103 126 147 160 169 172 160 150 141 137 150 147 140 135 138 147 151 155 162 161 164 173 179 183 185 187 190 192 192 192 192 192 193 192 192 191 192 191 189 
129 111 80 68 64 88 101 106 83 76 95 91 77 57 59 63 54 46 66 95 98 89 71 61 77 77 60 84 90 104 124 140 145 152 148 138 130 136 138 140 148 150 151 157 160 163 169 176 181 186 189 191 192 193 192 192 192 192 192 191 191 192 190 189 
129 108 82 66 67 89 98 89 77 85 85 68 51 62 63 47 54 82 80 67 65 68 62 67 60 51 48 61 53 50 52 56 76 91 92 91 113 131 138 142 142 145 144 149 155 159 164 172 180 186 189 190 192 191 191 192 192 191 191 190 190 191 190 190 
126 107 85 65 63 87 92 84 96 85 54 47 70 77 53 63 80 67 59 58 69 69 69 45 53 55 59 57 52 49 48 47 50 52 58 63 79 98 126 139 140 138 137 141 148 156 161 168 178 185 187 188 191 191 189 190 191 191 190 189 189 190 189 189 
117 105 86 71 65 84 89 100 99 67 54 79 93 75 64 85 67 59 68 78 82 74 61 44 63 65 61 59 50 51 49 53 55 54 55 53 57 69 79 112 135 136 127 129 139 150 157 164 175 182 186 187 188 191 191 190 190 190 189 189 189 188 189 189 
117 108 92 83 80 93 100 113 105 71 92 109 98 78 89 83 60 74 84 91 85 74 57 63 75 72 67 60 55 57 54 53 62 62 62 61 58 63 63 72 90 108 120 114 122 139 152 160 170 180 182 185 187 188 190 190 190 189 189 188 188 188 189 187 
121 114 103 95 99 106 110 119 109 91 110 116 109 101 105 76 73 96 100 100 91 73 79 86 87 83 80 74 70 69 65 60 63 65 63 67 66 69 61 63 66 67 81 101 101 123 144 154 166 178 180 182 186 187 189 189 190 190 189 189 186 187 188 185 
119 115 103 98 106 110 113 119 113 107 112 119 125 126 119 96 99 118 121 119 99 91 112 115 109 106 105 94 79 79 73 69 70 66 68 73 71 72 67 65 62 62 65 81 84 95 131 151 163 176 178 179 185 188 189 190 190 190 189 188 185 187 187 183 
112 109 104 100 99 106 114 117 115 108 114 124 130 136 130 112 109 130 134 133 110 108 126 128 117 119 120 97 80 80 76 77 70 67 70 70 69 70 68 62 57 52 50 63 71 71 104 144 159 172 178 181 185 185 187 188 188 188 188 187 184 186 186 185 
98 95 97 92 90 94 102 104 109 107 109 115 118 123 126 117 111 128 134 134 125 119 121 132 126 120 116 99 83 75 70 74 72 73 71 68 67 74 72 64 53 48 46 50 59 66 75 122 154 169 180 182 183 183 185 186 185 187 186 186 185 186 185 185 
99 92 95 93 89 89 97 96 97 95 101 105 107 111 118 121 120 117 122 120 110 110 115 122 116 109 104 102 103 91 79 74 76 75 70 68 64 65 63 55 45 45 53 52 50 59 68 91 143 163 178 181 182 183 185 182 182 185 186 186 185 185 185 184 
101 97 95 92 92 96 100 98 98 100 101 107 109 109 108 108 107 102 106 97 87 95 113 112 97 89 91 83 86 94 101 94 81 73 69 64 60 60 56 51 48 51 56 58 57 60 69 81 124 157 175 180 181 182 181 180 179 183 184 184 185 183 184 185 
94 96 94 90 94 103 99 94 97 103 100 99 101 95 94 90 93 100 99 93 90 88 110 113 104 97 95 80 67 73 84 95 91 75 74 71 68 62 58 60 55 57 59 65 67 70 69 79 105 153 174 180 181 182 181 181 181 183 184 182 184 185 185 185 
95 93 90 88 94 99 91 87 89 86 80 75 78 76 77 71 74 87 91 92 86 73 95 109 105 98 77 75 80 73 66 69 80 81 71 67 68 68 62 59 63 68 67 67 66 67 68 76 97 147 172 179 182 183 183 184 184 184 184 186 186 186 185 185 
99 95 94 90 85 88 90 88 84 79 73 69 65 65 68 72 79 84 90 86 77 67 84 100 98 84 59 71 82 69 64 67 61 62 74 65 61 65 64 61 57 68 71 63 55 59 66 74 87 140 174 180 183 184 185 184 185 185 185 185 186 185 183 182 
98 93 91 92 82 81 82 80 84 85 85 81 77 77 73 80 85 85 91 87 81 72 74 90 89 66 59 75 78 72 64 48 34 40 67 80 66 60 55 58 54 61 64 55 55 56 68 80 85 132 174 180 183 183 184 182 185 186 184 180 185 185 182 181 
87 84 84 84 81 78 75 74 80 83 82 79 77 77 65 73 81 77 83 82 76 74 72 84 87 68 72 76 73 63 47 32 40 58 72 87 79 61 56 64 63 54 59 60 68 64 68 84 91 127 172 180 183 184 186 187 186 187 186 183 184 185 183 182 
86 83 80 81 80 82 77 81 84 77 72 70 62 57 65 80 87 86 83 78 72 73 73 80 81 73 74 68 63 45 33 32 48 64 70 73 82 76 65 72 78 63 65 69 78 82 75 90 102 138 176 183 184 186 187 187 187 187 188 188 187 185 185 184 
97 94 89 82 80 80 78 80 80 69 65 67 62 58 67 80 86 86 91 89 72 69 61 68 70 79 77 71 57 33 31 37 55 57 61 59 61 80 93 96 96 83 71 74 81 89 100 104 127 163 176 183 185 187 188 188 187 187 189 188 187 186 185 182 
101 100 93 86 83 77 76 75 73 71 70 70 69 62 61 67 73 78 91 92 75 67 64 70 87 90 82 71 49 37 36 51 57 58 58 47 47 50 66 80 88 97 85 87 94 109 131 143 159 171 177 182 185 185 188 188 189 188 188 189 188 188 186 177 
99 97 96 93 88 82 80 79 79 80 83 80 73 70 68 66 57 63 80 92 85 73 68 75 90 91 86 74 65 62 71 69 67 60 54 48 57 58 62 62 53 68 91 114 130 141 154 159 164 169 175 180 183 185 187 187 188 189 189 188 188 188 187 185 
92 95 92 89 84 83 82 78 75 75 80 80 75 78 76 72 66 67 75 90 93 81 70 68 72 87 94 91 91 91 89 89 89 65 48 48 56 60 56 60 59 55 58 89 125 145 153 157 161 166 172 178 182 185 186 188 189 188 189 189 187 187 188 187 
90 87 86 87 87 81 71 69 67 69 74 77 76 73 69 66 72 79 86 95 98 88 74 67 68 74 100 115 109 97 99 110 95 65 57 63 53 53 49 60 67 63 58 61 93 131 148 155 157 162 169 175 180 183 185 188 188 189 189 190 188 188 188 187 
94 93 92 94 89 75 67 73 78 82 89 92 86 81 81 77 82 88 96 102 98 87 74 67 62 63 81 119 109 94 112 118 91 76 72 68 61 58 55 55 57 63 63 61 65 102 137 152 156 159 166 171 177 181 185 187 188 189 189 189 189 189 187 186 
104 104 100 95 91 80 79 82 85 85 93 103 104 99 96 93 90 90 98 100 94 80 71 67 57 59 65 83 90 94 122 124 98 91 77 72 64 56 54 55 56 64 72 72 64 72 112 143 153 158 163 167 171 177 182 185 186 187 188 188 189 189 188 187 
97 103 100 94 93 87 79 84 84 84 87 96 101 98 89 88 79 76 83 89 91 76 71 70 71 70 69 71 70 83 109 131 114 100 82 80 67 60 49 51 53 56 62 69 67 64 81 124 147 155 159 161 164 169 176 182 184 186 188 188 187 189 187 187 
92 101 95 94 87 80 75 78 84 84 85 89 90 90 79 76 68 69 75 81 83 81 76 74 76 75 71 67 70 78 84 126 141 119 87 84 71 66 50 44 47 53 59 66 72 70 67 99 136 151 154 157 160 168 174 179 182 185 187 188 187 187 186 185 