


70 116 119 121 172 208 169 138 207 211 213 174 122 117 102 111 91 136 188 219 225 216 216 213 195 186 165 114 99 102 100 149 197 201 193 172 172 132 70 51 64 80 77 64 70 98 101 78 122 102 64 66 84 86 85 73 63 73 79 94 72 46 76 73 
76 94 133 153 205 188 110 162 215 204 221 204 166 174 170 121 102 130 211 227 219 231 229 226 228 221 199 117 85 106 93 91 90 95 85 63 68 53 61 103 123 106 92 75 72 122 106 87 146 100 77 63 76 84 82 78 66 69 72 74 58 69 73 87 
49 57 107 172 204 125 145 224 224 209 223 222 216 224 194 113 97 141 218 232 227 231 225 224 239 222 197 127 104 136 96 83 74 91 78 52 44 62 167 217 216 215 160 92 84 97 80 87 99 81 82 80 62 80 90 81 67 65 58 60 80 75 65 69 
50 67 56 90 116 84 187 233 224 222 229 224 226 213 166 81 83 97 174 223 227 224 219 224 239 192 136 95 87 93 79 67 60 73 75 75 85 189 227 216 216 219 197 130 80 86 81 75 78 85 119 116 63 63 83 76 68 92 60 82 81 70 63 76 
35 42 36 25 31 39 113 211 224 226 212 223 216 121 96 110 112 114 110 123 185 216 224 237 218 156 115 67 62 57 52 44 40 58 42 45 97 189 229 221 206 181 182 137 90 110 102 77 79 93 127 122 59 56 74 82 76 72 53 79 85 75 63 77 
14 23 37 33 38 31 29 91 144 145 123 192 183 109 109 134 152 126 99 115 223 239 235 235 227 233 204 76 40 35 33 37 57 43 40 45 43 70 119 124 120 96 96 167 184 177 176 158 125 119 117 114 64 76 80 136 86 48 52 73 72 64 65 73 
20 14 19 33 39 27 33 41 31 44 64 93 100 88 102 87 127 84 55 181 247 239 232 233 236 236 220 105 45 40 41 53 61 40 62 52 40 44 51 56 52 69 132 232 238 234 222 231 213 132 111 92 38 68 86 109 80 60 70 77 58 47 52 59 
165 109 44 24 33 35 46 28 16 32 56 39 44 72 97 73 64 32 47 203 248 239 235 232 234 235 212 136 81 79 43 37 52 77 47 24 27 36 55 43 57 159 230 237 234 234 234 236 186 87 95 64 39 53 72 63 67 50 69 65 47 54 56 59 
217 214 124 32 19 35 47 36 25 35 45 39 45 63 64 55 39 43 75 181 244 231 239 237 232 203 173 156 138 86 64 58 86 118 47 23 30 47 53 54 105 229 248 243 235 243 240 210 154 78 75 57 46 57 87 71 62 30 27 41 53 56 44 52 
218 209 152 45 29 33 38 43 46 41 35 37 47 56 59 48 52 142 204 230 234 221 235 233 234 163 112 99 83 46 95 116 84 69 52 50 63 81 94 89 99 205 242 242 225 218 208 135 102 113 142 101 72 74 91 65 58 44 40 46 57 63 50 43 
222 174 65 39 24 26 32 38 44 50 63 117 148 115 53 50 121 230 238 233 228 217 223 197 114 69 53 55 54 50 63 85 84 64 68 65 62 66 73 75 76 114 170 171 161 103 96 114 167 216 243 226 189 187 206 125 70 64 67 67 51 62 45 46 
130 63 30 34 18 22 25 31 36 97 191 231 233 216 77 46 170 240 243 231 231 223 200 151 53 53 59 50 51 55 59 61 66 54 60 63 60 58 56 54 53 42 39 36 35 34 80 202 236 240 239 237 233 228 218 149 77 55 47 46 39 48 48 45 
41 22 23 22 25 35 23 21 66 210 237 231 232 226 126 55 198 246 247 232 243 229 159 78 48 54 59 53 55 57 64 55 44 39 46 47 45 47 45 42 40 36 25 30 36 32 76 218 246 246 235 236 234 234 221 210 137 60 39 36 32 32 33 32 
13 20 21 20 22 31 29 23 97 232 237 239 227 193 77 49 94 127 173 175 172 115 63 58 64 69 67 56 50 47 48 55 44 40 37 52 55 53 50 46 39 42 48 42 29 31 66 223 252 251 236 234 232 225 222 216 156 52 28 25 28 28 32 37 
16 18 18 17 20 27 28 28 43 173 233 216 155 82 53 38 45 34 39 38 36 49 56 64 116 152 108 113 78 61 49 49 49 48 49 51 59 57 53 48 36 47 64 49 35 38 46 136 233 240 238 236 228 226 218 212 152 87 85 48 31 41 52 113 
15 15 22 17 19 15 18 32 78 154 190 106 102 136 114 62 28 15 18 28 73 104 77 144 230 244 225 233 202 108 43 44 43 45 41 42 54 55 42 43 45 50 47 48 36 18 15 39 123 202 233 247 241 229 210 199 226 232 232 183 106 88 87 203 
23 61 126 41 22 19 34 152 207 220 215 218 230 238 198 96 36 18 19 73 113 104 160 241 242 237 235 239 243 162 70 62 49 51 60 56 51 44 42 57 56 42 34 33 28 21 23 51 55 100 134 193 196 175 146 191 240 235 227 227 213 150 93 202 
67 191 208 69 15 19 93 215 225 229 241 244 241 236 232 216 82 39 29 67 86 87 195 249 235 228 231 237 235 145 67 47 45 54 55 58 49 44 53 54 66 68 41 17 18 23 25 62 47 55 40 65 86 91 114 213 229 214 203 223 227 182 80 149 
102 224 199 67 27 48 169 230 233 240 240 242 235 237 246 212 76 43 49 64 48 53 129 226 234 235 233 232 230 167 59 32 33 54 50 49 54 51 57 73 77 118 109 101 103 40 23 28 47 54 47 68 158 185 185 223 241 229 218 221 214 159 72 79 
111 219 128 24 18 63 208 231 223 199 228 244 244 239 235 151 45 74 87 62 57 66 83 130 170 199 222 195 166 90 46 32 40 66 67 66 80 48 31 88 176 232 245 240 241 185 151 75 62 66 73 142 203 210 210 220 231 239 232 213 157 61 51 36 
74 142 36 7 10 11 51 102 88 53 131 238 244 209 155 95 52 93 75 87 47 111 117 126 125 74 127 87 53 54 62 61 31 55 65 60 70 50 32 137 250 251 246 245 248 239 235 145 61 62 97 151 176 209 205 205 212 203 148 90 66 53 43 39 
11 21 13 11 14 14 21 18 16 19 95 196 227 207 166 164 109 67 48 50 39 129 158 174 124 47 59 57 38 34 64 82 41 35 30 36 58 52 52 172 253 246 237 238 238 239 242 153 40 50 99 205 217 218 221 215 218 206 98 44 43 51 95 171 
6 12 23 17 12 11 18 14 41 136 211 211 222 218 206 197 134 39 23 31 32 44 75 73 37 35 54 56 47 41 44 58 62 55 49 60 52 48 53 179 246 247 238 238 236 244 233 152 62 58 80 188 229 212 227 228 210 150 62 51 44 104 203 212 
24 99 152 57 19 18 21 22 94 222 216 223 222 199 188 170 109 28 24 29 41 61 57 62 48 37 47 63 66 65 49 81 139 184 197 212 157 50 50 97 188 250 249 244 245 242 221 140 63 57 54 77 127 92 148 149 99 47 41 44 55 140 225 219 
108 202 177 39 24 39 53 76 191 226 217 223 219 217 210 165 86 22 28 47 45 48 58 58 48 54 109 171 200 182 125 214 243 245 245 242 212 129 67 66 134 232 248 233 211 199 125 84 66 65 59 37 47 46 45 42 26 14 40 38 47 111 213 225 
172 213 135 50 138 184 195 182 230 227 234 224 199 182 184 172 153 105 59 36 28 39 57 51 55 166 243 245 241 231 227 250 240 231 239 237 234 181 61 58 61 102 123 109 76 85 65 62 61 64 53 43 43 39 26 15 26 26 36 51 45 53 101 176 
150 163 75 120 216 221 194 212 231 232 240 156 76 141 218 228 219 220 181 68 30 35 46 58 125 233 246 245 241 230 234 248 245 235 239 237 240 150 40 36 55 59 60 50 43 65 62 66 66 66 63 59 54 52 23 21 27 31 29 41 41 37 31 48 
43 62 92 192 226 229 231 230 234 239 215 83 66 180 228 225 220 231 225 119 35 34 46 101 233 251 245 244 239 225 227 235 254 251 251 244 195 108 79 39 38 49 50 38 29 63 62 54 69 70 60 62 60 56 29 32 31 20 46 40 29 31 54 118 
32 43 79 186 208 225 227 223 225 164 111 53 120 228 241 235 220 233 246 163 45 37 39 69 201 252 249 242 238 233 230 180 188 201 191 168 112 71 91 69 45 47 36 34 38 59 72 57 60 74 56 42 43 32 21 25 40 27 29 28 33 32 71 139 
42 47 80 162 187 222 221 220 215 135 47 51 81 207 240 236 233 241 218 117 53 41 47 60 123 211 250 245 241 236 209 134 77 82 65 39 65 69 55 41 35 37 25 33 39 37 57 36 36 46 50 28 33 42 27 25 33 34 22 26 45 29 28 62 
57 52 84 92 101 172 214 206 185 92 67 152 177 214 229 227 230 223 155 96 45 31 47 79 146 125 155 195 192 152 91 57 63 65 52 54 76 81 76 41 38 43 55 32 33 28 20 23 37 39 27 29 48 45 41 47 38 41 45 37 32 26 12 13 
52 60 54 48 46 70 108 126 76 55 116 231 245 248 213 119 140 114 54 49 33 46 53 59 112 95 54 59 61 48 51 60 53 45 58 66 80 78 54 45 58 89 106 31 11 17 17 19 28 35 37 34 43 42 42 43 29 38 53 33 36 42 22 27 
39 44 52 52 50 44 47 50 50 69 159 242 236 234 207 120 53 42 39 41 48 53 53 46 46 60 41 41 47 44 31 50 74 100 151 138 144 106 78 75 73 68 82 46 14 9 16 28 22 39 48 38 46 44 46 71 91 125 121 122 61 28 34 34 
65 46 34 39 41 42 40 35 32 69 173 245 243 239 240 209 68 47 47 53 59 59 51 40 39 55 62 57 39 40 45 88 203 233 251 251 246 224 135 71 74 70 62 55 21 15 26 46 36 34 39 38 45 48 84 198 222 230 233 226 208 113 34 21 
201 145 64 62 47 37 36 44 44 51 89 218 243 237 205 132 63 41 55 60 56 56 53 56 60 56 49 45 52 47 121 222 248 252 248 250 246 247 204 117 58 48 23 13 11 13 29 51 44 36 39 38 45 63 153 237 235 225 229 230 230 216 159 110 
216 147 110 168 113 46 45 45 48 57 66 128 202 216 204 108 76 52 44 52 55 69 82 63 64 54 43 54 61 57 164 254 254 249 246 245 240 247 247 189 45 29 23 20 13 34 47 47 55 41 35 39 34 75 206 236 226 226 232 236 239 234 222 203 
219 175 122 152 130 76 49 38 50 54 53 64 82 94 79 71 68 67 58 77 114 190 219 190 139 78 69 63 59 40 108 242 254 246 244 245 239 247 250 217 155 137 50 24 31 35 65 69 57 47 53 43 22 33 130 228 233 235 244 239 240 240 235 227 
225 212 168 91 90 80 50 36 37 53 50 56 61 61 49 62 66 57 87 203 237 244 247 246 224 155 76 65 57 30 69 223 253 247 244 243 243 248 246 219 213 219 148 109 58 39 48 53 56 61 54 44 47 44 69 131 202 239 246 244 238 237 236 236 
218 219 194 113 65 75 52 45 45 56 52 53 59 60 63 62 66 62 104 236 247 244 236 233 225 189 77 54 52 37 40 125 226 249 250 239 236 245 229 216 228 236 221 225 168 102 88 64 54 55 41 57 61 56 44 37 153 247 251 248 243 239 242 243 
220 210 192 130 72 84 50 57 61 57 54 53 64 69 74 68 65 67 93 222 246 247 240 229 221 204 90 47 50 36 33 31 94 143 178 243 237 231 228 230 233 230 237 242 205 128 115 72 57 51 58 58 57 55 38 31 73 222 250 247 249 248 252 251 
203 180 169 93 82 93 37 25 33 46 53 55 65 67 72 75 76 64 99 214 242 241 236 234 220 175 61 51 48 32 29 29 42 38 91 221 250 243 243 246 245 238 236 235 192 80 65 62 47 45 77 73 51 45 38 25 42 157 209 224 226 239 241 233 
116 84 78 65 67 63 21 14 19 27 37 57 73 72 81 89 83 60 58 105 199 212 214 221 173 120 63 52 49 46 41 44 64 54 46 127 240 247 245 247 243 236 231 226 158 107 114 95 74 74 95 63 42 43 52 57 47 84 135 105 93 146 121 104 
48 48 60 72 70 66 48 45 60 59 42 46 55 57 57 69 50 58 70 68 88 101 114 107 85 75 60 53 62 53 37 48 53 78 47 53 128 215 249 250 226 224 228 195 211 228 206 206 154 123 78 47 53 28 37 32 43 61 52 34 38 52 49 46 
67 48 68 62 66 73 53 58 57 46 45 25 18 38 19 20 17 56 127 111 65 63 55 40 78 65 71 67 61 46 32 31 35 42 36 39 51 88 142 174 92 96 178 231 236 230 231 234 229 180 78 65 69 34 26 23 19 41 44 38 47 57 47 30 
84 63 61 60 52 37 47 44 33 51 93 67 61 43 28 15 24 48 124 116 63 52 43 37 56 59 69 69 66 55 38 41 62 43 50 53 46 54 48 47 52 52 139 247 239 215 225 233 232 208 156 159 160 83 34 37 39 38 41 58 58 45 26 22 
48 30 23 36 28 13 30 36 123 182 201 210 222 179 128 30 28 38 47 55 47 40 39 40 29 51 72 65 71 74 62 53 67 51 62 103 71 55 48 50 58 56 150 244 247 232 227 230 233 204 193 193 201 197 100 46 64 68 53 56 34 39 42 39 
18 17 21 43 19 27 38 72 216 231 229 235 236 237 203 77 49 50 63 56 39 36 32 34 30 54 70 70 65 74 70 46 54 72 60 86 75 57 51 57 47 33 58 153 234 247 242 230 216 195 178 165 184 196 126 41 53 61 48 71 49 77 80 62 
22 29 32 41 37 34 25 79 237 238 234 238 233 234 215 143 71 66 61 56 59 61 49 67 134 130 113 77 61 49 44 25 34 55 48 67 55 53 52 47 41 31 46 171 230 228 218 222 215 189 185 187 181 148 85 44 51 81 158 205 162 212 211 171 
40 38 54 44 29 28 19 45 207 245 241 241 242 242 204 92 63 66 54 40 53 47 64 187 234 226 213 192 126 62 47 23 17 26 57 75 74 69 54 53 53 65 65 178 224 209 201 207 209 177 103 90 86 57 49 48 60 183 244 249 232 217 223 228 
38 48 163 116 44 28 19 26 112 226 246 245 243 218 122 48 44 53 65 58 49 51 104 237 239 236 235 235 210 165 65 24 17 32 48 51 56 44 41 40 93 141 115 171 225 218 212 219 202 148 51 34 45 36 48 59 107 227 246 242 236 197 226 233 
40 107 219 222 149 46 31 40 62 98 174 194 209 162 92 47 53 48 79 69 48 52 123 239 234 227 234 232 236 191 80 47 46 57 54 62 67 59 36 30 51 90 80 73 131 193 190 184 160 71 45 43 52 54 53 35 109 242 233 210 241 234 235 227 
34 65 185 238 230 174 151 102 74 100 198 196 240 228 194 140 121 115 122 53 39 46 112 237 243 240 242 238 218 129 67 55 36 37 39 60 64 77 42 36 37 25 34 36 36 70 56 53 59 57 59 51 30 22 20 20 71 224 247 243 241 239 236 234 
51 57 141 227 239 231 220 207 144 162 237 236 237 236 233 210 171 182 118 42 40 33 50 182 241 236 237 226 178 61 36 46 33 35 16 20 30 74 38 20 25 18 22 25 34 47 53 52 38 16 14 25 26 13 11 13 22 119 239 246 244 239 233 238 
48 51 61 158 229 225 225 225 216 173 196 236 241 232 225 218 175 117 47 66 87 38 35 63 112 107 101 84 80 51 30 24 29 28 14 18 27 31 23 20 25 26 36 47 50 33 36 41 25 12 20 30 17 17 17 23 27 48 143 201 232 234 218 205 
29 26 26 103 225 228 223 230 208 79 67 189 240 242 228 219 192 81 38 41 44 27 30 35 45 45 62 76 60 44 30 22 33 18 11 17 25 26 33 40 49 53 42 27 21 18 29 47 42 21 26 20 8 9 12 19 21 23 28 49 105 109 83 52 
13 18 19 30 127 222 228 228 174 57 28 112 218 234 219 181 112 47 32 26 34 38 34 34 37 101 186 171 131 67 30 23 38 24 28 34 44 55 56 50 59 98 106 75 52 36 27 30 32 19 12 11 8 8 11 38 51 85 63 40 45 35 39 39 
9 14 14 20 45 73 103 133 142 119 83 200 229 230 231 200 116 49 54 44 41 32 43 54 37 141 179 183 198 139 41 38 43 51 55 62 56 36 22 48 158 209 206 205 165 123 45 25 24 16 12 11 11 20 71 175 202 225 206 168 152 69 45 43 
20 24 18 25 23 13 31 163 226 226 204 237 237 232 231 239 209 137 151 168 151 144 160 156 86 86 173 212 193 105 39 47 36 39 42 33 25 25 35 118 202 215 218 215 215 206 83 22 22 29 19 18 19 87 213 226 231 244 238 236 223 157 74 30 
14 15 17 31 18 29 32 137 222 224 233 236 235 234 234 238 222 223 226 233 239 240 235 209 182 91 57 102 108 63 63 44 20 25 35 24 24 22 50 166 225 218 212 211 208 216 137 19 24 33 27 31 39 117 237 237 230 231 228 234 220 223 174 60 
14 22 35 30 22 47 33 78 198 226 230 228 170 170 197 215 229 224 237 241 240 237 239 220 196 128 120 175 208 196 200 160 80 36 37 35 31 33 36 117 218 223 217 219 219 210 106 25 22 12 10 21 88 197 230 238 238 232 235 232 219 214 187 68 
21 26 39 17 53 171 154 93 105 169 206 204 115 45 62 74 182 230 242 244 243 236 231 235 242 196 208 238 239 236 223 234 221 161 91 153 180 166 118 133 160 208 218 221 206 130 52 61 59 84 50 21 129 232 234 236 237 235 237 232 229 218 181 65 
10 20 35 27 66 196 209 169 124 47 73 85 45 35 36 30 78 167 219 239 245 243 240 243 234 194 218 238 238 235 221 224 222 205 166 173 210 215 224 217 191 180 132 88 65 71 157 183 187 210 190 128 133 191 229 226 224 225 223 219 204 156 79 29 
30 33 35 27 50 156 212 216 171 44 26 40 42 35 23 21 22 40 79 121 208 238 239 240 227 177 195 244 243 241 237 226 217 209 151 93 152 193 222 221 218 206 155 32 30 144 204 215 218 213 216 208 169 90 171 210 200 214 144 102 74 36 27 23 
28 41 31 36 47 81 168 197 179 73 53 49 43 43 32 16 25 39 29 30 84 175 216 216 197 96 122 232 238 245 242 229 218 211 108 47 55 82 191 220 216 215 194 78 33 151 231 207 212 215 210 198 150 36 41 67 66 91 45 36 23 15 19 14 


102 132 141 145 194 235 202 170 235 240 241 203 143 131 120 126 117 141 184 226 239 233 233 220 204 205 184 120 103 106 107 163 218 219 215 196 195 158 113 107 91 84 88 98 85 105 103 84 119 105 102 106 89 91 92 111 112 108 104 102 101 87 95 116 
106 124 151 172 228 220 155 195 238 227 242 231 184 184 178 131 116 155 231 237 216 233 211 210 234 240 225 139 102 114 101 105 107 110 121 93 102 106 114 126 131 114 112 89 81 121 107 91 142 105 90 107 97 90 86 105 112 93 97 99 101 91 102 136 
95 104 141 205 233 161 185 241 220 209 239 243 234 241 220 137 114 166 242 246 237 237 221 228 247 243 221 138 109 138 99 90 92 114 126 100 98 112 189 229 224 229 182 97 85 93 80 87 99 84 90 99 101 90 87 98 102 87 97 113 117 108 115 108 
88 109 108 141 160 131 218 247 227 232 247 241 239 233 193 110 105 116 197 243 246 246 240 242 251 214 155 101 90 97 90 88 92 118 117 113 118 208 245 223 216 231 221 139 75 79 76 76 78 85 118 130 89 92 84 90 105 119 109 101 94 86 107 96 
48 80 88 79 88 102 158 236 246 247 234 241 236 159 134 128 125 122 123 152 209 241 243 251 233 181 139 90 85 87 90 94 104 111 96 91 104 201 248 239 226 203 209 147 87 97 84 76 78 97 140 139 76 77 85 96 116 110 89 84 94 103 108 89 
32 35 64 79 89 91 85 140 182 175 159 214 196 123 134 141 147 129 124 147 236 248 238 241 237 246 221 106 86 92 90 89 110 96 95 85 75 94 142 147 151 114 115 179 189 181 182 165 127 132 155 150 84 71 94 133 118 83 81 84 88 103 104 85 
47 31 22 37 66 80 90 89 77 81 109 122 110 91 110 112 122 110 115 205 252 236 209 219 242 249 239 145 95 82 77 98 106 84 95 87 66 57 64 62 68 82 142 230 227 234 239 249 230 157 152 132 68 70 90 122 119 82 87 80 79 102 104 100 
192 141 58 27 32 51 64 67 58 67 88 65 75 89 102 95 111 106 118 220 252 237 216 222 242 248 232 166 117 116 98 93 82 100 79 55 37 42 65 56 71 170 233 226 222 234 245 249 206 110 122 98 91 98 114 116 126 92 101 103 95 105 102 96 
237 237 160 73 37 29 29 56 66 68 78 63 73 87 95 89 104 113 134 203 249 245 244 244 244 226 204 184 174 140 125 115 123 151 91 55 50 63 72 66 111 236 251 248 242 249 248 230 178 104 105 88 78 87 119 119 121 84 83 95 104 112 99 100 
232 233 190 101 79 63 41 54 66 70 85 83 81 83 89 97 113 175 205 209 215 232 249 248 245 195 160 152 140 109 143 143 97 95 63 56 68 84 96 90 101 216 249 250 241 231 226 154 112 126 157 119 106 120 136 99 91 81 86 111 125 122 100 92 
241 205 112 93 71 76 74 80 65 66 101 148 169 142 98 106 157 238 221 206 210 226 245 228 164 130 119 125 115 108 111 105 84 88 76 74 71 71 76 104 107 144 189 192 191 138 134 150 185 231 251 236 208 208 225 140 84 94 109 114 109 108 85 80 
161 112 86 85 62 68 74 78 58 107 202 240 247 235 122 112 197 249 245 233 237 237 227 191 117 125 131 104 111 112 108 90 88 84 76 76 82 91 95 111 116 101 98 96 100 95 120 226 247 249 241 219 206 213 225 157 83 81 85 63 63 80 73 83 
81 79 85 77 70 70 79 70 107 226 232 227 243 242 171 114 217 252 252 245 251 243 194 137 120 127 125 105 112 98 101 99 82 90 84 93 101 95 89 107 111 105 95 97 100 91 116 237 253 250 225 196 189 195 213 225 159 115 97 70 65 69 69 61 
68 76 84 86 83 91 86 74 134 244 243 245 244 220 143 131 156 170 204 209 207 165 127 121 129 136 128 106 103 102 97 109 101 100 97 93 80 84 92 113 113 109 118 107 86 82 109 234 255 253 230 205 200 203 222 231 183 102 73 67 56 64 63 70 
69 74 68 66 73 92 90 87 96 200 246 234 192 141 123 126 126 108 111 112 108 121 122 123 159 182 143 142 118 118 104 103 109 106 115 111 117 119 106 122 108 114 140 125 101 100 109 173 245 251 248 239 233 233 233 234 181 121 100 82 63 76 78 143 
64 63 65 64 74 63 64 82 126 189 219 153 147 171 162 136 104 84 84 97 135 156 136 178 239 249 238 245 225 159 100 102 110 115 112 104 130 130 114 119 115 128 124 124 90 60 71 99 164 229 249 252 251 245 235 220 241 243 244 204 133 105 104 229 
81 100 159 91 78 61 73 168 208 234 234 233 241 249 222 153 105 85 71 125 163 158 190 246 247 238 239 248 251 198 136 132 120 117 126 129 127 117 111 130 126 100 91 64 38 33 47 63 69 137 168 216 221 208 178 210 251 245 235 238 230 170 117 229 
113 213 228 125 71 68 123 205 215 238 250 243 239 244 244 230 130 88 65 112 147 148 213 252 237 217 226 244 247 185 138 127 125 126 130 134 120 121 126 126 144 144 96 37 31 33 31 58 64 100 83 119 141 146 146 230 246 219 200 224 240 199 89 172 
131 239 222 122 78 93 188 239 242 249 249 234 229 241 252 228 123 93 100 110 106 123 170 236 243 237 238 246 247 206 138 118 121 131 118 117 120 124 131 148 152 174 146 126 123 62 40 48 96 124 100 119 196 214 207 239 251 237 222 228 233 181 102 91 
137 237 167 70 70 101 223 247 240 222 239 246 248 250 245 183 89 108 119 116 126 139 147 172 202 216 241 222 203 152 134 123 127 148 146 136 142 111 91 151 208 244 249 248 247 202 175 118 127 133 141 187 226 211 201 223 245 251 244 231 183 103 122 65 
110 179 90 42 60 50 87 137 131 104 159 244 252 228 185 139 108 134 116 126 83 157 161 165 169 126 175 146 120 127 136 131 118 136 145 135 139 123 98 168 252 253 249 249 252 249 246 172 124 136 161 197 199 190 183 198 229 224 169 120 131 123 118 87 
53 66 59 46 58 52 58 67 54 44 114 207 236 223 195 194 148 107 92 98 83 165 187 200 173 116 128 126 100 99 128 141 127 119 106 110 132 135 132 200 254 246 225 225 239 248 251 180 100 116 159 233 233 219 221 229 239 229 141 96 110 129 153 206 
52 60 61 51 60 56 75 57 74 149 224 227 225 222 225 226 169 82 69 84 97 102 134 135 108 106 124 130 116 117 121 131 140 133 116 124 121 121 129 206 252 247 227 224 235 250 245 185 129 124 138 219 247 230 243 248 234 174 126 127 108 162 232 233 
64 132 187 114 88 92 92 84 130 234 231 236 240 217 214 204 152 79 71 81 100 116 130 136 120 101 112 137 141 139 125 138 176 212 218 228 184 100 124 157 211 253 251 247 250 251 240 182 137 137 132 145 177 140 188 190 132 83 101 115 123 185 244 237 
152 222 209 89 66 87 91 99 199 239 228 232 236 237 233 200 131 68 83 112 114 123 138 135 112 109 158 203 223 213 168 227 250 248 247 249 230 169 142 145 181 243 252 246 234 225 178 151 144 146 139 115 118 120 122 91 61 53 103 91 109 160 237 246 
198 236 175 82 149 204 221 182 211 235 246 238 221 212 213 204 186 145 113 101 104 118 133 133 124 191 248 247 245 241 239 254 243 223 231 243 247 213 130 136 142 159 172 163 141 154 145 146 144 144 138 129 115 113 95 51 67 80 107 117 112 118 156 212 
189 203 128 132 210 238 222 218 227 240 248 186 126 176 238 241 236 241 211 123 109 114 121 131 168 241 239 219 216 225 239 254 248 232 239 244 249 186 107 111 132 135 130 125 123 144 144 149 149 148 149 140 124 121 92 64 83 106 101 120 123 114 108 106 
114 127 144 207 237 249 248 247 246 249 232 129 116 200 225 205 217 241 241 165 108 110 125 147 240 253 232 207 204 209 234 245 255 253 253 250 216 140 117 102 110 121 120 118 108 145 143 140 151 148 141 145 142 130 92 85 95 92 95 109 112 111 118 150 
107 113 136 213 233 243 230 234 243 180 127 81 137 234 217 197 208 237 251 196 110 104 114 128 217 254 248 232 229 234 240 207 211 222 212 195 158 124 124 117 119 121 115 114 116 141 151 131 136 152 128 112 115 101 79 85 109 98 103 106 109 107 127 161 
109 114 131 181 209 236 210 224 239 169 78 89 115 220 239 222 231 248 236 160 112 105 110 117 162 226 253 251 250 248 231 181 145 150 133 108 137 139 126 115 112 115 108 114 121 119 133 106 110 123 123 98 105 121 113 110 109 110 102 100 95 95 81 85 
113 116 130 135 149 206 234 230 214 138 122 187 200 227 243 237 244 236 188 145 106 83 102 118 155 152 184 219 217 188 144 125 139 140 127 129 152 153 146 116 108 110 120 103 107 95 83 88 117 114 99 99 121 128 127 121 112 121 123 117 93 56 42 55 
117 120 116 112 113 129 151 171 124 113 161 242 250 251 228 158 177 167 129 123 99 112 125 126 141 124 118 129 130 117 112 122 122 117 135 144 154 148 128 123 133 146 150 88 72 77 76 81 100 110 115 104 122 126 121 118 111 113 125 103 103 86 67 89 
110 112 116 118 117 115 115 121 127 141 188 233 226 237 225 161 112 121 109 114 122 133 131 123 119 126 119 118 123 121 103 122 133 154 189 182 187 165 152 152 146 140 144 108 79 73 85 101 91 118 127 115 128 126 116 137 154 171 172 163 110 73 85 78 
127 113 102 104 107 112 113 107 108 136 193 214 215 238 247 226 115 118 119 121 133 136 133 123 116 133 135 133 118 122 123 149 223 241 254 252 251 240 182 147 151 145 127 115 89 81 104 131 114 117 122 119 125 121 139 224 243 248 247 242 229 146 79 59 
227 184 123 121 112 105 104 112 113 118 138 215 234 243 224 174 122 99 114 134 135 136 134 137 133 123 123 117 126 125 166 234 252 253 249 251 251 252 222 163 122 111 83 76 74 72 103 139 130 117 121 120 125 131 191 250 243 229 235 245 248 237 179 133 
230 184 157 198 162 113 111 111 117 123 129 168 222 233 225 167 144 107 78 108 134 143 152 140 138 116 110 127 134 126 191 254 254 246 231 236 241 251 253 210 93 83 86 83 77 107 129 134 144 128 122 118 113 131 230 250 232 229 242 250 247 244 237 224 
234 207 167 184 172 141 116 108 126 135 136 131 137 154 151 147 138 134 110 127 166 216 234 216 183 124 103 113 123 108 153 245 254 240 222 228 238 251 253 230 189 170 103 87 96 107 144 148 144 136 143 122 88 100 173 247 245 247 252 237 219 218 231 241 
242 238 203 144 145 141 117 107 116 135 137 123 123 135 135 142 140 132 146 220 244 248 249 251 240 190 126 122 111 104 133 232 254 250 244 244 249 253 251 237 237 240 179 152 119 110 119 129 141 146 136 123 125 124 142 178 231 253 252 229 204 207 228 243 
225 239 223 164 130 138 110 96 95 126 130 118 124 128 136 135 140 144 164 244 240 220 222 233 240 217 136 120 116 116 121 166 233 253 252 250 249 249 237 228 239 244 239 244 204 163 153 139 130 135 116 140 146 140 127 108 186 252 253 245 233 233 244 249 
222 230 219 177 141 144 74 58 79 133 138 130 130 136 140 138 137 143 157 236 228 204 203 219 234 229 145 118 125 122 115 107 150 181 200 251 248 241 220 208 217 228 243 251 231 178 170 148 138 131 135 140 141 138 120 109 118 230 253 253 253 253 254 254 
227 209 202 155 149 151 74 54 66 97 123 124 134 135 139 142 143 140 160 230 244 227 225 236 237 210 125 115 100 103 103 108 119 117 147 232 253 244 216 199 204 222 242 249 220 144 140 141 133 131 133 124 118 118 104 84 96 181 223 240 240 252 249 246 
167 145 143 142 148 119 42 39 49 56 54 70 126 138 145 152 150 139 129 162 222 232 236 240 208 173 137 105 77 112 118 115 128 123 123 165 247 251 235 217 216 231 245 244 194 160 162 162 145 141 132 118 113 120 127 127 107 138 168 154 145 185 160 158 
126 128 138 146 138 115 57 57 62 63 61 55 65 91 96 110 91 101 137 146 157 158 156 156 145 146 135 127 122 123 122 131 127 134 118 121 172 229 251 249 235 239 242 218 231 238 226 228 188 157 136 124 111 102 110 82 94 121 100 94 113 124 110 120 
135 127 131 133 90 79 57 59 58 51 51 52 44 55 40 39 27 76 173 172 144 127 108 90 136 146 150 150 146 134 118 116 121 124 121 115 130 148 168 188 137 153 204 244 246 233 233 244 246 211 151 144 126 101 108 96 81 106 102 102 121 128 124 81 
125 103 73 85 67 50 52 51 45 63 101 83 90 69 43 31 45 92 157 166 132 114 71 55 112 140 152 152 152 143 126 131 140 131 132 123 124 134 123 115 125 133 182 252 243 213 217 237 246 235 201 204 202 143 107 120 121 113 109 129 117 102 74 72 
50 42 38 49 43 34 37 54 138 203 224 227 233 200 145 39 54 118 120 108 110 122 89 60 89 120 154 150 156 157 145 138 142 134 135 161 147 140 135 135 138 136 187 249 250 237 232 242 247 230 217 215 225 231 158 125 142 138 123 121 74 94 106 103 
38 37 34 53 38 39 44 79 225 246 230 229 241 247 221 118 79 101 135 128 110 123 108 84 80 128 151 150 148 150 148 113 106 144 136 162 157 141 133 140 124 102 118 178 246 253 250 248 243 224 194 176 199 224 172 120 134 139 117 139 108 126 122 112 
32 46 48 45 43 38 42 95 241 243 216 214 234 247 239 191 139 124 128 129 129 129 116 127 174 173 171 150 143 131 119 88 94 138 133 150 134 132 132 128 113 99 123 205 250 239 223 235 237 220 214 212 209 186 145 128 135 152 194 230 196 230 235 204 
37 37 60 57 47 47 28 61 213 251 239 238 247 252 224 139 127 136 131 114 130 121 123 210 245 241 234 220 178 138 128 95 78 99 141 155 154 135 122 135 118 117 131 215 246 211 191 209 229 209 160 152 143 127 120 124 127 212 252 253 247 233 243 249 
28 40 168 119 48 54 48 51 132 234 251 251 250 235 150 100 117 130 136 120 124 125 150 247 245 233 236 245 234 206 137 107 92 105 124 129 140 119 109 121 148 175 152 207 247 233 222 234 226 188 118 108 116 109 125 129 157 245 253 244 234 196 232 245 
32 109 233 235 161 63 57 74 106 126 187 206 223 194 143 118 124 130 146 123 112 131 168 249 236 215 227 242 250 221 146 115 109 122 126 136 142 129 113 110 126 145 131 139 175 222 217 211 191 121 111 113 124 122 119 91 143 250 240 207 214 205 218 229 
38 72 196 244 243 197 184 141 103 115 210 208 250 245 223 185 167 161 172 126 110 119 157 247 249 241 245 247 239 181 136 131 95 98 97 113 125 133 115 124 120 96 99 105 105 122 109 112 124 121 125 117 89 76 71 72 100 231 251 245 223 212 222 238 
60 67 154 239 250 247 243 234 172 180 249 245 243 245 248 229 200 210 164 90 102 105 105 207 248 247 247 240 211 139 109 123 93 97 72 80 97 113 112 100 105 94 95 107 120 129 128 115 81 54 50 68 75 53 48 60 74 149 249 253 249 243 244 250 
63 67 81 181 247 232 227 241 238 200 211 227 216 222 236 237 205 156 96 93 124 95 85 123 166 148 144 131 141 132 107 94 87 94 87 93 106 109 100 98 102 102 116 124 123 92 96 104 66 50 44 52 56 72 69 72 69 88 166 214 243 248 238 231 
40 51 57 131 240 232 227 244 230 118 102 188 211 214 231 240 219 113 85 72 64 70 81 81 114 102 112 139 130 119 114 97 102 73 76 89 107 108 112 117 126 125 96 69 77 76 82 113 97 54 46 41 36 43 52 63 59 65 78 99 144 142 113 88 
58 77 73 84 170 239 245 244 200 95 56 133 228 238 238 211 153 89 70 77 63 63 87 66 60 147 220 204 177 134 99 92 104 93 99 110 124 133 130 119 119 145 149 121 110 104 89 99 78 48 52 54 42 27 31 73 93 128 111 95 98 85 74 69 
56 69 69 85 118 123 141 160 169 146 109 221 246 242 245 226 152 98 118 96 74 46 83 107 76 179 200 190 223 190 120 112 116 127 137 140 134 109 88 105 194 240 236 235 201 174 100 79 79 60 52 53 53 65 114 202 220 243 229 198 186 115 99 93 
75 79 77 97 92 48 58 191 245 246 229 250 238 221 236 249 232 176 195 202 181 162 190 194 138 134 199 228 223 163 115 117 114 111 121 117 109 96 94 152 230 232 228 231 239 236 124 65 67 73 74 74 74 122 233 249 249 252 252 252 247 191 115 74 
53 59 60 100 74 68 68 163 224 233 247 251 241 227 239 249 242 241 245 249 249 250 249 232 214 134 109 148 158 135 133 108 84 86 103 99 96 80 104 198 243 213 193 208 229 244 170 65 75 83 85 95 102 156 251 251 243 232 230 245 246 248 205 111 
43 52 81 96 69 83 54 87 184 214 241 245 200 199 218 236 243 234 245 250 246 243 248 242 220 169 165 199 232 223 231 194 122 86 103 99 81 79 84 154 238 231 214 225 238 235 146 78 75 56 46 48 121 226 249 250 238 213 215 234 239 242 219 116 
54 69 106 63 80 194 175 123 139 193 229 227 166 114 120 129 206 237 250 246 225 224 235 249 249 217 232 249 250 248 242 251 240 193 135 196 216 204 164 168 187 229 241 243 229 166 101 110 110 125 88 63 160 250 249 250 245 224 222 236 246 244 217 118 
41 68 92 65 103 219 232 209 174 114 134 143 116 113 108 106 138 191 234 246 231 226 241 251 249 221 241 249 239 233 225 237 245 234 199 196 221 237 245 243 219 210 166 134 116 117 194 216 216 235 219 170 174 220 247 235 232 243 244 244 231 189 128 98 
60 88 98 90 119 190 223 239 206 103 92 104 104 105 88 85 82 100 115 150 226 247 250 250 245 206 213 247 220 205 208 222 237 237 192 142 182 219 238 234 238 235 189 84 87 180 233 240 231 223 235 237 205 137 200 227 221 235 184 152 124 84 76 73 
94 127 109 112 122 144 199 227 215 141 129 124 123 125 103 78 91 84 67 87 135 201 239 240 225 135 151 244 226 209 211 228 239 233 156 104 104 119 203 211 220 238 223 134 96 187 248 213 192 190 205 223 191 96 94 116 122 138 104 101 88 78 72 65 


38 89 95 93 153 215 165 133 228 235 239 177 89 80 60 67 44 84 157 205 186 199 198 152 164 189 168 74 50 53 56 130 203 204 189 165 171 116 43 21 24 31 30 24 27 63 62 36 64 55 25 19 37 41 41 29 19 36 37 53 35 19 42 41 
43 73 111 138 193 193 99 177 214 197 232 226 162 162 150 82 53 107 220 171 82 164 62 65 188 226 209 88 36 59 46 49 49 51 39 24 30 20 41 83 101 77 51 26 27 67 57 39 81 54 39 18 28 40 34 26 19 30 32 35 25 35 37 52 
18 36 97 192 220 115 162 206 87 104 211 233 204 230 207 82 54 130 231 216 185 171 106 157 234 234 208 94 57 95 46 35 26 40 25 15 16 46 162 173 137 195 158 52 32 32 26 32 40 32 37 32 15 32 29 24 19 25 20 30 46 39 23 30 
14 39 36 89 110 55 202 212 128 167 229 216 202 215 160 43 43 61 174 236 243 238 223 231 249 193 114 44 33 39 28 22 17 26 29 33 50 193 223 105 62 165 206 112 21 22 21 25 26 30 62 69 21 16 26 24 21 48 21 38 38 28 18 36 
4 9 9 4 8 8 113 225 232 235 221 220 219 94 55 54 58 63 68 92 193 238 239 248 222 149 93 18 15 16 13 11 13 10 8 11 46 182 240 211 185 176 190 119 36 35 22 25 25 50 79 77 23 7 18 32 20 23 12 30 33 18 17 33 
2 3 7 3 5 4 12 80 149 139 111 196 171 58 60 72 90 55 41 83 230 225 159 172 209 240 208 39 9 6 5 7 21 8 13 16 10 38 102 109 100 69 66 159 170 153 163 149 99 85 90 81 30 11 15 74 41 11 9 16 17 10 15 28 
24 7 2 2 4 3 4 5 7 11 27 63 52 28 46 28 57 28 27 181 241 136 23 66 189 241 231 84 12 6 6 20 29 7 21 23 8 4 6 8 10 22 92 147 96 135 206 245 224 98 80 64 14 11 18 46 38 12 10 16 11 4 9 14 
184 122 38 3 2 3 4 3 3 6 8 4 6 20 40 20 14 6 25 202 242 147 47 88 202 243 219 111 48 61 19 12 11 20 10 4 4 5 9 7 20 137 190 96 87 149 225 247 192 53 49 27 17 24 30 17 26 13 13 20 14 5 10 18 
199 232 120 7 2 3 3 3 3 3 4 3 4 13 16 8 5 18 48 159 238 217 192 208 231 206 165 113 120 65 22 17 32 31 11 4 4 9 14 16 78 231 231 201 196 233 244 221 144 34 25 12 6 11 30 30 18 8 7 12 15 9 16 27 
179 219 151 17 5 7 6 5 4 3 3 4 7 9 12 9 25 126 111 61 85 186 245 244 240 155 90 73 61 16 25 29 34 17 17 16 23 34 42 38 49 199 246 246 231 221 213 111 69 82 127 85 42 51 84 37 17 7 12 19 29 19 19 13 
226 181 48 7 4 6 6 7 5 7 35 105 135 96 19 7 103 194 68 33 62 166 237 211 102 39 17 15 16 15 12 9 13 12 24 25 24 21 23 19 25 81 156 158 149 72 68 90 156 223 246 211 166 178 214 100 21 14 24 27 16 11 11 14 
114 43 7 4 3 3 4 5 10 79 165 189 231 228 65 17 163 229 196 163 192 218 209 146 21 6 13 14 12 12 9 8 9 10 20 22 21 20 18 11 11 8 16 13 14 11 62 216 245 240 180 87 49 90 175 126 38 10 7 7 8 10 13 13 
8 4 4 3 3 6 6 4 61 209 115 114 215 235 120 28 197 250 249 235 247 235 154 45 10 9 10 16 15 13 13 8 9 6 13 15 11 10 12 10 7 6 6 10 18 16 63 230 253 231 93 14 8 15 106 201 111 8 5 7 10 7 8 11 
3 3 3 4 3 5 5 3 95 232 191 214 233 192 48 8 62 112 173 183 177 98 26 15 24 17 12 15 13 14 11 8 7 7 4 10 17 17 13 9 7 10 14 11 8 7 45 223 254 245 133 29 27 49 144 210 146 23 8 5 6 6 9 16 
3 4 3 3 3 4 4 4 27 176 243 222 149 49 9 4 6 4 13 16 17 21 12 20 96 123 69 97 56 23 19 10 6 5 5 7 12 11 10 8 5 9 11 7 9 8 13 119 238 245 224 178 167 180 208 222 147 77 85 32 7 8 20 107 
4 3 10 6 4 3 4 18 62 154 203 102 95 131 92 25 5 3 3 9 51 84 45 123 228 240 228 241 205 81 14 19 8 4 4 5 9 6 5 5 5 7 6 6 7 5 3 14 108 214 246 248 244 238 223 201 235 238 239 189 89 59 70 222 
9 58 132 32 4 3 24 113 114 194 221 221 227 242 197 67 10 4 6 56 61 47 139 235 186 115 159 229 249 149 19 11 8 9 16 9 7 6 8 9 8 9 10 5 4 3 3 4 9 70 117 197 199 174 137 188 245 204 146 172 211 141 75 219 
57 188 211 58 3 4 65 77 90 198 243 177 153 207 233 216 62 8 8 34 25 18 175 239 109 15 68 207 241 122 14 7 8 10 9 7 8 7 13 10 8 12 12 4 3 4 3 4 7 14 15 36 48 49 87 216 223 98 16 63 201 185 55 146 
96 209 194 47 5 31 157 187 205 241 236 111 104 197 247 211 44 7 10 14 8 8 94 222 189 127 165 228 243 159 17 6 5 6 6 7 6 5 15 19 22 85 95 96 102 26 11 5 8 8 15 43 154 178 173 229 242 185 115 123 198 156 31 34 
111 216 122 7 4 57 214 242 234 208 227 188 206 238 239 137 19 46 46 16 6 12 24 92 153 186 226 192 156 51 8 5 5 11 10 8 5 7 10 49 156 235 248 245 244 190 148 35 15 16 27 128 186 115 87 154 232 245 232 210 153 42 11 11 
79 148 25 3 3 6 46 101 78 33 117 239 248 213 138 74 28 47 27 56 20 84 42 49 109 48 96 47 15 9 8 8 5 7 9 8 5 7 9 123 250 243 211 199 231 244 243 128 17 8 55 126 101 30 25 77 189 214 151 78 31 13 10 26 
9 18 4 3 3 3 4 4 4 11 86 195 208 187 147 159 100 36 19 21 18 125 113 142 121 17 9 7 6 6 14 17 7 6 5 6 5 4 7 150 247 171 51 40 126 223 247 145 15 9 62 215 186 118 125 177 217 224 80 15 11 12 72 175 
2 6 18 7 4 3 3 3 29 130 208 198 157 137 184 205 127 14 6 5 5 22 52 47 16 8 9 8 9 7 6 13 11 14 20 34 19 5 13 162 247 176 47 38 126 226 239 142 17 10 45 193 241 211 228 239 226 155 30 9 11 83 217 216 
20 100 164 50 4 3 4 5 83 187 110 157 213 168 177 168 94 8 5 5 8 16 12 10 9 13 9 15 25 23 8 48 113 174 193 212 151 31 10 53 174 236 208 196 228 243 229 121 11 10 9 52 117 74 141 139 97 29 10 12 17 130 239 215 
96 173 177 26 15 30 49 52 136 165 67 107 205 222 218 163 71 6 6 7 7 8 10 9 9 35 89 160 199 173 96 212 233 191 192 231 213 114 18 10 98 232 250 236 215 196 90 38 7 8 7 6 6 6 9 9 9 6 10 14 13 95 227 238 
157 204 134 24 92 176 207 83 56 178 209 207 201 188 188 170 152 103 40 12 4 5 5 4 18 158 233 207 204 219 224 249 158 34 62 193 237 182 27 13 14 65 95 78 50 42 7 4 4 5 5 6 8 5 5 5 10 7 8 11 11 30 94 186 
154 157 45 42 99 214 201 137 118 206 244 152 49 134 223 211 211 230 187 51 5 4 5 15 103 221 132 44 52 132 215 248 191 104 150 215 245 136 7 5 5 5 10 12 9 11 8 7 6 5 4 7 7 8 6 7 6 5 4 4 6 5 6 28 
22 31 45 135 197 245 241 234 225 243 219 56 44 164 132 57 115 218 233 103 6 5 6 80 236 233 92 15 17 63 189 237 251 243 246 247 192 46 9 6 5 4 5 5 5 9 9 6 8 11 8 5 7 8 8 10 9 4 6 5 3 4 17 47 
14 22 60 192 224 215 139 174 232 156 90 13 97 209 67 16 69 197 248 154 11 6 6 37 194 248 206 129 111 164 224 171 172 187 178 156 76 11 12 9 3 4 4 5 7 12 17 15 10 13 9 5 8 6 6 8 10 6 7 6 5 5 24 31 
23 33 59 140 186 179 58 134 220 125 7 8 44 202 162 83 141 229 221 96 17 8 11 15 90 205 251 243 237 238 213 112 18 24 20 15 16 15 8 5 4 4 4 4 5 7 14 8 6 11 11 4 5 5 4 5 8 8 5 5 8 5 9 31 
33 37 43 55 91 166 193 197 195 81 26 136 166 217 226 211 227 225 142 65 26 6 8 27 75 76 132 193 191 140 59 19 6 8 7 11 20 20 18 8 4 8 12 6 5 5 5 5 4 4 4 4 5 4 4 4 5 7 7 6 6 8 5 5 
27 32 34 32 35 48 94 111 51 18 84 223 235 247 212 105 133 92 17 16 8 6 5 11 39 23 9 19 20 7 5 9 8 6 10 10 22 16 11 7 6 12 16 7 3 4 3 4 4 6 5 4 4 4 4 4 5 8 10 9 6 8 5 5 
16 17 21 21 27 27 19 9 6 17 118 117 105 190 202 112 29 6 5 6 5 5 5 5 8 11 7 6 6 4 4 7 33 64 126 111 114 62 21 11 11 6 8 5 4 4 4 5 5 5 4 4 4 4 8 43 81 115 104 117 52 12 4 4 
52 26 13 13 16 16 17 12 6 29 112 31 42 175 236 215 49 6 5 8 8 4 4 7 9 6 7 9 8 3 9 56 195 230 252 251 248 225 98 12 10 12 9 6 5 4 5 6 7 4 4 4 3 4 52 202 236 243 239 233 220 106 20 4 
205 140 49 45 22 9 6 7 9 14 55 116 127 202 205 105 23 10 10 7 6 4 5 7 9 10 9 6 9 5 91 217 249 241 207 225 238 247 189 93 13 11 8 3 3 4 5 6 7 7 5 5 4 18 141 243 206 134 161 228 245 233 166 113 
185 138 94 121 80 11 8 7 12 16 23 104 196 217 205 70 33 27 9 5 5 22 36 14 7 9 8 4 6 6 144 254 240 148 64 117 178 237 251 191 25 7 4 3 4 8 8 8 6 6 6 9 5 54 214 239 145 134 203 237 217 213 212 209 
195 172 104 100 96 40 14 7 7 6 6 23 64 69 42 24 38 37 18 39 85 184 215 183 122 30 13 6 5 4 82 238 239 121 23 49 152 239 253 219 154 139 39 4 5 8 17 17 6 5 4 7 5 10 124 238 204 220 243 155 66 66 133 208 
225 229 166 71 69 41 11 6 5 7 6 14 17 14 8 17 20 19 56 198 231 218 232 246 232 136 22 7 6 4 40 217 252 217 160 175 223 249 250 223 218 231 148 110 33 9 9 7 6 5 5 8 7 8 36 123 212 248 227 91 11 23 104 200 
168 224 201 99 37 27 9 4 5 14 9 15 19 20 20 25 22 13 69 227 150 60 95 167 223 190 46 7 6 5 9 105 222 250 249 244 245 243 207 175 204 232 228 238 165 54 34 12 7 6 5 5 4 7 6 9 145 250 240 169 113 122 184 232 
145 208 197 116 34 25 8 3 5 9 8 21 46 53 60 49 40 19 50 208 90 8 18 103 204 212 69 5 4 4 4 8 64 125 163 250 242 199 98 52 84 147 219 248 215 87 54 15 10 7 10 6 5 6 5 4 52 219 251 244 234 239 249 253 
198 181 171 65 51 43 13 3 5 11 12 13 41 52 58 62 54 21 63 211 191 105 103 181 219 177 25 3 4 6 5 4 9 6 60 219 250 175 37 7 11 80 201 242 197 48 11 9 6 5 18 17 7 7 10 7 21 113 174 227 233 251 247 244 
112 76 61 22 17 23 5 2 4 6 7 7 22 36 53 65 46 14 15 66 190 208 214 226 170 92 13 5 7 12 6 8 25 10 10 112 242 223 117 46 49 127 216 235 145 81 63 33 21 19 31 16 7 6 9 14 14 16 31 57 67 134 102 80 
15 14 12 18 15 14 5 4 5 4 4 3 6 15 26 32 16 25 28 16 36 53 74 80 43 19 10 6 8 11 4 4 15 36 16 21 98 209 240 219 192 213 234 195 211 220 184 187 141 87 27 9 14 6 6 9 14 19 13 9 8 12 11 8 
38 11 14 11 11 12 5 5 5 3 4 3 4 9 5 4 3 40 82 69 9 11 11 12 33 10 13 7 5 4 4 5 8 8 5 7 11 50 131 170 70 72 172 234 220 127 109 201 235 178 29 20 40 10 5 5 6 11 11 8 10 13 9 8 
25 9 7 10 7 4 4 3 5 29 57 54 56 29 9 3 6 28 115 97 14 10 6 7 12 11 14 10 6 6 6 5 44 12 9 27 13 10 11 15 11 9 110 246 174 29 18 139 231 219 144 152 166 73 12 7 6 6 11 16 22 17 10 7 
4 3 3 7 5 3 5 11 112 185 208 209 222 182 125 11 7 9 16 27 11 5 6 5 7 15 21 13 11 12 8 6 36 10 21 81 27 9 7 6 9 9 126 247 221 134 108 182 239 210 161 145 176 210 89 14 13 12 16 19 12 13 11 11 
3 3 4 9 4 3 4 48 220 217 130 110 193 240 204 41 10 14 13 12 7 5 4 7 8 14 20 14 11 21 13 8 18 16 26 37 17 8 7 10 7 8 35 154 242 248 239 237 236 195 94 36 92 192 120 12 7 10 14 35 21 59 69 35 
2 4 4 4 3 3 3 74 239 188 40 27 156 237 230 127 20 21 16 16 15 19 13 29 124 122 83 33 9 8 9 6 10 9 11 16 17 15 15 11 10 8 17 179 241 192 141 187 219 198 177 149 155 142 67 9 8 38 143 210 157 214 227 171 
3 4 18 11 4 3 3 35 209 233 150 142 212 249 208 63 17 14 9 7 10 10 41 180 235 212 199 184 100 25 11 5 5 7 14 25 30 25 15 11 17 18 25 185 222 78 18 81 188 183 88 69 58 28 18 12 27 175 249 253 238 221 232 244 
4 24 156 94 16 4 3 7 103 226 245 244 247 227 107 14 8 12 37 24 7 8 83 238 183 93 124 217 212 164 36 7 5 13 17 14 14 8 6 7 31 21 35 170 233 165 124 177 201 146 19 5 5 9 14 25 87 237 251 217 153 105 174 221 
4 96 218 226 149 28 8 9 20 61 169 192 214 158 73 11 18 20 60 31 9 11 97 232 116 12 62 200 244 195 42 17 19 24 20 21 19 20 6 5 13 28 23 40 130 205 198 195 167 56 13 16 23 25 21 15 98 247 233 117 33 27 75 139 
3 40 158 215 236 168 145 78 29 65 198 194 247 238 198 126 68 60 117 24 8 9 89 240 204 130 167 230 227 113 25 16 13 12 15 21 22 31 10 5 5 7 9 7 11 48 40 30 30 28 29 21 14 9 10 13 65 226 246 186 69 30 74 160 
5 8 119 215 246 237 227 221 133 155 245 220 207 227 242 217 159 166 115 14 7 6 30 182 244 239 239 232 170 21 7 9 11 8 3 6 9 21 8 4 4 3 5 5 7 13 21 25 20 11 5 4 4 3 3 5 12 111 245 247 214 182 202 238 
3 4 28 163 238 151 125 210 230 181 188 110 53 117 198 225 176 109 26 26 31 11 13 38 88 89 82 66 42 9 7 5 10 6 3 4 5 5 4 4 5 7 11 17 21 16 14 10 6 6 6 8 4 5 5 6 5 32 141 203 238 246 235 228 
3 4 5 110 227 122 112 212 219 65 45 91 32 42 159 226 198 53 9 13 14 6 7 6 10 13 46 54 27 8 4 4 9 5 4 4 5 6 8 12 21 23 19 11 8 6 11 13 9 8 6 4 3 3 4 5 5 6 8 27 85 111 86 51 
4 4 4 20 134 225 226 237 182 41 10 101 183 185 212 186 102 19 7 4 4 4 7 6 6 90 189 156 117 49 6 6 10 6 7 10 18 27 30 25 38 91 106 66 37 11 9 6 6 5 3 3 3 3 4 25 32 73 50 10 11 8 5 5 
4 4 4 5 25 77 105 144 151 117 73 213 223 208 228 207 104 16 24 24 17 8 25 30 15 144 120 55 170 141 9 7 10 14 25 34 31 19 9 35 169 229 223 222 172 115 35 6 6 5 4 4 4 9 55 179 206 236 218 161 152 52 6 5 
4 5 4 9 12 4 20 182 238 240 219 244 145 71 170 243 222 133 156 176 149 142 163 150 69 78 158 159 189 99 10 10 7 10 14 12 7 6 13 123 211 171 156 183 223 230 83 6 8 10 6 5 4 74 221 245 246 248 248 250 247 163 55 9 
5 4 6 16 6 5 13 128 141 183 238 248 170 79 164 241 230 230 240 246 245 244 244 213 186 89 44 86 88 38 38 15 5 7 10 5 9 6 21 173 216 79 27 86 182 239 148 8 7 7 7 8 12 105 248 244 203 150 146 212 238 246 196 49 
3 3 13 13 10 30 13 44 44 77 214 243 176 162 197 228 190 168 236 233 205 206 236 233 201 113 104 168 216 200 211 155 69 20 11 21 27 26 15 105 222 145 79 127 204 229 107 7 7 5 4 6 79 209 246 228 139 37 40 134 202 236 211 61 
4 7 20 6 51 183 148 64 62 112 208 221 112 26 43 69 148 150 240 190 63 91 172 241 243 179 218 244 243 237 227 247 232 165 80 155 186 175 106 122 172 218 222 230 221 142 35 46 50 82 46 10 130 248 237 236 182 77 61 141 220 238 213 70 
3 13 15 4 47 195 207 168 107 30 81 87 27 5 9 6 58 162 227 213 87 59 173 244 246 200 231 230 164 146 144 197 236 223 173 138 119 215 239 236 211 199 145 86 56 67 168 200 194 222 201 116 132 208 225 176 169 209 210 230 228 184 88 13 
5 11 11 6 27 128 145 224 183 31 6 8 5 5 5 4 6 22 71 126 199 208 238 248 240 191 204 197 52 21 37 117 210 229 154 61 106 196 202 174 212 227 167 20 13 147 220 222 190 169 202 224 186 91 181 206 185 222 164 110 76 30 6 4 
6 10 9 6 11 44 126 205 196 46 14 9 7 8 6 4 6 7 5 17 87 194 234 227 214 105 124 218 90 23 31 131 212 220 89 13 28 72 128 63 126 224 213 68 11 152 239 145 48 34 95 195 170 26 37 72 60 97 41 18 7 5 7 5 