


9 9 13 16 16 12 13 18 25 26 24 21 20 21 27 34 37 42 45 45 38 25 22 22 23 21 22 20 21 22 23 21 20 19 19 19 19 23 21 22 21 21 23 22 19 15 10 8 6 7 9 8 7 5 5 5 5 6 7 9 11 12 44 74 
9 11 16 16 15 14 15 19 24 25 26 23 21 23 27 32 36 43 47 46 38 26 21 21 22 23 22 21 24 27 25 21 20 20 22 20 20 23 25 24 21 22 24 20 17 14 9 7 7 7 9 9 9 7 6 5 6 8 36 70 53 85 170 172 
10 12 17 15 13 12 14 19 24 25 26 24 23 23 25 29 34 42 48 46 36 24 20 19 22 22 22 24 28 28 28 23 22 20 20 20 19 24 28 27 25 24 23 19 14 11 8 9 9 9 10 11 11 9 8 6 6 52 174 192 185 199 208 147 
12 14 16 12 11 10 11 15 21 23 25 24 23 23 24 27 32 40 47 44 33 22 18 18 20 21 23 24 27 28 30 27 24 21 21 19 21 25 27 28 28 24 21 18 13 9 7 8 10 11 11 12 12 10 10 7 6 95 208 211 182 178 204 138 
12 15 16 13 12 9 10 11 17 24 25 23 21 23 26 29 35 41 47 44 33 24 20 19 20 22 22 22 24 26 30 29 25 22 21 21 21 25 27 28 29 25 23 19 13 10 9 10 11 13 14 14 15 14 13 10 8 106 222 223 168 144 192 181 
11 15 16 13 12 11 11 13 18 25 26 22 19 21 28 33 40 45 47 41 31 25 23 23 22 23 21 20 21 23 26 27 25 22 21 23 25 28 30 30 28 24 23 21 19 14 14 14 13 15 17 23 36 42 41 30 28 71 226 226 173 128 173 183 
13 14 14 13 12 13 15 15 20 25 29 23 18 19 27 35 45 49 48 42 31 25 26 27 25 24 23 21 20 21 24 25 24 21 21 25 27 32 36 33 28 24 23 23 23 23 33 51 37 24 60 144 183 192 190 178 181 161 191 194 186 126 157 173 
15 15 17 16 15 17 17 16 19 25 31 25 19 19 28 41 51 51 49 41 34 31 31 32 30 25 23 23 22 22 24 23 21 19 20 23 29 37 40 39 31 26 25 39 77 115 181 208 188 151 195 232 232 230 228 230 234 218 207 202 198 140 123 169 
17 17 17 17 18 19 17 15 19 25 31 25 18 19 29 45 54 52 51 42 35 35 37 38 35 27 24 23 24 23 24 22 19 15 18 23 31 48 94 68 36 31 84 179 222 231 232 231 228 225 224 231 240 236 226 225 226 222 218 211 203 163 116 131 
21 20 18 18 20 21 18 16 19 25 30 27 21 21 30 45 55 55 48 40 37 38 43 45 41 31 25 25 27 26 23 20 16 15 18 24 32 69 160 170 57 93 220 238 227 219 220 220 222 224 225 225 229 235 230 227 222 212 196 202 190 184 144 112 
23 23 20 20 21 23 22 19 19 25 31 29 22 23 32 44 51 49 42 35 35 36 43 48 45 34 26 24 26 27 23 19 17 17 19 22 31 53 62 149 128 178 241 219 196 206 216 217 216 220 226 224 221 220 217 221 222 166 177 209 173 199 181 143 
24 23 21 21 22 26 26 21 20 26 31 29 23 22 31 40 43 39 32 27 28 31 40 49 48 38 27 24 25 25 23 21 21 22 22 21 27 40 53 146 185 193 215 157 99 200 233 238 239 242 244 240 235 226 221 225 227 203 213 220 197 168 186 178 
25 23 19 20 24 29 31 26 22 26 30 29 25 23 28 33 33 29 24 22 23 27 35 47 50 42 31 24 23 23 24 27 28 28 25 22 24 34 54 176 185 145 169 93 37 124 239 254 252 250 247 247 249 241 234 231 226 226 220 210 138 100 162 185 
25 24 21 21 24 32 35 31 26 25 28 28 25 25 29 27 25 21 20 20 21 25 32 43 49 44 34 26 24 24 27 36 41 40 30 22 20 29 57 204 172 130 162 60 43 88 197 253 251 249 247 246 247 238 232 228 228 224 205 176 139 159 175 182 
27 26 24 22 25 34 38 32 25 23 25 25 25 26 28 26 23 19 19 21 23 24 30 39 45 45 35 29 26 27 32 44 51 49 34 21 20 26 65 221 154 129 171 111 171 209 210 251 245 245 245 244 242 236 233 232 231 226 204 161 168 143 129 166 
30 29 27 24 26 34 39 32 27 25 24 24 24 25 26 26 24 21 23 25 27 27 30 37 43 43 37 33 30 29 36 48 57 54 37 23 22 33 69 224 144 129 194 196 248 252 251 246 239 239 240 246 246 241 241 238 236 232 213 187 164 60 32 112 
35 34 31 26 30 35 37 34 29 27 24 23 24 25 27 26 26 25 26 29 30 29 31 35 39 40 37 34 31 30 37 50 59 56 40 27 40 158 172 234 193 199 241 244 250 246 246 239 234 245 239 249 250 247 246 247 246 240 211 189 111 19 15 84 
42 39 35 31 34 37 37 35 31 30 28 25 26 26 27 26 26 28 29 31 31 30 30 34 38 36 32 30 29 31 39 50 59 58 44 32 52 211 250 251 250 250 249 248 249 244 244 241 232 245 245 245 244 244 241 243 240 234 208 165 55 14 17 67 
47 42 38 36 38 41 38 35 33 32 33 31 31 28 26 25 25 27 29 29 29 28 28 31 34 31 28 27 28 31 39 50 59 59 47 36 35 122 233 251 251 250 249 248 247 242 242 246 245 241 238 238 241 243 240 243 231 172 168 118 31 19 23 46 
50 46 43 41 42 43 41 37 37 36 37 36 37 33 29 24 24 25 27 27 24 23 24 27 30 29 26 25 25 30 40 53 61 61 53 43 38 50 172 252 251 249 248 250 249 244 242 243 246 244 233 231 232 234 234 238 194 59 52 52 39 38 41 49 
52 49 47 47 48 46 43 40 39 40 41 42 39 38 33 27 25 25 26 25 21 19 21 25 28 27 28 28 28 33 51 93 120 123 62 52 65 103 226 253 252 249 250 251 248 247 244 243 245 246 232 226 227 227 229 230 164 70 49 39 32 33 36 64 
52 52 50 53 54 51 46 43 40 42 43 44 41 42 38 32 26 25 25 23 19 16 19 24 29 28 30 32 36 71 173 234 245 159 63 105 204 230 248 249 244 245 251 252 248 246 244 244 246 247 233 226 226 227 228 205 118 79 67 63 66 57 53 58 
53 54 55 56 57 55 51 46 45 46 46 47 50 50 47 36 29 26 24 22 17 15 18 24 30 32 34 40 87 205 251 253 231 98 86 210 245 213 176 224 237 236 246 251 246 241 239 238 242 245 207 183 180 184 179 128 95 83 75 74 80 84 78 69 
54 55 56 58 60 58 56 50 50 50 48 51 55 55 52 40 31 27 24 22 19 17 19 25 30 34 38 98 221 252 252 252 181 66 119 243 246 221 226 245 233 242 237 248 243 238 239 235 239 243 159 85 79 76 70 64 69 84 93 98 94 91 83 69 
55 56 58 59 61 60 59 55 53 52 51 53 57 58 55 44 35 28 25 24 23 21 21 25 31 36 61 207 252 253 252 234 107 56 79 195 247 252 253 245 232 245 233 248 246 244 243 239 237 238 175 83 72 72 75 72 70 80 94 100 106 102 94 88 
58 59 60 60 63 63 62 60 58 56 56 57 61 62 60 51 42 33 30 28 30 28 27 28 33 37 101 245 253 252 250 170 63 51 50 91 206 241 245 242 233 242 238 248 243 239 242 243 244 212 134 97 96 98 101 101 101 105 108 103 104 109 103 93 
60 61 62 62 64 66 65 63 61 60 59 59 62 65 62 57 50 40 34 32 36 36 36 33 36 39 107 247 253 251 221 96 60 51 50 55 95 203 244 246 242 242 248 246 240 237 236 238 241 186 106 84 92 102 105 100 94 93 95 98 102 103 101 91 
62 63 64 64 66 67 66 63 62 62 61 60 64 66 65 60 54 46 40 39 42 40 41 39 41 43 87 235 251 235 146 95 141 137 140 146 159 134 221 248 250 248 250 245 239 238 234 238 239 226 125 97 93 93 86 80 79 83 89 87 87 83 82 79 
69 67 65 65 67 68 67 63 61 62 62 63 67 68 68 63 59 54 49 48 47 44 46 46 48 51 70 212 247 193 98 168 192 180 186 168 182 151 213 245 249 247 248 244 235 235 232 236 239 211 99 86 77 77 76 78 81 80 75 64 64 55 46 46 
78 72 69 67 67 67 65 63 61 61 63 63 68 71 69 65 61 59 56 52 51 48 52 53 64 133 117 216 242 161 172 184 185 194 188 174 192 221 240 233 246 243 245 242 232 233 235 236 235 144 57 58 52 45 50 61 64 57 48 40 38 41 29 16 
86 76 72 68 67 65 61 60 59 60 62 63 68 72 71 66 62 62 60 56 54 52 55 58 120 235 209 225 244 198 200 113 160 193 180 170 193 230 233 202 241 242 241 243 232 235 233 235 185 76 55 51 52 45 37 37 42 39 31 25 25 25 32 32 
96 79 73 70 66 64 60 58 58 60 61 64 68 71 70 68 64 64 64 62 58 55 56 74 197 246 250 250 251 232 186 80 133 188 179 165 167 163 169 192 230 236 235 236 230 227 226 218 121 61 56 51 49 46 47 48 47 40 33 27 27 26 24 25 
101 82 76 72 65 63 60 58 58 61 63 66 69 71 70 69 67 65 65 64 62 58 58 80 149 221 246 252 251 242 200 88 85 153 142 105 99 139 167 176 172 180 189 208 205 189 165 157 128 76 65 63 59 54 52 48 50 49 38 30 28 27 24 23 
105 85 78 73 66 62 60 59 60 63 64 67 69 72 71 70 68 68 66 67 64 70 137 205 206 220 249 253 253 250 244 196 156 158 87 80 137 205 226 175 144 134 105 108 102 90 83 79 82 81 82 80 77 69 73 74 62 55 51 43 34 29 25 23 
108 88 79 74 68 64 61 61 61 64 67 70 72 74 73 71 70 71 72 70 79 165 244 253 253 253 253 254 254 254 242 222 208 180 148 194 212 199 197 146 114 125 118 113 113 113 113 108 106 106 104 102 100 83 74 78 86 77 62 54 48 34 25 22 
108 90 82 76 70 66 65 64 63 65 68 72 74 76 74 71 71 71 74 73 104 229 252 252 251 216 224 253 253 237 195 184 175 165 159 158 152 160 169 130 98 99 115 112 106 102 98 95 92 94 104 108 110 99 82 79 89 88 73 66 61 59 49 32 
110 93 87 82 76 72 70 70 67 67 70 72 76 77 74 70 70 72 75 74 78 179 249 252 250 199 204 251 248 201 172 169 160 152 147 136 146 179 156 124 147 157 156 119 101 96 81 62 56 62 66 77 88 98 95 93 91 83 77 73 76 79 79 78 
112 99 93 90 85 81 76 73 69 67 69 72 74 76 74 70 68 72 75 74 69 82 161 218 235 247 252 252 236 213 214 211 193 173 132 81 133 172 147 128 141 186 220 163 103 72 54 39 31 29 31 31 45 86 86 83 86 80 72 70 77 83 83 89 
117 108 101 98 94 90 84 78 73 68 68 71 74 74 74 70 68 71 74 73 68 61 64 86 159 247 252 223 237 248 241 226 192 138 74 59 118 165 134 118 93 94 145 109 51 51 52 50 50 47 43 40 61 68 66 73 89 78 73 78 83 73 79 98 
159 138 93 78 82 76 67 62 63 65 65 68 71 72 71 67 64 66 69 70 67 60 57 63 100 168 174 157 231 253 237 214 148 78 59 63 160 176 145 82 64 124 224 176 130 110 92 77 66 62 60 54 47 50 63 79 92 86 85 83 83 109 156 189 
193 150 89 40 52 59 47 49 56 61 61 60 60 62 64 63 61 61 63 66 65 61 57 61 71 75 127 229 253 246 234 183 84 70 69 68 152 168 133 71 58 83 214 240 241 235 221 203 129 68 68 62 59 62 67 75 81 78 75 70 115 207 210 215 
193 147 102 59 53 60 59 61 66 75 73 70 67 63 58 55 59 60 60 64 64 61 55 59 68 76 174 248 253 225 213 124 57 59 67 73 105 155 120 62 54 52 122 221 237 246 245 228 115 66 63 62 64 67 69 75 72 67 60 53 72 158 201 214 
179 136 93 69 70 63 68 83 84 80 71 75 77 75 70 62 55 61 51 49 61 59 51 54 65 74 115 232 244 236 213 150 68 54 54 67 83 103 88 58 51 48 50 101 165 209 206 145 88 84 86 83 85 80 67 57 52 49 47 43 48 81 174 211 
147 119 91 85 89 93 97 99 98 87 71 71 73 74 72 71 61 69 52 28 47 58 58 60 70 77 151 202 199 245 220 198 123 66 53 70 84 77 73 60 52 51 50 43 37 50 66 83 84 79 75 68 66 63 61 57 55 48 45 47 54 58 96 175 
119 107 97 94 89 95 105 102 93 94 93 83 75 67 69 74 67 64 52 46 61 65 66 72 140 136 211 146 178 240 207 216 173 107 77 79 60 59 70 71 57 53 52 48 36 29 34 45 52 59 62 62 62 60 53 45 44 45 47 45 43 42 45 75 
111 104 98 91 87 91 98 94 89 87 85 77 73 66 59 53 44 43 46 58 63 62 63 71 154 201 143 193 239 239 200 208 198 146 111 70 54 52 57 65 67 60 55 53 45 39 42 46 48 49 53 54 57 53 44 30 23 28 33 30 23 19 19 18 
119 109 102 97 93 94 98 96 90 81 74 69 64 58 48 37 32 34 41 52 53 48 43 54 77 89 83 173 250 246 221 234 246 223 164 118 88 76 65 68 77 86 80 76 71 71 77 74 62 62 66 70 70 60 44 29 22 23 28 28 23 17 18 18 
142 128 106 90 90 95 99 97 93 84 75 69 64 58 48 36 32 33 38 45 45 44 45 57 71 74 72 102 230 251 233 226 248 250 227 185 139 111 97 114 95 85 80 76 74 75 73 78 79 77 76 75 74 68 59 47 39 31 29 33 35 34 25 25 
148 133 94 74 74 80 89 87 82 82 73 67 66 61 52 40 35 36 37 41 43 45 48 59 69 72 68 78 208 252 248 232 235 245 245 241 187 114 109 113 68 59 61 62 64 68 68 70 77 82 79 75 70 63 60 62 55 39 30 54 62 66 60 58 
93 105 114 90 80 77 79 86 87 87 73 62 62 64 56 45 37 36 36 39 43 47 52 59 66 69 69 122 242 253 253 250 237 234 247 246 234 148 112 92 105 101 94 84 80 80 84 90 91 88 80 74 64 55 55 69 64 46 39 62 67 67 64 61 
81 85 89 94 97 102 97 94 101 107 98 81 70 70 68 60 47 40 36 38 45 50 54 58 60 90 174 212 224 252 253 252 248 232 233 235 241 206 110 110 131 142 141 123 111 100 94 88 86 89 83 69 62 58 55 56 54 53 56 58 58 57 54 53 
79 82 80 83 84 88 91 84 78 82 88 94 95 91 94 92 79 68 59 51 49 53 56 56 67 176 235 211 221 252 252 253 251 243 226 229 235 242 199 145 143 135 125 112 99 90 86 80 81 70 57 40 31 32 31 37 41 43 46 48 50 55 60 64 
66 70 79 87 84 59 55 55 57 60 66 82 96 102 102 99 96 91 89 87 68 64 82 91 144 226 237 242 249 246 247 251 252 249 238 226 236 241 243 196 130 102 93 85 79 76 71 63 64 51 24 19 16 13 10 12 14 16 20 23 22 23 26 30 
66 66 67 74 83 71 64 64 70 75 84 90 100 105 105 106 106 99 93 96 84 74 96 99 144 221 234 250 226 232 246 245 252 252 248 233 231 243 249 236 178 100 77 72 65 54 50 49 51 58 49 23 13 11 7 7 9 10 15 16 13 10 8 8 
92 68 68 71 72 78 80 70 68 70 73 81 90 96 94 93 89 81 86 81 85 76 69 57 58 141 212 220 210 245 248 248 253 253 252 247 232 241 242 243 218 168 69 40 32 33 37 41 48 51 57 53 23 9 6 5 6 8 10 10 9 9 10 9 
159 118 70 69 71 72 77 82 84 70 65 67 70 79 74 71 73 69 68 70 87 92 85 74 60 60 86 125 214 248 254 254 252 248 245 249 245 240 232 246 222 203 99 36 22 22 28 35 41 48 53 57 52 23 6 4 4 5 5 6 6 9 12 10 
182 166 117 72 70 72 72 74 79 84 74 67 73 67 63 64 79 74 68 67 83 91 84 92 87 78 69 76 172 196 217 251 252 246 240 238 244 241 236 245 224 216 140 64 38 21 20 28 38 42 47 54 60 57 27 6 3 3 3 5 6 16 24 13 
154 134 134 115 73 69 74 77 72 71 81 81 76 69 59 58 69 69 69 69 69 76 80 97 99 84 92 87 92 80 108 231 252 249 242 232 235 237 239 231 216 211 179 78 60 38 23 20 27 36 39 46 56 60 55 30 8 4 3 4 5 49 149 123 
150 132 124 124 109 76 72 76 76 71 72 78 86 78 65 65 61 59 64 69 71 74 78 96 92 77 86 85 91 94 103 202 236 244 244 235 229 231 234 220 215 207 172 52 56 60 41 22 18 26 38 39 43 53 55 56 38 9 3 3 5 11 60 79 
152 137 128 125 125 111 76 67 68 68 70 72 76 84 82 77 69 69 64 63 66 72 72 79 79 75 80 86 95 93 100 170 222 235 243 237 234 223 219 214 211 195 91 25 28 55 61 44 25 17 27 36 35 43 52 57 60 45 12 3 3 4 5 4 
149 139 132 129 127 121 109 75 63 66 67 69 71 79 82 87 79 74 73 70 66 66 72 75 84 82 77 84 85 85 87 122 210 221 224 223 225 219 216 212 204 140 38 20 17 25 54 59 45 25 17 25 37 42 47 56 60 67 48 15 3 3 3 3 
150 142 134 130 129 121 114 105 75 63 65 68 71 69 73 77 87 85 79 77 73 74 84 72 70 69 72 79 78 77 79 88 164 218 221 218 216 215 213 204 157 63 28 20 16 15 22 49 61 46 25 18 27 41 44 50 56 58 59 47 18 4 3 2 
162 155 144 132 128 122 111 104 101 75 63 65 69 66 68 72 76 85 92 84 78 79 78 76 76 76 71 75 82 86 80 81 98 166 207 212 206 207 198 146 74 40 32 25 19 15 14 20 50 61 46 26 16 27 43 50 47 51 54 48 48 20 6 3 
188 170 157 140 131 124 110 99 96 98 71 61 65 67 67 67 73 81 93 93 89 84 80 78 79 79 77 77 78 80 85 86 84 91 129 161 169 155 128 90 71 57 37 24 20 17 14 14 23 53 61 46 24 17 32 49 45 44 50 43 42 42 32 17 


68 67 76 82 82 80 83 90 98 99 97 91 88 92 103 108 112 116 119 119 114 105 97 93 97 99 100 99 101 102 99 91 87 87 86 86 88 92 94 96 95 98 103 100 94 83 72 65 62 64 67 66 58 48 44 43 46 44 44 50 55 60 84 99 
68 70 80 83 81 80 83 89 96 99 100 95 93 96 104 108 111 115 119 118 113 103 92 91 97 99 101 104 105 106 104 95 90 87 87 85 85 93 98 99 98 99 102 95 87 77 67 62 61 64 67 66 60 51 47 40 43 45 71 102 85 111 166 162 
69 73 80 82 79 78 82 88 95 101 103 98 95 97 102 107 109 114 119 117 111 100 90 89 93 96 99 104 105 106 105 99 92 86 84 81 81 93 100 100 100 100 99 91 80 71 62 58 62 65 68 69 65 56 49 40 37 80 173 188 162 175 191 149 
71 75 80 80 76 74 77 83 91 100 104 100 94 95 99 106 110 113 117 117 109 98 89 87 90 92 94 99 102 104 104 101 94 87 83 79 81 92 98 100 103 98 97 89 76 66 58 59 65 68 70 70 68 62 53 41 36 108 193 192 154 150 190 139 
72 77 81 80 76 74 75 78 88 99 104 98 91 93 100 106 111 114 117 116 107 97 90 89 89 92 92 92 95 99 102 101 96 88 83 82 84 93 99 101 102 98 95 89 75 65 59 60 66 71 72 71 69 67 60 49 41 109 193 173 139 126 178 169 
73 78 80 79 77 75 75 79 89 100 106 98 87 90 101 107 114 117 117 115 108 99 96 95 93 92 92 91 91 94 99 101 96 88 84 86 91 99 104 104 101 96 95 91 82 72 67 65 68 71 73 80 88 91 89 75 68 90 178 153 136 122 166 172 
76 77 78 79 79 76 78 82 92 103 106 98 86 88 101 110 118 120 119 116 109 104 102 103 100 95 94 94 91 91 94 97 94 89 87 92 100 107 109 106 102 96 94 93 89 83 86 96 88 78 105 159 181 187 188 182 184 171 173 164 159 127 148 162 
81 79 80 82 82 79 78 83 94 105 106 98 85 88 103 114 120 122 121 117 110 108 108 108 105 97 96 98 95 95 93 91 89 87 90 96 105 111 114 110 103 96 95 104 125 145 181 196 185 163 187 210 210 207 205 207 212 207 199 189 180 143 125 149 
85 83 82 83 84 84 80 82 94 105 106 100 88 90 104 116 123 124 123 116 111 112 113 113 110 101 99 101 102 101 94 88 82 81 88 96 105 118 147 129 105 97 130 186 206 208 208 206 204 203 202 206 216 215 207 204 206 206 203 199 190 162 128 125 
90 87 83 86 89 89 85 83 91 105 108 105 94 96 105 117 123 125 121 114 110 113 117 117 113 105 98 99 103 101 93 83 77 77 84 94 105 127 174 184 118 132 204 209 200 195 198 200 200 202 203 202 205 212 210 206 201 191 177 189 182 175 146 121 
97 92 88 90 92 94 93 87 90 103 108 107 100 101 108 117 120 120 115 109 108 111 116 120 115 107 98 94 98 96 88 79 76 78 81 88 101 116 121 173 164 180 214 192 178 189 197 198 197 200 205 203 199 196 197 200 201 151 157 197 178 187 168 140 
100 96 89 90 92 99 101 94 91 102 108 108 104 102 109 113 113 110 104 99 101 106 114 120 116 109 100 92 93 91 87 84 84 86 84 86 97 109 117 175 196 186 192 156 126 193 216 221 221 220 220 217 213 203 199 202 205 190 196 207 195 168 172 160 
99 94 87 86 93 103 107 101 95 102 107 107 104 103 108 108 106 99 92 89 93 102 110 118 117 112 103 93 92 90 90 95 98 96 90 86 90 104 116 195 200 155 156 123 95 149 226 236 229 225 224 224 225 215 209 207 204 207 202 198 153 122 160 176 
98 95 89 87 95 106 110 105 98 100 104 104 102 103 107 104 98 87 82 83 90 100 108 115 117 114 105 96 93 91 95 106 110 107 96 84 83 95 119 216 194 142 160 107 104 135 198 230 225 223 222 224 222 212 208 207 206 206 186 170 143 156 167 174 
100 98 91 88 95 107 110 106 99 99 99 98 98 102 106 104 94 84 83 86 92 99 106 112 116 115 108 101 98 97 102 112 117 115 103 84 81 91 122 227 185 144 174 156 189 216 211 224 217 215 219 219 215 211 209 207 208 205 186 153 158 145 135 162 
103 101 94 91 99 107 109 107 100 99 97 95 98 101 106 105 96 90 91 95 101 103 107 111 115 115 111 106 104 103 108 118 122 120 107 88 83 96 125 230 180 155 193 204 231 240 238 216 201 200 209 218 217 215 214 213 212 207 191 165 156 94 68 124 
107 105 101 98 104 108 109 108 102 100 97 97 101 103 106 105 100 97 99 104 106 107 108 110 113 113 109 107 104 104 109 119 125 123 111 93 96 185 196 236 208 200 220 223 233 231 233 215 194 204 206 218 219 219 217 219 219 214 182 160 127 70 67 107 
111 109 106 104 106 108 109 108 103 102 101 102 102 103 104 103 100 99 102 107 108 107 107 109 110 108 105 102 101 104 110 118 125 125 113 97 103 216 243 243 235 230 227 227 229 220 220 219 197 208 215 216 216 216 215 217 216 204 169 143 96 71 73 88 
114 112 108 106 108 111 110 109 107 106 106 106 107 106 104 102 100 99 102 106 105 102 102 106 108 106 101 95 95 100 109 118 126 125 115 102 95 149 227 239 230 226 228 227 225 217 218 222 214 209 211 211 214 216 215 217 210 158 135 113 85 80 81 73 
117 114 112 111 113 115 112 111 110 109 110 111 111 109 106 102 100 98 100 100 97 93 96 101 104 102 96 90 89 96 108 119 128 126 118 110 102 108 184 234 229 225 226 230 225 219 219 220 221 218 205 205 208 211 213 214 190 104 90 97 102 106 106 91 
117 116 115 116 117 117 114 114 113 112 113 113 113 112 109 105 99 95 95 92 88 86 91 96 100 98 94 90 89 97 112 140 155 153 123 116 121 143 220 228 228 225 227 232 222 220 220 218 220 220 206 201 204 207 210 211 181 133 119 113 111 115 116 117 
118 118 119 120 120 119 117 116 115 114 114 115 115 115 111 106 99 92 89 85 80 79 85 94 99 98 94 92 95 121 185 214 204 160 122 147 204 221 226 217 212 216 227 229 220 218 217 217 221 223 207 200 203 204 207 199 165 146 137 131 132 128 127 129 
120 120 121 122 123 122 120 118 117 115 115 116 118 118 115 108 101 93 88 83 76 74 81 92 100 99 97 100 131 207 229 214 186 136 136 211 220 184 144 192 201 198 218 222 217 212 213 214 219 221 196 179 180 182 183 165 150 146 145 144 145 145 143 138 
120 121 124 125 127 125 123 120 119 117 115 117 121 120 118 111 104 95 90 86 82 80 85 95 101 100 101 138 219 233 226 203 165 124 156 226 207 192 204 224 201 204 199 217 214 210 211 208 215 219 178 140 140 138 135 132 128 138 155 161 160 156 151 141 
121 122 126 128 130 127 127 124 121 118 117 118 123 123 121 114 107 99 93 91 90 88 92 96 101 102 117 210 237 233 219 189 136 118 128 191 214 225 233 221 196 202 191 215 216 214 214 210 209 213 183 141 138 138 140 139 135 135 146 157 165 165 159 154 
124 126 128 129 131 130 130 128 125 122 121 122 127 127 124 118 112 105 99 98 99 98 98 98 103 103 141 234 238 232 210 161 119 113 112 131 199 222 228 210 195 201 201 216 212 212 212 214 214 197 166 154 153 154 155 154 153 156 155 154 160 168 166 157 
128 129 130 130 133 133 132 131 129 126 125 126 131 132 128 121 116 111 106 105 106 106 105 103 105 104 145 237 238 222 189 133 118 112 111 112 133 197 222 213 209 208 215 217 211 209 210 214 213 184 150 142 146 153 158 156 155 155 157 156 158 163 164 156 
132 131 131 132 134 134 134 132 129 129 127 129 133 134 132 125 120 116 111 111 111 110 111 109 110 109 133 229 231 196 152 134 147 138 147 133 138 149 213 219 222 222 222 216 211 210 209 213 214 207 157 144 144 149 149 148 150 153 155 153 152 150 150 150 
136 134 134 133 135 135 134 132 130 130 130 132 135 136 134 129 124 120 116 116 115 114 115 114 116 116 125 215 218 173 135 170 156 147 163 116 117 154 213 218 219 219 222 218 208 209 210 212 216 205 144 140 142 145 147 149 152 152 148 142 139 134 125 123 
141 137 136 135 135 134 132 131 129 130 132 133 137 138 135 131 127 124 120 118 118 117 118 119 124 162 153 220 217 162 172 166 155 168 163 142 155 220 229 212 216 216 219 218 207 209 211 212 217 177 132 130 123 118 123 133 138 135 127 117 110 114 110 97 
147 141 139 137 135 133 129 128 127 128 131 133 138 139 135 133 130 129 125 121 119 119 120 123 158 205 203 221 225 182 166 128 161 161 143 136 172 213 214 196 214 215 215 217 208 210 208 210 194 144 134 132 129 119 109 110 115 112 104 93 92 96 104 109 
154 145 142 139 135 132 129 125 127 129 132 134 137 139 136 135 131 130 130 126 123 120 120 132 208 221 232 239 230 207 147 113 150 167 160 145 152 153 160 183 207 212 211 212 209 207 206 202 164 138 136 134 131 129 124 120 118 112 104 98 98 99 96 96 
158 147 144 141 135 131 128 125 127 132 134 136 138 139 137 135 132 132 131 131 127 123 122 133 176 220 237 241 237 220 180 129 127 132 142 138 133 152 162 159 152 183 189 198 198 188 169 162 152 139 137 137 135 132 131 128 127 119 110 103 102 103 97 92 
161 148 145 141 135 131 128 127 128 133 135 138 140 140 137 135 134 133 133 133 128 130 170 212 211 210 239 249 247 236 221 185 162 136 120 133 159 190 202 147 118 160 154 153 147 139 129 123 126 131 136 139 138 135 140 141 136 129 124 114 105 101 97 90 
161 149 145 141 136 133 131 130 130 133 136 139 141 141 138 136 136 136 136 135 138 187 233 233 237 242 243 253 252 239 212 197 191 176 167 199 199 197 188 120 101 158 171 163 159 154 152 149 144 141 146 151 151 141 137 141 148 144 134 128 120 107 96 89 
161 150 146 142 138 136 134 133 131 134 137 139 142 142 139 137 137 137 140 138 154 222 223 221 223 185 204 248 240 210 175 168 165 168 177 185 181 175 152 129 149 163 166 166 164 160 157 155 152 150 150 153 160 156 146 140 146 149 140 136 131 124 111 97 
163 152 148 145 142 139 137 135 133 134 137 139 142 142 139 137 136 139 141 140 139 196 229 227 221 153 171 236 220 180 162 160 158 164 173 177 176 162 128 138 178 184 173 165 162 160 151 136 129 134 135 137 145 155 153 155 156 153 149 145 143 139 138 138 
164 155 152 149 147 145 143 139 135 133 135 138 141 141 139 138 137 138 141 139 135 140 185 219 227 233 237 226 210 196 196 193 182 175 161 139 164 166 121 112 125 168 201 172 146 134 124 113 109 110 111 111 116 142 152 153 156 152 145 142 146 148 146 148 
165 158 156 155 152 149 145 141 137 134 135 138 139 139 139 136 134 137 139 138 134 126 127 142 180 232 226 210 233 239 226 213 182 154 129 122 148 160 128 121 91 81 112 121 112 120 124 126 126 125 120 115 130 139 141 149 158 150 146 149 150 141 139 152 
165 150 140 144 140 135 137 136 136 135 136 137 138 138 136 132 130 133 134 135 132 125 123 130 149 183 183 183 237 248 226 209 170 138 123 123 163 160 136 124 123 149 202 181 161 155 148 143 141 140 130 129 131 134 142 154 163 158 154 153 148 151 170 192 
160 132 117 122 123 124 127 134 139 142 141 139 138 137 133 129 126 127 128 131 129 124 121 127 134 135 165 235 251 239 221 195 150 143 134 127 169 160 127 121 121 134 208 223 223 220 213 200 168 137 136 139 140 144 149 154 157 153 150 146 158 203 193 196 
153 128 124 126 131 129 128 138 145 151 151 150 146 141 134 128 127 126 125 128 128 122 118 123 132 138 199 247 250 227 211 163 140 142 144 137 147 153 138 124 120 119 158 212 220 224 223 214 159 133 131 130 132 133 136 143 142 140 136 133 138 177 189 188 
145 134 124 135 140 136 138 152 155 153 150 154 155 152 145 136 129 134 124 118 126 122 118 120 131 137 160 233 244 232 199 137 136 139 141 144 145 152 141 124 120 118 120 147 183 205 205 173 143 143 146 148 149 148 143 137 135 132 131 130 131 142 184 196 
138 134 137 148 151 153 157 163 162 157 149 150 152 153 150 147 138 143 127 107 129 135 133 133 138 141 183 217 215 233 203 157 125 138 138 133 135 146 137 125 120 122 121 116 111 116 123 134 142 146 146 144 143 141 140 137 136 132 130 131 134 136 150 186 
158 153 150 146 146 154 163 165 159 160 159 154 151 148 148 150 144 142 134 129 144 148 149 151 181 177 217 184 201 221 197 196 146 131 127 110 129 142 145 138 126 124 124 120 114 107 108 113 119 124 127 129 130 129 125 121 120 120 122 121 118 117 116 130 
163 158 153 146 144 148 154 154 152 150 147 141 138 134 128 123 116 113 118 126 132 135 139 145 189 209 186 213 230 213 186 205 174 124 112 129 139 139 142 144 138 130 128 125 120 115 114 115 114 116 119 121 124 121 114 107 102 106 108 105 97 89 87 83 
155 155 153 150 148 149 153 152 148 141 134 130 123 117 110 103 99 102 110 118 120 117 114 120 137 147 147 200 237 217 191 210 217 188 144 129 142 141 143 146 149 149 144 141 137 134 136 133 127 130 135 138 138 128 116 105 96 101 105 103 98 87 85 82 
132 133 130 132 141 148 153 153 150 143 135 129 123 118 111 103 98 101 107 114 115 114 113 120 131 134 132 153 229 228 198 192 221 221 199 150 118 115 130 148 147 149 147 146 144 143 142 148 151 151 152 150 147 140 130 119 110 106 104 106 106 103 95 93 
147 136 123 119 126 135 143 147 146 146 138 132 127 122 114 105 100 102 105 109 113 113 115 122 131 133 128 132 216 236 215 192 201 217 220 211 168 127 131 138 127 131 136 138 140 140 141 149 155 157 157 153 149 142 138 139 132 119 106 125 132 137 132 129 
156 151 144 139 141 142 143 147 150 154 146 137 133 128 118 108 102 102 104 107 111 113 115 121 127 128 127 158 233 239 226 209 193 201 219 217 212 174 166 150 153 154 150 147 146 148 151 157 159 160 157 153 146 138 136 145 143 131 120 136 141 141 140 136 
159 160 158 159 161 164 161 157 158 161 158 150 140 140 133 122 112 106 104 106 111 114 115 119 121 140 185 203 209 232 232 217 201 190 207 212 216 200 158 157 169 174 171 166 164 162 161 159 157 160 157 148 143 138 137 139 140 138 138 140 140 139 137 134 
157 159 158 159 158 160 160 153 149 150 152 155 151 152 157 156 146 136 126 117 115 116 118 119 127 192 218 193 207 228 227 226 213 194 187 206 214 217 198 174 173 171 170 169 164 160 157 154 152 145 133 118 109 109 110 116 121 124 129 133 136 139 142 144 
149 151 155 153 149 139 139 138 139 140 140 149 160 167 168 166 161 156 153 149 137 132 144 152 180 219 212 218 237 226 212 220 223 207 190 193 211 217 218 196 172 165 162 158 156 154 151 145 143 127 97 87 83 80 75 74 76 80 88 93 93 95 99 104 
149 149 149 152 153 146 144 146 148 149 152 161 170 174 172 172 170 163 158 162 154 147 161 164 184 212 209 230 223 211 207 207 222 220 206 190 204 218 223 215 190 164 154 151 147 142 138 137 139 137 118 91 77 70 66 63 65 67 71 74 71 69 67 66 
158 150 150 151 152 155 155 151 150 152 153 160 166 169 167 167 164 158 158 157 156 140 132 123 124 174 211 217 211 217 215 217 224 220 217 207 195 215 220 222 204 187 147 131 126 127 130 132 136 139 138 121 87 68 62 60 60 62 64 65 65 68 69 67 
164 161 151 151 153 153 155 157 158 151 149 152 154 158 156 154 155 153 154 154 161 160 150 137 122 122 141 166 212 227 230 230 225 219 215 215 204 210 215 226 207 201 157 127 119 120 125 128 132 136 140 138 123 87 62 57 56 55 56 56 60 69 72 69 
177 176 166 151 152 153 153 153 156 158 152 150 153 151 149 151 159 155 153 152 162 167 162 162 152 141 129 133 188 202 214 229 227 220 216 212 214 213 215 222 207 202 171 140 127 118 119 124 129 131 135 139 140 128 90 61 54 52 50 51 56 70 78 73 
197 181 176 167 152 152 155 156 153 152 157 157 154 151 147 147 153 154 153 153 154 158 160 170 171 161 160 150 148 137 154 219 229 223 218 211 213 216 215 211 202 200 185 140 138 127 118 117 123 128 130 134 141 141 130 96 63 51 48 49 55 87 158 139 
200 184 174 173 168 153 153 156 155 151 153 156 160 156 150 150 148 148 150 153 154 156 159 171 171 160 163 162 162 156 156 207 221 226 221 212 208 212 212 204 202 198 181 119 128 138 128 118 116 122 128 129 133 139 139 131 101 60 48 48 53 62 99 113 
203 189 180 175 174 169 154 151 152 152 152 153 155 159 158 156 153 152 150 150 152 155 156 160 160 158 161 165 170 169 169 196 213 224 225 217 214 207 206 203 202 193 137 95 100 127 139 129 118 115 121 128 129 133 137 140 133 105 62 48 50 54 54 52 
201 191 185 179 176 172 168 153 149 151 151 152 153 159 157 159 156 155 155 154 152 152 155 157 164 162 159 163 166 165 165 178 209 211 212 211 212 207 204 203 199 166 106 89 87 97 126 138 131 119 114 121 128 130 132 140 141 138 111 67 49 48 45 44 
203 195 188 181 178 171 165 164 152 149 151 152 152 152 154 155 160 159 157 157 155 156 163 156 155 156 157 161 160 159 160 165 193 210 209 208 207 207 205 199 176 125 103 92 86 83 93 122 139 132 118 113 120 129 130 135 140 140 133 111 71 47 39 38 
214 209 196 185 180 172 162 158 161 153 148 150 152 150 151 154 155 159 162 160 158 159 159 159 159 159 157 158 162 164 160 161 168 192 206 207 205 205 200 176 135 114 108 100 89 82 78 88 123 140 132 118 113 120 129 133 132 136 134 124 114 74 48 41 
185 212 209 193 183 173 162 153 152 161 151 147 149 150 150 151 154 158 162 161 162 162 159 160 161 161 160 160 161 164 165 164 162 164 177 189 193 187 177 160 143 128 114 106 96 85 78 77 94 127 140 133 118 114 122 133 130 129 134 127 123 113 94 72 


10 7 8 12 11 8 9 11 12 14 15 13 12 11 11 16 17 15 20 23 22 19 18 17 19 20 20 19 14 14 13 11 9 8 6 8 6 5 7 9 11 13 15 13 14 10 9 7 6 5 8 9 8 3 3 3 3 5 5 6 8 8 5 3 
11 8 10 14 14 12 13 16 15 16 16 17 15 14 14 15 14 16 20 24 22 20 19 18 22 22 22 19 18 16 14 10 8 8 6 7 7 8 9 9 11 15 15 15 14 10 8 6 6 6 9 11 11 7 4 4 5 6 8 11 7 12 10 3 
12 8 11 15 17 16 17 19 22 17 17 19 16 15 14 15 15 15 19 23 22 20 18 19 21 21 19 17 17 17 15 13 10 10 7 7 7 7 11 12 14 14 15 14 13 13 10 7 8 8 7 11 11 8 5 4 4 15 34 36 12 22 14 4 
10 9 11 14 16 17 20 21 22 18 17 20 17 16 15 16 15 14 19 23 22 18 18 19 21 19 19 18 16 17 16 14 14 12 11 10 11 10 12 13 15 15 16 16 13 13 11 8 10 11 9 10 10 8 6 4 4 22 22 26 10 15 21 4 
8 10 11 11 14 17 19 20 16 14 14 18 18 16 19 19 16 17 22 25 22 19 20 19 20 19 18 17 18 20 16 14 14 15 14 13 14 11 12 12 14 14 14 16 14 12 9 8 10 9 8 6 7 9 8 4 3 21 13 13 6 19 22 2 
8 8 10 12 13 15 19 19 16 12 14 17 20 18 21 23 22 22 24 24 21 20 19 20 20 19 16 16 16 17 14 13 15 16 14 14 14 12 13 12 12 13 14 16 17 15 9 6 7 5 5 3 4 5 5 5 3 18 23 3 2 24 22 3 
8 6 9 10 11 16 20 19 15 15 16 16 19 19 22 25 27 27 28 27 24 18 14 16 17 17 16 14 16 16 13 11 11 13 13 13 14 13 12 11 10 11 15 15 17 13 9 7 4 3 4 4 2 2 4 6 8 18 13 12 5 3 4 5 
8 6 9 11 13 17 19 17 16 16 16 17 16 17 21 26 32 31 32 29 23 16 11 12 13 13 14 12 14 13 10 8 9 10 12 12 12 12 12 9 8 9 11 13 18 15 13 8 5 5 3 2 1 1 2 2 3 9 7 9 4 2 2 2 
9 9 13 16 16 18 19 17 18 17 16 14 14 18 22 28 33 31 32 29 22 15 10 11 12 13 13 13 13 11 8 8 9 8 12 12 12 17 19 12 7 8 17 21 15 5 3 4 3 3 4 4 13 13 4 1 2 2 4 9 4 2 2 1 
13 13 14 17 20 21 21 19 18 15 14 12 15 17 18 27 34 34 32 27 20 13 10 11 12 12 13 12 12 12 10 9 8 9 13 13 15 27 31 28 13 14 13 6 5 3 2 3 2 2 3 3 8 16 8 4 2 5 17 12 3 2 2 1 
15 16 16 16 20 21 21 21 20 16 14 14 14 16 20 28 31 30 27 21 15 10 9 14 15 13 13 12 13 11 12 10 10 11 14 14 15 20 19 40 35 11 5 5 6 7 5 3 3 3 4 2 2 2 10 7 3 7 6 6 25 22 3 2 
16 15 14 15 16 18 19 19 18 15 13 11 12 14 19 23 24 22 20 17 12 8 8 16 17 14 13 13 13 11 11 10 11 13 14 15 14 14 15 47 54 16 10 6 11 26 28 31 18 8 5 7 10 4 3 3 4 8 2 32 75 45 19 27 
16 13 11 13 15 16 17 18 17 13 9 10 13 15 18 19 20 19 17 17 12 8 8 14 17 16 13 13 14 12 12 11 10 13 15 15 12 12 15 63 62 24 12 8 12 25 55 37 13 6 16 18 17 3 3 5 6 16 7 45 38 9 52 104 
12 10 12 13 12 13 14 17 16 12 10 11 12 13 13 15 16 16 15 15 13 10 9 14 18 18 15 13 13 15 14 12 13 14 17 16 11 9 16 86 69 24 13 10 13 17 42 18 10 10 17 27 10 3 4 5 6 21 11 25 5 3 68 112 
10 10 11 14 11 10 14 14 12 11 10 10 9 11 14 12 12 14 16 14 12 12 13 15 18 18 16 15 15 14 14 15 19 19 17 14 11 10 23 101 67 23 14 32 42 50 41 9 7 7 17 20 3 3 3 2 4 10 11 8 2 4 70 85 
11 12 14 13 10 9 12 14 12 11 10 10 10 10 12 12 12 15 14 13 10 13 14 14 16 17 18 16 14 14 13 17 21 22 17 15 14 15 25 105 69 24 18 47 49 43 44 6 3 4 15 6 2 1 2 3 7 8 9 4 2 4 22 58 
16 15 14 12 10 10 13 17 14 11 11 10 11 13 13 13 13 14 13 12 12 11 15 15 15 17 18 15 13 14 14 16 22 23 20 15 22 71 61 100 73 24 18 23 32 30 42 12 2 2 4 1 1 1 2 5 20 25 8 4 3 7 11 47 
19 18 16 14 12 12 16 18 15 12 11 10 11 13 14 12 12 13 12 11 10 9 13 14 14 18 16 15 13 13 13 16 22 25 21 16 25 82 77 66 26 14 13 14 18 9 15 23 7 5 7 2 1 2 3 12 32 24 3 2 4 10 17 33 
21 17 18 15 16 17 18 18 15 13 10 12 13 16 16 13 11 12 12 9 8 8 9 12 14 13 13 14 16 13 11 15 22 26 22 17 18 35 61 36 12 7 10 24 30 10 7 14 11 6 2 1 1 2 2 11 25 12 2 2 4 5 8 8 
22 18 18 17 19 23 23 19 15 14 14 15 15 21 19 12 10 10 10 9 8 8 10 14 15 12 12 14 15 13 9 15 22 27 23 18 14 13 32 12 9 6 9 25 27 12 10 9 9 9 2 2 2 2 6 9 9 3 3 2 2 2 2 2 
21 20 19 22 24 27 26 21 16 15 15 17 18 23 21 14 10 9 10 12 11 10 11 14 14 15 14 14 13 10 10 12 15 24 27 23 20 19 25 3 6 7 9 17 10 6 6 6 7 6 2 2 2 3 8 17 9 2 2 2 2 1 2 2 
18 19 18 22 25 28 27 23 19 18 18 20 20 22 21 18 12 12 14 14 15 13 13 16 16 15 13 12 10 12 13 5 4 14 25 36 42 23 15 3 6 12 13 5 3 3 3 4 10 10 2 1 2 2 4 14 6 1 1 4 12 3 3 2 
20 22 20 23 26 29 28 24 20 17 18 20 23 24 24 21 15 15 16 16 17 17 16 20 19 18 14 12 14 13 5 2 4 18 32 58 28 11 9 7 11 15 7 3 3 4 4 3 7 8 6 3 3 4 8 12 9 4 3 3 6 14 9 3 
24 24 24 24 27 30 28 24 21 21 20 20 22 25 26 22 16 14 15 16 16 17 17 19 19 17 12 15 13 3 2 2 9 19 39 33 5 9 20 35 23 8 9 4 3 3 3 3 4 7 7 3 5 6 6 3 4 6 17 21 14 10 4 2 
26 27 27 24 26 30 30 26 21 21 22 21 24 27 28 24 17 13 14 15 16 17 19 20 17 14 14 13 3 2 2 4 14 20 27 30 12 7 32 33 14 6 8 4 2 3 3 3 3 5 7 4 4 5 9 6 3 7 11 20 34 25 8 2 
30 31 30 26 26 29 29 26 21 20 23 24 27 28 29 25 18 13 11 12 15 14 15 18 16 14 12 5 2 3 3 10 18 18 21 27 35 24 36 8 9 6 10 6 3 5 3 3 4 8 5 2 2 3 13 18 18 29 25 11 23 42 32 5 
32 33 31 29 28 30 30 25 21 21 23 24 29 31 30 25 20 15 13 14 15 14 17 17 18 14 11 4 2 3 6 17 19 19 21 26 29 33 23 4 7 7 5 10 4 4 3 3 6 8 3 2 8 24 34 15 5 5 6 16 25 32 32 6 
37 34 31 29 29 30 29 25 21 22 22 23 30 32 33 27 23 21 21 20 19 19 20 20 20 18 15 7 3 6 14 36 41 30 58 43 22 24 39 6 4 4 5 5 4 3 3 3 6 9 16 9 9 18 14 2 2 3 5 6 10 7 4 2 
46 39 33 30 31 33 29 26 20 20 20 24 32 35 34 30 26 24 25 26 23 22 23 24 25 24 21 10 4 12 35 86 54 46 81 32 7 29 59 12 4 4 5 6 3 4 4 4 7 20 26 16 7 5 4 5 5 5 4 3 5 3 3 6 
59 46 38 32 33 33 28 24 19 19 19 26 33 39 36 30 25 26 26 26 26 24 25 27 28 22 20 10 6 31 78 66 63 75 60 31 21 51 50 21 3 3 4 5 4 4 4 4 10 37 48 36 18 10 12 16 19 12 6 7 13 12 4 3 
73 49 42 36 32 32 28 25 21 20 19 25 33 38 34 28 23 26 28 27 27 25 24 26 26 9 19 12 9 51 66 31 75 45 13 11 25 20 18 23 5 4 3 4 3 4 4 5 27 58 52 46 32 10 9 16 21 19 14 14 18 19 16 8 
90 51 42 39 31 29 29 27 23 21 21 25 32 35 31 28 24 24 27 29 27 24 22 25 27 19 19 24 13 42 32 20 64 70 51 17 25 23 16 24 5 3 3 7 6 4 4 6 34 60 62 50 43 30 15 12 21 22 18 18 20 21 22 20 
100 53 44 41 33 32 29 28 26 25 24 27 30 31 28 26 24 23 26 26 28 25 23 25 26 38 28 20 14 23 21 21 33 25 40 45 35 31 23 56 11 12 5 6 7 7 8 6 9 27 37 42 32 31 38 29 21 20 20 18 20 23 21 19 
104 57 46 40 33 27 26 28 28 27 27 26 30 29 28 25 22 22 23 27 28 26 26 34 33 14 13 23 25 14 17 23 24 25 35 34 17 7 33 69 26 22 7 5 5 4 3 3 3 3 3 3 3 3 8 16 21 26 29 24 23 24 21 16 
105 60 46 41 34 27 26 29 30 29 28 27 30 30 30 28 27 26 26 30 32 29 20 12 12 7 6 20 20 8 4 7 13 32 39 30 9 23 75 59 28 21 11 7 7 2 2 2 2 3 3 2 2 2 2 2 6 7 17 26 27 25 20 15 
103 64 49 45 37 31 30 31 31 30 29 32 34 34 32 31 31 32 33 34 36 21 5 2 4 12 11 5 3 3 2 2 2 5 19 50 45 59 77 40 21 22 26 16 17 10 2 2 2 3 12 7 10 10 3 3 6 6 2 4 7 10 9 7 
103 68 57 54 48 41 37 36 35 33 34 35 37 37 35 32 33 34 35 34 31 27 17 5 3 8 14 4 3 4 2 2 2 2 14 38 68 95 52 39 21 16 15 5 12 20 9 2 2 3 4 8 19 31 11 6 6 3 1 2 2 3 3 3 
98 71 65 64 61 53 49 46 40 37 35 36 38 38 36 35 35 37 35 32 29 27 26 23 17 9 4 2 5 5 4 4 5 8 19 38 95 114 41 33 11 14 11 12 7 6 4 2 2 3 2 3 5 11 6 3 4 1 2 2 6 7 3 6 
89 69 71 74 72 65 57 50 45 40 40 40 41 40 39 35 34 37 36 33 29 27 22 23 28 10 2 14 30 27 29 19 12 20 39 49 86 109 54 46 17 11 14 17 3 3 3 3 4 4 3 3 3 3 2 3 14 4 1 3 7 3 5 10 
43 22 36 40 45 42 43 44 41 40 38 36 36 37 39 35 33 30 32 31 29 27 25 26 27 15 14 34 32 33 31 23 37 46 37 39 97 100 65 43 45 36 18 22 10 9 9 6 4 4 8 5 2 3 2 6 22 7 2 3 3 10 18 21 
5 2 2 3 7 9 14 26 33 28 19 13 11 14 24 29 31 28 27 30 30 29 26 27 29 26 27 26 23 32 29 23 47 61 54 41 115 105 45 37 45 40 29 16 12 11 20 10 17 24 27 25 20 13 7 7 12 5 3 3 19 30 11 10 
3 2 2 2 2 3 2 11 19 20 12 6 2 1 3 9 20 24 23 29 33 32 27 24 26 27 33 34 44 54 28 20 47 56 62 57 79 92 55 34 35 35 37 20 10 8 10 9 27 40 40 38 40 38 31 26 23 17 17 21 30 32 11 3 
2 2 2 5 8 4 4 12 15 10 4 7 8 4 1 1 2 5 6 15 27 28 24 23 24 26 31 41 69 64 23 13 34 45 48 65 70 76 55 31 31 33 33 25 21 14 13 18 35 49 54 63 72 70 58 44 39 37 37 31 36 42 19 3 
9 8 12 7 9 10 7 22 31 18 4 6 16 15 4 2 2 3 4 2 4 5 7 10 15 21 34 39 62 47 31 49 20 28 37 52 56 69 56 33 29 34 37 34 24 14 13 18 40 57 64 65 69 68 65 58 57 41 35 38 52 59 45 11 
77 69 67 43 30 39 35 31 29 28 26 12 7 6 3 3 2 5 6 5 5 6 6 5 21 16 28 22 38 18 26 51 44 14 34 23 33 59 68 58 36 39 43 42 32 23 15 19 29 37 39 38 37 39 40 37 40 34 32 30 30 32 36 29 
98 88 82 67 59 59 62 51 42 39 42 39 31 21 15 9 10 16 19 24 25 26 30 22 26 26 27 54 33 5 12 38 26 10 12 9 25 34 51 65 60 52 49 49 43 31 23 23 30 33 33 33 36 33 32 29 30 31 32 30 26 26 30 27 
68 72 75 69 64 66 68 63 56 49 45 43 39 35 27 19 17 18 19 25 26 24 21 22 30 37 40 59 28 4 5 22 12 3 3 2 4 6 13 26 43 54 44 37 29 16 12 18 28 31 30 26 27 18 21 26 27 28 28 28 29 30 31 29 
6 10 16 23 40 57 69 66 61 56 49 44 39 35 28 20 16 16 16 20 24 20 20 25 31 33 32 34 18 3 4 6 5 3 3 3 2 2 2 3 8 9 7 6 4 2 6 21 26 18 10 4 2 2 2 6 10 14 19 18 18 18 22 18 
15 3 2 1 2 9 28 37 37 46 41 38 38 35 30 21 15 16 17 19 19 18 22 26 30 32 28 25 13 3 3 3 5 11 8 2 3 3 6 3 2 2 2 2 2 1 2 4 3 3 2 1 2 1 1 1 2 2 2 2 2 2 3 2 
63 38 17 5 2 2 4 14 22 23 9 7 14 22 26 21 17 16 17 20 20 20 21 23 27 28 25 34 16 3 2 2 3 5 6 2 3 16 60 15 12 16 23 19 5 5 9 17 16 10 3 1 1 2 2 3 3 3 1 1 1 1 2 2 
73 83 64 50 38 39 24 20 35 42 27 10 3 3 5 15 16 15 16 19 20 20 21 23 24 30 40 23 6 6 3 2 2 4 6 2 3 7 32 30 40 51 46 31 25 24 34 35 42 45 30 6 2 2 2 2 3 6 6 6 6 4 5 6 
74 77 69 71 65 62 40 27 17 27 40 34 7 2 8 11 6 5 7 13 18 19 21 22 25 52 28 6 18 8 3 3 3 3 3 3 3 2 14 43 50 38 36 35 30 31 33 37 48 47 41 20 17 13 9 15 14 9 8 8 6 6 13 16 
70 73 74 46 20 10 5 3 3 3 3 6 6 11 9 5 2 1 2 8 9 13 24 30 50 55 12 12 48 21 2 3 3 3 3 3 2 2 6 24 28 27 29 31 30 19 16 23 55 57 36 29 28 24 22 24 26 25 26 24 19 16 12 10 
69 71 75 75 61 38 29 29 38 37 20 12 17 21 10 10 9 3 3 17 19 12 26 29 46 35 13 25 45 13 2 5 2 2 3 4 3 2 5 7 10 30 43 36 32 22 30 41 56 65 56 36 26 20 20 23 25 26 27 26 25 25 22 20 
62 67 72 80 82 84 74 57 58 67 58 58 51 44 29 27 28 30 51 56 66 50 38 27 25 37 42 45 44 12 8 13 2 1 2 3 4 3 7 7 3 19 29 11 8 17 25 34 46 54 64 61 35 21 18 20 21 22 22 21 21 23 23 21 
29 58 69 77 83 83 91 89 87 67 58 64 69 74 60 59 66 64 71 75 102 107 90 67 41 27 29 41 58 28 6 5 2 2 2 2 3 4 14 13 2 13 39 19 4 5 17 28 39 48 61 69 62 35 19 17 18 18 15 18 20 23 24 22 
83 86 82 70 76 83 85 88 91 87 67 63 76 61 51 55 84 74 62 63 94 112 101 110 95 75 52 35 42 39 22 16 4 2 2 1 4 5 13 12 1 3 41 60 23 4 6 16 31 37 48 61 73 69 37 17 15 13 12 16 18 22 22 21 
175 139 109 85 71 72 82 90 82 81 88 79 74 62 38 41 67 66 61 61 64 79 89 118 118 95 105 86 62 41 31 27 12 4 3 2 4 12 4 3 1 1 13 60 63 26 7 6 18 31 35 46 64 72 66 40 18 13 11 14 17 21 26 16 
187 151 124 108 92 76 77 85 86 77 82 91 91 73 48 45 44 41 53 63 65 70 82 117 110 81 94 94 102 101 75 31 14 24 5 2 2 10 2 2 1 1 5 31 67 66 34 9 5 17 33 36 43 61 66 69 45 19 12 15 16 19 16 11 
195 167 144 126 112 92 78 70 72 77 79 85 92 92 79 68 55 53 47 52 59 70 70 82 82 72 81 88 105 110 110 51 9 29 10 8 5 2 1 1 1 2 10 24 36 68 73 42 13 5 17 33 33 45 58 73 73 48 19 15 15 16 15 10 
191 173 158 143 128 106 88 73 66 67 74 78 83 95 96 89 76 64 58 54 51 55 67 77 93 81 72 85 86 87 90 62 16 4 4 6 5 1 1 1 2 5 18 25 27 38 70 74 48 14 4 15 32 43 54 73 76 62 39 22 15 13 9 5 
196 184 168 153 140 116 95 83 69 67 67 74 83 79 86 90 97 89 78 71 61 62 83 64 61 63 65 76 69 70 68 67 41 5 2 1 1 2 1 2 7 18 24 26 28 27 34 66 78 51 14 4 19 43 54 68 73 65 49 36 22 11 5 2 
200 205 187 162 146 122 97 86 76 68 62 67 79 77 77 84 90 100 99 87 79 73 69 66 64 66 61 66 78 84 71 73 65 30 6 3 2 4 9 31 35 34 30 28 29 28 25 34 68 80 52 16 7 26 54 68 63 67 60 39 39 16 6 4 
76 186 208 177 153 129 101 84 77 77 65 60 70 73 75 78 88 102 114 101 96 92 79 74 72 68 67 66 73 82 87 82 75 54 34 24 28 36 57 80 71 59 41 33 32 30 28 27 39 70 81 52 17 14 40 69 62 64 67 50 44 34 22 13 