


84 64 61 60 51 41 41 40 45 46 40 36 30 33 109 154 155 154 159 165 166 163 152 148 152 163 161 149 139 138 135 127 118 103 103 115 117 120 123 128 131 128 122 115 107 103 102 94 101 107 90 89 89 92 96 103 109 111 96 110 113 110 106 100 
73 61 80 82 67 47 46 44 46 48 44 35 28 69 148 159 162 162 169 178 174 168 160 154 153 168 161 145 140 139 139 129 114 98 95 116 120 124 126 126 124 117 112 106 98 95 96 91 80 80 79 84 86 91 99 104 107 107 106 106 105 105 104 102 
99 91 93 84 70 47 48 45 45 51 55 46 35 93 155 155 158 166 175 182 181 172 164 157 156 169 166 149 141 138 136 130 123 123 124 133 136 136 138 140 135 125 122 117 109 100 96 82 70 73 78 83 88 96 101 101 100 99 103 105 106 106 105 101 
99 96 95 85 72 47 45 43 41 34 35 34 27 60 143 158 158 169 180 185 186 178 163 155 160 170 170 158 150 141 135 133 131 135 141 144 144 142 141 135 128 120 118 115 109 106 92 65 59 64 69 79 87 93 96 96 90 73 94 101 100 97 101 119 
100 98 97 95 87 71 57 49 41 33 34 34 31 40 98 150 157 170 180 187 187 182 174 157 160 173 173 160 152 149 140 135 132 139 145 148 146 146 144 134 118 109 103 100 97 98 99 82 62 68 75 84 89 94 100 104 95 76 80 81 86 90 92 97 
143 126 117 111 110 114 103 83 57 36 34 53 89 109 123 150 156 168 179 188 188 180 179 167 159 173 176 165 153 152 144 136 136 144 148 150 148 149 149 147 130 110 105 103 99 96 96 100 87 81 80 88 94 96 110 114 112 101 110 99 90 83 63 48 
168 153 146 141 150 159 157 146 111 71 95 139 161 168 172 176 178 178 183 188 187 179 178 173 161 172 181 173 158 154 148 141 145 152 156 155 153 151 152 150 144 117 104 102 103 108 117 120 110 107 100 99 101 110 119 127 130 130 130 126 121 113 93 56 
171 165 142 147 159 167 170 173 173 168 171 174 177 177 178 178 177 169 178 184 179 176 175 175 165 171 181 177 167 162 153 150 156 163 165 166 164 161 159 156 152 139 122 116 116 123 129 127 121 120 112 112 111 113 120 127 134 136 136 133 128 124 120 112 
147 120 114 145 155 159 166 174 177 178 177 176 175 176 171 168 162 159 161 164 165 170 170 172 168 167 174 177 173 166 158 159 165 170 170 169 167 166 161 158 154 144 140 138 135 134 134 130 123 127 118 113 115 117 122 129 134 136 138 138 135 128 122 121 
53 36 60 140 162 164 165 171 173 172 170 170 171 173 169 166 163 161 159 156 157 161 163 164 161 156 151 160 172 166 166 168 170 172 172 171 170 169 165 160 155 147 142 136 129 129 134 132 123 130 122 110 110 117 123 127 132 135 136 136 137 135 127 123 
31 31 66 118 160 174 178 180 181 180 175 169 164 160 157 157 156 155 155 155 158 159 158 155 153 147 130 130 149 166 173 173 172 170 173 174 170 168 165 158 152 145 137 130 126 125 130 126 119 132 122 113 110 117 122 125 128 131 133 134 135 134 129 124 
25 30 49 69 100 135 158 178 185 186 185 181 177 171 165 163 158 154 151 149 147 148 150 151 147 137 130 126 127 146 167 174 174 173 172 173 171 168 164 157 150 143 137 127 123 122 127 123 125 134 120 111 109 117 121 125 127 128 129 130 131 130 128 127 
28 40 68 80 71 62 66 82 133 179 185 186 185 184 180 177 163 142 141 148 148 149 151 147 142 141 142 136 139 147 159 169 174 172 169 170 173 168 163 157 150 145 142 135 122 121 125 121 132 130 116 109 109 117 120 124 125 126 126 126 126 127 127 126 
29 32 47 52 49 37 35 39 55 94 154 180 182 184 182 173 152 115 95 131 150 150 149 147 146 148 147 142 146 153 161 165 170 170 163 163 173 171 167 160 153 148 141 135 125 126 124 120 131 121 110 105 104 86 99 113 118 120 124 125 124 122 123 124 
31 36 40 40 44 39 32 38 49 106 170 173 172 176 176 168 162 157 142 149 154 154 154 153 151 150 146 146 152 157 162 166 170 170 163 160 167 166 159 151 148 142 138 135 135 132 123 124 125 117 106 78 79 60 43 53 84 110 121 124 121 119 119 118 
43 36 44 40 33 38 34 31 73 159 176 178 177 179 179 170 166 165 160 160 162 162 159 154 151 150 147 152 159 165 169 171 171 167 161 159 160 162 156 150 144 139 135 130 122 114 118 124 124 120 100 51 53 62 45 31 36 52 69 85 93 93 90 73 
66 46 47 34 23 22 25 34 116 174 176 180 182 182 178 171 168 167 165 164 162 156 152 153 153 150 154 161 167 171 172 173 173 160 152 156 158 158 151 147 140 135 121 82 55 47 78 118 124 119 92 47 53 65 40 38 37 33 29 26 28 29 28 24 
67 53 34 22 21 23 26 43 153 182 178 180 182 180 172 164 158 157 155 152 153 141 115 130 150 154 164 171 173 172 170 174 173 163 143 142 146 146 140 134 129 127 101 42 31 28 32 65 101 97 63 40 48 79 49 45 44 44 32 28 29 28 29 22 
58 53 34 20 21 24 33 79 175 185 178 180 182 180 173 162 156 166 169 163 155 151 145 152 159 160 165 172 172 167 166 169 169 168 148 124 120 122 121 119 116 114 103 45 29 31 30 36 69 57 42 38 47 88 54 37 36 45 52 41 39 33 32 31 
48 46 34 23 42 71 109 151 186 183 175 180 181 184 186 183 154 146 159 155 155 155 150 157 162 160 162 164 167 165 166 166 165 166 161 136 116 115 118 119 116 115 101 42 30 31 36 52 71 49 39 32 43 94 63 39 32 31 44 53 48 40 31 29 
46 43 62 104 151 169 180 181 181 182 178 185 189 192 191 182 152 146 161 159 158 150 125 143 159 158 161 165 167 166 169 170 167 164 165 154 123 117 118 118 115 112 80 39 35 37 40 64 53 34 29 30 45 87 68 40 51 43 34 40 41 47 27 16 
78 101 162 178 182 182 187 185 177 180 186 193 195 190 187 183 177 171 164 160 155 143 126 127 149 154 158 160 164 164 165 168 166 164 164 156 123 116 115 113 108 84 46 41 46 42 46 69 43 27 19 33 43 79 68 36 49 41 24 31 35 41 25 11 
79 85 149 187 192 190 192 192 190 187 189 191 193 187 185 179 173 167 162 161 157 134 110 115 138 149 151 155 158 159 163 166 163 162 161 153 116 104 101 98 83 51 31 36 45 44 65 61 43 36 34 37 36 79 75 39 36 31 19 20 25 25 17 7 
119 81 121 187 194 195 195 195 193 191 188 188 190 184 178 174 168 160 154 153 154 143 96 109 108 145 148 150 153 158 160 161 160 157 158 140 70 50 50 50 43 39 35 37 42 48 66 45 39 37 46 41 37 75 79 49 40 32 24 21 25 41 47 20 
145 109 85 154 184 193 198 199 197 191 186 178 173 170 166 162 156 151 147 141 141 150 137 123 102 141 147 146 147 151 155 156 153 148 145 99 83 64 44 43 42 37 38 40 44 64 67 53 54 57 56 46 50 67 61 48 49 38 28 35 63 85 89 62 
136 120 77 72 102 136 163 190 197 192 187 176 170 166 164 162 158 153 147 141 143 151 134 106 90 112 142 141 140 144 144 142 139 139 137 116 117 95 70 69 64 49 35 34 38 41 49 91 122 126 102 64 55 55 42 43 48 46 35 48 80 90 88 81 
138 125 91 85 85 65 66 109 153 174 181 173 170 170 167 161 155 150 149 145 151 147 115 103 91 60 96 134 136 135 133 136 138 138 135 120 99 81 71 61 69 67 37 28 32 34 33 59 135 152 133 80 40 34 33 41 49 44 48 64 77 72 64 70 
177 168 158 151 141 79 56 74 93 133 166 172 175 174 170 167 164 159 153 151 160 149 120 115 78 50 86 137 146 150 152 149 149 139 115 78 69 81 86 56 57 58 49 33 31 35 36 34 68 142 131 70 31 26 31 34 32 33 33 49 73 75 83 88 
188 182 167 158 153 110 102 133 160 180 178 176 181 188 181 175 170 168 164 163 163 159 147 144 125 122 147 157 160 161 163 161 160 146 95 59 71 92 122 114 95 104 115 80 48 32 31 31 35 113 127 73 25 24 28 30 29 28 21 28 37 36 62 79 
195 188 175 165 148 135 173 186 192 183 178 181 186 195 196 191 184 178 171 167 164 162 156 154 152 150 153 161 166 166 164 162 161 158 120 66 75 131 169 155 128 127 121 113 102 65 31 24 28 100 116 78 27 22 26 25 17 19 12 10 18 28 48 46 
188 181 172 166 156 175 185 184 184 181 182 188 190 191 198 196 191 183 174 170 173 172 169 166 161 157 156 162 166 165 161 157 151 145 118 61 106 148 133 117 114 117 118 119 118 113 79 38 29 54 63 37 32 48 50 32 28 30 22 14 15 18 24 24 
165 161 162 163 168 182 184 183 182 182 184 190 192 190 193 197 195 188 177 171 172 173 170 168 165 164 163 163 159 156 150 142 134 125 75 45 74 93 99 107 116 120 122 121 122 123 122 103 61 61 80 88 107 132 134 108 63 58 48 40 22 17 23 22 
172 158 150 149 157 179 184 181 177 174 171 177 192 194 190 194 195 189 179 173 172 172 170 167 163 162 158 154 152 148 143 135 124 93 46 33 61 91 101 108 115 122 124 125 127 131 130 132 132 134 141 147 149 154 158 158 129 85 70 69 65 33 24 22 
178 166 156 137 138 161 184 185 182 178 174 168 173 190 194 189 192 192 183 178 174 174 174 172 171 170 156 131 123 137 139 134 108 59 36 35 76 97 103 109 114 118 124 130 135 140 143 145 147 148 150 154 158 164 163 161 160 138 123 121 120 91 42 19 
184 175 168 154 164 177 188 190 189 185 179 174 172 173 188 194 190 190 190 188 183 181 178 178 179 183 182 173 151 137 138 142 140 126 102 80 92 112 109 109 114 118 123 132 141 144 147 152 155 158 161 163 167 170 168 166 167 156 134 131 131 130 115 78 
188 177 171 174 178 185 191 190 190 187 181 177 177 176 177 189 190 186 183 183 184 182 181 179 177 176 182 188 188 183 166 146 146 149 149 146 140 139 131 118 113 115 122 133 141 146 150 158 165 166 171 174 176 176 173 172 171 168 147 136 136 136 135 133 
182 179 175 177 181 186 191 190 186 183 180 177 175 173 171 171 167 175 178 177 174 169 164 160 154 154 161 179 189 191 187 160 151 153 154 153 151 150 149 143 129 117 120 134 139 148 160 168 173 174 175 178 179 177 177 177 173 172 161 135 125 126 128 129 
179 187 188 188 191 195 193 188 184 180 175 174 170 165 165 166 165 166 167 167 165 165 165 158 158 159 164 170 182 190 190 173 166 164 158 156 154 153 154 153 148 134 128 130 138 150 165 168 170 174 174 173 173 175 176 178 177 175 170 146 121 115 112 101 
151 181 194 198 200 198 191 185 180 175 171 170 165 165 165 166 165 162 161 163 165 168 166 162 162 163 169 171 179 185 192 189 184 180 174 167 165 162 159 157 153 148 147 150 156 156 154 145 138 150 158 170 175 177 176 179 179 175 170 162 152 134 80 37 
146 179 194 199 199 194 190 182 178 174 172 170 168 168 166 165 165 163 166 166 169 170 167 167 167 168 174 175 179 180 188 193 190 186 183 179 175 171 166 161 158 161 172 175 167 146 133 133 131 138 143 157 166 173 177 178 178 173 169 167 164 161 148 116 
171 186 192 199 198 194 190 183 180 179 177 175 173 172 173 171 166 165 150 150 170 174 174 173 172 173 177 181 182 179 180 184 189 193 191 185 182 179 176 173 171 170 170 160 150 137 137 138 139 143 147 157 168 174 176 177 176 174 173 169 167 164 160 157 
130 177 185 188 191 192 190 188 186 186 185 184 184 185 185 178 173 170 158 167 177 176 177 177 179 178 180 186 188 183 179 180 178 180 181 181 182 181 179 176 174 174 164 149 143 143 143 142 145 146 151 160 171 177 178 180 181 181 179 177 173 168 164 160 
58 99 143 163 155 142 140 155 181 187 187 187 186 188 188 180 171 168 174 182 181 180 184 180 178 180 183 189 194 188 184 180 177 175 165 148 155 163 175 176 177 173 155 143 144 148 148 148 150 151 155 162 172 177 180 183 185 185 181 179 176 173 168 161 
39 38 48 74 97 95 101 153 178 182 184 188 191 189 182 168 168 181 187 182 180 184 183 170 174 182 185 191 197 192 187 186 180 174 173 155 149 164 170 156 150 151 144 143 146 153 152 153 154 155 159 162 168 177 180 184 184 185 185 183 181 176 169 164 
34 33 38 45 53 72 134 174 181 185 183 181 177 168 168 177 190 193 180 175 180 175 140 155 181 182 185 190 197 194 187 186 182 176 171 170 170 165 155 143 140 143 144 142 148 153 155 154 157 158 162 161 165 172 176 181 182 182 182 182 179 172 169 167 
41 46 49 45 45 53 138 177 179 170 163 169 177 186 191 191 192 161 146 168 155 147 162 177 187 184 188 191 196 201 195 188 183 178 174 167 162 157 153 146 145 140 135 144 149 149 153 155 159 160 165 160 165 176 168 171 177 180 179 178 176 172 169 165 
56 58 54 44 40 41 107 165 178 185 193 198 195 199 198 192 187 173 170 175 175 177 174 161 174 188 190 193 196 200 201 193 185 179 176 167 158 155 150 146 150 128 131 149 147 133 136 158 160 161 162 148 159 172 174 162 166 172 173 173 171 168 166 161 
60 54 49 48 46 39 65 87 103 154 197 200 202 201 196 190 182 177 175 174 175 172 151 149 177 194 195 193 194 196 198 194 185 178 172 165 155 152 148 149 155 153 148 153 141 132 149 161 159 159 155 131 160 172 172 156 138 143 150 153 146 122 122 120 
54 43 33 42 54 56 61 60 57 97 176 196 200 200 192 181 176 173 168 162 167 175 170 166 182 192 195 194 192 196 196 193 184 175 168 163 158 156 155 159 156 147 154 159 158 161 163 163 159 139 142 140 163 171 167 147 85 63 76 75 55 31 26 22 
64 62 75 71 65 67 50 43 46 55 103 175 191 192 187 174 165 162 162 162 158 141 138 130 153 183 190 193 192 194 195 191 183 176 172 166 163 163 165 162 148 152 162 168 172 174 170 165 159 155 154 144 162 164 161 125 39 30 36 27 23 26 26 23 
128 117 107 97 93 77 57 44 43 60 72 136 167 170 172 167 168 168 168 156 103 49 47 46 67 143 177 181 185 188 191 191 184 180 179 173 170 173 161 143 148 159 155 169 176 174 171 166 162 160 163 163 163 162 158 125 41 44 52 36 19 18 23 24 
135 108 118 132 121 103 71 53 55 63 58 81 121 143 166 171 170 168 143 79 38 31 34 43 49 66 139 171 172 174 178 187 188 184 182 177 175 168 145 108 107 136 143 164 178 177 171 166 163 160 165 167 165 162 159 136 52 55 54 32 16 10 16 27 
110 125 141 137 143 147 99 58 49 49 61 87 95 101 90 94 84 80 50 35 37 37 36 52 65 58 95 145 161 162 166 172 182 183 178 175 172 157 93 36 28 46 60 129 169 174 174 174 167 161 166 167 165 162 158 123 40 25 23 25 21 16 21 29 
139 140 138 128 147 158 132 101 73 54 63 88 72 60 42 36 33 31 28 32 33 31 34 44 42 39 42 52 88 122 123 109 108 114 158 163 154 109 46 31 21 17 18 87 156 162 165 169 168 162 166 167 162 158 153 90 30 16 24 31 23 20 19 19 
140 138 129 138 152 152 139 111 84 59 43 58 56 51 46 39 36 30 29 30 32 31 31 37 44 38 37 34 37 40 37 39 37 42 90 103 84 41 25 34 33 23 26 60 135 153 157 159 161 158 162 165 163 152 122 53 31 22 27 29 23 21 20 19 
134 130 131 152 157 156 132 93 82 64 34 38 53 53 45 40 38 33 33 37 39 38 36 38 43 43 35 32 32 27 27 36 34 32 34 36 36 32 32 42 45 41 39 40 68 116 144 150 150 147 155 155 150 121 48 28 33 30 34 34 30 23 18 16 
139 129 139 129 134 154 123 66 56 43 34 36 44 47 39 35 39 40 37 39 35 29 26 27 33 36 35 35 39 37 36 38 33 33 39 40 40 37 34 35 38 38 36 37 33 39 66 94 92 63 73 76 56 33 20 25 36 40 39 34 27 22 19 14 
95 106 91 53 52 87 97 56 44 45 44 42 40 43 37 30 34 39 33 30 27 27 28 29 32 30 33 39 48 46 37 35 27 33 44 48 44 41 38 39 38 30 29 34 34 31 31 31 27 23 19 22 20 21 22 24 31 42 40 29 25 26 19 11 
45 37 36 30 27 37 44 47 50 51 46 40 34 34 36 34 32 34 33 29 31 31 34 35 31 30 35 34 38 43 34 30 30 40 42 36 33 31 32 31 28 24 24 25 24 27 29 24 20 17 17 18 16 16 15 16 23 35 38 28 27 25 22 19 
36 26 29 32 30 35 45 49 51 50 47 40 37 37 36 37 37 36 37 38 37 35 32 32 29 25 30 36 44 42 36 35 46 52 45 28 29 30 27 24 21 18 21 21 18 20 20 20 16 16 18 20 19 16 20 22 23 26 28 28 28 25 26 29 
40 37 33 36 35 38 51 62 57 50 44 43 44 42 36 32 29 27 32 35 31 27 27 27 30 27 26 41 51 45 44 43 46 57 50 37 35 30 32 34 20 20 26 25 24 23 19 21 19 22 21 25 27 23 24 24 22 25 28 29 29 27 28 28 
53 48 39 37 41 46 71 94 85 77 59 43 40 37 35 33 33 36 38 42 42 36 34 35 36 35 34 36 38 37 43 47 41 45 46 39 37 34 40 47 26 23 23 22 25 28 24 21 18 23 25 26 32 29 25 21 25 44 44 35 34 31 34 28 
54 55 50 34 37 49 75 92 76 65 58 39 37 36 38 41 43 43 43 45 48 52 50 49 49 44 37 36 33 33 40 45 45 40 39 39 33 35 33 31 25 29 33 25 21 26 27 25 21 26 24 18 31 36 25 19 25 38 38 36 36 35 35 33 
50 46 44 37 40 50 54 56 47 46 50 47 45 43 44 50 55 44 36 35 38 37 31 29 29 42 39 31 27 31 42 43 39 38 39 35 27 30 27 20 17 25 25 21 19 22 23 28 32 34 24 12 21 38 32 21 20 25 30 36 40 38 33 31 


21 22 35 43 36 24 28 30 34 33 40 33 27 24 30 31 28 28 32 46 50 50 31 19 32 50 52 36 23 25 22 13 9 18 17 8 10 11 11 15 18 14 10 7 5 5 5 3 11 20 6 4 5 6 8 11 11 11 14 17 14 13 12 9 
37 44 31 20 23 25 35 39 33 34 38 29 24 27 36 35 33 32 44 62 65 56 43 28 29 59 50 29 22 23 21 10 5 17 22 10 11 14 16 16 14 10 8 7 5 3 4 4 3 3 3 3 4 6 8 8 9 10 11 10 10 9 11 12 
11 21 20 9 14 24 50 64 48 28 22 23 26 32 38 36 36 42 56 69 71 58 46 30 29 55 52 29 20 17 15 13 16 21 26 25 26 24 26 29 24 15 13 11 8 5 3 3 3 2 2 3 5 7 9 9 9 9 9 9 10 10 12 10 
6 6 7 7 12 24 50 65 64 37 26 34 31 29 34 32 32 45 59 71 76 65 39 22 30 45 50 35 28 18 13 13 19 27 33 37 35 32 30 25 18 11 10 10 9 7 5 3 2 2 3 4 5 7 7 8 10 11 11 12 13 13 13 12 
5 5 7 7 10 15 36 62 64 41 43 50 40 38 29 23 24 44 59 70 74 66 53 24 25 47 51 36 26 23 13 12 19 32 41 44 40 39 36 26 12 5 4 4 5 5 6 5 3 3 3 4 5 9 9 9 9 10 8 9 11 12 15 11 
28 13 10 9 11 14 16 25 42 43 37 40 40 37 31 30 28 44 56 68 69 57 57 35 22 44 52 38 22 22 15 13 22 35 43 44 41 39 39 38 24 5 3 3 3 3 7 7 4 5 4 5 8 14 14 16 17 18 17 12 10 13 16 15 
50 29 31 31 38 40 34 32 31 37 35 34 38 40 43 47 49 53 63 70 69 53 48 41 21 33 48 41 22 22 17 17 30 41 44 41 35 33 36 37 34 10 3 3 4 8 16 13 10 10 9 10 10 12 17 22 25 26 26 24 20 20 20 31 
54 47 30 31 39 48 49 46 46 46 41 40 42 40 41 45 43 34 56 64 54 41 34 36 19 22 36 36 26 25 16 20 32 41 46 47 46 43 41 36 34 27 19 15 12 16 20 15 12 15 12 16 14 13 16 22 25 28 30 26 23 21 20 23 
49 33 18 28 35 37 44 50 49 46 40 38 37 40 33 28 22 20 28 34 31 28 24 24 16 13 22 31 30 22 21 35 44 49 52 53 52 48 42 37 35 27 24 23 20 18 22 18 12 17 12 14 17 19 20 21 24 27 30 28 26 22 18 19 
30 25 22 30 43 41 41 47 45 38 33 30 29 31 24 21 20 22 18 18 18 18 16 17 14 12 13 22 31 31 40 46 48 52 53 54 54 52 48 40 36 29 25 19 12 11 18 19 12 17 13 11 15 19 22 24 26 25 24 25 27 26 21 18 
31 24 21 27 37 49 56 58 55 51 43 31 23 18 15 14 13 12 12 14 16 18 18 16 12 10 8 9 20 38 51 52 51 51 53 55 52 50 48 38 32 27 17 12 10 8 12 16 12 20 13 11 16 19 23 24 25 25 25 24 24 25 22 18 
25 22 14 17 22 35 48 58 59 57 52 44 36 29 24 22 17 14 12 12 11 11 10 8 9 9 6 6 9 17 34 49 53 51 49 51 51 48 42 36 30 23 18 10 7 7 12 14 16 23 13 10 17 20 23 25 25 25 26 23 22 21 21 21 
25 24 11 9 28 42 32 30 42 55 55 47 42 42 39 34 27 24 19 14 11 9 8 9 9 7 7 9 10 19 26 30 44 48 42 44 51 47 42 37 30 26 23 17 8 8 13 13 21 20 11 10 16 22 24 25 24 24 25 24 22 19 18 19 
25 24 18 17 34 55 47 25 12 28 48 46 45 48 48 34 25 35 25 11 9 9 10 10 7 6 8 8 11 23 27 28 39 44 34 34 49 52 49 40 34 28 22 17 12 12 14 13 23 15 10 12 27 28 24 22 21 22 24 24 21 20 18 17 
34 42 30 24 26 40 44 32 16 33 52 42 38 45 43 26 19 26 20 11 12 11 13 11 6 8 8 9 13 23 28 35 48 51 39 35 45 45 38 29 26 21 20 19 19 17 14 16 19 14 10 25 65 59 47 39 34 27 23 23 20 20 19 17 
32 40 24 18 18 22 32 36 35 47 50 51 44 47 45 27 20 18 12 14 16 17 16 8 8 10 11 11 16 26 41 45 44 42 37 37 41 41 37 29 23 20 18 18 22 22 15 18 19 17 14 38 55 59 53 55 65 62 49 37 32 33 34 39 
9 14 16 17 22 25 29 37 49 51 46 49 49 48 39 24 19 17 19 17 17 16 11 10 12 16 16 19 26 38 50 49 45 28 22 32 37 37 29 24 18 16 15 27 38 35 25 21 21 18 24 45 54 62 53 65 72 72 67 59 53 54 59 61 
5 5 13 21 23 28 31 28 55 56 46 46 49 43 39 22 16 16 15 13 12 17 21 13 20 24 33 36 40 45 45 50 50 41 14 16 22 22 16 13 13 13 16 29 29 26 27 28 32 30 42 44 52 83 67 66 69 69 65 63 51 38 45 43 
4 4 10 17 22 27 24 22 58 57 44 44 45 41 40 31 30 30 30 20 10 9 11 23 35 36 42 45 43 34 34 39 41 48 30 8 8 10 11 13 14 15 19 28 26 26 27 32 50 50 55 46 54 97 84 77 71 64 68 65 48 32 33 33 
4 4 6 12 26 35 40 48 61 53 38 42 43 47 50 55 48 25 21 13 13 11 10 26 37 38 41 41 40 34 36 36 37 45 46 25 8 9 13 15 15 16 18 26 28 27 32 41 53 45 47 39 51 102 89 77 56 43 56 53 43 35 29 28 
5 6 14 34 54 59 68 62 51 46 37 50 57 61 61 56 44 27 17 13 13 9 6 24 34 39 44 44 43 42 42 44 42 46 51 41 14 11 13 14 14 14 26 32 33 34 36 47 40 31 28 32 57 97 90 74 58 39 35 36 36 41 26 16 
9 27 54 64 68 66 69 64 40 39 50 66 70 60 57 50 39 28 15 12 12 12 4 16 30 35 39 42 45 43 42 44 43 49 52 43 16 11 12 12 12 18 30 38 43 37 40 50 33 21 17 34 63 95 89 64 49 34 23 30 32 37 22 11 
9 16 50 75 77 70 67 67 60 53 58 62 70 55 49 43 30 19 12 16 21 17 5 7 24 29 33 37 40 40 44 46 44 47 48 43 17 10 16 24 40 47 21 27 35 38 50 46 35 27 28 40 60 89 84 53 32 24 15 19 22 22 15 7 
18 10 41 81 84 78 71 66 59 56 54 57 60 47 39 32 23 15 14 16 21 18 5 4 14 26 30 32 36 40 43 41 41 42 44 40 17 20 32 50 64 57 29 24 32 37 48 38 33 31 42 55 61 78 80 57 45 25 17 18 23 40 44 18 
22 13 21 59 76 80 81 75 66 55 45 35 29 25 20 18 13 10 10 9 10 10 6 4 9 25 30 29 30 35 38 38 34 33 33 19 16 17 23 34 47 51 50 27 27 44 53 48 38 37 59 77 81 82 74 62 67 41 20 28 57 81 82 54 
10 8 12 22 30 43 62 75 72 60 48 34 25 18 13 11 10 9 10 8 9 9 5 3 5 19 27 26 25 26 23 20 18 21 26 17 17 15 19 36 47 48 27 12 11 17 33 45 39 37 50 75 74 67 57 62 65 53 28 42 72 84 81 73 
16 13 13 14 16 17 29 49 60 53 42 30 26 21 17 16 12 9 8 9 17 11 3 1 3 6 15 24 24 19 14 18 21 23 21 14 12 12 17 31 42 41 16 7 7 7 9 17 33 36 35 51 46 42 46 59 64 51 42 55 69 65 58 63 
53 49 35 24 32 29 47 58 54 44 40 38 33 28 24 21 18 16 14 17 27 18 3 3 5 8 11 21 22 20 20 19 21 25 17 12 14 18 33 44 49 43 30 9 7 8 7 8 18 29 27 37 36 34 40 46 44 34 27 42 63 67 74 80 
61 57 37 29 37 40 60 54 52 55 44 36 41 57 47 34 25 21 20 22 26 23 8 6 5 7 12 17 18 19 19 16 15 14 12 14 19 20 34 37 32 47 49 21 12 9 8 8 11 17 18 29 30 32 38 39 35 25 20 24 31 33 62 80 
67 66 52 42 42 53 58 57 60 49 44 43 51 71 83 75 60 44 31 22 20 12 6 5 5 5 8 15 17 16 13 11 9 8 9 12 15 32 52 45 20 21 19 16 16 11 9 9 12 19 29 37 32 33 36 30 18 17 11 10 18 27 50 61 
57 56 50 49 47 60 58 47 53 49 49 59 59 62 80 84 77 58 42 36 35 29 24 19 12 6 7 11 12 9 6 6 5 6 7 6 19 30 24 14 10 9 12 15 15 12 12 15 21 28 40 47 40 40 39 42 43 39 29 22 17 18 31 52 
26 26 38 47 49 57 56 49 42 40 52 66 67 60 69 82 81 67 47 34 34 38 35 31 23 14 6 6 5 4 4 4 4 5 11 8 7 5 5 7 11 11 12 14 16 16 15 19 24 27 24 29 28 27 35 53 74 95 82 72 35 17 30 55 
36 23 25 35 43 55 57 46 35 24 18 38 69 69 61 73 78 66 46 34 36 36 32 29 19 15 6 3 3 3 3 3 3 8 12 11 6 4 5 6 9 11 12 14 16 19 19 21 20 22 22 23 27 30 35 41 52 68 65 74 68 28 26 43 
46 36 29 26 32 46 56 54 43 32 20 11 26 61 66 57 64 64 48 39 33 34 34 31 23 19 14 7 4 4 3 4 5 11 11 12 7 5 5 5 6 8 10 14 14 14 14 17 20 23 26 30 36 38 40 42 42 22 12 16 22 21 19 25 
55 50 46 37 42 52 60 62 58 50 36 27 19 24 52 60 49 46 47 48 41 35 31 27 25 33 40 43 35 19 7 6 7 9 13 16 13 9 5 5 5 5 7 11 11 12 14 17 22 27 31 32 37 42 44 50 50 34 13 15 17 22 22 24 
62 52 44 43 46 55 63 60 58 53 37 28 32 28 33 55 50 31 23 21 24 25 28 23 24 30 40 50 61 64 40 11 7 9 10 13 14 12 9 5 4 4 6 8 9 13 15 20 25 27 28 31 41 45 46 51 54 47 24 16 18 20 21 22 
55 54 48 49 52 57 62 56 46 43 36 30 26 22 23 27 27 32 22 17 16 15 13 11 12 11 15 33 51 66 65 24 9 10 11 13 14 14 13 9 5 4 6 9 8 11 19 25 26 26 26 29 38 41 43 47 50 52 40 12 8 10 14 18 
50 68 71 68 68 73 64 53 43 37 29 27 21 16 17 18 17 16 15 16 14 11 8 8 11 12 10 18 37 55 64 41 32 28 17 14 15 16 17 15 11 6 7 6 4 13 28 34 37 37 36 35 34 33 42 48 50 53 52 27 8 6 7 19 
53 64 74 79 78 76 61 48 41 33 26 24 16 15 14 13 11 8 10 12 12 8 8 10 11 14 10 18 31 42 50 56 55 52 43 33 29 28 24 19 14 9 10 19 19 16 19 17 22 23 26 28 34 38 40 48 52 52 50 44 38 28 18 22 
58 63 70 78 81 72 61 44 36 29 23 20 15 16 13 12 14 12 14 12 10 10 11 13 16 18 11 22 33 43 50 53 53 55 54 52 47 40 31 23 21 21 25 29 23 9 8 9 12 11 10 15 25 32 42 49 52 49 48 47 48 46 42 34 
59 65 74 82 80 70 62 46 36 32 29 27 21 21 23 21 21 17 18 11 13 18 19 20 23 21 12 29 37 42 47 49 51 60 60 58 58 54 51 48 48 47 31 18 11 6 10 9 10 13 8 16 36 40 43 46 48 50 50 49 50 49 46 43 
74 71 72 76 79 77 71 61 53 49 43 41 42 44 42 31 23 18 15 16 24 18 25 32 38 22 20 37 47 47 42 43 41 47 51 51 58 59 57 56 54 54 37 13 9 9 12 10 9 17 11 18 43 51 47 44 46 50 51 52 52 50 47 43 
80 74 67 73 85 96 103 93 60 51 49 49 49 48 45 30 16 12 20 31 26 22 36 38 31 27 27 42 54 56 51 43 36 38 33 13 19 29 40 50 55 54 27 8 7 14 15 12 11 20 16 17 43 50 48 49 53 55 54 52 52 52 48 41 
57 59 67 101 137 140 125 70 48 47 47 53 54 50 39 18 17 33 38 30 21 33 46 31 21 32 31 48 58 58 54 53 41 33 37 19 10 19 24 19 25 23 10 7 9 19 16 12 14 19 24 21 39 51 49 52 55 61 60 56 56 51 41 39 
43 53 67 90 103 111 90 52 52 53 48 44 40 30 26 32 50 55 39 22 27 41 39 26 37 32 36 46 55 58 53 53 47 34 32 30 28 23 14 8 8 9 8 6 11 19 18 11 18 18 33 23 26 38 45 53 59 63 60 59 58 48 45 44 
63 81 85 83 88 84 63 54 64 52 33 39 45 50 51 49 60 51 26 23 39 39 34 34 50 36 49 53 62 72 67 56 47 33 31 20 12 8 9 8 8 10 8 7 16 18 15 13 21 23 36 29 31 45 35 43 57 60 59 59 58 54 49 47 
91 99 91 69 60 56 58 59 67 74 78 79 73 76 71 60 51 33 18 25 39 42 43 27 40 60 61 63 61 68 76 69 52 34 32 18 10 9 8 7 11 17 11 12 19 26 21 18 19 23 28 29 30 43 45 32 41 49 51 50 50 50 48 45 
96 96 76 66 66 52 53 58 65 73 83 87 91 88 75 61 42 27 22 27 31 41 47 35 67 83 77 67 61 63 68 67 53 36 25 15 10 10 9 9 13 16 12 17 19 31 27 22 18 24 29 38 35 44 48 37 25 32 37 40 40 41 43 40 
76 63 40 55 81 64 46 63 90 85 78 80 83 83 66 42 29 24 21 21 26 40 47 36 59 76 81 72 64 65 66 63 52 38 25 17 14 13 13 15 16 12 21 22 27 30 30 25 18 26 32 32 41 49 46 40 37 38 26 22 36 55 47 36 
62 43 30 36 50 50 45 52 60 74 77 65 67 68 54 26 17 20 22 21 25 46 49 45 58 66 76 73 71 67 64 60 50 41 35 30 23 18 20 20 13 17 27 42 49 50 40 31 22 29 39 40 44 46 45 46 60 49 32 21 36 64 67 55 
40 31 29 31 36 49 48 37 33 42 58 57 44 37 30 24 25 28 29 28 53 76 75 76 77 63 60 62 64 64 60 59 50 47 50 43 35 34 23 13 24 42 39 51 60 56 48 38 31 27 41 46 47 48 47 51 65 61 51 34 22 35 43 45 
41 35 30 33 40 31 46 54 45 43 64 60 35 29 30 33 33 35 37 49 61 70 73 79 83 71 55 52 50 47 48 56 57 55 57 53 44 53 29 29 40 45 41 53 67 63 56 49 36 28 47 54 56 55 53 55 68 68 68 50 24 12 22 43 
34 28 26 37 51 42 44 68 63 72 67 34 24 42 61 65 64 59 59 66 67 70 68 82 98 98 80 58 46 36 36 40 55 61 56 53 48 42 41 44 37 29 28 44 59 64 62 60 46 32 52 58 58 58 57 59 65 45 54 60 48 31 28 35 
27 24 29 36 34 41 38 78 98 87 61 40 62 81 85 84 81 74 70 72 67 69 71 73 74 80 83 75 64 47 39 35 35 40 46 47 35 35 58 62 44 22 19 31 49 54 54 57 50 35 51 57 54 53 54 67 66 38 40 44 42 40 36 31 
30 25 34 33 22 23 32 72 108 101 70 76 101 103 95 89 86 77 71 71 68 69 73 76 75 74 77 76 74 62 47 41 34 38 46 43 37 45 56 75 66 47 44 44 45 45 46 47 44 34 47 54 57 47 45 69 76 56 44 39 41 48 50 46 
26 35 37 33 32 31 47 96 120 107 76 82 103 105 96 90 86 81 78 78 79 74 70 73 72 67 64 63 59 52 46 44 37 50 68 72 75 73 75 87 90 85 75 65 52 39 38 37 33 37 47 50 53 45 31 53 79 75 75 76 71 57 49 39 
38 43 42 36 36 45 65 99 103 90 79 81 93 100 90 80 87 90 81 77 70 62 56 56 56 59 65 74 80 79 70 51 35 53 77 81 86 85 83 84 84 77 65 63 62 60 56 49 45 48 43 47 42 31 32 55 83 88 89 82 64 57 48 26 
41 48 64 47 31 45 70 89 89 94 96 92 88 91 81 66 81 90 78 66 59 57 54 55 55 55 71 86 98 96 74 44 29 49 85 95 92 85 82 81 72 61 63 76 79 79 80 72 57 40 31 38 34 33 40 48 72 85 84 73 68 69 48 25 
44 41 57 51 37 53 74 91 102 107 104 94 83 83 80 71 76 85 83 71 66 66 57 50 45 46 61 68 74 82 60 34 32 45 60 58 47 50 62 62 54 52 53 49 49 59 63 54 40 35 41 45 40 35 37 38 56 80 86 73 73 68 60 48 
40 37 38 53 62 75 81 89 102 106 102 92 89 91 89 87 84 83 87 86 76 61 47 45 43 39 51 76 80 59 44 42 52 56 48 36 41 56 60 52 44 40 45 41 37 40 35 41 38 43 50 53 50 43 47 48 46 54 70 75 75 70 70 70 
44 46 51 64 77 85 83 83 87 84 88 91 94 93 85 76 64 63 71 70 53 41 38 42 44 37 43 76 85 63 68 69 61 67 60 62 70 70 66 58 40 43 54 49 49 49 46 47 43 57 59 63 67 60 57 51 49 49 62 75 77 74 69 65 
75 60 50 63 79 79 55 36 41 39 59 73 70 69 69 65 62 65 62 59 55 53 49 49 48 43 40 44 47 58 83 84 63 64 72 77 79 77 75 66 43 47 45 37 52 62 58 49 45 66 66 65 80 76 63 50 51 57 68 81 82 74 60 51 
81 85 60 41 51 56 35 23 30 28 33 46 54 57 57 61 64 64 60 61 65 69 64 65 62 51 42 46 46 59 83 81 69 58 63 78 75 76 69 53 41 48 42 25 27 49 64 57 50 67 61 40 68 82 56 45 48 49 62 82 86 80 70 61 
62 74 59 37 42 50 46 45 46 49 52 56 64 61 63 65 69 71 62 64 74 74 65 61 53 51 45 45 44 56 80 71 55 54 58 66 56 66 62 41 33 36 28 19 19 31 47 54 54 61 49 20 42 79 71 45 34 31 44 73 77 73 73 64 


39 37 57 67 57 38 44 43 46 38 28 25 23 32 91 110 107 105 122 148 151 146 110 81 105 147 143 113 88 99 90 56 39 35 36 40 46 48 50 61 68 60 46 36 30 23 25 21 29 45 20 15 22 27 35 42 47 47 48 58 52 52 47 40 
51 54 47 42 43 39 49 48 45 43 41 38 31 65 117 117 116 117 143 167 168 153 131 99 99 152 138 97 81 91 88 57 32 34 41 49 55 58 65 67 62 47 39 33 23 18 17 19 12 12 13 13 19 26 33 38 41 44 45 40 40 42 46 48 
33 38 37 28 30 32 50 55 44 37 37 37 36 81 123 120 119 136 162 176 175 157 134 105 105 144 142 105 82 75 72 64 68 75 88 98 102 92 94 100 87 60 56 50 36 24 18 13 8 8 10 16 24 31 39 39 35 35 37 42 46 51 53 42 
24 25 28 26 30 31 49 55 48 34 33 36 32 51 104 111 113 145 167 178 181 166 123 87 107 134 141 118 104 80 63 61 71 97 113 121 117 109 104 84 63 47 43 42 37 31 23 10 6 7 12 18 24 30 33 32 33 32 39 48 52 49 48 50 
27 26 29 31 31 30 39 53 50 38 46 50 42 46 70 90 94 142 167 179 180 167 148 92 96 138 144 117 96 94 65 59 77 108 124 130 124 121 117 93 49 26 23 21 22 23 25 19 9 9 13 18 24 32 38 39 35 30 27 29 36 43 50 42 
88 54 45 42 53 59 49 40 39 37 41 58 84 95 105 114 110 143 165 180 176 158 156 118 88 130 143 123 89 89 69 60 86 115 127 128 124 121 122 123 89 28 21 21 20 21 28 32 21 18 17 23 30 44 53 57 59 60 62 47 40 40 36 24 
132 96 103 106 127 124 112 102 79 65 88 111 125 129 136 142 148 155 173 182 175 152 145 131 88 108 139 129 92 92 76 71 102 122 130 126 118 111 117 120 113 52 25 24 27 37 60 55 43 40 39 38 36 48 63 74 82 87 88 79 73 67 61 47 
141 127 94 108 123 139 141 138 135 133 128 126 132 130 131 136 130 113 154 167 152 135 125 124 84 87 121 122 106 102 74 82 109 129 136 140 139 133 128 122 116 100 79 65 55 63 73 63 51 57 48 55 57 55 61 71 82 92 95 88 74 67 66 70 
116 74 64 105 116 116 128 139 139 136 129 126 127 131 118 106 90 85 96 101 104 106 99 101 78 66 90 112 117 98 90 118 135 143 145 145 143 136 128 120 115 98 93 87 75 68 79 68 49 61 49 50 62 70 73 72 78 85 91 89 82 72 61 60 
45 33 48 105 131 127 130 138 136 124 118 108 109 110 98 93 87 89 76 73 73 75 73 75 63 52 47 77 113 114 131 141 141 148 149 148 146 140 134 122 113 98 89 70 51 45 65 73 49 62 53 42 54 67 79 81 83 79 78 79 82 82 69 57 
36 31 44 78 120 145 154 154 151 147 138 114 98 81 68 69 64 58 56 59 62 67 64 57 46 35 26 31 66 113 145 150 143 141 148 151 145 139 133 117 105 89 65 49 39 34 48 59 44 69 53 44 55 69 80 81 82 81 79 72 72 76 70 59 
26 27 28 35 62 97 126 149 156 154 149 136 126 112 101 96 76 65 59 54 49 48 44 39 38 29 23 23 32 62 110 139 144 138 135 142 144 137 126 113 99 79 64 42 30 27 45 50 54 73 49 40 59 73 85 86 85 81 79 71 66 66 66 67 
29 34 29 30 43 51 48 61 109 150 153 144 139 138 134 122 95 80 70 60 55 48 45 42 36 29 28 32 42 75 98 105 128 133 121 125 140 133 123 113 96 82 76 60 31 29 45 47 67 67 41 40 58 73 83 82 80 79 80 74 67 63 58 59 
32 34 33 31 40 46 39 27 27 72 135 139 141 147 142 113 84 87 63 49 52 50 48 42 34 31 38 40 51 87 102 111 127 129 112 111 141 142 133 114 103 90 75 62 45 43 47 44 70 52 34 37 64 59 61 69 74 74 76 77 70 66 59 57 
39 42 41 34 28 33 32 28 31 102 148 130 125 139 135 95 83 86 64 55 57 57 59 51 35 39 39 45 61 91 107 125 141 144 123 115 135 133 119 97 89 76 74 69 67 63 51 54 63 49 34 35 84 69 35 40 61 75 79 78 68 70 66 57 
37 40 33 24 19 21 28 33 74 137 146 145 136 140 132 99 88 76 62 69 72 76 69 45 41 52 54 58 76 106 134 141 138 129 120 118 129 127 117 100 81 71 68 65 63 56 48 61 64 59 34 35 63 72 53 48 60 69 69 65 61 64 61 51 
24 22 25 18 18 20 27 41 114 144 138 141 142 139 121 92 81 77 80 74 70 63 55 53 61 72 74 84 104 128 143 145 142 105 87 108 121 120 100 86 68 62 53 46 46 39 43 62 70 61 43 49 67 80 54 60 68 69 61 45 37 39 40 39 
21 15 16 18 20 28 33 47 145 150 136 135 137 125 113 80 63 67 65 58 53 61 60 56 84 93 114 122 129 136 134 145 148 129 66 66 82 82 65 54 52 54 43 33 30 28 30 43 68 62 51 49 64 109 74 67 71 72 56 42 41 41 45 37 
16 14 14 16 24 31 29 64 158 149 128 126 128 120 115 101 96 100 104 81 53 51 60 94 119 119 126 133 130 114 114 126 131 141 103 40 33 39 44 49 52 53 52 35 29 31 31 38 66 64 56 48 62 118 86 69 70 65 66 54 48 43 48 50 
12 12 10 17 46 73 98 134 158 141 116 124 126 134 140 143 115 83 80 63 64 61 58 100 122 125 130 128 124 115 120 123 125 137 138 89 36 38 47 53 54 55 53 36 34 35 39 50 68 56 47 37 55 121 92 69 56 39 49 58 53 47 38 40 
13 19 45 98 139 151 166 155 142 132 120 141 151 157 154 143 116 93 78 68 69 52 31 90 118 125 134 134 128 126 129 135 131 136 144 127 53 42 47 49 47 47 49 45 44 45 45 57 50 38 31 34 55 111 92 65 66 50 38 46 45 57 36 21 
26 80 144 160 165 161 168 156 125 124 142 162 165 153 150 139 122 99 71 66 69 59 30 64 109 119 126 129 132 123 124 134 131 138 144 131 58 41 44 42 37 34 44 52 58 50 47 62 41 25 19 36 55 102 91 51 56 45 28 40 40 49 31 13 
22 46 136 174 173 163 162 160 152 146 154 158 166 147 142 127 109 82 68 80 98 78 33 37 92 107 112 118 123 118 127 134 131 136 138 130 59 31 36 38 32 27 23 35 45 48 62 58 45 34 32 36 45 94 90 48 37 28 16 23 28 26 19 10 
57 31 112 181 183 175 171 163 155 151 150 152 155 135 124 111 91 69 63 67 84 76 26 22 56 102 105 108 114 118 121 122 125 128 132 116 41 24 31 29 23 25 23 29 41 46 59 47 43 36 42 43 45 81 81 37 24 22 18 18 26 49 57 25 
70 42 55 141 169 177 179 173 164 150 139 117 103 96 83 76 60 47 41 35 46 57 39 26 43 98 105 100 100 109 113 114 106 107 108 58 35 26 23 28 27 24 22 22 31 53 62 55 52 46 48 49 52 58 42 19 21 19 19 28 65 99 106 75 
43 35 27 45 74 107 141 171 171 156 142 114 95 76 64 60 54 47 43 36 45 51 34 15 20 69 97 94 87 91 75 71 70 79 91 55 45 29 22 31 31 25 15 12 13 19 35 67 90 86 67 51 38 30 16 16 19 22 30 48 87 103 103 97 
58 49 38 37 39 31 47 93 134 138 131 104 96 85 76 73 59 46 43 45 70 51 18 12 13 18 53 85 83 71 56 67 77 86 77 51 30 19 20 26 34 36 16 9 9 9 10 30 87 102 83 48 12 10 10 15 19 26 48 65 85 83 74 80 
140 124 98 81 92 51 49 67 83 109 125 118 112 101 91 85 74 71 64 71 103 69 22 18 12 12 35 73 76 74 74 73 81 89 55 24 19 23 36 41 41 36 29 12 9 10 10 11 35 78 68 32 6 7 11 10 11 20 28 48 79 85 93 102 
147 137 100 90 103 74 89 109 131 150 131 118 132 150 127 107 91 88 84 91 99 83 42 37 27 30 51 68 71 71 73 69 68 60 31 21 27 38 69 68 43 66 80 42 19 11 10 10 12 45 55 33 6 8 10 9 18 23 20 26 35 37 74 101 
155 147 126 113 103 113 147 153 159 141 135 129 144 171 178 166 148 128 104 88 80 61 43 38 35 35 46 67 72 68 57 52 50 48 36 19 30 85 128 113 58 60 59 52 46 25 12 9 11 38 53 39 10 9 11 14 14 15 10 8 17 29 56 63 
141 136 128 127 124 148 146 134 148 139 140 151 152 157 176 177 167 147 124 116 117 104 91 79 58 39 41 56 60 52 41 37 34 36 30 13 51 84 67 46 37 36 42 52 52 47 32 17 13 20 27 13 17 31 34 29 22 23 19 16 15 18 29 41 
87 89 111 124 135 153 148 135 125 121 138 159 161 151 163 173 171 157 128 108 112 119 113 107 89 66 40 43 36 31 28 27 24 25 15 9 20 18 18 27 38 39 44 48 51 57 56 56 32 28 38 41 51 70 85 80 46 66 41 39 24 17 27 46 
108 81 82 97 120 153 153 137 115 89 74 110 161 161 150 161 166 152 123 106 111 112 106 100 80 71 39 26 25 25 24 22 19 15 8 8 12 17 21 25 31 40 45 51 55 62 61 67 62 59 65 68 79 92 103 115 101 69 36 33 43 29 27 38 
125 108 92 76 90 129 154 149 133 111 81 58 94 150 155 143 150 148 127 115 106 110 109 104 90 86 60 30 20 24 25 24 21 14 11 12 20 22 21 25 28 31 40 51 50 51 53 59 65 70 75 85 97 106 112 118 122 75 34 39 47 46 31 24 
139 128 122 110 124 145 160 160 154 144 121 100 81 91 137 146 132 125 126 128 120 115 105 99 97 116 125 120 95 55 33 33 37 42 42 34 31 33 25 24 26 27 33 42 45 49 53 59 67 78 86 89 94 110 117 127 133 113 53 47 56 65 65 48 
148 133 128 133 137 152 161 154 154 147 124 110 114 104 113 144 133 108 90 84 88 94 98 89 89 98 123 144 155 156 110 46 40 48 55 60 59 55 42 28 23 23 28 36 42 47 54 65 76 83 83 91 108 121 123 132 136 133 85 53 56 62 66 68 
147 144 137 140 144 152 160 149 136 131 121 109 101 91 93 95 85 101 84 75 70 61 52 42 43 45 56 110 148 163 157 80 44 52 57 61 64 63 59 46 31 22 28 39 38 40 63 78 85 84 82 91 109 117 120 128 131 136 118 51 30 36 46 58 
145 161 163 162 166 174 162 146 133 123 105 103 86 68 71 72 68 66 62 63 55 49 39 34 44 48 47 77 123 150 158 112 91 86 66 62 63 63 66 64 51 33 32 30 27 47 87 96 105 109 106 102 103 105 120 133 136 142 141 97 35 25 29 42 
128 159 172 179 181 177 157 141 130 115 100 95 73 66 62 63 57 46 48 51 51 44 44 45 49 56 50 78 112 130 142 143 135 128 115 100 95 91 84 73 61 45 48 65 69 63 65 52 57 69 80 92 110 120 124 135 143 143 140 127 111 84 45 31 
126 159 170 179 177 167 152 132 121 106 94 83 75 74 64 59 61 54 59 53 53 53 47 57 62 70 56 89 116 133 142 143 136 131 128 125 121 112 96 79 70 71 90 105 90 42 27 30 38 37 40 63 94 112 130 137 141 136 133 131 133 131 119 96 
148 163 175 182 177 165 155 132 121 116 109 99 86 85 88 81 74 63 63 47 62 72 72 71 82 79 63 106 123 127 134 138 137 142 139 134 133 128 123 121 122 123 102 72 46 24 33 33 38 48 36 60 108 121 125 127 131 136 137 134 135 135 130 126 
136 163 166 169 170 168 161 149 141 136 127 124 125 127 126 104 89 71 57 61 86 73 87 98 113 85 85 123 138 133 126 128 122 131 129 124 135 140 138 135 136 140 110 50 35 33 45 39 40 58 47 65 122 138 132 128 132 140 141 140 136 132 128 122 
85 109 135 144 133 129 135 138 142 144 141 141 138 139 133 101 68 55 76 106 93 82 108 115 104 98 101 132 149 146 137 127 116 118 104 51 64 85 110 125 137 139 88 37 32 48 56 51 44 68 63 66 120 133 135 138 144 146 141 136 133 133 127 113 
55 56 69 99 124 114 113 126 136 138 137 146 146 137 114 70 67 101 115 100 84 105 128 101 85 109 110 142 157 152 143 140 118 108 119 74 46 75 89 71 76 76 44 33 35 64 62 54 56 70 84 78 109 138 139 141 144 151 149 144 141 134 112 105 
47 54 59 75 89 102 126 136 141 143 134 127 114 91 82 99 132 140 110 84 94 116 97 85 116 111 119 138 154 152 142 142 131 113 107 100 97 87 60 39 36 37 38 31 43 66 68 53 70 73 102 85 86 118 129 139 145 151 149 146 143 124 116 117 
61 75 74 68 72 74 118 141 146 119 93 101 113 127 134 135 147 115 70 80 96 93 94 107 140 119 141 144 157 168 158 142 129 111 107 79 56 48 44 37 35 39 36 35 56 59 64 58 81 83 105 99 97 131 111 119 140 147 145 143 142 135 130 127 
75 78 72 59 55 54 100 135 144 148 160 165 155 164 158 144 133 95 67 89 116 122 119 85 113 148 152 155 156 163 170 158 134 108 109 74 52 48 42 35 45 51 38 47 58 65 67 69 76 83 92 90 93 126 134 104 114 133 140 138 137 137 133 128 
79 77 65 62 62 50 60 71 92 141 172 173 177 177 163 145 121 93 83 99 110 120 111 89 144 176 168 160 154 155 162 158 138 110 93 68 50 44 38 40 56 64 46 61 57 80 86 80 71 83 87 90 101 123 135 117 79 94 112 119 117 104 107 107 
76 60 39 54 78 62 43 53 78 114 165 172 177 175 154 118 101 92 83 80 98 125 129 106 149 171 175 166 155 157 158 153 134 109 83 68 55 51 49 62 64 50 67 77 87 98 100 88 71 74 84 87 112 133 133 116 59 50 48 47 54 57 52 42 
76 55 49 49 51 47 32 37 52 68 108 151 163 162 140 87 75 78 82 81 84 109 113 90 128 159 168 166 160 157 154 148 131 112 100 88 78 68 72 75 54 61 89 119 133 132 118 99 76 85 103 98 119 128 128 103 53 45 31 21 36 62 62 49 
87 66 56 51 50 52 40 27 31 39 51 105 124 114 102 84 91 99 99 88 81 70 66 62 79 128 149 150 154 154 147 145 130 123 130 119 108 105 84 54 70 109 109 135 151 146 133 111 95 83 111 121 123 128 129 106 59 62 62 39 22 34 41 41 
86 59 59 78 74 49 40 36 36 33 44 61 77 82 98 110 109 111 94 70 60 57 65 80 85 92 122 136 132 127 126 140 141 139 142 139 121 124 78 54 85 118 116 136 161 159 143 128 108 85 119 134 136 136 137 126 73 73 77 53 23 12 19 40 
59 61 68 79 105 97 53 47 29 30 45 43 44 62 79 87 78 71 55 56 59 62 66 94 114 111 119 130 122 105 105 113 139 150 145 138 127 108 61 36 33 42 53 110 154 160 155 148 123 92 127 138 140 142 143 121 67 44 52 55 45 29 26 36 
76 74 70 65 86 108 79 88 76 41 41 45 56 59 47 45 47 42 40 47 43 36 41 59 62 68 80 80 83 81 80 72 78 91 125 128 102 58 36 38 30 19 19 71 134 141 142 145 134 100 127 140 136 135 137 105 62 32 39 46 40 36 33 26 
87 70 67 71 73 79 80 87 97 79 55 61 80 75 59 53 50 39 36 39 35 29 23 37 50 45 49 46 44 44 42 44 37 45 83 83 56 29 28 56 55 42 44 65 114 126 127 126 121 99 123 139 144 128 110 82 71 47 39 31 24 25 28 24 
76 77 78 90 96 91 84 96 108 94 57 65 92 91 67 53 50 46 49 53 46 47 43 49 57 54 42 42 47 44 43 47 36 31 37 39 38 32 44 77 86 80 68 55 64 92 110 108 96 97 124 133 136 117 53 51 72 55 39 29 28 26 23 22 
93 88 96 88 94 111 90 78 77 60 45 47 63 68 53 51 63 62 58 65 50 39 40 48 53 56 55 61 69 65 59 54 36 36 47 51 52 48 48 55 52 46 42 37 27 30 52 67 64 57 74 80 64 43 25 35 53 52 51 48 49 38 24 19 
70 78 76 48 40 72 87 74 68 66 67 65 62 71 63 51 65 70 57 52 47 44 48 49 48 49 65 80 87 87 69 48 31 47 77 84 77 68 55 43 40 36 27 24 21 20 18 23 35 33 26 30 30 33 30 31 61 104 97 53 35 34 25 19 
41 37 48 43 34 50 64 71 81 83 78 63 48 49 56 53 59 61 51 44 42 45 49 48 42 45 63 67 65 73 58 39 35 52 62 55 47 42 40 35 30 30 29 28 22 25 24 21 23 26 28 29 32 31 30 30 51 86 86 47 34 33 37 42 
36 29 36 53 53 61 67 71 70 70 65 48 42 44 53 60 64 53 42 38 39 45 43 47 42 37 50 64 58 49 49 46 54 59 47 32 33 43 44 33 33 33 40 37 30 35 30 26 24 28 33 37 38 36 41 41 40 48 57 40 34 34 46 63 
53 43 43 56 57 59 64 81 75 68 59 46 51 58 57 51 48 40 33 37 38 37 37 42 46 37 37 66 72 55 63 69 63 64 52 45 50 55 56 53 39 43 54 48 48 49 40 33 31 39 43 50 57 51 52 43 41 43 45 39 36 38 55 64 
80 64 50 57 63 61 58 61 57 51 57 51 46 52 52 48 51 56 52 51 51 45 45 49 54 51 47 52 50 53 64 72 62 59 61 66 73 68 67 73 46 49 49 38 54 63 54 39 31 48 53 57 71 69 58 38 42 62 61 48 45 46 58 54 
66 68 58 49 49 53 51 50 46 35 43 48 51 53 52 55 58 59 56 58 64 68 69 72 75 66 53 55 50 50 66 68 68 58 60 76 72 65 60 57 44 55 50 29 30 50 60 47 36 52 53 38 65 79 53 37 40 52 61 57 53 62 68 75 
50 49 47 46 54 66 61 58 51 49 57 60 63 60 63 67 65 48 44 52 57 55 57 57 53 63 56 52 43 50 71 64 53 55 62 66 52 54 52 43 34 42 34 22 22 33 46 52 55 58 46 20 42 78 69 41 31 33 46 54 61 73 68 63 