


23 18 17 19 24 29 42 62 61 77 66 81 77 75 82 92 91 79 64 37 30 28 33 40 33 37 44 47 57 60 84 104 99 95 78 60 92 64 68 55 64 64 50 47 42 44 40 42 51 55 54 61 87 105 95 92 92 81 84 93 105 132 129 85 
30 29 30 37 33 43 67 68 65 65 55 68 81 80 85 85 70 50 35 26 28 35 50 68 75 70 66 70 73 77 94 105 117 119 101 91 95 83 72 59 62 54 51 52 50 40 43 41 35 36 40 57 84 87 90 105 102 80 89 84 113 146 115 99 
45 59 73 86 67 64 63 57 58 62 57 54 59 64 70 63 46 27 17 18 28 55 86 104 108 108 108 100 100 99 95 93 105 101 118 133 117 96 80 82 59 58 59 52 47 44 53 46 39 33 51 62 56 63 75 79 75 87 94 112 137 101 103 110 
79 85 89 84 58 55 51 40 44 50 53 56 54 58 51 46 28 16 14 24 47 87 101 98 103 106 107 95 122 123 112 103 107 103 114 143 141 105 81 73 70 76 78 71 56 70 52 45 53 60 56 42 48 48 50 55 72 85 110 144 101 94 107 107 
95 90 82 71 47 39 55 52 46 45 49 50 61 54 51 50 32 14 14 40 67 79 93 85 100 91 106 95 104 118 133 138 123 132 123 143 140 122 102 70 86 92 95 88 88 90 67 71 85 66 52 45 44 42 44 50 62 88 135 93 84 99 114 115 
73 56 61 54 42 46 53 57 53 58 56 52 57 58 61 59 27 15 19 65 91 74 87 84 93 77 86 89 92 110 103 120 134 147 141 134 132 117 102 91 109 100 106 103 110 99 92 103 87 70 64 57 66 59 55 58 76 129 86 77 88 96 107 111 
56 46 52 67 60 71 77 61 51 58 61 59 67 60 55 49 30 20 37 96 108 101 101 88 88 81 75 75 64 87 94 82 98 145 134 119 106 89 94 113 128 115 118 116 120 122 135 111 80 77 65 84 81 79 75 77 126 69 58 68 79 85 95 98 
47 43 54 67 74 68 72 67 64 69 79 94 101 88 73 64 46 48 74 113 132 134 127 107 87 78 62 62 61 69 97 81 76 120 141 121 91 69 78 117 140 147 136 124 131 139 144 115 105 79 92 100 101 90 103 142 94 49 48 57 75 87 100 108 
60 71 73 72 69 66 67 67 80 96 104 127 121 99 84 72 64 86 106 117 136 145 151 138 111 90 58 51 57 60 82 97 90 90 143 134 95 69 71 118 150 165 149 137 142 131 139 142 144 128 104 120 104 106 150 120 75 63 54 52 56 70 86 94 
64 78 78 63 56 56 71 83 100 109 108 142 136 95 64 51 52 52 52 49 67 103 140 144 139 125 74 42 45 42 52 74 101 80 116 146 100 71 98 139 160 167 159 154 146 131 142 148 154 148 145 116 99 138 132 98 97 96 82 57 47 52 85 125 
72 76 74 62 52 49 58 69 96 111 113 126 125 61 28 33 43 47 36 23 20 26 46 90 134 149 109 59 43 39 46 57 78 64 77 128 107 72 128 155 162 169 172 166 134 145 149 143 152 166 162 136 150 137 89 98 105 108 93 72 54 81 98 81 
63 50 50 49 45 44 52 62 80 91 105 111 87 31 27 59 99 108 94 68 51 31 16 22 67 131 141 91 43 33 34 39 54 54 63 82 98 85 145 165 164 164 181 165 153 159 151 143 160 170 155 173 180 129 103 94 86 93 88 95 112 78 44 50 
63 38 42 50 31 41 53 67 69 81 93 89 48 27 72 106 112 114 120 109 88 67 33 18 18 60 132 119 61 36 35 37 47 51 57 62 102 83 133 171 166 165 179 165 168 173 155 152 158 163 160 187 167 131 95 71 75 94 120 125 92 62 55 80 
48 49 61 40 23 29 38 40 57 86 101 74 30 33 59 53 48 87 47 55 90 96 60 28 17 26 99 119 83 51 34 39 47 48 41 53 81 57 102 158 162 169 175 163 179 186 164 159 164 150 171 174 163 148 120 90 101 131 108 87 100 112 131 128 
44 43 72 52 35 35 33 35 49 76 100 67 23 18 32 48 58 136 45 17 24 62 81 50 22 16 70 115 90 54 33 29 37 37 31 44 53 58 101 137 144 160 167 154 189 193 180 179 168 149 175 164 168 164 146 143 135 96 91 115 150 158 130 92 
56 73 59 66 64 72 46 40 46 66 74 50 19 16 30 48 46 62 28 18 17 24 69 62 29 16 46 107 107 57 41 37 31 33 40 53 67 98 108 128 142 145 168 149 187 199 199 195 154 167 163 155 164 172 177 139 104 114 139 151 138 114 105 89 
48 47 53 73 90 90 79 64 63 80 73 39 17 17 27 32 30 29 23 19 18 27 72 69 37 19 28 90 119 75 40 34 33 43 60 73 79 97 110 131 150 144 146 132 183 201 209 181 152 181 166 163 182 193 171 153 157 160 146 126 114 124 129 110 
40 37 35 44 65 91 101 98 91 102 97 50 25 36 35 28 35 42 27 32 45 78 89 91 59 20 28 98 121 77 43 34 45 63 71 74 95 96 115 128 126 121 131 156 198 214 190 150 179 206 195 191 192 183 187 188 174 159 141 133 128 113 98 81 
21 25 24 21 24 40 50 84 111 123 118 83 40 39 72 78 84 91 89 94 98 102 112 110 64 22 46 120 130 74 39 41 63 72 68 83 90 92 102 121 111 77 91 160 199 197 156 141 207 226 209 196 192 201 198 192 184 161 123 105 110 114 111 101 
13 14 14 13 12 13 16 25 58 93 111 94 61 30 70 101 114 117 117 117 121 123 109 75 30 27 83 153 146 89 47 56 60 67 62 76 94 90 109 126 119 65 84 152 187 182 119 153 216 225 199 199 209 203 198 197 163 123 109 121 131 138 143 136 
13 10 10 10 10 11 12 14 15 28 68 111 95 49 47 102 125 134 137 135 119 92 54 24 21 43 123 160 136 98 66 70 66 69 63 69 90 102 131 145 134 71 53 114 172 177 138 184 227 228 195 200 215 210 195 181 163 137 136 146 152 151 145 128 
27 16 12 14 17 18 19 26 30 22 31 87 120 99 58 46 69 79 80 66 44 31 23 21 28 55 103 98 80 63 54 51 55 54 70 83 100 111 144 133 126 108 83 112 156 159 130 182 232 229 207 215 221 210 193 188 180 167 157 156 142 130 123 112 
82 69 56 59 71 76 63 72 81 64 54 103 134 136 134 100 62 36 25 20 21 25 23 22 26 33 37 42 36 30 31 29 35 41 58 90 119 133 137 122 121 106 71 80 156 181 168 203 241 228 220 228 231 217 200 194 185 167 146 135 127 116 114 109 
127 131 128 127 132 140 130 129 127 106 106 132 138 153 172 179 169 130 97 79 65 49 44 35 33 32 23 18 15 18 22 24 41 58 79 106 118 119 124 109 115 104 80 109 177 199 193 219 246 236 229 235 224 209 201 184 160 139 130 127 115 107 90 67 
110 125 132 135 139 142 146 134 129 125 120 126 123 132 149 172 190 195 195 190 177 149 139 88 57 40 25 17 20 28 36 46 49 54 71 84 83 101 112 111 128 142 149 173 214 236 217 235 248 236 231 235 217 203 184 161 148 140 128 117 110 111 110 93 
39 73 109 118 117 113 136 126 114 100 117 120 113 111 115 141 158 171 185 189 173 177 169 144 118 95 75 54 57 60 53 47 32 35 47 56 58 73 89 117 139 189 204 214 243 248 239 246 246 237 231 232 220 203 181 166 152 143 138 127 118 112 113 107 
38 44 63 79 99 106 107 100 95 100 118 105 108 102 92 113 123 133 139 137 136 152 144 140 126 126 131 106 107 91 69 37 30 26 24 31 39 51 69 85 124 203 233 246 253 251 250 248 246 222 222 223 209 197 188 173 158 151 131 114 110 104 99 97 
56 45 40 43 38 45 70 79 71 80 88 87 97 110 103 107 92 111 111 114 125 127 126 136 123 123 119 115 106 102 91 73 57 45 31 23 29 34 40 41 53 129 199 239 250 253 251 246 243 212 209 211 197 195 186 180 168 144 125 113 107 107 106 98 
69 65 60 45 26 23 41 56 57 59 70 69 82 87 78 91 81 87 89 116 117 124 113 111 114 101 100 108 107 110 103 97 86 69 53 39 34 30 29 25 26 51 114 192 237 248 250 244 226 192 188 182 176 177 175 181 174 151 119 99 98 99 100 94 
42 34 32 33 35 35 39 53 67 54 47 52 57 69 66 64 69 79 69 74 76 95 87 89 86 89 93 103 102 110 101 96 90 82 71 70 64 51 39 34 34 54 61 106 181 221 235 234 197 167 162 157 161 160 162 175 188 173 135 103 89 91 99 97 
23 24 21 22 20 21 21 24 28 34 30 40 47 53 55 56 63 68 72 75 64 72 77 91 90 86 94 99 103 105 98 98 94 97 87 83 80 71 57 51 58 77 49 40 82 139 185 205 175 153 144 134 144 139 142 168 192 195 159 105 82 86 91 86 
38 29 21 22 21 25 25 29 27 29 32 43 62 63 60 65 77 68 66 67 54 52 56 76 77 66 85 95 90 88 87 87 81 94 95 91 93 95 82 62 60 82 72 50 45 50 94 152 158 159 126 118 119 91 119 165 187 187 151 99 83 81 87 95 
44 32 33 42 37 31 36 44 48 55 57 50 59 60 61 66 64 66 63 57 49 47 51 56 52 45 57 76 93 92 89 80 82 95 98 102 94 103 100 74 57 73 77 71 63 49 29 63 99 107 100 102 74 67 104 140 177 180 143 96 88 85 81 84 
37 27 30 25 31 37 45 54 63 64 65 68 61 71 72 72 59 60 57 59 54 50 62 55 56 51 66 80 90 85 76 79 89 99 105 101 92 94 86 62 53 71 76 63 46 38 21 25 55 71 90 82 39 53 97 142 170 173 137 94 90 96 98 96 
66 57 62 59 60 63 74 72 70 70 66 58 67 65 67 57 49 66 70 76 80 72 78 68 65 58 62 72 85 78 72 67 81 82 85 86 75 78 62 40 50 70 70 61 55 40 33 76 105 103 97 89 48 67 116 151 172 175 146 102 82 94 93 84 
103 110 95 76 80 78 69 69 67 60 59 51 58 62 64 59 54 57 57 62 76 73 79 73 67 52 57 53 64 67 59 46 56 55 66 64 58 48 36 30 46 55 38 27 40 72 120 168 173 145 129 120 75 87 119 155 169 170 138 96 79 81 80 63 
76 97 99 94 91 87 77 76 72 69 72 79 81 74 76 86 87 88 84 82 82 69 61 64 62 51 48 43 43 40 37 33 30 26 29 32 34 32 29 25 37 38 41 93 144 185 197 200 171 153 138 135 113 118 140 159 156 143 110 78 77 71 62 52 
29 44 46 45 45 55 57 51 68 90 91 88 89 82 76 70 64 68 70 75 65 61 48 40 30 31 37 36 32 24 19 18 16 15 15 16 20 22 24 23 32 59 128 187 209 209 208 197 171 163 141 145 144 136 152 151 133 98 77 57 63 67 63 52 
10 13 16 24 32 29 29 32 54 67 65 53 37 26 25 23 19 16 15 16 19 21 20 18 14 13 18 23 27 27 22 17 19 19 20 23 27 29 28 41 87 137 185 206 208 201 203 191 161 171 158 154 158 147 145 138 119 88 79 77 78 69 56 49 
11 11 11 13 18 15 15 32 49 42 25 15 19 28 35 38 38 33 20 11 11 15 17 20 21 14 13 15 18 29 43 36 36 36 41 40 44 52 55 85 127 168 182 194 193 195 205 182 165 165 157 146 159 153 133 117 108 97 79 79 70 47 38 45 
19 19 21 24 27 32 46 77 74 31 14 24 50 81 61 58 54 50 42 25 13 12 21 36 36 25 22 22 22 22 28 36 46 56 52 52 49 50 60 73 92 129 158 167 169 172 185 166 160 160 149 146 152 137 103 82 78 79 78 65 55 44 37 46 
50 69 84 69 67 80 86 85 38 13 24 47 77 137 50 54 62 57 53 49 27 13 23 76 91 64 36 31 36 33 35 31 39 52 63 62 55 51 56 56 45 86 126 134 143 158 171 161 173 167 145 148 138 112 86 77 74 64 56 50 48 49 48 56 
115 107 77 65 72 87 84 52 15 14 36 56 51 63 22 19 30 52 57 66 46 16 19 78 115 82 42 33 43 45 36 37 38 45 63 59 61 60 58 48 35 72 105 108 129 167 167 164 171 171 151 142 114 89 74 60 49 46 41 42 43 52 58 48 
63 49 46 43 61 93 60 24 11 17 33 38 28 22 19 18 18 25 56 72 63 21 26 90 121 66 30 25 36 48 44 42 44 39 44 54 58 58 48 40 56 87 93 95 121 172 170 164 167 175 156 132 95 68 59 49 37 34 38 41 52 57 56 40 
29 26 43 43 74 86 53 22 14 22 28 26 28 24 22 22 20 24 59 85 60 22 52 119 108 43 27 28 34 39 44 53 44 47 47 49 53 45 27 35 66 86 69 56 115 169 156 145 159 145 141 92 79 71 48 42 36 33 35 46 45 39 35 39 
55 52 63 63 102 78 42 22 34 33 27 26 30 28 24 20 25 52 77 94 44 25 92 139 91 38 30 21 33 50 51 59 51 57 52 54 57 40 30 63 94 96 71 61 109 154 131 128 155 111 89 99 77 66 61 46 32 31 32 36 33 26 27 36 
64 40 61 78 72 75 33 19 58 80 75 55 46 47 49 64 79 95 110 73 25 56 123 118 54 26 26 25 30 36 43 46 51 58 57 60 57 42 48 85 113 103 67 56 101 133 112 112 128 144 90 63 86 75 53 48 45 38 28 25 29 26 27 28 
42 45 68 70 61 66 40 17 58 106 106 106 97 93 94 109 112 114 76 29 42 112 113 78 38 25 24 25 26 31 34 35 49 65 64 72 67 51 75 90 113 104 75 53 94 126 99 100 96 116 121 90 57 67 80 54 32 34 36 34 33 31 36 37 
56 71 83 82 72 81 60 20 23 58 106 126 121 125 124 112 65 42 28 46 111 125 88 38 27 23 27 22 22 28 28 24 31 57 69 80 75 65 78 78 83 70 69 51 61 82 86 75 83 80 106 100 90 57 40 66 63 29 20 24 36 43 35 32 
66 66 69 76 81 95 73 30 21 20 32 49 62 60 54 41 42 60 77 114 117 85 40 26 20 21 27 23 24 34 34 22 26 48 61 69 64 62 67 56 54 57 76 70 48 56 52 67 47 80 78 92 74 75 67 38 53 67 32 21 25 29 40 36 
48 61 79 83 94 80 67 39 35 34 41 48 57 59 75 98 120 131 117 115 71 42 25 26 19 26 27 20 33 42 43 28 40 56 68 76 57 61 58 50 43 49 63 89 40 38 31 38 60 42 77 62 85 62 57 78 44 39 67 47 30 29 32 33 
41 48 56 66 86 58 60 44 46 35 43 69 100 117 130 143 133 122 79 56 34 27 24 28 31 30 32 30 31 53 50 34 50 65 72 64 52 53 47 46 42 44 46 87 44 25 23 25 36 52 45 63 60 82 54 38 75 49 30 58 59 36 31 29 
40 31 26 39 43 37 37 48 47 28 21 50 80 100 119 108 89 86 70 45 29 24 23 37 36 35 37 45 52 47 39 36 49 58 58 46 45 48 50 47 41 32 35 62 61 27 22 22 21 39 47 53 63 66 73 42 29 62 64 35 51 61 35 32 
41 31 23 27 33 45 31 37 26 14 22 45 56 74 79 75 82 68 56 31 22 25 36 43 38 43 46 52 49 32 31 31 47 47 45 38 43 48 54 44 30 27 26 40 86 34 35 23 24 26 44 47 56 60 62 66 45 27 50 75 44 44 58 31 
51 42 36 37 34 35 33 26 17 13 23 54 60 67 72 66 69 52 38 27 30 36 54 50 49 64 55 44 36 32 34 35 42 38 39 35 35 37 38 33 26 26 28 24 84 44 56 29 22 20 24 42 45 56 59 52 62 44 25 31 57 48 39 55 
50 53 45 50 51 45 31 22 15 13 22 40 57 67 68 60 57 40 33 38 47 56 56 56 58 69 58 45 43 38 35 36 38 35 30 24 24 24 26 28 23 21 22 24 50 44 45 54 19 16 17 17 37 43 57 61 38 54 38 15 19 47 60 49 
50 50 49 57 63 56 39 27 18 13 17 28 47 67 63 58 50 41 46 47 41 42 37 47 54 62 58 41 40 30 28 38 31 26 22 19 17 19 21 26 25 20 18 25 25 45 22 70 25 15 16 17 18 35 45 60 61 31 55 40 26 26 41 66 
44 36 36 42 51 52 39 32 28 19 17 19 27 35 39 41 35 34 37 37 31 31 39 34 41 42 44 27 28 26 26 30 21 21 20 21 17 17 18 19 24 19 18 19 17 51 30 44 56 17 17 16 16 16 32 46 69 62 34 60 45 25 23 27 
27 31 35 41 38 35 36 39 39 27 26 23 18 17 20 28 27 23 23 27 27 30 46 28 29 29 37 25 26 24 25 25 17 21 20 20 17 17 17 16 16 20 18 19 17 45 58 23 76 32 21 18 17 18 18 29 52 81 52 26 52 36 18 18 
19 27 27 35 33 37 43 42 41 36 32 30 29 26 23 26 21 25 21 24 23 24 44 29 26 27 30 25 23 21 20 20 15 16 18 16 15 16 16 15 16 19 23 22 20 27 79 25 47 67 24 21 23 24 23 22 26 50 79 31 19 47 31 18 
15 17 17 21 23 28 29 35 36 32 34 32 37 33 26 22 18 24 20 18 18 21 34 37 22 23 22 21 21 20 17 16 17 17 18 18 17 18 16 17 20 20 22 26 23 22 70 44 23 74 38 21 23 22 22 19 16 19 44 74 29 20 46 29 
14 14 15 16 16 18 22 26 20 20 22 20 23 23 20 18 19 19 18 17 16 17 20 39 21 20 19 17 19 20 18 17 20 19 18 21 19 20 17 20 22 24 24 26 26 22 43 67 24 45 72 21 19 21 19 18 16 15 16 42 77 30 20 44 
16 16 16 15 17 18 21 19 16 15 14 16 16 18 17 17 18 16 17 18 18 18 20 31 34 18 20 19 17 17 16 17 21 21 17 19 18 20 20 22 24 24 26 24 24 21 24 75 29 21 70 38 18 18 17 18 18 15 13 14 43 64 33 22 
18 20 17 17 20 20 21 17 16 15 14 16 16 16 15 15 16 14 15 17 19 21 21 21 40 22 19 20 15 16 16 17 21 19 17 16 16 18 19 20 24 23 23 23 22 21 20 55 47 16 36 71 19 17 21 20 17 16 14 14 19 44 60 54 


16 12 12 13 17 21 30 47 47 59 50 62 59 57 62 70 69 60 49 26 21 19 24 29 24 27 32 35 43 44 64 80 76 73 60 45 70 48 51 41 48 48 37 35 32 32 29 31 37 41 40 46 67 80 72 70 70 62 64 70 80 110 109 65 
21 21 23 27 24 31 50 51 49 49 41 52 62 61 64 64 53 38 25 18 20 25 37 51 56 53 49 53 55 59 72 80 90 92 77 70 73 63 55 44 46 40 38 39 37 29 32 31 26 26 29 43 64 67 68 81 77 60 68 64 93 124 91 76 
33 44 55 66 50 48 47 42 44 47 42 40 45 49 52 47 34 19 12 13 21 41 65 79 82 83 83 76 77 76 73 72 80 77 92 105 91 74 61 63 44 44 45 38 34 32 41 35 29 24 37 46 42 48 57 60 57 66 72 93 118 79 78 85 
60 65 69 64 43 41 38 29 32 37 39 42 40 44 37 33 20 11 9 18 35 66 77 74 78 81 82 73 96 97 88 79 83 80 89 116 113 81 61 55 53 57 59 54 41 52 39 33 39 45 42 31 36 36 38 42 53 65 91 126 81 72 82 83 
73 69 62 53 34 29 41 39 35 34 36 37 46 41 37 37 23 10 9 29 51 60 70 64 77 69 82 74 81 92 107 111 97 104 98 115 112 95 78 53 66 70 72 67 67 69 51 53 66 50 38 33 33 32 32 37 47 72 118 74 64 76 87 89 
55 43 46 40 31 34 39 42 40 44 42 38 43 43 45 44 19 10 13 49 69 55 66 64 71 59 65 68 70 84 78 94 107 120 114 107 104 91 79 69 84 77 81 79 86 76 70 80 67 53 48 43 49 44 41 43 62 114 68 58 67 74 81 85 
41 33 39 50 45 53 58 46 38 43 45 44 51 45 41 36 21 14 27 73 84 78 79 67 67 61 57 57 48 66 72 61 76 118 107 93 82 68 72 87 100 89 92 90 93 96 110 86 61 59 49 64 61 60 57 62 112 56 43 51 60 65 71 74 
35 32 40 50 56 51 54 50 48 52 60 72 77 67 55 48 34 35 56 87 105 107 101 83 67 59 47 47 45 52 74 61 58 94 113 95 70 53 59 91 112 120 109 97 104 113 118 90 82 60 71 76 78 69 82 126 78 37 35 43 57 66 77 82 
46 54 55 54 51 49 50 50 61 73 80 100 94 76 64 55 49 66 81 91 109 117 125 111 87 70 43 38 43 45 63 74 69 69 117 108 72 52 54 92 125 142 122 109 116 105 111 115 117 102 81 94 80 83 131 101 57 47 40 38 42 53 65 72 
49 59 59 47 42 42 54 62 77 84 84 114 108 73 48 38 38 38 39 36 51 81 115 117 111 100 56 30 33 31 39 56 77 61 93 120 78 53 75 114 136 144 134 129 121 103 115 121 127 121 120 91 77 120 112 75 74 73 62 43 34 40 68 107 
55 58 57 46 38 36 43 52 74 85 87 99 98 46 19 24 31 34 26 17 14 18 34 70 107 123 86 44 31 29 34 42 59 47 59 102 83 54 101 130 137 147 151 143 108 119 122 115 125 142 139 111 131 118 68 75 80 83 71 54 41 68 83 64 
47 37 37 36 33 33 39 47 61 69 81 86 66 23 19 44 76 84 72 52 38 23 11 16 52 106 115 70 32 24 25 29 40 40 48 63 75 65 119 141 140 141 162 142 129 134 125 115 135 147 132 153 162 104 79 71 65 70 67 76 96 65 33 37 
47 28 31 36 22 31 39 50 52 62 71 68 36 19 55 82 87 89 94 85 68 51 24 12 12 45 106 94 46 26 25 27 35 38 43 47 78 63 110 148 143 141 159 142 146 150 130 126 132 139 139 169 144 105 73 53 56 73 101 107 73 47 44 70 
35 37 46 29 17 21 28 29 43 65 78 56 22 24 44 40 36 75 36 43 69 74 45 21 12 19 77 93 63 38 24 29 35 35 30 40 62 43 80 134 138 146 154 140 159 167 140 133 139 125 151 153 138 121 94 68 82 113 89 66 78 95 118 116 
33 32 54 39 26 25 24 26 36 57 78 51 17 13 23 36 45 123 36 12 17 47 61 37 16 11 54 89 69 40 24 21 27 26 23 33 39 43 78 111 117 136 143 131 172 177 160 158 147 127 154 140 145 140 119 120 115 75 70 96 133 142 112 74 
42 55 44 49 49 54 34 30 34 50 56 37 12 11 22 35 35 50 21 13 12 16 52 46 21 11 35 82 82 42 30 27 22 24 29 40 50 76 83 101 116 119 145 126 169 185 185 179 133 148 139 129 139 149 158 116 81 94 122 136 121 93 82 72 
35 35 39 55 69 68 60 49 47 61 55 29 12 11 19 23 21 20 16 14 13 19 54 52 27 13 20 68 93 58 28 25 24 31 45 55 60 75 85 104 126 119 121 108 164 188 196 163 133 162 142 139 162 178 149 129 137 142 129 107 94 104 109 91 
29 27 25 33 49 70 78 75 69 78 75 37 18 27 26 20 25 30 19 23 34 59 67 69 44 14 21 76 95 59 31 25 33 47 54 56 73 73 89 101 100 95 105 133 184 203 173 126 162 192 178 174 176 164 169 171 155 139 121 113 106 90 75 61 
15 18 16 14 16 29 37 64 86 95 92 63 29 29 54 60 64 71 69 72 75 78 86 85 48 15 35 95 104 56 29 30 47 54 52 63 69 71 78 94 86 58 71 138 185 183 132 120 195 218 197 180 176 188 184 176 166 140 101 81 85 87 85 77 
9 9 9 9 8 8 11 18 43 72 86 71 45 21 53 77 88 91 90 90 94 95 83 57 22 19 64 129 120 69 35 42 45 51 46 58 72 69 84 99 94 48 65 128 169 163 95 134 206 218 184 183 198 190 184 183 140 96 83 93 104 110 116 112 
9 7 7 6 6 7 7 9 10 20 51 86 73 37 34 78 97 106 110 107 94 71 40 17 14 32 100 136 110 75 49 53 49 52 47 52 69 79 105 118 109 54 39 89 150 157 112 166 221 220 179 185 204 199 179 161 138 111 109 120 127 127 119 101 
20 12 8 10 12 13 13 18 21 15 23 67 94 76 43 34 53 62 62 50 32 22 16 14 20 42 81 77 61 47 40 38 40 40 52 63 77 87 117 106 99 83 64 88 131 134 104 163 227 222 195 205 212 198 176 170 161 144 134 132 116 102 95 86 
63 53 42 45 54 58 48 54 62 48 40 80 108 111 110 80 48 26 18 14 14 17 16 15 18 24 27 31 26 22 22 21 25 30 43 69 94 106 111 96 95 82 54 62 133 162 146 190 237 221 211 221 225 207 186 178 167 145 120 105 99 90 87 84 
100 104 103 101 105 113 104 102 100 83 83 105 110 128 151 160 149 110 79 64 51 37 33 25 24 23 16 12 10 13 14 17 31 43 60 81 93 93 97 85 90 80 61 89 157 184 176 211 245 231 222 230 217 197 188 166 135 111 102 98 88 82 68 51 
88 101 107 108 113 116 119 107 103 99 95 101 98 106 125 152 173 179 179 174 159 127 117 68 43 29 18 12 14 20 26 33 36 41 53 64 63 77 87 86 102 117 125 152 204 232 208 231 247 231 226 231 207 189 166 136 121 112 101 90 84 85 84 71 
29 56 85 93 92 88 109 100 90 78 92 94 89 87 92 117 134 149 166 172 151 157 147 118 94 74 59 40 42 44 39 34 23 26 35 41 43 55 69 91 113 171 191 204 240 247 236 245 245 233 225 227 210 189 162 141 125 115 109 99 91 87 87 82 
28 32 48 61 77 84 83 77 73 77 93 82 84 79 71 89 99 107 114 113 111 127 118 114 99 100 105 82 84 70 52 27 21 19 17 22 28 38 52 64 101 189 229 245 253 251 250 247 245 214 214 215 197 182 170 151 132 123 103 88 84 79 75 74 
43 34 29 32 28 34 53 60 54 61 68 66 75 87 81 83 71 86 87 90 100 101 100 109 97 97 94 90 83 79 70 55 43 33 22 17 21 25 30 30 40 110 186 236 250 253 250 245 240 201 198 200 182 179 168 161 146 117 97 86 82 82 81 75 
52 49 46 34 18 17 31 42 43 44 53 52 63 67 60 70 62 67 68 93 93 98 88 88 89 78 77 83 82 85 79 74 66 52 40 28 25 22 20 18 18 38 93 177 233 247 249 241 219 176 170 163 156 156 156 161 153 125 93 75 75 76 76 72 
32 25 24 24 26 26 29 39 51 41 35 39 43 52 50 48 53 60 52 56 58 73 67 68 67 68 71 79 79 86 78 73 68 63 54 53 48 38 28 24 25 41 45 86 165 213 231 229 183 145 139 131 136 135 139 155 170 153 109 79 68 69 76 74 
16 16 14 15 14 15 15 17 20 25 21 29 34 39 41 42 48 52 55 57 48 54 59 70 69 65 72 77 81 82 75 74 72 74 66 63 61 54 42 38 43 59 36 29 65 119 168 192 153 126 118 107 118 113 115 145 175 180 135 81 62 66 69 65 
27 21 15 15 15 18 18 21 19 21 23 32 47 48 45 50 59 51 50 51 41 38 42 58 58 50 65 74 69 67 67 66 61 72 73 70 71 73 63 46 45 63 55 36 34 37 75 130 134 135 101 92 93 70 94 142 169 169 126 76 63 61 66 72 
32 23 24 31 27 22 27 32 36 41 42 38 44 45 46 49 48 49 48 43 36 35 38 41 39 34 43 58 71 70 68 60 63 73 76 78 71 80 77 56 42 55 58 53 47 36 21 48 78 84 77 79 56 50 80 115 156 161 117 74 67 64 62 64 
27 19 21 18 22 27 34 40 47 48 50 52 45 54 54 55 44 46 43 44 40 37 46 41 42 38 50 61 68 65 58 59 68 77 81 77 71 72 66 48 39 53 57 47 34 27 15 17 42 53 68 63 28 39 75 117 147 151 112 72 69 74 74 73 
50 43 47 44 45 48 56 54 53 52 50 43 51 49 51 43 37 50 52 57 62 54 59 51 49 43 47 55 66 59 55 51 61 62 66 66 56 59 46 29 37 53 53 45 41 30 24 60 85 82 75 68 35 50 91 125 149 154 120 78 62 71 71 64 
80 85 73 57 61 60 52 52 51 44 44 38 43 47 48 44 40 43 43 47 58 55 60 55 50 39 43 39 49 50 45 34 42 41 49 48 43 35 26 21 34 41 28 19 30 59 102 150 153 121 104 95 57 67 94 129 146 147 112 74 60 61 61 47 
58 74 77 72 70 67 58 57 54 52 54 60 61 56 58 66 67 67 63 63 62 52 46 47 47 38 35 32 32 29 27 23 21 18 21 23 25 23 21 18 27 28 31 76 126 169 182 186 149 128 113 109 88 93 114 133 131 117 85 60 58 54 47 38 
20 33 35 33 33 41 43 39 51 69 69 67 69 62 57 53 49 52 53 57 49 46 35 29 21 23 27 26 23 17 13 12 11 10 10 11 13 15 17 15 23 45 108 171 196 196 195 183 150 140 117 119 118 108 126 124 106 76 58 43 48 50 47 38 
6 8 10 16 23 21 21 24 40 50 49 39 27 18 17 17 13 11 9 11 12 14 13 12 9 9 12 16 20 19 15 12 13 13 13 16 19 21 20 30 68 114 168 193 196 187 189 174 136 149 135 129 133 120 117 110 93 67 60 58 59 53 42 36 
7 7 7 9 12 10 10 23 36 30 17 11 13 20 25 28 28 24 14 7 6 10 12 14 15 10 9 10 12 20 32 26 26 27 31 29 32 39 41 64 101 145 163 177 177 179 192 163 142 141 132 120 134 126 105 90 82 74 60 60 52 34 28 34 
13 13 15 17 19 23 34 58 55 22 9 17 38 67 46 43 40 37 31 17 8 8 15 26 26 18 15 16 15 15 20 26 34 42 39 39 37 37 45 56 71 103 134 145 147 150 167 143 135 136 123 120 125 110 79 62 59 60 60 50 41 32 28 34 
37 52 64 52 50 61 66 64 27 9 16 35 62 125 38 40 46 43 39 36 19 8 16 57 69 48 26 23 26 23 25 22 28 39 48 47 41 38 41 42 33 66 100 108 116 133 149 136 151 143 118 120 110 86 65 58 56 48 41 37 35 36 36 42 
90 84 59 48 54 67 64 39 10 9 26 41 39 51 16 13 21 38 43 50 34 11 13 59 89 62 31 24 32 34 26 27 28 33 47 45 46 45 44 35 25 54 80 83 105 145 143 140 148 148 123 115 89 68 55 45 36 34 30 31 32 39 43 36 
48 36 34 32 46 71 44 18 7 12 24 28 20 15 14 13 12 17 42 54 47 14 18 69 94 50 22 17 26 36 32 30 32 28 33 40 43 44 36 29 42 67 71 73 97 150 147 140 144 153 131 107 74 51 44 37 27 25 28 29 38 43 41 29 
20 18 32 31 56 66 39 16 9 15 19 18 19 17 15 15 13 16 44 64 45 15 40 93 84 32 19 20 25 29 32 40 33 35 35 36 39 33 19 26 49 65 52 42 91 146 132 118 135 120 116 73 63 56 35 31 27 23 25 33 33 28 25 28 
41 39 48 47 79 60 31 15 25 24 18 18 21 19 17 14 18 39 58 72 32 17 72 112 72 28 22 15 24 37 37 43 38 43 38 40 43 30 21 47 72 73 54 46 85 128 105 101 135 89 68 82 63 51 48 35 24 21 22 26 23 18 19 26 
48 29 46 59 54 57 25 13 44 60 57 41 34 34 36 48 60 72 85 55 18 42 99 94 41 19 18 17 22 27 32 34 38 44 43 45 42 31 35 65 87 80 51 42 78 105 86 88 109 127 74 48 72 65 41 36 34 28 20 17 20 18 19 20 
31 33 51 53 46 49 29 12 44 82 83 82 74 71 72 83 87 90 58 21 31 90 89 61 27 18 16 17 19 22 25 25 36 49 48 55 51 37 57 69 87 80 57 39 72 98 76 79 78 101 108 77 45 54 69 44 23 25 27 24 24 23 26 27 
42 54 63 63 54 61 45 14 17 44 83 102 96 99 98 88 50 31 20 35 88 100 68 27 19 16 19 15 15 20 19 17 22 43 53 61 57 48 59 60 63 53 52 37 46 62 66 58 68 66 93 89 78 47 31 57 54 21 14 17 26 32 25 23 
50 50 52 58 62 73 55 22 15 14 23 37 48 46 41 30 31 45 59 90 94 65 29 18 13 15 20 17 17 25 24 15 19 35 45 52 48 47 50 42 40 43 58 53 36 41 38 52 36 67 64 82 65 65 57 29 43 58 26 14 17 21 29 26 
36 46 60 63 72 61 50 29 26 24 31 36 43 44 57 77 94 103 91 90 54 31 18 18 13 19 20 14 24 31 31 20 29 42 51 57 43 46 43 37 32 37 48 72 30 28 22 27 48 33 64 52 75 52 47 68 35 30 58 39 21 20 22 24 
31 36 42 50 65 44 45 32 33 25 32 52 77 90 102 115 107 96 60 42 24 19 16 20 22 21 23 21 22 40 36 24 37 49 54 48 38 39 34 34 31 33 34 72 34 18 16 18 28 41 36 52 50 71 45 30 65 41 22 49 50 26 21 20 
29 22 18 29 31 27 27 36 35 20 15 36 61 78 94 86 68 66 53 33 20 17 16 27 26 25 27 33 38 34 29 25 36 43 44 34 33 36 37 35 30 23 25 50 48 19 16 15 15 30 37 43 52 54 63 35 21 53 55 27 42 52 25 23 
30 23 16 19 23 33 22 26 18 10 15 33 42 56 60 57 62 51 42 22 15 18 26 31 28 31 35 39 36 23 22 22 35 35 33 28 31 35 39 32 22 19 17 31 72 25 25 16 17 18 33 36 46 49 51 57 37 20 40 64 34 35 48 22 
38 30 26 27 24 25 24 18 11 8 16 40 45 50 54 50 52 39 28 19 22 27 40 37 36 48 41 32 26 23 24 25 32 28 28 25 25 26 27 24 18 18 19 17 71 33 43 21 16 14 17 32 35 47 49 42 53 36 17 23 48 40 32 46 
38 39 34 37 38 33 22 15 10 8 15 29 42 51 51 44 42 29 24 27 35 42 42 41 43 52 43 34 32 28 26 26 28 26 21 16 17 17 18 20 16 14 15 17 39 33 34 43 14 11 11 12 28 34 48 50 29 46 31 10 14 38 50 40 
37 37 36 43 47 41 28 19 12 9 11 20 35 50 48 43 37 30 34 35 30 31 26 35 40 47 43 31 29 21 20 28 22 18 15 13 12 13 14 19 17 14 13 17 17 34 16 58 19 10 11 12 13 27 34 50 50 24 46 33 18 19 32 55 
33 26 26 31 38 38 29 23 20 13 11 13 20 26 28 30 26 25 27 26 22 22 28 25 30 30 32 20 19 18 18 22 15 14 13 13 12 12 13 13 17 13 13 13 12 40 23 36 47 12 11 11 11 12 24 36 57 50 25 50 36 18 16 20 
20 23 25 30 28 25 26 29 28 19 18 16 13 12 13 20 19 16 16 19 19 21 34 20 20 20 27 18 18 17 17 18 12 14 14 14 12 12 11 11 11 14 13 13 12 35 48 16 64 25 14 12 12 13 13 22 40 66 40 19 44 28 12 13 
14 19 19 25 23 26 31 31 30 26 23 21 21 19 16 19 14 18 15 17 16 17 33 21 18 19 22 18 16 15 14 13 10 11 13 11 10 11 11 10 11 13 16 15 14 20 67 18 38 56 16 14 16 17 16 15 19 39 66 24 13 38 24 13 
10 11 11 14 16 20 21 26 26 23 25 23 27 24 18 15 13 17 14 13 12 14 24 27 15 16 15 14 14 14 12 11 11 11 13 13 12 13 11 12 13 13 15 19 17 15 58 34 16 64 30 14 16 16 15 13 11 13 34 61 22 14 38 22 
9 9 10 11 11 13 15 19 14 14 16 14 16 16 14 13 13 13 13 12 11 11 14 29 15 14 13 12 13 14 12 12 14 13 13 15 14 14 13 14 15 17 17 19 19 16 34 55 16 37 62 15 14 14 14 13 11 10 11 33 63 23 15 35 
11 11 11 10 12 12 14 13 11 10 9 11 12 13 12 12 13 11 12 12 12 13 14 23 25 13 14 13 12 12 11 12 14 14 12 12 12 14 14 15 17 17 18 17 16 14 18 62 22 15 60 31 13 12 12 13 13 10 9 10 33 51 25 15 
13 13 12 12 14 13 14 12 11 10 9 11 11 11 10 10 11 9 10 12 13 15 15 15 30 16 14 13 10 11 11 12 14 13 12 11 11 13 13 14 17 16 16 16 15 14 14 45 38 11 28 60 13 12 14 14 12 11 9 9 13 33 48 41 


11 8 8 8 12 14 21 33 33 44 36 45 43 42 45 52 51 44 35 17 14 13 16 20 16 18 22 24 30 32 47 59 56 55 44 33 52 34 36 29 35 35 26 25 21 23 20 22 26 28 28 33 49 59 54 52 52 45 46 52 60 90 91 48 
15 14 15 19 16 22 36 36 35 35 29 37 45 45 47 48 38 26 17 11 13 17 26 37 41 38 35 38 40 43 53 60 68 70 57 51 54 46 40 32 33 29 26 27 27 20 22 21 17 18 20 30 47 49 51 60 58 44 49 47 76 105 69 56 
23 32 40 48 36 35 33 30 31 34 30 28 31 35 37 34 23 13 8 8 13 29 49 60 61 63 62 56 58 57 54 53 60 58 70 82 69 54 44 46 31 31 32 27 24 23 28 24 20 16 26 33 30 34 42 44 41 49 53 75 102 60 59 63 
43 47 51 47 31 29 27 19 23 26 27 29 28 31 26 23 13 6 5 11 24 49 58 55 57 60 60 54 74 75 68 60 62 60 68 94 91 61 44 40 38 42 43 39 29 38 27 23 28 32 30 21 25 25 27 30 39 48 74 109 62 53 61 61 
53 50 46 39 24 20 29 27 24 24 26 26 33 29 26 25 16 6 5 20 36 44 52 48 57 51 61 54 60 70 85 88 75 81 76 92 90 72 58 39 48 52 53 49 49 50 36 38 49 36 27 23 23 21 22 26 33 58 103 57 47 56 65 66 
41 31 33 28 22 23 28 30 28 32 30 27 31 31 32 30 12 6 8 35 51 40 48 46 52 43 49 51 51 64 59 73 85 97 91 82 81 69 58 51 62 57 60 59 65 56 52 61 50 37 34 30 35 31 28 31 50 101 54 43 49 54 60 63 
30 24 27 36 32 39 43 33 27 31 32 31 36 32 30 25 14 9 19 55 63 58 59 49 49 46 42 41 34 49 53 45 58 96 83 70 61 50 53 65 78 69 70 68 71 75 89 66 45 43 36 46 45 44 41 48 100 45 32 37 44 47 53 55 
25 22 28 36 40 36 39 36 34 38 43 53 58 50 39 35 24 25 41 65 81 84 79 63 49 44 34 33 32 37 55 45 43 73 91 74 51 38 42 69 89 98 86 74 80 92 96 70 62 44 52 56 58 50 64 112 65 26 25 30 42 49 57 61 
33 39 41 39 37 36 37 37 45 54 59 78 72 56 47 40 35 48 61 68 85 95 103 88 66 52 31 27 30 32 46 55 51 51 95 87 53 38 39 70 104 122 100 86 95 82 88 92 94 81 62 72 60 64 115 84 41 34 29 28 30 38 48 54 
35 43 43 33 30 30 40 46 57 63 63 91 86 55 35 27 28 28 28 26 38 62 95 94 88 80 42 21 23 21 28 41 58 45 73 97 59 39 56 92 115 125 113 108 100 80 93 98 105 99 98 70 59 105 95 57 54 53 46 31 24 28 53 91 
40 42 41 33 27 26 31 37 55 64 66 76 76 33 12 16 22 24 18 11 9 12 25 53 85 101 66 31 21 20 24 30 44 34 44 80 64 40 80 109 116 127 133 123 86 97 100 92 103 123 119 89 113 101 51 55 59 62 52 40 30 57 70 50 
34 25 26 25 23 23 27 34 45 51 60 64 49 15 13 31 57 64 54 37 26 15 7 10 39 85 93 53 23 15 16 20 28 28 34 46 56 48 98 122 119 121 146 123 110 114 103 92 115 129 113 137 145 84 59 53 48 52 49 61 82 53 23 26 
34 20 21 26 14 21 28 36 38 46 52 50 25 13 40 61 67 69 72 65 50 37 17 7 8 33 84 73 33 17 17 18 24 27 31 33 58 46 91 130 124 121 143 123 128 133 109 103 111 119 121 154 125 82 54 39 40 56 85 92 56 33 33 59 
26 26 33 20 11 14 19 20 30 48 59 41 14 16 32 28 26 66 27 32 52 54 32 13 7 13 58 70 47 27 17 20 24 25 21 28 45 30 61 113 118 127 137 122 144 152 120 112 120 105 134 135 118 99 73 51 66 98 74 50 59 80 106 104 
23 22 39 28 17 18 16 17 26 42 58 37 10 8 16 25 33 111 27 8 12 34 45 26 10 7 41 67 51 28 16 14 19 18 15 22 27 31 58 88 95 115 124 111 158 164 143 142 130 107 137 120 126 120 98 101 98 58 53 80 118 127 96 60 
30 40 32 36 35 39 24 20 24 36 41 27 8 7 15 25 24 40 14 8 8 11 38 33 14 7 25 61 62 30 21 19 16 16 20 28 37 57 63 79 93 96 126 106 154 172 173 166 116 131 119 107 120 132 142 97 61 77 108 121 106 75 63 58 
25 25 28 40 52 50 44 35 34 45 40 20 7 7 12 15 14 13 10 9 9 13 40 37 18 8 13 50 71 43 20 17 17 21 32 40 44 56 64 81 105 97 99 86 148 176 186 148 117 146 122 119 146 164 131 108 120 127 113 91 78 87 91 73 
20 18 17 23 35 52 58 56 51 58 56 26 12 19 17 13 17 21 13 16 24 43 50 52 31 9 13 57 74 43 22 17 23 33 40 41 54 55 68 79 78 75 83 113 170 193 159 107 148 182 165 160 162 148 154 156 139 121 104 96 86 70 56 45 
10 12 11 9 11 21 26 46 64 73 69 46 21 20 39 44 47 52 51 54 56 58 65 64 35 10 24 74 82 42 20 21 34 39 38 46 51 52 58 72 65 42 54 118 172 170 114 100 185 212 187 167 162 176 172 162 151 123 82 61 62 64 64 58 
5 5 6 5 4 5 7 12 31 53 65 52 32 15 38 58 66 68 68 68 72 72 63 42 15 13 49 108 98 52 24 29 32 37 34 42 53 51 63 78 74 36 49 108 154 148 74 116 197 211 173 171 187 178 172 170 120 74 62 71 80 87 95 91 
5 2 3 3 3 4 4 5 6 14 37 64 55 26 24 59 75 83 87 84 73 53 28 11 10 22 80 116 88 56 35 39 35 38 34 38 51 59 82 96 87 41 27 70 132 140 90 152 214 214 166 174 196 188 166 145 119 89 87 98 106 106 97 78 
13 6 4 5 7 7 8 12 15 10 15 50 72 58 32 24 39 46 47 37 23 15 11 9 13 30 62 59 45 33 28 27 29 28 37 46 57 67 94 84 77 63 47 69 110 114 82 148 222 216 185 196 205 188 163 155 145 126 113 112 94 78 71 64 
47 39 30 33 39 43 35 39 46 35 28 62 87 90 91 64 36 18 11 9 9 11 11 9 12 16 19 21 18 15 14 14 17 21 31 51 72 85 89 73 73 62 39 47 114 146 128 179 234 214 203 214 220 199 175 165 151 127 98 82 76 68 65 63 
78 83 82 79 83 92 83 80 77 63 63 83 88 107 133 143 132 92 63 51 41 27 23 18 15 15 10 7 6 9 9 11 21 30 43 60 72 72 76 64 68 60 45 72 140 172 162 202 243 226 216 225 210 187 177 151 114 89 79 76 66 61 50 36 
69 80 85 86 92 95 97 85 81 78 73 80 76 84 105 134 158 166 166 161 144 109 99 51 30 20 12 7 9 14 18 24 26 29 39 48 47 57 66 64 79 97 105 134 195 228 200 226 245 227 220 226 200 178 151 116 98 89 77 68 62 63 62 52 
20 42 65 72 70 67 86 77 69 59 71 73 69 66 72 96 114 132 151 158 134 140 130 97 73 56 45 29 31 32 28 25 16 17 25 30 31 40 51 69 91 157 179 195 237 246 232 242 243 229 220 222 203 178 146 122 103 91 86 76 68 64 64 60 
20 23 35 45 59 66 63 58 55 58 72 62 63 60 53 68 79 86 93 91 89 106 97 92 78 79 84 63 65 52 38 19 14 12 11 15 19 27 37 48 82 178 224 244 252 251 248 245 242 206 206 208 186 169 155 134 112 101 80 66 63 58 56 55 
30 23 20 22 20 24 38 43 39 45 51 49 57 67 62 63 53 65 66 69 79 80 79 87 75 76 72 69 64 59 51 40 31 23 15 10 14 17 21 21 29 95 175 233 249 253 249 243 237 192 187 190 169 166 153 146 127 95 74 64 60 61 60 56 
38 36 34 24 12 11 22 30 31 32 39 38 47 50 44 52 45 50 51 73 73 77 68 66 67 58 58 63 62 64 59 55 49 37 28 20 17 15 13 11 12 27 76 165 228 245 247 238 212 163 156 147 139 139 139 146 135 103 70 56 55 56 56 53 
22 17 16 16 18 18 21 27 37 30 25 28 31 38 36 35 38 44 38 41 42 54 50 50 49 50 53 59 59 65 58 54 50 46 39 39 35 26 20 16 16 29 33 70 150 205 226 224 170 126 119 110 116 114 118 137 155 136 88 59 50 51 56 54 
10 11 9 10 9 10 10 11 13 17 15 21 25 28 29 30 35 38 40 42 35 39 43 51 51 47 53 57 60 62 56 56 53 55 49 47 45 39 30 27 31 43 25 20 50 102 154 181 136 105 96 85 96 91 93 126 161 166 115 60 46 49 51 48 
20 14 10 10 9 12 12 14 13 15 16 23 34 35 32 36 43 37 37 37 29 27 30 42 42 35 48 55 51 50 49 49 45 53 54 51 52 53 45 32 32 46 40 26 24 27 61 112 114 115 79 70 73 51 73 122 155 155 106 56 46 45 49 53 
23 16 16 21 19 15 19 24 26 29 31 27 32 33 33 35 35 36 34 31 26 24 27 30 27 23 30 42 53 52 50 44 46 55 56 58 53 59 57 41 30 40 43 38 34 25 14 36 61 65 58 59 41 36 60 93 139 145 96 54 49 47 45 47 
20 13 15 13 15 20 25 30 34 34 35 38 33 40 40 40 32 33 31 32 29 27 33 29 30 27 36 45 51 48 42 43 49 58 60 58 53 54 48 35 28 39 42 33 23 19 10 12 30 40 50 46 19 28 57 95 128 134 91 53 50 54 55 54 
36 31 35 32 33 34 41 40 38 38 36 31 38 35 37 31 26 36 39 42 45 39 43 37 35 30 33 41 49 43 39 36 44 46 48 48 41 43 33 21 26 38 38 33 29 21 17 47 66 63 56 50 25 36 70 104 131 137 98 58 46 53 52 47 
60 63 54 42 44 44 38 38 38 32 32 28 31 34 35 32 29 30 31 34 42 40 44 40 36 27 30 28 35 37 32 24 30 29 36 34 30 25 17 14 24 29 20 12 21 47 87 135 136 102 82 74 42 50 73 109 127 129 90 55 45 45 44 34 
43 55 58 54 51 49 42 42 40 38 40 44 45 41 42 48 49 49 46 46 46 38 33 34 33 27 25 22 22 21 18 16 14 12 14 15 16 15 13 12 19 20 22 61 110 155 170 174 131 107 91 87 67 72 93 112 109 96 65 43 42 39 34 27 
14 23 25 23 23 29 30 27 37 51 51 49 51 46 41 39 35 38 38 42 35 33 25 21 15 15 18 18 16 11 9 8 7 6 6 7 8 9 11 10 15 33 91 157 185 186 186 171 132 121 96 98 95 86 103 102 83 56 42 31 34 36 34 27 
2 4 6 11 15 14 14 16 28 36 35 28 18 12 12 11 8 7 5 6 8 9 9 8 5 5 7 10 13 13 10 7 9 9 8 10 12 14 13 21 53 95 153 183 186 174 178 160 116 131 116 108 112 97 94 86 71 49 43 42 43 38 30 26 
4 4 4 5 7 6 6 16 25 22 11 6 8 13 17 19 19 17 9 4 3 6 7 9 9 6 5 6 8 14 22 18 19 18 21 20 22 27 30 48 80 126 147 164 164 166 180 147 123 122 110 98 113 105 82 69 61 54 44 44 38 25 19 24 
8 7 9 12 12 16 24 42 40 15 5 11 28 55 33 31 28 26 21 11 4 4 9 18 18 12 10 11 10 10 13 18 24 30 27 27 26 26 32 40 53 81 114 125 129 132 152 124 115 115 100 98 104 87 59 46 43 44 44 35 29 23 19 24 
26 38 47 37 36 45 49 48 20 5 11 24 49 114 27 28 33 30 28 25 12 4 10 41 51 34 17 15 18 15 17 14 20 28 34 33 29 27 30 30 23 48 78 86 94 112 130 116 133 124 95 97 88 65 48 42 41 35 29 25 25 25 25 30 
69 63 43 35 40 49 47 28 5 5 18 29 28 42 10 8 15 27 30 35 23 7 8 44 66 45 22 17 22 24 19 19 20 22 34 32 32 33 31 25 17 39 59 62 84 126 124 120 130 130 101 92 68 50 40 32 25 23 21 21 22 28 31 25 
35 26 24 22 33 53 32 11 3 7 16 19 13 9 8 8 8 11 30 39 35 9 12 52 72 36 15 12 18 26 23 22 23 20 23 28 31 31 25 20 30 49 52 55 77 133 130 121 124 135 110 86 56 38 31 26 19 17 20 20 27 31 30 20 
14 12 22 22 41 49 28 10 5 9 12 12 12 11 10 10 9 11 31 47 32 10 29 71 63 22 12 13 17 21 23 28 23 24 25 25 28 22 13 17 36 48 38 30 71 127 112 97 114 98 96 59 50 43 25 22 19 16 17 23 23 20 17 19 
29 28 35 34 59 43 22 10 17 16 12 12 13 12 11 8 12 27 42 53 23 11 55 90 55 19 14 10 16 26 27 31 27 30 27 28 30 20 14 34 52 54 39 33 65 108 82 79 117 70 52 69 52 39 38 26 16 15 15 18 16 12 13 18 
35 20 33 43 39 41 17 9 32 45 41 29 24 25 25 35 43 54 64 40 11 31 77 74 29 12 12 11 15 18 22 24 27 31 30 32 30 22 25 47 65 59 36 30 58 83 65 68 92 112 60 36 61 55 30 26 25 21 14 11 14 12 13 13 
22 23 38 38 33 36 21 7 31 62 61 63 55 53 53 63 65 69 43 14 23 71 69 46 19 12 11 11 13 15 16 17 26 35 34 40 36 27 41 50 65 59 41 28 53 75 57 61 63 88 97 65 34 44 60 36 15 18 19 17 16 15 18 18 
30 39 46 46 40 45 33 9 11 32 64 82 75 79 76 69 37 22 13 24 69 78 51 20 12 10 13 9 10 13 13 11 14 30 38 44 41 35 44 44 46 39 37 27 33 46 50 44 56 55 82 78 68 39 23 50 46 15 9 11 17 23 17 16 
36 36 37 42 45 53 40 14 9 8 15 28 37 35 29 21 22 33 44 70 73 48 20 12 9 9 13 10 11 17 16 10 12 25 33 38 34 33 37 30 29 30 42 40 25 29 27 39 28 57 52 72 57 56 49 22 36 51 20 9 11 14 20 17 
25 33 44 46 53 45 36 20 18 16 21 25 30 32 42 58 73 82 70 70 40 22 12 12 8 12 12 9 16 21 22 13 20 29 37 42 30 32 31 26 22 26 35 57 20 19 15 19 38 27 54 44 67 45 40 59 27 24 50 32 15 13 15 15 
21 25 30 36 48 32 31 22 24 17 22 37 57 69 80 93 87 75 44 29 17 13 11 13 15 14 15 14 15 28 26 16 26 35 40 35 27 28 24 24 22 23 23 58 25 12 10 11 21 33 28 42 41 62 37 24 56 35 16 42 41 17 14 13 
21 15 12 20 22 18 18 25 24 13 9 26 45 58 73 68 51 48 39 23 14 11 11 18 18 17 18 23 27 24 20 17 26 30 31 24 23 25 26 24 20 15 17 41 38 12 10 10 9 23 29 35 43 45 55 28 15 45 46 19 34 44 17 15 
20 15 11 13 16 23 15 18 12 6 10 24 29 40 44 42 46 37 30 15 10 12 17 22 19 22 24 27 25 15 14 15 24 24 23 19 22 25 28 22 14 12 11 24 61 17 18 11 11 12 25 28 38 41 42 50 31 13 32 54 27 29 41 15 
27 21 17 19 16 17 15 11 7 4 10 28 32 36 40 36 38 28 19 12 14 18 28 26 25 35 30 22 17 15 16 17 22 19 19 16 17 17 19 16 12 12 12 11 60 25 33 15 9 9 11 25 27 39 41 34 46 29 12 17 42 33 27 39 
26 27 24 26 27 23 14 9 6 5 11 20 30 36 37 32 31 20 16 18 24 30 30 29 31 38 31 24 22 19 17 18 19 17 14 10 11 11 11 13 10 9 10 11 31 25 26 34 8 7 7 7 22 27 41 42 23 40 25 6 9 32 43 33 
25 26 26 30 33 30 20 12 7 5 8 13 25 36 34 31 26 21 24 24 21 22 18 24 28 33 31 21 20 14 12 19 15 12 10 8 7 8 9 13 11 8 8 11 12 25 11 50 14 6 7 8 8 20 27 42 41 17 39 27 13 12 25 46 
22 18 18 21 26 27 20 16 12 8 7 8 13 18 20 21 17 16 18 18 15 15 19 16 21 21 23 12 13 12 12 15 10 9 8 9 7 7 7 8 11 8 8 8 7 31 17 29 39 7 7 7 7 8 18 28 47 40 17 41 28 11 10 13 
12 14 16 20 19 17 17 20 19 13 12 10 8 8 8 13 12 10 10 13 13 15 24 13 14 14 18 12 12 11 11 11 8 9 8 8 7 8 7 7 7 9 8 8 7 29 41 12 56 19 9 8 7 8 8 15 32 54 32 13 36 23 8 7 
9 12 12 17 16 17 22 22 21 18 15 15 14 12 10 12 9 11 9 11 11 11 23 14 12 13 14 12 10 9 9 8 6 6 8 7 6 7 7 7 7 8 10 9 8 14 59 12 31 48 11 10 10 11 10 10 13 30 55 19 9 32 18 8 
7 7 7 9 10 13 13 17 17 15 17 15 19 16 12 9 7 11 9 8 8 9 17 18 9 10 10 9 9 8 7 7 7 7 8 8 7 8 8 8 8 8 9 13 11 10 49 27 11 54 23 9 10 10 10 9 7 9 27 50 17 10 31 16 
6 6 5 6 6 8 9 12 9 10 10 9 11 9 9 8 8 8 7 7 7 8 9 20 9 8 8 8 8 8 7 7 9 8 8 9 8 9 8 9 9 11 10 12 13 10 26 46 10 29 54 9 8 9 8 9 8 6 7 25 52 17 10 28 
7 7 7 6 7 6 8 8 6 6 5 8 7 8 8 8 8 7 6 8 8 9 9 16 17 7 8 8 8 7 6 7 9 9 7 9 7 8 8 10 11 11 12 12 11 10 11 53 16 10 52 25 7 8 7 8 8 6 5 5 25 42 19 10 
7 8 7 7 9 8 8 7 7 6 6 7 8 7 6 7 7 6 6 7 8 10 9 9 21 10 8 8 6 7 7 8 9 8 8 7 7 8 8 9 10 10 10 11 9 9 8 36 31 7 22 52 8 8 10 8 7 7 6 6 9 25 38 32 