


228 224 185 127 113 129 152 171 156 121 99 85 86 104 155 190 167 103 74 66 57 88 139 129 150 184 171 90 57 74 95 93 65 56 80 106 118 120 106 78 66 76 80 89 100 104 102 104 106 108 106 103 105 99 90 73 69 87 105 110 108 107 106 105 
232 241 227 185 133 130 146 163 175 172 156 112 105 110 124 159 152 93 59 56 57 63 83 92 111 151 145 91 67 84 101 89 58 57 81 96 99 88 71 67 77 85 95 111 118 116 112 109 109 107 105 102 97 82 71 68 80 100 109 109 108 107 105 104 
196 234 249 240 189 129 114 120 153 194 180 104 85 94 98 104 105 92 77 66 63 70 83 94 93 109 135 115 84 92 93 73 50 63 93 107 96 65 54 69 78 86 102 113 116 117 114 112 112 110 106 96 78 67 72 80 88 102 106 106 106 105 105 103 
134 181 229 244 215 140 116 110 117 157 154 117 100 87 83 86 97 108 98 68 62 72 87 96 97 105 130 114 91 98 91 67 51 66 92 100 78 47 45 64 97 123 127 124 123 121 115 107 101 98 94 79 62 63 79 82 83 91 91 89 89 89 89 89 
115 137 178 213 200 154 137 126 151 190 164 117 114 108 98 93 139 195 194 126 80 81 87 89 93 106 116 98 87 94 86 65 54 69 86 77 51 43 57 86 137 157 146 132 124 118 106 86 73 72 69 60 57 64 69 67 68 71 75 75 76 75 70 67 
136 147 157 170 174 166 158 148 152 158 127 98 102 111 112 110 148 218 231 179 103 87 86 84 86 91 91 78 83 93 85 66 57 70 74 54 43 56 71 94 129 137 119 98 81 68 57 48 51 56 55 56 63 72 79 84 86 89 92 90 85 75 71 77 
232 238 235 223 209 201 200 195 170 149 129 111 100 102 107 104 103 140 169 145 101 89 89 87 88 86 75 65 77 91 84 66 56 59 51 37 47 66 76 92 102 90 67 50 40 41 49 56 59 52 53 63 79 90 98 105 108 108 106 96 78 69 80 94 
254 252 255 255 255 253 250 246 237 221 195 167 140 123 111 100 86 84 94 96 88 82 86 88 91 91 85 73 71 82 80 64 55 48 34 35 54 68 77 83 72 51 37 33 39 54 78 92 77 55 56 73 87 94 98 100 99 97 89 74 62 68 82 92 
237 242 251 255 255 255 255 255 255 255 254 249 239 225 201 175 157 146 137 126 105 88 80 80 84 91 92 84 77 78 75 66 58 48 36 43 59 66 67 59 42 33 32 36 48 72 111 124 92 58 59 70 79 87 91 91 87 78 66 58 63 71 77 77 
226 237 246 254 255 255 255 255 255 255 255 255 255 255 255 254 252 246 234 219 197 167 137 111 95 91 91 89 88 83 72 66 60 52 51 55 61 61 50 36 30 33 38 46 59 79 112 114 82 59 60 66 70 75 81 82 74 60 54 60 68 73 73 74 
195 245 255 255 255 255 255 255 255 255 255 255 255 255 255 255 255 255 255 255 255 253 246 233 217 195 165 133 112 98 84 71 63 61 64 61 58 56 41 29 32 40 50 64 71 76 84 80 68 62 69 73 71 70 72 69 58 53 59 68 71 72 72 72 
241 251 254 254 254 255 254 255 255 255 255 255 255 255 255 255 255 255 255 255 255 255 255 253 254 254 246 239 228 203 170 127 94 77 71 62 61 55 40 37 46 55 68 74 74 71 68 66 65 65 78 90 88 73 67 60 56 59 66 73 74 74 74 74 
232 237 243 244 240 247 246 251 253 251 252 253 253 255 254 255 254 254 254 250 253 253 252 249 251 254 249 241 249 255 252 232 214 190 152 107 86 71 60 62 69 75 77 75 72 69 66 63 62 62 75 88 89 77 64 61 61 65 72 74 73 72 75 77 
172 166 174 203 201 213 238 250 250 248 248 245 245 226 223 232 226 218 234 240 249 232 215 225 218 233 248 253 253 254 255 255 253 248 226 193 148 127 101 90 95 93 85 80 76 70 64 59 59 62 72 76 77 69 63 65 64 68 70 70 70 71 70 68 
88 98 108 125 137 149 168 208 216 186 198 206 200 162 145 166 173 166 177 198 222 228 209 213 200 176 216 242 219 208 217 220 236 246 243 228 215 197 156 123 96 75 67 68 72 73 62 56 58 64 70 70 66 63 63 64 69 74 73 72 70 67 63 61 
102 104 105 84 89 109 120 124 114 93 88 100 114 124 126 151 150 131 142 144 142 133 135 141 167 186 217 239 232 214 181 165 171 173 195 215 228 236 239 226 202 162 126 89 65 56 60 55 51 61 67 66 59 59 61 66 73 75 75 73 70 65 58 53 
90 88 96 101 101 108 134 157 108 84 95 108 123 115 111 121 106 126 141 156 155 158 148 121 131 150 162 177 208 227 216 194 157 155 167 180 189 197 217 237 232 228 199 179 172 156 147 113 95 76 73 77 68 70 66 73 77 75 70 65 63 59 52 54 
90 91 91 94 90 88 89 101 103 98 91 96 121 128 129 134 108 77 75 78 98 125 117 86 94 142 157 156 134 114 112 113 121 133 145 157 166 184 197 211 214 215 209 201 191 177 181 183 185 170 158 134 111 98 84 90 85 79 68 60 57 54 59 63 
101 102 103 103 99 96 96 99 95 92 97 111 111 93 82 78 71 69 88 104 111 133 130 78 75 83 120 140 141 135 114 98 86 72 64 73 90 104 120 142 166 178 202 196 170 137 129 133 147 165 176 168 168 158 148 144 113 87 75 63 60 62 64 77 
109 110 102 105 107 112 111 109 97 94 101 117 128 123 136 122 93 58 48 55 71 100 137 143 89 68 65 94 134 136 137 112 91 95 82 65 50 38 45 32 41 52 77 125 165 161 139 103 75 68 75 92 115 141 164 172 159 143 127 116 111 110 95 92 
113 120 108 115 122 125 135 116 94 89 88 97 102 102 119 127 124 110 96 108 100 93 114 158 136 92 61 47 73 114 118 139 109 63 64 78 79 68 83 61 60 49 37 32 44 73 107 108 81 55 55 64 68 56 51 54 57 67 87 125 152 152 152 146 
110 113 124 132 135 142 132 135 143 139 92 69 71 69 74 79 84 94 91 97 100 94 108 112 140 158 109 71 40 56 101 106 111 103 99 61 47 53 68 69 78 85 94 83 78 55 40 41 47 48 58 55 42 39 46 55 55 47 40 43 59 80 108 130 
114 114 122 120 123 145 147 137 146 159 143 146 134 120 89 58 52 63 73 82 89 97 117 118 123 127 144 125 84 50 44 47 82 102 126 98 66 58 53 56 55 60 72 72 68 57 55 62 61 47 45 47 45 47 48 42 38 40 54 63 54 39 43 48 
122 123 126 130 133 133 121 140 130 119 123 155 165 169 168 150 136 123 96 56 58 69 91 112 123 122 124 119 123 113 80 43 41 67 81 91 93 81 68 70 61 52 48 45 48 55 70 71 58 32 19 18 15 16 22 31 50 62 61 45 40 45 50 51 
125 125 126 126 133 146 143 133 133 102 93 101 124 134 143 159 174 184 176 128 97 85 88 115 125 128 125 120 122 130 126 87 56 36 35 44 65 93 108 61 38 38 40 38 34 29 39 42 45 44 33 32 33 37 30 22 17 21 23 24 30 45 58 63 
126 127 125 126 130 133 137 133 129 155 157 140 112 89 86 96 114 135 144 139 147 149 139 110 113 115 110 114 123 108 121 134 108 68 27 14 20 34 49 70 69 64 67 51 35 26 26 28 27 23 21 23 28 34 40 41 42 35 28 25 25 21 24 32 
132 127 124 124 129 132 141 146 124 116 129 161 161 153 137 125 110 92 74 85 109 125 138 137 119 113 113 108 103 101 97 103 93 67 28 8 2 1 1 4 16 46 50 57 58 56 43 31 32 32 26 22 18 20 23 26 32 29 30 26 27 33 35 35 
143 139 129 129 131 145 159 153 155 166 157 145 144 158 150 153 157 159 144 118 94 83 93 99 107 103 108 107 99 83 62 70 73 77 65 36 13 3 1 1 1 6 17 6 8 47 72 52 55 54 49 40 41 39 23 18 16 19 22 28 31 34 36 31 
155 150 142 142 142 117 108 109 126 158 172 160 146 132 123 130 138 141 155 162 147 125 104 84 78 73 81 93 86 65 51 63 64 67 71 65 47 22 9 4 1 1 4 4 5 12 44 45 39 45 54 64 80 84 65 53 42 34 26 22 21 23 33 40 
149 152 152 147 156 142 145 148 160 135 139 157 161 161 151 146 125 118 119 138 154 145 156 162 161 143 136 126 119 59 39 46 47 49 52 57 53 38 28 18 8 6 3 3 2 2 2 6 11 47 77 67 73 70 74 76 60 57 56 60 62 69 62 41 
136 151 167 168 150 153 158 154 161 142 117 126 136 141 157 180 187 166 145 130 127 122 127 137 153 181 143 86 77 39 18 18 20 24 34 43 51 47 47 39 27 17 10 5 3 3 2 2 2 8 47 57 61 73 87 93 104 88 76 69 71 91 81 79 
142 148 165 157 148 151 173 180 154 154 168 160 133 124 115 125 145 152 154 147 152 147 142 114 107 117 121 89 33 18 20 18 14 15 19 24 36 35 36 37 31 20 21 14 6 3 2 2 2 2 6 5 11 25 63 98 107 90 101 99 94 87 85 77 
159 173 173 166 159 146 141 148 157 155 176 194 199 192 155 140 154 160 145 147 150 145 143 131 139 129 119 114 67 22 14 13 12 11 12 12 15 16 19 26 32 34 33 26 17 10 6 5 3 2 2 1 2 3 23 60 81 91 95 86 78 94 106 127 
164 170 160 154 151 145 152 161 167 147 138 141 159 176 152 147 183 181 156 149 144 134 133 111 103 99 94 102 104 86 86 47 21 13 11 11 11 12 11 16 17 23 31 31 29 30 21 15 10 7 3 2 2 4 4 7 19 55 64 70 69 79 78 76 
148 149 148 144 145 147 152 147 150 149 154 147 125 110 124 141 152 147 145 145 128 111 102 110 106 111 130 135 99 133 149 121 72 40 19 15 18 16 14 12 11 11 10 10 10 11 11 11 10 10 8 8 7 10 45 75 60 98 118 85 60 52 59 58 
159 155 150 145 145 143 142 143 157 153 144 138 153 153 150 155 156 151 129 98 88 103 115 122 131 144 144 128 122 144 135 124 95 65 41 25 17 15 13 12 9 8 6 5 4 4 4 4 4 4 3 4 5 10 17 40 94 143 169 144 116 122 132 103 
168 162 167 162 155 149 145 145 157 158 166 177 162 157 152 155 148 111 84 93 113 120 123 137 148 141 124 123 139 125 109 98 81 54 38 22 14 7 7 9 6 4 3 2 1 1 2 2 2 2 2 1 1 22 52 78 105 108 124 132 133 137 150 146 
157 160 164 164 160 164 158 152 164 174 179 185 176 171 183 170 105 84 88 101 126 130 139 144 132 118 123 143 136 110 78 65 52 29 17 10 7 4 2 4 3 2 1 1 1 1 1 2 2 1 1 1 1 2 29 68 89 94 90 99 102 123 138 138 
160 159 157 155 154 158 157 154 154 169 189 167 150 150 156 99 71 83 96 111 127 135 130 120 118 133 135 120 95 74 44 20 14 8 3 2 2 1 1 2 1 1 1 1 1 1 1 1 1 1 1 3 10 6 16 40 76 70 64 77 79 87 109 110 
166 166 163 163 162 160 155 156 151 159 175 163 164 149 95 78 75 101 104 142 126 133 122 112 116 102 82 57 48 35 20 7 4 3 2 2 1 2 2 2 2 2 1 1 1 1 1 1 2 2 1 2 13 49 101 139 147 143 122 98 88 94 100 105 
171 168 167 166 168 178 167 162 158 156 154 152 157 146 90 94 122 141 110 129 103 93 81 65 52 48 29 21 17 14 15 12 12 8 6 5 5 6 7 3 4 4 3 3 2 1 3 22 69 77 65 80 94 121 116 139 145 153 173 180 168 155 135 137 
224 208 190 177 175 168 162 163 163 165 165 164 168 144 113 114 86 72 59 49 39 31 28 26 28 24 27 31 35 35 30 34 39 40 46 52 47 38 41 39 22 14 29 60 71 55 50 110 152 157 145 164 192 175 152 134 128 127 127 153 160 145 139 145 
239 239 236 229 219 209 194 183 174 167 162 160 160 149 61 49 46 46 45 39 36 51 52 61 67 61 55 57 68 71 74 87 105 135 163 149 132 121 124 144 129 114 144 159 146 159 143 129 117 95 101 124 156 188 191 168 173 172 135 128 135 135 154 160 
221 223 224 221 217 216 218 218 210 197 185 176 169 162 95 45 49 62 74 93 92 92 86 80 92 107 117 111 126 129 119 131 141 162 172 184 193 188 173 163 146 126 124 136 139 144 139 156 171 141 121 109 108 116 127 149 164 153 148 149 155 153 164 147 
188 192 194 191 191 195 201 210 214 204 197 200 192 186 185 145 123 111 113 115 115 118 132 146 144 155 155 158 164 182 161 167 168 148 133 139 159 158 177 203 199 196 187 177 167 163 146 122 118 123 146 164 158 165 146 137 141 147 147 148 153 159 139 136 
147 152 154 153 154 164 184 192 193 189 190 188 171 178 184 158 130 131 156 168 168 168 162 161 162 161 164 163 168 176 166 165 176 181 180 166 165 160 152 147 150 163 166 188 201 202 198 187 170 160 151 146 142 155 163 151 147 149 147 144 147 142 133 138 
118 122 125 127 129 139 157 163 175 177 185 172 163 167 160 124 126 139 155 155 156 189 188 184 175 166 164 165 159 165 169 152 149 150 160 160 172 177 176 157 165 148 110 125 145 167 177 180 185 168 158 156 152 151 156 153 156 162 149 148 141 141 135 141 
120 120 120 120 123 132 151 160 164 173 173 160 139 129 137 133 145 155 164 181 177 166 162 177 187 185 177 172 165 165 165 163 161 160 161 160 159 156 143 152 156 166 162 177 174 168 150 128 134 154 151 148 145 142 145 152 152 160 153 149 157 153 145 142 
126 127 131 131 132 140 148 140 133 148 155 141 105 95 97 100 116 143 175 180 148 148 152 151 158 171 172 173 177 179 180 177 172 166 167 169 155 163 163 166 156 146 143 165 166 168 173 154 141 146 153 152 144 149 170 173 147 151 154 147 148 147 147 151 
141 146 151 151 154 155 141 137 147 154 154 118 92 92 90 106 151 178 152 103 96 110 126 132 136 147 147 152 159 166 177 180 184 173 173 173 167 162 161 161 172 174 161 164 155 150 152 160 161 148 153 159 158 152 154 170 153 149 153 155 152 147 149 134 
155 160 161 161 160 158 140 142 158 157 146 110 95 99 132 173 186 145 95 78 80 86 96 102 110 123 127 132 139 145 153 162 167 164 171 178 177 172 168 165 163 163 159 160 161 165 174 174 166 153 155 161 154 155 151 146 147 154 159 152 150 150 154 138 
149 155 163 165 157 144 142 156 163 159 131 108 119 157 186 181 134 90 84 89 91 93 94 104 111 105 110 120 110 114 123 129 135 136 140 151 165 169 169 171 165 163 162 161 162 161 164 163 162 162 168 166 156 155 152 153 154 153 151 150 144 151 152 148 
143 148 155 158 160 157 155 155 158 157 128 138 167 183 170 123 95 95 97 97 98 99 96 102 102 95 107 125 98 94 98 116 127 129 127 128 138 146 151 154 157 157 159 160 158 160 161 160 158 160 162 159 157 158 155 149 151 151 148 141 138 154 157 136 
152 152 154 155 157 159 170 173 161 151 147 152 153 144 123 114 111 111 110 107 106 104 104 105 102 100 102 105 98 96 97 112 117 118 127 123 123 128 132 135 138 134 138 144 147 151 153 155 155 155 158 163 161 158 153 147 145 154 149 153 146 131 124 123 
153 153 151 133 145 161 168 154 137 130 131 130 126 118 132 130 116 117 118 116 114 111 113 124 113 105 104 104 104 103 105 112 121 120 131 113 106 110 115 116 117 117 120 120 124 132 137 141 141 144 156 164 165 157 133 139 147 150 149 153 145 138 130 121 
157 154 157 143 125 128 138 119 120 124 125 124 126 128 130 127 121 120 120 120 119 116 114 115 113 112 108 107 110 108 108 108 109 109 121 122 112 106 106 105 104 105 107 105 106 113 119 122 125 136 155 161 159 128 111 127 134 135 135 141 141 147 143 129 
159 155 148 137 122 102 97 106 117 125 131 130 130 130 130 131 129 128 127 126 128 129 126 123 119 118 116 114 114 113 113 112 109 110 110 111 115 109 106 105 106 108 106 104 105 109 113 114 117 134 148 149 134 101 96 104 109 111 114 124 130 139 141 135 
147 143 128 106 88 88 99 108 117 136 143 143 140 138 136 133 133 133 133 132 134 133 131 132 131 127 126 124 122 120 120 118 116 116 113 112 111 112 113 112 110 109 109 109 110 113 119 129 138 145 141 134 109 98 96 93 91 91 96 103 105 113 120 126 
135 125 95 81 83 85 98 112 130 142 142 143 143 145 146 140 138 139 140 139 137 135 133 132 131 132 132 130 129 125 125 124 120 117 114 113 114 116 117 119 120 118 113 113 116 118 123 137 153 139 124 123 117 114 114 107 100 96 95 98 99 98 98 103 
114 91 74 74 77 86 105 129 141 145 144 145 146 144 144 142 142 143 144 145 146 143 142 139 137 137 137 136 134 132 129 126 120 116 120 122 124 126 126 124 124 122 122 128 140 143 148 148 154 149 145 138 143 133 131 128 123 118 111 104 104 105 104 106 
89 78 70 68 81 116 135 136 144 147 147 147 148 146 146 147 148 149 150 151 151 148 148 149 148 146 143 138 134 129 125 123 124 127 130 131 131 132 130 127 124 124 126 137 142 143 160 169 140 122 133 145 150 146 141 139 136 132 128 121 115 118 120 121 
84 73 67 81 112 139 148 137 144 149 150 149 150 151 149 149 155 154 155 153 153 152 151 148 142 134 125 117 113 118 127 136 139 141 139 140 139 139 138 136 132 131 133 141 143 143 148 157 147 147 144 152 151 148 143 144 145 140 136 130 126 125 125 126 
79 68 72 105 128 130 131 129 136 145 147 148 149 149 147 146 153 150 147 146 141 134 131 123 107 97 95 108 126 140 143 143 143 144 144 146 146 145 145 144 144 144 143 145 146 152 162 144 132 143 154 154 152 149 148 147 145 138 135 137 139 131 129 128 
74 73 78 83 92 104 112 113 121 129 129 131 129 126 122 121 123 123 125 129 124 122 128 131 129 130 130 134 139 141 146 157 157 149 150 150 157 161 153 150 151 151 152 152 151 157 165 153 154 147 157 157 154 152 149 148 147 143 137 138 138 133 132 133 


238 232 201 157 147 165 211 243 236 197 158 145 142 177 234 251 234 165 120 122 132 172 202 175 169 190 191 150 120 117 126 130 130 136 138 135 138 143 136 129 138 150 146 135 131 131 130 130 131 130 128 126 123 120 111 100 92 96 109 119 123 122 122 122 
244 250 237 203 163 166 197 234 249 244 228 177 142 146 189 232 231 184 140 138 140 138 135 128 139 176 190 160 118 117 125 127 130 132 131 129 129 126 126 138 153 155 146 140 142 140 137 135 134 132 130 127 124 117 107 92 86 99 115 123 125 127 125 123 
219 245 253 246 209 161 150 169 219 248 237 173 139 136 137 151 161 160 155 153 148 153 153 148 136 163 209 201 138 120 122 124 130 131 130 132 127 119 130 147 152 144 140 138 139 138 138 137 135 134 131 127 121 116 103 87 83 100 116 122 122 124 123 121 
171 209 243 251 228 171 151 146 178 228 216 166 154 143 135 132 143 173 180 155 143 156 177 178 160 166 207 200 140 125 126 129 134 132 128 126 120 118 128 141 149 155 154 151 149 146 142 135 129 126 124 124 123 116 100 84 82 94 104 107 106 106 106 106 
147 170 210 234 223 188 168 169 215 243 209 153 156 153 148 157 212 245 246 210 149 133 147 157 154 161 189 179 132 124 129 134 138 135 128 119 116 124 138 152 164 171 162 154 152 148 140 126 116 114 117 123 122 110 94 87 87 92 95 98 99 98 97 98 
159 178 206 213 210 204 193 190 209 210 167 133 134 144 149 163 222 253 254 238 164 125 122 125 128 132 145 140 122 123 132 140 142 137 127 117 122 138 153 154 151 146 139 134 131 128 121 113 110 115 122 127 126 118 113 114 115 116 116 116 111 107 109 112 
237 243 246 238 228 225 224 221 204 185 163 147 135 131 135 143 174 215 230 214 158 128 125 124 122 122 120 114 114 122 134 142 143 136 124 120 131 147 153 143 132 127 125 124 123 123 125 127 124 124 126 127 130 133 136 138 139 138 135 129 121 116 119 125 
254 253 255 255 255 254 253 250 244 231 211 189 168 151 140 148 160 170 184 179 157 134 131 129 127 130 131 124 115 120 133 142 144 135 124 122 137 150 148 136 128 125 125 126 126 136 152 159 147 132 123 118 123 131 134 135 133 130 126 123 119 115 115 119 
236 242 250 255 255 255 255 255 255 255 254 251 243 232 215 207 207 209 202 181 154 140 137 136 136 139 143 137 125 121 131 145 145 136 123 124 139 148 141 129 125 126 126 126 127 139 162 169 153 133 115 99 105 119 128 129 124 120 120 120 115 109 105 105 
225 237 246 254 255 255 255 255 255 255 255 255 255 255 255 255 254 251 244 229 210 189 170 158 156 161 161 147 138 130 134 146 146 135 122 124 139 144 136 125 125 124 122 118 114 121 141 150 147 132 103 77 80 93 106 115 117 119 120 116 110 107 106 103 
200 247 255 255 255 255 255 255 255 255 255 255 255 255 255 255 255 255 255 255 255 254 249 240 232 224 208 179 158 147 145 150 147 136 123 124 137 140 130 123 122 119 112 108 106 104 118 137 145 131 100 80 76 75 84 101 115 120 115 112 112 111 110 109 
245 252 254 254 255 255 254 255 255 255 255 255 255 255 255 255 255 255 255 255 255 255 255 253 254 254 247 243 237 221 200 176 160 142 126 126 140 139 127 120 119 113 109 106 102 100 117 139 145 127 106 99 94 81 90 112 124 114 102 102 109 115 117 118 
235 239 244 244 240 247 248 252 254 252 252 253 254 255 254 255 254 254 254 250 253 253 252 249 251 254 249 242 250 255 253 234 220 201 170 141 143 141 127 119 118 114 111 108 104 104 124 143 140 117 102 108 105 99 113 130 124 98 80 82 90 101 110 117 
174 163 171 203 201 213 241 252 252 248 248 247 246 225 223 232 225 217 234 240 249 231 212 223 212 231 248 253 253 254 255 255 253 247 223 190 147 129 109 105 116 117 116 114 110 111 127 141 132 108 92 99 106 117 133 133 113 86 76 74 74 76 85 100 
84 97 107 125 136 148 167 208 213 183 196 205 200 163 149 169 173 164 176 199 222 226 208 214 199 174 219 243 219 206 213 216 234 246 241 225 209 191 152 117 89 71 72 82 95 107 125 137 127 103 87 89 107 128 136 121 95 82 81 79 76 75 84 98 
99 103 104 83 90 111 121 124 111 94 87 99 113 122 125 152 150 131 144 145 142 128 129 135 165 186 218 240 234 214 180 164 169 171 192 214 227 234 239 225 196 157 120 84 61 55 75 88 88 85 81 90 114 134 129 105 86 81 79 78 81 89 102 115 
96 100 104 103 102 111 136 158 104 85 96 110 125 115 110 118 105 124 140 158 158 160 142 112 126 145 161 179 209 226 217 193 150 151 163 178 186 197 216 235 231 224 194 174 169 153 144 110 91 72 69 83 101 117 110 95 88 84 79 78 87 104 119 117 
116 116 117 114 108 109 109 114 106 101 90 94 122 127 132 134 106 76 74 77 93 120 105 72 78 121 137 144 127 109 105 107 115 129 141 154 163 185 197 211 213 211 205 197 187 174 179 181 181 169 156 130 109 96 82 86 82 81 78 85 103 121 121 107 
131 131 131 131 126 123 118 105 103 105 104 117 110 92 80 75 68 65 88 104 110 119 113 63 60 65 98 116 120 122 108 93 80 67 57 66 82 99 115 139 165 177 198 192 168 134 124 127 142 161 172 166 168 157 147 143 111 83 71 62 76 94 95 90 
138 131 118 128 133 128 126 117 111 111 113 123 130 129 147 129 97 57 44 53 65 89 122 122 73 53 48 78 116 113 121 104 86 92 77 63 44 32 41 28 36 47 70 120 164 161 136 98 73 64 70 87 110 137 161 169 156 142 125 114 106 105 91 87 
142 133 111 125 136 128 138 117 94 89 85 96 102 102 124 131 125 113 100 112 98 89 111 146 123 79 47 33 57 96 97 117 97 58 60 74 75 66 81 58 58 46 33 27 37 67 102 103 77 52 52 61 64 53 48 48 52 64 82 120 149 149 149 143 
142 139 135 134 139 146 141 142 149 144 90 66 69 64 72 78 83 94 94 99 100 92 112 114 138 150 96 57 26 41 83 85 91 91 94 55 41 47 63 65 76 82 91 78 73 48 36 37 42 44 55 54 39 35 42 50 49 44 36 38 53 73 101 125 
148 146 145 126 125 151 156 146 159 170 153 157 142 126 92 56 48 59 71 79 89 93 116 119 123 127 139 118 75 36 26 30 65 82 109 88 61 53 48 50 49 54 66 65 59 49 51 59 56 44 41 44 39 42 43 37 34 34 48 57 49 32 36 41 
157 155 154 148 144 136 125 146 131 120 135 170 181 184 179 161 143 127 97 51 52 64 91 113 123 125 125 126 126 106 66 30 29 52 62 74 80 72 60 64 56 45 40 38 40 48 65 66 53 27 15 14 12 13 16 26 45 57 56 40 34 37 42 43 
157 157 156 155 154 155 153 146 140 101 94 104 128 139 147 170 190 204 185 131 98 85 88 115 125 129 128 128 131 135 122 77 46 24 21 28 49 77 98 56 32 31 33 32 28 24 30 32 36 35 25 25 26 30 23 16 12 17 19 19 25 38 53 57 
160 161 158 157 153 145 153 146 135 158 165 145 110 86 84 94 117 141 148 141 151 151 141 111 116 120 119 126 131 123 129 134 103 57 16 9 13 25 40 61 63 59 62 45 28 19 18 18 18 15 14 15 19 26 34 35 34 28 22 19 19 15 18 24 
154 154 156 154 151 143 155 151 126 116 132 166 165 157 138 125 110 89 70 81 109 123 137 138 119 114 118 120 119 115 114 118 103 69 25 5 1 1 1 2 12 41 44 51 51 49 35 23 23 22 18 14 9 12 16 21 24 21 21 19 18 24 26 26 
144 147 157 152 136 145 159 156 165 174 160 141 144 164 154 156 159 162 144 116 90 75 86 94 102 100 107 107 107 98 82 92 98 99 74 34 10 2 1 1 1 6 15 4 5 44 62 39 42 42 38 30 32 31 17 10 8 11 14 20 23 26 28 24 
155 157 158 164 146 115 105 110 134 169 185 166 146 132 123 130 137 141 158 166 147 122 99 77 70 65 75 88 83 74 66 80 85 93 92 77 54 23 6 2 1 1 2 2 3 8 41 40 32 35 43 50 69 75 55 41 33 26 19 13 15 17 26 31 
164 169 163 168 164 142 148 155 164 137 143 163 163 164 157 150 125 117 118 139 155 146 159 164 160 139 123 110 109 60 48 57 64 67 74 77 73 56 33 17 8 3 2 1 1 1 2 5 10 43 70 57 61 58 61 65 52 51 49 51 54 63 56 34 
167 163 170 174 156 157 163 161 168 145 119 129 139 144 162 190 196 170 147 129 126 120 123 131 149 174 124 75 75 47 29 21 23 29 43 55 63 63 62 56 39 18 7 2 2 1 1 1 1 7 42 50 54 63 78 84 98 81 68 60 64 87 76 71 
167 159 165 158 146 150 179 187 161 159 172 164 136 129 117 130 149 156 160 149 149 143 136 108 102 114 114 85 42 30 29 24 16 19 30 38 44 39 40 46 48 39 26 12 3 2 1 1 1 2 5 4 9 22 60 91 102 84 95 96 90 82 80 72 
173 174 174 167 157 144 142 152 159 158 183 205 212 198 157 142 155 158 144 148 154 149 147 130 136 119 104 104 65 25 18 17 15 17 24 29 33 23 24 27 33 38 42 33 17 7 4 2 1 1 1 1 1 2 21 56 75 84 89 81 71 88 100 122 
172 172 164 164 160 152 160 166 172 150 142 146 168 180 158 155 195 191 163 150 145 134 128 102 92 88 84 96 99 81 87 53 26 17 16 17 16 14 14 19 20 22 29 31 24 24 16 10 6 3 2 2 2 2 2 6 16 49 57 63 62 73 70 67 
177 170 173 176 174 165 165 163 167 159 159 151 128 110 126 141 157 162 167 155 126 104 94 102 100 104 123 128 96 132 148 127 83 55 41 37 35 29 19 17 17 14 11 10 8 8 7 7 6 5 4 3 3 5 39 72 57 96 118 81 53 45 51 49 
187 183 184 183 180 178 177 176 171 153 145 140 157 157 153 157 155 157 134 93 80 99 113 121 130 142 143 124 120 144 142 137 110 80 63 49 33 34 31 21 15 10 6 3 3 2 2 2 2 2 2 2 2 7 12 35 89 141 172 139 113 120 131 100 
185 168 177 185 184 181 179 177 169 157 171 179 166 162 155 156 147 110 75 88 110 118 126 139 148 140 123 123 139 129 126 122 101 67 52 33 20 9 11 10 5 3 2 1 1 1 1 1 1 1 1 1 1 21 50 75 101 103 120 128 131 134 148 144 
187 179 176 185 184 177 177 178 181 179 185 189 179 179 192 168 95 74 82 97 123 130 140 143 133 119 120 142 137 114 89 79 54 26 16 9 5 2 1 1 1 1 1 1 1 1 1 1 1 1 1 1 1 2 27 65 87 89 86 97 100 122 135 134 
183 188 188 187 185 180 167 167 177 179 192 168 151 156 157 88 62 78 90 107 122 132 130 121 118 128 130 115 90 71 41 18 10 4 2 1 1 1 1 0 1 1 1 1 1 1 1 1 1 1 1 2 8 4 14 38 73 66 59 73 73 82 105 105 
175 183 191 188 181 184 181 178 179 179 183 172 164 148 83 69 67 95 97 134 119 128 120 107 107 93 75 50 40 28 14 4 2 1 1 1 1 2 1 1 1 1 1 1 1 1 1 1 1 1 1 2 12 46 98 139 147 143 120 92 83 88 95 99 
184 188 180 172 170 183 178 186 186 180 181 182 178 143 74 80 106 124 99 116 93 84 73 57 44 37 22 15 10 7 7 6 6 5 4 3 3 3 5 2 2 2 1 2 1 1 2 19 66 75 63 78 93 119 111 137 141 151 172 182 168 154 131 133 
230 218 205 189 183 178 174 179 186 185 186 185 177 136 96 97 73 60 48 39 30 23 20 18 20 14 18 23 26 24 20 24 30 30 39 44 41 33 37 35 18 10 26 57 73 55 47 109 151 155 142 163 193 175 150 130 124 123 125 154 162 145 138 135 
243 243 240 232 224 217 206 198 186 181 179 180 180 153 48 41 39 37 36 29 25 40 41 50 55 48 43 45 56 59 65 80 102 137 170 152 134 121 125 147 128 114 146 158 149 163 142 127 114 92 99 124 155 191 194 169 174 173 132 126 132 135 154 157 
224 227 228 225 221 221 221 220 211 196 182 178 177 171 88 34 39 50 61 80 79 79 72 67 79 96 109 102 120 124 117 134 146 169 181 194 207 201 184 171 149 129 125 137 140 144 138 156 171 139 120 109 109 117 128 153 167 148 142 142 147 149 163 152 
193 197 197 196 196 199 202 210 214 197 179 180 175 178 180 131 106 93 98 101 101 108 129 150 151 161 165 174 172 185 161 168 168 149 136 140 165 165 186 217 210 205 194 184 174 164 144 121 116 122 146 165 159 167 147 133 135 139 136 139 150 159 151 154 
160 164 163 159 159 167 181 188 190 173 167 167 155 163 174 150 119 119 148 165 171 174 170 173 174 173 180 185 180 179 164 165 177 183 182 167 167 160 153 149 151 164 166 191 207 207 202 188 169 160 152 143 141 155 159 149 146 146 144 139 154 157 156 149 
142 141 142 141 141 145 152 154 161 159 167 155 150 153 145 113 112 124 140 141 144 175 179 183 180 180 180 180 164 168 169 151 148 151 161 161 174 179 178 156 167 149 107 125 145 168 181 182 188 173 156 153 151 156 163 155 153 163 154 148 145 157 159 156 
146 143 139 140 142 147 154 150 147 159 159 148 137 133 137 137 144 150 160 162 156 153 157 178 186 184 176 174 170 170 173 175 178 166 163 164 162 159 145 155 162 170 166 180 175 170 150 126 133 158 161 158 156 161 164 159 152 157 147 146 155 147 159 160 
156 155 154 153 153 156 150 125 114 129 143 136 125 128 129 131 141 176 216 194 154 153 157 159 163 169 168 175 181 181 183 180 178 172 169 171 165 170 163 167 158 146 144 165 165 169 176 154 140 144 155 154 147 154 176 179 154 150 155 147 150 149 157 155 
168 169 170 169 170 163 134 121 130 136 146 131 131 134 134 152 197 229 202 142 123 127 133 138 142 143 148 158 165 171 177 178 183 173 176 176 172 163 158 161 177 178 162 165 154 149 151 157 161 150 156 161 154 148 152 170 155 152 151 146 154 161 152 133 
180 184 182 179 169 156 127 127 141 147 144 133 137 148 182 221 232 192 129 113 115 118 121 123 127 132 139 143 146 150 158 166 167 162 171 180 181 178 173 168 167 167 162 171 171 166 175 175 175 160 156 159 149 151 147 142 145 149 149 151 166 165 152 132 
175 182 187 184 161 137 129 143 152 154 140 146 169 210 235 230 182 135 129 130 131 130 126 122 121 126 130 129 127 132 135 139 134 127 134 151 169 174 175 177 173 170 169 170 171 167 168 166 164 161 168 169 160 157 157 154 154 148 143 153 150 160 147 141 
170 174 176 176 165 152 149 149 154 157 153 192 225 235 220 172 143 143 144 142 139 138 135 130 128 128 127 122 118 124 126 131 131 133 137 140 148 156 159 159 156 158 163 166 166 167 165 163 161 166 169 162 160 162 153 146 147 145 150 140 134 152 155 131 
176 177 175 168 157 151 164 169 164 172 195 207 205 190 156 141 150 153 153 151 149 147 145 141 140 139 136 130 128 130 129 125 125 130 134 135 142 147 147 143 139 140 145 149 151 155 156 158 155 155 160 163 159 161 156 144 142 148 147 155 142 126 121 116 
179 177 161 134 140 153 162 158 163 173 176 173 165 154 143 142 153 156 157 155 153 153 152 145 148 149 148 146 144 142 141 138 129 131 130 128 138 141 141 137 136 136 136 135 137 141 144 146 145 144 150 154 149 142 127 136 142 144 144 150 139 133 125 113 
185 178 165 140 119 127 152 155 163 166 165 160 158 164 163 161 162 161 160 158 157 157 156 155 154 153 151 152 154 153 151 148 145 144 142 139 140 141 140 139 137 136 134 131 130 132 135 136 135 138 148 146 143 117 113 127 130 133 134 141 140 144 138 121 
183 170 148 133 128 133 145 154 160 163 168 169 170 169 170 169 168 168 167 165 163 163 162 161 159 157 157 158 157 157 156 153 153 151 150 150 146 143 142 142 143 142 139 136 135 136 136 132 128 131 136 135 123 95 108 117 118 120 124 131 136 142 143 136 
171 160 133 122 132 142 147 151 155 169 180 183 181 178 179 177 176 175 174 172 169 167 168 167 165 163 163 163 162 162 163 161 160 157 155 153 152 152 152 150 148 146 143 141 144 143 144 140 137 137 128 122 105 102 111 112 108 110 115 117 122 127 132 136 
159 143 127 134 139 140 144 145 161 176 181 184 185 183 186 184 185 185 184 182 180 177 174 173 172 172 171 169 168 167 167 166 163 162 159 159 157 158 158 157 156 153 151 151 153 148 148 150 151 128 111 113 118 126 131 125 117 111 110 107 109 112 116 121 
138 130 133 134 134 136 130 147 171 179 182 185 186 187 187 187 188 189 189 189 187 185 183 182 181 181 181 179 176 175 172 169 163 163 164 165 166 166 166 164 161 156 156 159 163 166 168 153 145 129 129 137 151 148 149 145 141 137 130 121 115 117 119 120 
134 134 132 131 133 137 138 154 172 179 182 184 183 184 185 187 188 189 190 190 188 187 188 189 187 186 188 184 180 174 168 168 170 173 175 175 174 173 172 169 166 164 164 164 158 162 171 166 128 107 124 150 168 166 164 161 157 152 146 140 131 137 139 137 
137 132 130 131 129 140 148 146 163 173 176 181 182 182 182 182 179 185 188 187 187 188 189 188 183 176 169 160 158 163 170 176 181 185 186 184 184 182 180 177 172 170 168 168 167 160 149 150 134 134 141 162 170 170 167 166 166 163 160 154 147 148 148 147 
130 126 126 128 130 131 139 144 152 164 170 176 178 180 177 175 171 176 180 180 177 174 173 167 157 150 147 153 166 177 182 183 184 187 189 189 188 188 187 185 179 175 173 172 170 165 158 136 124 136 156 173 174 173 172 168 164 159 155 162 163 159 156 153 
125 122 125 126 130 134 136 142 150 155 156 156 157 155 151 152 161 167 173 178 173 171 174 176 172 172 175 178 180 184 188 193 192 189 190 190 183 180 187 189 187 184 181 177 166 156 155 143 146 145 168 179 178 176 174 170 158 159 161 163 162 160 161 161 


219 207 159 102 95 121 128 83 54 60 69 58 62 53 40 59 57 46 45 38 21 30 54 68 133 179 158 60 30 58 88 80 39 20 49 90 114 118 96 56 31 37 50 71 89 91 86 85 86 84 79 76 75 73 62 46 44 69 88 90 89 91 94 95 
233 238 214 158 118 135 132 110 94 84 77 66 90 91 67 55 39 26 20 19 20 30 55 71 90 127 114 57 47 74 98 75 31 27 63 87 89 75 50 34 35 47 74 103 114 108 101 96 95 89 83 79 71 59 47 38 52 83 91 87 87 91 93 90 
191 232 246 226 167 118 98 95 110 117 85 59 64 78 80 72 63 53 38 26 24 29 44 67 70 66 59 52 63 84 84 54 19 36 84 108 88 44 21 31 40 62 90 109 114 114 110 107 103 99 91 77 54 41 47 50 62 82 80 81 83 87 87 85 
113 173 227 238 187 106 94 84 75 86 108 121 100 70 63 67 72 66 48 27 27 29 31 42 60 51 42 48 72 89 77 43 18 40 82 94 60 21 13 32 79 120 131 131 131 126 117 104 94 91 82 61 38 38 57 60 62 74 72 70 71 74 71 68 
98 127 169 207 183 127 111 98 89 101 99 121 135 119 89 67 78 113 105 56 49 57 51 41 42 37 29 42 71 83 70 36 18 42 71 58 22 11 22 57 128 160 150 139 132 122 103 74 59 60 53 36 33 48 63 61 65 72 74 76 74 70 58 50 
129 138 137 156 164 152 136 118 94 85 77 77 95 118 121 97 85 128 137 84 64 69 67 63 57 51 42 48 69 81 66 35 21 43 52 27 9 19 32 66 115 127 108 83 64 47 31 21 27 34 30 29 40 59 73 85 97 99 99 95 82 66 56 61 
231 235 229 218 205 195 191 180 145 125 110 89 80 87 100 93 64 61 72 61 65 72 72 70 70 67 55 48 64 78 65 34 20 28 23 9 12 26 40 69 87 71 42 18 9 9 14 22 28 24 24 40 61 80 96 112 124 126 118 95 64 50 65 81 
253 250 253 255 255 253 250 245 233 214 188 157 126 104 90 76 55 45 45 51 56 61 68 70 72 73 67 55 54 63 58 33 19 13 7 7 19 30 47 62 51 23 7 3 6 14 34 48 40 23 30 59 84 103 114 117 113 106 87 59 41 50 72 86 
232 239 249 254 255 255 255 255 255 255 254 249 239 221 193 160 133 107 89 84 79 67 59 57 61 70 71 65 57 52 47 32 22 13 7 12 22 29 35 32 14 4 4 6 13 35 75 85 58 25 32 61 81 97 107 103 90 70 47 34 43 59 68 68 
222 234 244 253 255 255 255 255 255 255 255 255 255 255 255 254 251 242 226 210 190 157 123 92 69 59 61 68 69 55 39 30 23 18 22 26 26 24 16 8 3 4 6 14 30 56 92 90 53 27 32 50 62 75 86 85 66 40 30 41 55 63 62 63 
193 245 255 255 255 255 255 255 255 255 255 255 255 255 255 255 255 255 255 255 255 253 246 231 211 181 146 118 95 69 47 33 27 31 41 33 24 20 8 4 5 8 22 40 53 60 65 53 36 32 44 56 53 55 63 55 38 27 39 55 60 60 59 60 
241 250 252 252 253 254 253 254 255 254 255 255 255 255 255 255 255 255 255 254 255 255 255 252 254 252 241 235 224 193 152 101 66 53 49 34 25 20 9 9 16 28 46 57 59 56 47 35 31 38 60 78 70 51 46 36 29 35 52 64 64 61 61 58 
231 236 241 240 238 245 244 249 251 249 250 253 253 254 253 255 253 254 253 249 252 252 250 247 250 253 246 237 248 255 251 225 204 179 139 84 56 42 35 39 50 59 63 60 56 51 40 30 30 37 58 74 72 55 35 32 34 43 57 62 62 61 64 65 
170 161 172 202 201 209 238 251 251 246 247 245 244 222 222 229 221 214 232 238 247 228 207 215 206 228 246 252 252 253 255 254 252 244 218 185 138 113 86 81 86 83 74 68 63 53 39 25 29 39 53 60 59 45 33 38 39 47 51 51 54 57 58 53 
85 98 108 127 137 148 158 205 210 181 195 203 195 162 154 172 170 163 177 197 219 224 203 209 194 168 216 240 214 199 207 213 233 244 238 220 205 186 148 117 89 65 55 57 62 58 38 24 31 44 53 51 43 33 32 38 46 53 53 53 49 47 43 39 
100 103 105 85 94 114 116 115 111 98 91 104 116 124 128 156 150 134 150 149 144 127 129 136 164 181 216 239 232 210 173 158 165 168 189 212 225 233 236 221 195 156 120 83 59 48 49 36 30 44 52 45 29 28 32 40 49 55 55 54 50 43 34 26 
84 80 88 98 104 111 135 156 103 85 96 111 127 117 112 117 105 125 142 160 161 161 142 109 122 142 160 178 207 223 213 188 146 146 160 175 185 195 214 232 227 223 192 176 171 157 146 112 92 70 65 63 48 44 40 51 57 55 50 47 41 33 25 27 
90 92 91 89 85 78 78 90 99 102 94 95 123 128 135 134 108 81 82 82 100 122 106 69 67 99 117 131 126 109 104 110 117 129 140 152 162 182 193 206 209 210 201 197 189 179 185 185 185 171 159 132 108 87 73 77 69 63 49 40 29 24 32 39 
103 103 106 106 102 98 91 78 75 86 96 106 113 98 89 81 71 71 93 109 111 110 98 57 56 55 77 92 104 112 108 97 82 71 63 70 85 101 118 142 166 176 195 192 169 134 126 131 146 165 175 170 172 160 149 145 111 81 66 48 35 38 42 55 
109 103 99 107 106 112 113 107 96 98 109 128 137 138 158 136 102 63 54 60 68 97 109 98 66 49 42 68 101 93 107 105 91 95 82 67 47 36 47 32 41 52 77 127 166 160 136 101 76 69 72 91 112 140 165 171 157 141 125 112 103 103 87 82 
120 123 117 124 121 121 137 121 98 90 88 99 103 107 130 137 132 120 109 121 108 112 121 133 117 71 43 31 50 85 83 100 95 65 66 76 78 70 83 61 59 46 37 36 47 76 108 103 76 52 52 62 66 56 50 50 53 63 82 118 149 149 149 141 
113 119 136 141 150 153 136 144 161 155 101 76 80 73 77 81 85 95 96 104 107 113 128 125 143 143 95 54 28 40 70 71 79 89 96 61 47 54 68 70 81 86 92 79 74 49 41 39 44 44 53 53 38 35 42 51 51 47 39 39 51 71 102 125 
116 119 135 128 132 161 163 154 173 182 164 173 156 137 100 62 55 64 74 81 91 103 134 133 133 137 144 123 78 36 25 26 58 74 99 89 64 55 52 56 55 57 67 65 58 49 51 60 58 45 42 44 40 44 44 37 34 35 46 55 49 34 37 41 
135 130 133 137 142 143 134 155 134 121 142 186 199 201 196 175 156 139 104 59 61 71 107 127 133 135 136 142 143 107 65 29 27 46 53 68 80 73 65 65 55 44 38 36 37 42 59 63 52 28 17 16 13 15 18 27 45 57 53 37 32 37 43 40 
125 126 125 127 136 161 158 146 142 104 100 112 137 148 157 186 210 223 197 141 109 93 96 122 133 142 141 143 153 150 127 79 43 24 19 25 44 73 99 61 34 31 31 28 24 20 25 25 29 28 22 22 22 27 23 18 15 20 21 21 25 38 50 53 
134 132 124 126 130 143 147 143 141 169 179 157 117 93 91 103 128 152 156 150 162 161 150 115 124 133 139 148 152 149 145 142 103 55 20 9 13 24 38 63 67 66 66 44 25 16 15 16 16 13 11 13 14 20 25 27 28 25 20 18 19 16 18 24 
128 123 124 128 136 137 146 154 134 123 142 176 176 167 146 133 120 95 73 86 115 126 141 141 121 119 129 139 144 139 137 140 121 83 33 10 3 2 2 4 17 52 54 57 55 53 33 21 20 19 17 15 11 11 12 13 16 16 17 16 17 20 21 23 
132 119 118 129 135 153 164 165 175 186 168 144 151 173 161 162 167 170 151 122 92 77 87 96 103 98 108 111 121 116 109 120 125 126 94 47 17 6 3 3 3 9 20 6 9 61 66 36 40 39 34 27 32 32 19 13 11 12 13 17 20 20 24 20 
147 137 130 137 141 119 110 118 144 183 199 176 152 137 129 135 140 146 167 176 154 128 104 84 80 73 82 86 86 92 90 107 109 120 122 105 78 40 16 7 3 3 4 5 6 15 53 47 35 31 35 43 65 71 55 42 35 29 23 19 18 15 23 27 
131 138 138 137 159 148 157 164 173 144 152 174 168 173 166 156 128 117 121 145 163 153 168 173 169 144 123 102 109 69 64 81 90 94 103 110 108 85 53 35 19 11 5 4 3 3 4 10 16 54 68 50 57 53 60 64 52 51 50 54 56 66 60 38 
128 148 176 167 153 166 173 172 175 151 128 138 147 154 173 201 206 176 150 130 130 123 126 138 156 176 110 69 82 57 40 39 45 51 68 86 92 93 92 86 70 45 25 8 5 4 4 4 5 11 47 53 56 62 73 80 94 77 66 59 63 85 74 69 
134 135 171 164 152 155 192 199 158 160 183 173 145 139 123 139 157 165 169 158 155 147 139 111 105 118 110 82 44 37 38 40 35 40 52 62 63 57 59 69 78 69 52 32 14 6 6 5 4 4 6 7 15 28 70 87 91 77 89 94 89 82 82 76 
166 179 179 173 162 150 150 163 166 166 198 220 228 209 158 144 166 164 151 157 162 157 159 135 137 117 103 107 72 30 29 33 32 31 44 48 51 41 34 37 44 54 61 58 43 26 17 11 8 6 4 4 3 5 34 66 72 78 84 78 68 83 97 124 
171 179 151 140 148 155 170 175 171 153 153 156 180 190 159 157 211 197 154 154 154 142 133 100 90 87 89 105 112 94 104 72 43 33 32 35 32 28 25 30 32 33 42 46 39 41 40 33 24 14 8 6 5 6 7 12 24 58 61 64 63 72 70 66 
138 143 137 129 133 135 148 138 145 154 166 158 134 115 133 146 165 156 152 150 130 103 93 101 100 108 130 143 113 157 177 158 111 78 65 56 55 48 41 38 38 36 35 33 28 26 29 27 23 22 18 14 11 11 50 82 67 110 126 86 60 52 57 53 
151 143 140 134 135 132 130 133 151 160 149 146 164 163 160 163 155 139 122 89 81 101 115 126 139 155 162 141 143 175 181 181 144 112 95 80 54 56 53 43 38 33 23 18 15 12 14 13 11 10 8 9 9 13 21 47 103 153 182 142 118 128 140 107 
168 159 159 155 152 144 138 139 153 160 179 186 174 171 162 160 142 93 72 86 109 120 131 147 162 161 141 145 166 164 172 174 140 100 82 58 38 24 25 25 18 12 7 5 4 4 4 4 4 4 5 5 4 25 55 82 104 104 125 133 138 145 160 154 
160 164 164 167 162 156 155 151 164 183 192 195 185 186 200 169 92 74 81 95 125 134 147 153 149 137 133 162 159 137 123 114 76 40 26 19 13 9 5 7 5 3 3 3 3 3 3 4 5 4 4 5 3 5 33 68 88 89 86 100 104 130 146 143 
160 162 160 157 157 154 150 154 156 177 195 170 152 161 161 92 63 80 89 107 126 137 141 136 128 134 132 116 96 75 52 32 21 11 7 6 4 4 3 3 3 2 2 3 3 3 3 3 4 3 3 5 13 9 21 44 78 69 65 76 76 85 109 110 
162 167 172 163 155 157 149 151 145 160 177 151 150 145 79 72 69 94 96 129 119 127 128 114 104 91 73 49 40 29 18 9 7 7 5 5 3 4 4 4 3 4 2 3 3 3 3 4 4 4 4 5 20 57 108 150 158 153 128 99 87 97 100 101 
177 176 165 164 169 183 166 162 158 151 148 143 151 134 67 73 83 98 88 100 85 77 70 56 43 33 21 15 13 12 11 9 10 10 8 8 9 9 12 6 5 6 5 6 4 4 6 29 80 85 72 90 106 129 120 144 147 160 186 195 180 163 135 139 
227 213 197 183 179 175 168 168 168 161 161 163 166 129 80 74 50 45 41 32 26 21 20 16 19 14 17 21 23 20 18 22 28 31 42 51 49 41 45 40 24 18 36 67 83 62 55 121 162 168 155 179 209 188 163 141 131 130 135 167 174 144 129 134 
244 243 240 231 222 213 199 190 176 168 161 164 164 147 42 29 27 25 28 27 23 33 36 42 45 37 32 33 42 45 59 78 103 140 176 158 140 126 134 158 137 123 155 164 156 172 149 133 118 99 106 134 169 208 207 181 187 184 137 131 137 131 155 163 
219 223 227 224 220 218 217 216 206 193 175 170 165 159 80 27 28 32 44 68 67 67 60 56 65 80 93 90 116 121 118 140 155 180 192 206 219 211 193 180 157 135 130 142 145 149 142 164 180 147 125 115 117 125 140 166 176 145 129 135 142 152 167 145 
177 184 187 188 189 193 195 206 213 193 170 172 167 173 176 121 88 69 75 81 86 90 112 138 137 141 147 152 162 187 160 172 171 152 143 147 176 174 197 230 221 217 204 193 180 168 147 123 125 133 156 174 165 174 155 140 137 138 135 133 145 164 143 137 
123 131 130 124 127 144 170 182 186 164 156 157 146 156 170 145 111 109 140 158 165 165 162 164 161 160 165 167 171 181 163 170 181 186 185 170 171 161 155 151 157 171 175 202 218 217 212 194 174 166 154 144 146 162 162 136 128 126 120 124 140 136 132 133 
75 81 88 88 90 102 130 142 153 150 158 143 140 140 134 101 103 114 132 131 133 164 173 176 169 170 169 172 160 169 167 149 146 154 165 166 181 185 182 156 171 150 110 132 152 176 191 192 197 178 152 144 147 153 160 148 153 167 134 143 139 132 130 139 
75 72 68 73 83 100 131 140 137 152 151 140 117 104 111 106 120 133 135 132 127 136 145 160 168 168 162 160 159 164 168 171 171 162 165 167 166 163 150 162 171 176 170 187 181 176 156 131 138 160 153 146 142 140 149 150 149 161 147 146 159 139 133 143 
85 94 98 97 102 119 135 111 98 116 133 115 76 74 73 77 93 122 142 122 110 124 127 122 131 153 154 157 165 170 176 173 172 167 167 170 161 169 164 169 160 149 147 170 168 173 181 153 135 146 158 154 148 141 178 179 141 144 153 132 138 134 141 148 
118 131 144 146 152 150 119 97 110 123 136 92 71 71 69 87 134 162 123 66 60 76 92 101 110 132 132 135 138 149 166 171 181 166 167 168 164 158 156 162 180 179 159 164 155 148 152 159 160 153 165 160 148 145 155 175 154 141 140 140 142 146 148 139 
156 166 164 162 159 153 107 104 125 139 129 81 72 77 114 162 173 120 54 37 43 58 66 71 86 108 111 113 114 115 124 138 153 154 165 174 172 167 164 158 160 161 153 162 167 164 176 178 173 154 160 161 149 147 139 143 145 148 145 142 154 153 144 130 
149 166 178 174 156 134 111 124 135 149 108 84 94 139 173 168 110 60 55 62 66 68 69 72 76 79 83 88 82 85 94 99 106 112 122 132 147 154 156 160 155 154 156 157 159 155 163 167 163 160 171 170 152 146 144 155 152 138 132 141 138 151 146 139 
125 141 156 161 162 147 138 139 148 146 102 119 149 167 152 99 71 73 76 72 73 74 74 75 72 64 67 76 60 63 69 85 98 105 105 100 112 125 128 130 127 132 143 149 150 154 154 155 155 161 165 160 155 155 148 145 147 138 140 136 135 155 159 129 
120 136 148 153 154 142 154 162 157 138 128 138 141 130 96 87 95 97 93 88 85 81 78 76 73 68 64 60 58 56 56 60 68 80 95 95 100 112 115 114 108 105 111 118 121 131 137 142 144 144 149 159 155 155 152 143 142 147 144 154 145 127 120 110 
106 122 136 126 136 143 150 139 128 119 122 122 118 102 101 100 103 106 106 102 99 96 92 92 85 80 77 73 70 68 69 73 77 68 71 68 79 86 90 89 92 94 101 99 98 106 114 123 122 124 146 155 144 138 122 132 138 141 142 150 138 133 121 107 
138 130 145 135 108 114 119 100 108 116 119 116 114 116 112 107 107 107 108 108 108 104 99 99 96 92 87 84 87 82 81 81 79 73 72 69 71 71 75 76 72 74 79 79 82 92 99 103 102 117 147 142 137 109 96 107 115 120 122 134 135 143 136 116 
143 142 143 123 101 83 80 94 111 117 117 115 113 113 113 115 113 112 110 113 118 119 116 111 106 102 100 97 94 93 92 88 86 84 85 85 83 79 80 79 78 78 79 75 75 83 91 93 93 117 134 129 118 85 76 80 84 86 92 111 119 133 136 126 
115 119 115 85 65 68 85 96 106 127 130 128 123 119 118 113 112 114 113 113 118 119 119 121 120 116 113 109 104 103 102 99 95 93 91 93 91 90 90 89 88 85 82 82 83 91 101 110 127 133 119 113 97 78 75 71 67 71 78 84 90 100 109 117 
115 107 78 59 62 66 82 94 116 129 128 130 129 132 131 120 114 115 121 122 119 116 114 113 113 116 117 116 113 110 108 107 101 97 92 92 95 98 99 101 103 100 92 89 96 100 112 134 150 118 100 105 109 106 108 96 80 75 75 77 80 79 80 87 
98 72 52 50 56 66 83 104 128 133 133 133 133 129 126 118 121 121 125 127 128 124 122 119 115 116 117 113 112 106 104 104 98 97 102 104 108 111 111 108 106 104 105 115 138 143 148 144 144 114 120 136 149 140 138 134 126 118 104 93 92 92 88 92 
70 57 46 44 60 103 118 114 132 137 138 138 138 135 133 132 134 132 133 137 139 134 133 135 132 129 124 113 104 93 88 92 96 103 107 108 111 112 110 107 104 104 109 127 138 145 167 170 122 96 120 152 170 165 159 155 152 144 137 126 114 123 126 125 
65 50 42 56 94 134 142 127 142 147 144 142 145 145 143 140 145 146 145 141 140 138 136 134 121 111 100 84 75 84 97 109 116 119 118 118 116 114 106 103 100 102 108 124 128 127 142 150 126 129 141 163 169 167 164 165 166 161 156 147 140 141 142 142 
63 41 47 84 110 117 119 120 132 145 146 149 149 149 140 137 145 149 149 147 138 126 126 113 86 72 63 73 94 117 121 122 123 124 125 127 127 128 122 115 110 106 112 125 130 142 160 133 121 138 160 173 171 168 169 166 163 156 152 160 163 155 152 150 
56 49 56 62 71 92 101 102 113 131 134 134 134 128 118 118 132 142 152 161 148 139 144 141 125 119 116 118 119 116 122 135 131 124 130 130 134 140 133 132 131 126 120 124 130 149 159 143 148 150 171 173 173 172 170 168 156 156 155 158 160 157 159 158 