


1 2 2 2 2 1 1 1 0 1 1 0 0 0 1 1 0 0 0 0 0 0 0 0 0 0 1 1 2 2 4 5 6 6 5 0 1 1 3 22 70 105 121 125 125 122 117 113 107 107 106 100 94 92 85 83 81 79 79 80 77 72 70 65 
1 2 2 2 1 2 2 1 1 1 1 1 1 1 1 1 0 0 0 0 0 0 0 0 0 0 0 1 1 0 1 2 1 2 3 2 2 7 36 81 108 122 127 126 121 117 113 111 109 104 99 93 87 84 82 79 78 77 74 73 72 68 66 64 
2 2 2 2 1 2 2 2 2 1 1 2 2 2 2 2 1 1 1 1 1 1 1 1 1 0 0 0 0 0 0 0 0 1 2 3 13 54 86 99 112 115 113 109 104 102 102 101 97 91 89 88 86 82 78 75 74 71 68 65 63 60 57 54 
2 2 2 2 2 2 2 2 2 2 1 1 1 2 1 2 1 1 2 2 1 1 2 1 2 1 0 0 1 1 1 1 1 2 3 18 68 98 100 92 90 90 90 88 86 88 90 92 92 93 95 93 92 92 91 91 91 88 83 82 79 74 69 66 
9 7 5 4 2 2 3 2 2 2 2 1 2 2 1 1 2 2 2 2 2 2 2 2 2 2 2 1 0 2 2 1 2 4 26 79 102 101 99 97 102 108 113 114 115 119 122 124 125 123 121 116 115 113 111 109 107 104 97 93 92 90 86 82 
31 31 28 25 23 19 16 13 10 8 5 4 3 2 2 1 2 2 2 2 2 2 2 2 2 2 2 2 1 2 2 1 5 39 93 111 111 114 122 129 133 135 136 140 142 140 139 137 134 132 129 129 129 126 119 113 109 109 105 104 104 103 100 97 
33 35 33 32 34 34 34 35 36 35 32 31 26 21 17 13 10 7 6 4 2 2 2 2 2 2 2 2 2 2 2 6 50 109 124 129 137 147 153 156 154 155 154 155 153 152 150 149 144 143 141 143 139 137 134 130 126 124 124 119 115 112 110 107 
34 35 33 31 32 33 35 35 40 40 40 41 40 41 40 40 38 35 32 28 24 18 13 10 7 4 3 4 3 2 8 57 124 143 151 164 175 178 178 176 175 174 173 169 167 162 161 158 156 156 155 154 152 149 146 145 143 140 138 132 126 123 119 117 
34 36 35 33 33 35 35 36 40 40 41 41 41 40 41 41 42 42 40 40 42 40 37 36 34 30 27 24 18 11 62 139 161 177 191 199 201 203 200 195 192 190 187 183 179 178 176 174 170 168 164 162 163 162 161 159 157 154 151 148 141 138 132 127 
35 36 37 36 37 37 36 38 39 39 40 42 41 41 42 42 42 42 41 41 41 39 39 41 40 39 37 38 35 69 148 177 194 207 213 214 213 215 214 214 212 209 191 180 183 190 188 186 184 183 179 174 175 176 177 174 173 170 163 158 155 152 148 141 
22 24 28 30 32 35 37 37 38 40 42 43 41 41 43 43 42 42 41 41 40 38 38 40 38 38 37 28 52 150 187 203 215 218 218 219 220 223 224 226 225 219 177 156 158 175 184 185 196 193 190 188 187 188 188 186 183 178 171 166 166 163 160 155 
18 17 16 15 15 14 15 15 17 23 48 56 38 42 44 43 44 43 41 40 38 37 36 38 37 38 27 37 134 194 210 219 222 219 219 219 221 227 230 231 229 209 150 150 151 144 145 155 189 202 203 199 198 198 196 194 191 187 181 178 174 170 168 164 
21 22 24 28 29 31 31 32 31 33 68 102 58 45 47 44 43 42 37 32 29 30 28 27 31 32 20 91 193 215 222 224 222 222 224 222 223 228 217 193 200 162 111 132 126 122 141 144 167 217 217 208 205 205 203 203 200 197 191 190 183 175 172 169 
14 13 14 15 17 20 21 24 26 31 58 119 105 61 58 50 41 35 33 29 29 29 24 24 24 25 70 175 212 223 228 226 223 226 229 225 225 210 130 129 163 103 84 109 106 115 131 143 160 209 227 219 211 209 209 207 207 202 198 197 192 185 176 171 
14 14 13 16 18 20 19 21 22 30 52 104 132 96 78 63 38 38 40 45 52 57 43 40 31 50 170 208 220 228 228 223 226 227 228 228 224 187 159 175 127 74 80 97 102 114 126 126 142 178 220 228 221 214 215 213 210 204 200 202 198 193 185 178 
16 16 17 17 17 17 18 22 22 33 50 78 131 138 105 79 44 45 55 67 76 74 69 71 57 134 217 215 225 230 226 221 228 227 225 224 218 188 187 155 88 72 84 88 91 103 98 106 130 159 192 227 227 218 217 219 215 208 203 204 203 197 193 163 
18 17 18 16 16 18 19 23 25 37 45 62 116 151 139 109 56 57 67 76 85 82 83 87 122 204 220 219 227 230 223 225 230 226 223 217 211 192 174 110 69 77 81 81 79 78 74 102 135 154 170 217 229 223 220 221 220 215 211 207 204 201 179 83 
19 17 15 15 17 18 17 22 27 43 41 49 92 143 160 127 66 65 69 75 82 83 88 97 168 213 219 220 227 227 223 230 230 225 219 210 206 202 157 78 64 80 78 76 72 65 74 105 141 145 156 204 228 226 224 224 223 220 216 212 206 199 113 40 
21 19 17 16 17 18 19 24 32 46 39 42 76 127 160 140 77 61 67 72 78 80 91 107 168 204 217 222 225 224 221 230 226 216 205 207 219 218 142 69 64 77 78 75 66 67 81 117 144 134 146 194 227 228 226 227 225 223 220 215 209 154 51 80 
21 21 18 19 20 19 20 27 46 57 39 38 66 110 148 141 84 53 61 67 72 77 90 110 139 186 213 221 222 220 220 225 219 217 217 217 201 184 120 69 61 67 69 65 60 67 76 109 133 148 143 172 225 231 228 228 227 226 223 216 192 79 76 137 
21 23 21 20 23 23 22 34 62 65 42 35 60 95 134 137 98 53 56 61 66 77 88 98 124 157 203 216 217 219 222 227 226 226 206 157 154 161 103 68 61 62 66 66 66 70 80 99 135 151 144 157 219 232 230 228 227 225 220 209 113 63 121 147 
21 22 20 18 20 23 23 37 67 61 41 35 54 92 123 133 118 69 71 60 65 74 76 85 112 128 184 211 217 223 226 222 221 198 119 114 156 156 92 64 62 59 62 70 74 76 82 91 136 147 176 179 213 232 230 228 225 223 219 154 65 101 143 163 
22 21 21 21 22 23 24 38 66 57 43 37 49 92 121 129 124 85 79 67 64 71 69 81 108 114 158 207 215 219 218 219 192 96 62 74 86 98 84 65 62 62 61 68 74 78 74 98 143 172 211 200 213 230 229 227 225 222 191 85 92 137 157 171 
21 23 23 21 23 25 27 40 66 54 41 37 42 87 116 117 115 93 74 72 71 77 67 71 99 116 143 197 210 214 215 192 93 65 83 89 95 96 73 66 64 61 63 71 83 76 73 112 148 189 220 206 214 229 229 227 222 212 122 100 124 153 171 150 
22 23 24 21 24 25 27 41 72 54 39 34 37 77 102 92 97 101 81 70 77 78 64 65 83 119 151 183 206 211 190 95 69 79 88 101 104 90 67 68 70 65 65 72 83 82 85 129 138 183 221 207 216 228 229 227 221 163 116 135 144 164 152 129 
27 28 28 26 25 25 28 48 75 56 40 32 31 64 94 78 91 101 86 79 87 82 72 74 73 100 137 170 196 176 95 85 106 93 93 100 105 88 66 66 73 73 74 75 77 82 106 143 151 193 220 207 218 228 228 226 197 128 153 139 163 156 131 105 
23 24 24 24 23 23 27 54 76 61 44 38 34 52 88 69 88 98 87 87 94 104 109 93 85 77 104 146 144 103 106 131 119 100 92 100 107 90 65 60 67 77 79 82 79 84 113 154 180 217 220 208 221 227 228 219 152 160 155 162 160 136 105 49 
38 39 40 40 40 39 43 62 78 65 50 44 38 43 72 56 76 84 84 90 96 127 139 103 111 78 86 115 113 116 131 142 134 112 85 98 107 90 69 58 61 69 75 81 83 88 119 168 220 230 220 210 223 227 226 175 163 171 171 169 140 113 49 16 
43 44 46 46 45 45 48 63 81 69 57 51 39 39 48 40 60 77 83 97 100 131 142 87 110 100 79 91 105 124 135 151 141 123 84 94 105 84 72 62 62 71 76 92 122 145 157 205 231 232 221 212 223 227 200 161 190 192 183 149 113 55 16 6 
45 47 47 48 48 47 49 67 85 70 64 62 43 35 36 38 56 71 82 100 105 110 130 85 80 105 85 78 98 122 142 155 143 122 87 92 102 83 74 67 64 76 107 160 202 197 208 225 234 233 220 215 222 212 164 201 211 197 171 125 59 16 4 8 
42 45 45 45 44 46 56 80 89 80 68 66 56 39 39 38 59 66 76 100 110 107 131 81 98 107 104 81 90 109 143 157 147 120 93 97 97 81 65 66 64 102 196 217 217 212 223 230 236 233 220 218 217 177 198 224 215 189 148 75 19 5 6 11 
40 42 41 42 42 46 63 89 95 94 90 83 66 54 43 41 59 61 71 97 113 136 159 91 88 135 128 87 84 105 132 147 132 121 97 92 96 85 61 62 71 156 229 228 213 221 229 232 235 230 223 221 199 199 230 226 207 172 96 23 6 5 8 7 
39 40 40 40 41 48 71 97 104 100 102 93 76 67 47 36 47 58 64 79 83 104 150 97 95 145 162 105 87 97 122 127 124 117 99 84 101 92 67 57 89 211 235 225 214 226 231 233 233 230 226 210 202 230 229 219 194 113 27 6 4 3 6 9 
39 40 41 38 34 55 79 102 112 114 106 96 77 64 58 56 58 58 52 54 54 53 81 94 145 127 155 112 101 96 112 121 106 113 105 90 103 99 80 73 154 236 240 228 218 231 234 234 234 230 216 211 230 233 227 203 120 28 6 4 3 4 8 10 
40 41 41 38 41 61 81 100 113 112 108 97 86 68 57 52 60 58 52 65 71 70 74 116 127 90 107 105 107 106 117 132 116 117 110 108 114 106 100 174 228 242 241 226 221 234 234 234 228 216 217 231 234 228 210 142 40 6 3 3 5 10 12 11 
40 42 42 40 53 63 83 101 110 107 97 88 78 65 59 55 60 67 59 68 89 101 103 105 125 109 84 96 110 122 129 153 136 125 117 117 111 110 123 220 238 243 238 221 224 231 227 219 221 228 232 231 231 221 166 55 6 3 2 7 13 13 11 11 
39 41 43 42 59 70 89 99 103 95 93 88 74 62 60 55 55 60 68 59 65 91 99 96 104 101 90 83 91 123 158 178 148 134 114 114 96 95 134 229 234 239 237 231 230 220 224 231 234 232 228 227 220 171 72 9 3 3 9 14 13 12 11 10 
40 41 42 49 72 74 93 103 106 96 91 83 73 63 57 56 59 52 51 60 61 63 87 90 89 84 104 111 114 116 139 191 157 127 113 99 83 87 153 234 232 231 234 236 232 221 223 223 222 224 223 211 178 104 20 2 3 10 16 16 13 12 11 10 
40 41 51 118 110 74 86 94 103 99 82 78 73 65 51 52 56 52 42 44 45 48 69 83 92 86 99 126 149 153 131 166 156 122 110 86 78 79 171 227 230 226 223 228 231 226 224 226 223 218 207 188 126 31 2 3 11 17 17 15 14 12 11 9 
39 48 118 176 109 71 79 82 90 91 75 60 52 50 45 44 48 48 45 44 41 54 76 83 87 82 87 120 147 160 143 101 126 113 109 83 81 89 176 206 217 218 217 214 215 216 212 212 206 202 186 121 31 3 2 9 16 17 16 15 13 11 11 10 
48 109 176 177 103 66 73 69 70 74 71 51 43 39 40 41 40 38 41 49 59 70 78 80 78 79 91 118 137 144 132 87 115 113 129 118 144 166 177 185 198 201 198 199 199 198 196 193 182 154 90 22 2 2 9 15 16 15 15 14 13 12 10 11 
109 167 178 171 97 60 65 59 61 63 52 35 30 28 27 34 31 27 36 53 69 76 63 60 62 72 80 94 116 116 103 138 118 106 174 207 211 204 155 170 187 186 180 174 168 161 152 134 103 55 12 2 3 9 16 16 15 15 15 14 12 11 11 10 
163 170 170 166 97 58 49 42 45 43 28 20 21 20 17 23 27 28 28 29 42 60 67 70 71 60 58 59 71 88 122 161 97 102 179 209 203 157 121 172 177 172 164 155 143 126 108 82 46 10 1 3 10 15 17 15 15 15 14 13 11 10 10 10 
161 163 164 158 91 48 36 30 29 26 17 15 18 17 20 25 26 39 45 36 26 35 50 31 47 63 70 67 70 90 126 128 92 154 200 190 131 99 148 168 163 154 143 131 118 100 79 41 8 2 5 12 15 15 15 14 14 14 13 12 11 11 10 9 
155 157 159 145 77 38 25 21 18 16 14 17 22 16 22 29 31 49 63 62 59 52 29 49 80 96 70 65 62 70 99 128 164 194 169 104 70 126 154 155 145 132 121 108 94 75 36 6 2 7 11 13 14 14 13 13 13 12 12 11 11 10 9 9 
152 154 153 136 63 39 26 18 16 16 21 42 42 21 30 32 34 53 67 73 86 70 21 78 80 67 57 62 59 87 146 184 174 129 78 46 81 134 143 138 123 111 98 88 70 30 5 3 8 13 13 14 14 14 15 15 15 14 13 12 10 10 10 11 
148 151 152 131 62 39 24 16 16 21 50 57 38 31 46 39 43 55 57 59 73 48 44 105 54 40 46 61 101 165 172 128 79 60 54 49 102 129 131 119 105 94 84 63 24 4 5 10 13 14 13 13 14 16 16 16 15 14 15 13 11 11 10 10 
146 148 151 131 66 34 21 16 16 37 54 51 32 45 53 49 49 56 59 71 66 41 101 79 38 39 61 129 167 140 84 60 65 66 55 85 114 122 117 107 94 80 53 16 3 8 12 13 14 15 16 17 16 16 16 16 15 14 13 12 12 11 10 11 
144 145 145 122 56 31 20 17 23 48 60 58 43 55 54 48 48 52 63 78 69 65 84 57 36 72 136 153 105 68 67 75 72 55 75 94 115 123 115 102 82 39 9 5 11 15 16 17 18 18 17 17 17 17 16 17 14 14 13 13 12 11 11 11 
140 142 142 117 51 28 17 16 38 53 68 61 54 63 47 42 44 47 62 72 64 75 75 42 82 141 129 85 71 76 71 61 46 59 75 84 105 121 117 119 68 11 11 16 18 19 20 20 20 18 17 17 17 16 16 16 16 16 15 14 13 11 10 10 
135 139 138 116 56 26 15 23 45 60 74 65 62 66 44 42 40 42 54 55 50 63 54 76 122 108 88 75 76 77 81 82 85 101 96 102 114 121 134 107 30 22 21 22 22 21 20 20 21 19 18 19 18 18 18 17 18 18 16 15 14 13 11 11 
132 136 135 121 66 22 17 33 52 72 78 63 70 58 39 36 39 43 44 33 35 61 84 95 92 90 105 121 132 138 134 123 109 98 97 104 112 110 86 43 29 26 24 24 23 23 23 22 22 21 20 20 19 19 19 17 18 17 16 15 14 13 12 12 
131 134 131 102 44 21 23 47 65 73 75 56 66 38 21 20 27 32 31 31 47 77 88 104 131 145 141 126 101 70 43 27 19 14 18 27 34 36 32 31 30 28 27 27 27 25 24 24 24 23 22 21 20 19 19 18 18 17 17 16 14 13 11 11 
129 130 105 39 23 22 36 54 68 76 71 61 55 28 23 31 28 30 48 52 73 108 133 139 122 94 61 35 18 10 12 18 25 28 31 32 32 33 32 31 30 28 28 29 27 27 25 25 25 23 22 22 22 21 20 19 19 17 17 16 14 13 12 12 
128 105 38 14 22 28 52 62 75 76 72 72 38 24 21 28 44 82 96 104 116 122 101 66 35 16 12 12 16 20 26 29 30 31 31 31 30 30 29 28 29 29 27 27 26 25 25 24 25 24 23 22 21 22 19 19 19 18 17 15 14 13 12 12 
103 38 8 14 25 44 61 72 79 69 54 34 15 19 55 102 127 125 125 105 71 41 21 15 10 9 13 23 31 31 30 30 30 30 30 30 30 30 29 29 29 29 28 27 27 26 26 26 25 23 22 21 22 21 19 20 19 19 19 17 15 13 12 12 
31 7 8 14 35 60 67 74 66 34 14 25 68 121 149 146 125 99 62 31 17 13 12 20 18 19 27 30 31 30 29 30 29 30 30 30 30 30 29 28 30 29 29 27 27 27 27 27 26 24 24 22 21 21 20 20 20 18 18 18 15 13 11 10 
6 6 8 16 56 65 65 56 32 24 67 125 150 154 143 104 50 23 13 15 11 11 12 24 28 30 31 32 31 30 30 31 31 30 31 31 30 29 29 29 30 29 27 28 27 28 27 27 25 25 23 22 21 21 21 19 20 18 18 18 16 14 12 10 
8 9 10 22 48 47 41 39 55 117 151 157 146 111 63 25 15 13 10 24 16 12 18 27 29 29 30 31 29 31 30 30 32 32 31 31 32 30 29 30 30 28 28 28 28 28 28 27 25 24 24 23 21 21 20 20 19 19 18 16 14 12 11 10 
9 11 12 16 20 24 44 93 138 156 149 111 57 32 23 12 11 14 12 37 20 21 27 28 30 30 30 30 29 31 32 31 31 31 32 32 31 30 30 30 30 30 30 29 29 28 26 27 27 25 24 22 21 21 20 19 19 18 17 15 15 13 11 12 
9 10 10 12 25 68 123 146 151 124 64 24 17 21 15 10 11 13 12 16 23 27 27 28 30 29 30 30 30 30 31 31 31 32 31 32 30 30 29 30 29 29 30 29 28 27 27 27 25 25 23 21 22 21 20 19 18 17 16 16 13 12 11 11 
8 8 11 40 103 141 150 138 85 31 13 13 15 16 15 35 15 12 15 23 26 27 28 28 29 28 28 29 29 31 31 30 32 31 31 30 30 29 29 29 29 30 30 28 28 28 26 25 24 24 23 22 21 20 19 19 17 18 16 15 13 12 11 10 
6 16 63 123 145 144 109 47 15 11 12 10 12 13 15 36 13 18 23 26 27 28 28 27 28 28 28 29 29 30 30 30 30 31 30 30 30 29 29 28 28 28 28 28 26 27 25 24 23 23 23 22 20 19 18 17 18 17 16 16 13 11 10 10 
17 74 129 142 138 85 25 11 10 10 12 9 12 10 8 10 21 23 23 25 27 27 26 26 27 27 28 27 27 29 29 31 28 29 30 29 29 28 29 28 28 27 27 26 26 25 23 23 22 22 21 21 20 19 17 16 17 18 15 14 12 11 8 7 


1 0 1 1 1 0 0 0 0 1 1 0 0 0 0 0 0 0 0 0 0 0 0 0 0 0 1 1 0 1 1 2 2 3 3 0 1 1 1 16 52 82 96 99 99 97 93 90 86 86 85 80 76 74 70 67 65 65 65 66 62 59 56 52 
0 1 1 0 1 1 1 0 0 0 1 1 0 0 0 0 0 0 0 0 0 0 0 0 0 0 0 1 0 0 1 0 1 1 1 1 1 4 26 63 87 99 103 102 99 95 91 91 89 86 82 77 73 70 68 66 66 64 61 62 60 56 55 53 
1 1 0 0 0 1 1 0 0 0 0 0 0 1 0 0 1 1 0 1 1 0 0 0 0 0 0 0 0 0 0 0 0 1 0 1 8 40 69 82 92 95 93 90 86 85 85 85 82 77 75 74 72 69 65 63 62 58 55 52 52 49 47 44 
0 1 1 0 0 0 0 0 1 1 1 1 0 0 0 0 0 0 0 1 0 1 1 0 1 0 0 0 1 1 0 1 1 0 1 12 53 80 84 79 75 75 75 73 72 73 75 75 77 77 79 79 78 76 77 76 76 72 70 67 65 61 57 55 
2 2 1 1 1 0 0 0 1 0 0 0 1 0 1 1 1 1 0 0 0 0 0 1 0 0 0 0 0 0 1 1 0 1 17 60 83 84 82 82 85 89 93 95 96 99 101 104 106 104 101 98 97 95 94 92 90 86 81 79 78 76 71 68 
8 8 7 7 6 6 5 4 3 2 1 1 1 0 1 1 1 1 0 0 1 0 1 1 1 0 0 1 0 0 1 0 2 27 73 91 92 94 101 108 112 112 114 117 119 117 117 116 114 112 108 110 109 106 101 97 93 91 88 88 89 87 84 81 
9 10 9 9 9 10 11 11 12 11 10 10 8 7 6 4 3 2 1 1 1 0 1 1 0 0 0 1 0 0 0 3 36 86 101 107 114 123 128 132 131 131 130 131 129 128 128 126 122 120 119 122 118 117 114 111 108 106 104 101 97 95 93 90 
9 10 9 9 9 9 10 11 13 13 13 14 14 15 14 14 14 12 12 10 7 6 4 3 2 1 1 1 0 0 4 43 99 117 126 140 150 155 156 154 152 152 151 148 145 141 139 136 135 134 134 133 129 129 125 125 123 120 117 113 108 104 101 99 
10 10 9 9 10 11 11 12 14 14 14 16 15 16 15 16 15 15 15 15 14 14 14 13 12 11 9 9 6 5 47 114 135 152 168 177 181 182 181 176 171 168 165 162 160 158 157 154 149 147 143 142 142 142 140 138 135 133 129 126 121 117 113 109 
9 10 10 11 10 11 11 13 14 15 15 17 16 15 15 16 16 16 15 14 14 14 14 15 16 14 15 17 12 48 124 152 170 187 195 196 195 197 197 196 194 192 169 158 165 174 172 169 166 165 160 154 155 156 157 154 152 148 142 137 133 130 127 122 
6 7 8 9 10 10 11 12 13 16 20 20 17 16 16 16 16 15 15 15 13 13 13 15 16 13 15 12 36 127 166 183 198 202 202 201 202 208 210 211 210 204 153 132 138 159 169 169 182 178 173 170 169 169 169 166 163 158 151 146 145 142 140 132 
5 5 5 5 5 5 5 5 6 10 33 40 20 17 17 17 17 16 15 14 13 12 12 14 15 13 10 22 115 175 192 204 206 203 203 203 205 213 218 218 216 192 126 129 131 124 126 138 176 189 189 185 184 183 180 176 173 168 162 158 154 149 149 143 
4 5 6 7 8 9 10 10 11 13 51 89 45 22 21 18 17 16 13 11 10 10 9 12 13 13 7 75 175 198 208 212 208 208 210 207 208 214 198 164 167 139 93 112 104 101 121 127 150 208 207 194 192 191 189 188 184 181 172 171 163 155 152 148 
1 1 1 1 2 2 3 3 5 10 41 103 92 40 33 24 16 10 9 8 11 13 9 13 13 12 57 163 197 209 216 214 210 215 218 213 211 189 94 82 114 80 68 90 86 94 109 123 144 201 220 210 200 195 196 195 192 187 182 181 174 165 157 152 
1 1 1 1 1 1 1 2 2 8 37 87 119 81 56 41 14 14 18 26 38 44 30 26 17 38 164 199 207 217 218 212 214 215 217 216 210 154 120 148 104 57 64 79 82 93 103 104 125 165 213 220 210 202 203 201 197 190 186 186 183 177 167 161 
1 1 1 1 1 2 2 2 2 12 35 62 116 124 87 63 23 26 39 56 64 64 60 61 44 125 217 206 213 219 215 210 217 216 214 210 202 148 150 133 71 57 68 73 74 84 79 86 112 142 178 218 217 208 207 208 203 196 192 191 188 182 178 146 
1 1 1 1 1 1 1 2 4 17 33 49 98 137 127 96 38 43 55 64 73 72 72 78 110 203 219 209 216 220 211 214 219 214 210 202 193 156 135 91 52 61 67 67 65 63 57 85 117 136 151 205 222 215 211 211 209 204 199 194 191 189 165 68 
2 1 1 1 1 2 2 3 6 25 31 37 78 130 148 116 53 54 59 63 71 73 78 87 157 213 215 211 216 218 212 220 220 211 201 191 186 178 128 62 48 64 63 62 59 52 59 89 123 128 136 187 220 219 216 215 213 210 205 201 194 188 98 28 
1 1 1 1 1 1 2 3 10 31 29 31 63 112 149 132 66 50 57 61 68 72 82 96 157 202 212 212 215 215 210 220 214 198 181 185 206 204 121 54 49 62 64 61 51 53 68 100 125 119 127 175 217 222 220 218 216 213 211 205 199 142 39 72 
2 1 2 2 2 2 2 6 27 44 30 28 53 96 137 133 75 42 49 57 62 69 80 96 127 180 207 213 213 210 208 214 205 199 202 207 188 165 100 53 46 51 55 52 47 54 65 93 115 132 124 151 214 225 221 221 217 216 213 206 180 66 68 131 
2 1 2 2 3 3 2 13 48 53 32 26 47 81 121 127 90 44 47 50 56 66 78 87 110 146 196 209 208 208 213 220 215 217 196 141 134 138 84 52 46 46 50 51 53 58 66 81 116 134 123 132 206 224 221 218 217 216 212 198 98 53 116 143 
2 2 2 1 2 2 2 18 54 51 32 25 40 78 111 122 110 63 64 50 55 65 67 74 97 112 174 204 208 216 220 213 214 189 104 100 139 136 74 50 48 45 47 56 62 64 67 73 116 129 155 153 198 223 221 218 216 214 210 140 53 97 139 159 
2 2 2 2 2 2 2 18 54 47 33 28 35 77 108 117 112 76 72 59 54 61 60 71 96 99 143 198 208 212 209 210 183 83 49 63 72 81 68 50 49 48 46 55 60 65 60 81 122 156 198 180 197 221 222 219 216 213 181 73 89 135 155 169 
2 2 2 2 2 2 3 18 53 43 33 30 33 72 104 106 103 83 67 62 61 66 56 59 86 101 128 188 203 208 210 183 81 52 69 75 80 80 59 54 52 48 49 57 70 63 59 96 127 176 208 188 199 219 221 219 214 203 110 96 124 154 170 147 
1 2 2 2 1 2 3 21 60 45 32 28 29 61 90 82 85 92 73 60 67 67 53 52 71 105 134 173 203 208 183 83 56 67 73 84 84 73 52 54 57 52 52 60 71 69 69 110 117 167 207 189 201 218 221 217 212 151 109 133 143 165 150 125 
6 6 6 5 4 3 6 30 65 48 32 24 25 51 80 66 77 92 78 68 74 70 60 62 62 89 122 158 191 168 82 72 92 81 80 83 85 71 53 54 60 59 59 61 64 69 89 123 130 175 203 188 203 218 220 217 186 118 150 135 163 153 127 102 
10 10 10 9 9 9 12 39 65 53 35 29 27 41 75 57 75 88 78 76 81 89 93 80 73 68 94 131 132 92 91 114 106 89 79 81 85 73 52 47 54 64 66 67 66 70 94 131 159 203 202 189 207 217 217 209 141 155 151 160 156 132 99 39 
18 18 18 19 19 19 23 46 68 57 41 35 30 34 60 43 64 75 73 77 81 109 122 89 99 68 77 103 102 106 116 123 118 99 71 78 85 73 56 46 48 57 63 68 68 73 96 141 205 219 204 192 209 216 216 162 157 167 168 164 135 108 39 6 
21 21 21 21 22 22 27 47 71 63 48 41 31 30 37 30 51 68 71 83 83 111 125 73 93 89 71 82 93 112 119 131 124 108 70 75 84 68 60 50 50 57 63 78 103 120 128 188 222 222 205 194 209 215 186 148 187 192 179 143 107 46 7 2 
22 23 23 23 23 23 31 53 75 62 56 55 36 29 28 29 48 62 70 88 88 93 114 68 53 88 77 72 88 110 126 136 127 108 72 74 83 69 64 55 51 64 91 147 192 179 192 214 225 223 204 197 207 197 148 198 211 196 165 119 49 9 2 5 
22 22 23 22 23 24 39 68 82 73 60 59 46 32 30 29 49 57 66 89 93 91 116 69 64 85 93 74 80 98 129 139 129 106 78 78 78 65 54 55 52 89 186 213 208 197 211 220 226 222 205 203 204 159 192 224 214 185 142 64 10 2 4 8 
19 19 20 20 21 25 48 77 87 86 80 74 57 45 34 32 49 51 61 86 97 118 143 81 63 107 113 78 75 92 116 128 116 105 80 73 77 69 51 51 58 145 227 224 202 209 218 222 225 219 208 208 180 189 229 226 204 165 87 13 2 2 6 6 
18 18 19 20 20 28 56 85 93 89 90 83 68 57 40 28 38 48 53 68 70 86 132 87 70 114 140 94 77 86 106 111 107 99 83 67 80 74 55 48 76 205 232 216 203 217 222 223 223 219 213 193 187 229 229 218 190 102 18 3 2 1 5 8 
18 19 19 17 13 36 66 88 100 102 95 86 69 53 48 47 49 48 41 42 43 42 67 78 102 97 130 98 88 85 98 106 92 97 89 74 84 80 64 62 144 235 238 219 208 222 225 225 224 219 198 195 227 232 226 198 109 19 3 2 1 3 8 10 
20 20 21 18 24 46 69 88 100 99 97 87 78 57 45 42 50 49 42 53 61 59 60 94 89 68 92 92 94 93 103 117 103 101 93 89 95 87 81 164 224 243 238 217 212 225 225 224 216 198 201 226 231 226 204 132 32 3 2 1 4 9 11 10 
20 21 21 21 36 51 72 89 98 95 88 78 67 55 47 42 48 57 47 55 77 86 87 88 104 91 74 86 97 107 113 138 122 109 99 99 93 91 105 211 235 244 236 213 216 221 215 202 206 219 227 228 228 218 156 45 3 1 1 6 11 12 11 10 
19 20 20 21 41 57 78 88 92 85 85 79 64 52 49 44 43 49 56 48 54 77 84 83 90 86 77 71 78 108 140 165 135 117 97 96 79 77 117 222 230 238 238 229 224 213 220 227 231 228 225 225 217 161 61 4 1 2 8 13 13 12 11 10 
18 20 20 28 56 59 81 91 94 88 84 75 64 53 44 46 48 41 41 49 50 50 75 78 77 71 89 94 98 101 125 183 148 112 96 83 68 71 140 227 226 225 233 236 233 220 221 220 219 220 220 204 163 90 15 1 2 8 14 14 13 12 11 10 
18 21 30 104 102 60 77 85 92 89 75 70 65 55 39 40 45 41 32 34 36 38 58 72 81 76 86 107 128 134 115 157 148 110 95 72 64 66 156 216 219 216 215 225 231 225 221 224 219 211 195 171 111 24 1 1 9 15 16 14 13 12 10 10 
18 28 103 173 103 59 71 73 80 81 67 50 41 38 33 33 37 38 35 35 32 43 66 72 76 70 74 100 125 140 124 83 117 103 96 69 67 75 162 192 202 204 205 204 209 210 203 201 193 187 169 105 24 1 1 7 15 16 15 14 13 11 10 10 
27 95 173 175 95 52 63 61 61 64 61 41 34 30 32 32 31 30 32 39 47 58 68 69 66 67 75 98 117 124 113 68 106 102 114 107 132 156 165 171 180 181 179 181 182 181 180 177 165 136 75 16 1 1 7 15 16 15 15 14 12 11 10 9 
95 163 175 169 91 46 55 50 53 56 44 27 23 20 19 27 25 21 28 42 57 63 52 49 50 59 65 77 97 97 87 128 111 94 162 200 205 197 141 154 166 163 157 150 144 137 129 113 86 43 8 1 2 8 15 16 15 15 14 13 12 11 11 9 
159 167 167 164 93 46 39 33 36 36 22 13 14 11 9 15 21 21 19 21 31 47 54 58 58 47 46 46 57 72 105 149 89 92 168 203 196 145 102 148 153 147 140 129 118 106 90 68 36 7 1 3 9 14 15 15 14 13 13 12 12 11 10 9 
158 160 161 156 87 40 29 22 20 17 9 8 10 8 11 17 18 28 33 26 16 25 37 20 35 51 60 56 58 75 106 112 81 143 191 181 116 79 123 139 136 129 120 109 98 85 67 33 6 1 5 11 14 15 14 14 13 12 12 11 11 11 10 9 
150 153 157 143 73 31 19 12 8 8 6 9 13 9 17 22 25 38 49 47 45 43 17 26 63 79 59 55 50 57 84 113 152 183 155 88 49 102 127 127 119 110 101 91 81 63 28 4 1 6 13 14 14 13 13 13 13 12 13 13 12 10 9 9 
147 150 150 134 58 33 21 10 8 8 12 31 31 14 23 26 26 39 53 58 71 60 13 47 64 54 47 51 47 76 133 170 160 112 60 29 61 108 115 114 103 94 84 75 59 24 3 2 8 12 14 14 13 13 14 13 14 13 13 12 11 10 10 10 
143 146 148 128 56 32 18 10 9 13 38 47 29 23 36 31 32 40 41 42 58 39 27 69 42 30 38 51 89 151 158 112 63 43 38 35 83 106 107 99 88 80 71 53 19 2 4 9 12 13 13 14 15 15 15 14 14 14 13 13 11 10 9 9 
141 144 145 127 59 28 16 9 10 27 45 44 26 36 44 40 37 40 41 52 52 27 61 56 31 31 52 117 151 124 69 47 53 52 45 72 93 99 97 89 80 68 43 12 3 7 11 13 13 15 16 15 16 16 15 15 14 14 12 12 11 10 9 9 
138 141 141 119 50 25 11 7 15 37 53 52 35 45 44 38 38 37 46 62 56 45 59 46 29 62 122 138 91 55 59 67 60 44 68 83 95 101 96 87 71 32 6 6 12 14 15 17 18 18 18 17 18 17 16 14 14 13 12 11 10 10 9 9 
135 138 138 115 46 21 9 7 27 44 62 54 45 55 40 34 35 33 47 56 50 59 60 34 73 126 115 75 62 66 61 51 37 52 68 76 91 102 100 107 62 10 12 17 19 20 20 20 19 19 19 17 17 16 16 14 15 15 14 12 12 11 10 9 
132 135 134 115 54 18 7 13 35 53 70 60 55 60 38 37 33 31 40 41 39 51 45 67 108 94 76 68 67 67 72 74 78 96 90 97 104 111 125 99 27 23 23 23 23 23 22 22 21 21 20 19 19 16 17 17 17 17 15 14 13 12 11 10 
130 132 131 119 64 16 8 24 44 67 75 57 65 53 33 30 31 32 33 25 26 50 76 84 78 78 94 112 123 129 125 114 101 89 88 95 104 104 81 40 28 26 26 25 25 25 24 24 23 23 23 22 21 20 19 19 18 17 14 13 14 12 12 10 
128 130 128 100 39 13 14 35 57 68 71 49 60 33 17 15 19 23 21 24 36 64 75 95 121 136 133 118 93 63 39 27 23 14 16 26 33 35 33 30 29 28 28 28 26 26 25 25 24 24 24 23 22 21 20 19 18 17 16 14 13 12 12 11 
127 128 104 38 18 14 26 45 63 71 65 51 47 19 16 24 20 22 40 43 64 98 123 131 114 88 57 35 28 20 14 20 29 28 31 32 32 32 32 30 29 29 28 29 28 27 27 26 25 25 25 24 22 21 20 19 18 18 17 16 14 13 12 11 
126 105 37 12 18 19 40 54 71 70 58 60 29 16 14 22 37 76 91 98 109 115 94 62 35 20 11 24 32 25 27 29 31 32 31 31 32 31 31 30 29 29 28 28 28 28 27 26 26 26 25 24 23 22 21 20 19 18 18 15 15 13 12 11 
102 38 8 11 20 34 51 66 73 59 40 25 9 16 52 98 121 118 120 101 67 37 21 28 38 27 16 26 32 32 31 31 31 31 31 31 31 31 31 31 30 30 29 28 28 28 28 28 26 25 25 24 24 23 22 21 20 18 18 16 15 14 12 11 
31 5 6 9 27 52 59 67 56 26 10 21 63 115 142 139 121 94 59 33 26 18 15 41 34 24 28 32 32 31 30 31 31 31 31 31 32 31 31 31 31 31 29 29 28 28 29 28 27 26 25 24 24 23 22 22 21 19 17 16 15 14 13 11 
4 5 6 12 47 58 58 47 26 20 63 119 143 148 137 99 46 21 20 43 45 26 12 25 30 31 31 32 31 31 32 32 32 32 32 32 32 31 31 31 32 31 30 29 29 29 28 28 26 25 25 25 23 22 22 22 21 19 18 16 14 12 12 11 
7 7 9 17 41 40 34 32 50 112 146 151 142 106 59 25 18 14 23 55 30 15 19 27 30 31 32 32 32 33 33 33 33 32 33 32 32 32 32 31 31 30 30 30 29 29 28 28 27 26 26 25 23 23 23 21 21 19 17 16 14 13 12 10 
8 9 11 14 17 19 39 88 134 152 145 106 53 30 30 42 43 20 14 41 21 22 28 29 29 30 31 32 32 33 33 33 33 33 33 32 31 32 32 32 32 30 31 29 29 30 28 28 27 26 26 24 22 22 21 20 20 18 17 16 14 12 12 12 
8 9 10 10 20 63 117 140 147 121 62 23 16 22 41 54 36 19 11 15 25 29 29 29 30 31 31 32 32 32 33 34 33 33 32 33 32 31 31 32 32 30 30 30 29 29 28 27 26 26 25 23 23 22 21 19 18 18 16 15 13 12 11 10 
6 7 10 38 99 137 145 133 81 30 16 21 19 17 40 58 18 12 16 24 28 29 29 30 30 30 31 31 31 32 32 32 33 32 32 32 31 32 30 31 31 30 30 29 28 28 27 27 25 24 24 23 22 20 21 18 17 17 16 14 13 12 11 9 
6 14 60 119 141 140 104 45 15 15 39 56 37 14 18 37 13 18 25 27 27 29 29 29 29 29 30 30 30 30 31 31 32 32 31 31 31 31 30 30 29 29 29 28 28 27 26 25 25 23 23 22 20 19 19 17 16 16 15 14 12 12 11 9 
16 72 125 137 134 82 23 11 9 20 52 54 31 14 10 11 21 25 26 26 27 28 28 29 29 29 29 29 29 30 31 31 31 30 30 30 29 29 29 29 29 29 28 28 27 27 25 25 23 23 21 21 20 17 17 17 15 15 14 13 11 10 9 8 


1 1 0 0 0 0 0 0 0 1 1 0 0 0 0 0 0 0 0 0 0 0 0 0 0 0 1 1 1 1 2 3 4 5 4 2 1 3 4 18 57 88 101 105 104 103 98 94 90 91 90 85 80 79 76 72 72 71 71 72 69 62 61 58 
1 1 0 1 1 0 0 1 1 1 1 1 0 0 0 1 0 0 0 0 0 0 0 0 0 0 0 1 1 0 1 1 1 1 2 1 2 7 30 67 92 104 107 108 103 100 98 96 94 90 88 84 78 75 73 71 71 70 67 66 65 62 61 59 
0 0 1 1 1 0 0 1 1 1 1 1 0 0 1 1 1 1 1 0 1 0 0 0 0 0 0 0 0 0 0 0 0 1 1 2 10 45 74 87 98 102 98 95 92 91 91 91 87 83 82 81 79 76 72 69 68 65 64 61 60 57 55 52 
1 0 0 1 1 1 1 1 0 0 0 1 1 0 1 1 1 0 1 0 1 1 0 0 0 0 0 0 1 1 0 1 1 2 2 13 57 84 89 84 82 81 81 80 79 79 82 84 84 85 87 86 84 84 84 84 82 80 77 75 72 69 64 61 
2 2 2 2 1 1 1 1 0 1 1 0 0 1 1 1 0 0 1 1 1 1 1 1 1 1 1 1 0 1 0 1 1 2 19 66 88 90 88 88 93 97 101 103 105 107 110 113 114 111 110 105 105 103 102 101 98 92 88 86 86 83 78 76 
7 6 5 6 5 5 5 4 3 2 2 1 1 1 1 0 0 0 1 1 0 1 0 0 1 1 1 1 1 1 1 1 4 29 79 98 98 101 109 117 121 122 123 127 128 127 126 125 123 121 118 119 118 114 109 104 102 100 96 95 96 94 91 88 
9 7 7 5 7 8 8 7 9 9 8 7 7 6 5 4 2 2 2 2 0 1 0 0 1 1 1 2 1 1 2 4 41 94 108 115 123 132 138 142 141 142 141 142 138 138 137 135 132 130 129 133 129 127 124 120 118 116 115 110 107 104 101 98 
8 8 7 6 7 7 7 7 8 9 9 9 9 9 9 9 9 9 8 7 6 5 4 3 3 2 1 2 1 1 5 48 109 127 134 147 158 162 163 162 161 161 159 156 155 150 149 146 144 145 143 143 140 138 134 135 134 131 128 122 117 114 110 107 
6 8 8 7 7 8 7 8 9 10 10 10 10 9 9 10 11 10 11 10 10 11 9 9 9 9 9 9 6 5 52 123 145 159 172 181 183 184 183 179 176 175 171 169 168 166 165 163 159 156 152 152 152 152 151 149 147 144 139 135 130 128 123 119 
7 7 7 8 8 8 7 8 9 10 11 12 11 10 10 10 11 10 11 11 10 10 10 12 11 11 11 13 13 53 133 158 175 188 195 196 195 198 197 196 196 194 174 166 174 181 178 175 173 172 167 162 164 165 165 163 160 158 152 146 144 141 136 131 
6 6 6 7 8 9 9 9 10 13 17 15 11 10 11 10 11 9 8 9 10 9 10 13 12 11 11 12 40 136 171 185 198 200 200 200 202 208 209 209 208 203 159 143 149 168 175 174 186 184 179 176 176 176 175 173 170 165 159 154 154 152 149 143 
4 4 4 4 4 5 4 5 5 9 34 41 18 12 12 11 10 9 10 10 10 10 10 14 14 11 9 25 123 180 192 203 206 202 201 202 205 212 215 214 211 190 133 142 143 135 135 145 179 191 191 187 187 186 182 180 178 174 167 165 162 159 157 152 
4 4 5 5 6 7 7 7 7 10 53 97 50 18 17 13 11 11 11 11 11 11 11 14 14 13 9 82 181 200 207 211 208 207 208 206 207 210 190 149 150 137 97 119 108 105 129 137 155 208 207 196 194 193 190 189 186 183 176 176 170 164 160 156 
3 3 2 3 2 3 3 5 5 10 44 111 101 40 32 20 12 10 10 10 14 15 11 15 16 15 64 172 199 209 215 214 209 213 216 212 209 181 79 63 96 81 69 92 88 96 115 132 153 202 218 209 200 196 196 195 194 188 184 184 179 172 165 163 
3 3 3 3 3 3 3 4 4 10 42 92 129 86 58 42 15 14 19 30 44 50 33 29 20 43 176 204 208 216 217 210 213 214 215 215 208 135 103 147 106 61 66 81 83 94 107 109 136 172 212 218 210 202 203 201 198 192 188 188 185 181 174 171 
4 4 4 4 2 3 3 5 5 14 42 66 125 136 94 68 24 29 43 60 69 69 64 66 47 134 226 208 213 218 214 208 215 214 211 209 199 123 135 135 71 59 72 75 76 85 80 90 122 154 182 217 217 208 208 208 203 198 194 194 192 186 184 154 
4 4 3 3 4 4 3 5 5 19 40 53 104 149 139 105 41 48 61 70 80 76 78 83 115 213 226 209 215 218 210 211 217 212 208 200 190 137 119 93 54 64 69 69 66 64 59 89 127 150 162 205 222 216 212 212 209 204 200 197 194 191 171 69 
4 4 4 4 4 3 2 4 6 27 37 42 81 141 161 128 58 58 63 68 76 79 83 92 162 223 218 210 216 217 211 218 217 208 199 189 182 172 124 64 51 67 65 64 62 56 62 95 135 140 148 189 219 218 217 216 213 211 206 203 198 192 102 28 
4 4 3 4 3 3 3 5 11 34 34 37 67 124 163 146 74 54 58 63 69 77 87 102 164 213 214 212 214 213 209 217 210 194 178 185 206 205 125 56 51 64 65 63 56 59 71 108 140 130 139 178 215 220 220 219 216 214 211 207 201 145 39 79 
4 3 3 4 3 4 4 8 28 49 34 33 57 104 151 147 83 49 54 59 64 74 88 103 136 192 209 213 212 209 208 211 199 196 203 209 190 167 103 56 49 54 57 54 51 61 69 102 127 145 135 154 214 224 221 219 218 217 214 207 184 67 71 145 
4 4 4 4 4 5 4 15 53 59 36 31 50 87 135 141 100 50 51 54 60 74 86 93 117 155 198 208 208 208 211 216 212 218 199 144 139 143 87 56 50 50 53 54 57 62 71 86 126 145 131 136 205 224 221 219 217 217 213 203 101 55 128 159 
5 4 4 4 4 4 4 20 59 57 38 29 44 84 123 135 121 67 70 55 61 72 74 80 103 117 178 204 207 215 218 210 215 192 104 102 144 140 78 53 51 48 50 58 63 67 72 76 125 135 158 156 197 222 221 219 216 215 213 144 56 109 156 178 
5 4 5 4 4 5 5 18 58 53 40 34 40 82 120 130 123 83 77 65 59 66 64 75 101 104 148 199 207 210 208 214 185 83 50 66 75 83 70 53 52 52 51 57 64 69 63 85 132 160 198 182 197 219 220 220 217 215 184 75 100 152 175 189 
4 5 5 4 4 5 5 18 59 51 38 35 38 75 113 115 110 91 72 67 65 70 61 62 93 108 135 192 205 210 215 187 80 52 69 76 80 81 61 56 54 51 54 60 75 67 61 103 136 178 208 189 199 218 220 220 215 205 112 108 142 173 191 170 
6 5 5 4 4 5 5 22 65 52 37 29 32 63 96 88 88 98 79 65 71 69 57 59 75 112 141 182 211 216 187 83 58 68 73 84 85 74 57 58 60 56 57 64 74 75 74 120 121 169 206 189 201 217 220 217 213 153 120 151 162 185 171 148 
6 6 6 6 5 5 6 33 72 54 37 27 26 52 85 69 81 98 83 72 78 72 64 66 65 94 127 168 201 173 82 74 96 84 82 83 84 72 58 58 63 64 63 67 68 74 93 133 133 177 202 189 203 215 218 216 187 123 165 154 183 175 150 122 
7 8 7 7 8 8 10 42 73 59 42 34 30 42 77 60 80 94 82 79 85 93 101 83 78 73 97 140 138 95 94 118 111 94 81 79 84 73 55 53 59 68 71 73 71 75 100 139 160 202 201 190 206 215 216 209 143 168 167 180 177 154 119 47 
13 15 15 14 15 15 21 50 75 64 48 42 36 38 62 46 68 79 75 80 83 115 132 92 106 75 83 110 110 114 121 127 124 106 72 78 84 72 57 50 53 61 69 74 74 77 98 140 205 216 203 192 209 214 215 163 165 182 187 185 156 127 47 9 
15 16 17 17 16 17 25 51 78 69 55 49 37 35 40 33 53 71 75 87 87 120 136 78 99 95 76 87 100 120 126 138 131 116 71 74 81 67 61 54 54 63 68 82 107 120 125 186 221 220 204 194 207 214 185 151 199 206 198 163 125 53 8 5 
16 17 17 18 18 19 33 59 83 69 63 61 42 33 30 32 51 66 76 95 95 99 123 69 48 95 83 77 95 118 133 142 132 116 73 71 81 69 66 57 56 69 97 154 195 178 189 212 223 221 203 196 206 197 149 207 224 212 186 139 56 9 4 7 
17 16 17 18 17 22 43 74 90 80 65 64 52 36 34 31 52 61 72 98 102 99 125 73 37 84 100 81 87 104 134 144 137 110 78 77 77 65 57 58 56 93 191 220 209 196 209 218 224 219 202 200 203 159 200 235 228 204 162 75 12 4 7 12 
14 15 15 15 16 25 51 84 95 95 89 82 63 50 39 35 52 56 68 94 106 127 155 91 37 89 120 86 82 100 122 133 123 108 80 71 75 69 54 54 61 147 232 226 201 207 216 220 223 216 208 207 178 193 239 237 220 185 97 16 5 5 9 9 
12 14 14 14 15 29 61 93 102 98 100 91 72 61 44 30 41 52 58 74 77 91 140 95 43 89 143 101 84 93 111 114 112 102 84 66 79 73 58 52 78 208 234 213 202 215 219 220 221 215 211 188 189 236 239 230 205 113 22 6 4 4 8 11 
13 14 15 13 13 38 70 95 109 112 103 94 73 57 52 52 53 53 47 48 48 47 72 79 50 83 133 103 97 91 103 112 94 98 90 72 82 79 63 67 147 240 241 216 205 219 221 221 221 215 191 192 233 240 236 211 120 22 5 4 2 6 11 13 
14 15 15 13 25 50 74 93 108 108 104 94 83 62 50 45 53 52 46 57 63 61 62 93 66 73 101 99 102 99 110 125 106 104 94 89 93 86 79 163 226 248 240 215 210 221 221 221 208 188 199 231 237 234 217 146 38 5 4 4 7 14 15 15 
13 15 15 16 37 54 78 95 106 103 93 83 72 59 52 47 52 59 51 59 79 87 88 88 106 95 78 92 104 114 120 146 127 111 100 99 93 88 101 206 238 248 239 212 213 215 207 195 203 222 233 234 235 228 169 53 6 4 4 10 16 17 14 12 
13 14 15 17 44 60 83 94 99 92 90 84 69 57 54 49 48 51 59 52 57 79 86 83 91 88 79 75 82 115 145 172 145 121 96 96 80 77 115 221 234 242 243 232 222 211 221 231 236 234 231 232 225 171 67 8 3 4 11 18 18 14 13 12 
13 14 15 26 61 63 88 99 102 94 90 81 69 58 50 51 53 44 43 52 54 52 75 78 78 72 92 98 103 106 128 189 158 116 97 82 68 71 137 225 224 227 238 241 239 228 227 226 226 227 228 213 172 95 18 3 4 12 19 19 16 13 13 14 
13 14 26 111 111 64 82 91 99 95 79 75 69 60 45 44 48 45 35 38 38 39 58 73 83 76 88 112 135 143 123 163 159 115 97 72 61 65 154 213 216 215 217 230 237 233 228 230 226 218 199 174 114 27 3 4 12 19 18 17 14 13 12 12 
14 23 109 185 111 62 77 79 87 88 71 55 45 42 38 37 42 41 38 39 35 45 67 74 80 74 76 105 134 149 133 87 128 110 98 68 66 76 163 192 199 201 203 204 213 214 206 204 195 188 170 107 26 2 4 11 18 18 17 18 15 13 11 10 
24 101 185 187 102 56 68 67 66 69 65 47 39 34 36 36 34 32 36 44 51 61 69 71 69 69 78 101 123 129 120 74 117 106 120 113 139 165 173 176 179 181 179 181 182 182 181 178 166 137 77 18 3 2 9 17 19 18 18 17 15 13 12 12 
102 176 188 183 99 51 60 56 59 60 48 31 25 23 22 29 26 22 32 45 59 63 53 52 52 60 67 79 99 100 91 138 120 98 172 213 219 209 148 157 167 165 160 154 147 141 133 115 87 43 10 3 4 10 17 18 18 17 17 16 16 14 13 12 
173 180 180 178 101 52 47 40 43 41 25 16 16 14 12 18 23 24 23 24 34 47 56 59 59 49 48 50 60 74 108 159 95 95 178 217 210 153 105 151 155 151 145 134 123 109 91 69 37 8 3 4 11 17 19 18 17 17 16 16 14 12 11 11 
172 174 174 170 95 46 35 27 26 22 12 11 13 11 13 20 21 32 38 30 20 27 37 20 39 55 65 61 61 76 108 120 87 153 206 195 124 80 126 142 139 132 123 112 101 87 69 36 7 3 7 15 18 18 16 16 16 15 14 15 14 12 12 11 
165 168 171 156 81 37 23 16 13 12 10 12 16 11 16 24 27 41 53 50 48 46 14 18 65 81 63 60 55 60 86 121 164 196 168 92 48 103 127 130 122 112 103 92 82 65 31 7 4 10 15 17 17 17 16 16 16 16 15 16 14 12 10 10 
163 165 165 148 64 39 24 13 12 11 14 33 32 14 24 26 28 42 54 61 76 66 11 28 64 57 52 56 53 81 144 183 171 118 62 26 59 110 117 116 104 94 84 75 61 26 4 5 11 16 17 17 18 17 17 17 17 16 15 15 11 12 11 11 
159 162 163 142 62 36 22 12 12 16 39 48 30 24 41 34 35 42 42 45 61 43 14 37 44 35 42 57 97 164 171 121 65 41 34 33 81 105 106 99 89 81 72 54 20 4 7 14 16 18 16 16 18 17 18 16 16 16 16 15 11 11 11 10 
157 159 161 143 68 33 19 13 12 30 49 49 27 38 49 44 39 43 43 55 54 22 29 44 32 35 57 129 165 134 73 48 52 50 43 70 92 99 97 90 80 70 45 14 5 10 16 17 18 19 17 18 18 16 16 16 16 16 14 14 12 12 11 12 
154 156 156 134 56 30 16 11 17 40 58 56 37 48 49 42 40 39 48 62 57 38 48 47 31 68 133 148 95 57 59 65 59 43 67 81 94 100 96 87 72 34 9 7 14 17 18 19 19 18 16 18 18 18 17 16 15 15 15 14 12 11 11 12 
150 153 153 127 51 23 12 11 30 48 67 57 47 58 43 37 36 36 48 57 51 59 62 36 81 138 124 78 62 67 60 49 36 54 69 77 91 102 100 114 68 12 14 19 19 20 19 18 20 19 18 19 18 17 17 16 17 15 15 14 13 13 11 11 
146 150 149 128 59 21 11 17 39 59 77 64 58 64 42 40 35 34 43 43 39 51 47 76 121 101 78 68 68 68 76 79 84 103 96 101 108 115 133 106 29 23 22 22 20 19 20 19 20 20 18 19 18 17 16 16 17 16 16 15 15 14 12 12 
144 147 146 133 70 18 12 27 47 72 81 62 69 57 36 33 34 35 36 26 27 56 81 91 83 81 98 119 134 140 137 125 110 98 96 104 112 111 85 41 28 24 23 22 22 21 22 21 19 18 18 18 19 18 17 17 18 15 16 16 13 13 12 13 
141 145 143 112 44 17 18 39 61 72 77 54 66 37 18 16 21 25 22 25 38 69 79 101 131 148 145 131 106 76 52 36 27 18 20 27 33 33 30 28 27 25 25 26 24 23 23 21 21 21 20 20 18 18 19 17 17 15 17 16 15 14 12 12 
140 141 116 42 21 20 29 50 67 77 69 57 53 22 16 26 22 23 42 45 69 106 135 145 128 101 71 46 27 20 24 23 30 28 31 32 33 31 30 28 27 26 24 26 25 24 24 22 22 22 21 20 19 17 17 18 18 16 17 18 16 15 13 11 
139 116 41 14 20 23 43 58 76 74 60 65 31 16 15 25 42 82 98 106 121 129 109 76 48 32 27 23 23 24 28 29 30 29 30 30 30 29 28 27 27 27 27 27 26 25 24 23 23 23 22 20 20 20 19 17 17 17 18 17 15 13 13 13 
114 43 9 13 22 37 54 70 77 62 42 28 11 18 58 108 134 130 132 115 81 53 37 27 19 20 25 29 33 31 31 30 30 30 29 29 29 28 28 29 30 28 28 28 27 26 26 25 24 23 21 20 20 20 19 18 18 18 17 17 15 14 14 11 
36 9 9 12 28 54 64 71 59 28 12 23 68 126 155 153 134 109 74 45 33 33 28 31 30 27 30 30 30 31 30 30 31 30 30 31 30 30 28 28 29 30 29 27 26 27 25 25 25 22 22 22 22 20 20 20 18 18 18 18 16 14 13 10 
7 8 10 14 49 60 63 51 29 23 69 129 157 163 152 114 62 41 33 25 20 28 29 35 33 32 32 30 29 30 31 33 32 33 32 33 31 31 30 28 29 29 28 27 26 26 26 25 23 22 23 22 21 19 19 19 18 18 18 17 16 14 12 10 
8 8 10 18 43 42 37 36 56 122 158 166 157 121 75 40 33 34 25 36 32 29 27 29 29 30 30 31 29 30 32 31 32 32 31 31 31 30 30 29 29 29 29 28 28 26 25 25 24 23 23 21 20 21 20 19 19 19 19 18 16 14 12 10 
8 10 11 15 20 21 42 96 147 167 160 122 70 46 37 23 23 33 29 53 36 28 28 29 30 30 29 30 30 32 32 31 32 32 32 33 31 31 29 30 29 29 30 29 28 27 26 26 25 24 23 21 19 19 19 20 19 18 16 15 14 13 11 10 
9 11 11 11 23 71 130 154 161 135 76 41 35 37 25 18 22 32 28 29 29 28 27 28 29 30 31 30 30 32 32 32 33 33 32 32 31 29 29 30 29 29 29 29 27 27 26 24 23 24 23 20 19 18 18 20 17 16 15 15 13 12 11 10 
9 8 12 42 110 151 160 148 97 47 32 30 34 33 26 52 32 29 27 27 27 26 27 28 29 29 29 29 30 31 32 32 32 32 32 30 30 30 29 28 30 29 28 28 26 28 26 24 23 22 22 20 19 18 19 18 16 16 16 16 14 11 11 11 
9 17 68 134 158 157 121 61 32 30 25 19 27 29 30 53 29 29 25 26 27 28 28 28 29 29 29 31 31 30 33 33 31 31 30 31 31 30 29 29 29 27 27 27 25 26 25 23 22 21 20 20 18 19 17 16 16 17 16 16 14 11 9 9 
18 81 141 155 151 97 39 28 26 25 20 18 25 27 25 27 31 26 25 26 27 28 26 28 28 29 28 28 30 30 32 32 31 29 30 32 31 28 27 29 28 27 26 25 25 24 22 22 22 21 19 18 18 19 15 16 17 18 15 15 13 11 8 8 