


5 8 45 74 76 77 79 79 79 79 78 78 79 78 78 78 78 79 77 77 78 75 72 72 71 70 70 69 69 69 68 67 65 65 64 63 60 59 58 55 54 55 67 68 62 71 73 73 69 69 60 65 66 67 62 58 62 65 67 77 80 90 96 97 
5 15 64 80 81 80 80 77 76 77 75 68 69 76 77 78 78 79 79 78 78 76 74 74 71 69 69 70 70 69 67 68 66 65 67 66 62 61 60 58 57 62 68 72 70 71 73 70 68 74 71 71 69 71 68 57 76 85 74 75 79 83 97 98 
5 23 72 80 81 80 82 81 80 79 78 75 61 66 75 74 75 75 76 76 77 76 76 76 75 72 71 72 70 69 68 70 67 66 65 65 64 61 59 59 50 64 67 70 65 65 73 73 75 71 71 72 73 83 88 82 95 93 85 75 75 74 85 95 
6 34 78 83 83 82 81 81 80 80 79 79 73 54 71 78 78 76 75 74 73 72 72 73 73 72 72 73 71 71 69 69 68 67 66 66 63 60 59 55 43 64 70 73 75 72 74 71 72 68 71 73 82 98 102 105 97 83 57 58 67 54 73 84 
7 41 81 84 84 82 82 82 81 80 80 79 78 74 76 76 78 78 78 78 76 74 73 72 71 70 70 72 70 70 69 69 69 68 67 66 64 61 59 53 45 59 68 69 74 72 73 73 73 73 75 74 78 95 99 87 63 23 8 10 35 40 62 76 
7 46 82 84 84 83 81 81 80 80 80 78 78 78 77 77 77 79 76 76 78 77 77 75 75 74 74 73 71 69 69 68 66 67 66 65 65 63 60 52 47 46 59 65 70 78 77 78 76 73 72 75 94 97 96 94 70 19 11 16 36 57 55 67 
9 41 77 81 81 82 83 82 82 81 81 81 80 79 79 78 76 77 76 77 77 77 76 76 74 74 74 75 73 71 70 70 69 66 65 64 63 60 56 53 52 47 43 53 65 74 70 72 73 73 74 92 111 107 88 61 67 58 64 74 76 67 56 63 
7 41 77 80 78 77 77 78 79 80 79 80 81 80 79 79 78 78 77 78 79 78 78 76 75 75 75 73 72 72 68 58 52 55 59 63 58 52 49 53 56 53 48 51 55 65 70 77 77 75 74 82 105 98 53 35 67 72 86 87 89 85 75 75 
8 43 81 83 83 82 80 80 79 79 78 77 77 75 76 77 78 79 79 79 79 78 77 75 75 74 74 74 72 71 56 32 18 19 27 49 53 47 45 51 57 56 54 49 46 53 61 70 74 74 88 89 105 97 64 23 57 50 45 45 38 31 28 52 
7 40 79 81 81 80 80 79 79 79 77 78 78 77 77 75 75 76 76 76 78 77 75 75 74 73 73 73 72 65 43 37 22 15 31 52 54 52 49 48 54 58 59 60 57 52 53 65 76 86 105 107 111 92 72 51 61 25 12 13 7 20 63 73 
6 38 77 80 79 79 79 78 77 78 76 77 78 77 76 75 75 76 77 78 78 77 76 75 72 69 68 70 69 53 38 40 37 27 61 53 51 59 57 49 48 55 61 61 59 53 45 55 69 76 101 102 96 36 48 67 72 34 22 36 29 43 84 90 
8 38 76 79 78 78 77 77 76 75 75 76 75 75 75 75 76 75 76 77 76 76 75 75 74 72 71 70 62 39 36 38 42 44 86 67 56 53 58 53 48 48 56 60 59 59 53 52 68 78 102 104 92 33 31 59 52 30 51 78 77 80 77 77 
9 35 74 76 76 76 76 75 75 74 75 75 74 74 74 73 74 76 75 76 75 74 74 70 68 67 67 66 50 36 36 38 43 48 80 80 63 51 55 56 53 48 53 60 62 60 58 51 56 75 86 65 75 57 58 58 19 12 53 81 72 76 74 82 
8 33 72 75 75 75 75 75 75 75 75 74 73 73 73 72 73 74 74 75 74 73 68 57 48 45 47 46 46 51 54 49 46 61 72 71 62 52 52 55 58 53 64 97 74 61 61 61 55 55 36 16 58 70 84 62 16 19 47 66 57 61 59 60 
9 31 69 72 72 71 68 71 71 71 72 72 72 73 73 73 74 74 74 75 82 84 79 60 43 33 32 31 58 90 100 94 68 55 52 56 58 53 46 44 50 56 65 110 106 75 64 63 59 49 31 17 51 66 58 51 22 60 75 59 56 59 61 60 
10 30 68 69 69 69 68 68 68 68 68 68 68 69 69 69 70 72 73 97 115 112 115 120 114 110 99 86 74 84 91 90 88 81 74 73 73 70 64 49 43 45 52 87 117 112 85 65 56 54 49 43 67 46 14 13 24 73 77 66 56 61 70 67 
9 29 65 67 68 68 67 67 66 66 66 66 66 67 66 66 67 68 74 114 121 120 124 130 130 127 128 125 127 100 92 101 106 99 92 90 85 93 96 85 72 54 44 66 112 121 119 96 63 54 52 50 56 38 10 16 31 75 61 61 63 71 77 85 
10 26 59 62 64 64 65 65 64 65 64 64 65 65 64 65 66 66 71 110 125 125 130 129 127 122 113 124 128 118 110 111 115 113 103 90 104 112 116 113 91 85 70 77 97 111 115 114 90 61 54 53 47 27 23 61 71 75 59 62 62 68 80 82 
8 22 57 62 62 62 62 62 61 62 62 63 63 64 63 64 65 66 66 87 118 126 133 132 128 127 126 134 138 127 121 115 112 117 118 105 116 110 116 118 104 103 99 97 87 96 98 95 91 78 56 55 55 37 40 80 84 84 65 62 64 70 73 73 
7 19 52 57 57 58 59 61 61 62 62 62 63 63 63 63 60 61 63 67 88 120 130 132 131 133 132 135 135 127 121 121 123 127 132 129 139 123 112 114 111 112 113 119 104 104 109 109 102 79 60 55 57 52 40 76 75 73 64 68 76 84 76 82 
8 15 48 55 55 56 57 57 57 58 58 58 58 58 58 59 59 59 60 62 73 103 120 124 124 124 123 130 126 125 128 131 139 144 138 131 141 148 129 119 117 112 121 128 122 110 122 125 122 107 90 76 62 57 58 73 67 66 63 71 79 85 81 76 
33 39 54 55 54 51 50 49 53 55 55 55 56 56 57 57 58 58 59 60 79 95 108 120 120 109 113 118 123 130 136 136 140 151 131 90 79 104 132 132 128 126 129 124 123 111 132 135 131 115 98 91 73 61 59 60 65 57 60 65 79 78 81 78 
86 87 87 85 84 84 82 79 80 81 79 76 72 69 68 66 66 64 64 66 84 97 101 97 101 103 111 118 127 135 140 146 147 155 130 45 23 73 111 149 131 146 158 161 150 120 103 122 116 79 52 60 64 58 61 64 58 55 68 75 87 78 81 88 
99 98 97 98 99 99 98 98 99 99 100 101 103 103 103 102 101 99 100 95 84 95 107 112 104 110 121 123 133 138 133 135 139 146 148 81 70 94 112 156 160 190 195 191 183 163 100 72 71 46 38 58 61 62 56 55 54 51 66 81 85 82 82 88 
101 101 102 101 101 102 104 105 104 105 105 105 105 108 108 108 108 107 106 89 86 95 106 122 134 137 131 132 139 135 133 135 137 133 148 157 129 115 120 150 194 209 208 203 197 184 131 71 88 89 94 86 68 55 48 62 57 53 55 77 81 79 81 86 
102 102 103 103 102 102 106 106 106 107 107 108 108 108 109 109 110 110 103 84 87 98 107 116 127 140 153 152 160 158 151 155 166 161 153 155 171 178 172 184 195 195 195 190 200 188 143 102 128 155 157 154 134 97 97 98 64 57 55 68 80 85 91 98 
103 104 105 104 104 105 108 108 110 111 110 111 111 112 112 113 114 113 97 95 98 102 111 120 130 136 152 161 172 182 192 202 206 197 193 195 203 208 209 211 212 202 183 154 164 168 134 123 148 166 166 166 163 141 125 106 72 63 58 55 71 86 95 96 
104 104 105 104 104 106 108 110 111 111 111 112 113 114 114 115 116 109 96 94 99 109 109 107 118 124 130 148 153 157 167 183 200 211 216 214 210 207 209 213 215 208 195 172 151 143 130 136 164 168 169 166 159 146 133 130 106 72 63 55 58 76 89 96 
105 105 104 106 106 107 110 111 111 112 112 113 114 115 115 116 112 96 93 93 105 108 94 89 94 108 116 126 139 138 143 147 154 156 160 156 148 147 150 179 197 194 187 179 180 159 131 152 173 175 174 166 155 149 145 151 141 91 73 62 58 75 95 103 
105 106 106 107 107 109 111 112 114 114 114 116 116 116 116 113 98 92 94 90 91 89 95 107 100 107 128 134 143 143 139 140 137 142 126 93 92 112 154 176 203 206 202 192 178 149 150 171 177 179 176 166 161 159 151 161 161 117 90 73 61 64 86 94 
107 108 108 108 108 109 110 112 114 115 116 117 117 116 115 100 89 93 94 88 86 103 124 121 117 119 137 139 145 150 152 158 166 139 46 49 110 144 162 176 183 169 178 174 162 163 174 178 181 179 176 179 179 167 153 165 170 133 108 85 68 59 75 100 
110 110 110 110 110 111 111 114 115 116 117 117 117 116 106 75 56 64 81 92 112 127 136 137 135 136 145 138 137 142 144 152 158 129 119 137 148 147 131 138 127 130 157 169 175 180 179 179 180 181 189 191 186 170 154 168 172 140 125 95 77 64 64 90 
109 111 110 111 111 112 113 115 117 118 119 119 120 116 84 50 38 36 54 111 131 138 143 147 143 143 141 130 131 139 141 144 145 136 156 152 133 117 113 119 141 168 181 181 182 180 181 186 190 192 192 191 185 169 161 175 171 142 140 110 88 75 65 67 
112 112 111 112 112 112 114 115 116 118 120 120 120 103 65 48 39 44 94 133 141 142 141 135 119 113 98 96 114 139 142 140 137 115 115 116 125 135 146 168 184 187 185 184 185 187 193 195 196 196 194 188 183 173 166 178 170 143 147 135 94 82 73 69 
110 110 110 111 112 113 115 116 117 119 120 121 115 65 39 35 47 64 123 136 127 109 99 92 82 75 78 81 86 102 122 140 140 139 155 166 171 177 181 179 181 187 191 191 193 193 195 198 196 195 191 187 182 177 167 176 163 133 148 153 105 88 82 74 
109 110 110 112 113 115 117 118 120 124 128 131 105 41 34 45 44 62 101 94 85 85 79 83 86 81 78 78 80 83 89 96 98 103 113 120 123 129 135 129 133 150 163 160 158 163 164 176 188 192 190 185 180 175 168 169 147 127 148 162 128 93 86 77 
112 113 113 114 116 118 120 122 125 125 125 119 82 40 35 50 55 59 68 77 80 86 85 86 88 91 83 75 78 84 85 89 90 90 98 98 100 96 98 98 103 112 118 122 123 122 123 145 166 164 162 154 139 151 164 160 130 138 150 159 150 104 85 80 
114 114 114 111 111 112 112 113 114 114 115 100 68 38 34 36 53 71 75 82 83 85 86 86 85 89 82 82 84 90 90 85 88 93 100 104 102 97 93 91 93 92 93 96 97 102 108 118 111 105 112 108 97 112 139 132 114 138 150 159 157 128 89 83 
108 107 106 107 108 110 113 115 118 120 114 83 53 32 31 43 58 71 78 82 88 89 85 82 83 86 88 87 87 86 92 88 91 100 102 98 96 90 90 93 97 95 91 93 95 94 96 91 83 88 93 92 93 96 105 104 115 143 157 157 157 147 99 85 
109 112 113 114 116 117 118 120 121 113 88 75 51 30 28 44 64 71 74 79 85 85 84 88 86 90 93 93 89 85 81 84 95 106 111 110 104 100 94 89 87 94 92 89 87 85 81 78 78 77 79 84 89 89 93 101 113 137 152 155 153 152 111 86 
114 115 114 113 112 113 113 111 99 75 73 74 65 37 30 49 67 74 73 77 83 83 81 82 87 92 98 96 90 93 89 87 92 98 103 106 106 105 106 104 97 94 95 93 89 87 82 75 75 79 76 81 83 82 79 75 83 117 146 152 154 154 127 89 
112 111 111 112 112 113 102 82 66 59 69 72 76 78 73 72 69 75 77 83 84 79 80 82 86 88 95 99 95 91 92 90 92 93 99 103 105 99 95 93 99 99 98 97 93 92 91 88 86 85 85 83 81 93 80 70 85 110 143 157 160 156 144 98 
114 114 114 115 105 83 65 59 58 58 72 79 82 79 73 68 67 74 78 84 88 82 79 81 89 90 87 90 95 97 96 95 91 87 88 89 94 99 98 89 86 94 101 100 101 106 109 113 110 99 91 85 93 112 97 85 98 105 133 159 158 156 152 111 
113 113 109 91 72 63 60 58 58 61 79 87 85 81 75 69 66 72 78 82 88 91 91 88 94 93 89 89 94 95 96 95 89 87 89 90 88 93 97 97 97 99 99 100 103 114 126 138 136 124 106 92 103 119 115 100 86 113 137 155 156 153 152 123 
111 107 86 71 66 65 64 64 71 76 86 88 86 85 86 84 73 70 79 84 85 90 89 89 93 89 87 87 87 88 92 96 90 85 85 86 89 90 85 86 89 98 104 110 125 135 143 152 153 143 131 107 103 121 119 99 88 121 135 149 157 155 150 128 
115 94 76 73 71 72 73 74 69 62 70 84 89 89 88 90 85 66 73 80 84 84 88 89 88 88 84 84 78 77 77 80 81 83 82 82 84 83 82 80 84 87 98 112 133 144 151 156 157 154 138 108 88 105 97 82 80 127 139 148 156 155 145 111 
103 77 74 74 71 69 70 68 67 63 61 69 80 78 78 81 78 65 70 78 82 82 79 81 86 90 87 82 77 71 70 68 70 71 69 69 70 74 76 77 79 79 83 89 99 110 122 134 139 134 115 92 78 72 65 61 66 119 138 151 158 154 141 95 
77 66 70 69 68 66 67 68 71 68 59 57 62 59 53 45 45 53 62 73 82 85 83 81 83 81 79 77 78 83 87 88 90 86 84 82 81 79 83 84 84 84 83 80 80 82 86 92 97 95 82 88 82 64 58 53 63 113 140 154 156 156 136 85 
66 63 64 66 67 67 67 67 69 71 72 68 66 60 54 50 46 47 56 65 72 78 81 78 72 75 77 86 94 99 101 102 101 97 94 91 89 85 85 82 82 83 84 84 85 84 84 81 79 78 78 95 91 70 56 51 62 103 143 160 158 156 142 126 
59 60 60 76 95 98 97 96 98 100 107 108 111 105 98 72 53 52 47 52 63 69 74 77 79 86 92 102 107 107 108 109 104 100 96 94 94 92 92 90 88 85 83 83 83 81 81 81 84 82 82 93 90 81 65 60 82 113 146 158 158 152 143 140 
61 59 65 98 107 112 114 115 116 117 121 124 124 121 117 104 75 58 51 47 49 57 63 69 86 97 101 105 105 108 107 101 92 88 90 94 93 92 89 83 82 81 80 79 78 76 79 87 95 77 64 70 69 62 61 76 107 130 145 153 157 147 131 113 
60 64 89 116 120 120 126 124 124 126 129 129 132 125 121 125 115 102 80 55 48 49 59 61 80 86 93 94 98 104 99 97 89 89 89 92 94 92 88 83 82 81 79 77 76 82 92 101 93 77 61 52 46 40 46 79 109 129 134 128 127 107 87 71 
68 96 115 121 122 123 128 123 123 124 126 130 132 132 128 131 126 124 120 75 51 48 52 61 69 80 84 85 90 93 95 101 97 94 91 92 88 86 82 79 82 84 81 84 85 92 100 89 76 72 70 59 42 37 53 95 107 122 103 73 91 80 72 67 
92 121 119 118 125 125 123 115 100 62 74 122 132 128 134 129 121 115 122 79 55 51 47 61 61 69 77 81 85 88 94 95 94 90 88 83 77 78 76 77 83 81 78 81 88 97 89 67 60 57 56 51 44 61 88 105 124 134 92 61 74 62 63 68 
102 121 117 118 120 124 124 118 103 66 64 108 125 122 128 125 114 114 98 64 58 50 47 61 62 63 68 72 75 79 86 88 87 89 82 80 79 80 79 76 72 73 79 87 96 93 76 61 52 46 40 43 61 86 100 113 121 88 67 59 61 61 66 66 
86 112 115 118 120 120 120 120 117 117 121 121 121 121 119 114 112 96 67 64 58 50 51 62 60 65 71 69 62 66 74 76 74 73 72 71 70 74 71 70 71 78 90 93 89 74 61 52 45 46 59 77 88 95 101 101 72 51 49 49 46 48 47 51 
68 83 110 118 114 117 120 121 126 123 124 128 128 120 115 114 81 65 65 64 56 51 57 65 65 66 70 67 64 62 64 62 62 60 58 57 56 58 58 64 71 76 74 69 61 50 40 33 37 46 68 72 71 72 71 58 31 25 25 29 29 29 26 25 
67 68 92 121 119 119 124 115 122 128 129 126 123 118 109 84 69 67 61 56 52 55 62 64 64 66 69 68 70 69 66 64 63 52 49 43 42 41 38 38 36 37 39 38 28 19 19 20 22 26 32 28 26 25 22 17 15 13 12 10 9 9 7 8 
62 67 75 103 112 121 118 90 106 115 118 116 107 92 74 66 63 60 55 51 56 62 63 61 64 71 74 74 73 67 61 54 41 32 28 23 27 26 22 16 15 14 14 13 12 11 11 11 11 12 10 9 7 8 7 10 8 6 7 6 7 7 8 8 
57 57 58 71 92 108 115 103 77 75 75 79 77 73 66 58 55 51 50 56 61 61 60 59 61 62 63 70 64 47 34 24 18 15 14 12 12 11 9 8 8 9 10 9 12 12 12 17 22 23 25 28 23 20 18 21 14 12 9 9 8 8 7 7 
52 49 52 57 61 67 72 71 69 70 73 73 70 67 59 54 52 51 57 55 54 55 51 46 39 32 26 23 18 13 12 11 10 10 11 10 8 8 9 9 11 16 19 25 39 50 52 70 91 99 91 64 40 25 18 12 12 13 7 7 7 6 6 6 
61 64 62 60 54 54 55 60 62 65 68 69 62 58 55 51 47 49 48 41 41 34 25 17 14 11 12 10 8 8 8 9 9 9 9 11 12 12 16 15 20 24 26 27 32 40 39 37 35 29 18 11 9 7 6 6 7 7 7 8 8 8 8 9 
75 74 76 75 68 65 58 51 52 53 56 60 58 54 51 48 38 31 24 18 15 14 14 10 9 10 28 12 9 8 7 7 10 13 16 16 12 11 11 10 14 15 16 11 7 6 6 7 8 8 10 14 16 13 11 11 15 15 15 17 18 17 16 16 
88 85 82 84 83 82 66 33 37 51 56 55 55 51 41 30 20 15 14 13 16 26 30 19 12 12 18 9 9 9 8 8 9 11 14 12 9 7 5 8 10 11 10 12 15 19 26 32 39 48 58 64 56 38 13 8 18 20 20 22 22 21 19 17 


8 13 63 101 103 104 107 108 109 109 106 107 107 107 106 107 106 105 104 103 103 100 98 98 98 97 97 96 95 94 92 92 89 88 87 86 81 81 79 77 75 76 99 105 94 104 109 112 106 104 93 97 97 100 92 86 84 78 85 98 101 111 119 121 
8 21 85 109 109 108 108 107 105 104 102 93 93 103 104 105 106 105 105 105 105 103 102 99 97 94 95 96 94 94 91 93 90 89 91 89 85 83 81 79 78 88 101 107 106 104 109 104 102 108 104 104 103 102 95 79 87 90 83 93 98 102 118 119 
9 32 95 107 109 109 110 109 107 106 105 101 82 89 100 100 101 101 102 102 103 103 102 101 100 99 97 98 96 95 91 94 92 90 91 90 87 84 83 81 75 95 100 105 100 95 107 108 110 104 104 104 105 99 98 88 96 96 89 85 91 93 107 118 
9 45 103 112 112 111 110 108 105 105 105 105 96 75 96 103 104 102 101 99 99 97 97 98 98 98 99 99 97 96 94 92 91 89 89 88 85 82 81 82 71 96 102 106 112 108 108 107 108 101 105 106 108 105 105 103 98 89 73 75 80 75 95 107 
11 55 107 111 111 111 109 108 106 105 104 103 103 99 100 101 103 103 103 103 102 99 97 97 95 94 95 95 95 94 94 92 91 90 90 88 85 83 84 89 77 89 98 104 109 106 105 105 107 105 108 106 106 104 103 95 79 52 44 47 64 67 90 100 
13 61 108 112 111 109 107 107 105 105 104 103 104 103 102 101 102 101 101 100 102 101 100 100 100 98 97 96 96 94 92 90 88 88 88 87 86 85 89 95 88 74 80 94 103 112 110 111 107 102 102 98 106 102 100 101 86 54 48 49 67 81 76 88 
15 56 102 107 109 109 108 107 105 104 105 104 105 103 102 102 102 101 101 101 101 102 99 99 98 98 97 97 97 95 95 93 90 88 86 85 83 82 90 98 99 88 72 81 94 109 105 104 104 100 102 105 112 108 97 83 90 86 85 92 95 87 75 81 
13 57 102 104 102 101 102 103 104 105 104 104 105 104 103 103 103 102 102 103 103 103 101 100 99 98 98 98 96 94 93 82 76 79 82 84 82 84 89 98 106 103 88 76 77 97 99 107 107 103 102 100 106 100 75 69 95 97 105 105 107 103 93 92 
11 57 104 108 107 106 105 104 103 103 102 100 99 100 101 100 100 102 103 103 102 101 101 99 98 98 98 97 96 94 84 62 49 53 58 80 92 91 89 97 107 106 102 91 72 77 86 99 102 97 103 100 106 102 83 59 86 81 75 75 66 60 60 79 
11 53 102 105 105 104 103 102 102 101 101 101 101 101 100 99 100 100 101 100 100 99 99 97 96 95 96 95 95 92 78 72 51 47 65 92 98 96 95 97 103 108 110 106 90 74 70 92 105 104 106 108 110 99 88 78 83 57 47 46 45 54 81 84 
11 50 99 102 101 101 100 100 100 99 99 99 99 99 99 99 99 101 102 101 101 99 98 97 93 91 91 92 90 83 74 76 68 51 89 95 96 94 97 99 98 106 113 112 105 91 70 75 93 95 103 103 99 65 80 91 88 60 50 62 57 65 92 90 
11 48 96 100 99 99 100 100 97 97 98 97 97 97 97 97 97 98 99 99 99 97 97 96 95 94 93 92 86 72 71 77 77 71 110 100 96 96 94 96 97 99 108 109 110 107 92 73 79 85 103 105 99 64 65 84 74 58 72 95 94 94 87 74 
13 46 94 98 98 98 97 97 96 96 95 96 95 95 95 95 96 97 97 97 97 95 94 91 88 86 86 86 80 71 72 76 81 76 103 106 98 100 98 93 99 97 104 109 112 111 107 91 76 79 91 83 91 84 83 79 50 49 77 98 93 97 83 66 
14 44 91 95 96 96 95 95 95 96 95 95 94 94 93 94 94 95 96 96 96 93 88 73 63 60 63 67 75 77 78 77 77 74 88 92 88 94 98 98 100 99 95 84 101 108 112 108 92 76 60 54 88 97 100 82 49 52 70 90 88 95 95 97 
14 41 88 92 92 91 89 91 91 92 92 93 93 93 93 94 95 95 96 96 100 100 88 66 49 40 46 52 74 94 103 96 73 56 57 66 68 70 76 82 91 100 94 74 80 100 114 113 100 88 60 49 78 93 79 75 55 78 91 86 92 99 104 107 
13 39 85 89 89 88 88 89 88 88 88 87 88 87 88 89 89 90 94 109 120 109 107 107 104 98 91 84 76 78 80 76 74 67 64 63 63 65 67 66 69 80 91 84 73 74 91 104 96 96 86 71 87 72 49 51 57 89 94 90 96 92 100 102 
13 38 83 86 87 86 85 85 84 85 84 85 84 84 85 85 85 86 90 115 120 119 126 129 128 124 121 116 115 86 74 80 81 79 75 73 67 84 87 77 71 71 70 75 71 68 64 78 89 93 91 89 81 63 47 51 60 92 84 93 99 92 96 107 
13 35 77 80 81 81 82 83 83 83 83 82 82 82 82 82 83 84 86 108 123 126 136 135 130 121 105 113 115 99 85 86 89 91 83 69 86 99 106 103 77 79 72 57 61 66 66 68 79 88 90 97 84 55 53 80 87 91 88 97 94 89 100 104 
12 31 74 80 81 80 80 80 79 80 80 80 81 80 80 80 81 82 83 90 107 120 134 134 134 131 125 124 123 106 95 89 86 92 92 82 98 93 106 108 89 95 93 95 86 88 91 83 73 77 87 97 99 74 65 95 99 99 94 93 93 90 92 98 
11 24 66 72 74 76 77 78 79 79 80 80 81 81 81 80 78 77 79 81 87 106 123 128 130 130 122 121 114 102 95 95 96 102 107 102 116 101 92 99 101 113 112 126 120 124 130 130 119 86 84 96 102 97 69 93 94 97 94 92 95 103 98 112 
11 21 62 70 71 72 73 73 72 74 74 74 74 74 74 74 75 74 75 77 76 84 100 108 111 109 104 107 98 98 100 102 113 125 120 114 127 130 106 98 102 112 136 147 142 131 146 148 146 129 112 106 104 108 98 93 92 95 94 96 100 103 102 103 
42 50 68 70 68 66 65 64 68 71 70 71 72 73 73 73 73 74 73 74 69 69 82 98 97 85 90 92 93 99 106 108 116 135 116 85 77 96 115 108 109 121 150 145 143 131 156 158 156 139 117 111 99 103 111 93 84 79 87 96 99 97 104 104 
107 108 107 106 106 105 104 101 100 100 98 94 90 87 84 82 81 80 78 76 66 69 71 73 77 78 86 90 97 103 112 122 123 135 117 54 37 77 98 126 111 143 178 184 173 137 120 142 136 92 59 68 75 75 91 100 90 84 89 96 106 100 107 116 
121 120 121 119 120 121 121 122 120 121 123 123 124 124 124 122 122 122 120 110 66 65 76 83 75 80 88 91 103 106 98 103 111 123 132 77 69 88 95 137 151 200 214 211 205 185 114 78 70 49 47 63 68 72 67 95 102 83 87 100 103 103 110 117 
124 123 124 122 122 123 126 126 127 127 128 128 128 130 130 130 129 129 128 102 64 63 73 90 104 108 96 100 112 106 102 104 106 106 131 149 120 105 104 145 206 226 225 221 217 205 147 75 87 97 108 97 76 61 55 93 107 100 82 100 103 99 107 103 
125 124 123 124 124 124 127 128 129 130 131 132 131 131 131 132 132 131 124 84 61 65 75 83 94 111 125 126 138 138 131 143 159 152 141 150 169 174 167 194 211 212 210 204 216 208 160 113 144 174 177 174 152 112 117 127 107 109 97 95 109 113 117 96 
126 126 126 126 125 126 128 129 131 132 132 133 134 133 134 135 135 133 102 76 70 70 78 89 100 105 128 143 160 179 197 210 212 201 197 203 212 218 218 223 223 213 185 136 158 181 148 136 167 186 187 187 184 165 149 133 108 112 110 92 101 116 120 114 
125 125 126 125 125 127 128 129 131 132 132 132 132 134 135 135 137 118 81 72 71 78 77 77 87 91 98 120 131 141 162 185 210 222 227 226 222 219 222 224 226 218 196 151 130 146 141 152 185 189 190 187 180 170 158 158 137 118 117 102 91 105 120 128 
125 125 126 126 126 129 130 130 131 132 132 133 135 136 136 136 128 89 72 68 77 79 66 62 65 77 81 96 109 110 117 124 142 147 157 156 146 140 147 189 211 206 192 176 191 177 147 171 193 195 194 186 175 170 168 177 165 123 126 118 99 90 114 133 
125 126 126 127 126 129 131 131 133 134 135 135 136 136 136 130 97 71 67 66 66 60 70 85 77 79 96 103 111 111 108 107 107 120 124 89 80 97 139 176 219 223 219 211 198 168 169 189 196 198 195 185 180 179 173 183 182 123 128 128 110 77 97 118 
128 128 128 128 128 129 129 131 134 136 136 136 137 136 134 102 73 68 66 62 59 80 108 108 102 96 109 111 117 124 130 137 149 125 53 53 96 124 147 179 197 184 196 194 181 181 192 196 199 197 192 195 196 185 171 184 186 125 115 136 123 98 89 122 
130 130 130 130 130 131 131 134 135 136 136 136 137 136 115 73 67 68 68 67 88 113 129 132 130 124 127 114 111 115 117 130 141 110 109 125 130 122 111 131 127 127 167 187 192 198 196 195 197 199 205 206 202 184 168 182 181 123 102 139 133 117 102 122 
130 129 130 130 131 132 133 134 135 137 137 137 138 132 88 74 73 69 68 93 120 131 138 146 141 138 128 111 108 111 113 119 122 109 134 132 109 95 93 107 139 177 197 198 198 197 198 201 205 207 207 206 199 179 170 184 174 119 97 133 140 130 107 96 
131 130 130 130 131 132 133 133 135 137 138 139 138 113 76 79 73 73 92 125 137 134 128 121 100 95 78 75 95 125 123 116 110 89 91 95 111 124 139 172 196 201 200 200 201 203 208 210 210 211 209 203 196 182 171 181 168 113 94 116 137 137 126 103 
129 129 130 130 131 132 134 134 135 138 139 140 132 83 66 65 82 87 117 129 114 91 74 63 51 46 48 50 56 76 103 127 131 132 153 169 176 184 191 190 192 199 205 205 205 208 210 212 209 209 206 200 195 186 170 175 151 91 92 104 131 140 136 123 
130 129 130 131 132 134 136 137 139 142 145 147 119 69 62 75 75 76 89 76 61 56 49 51 52 50 46 46 48 51 59 66 68 75 91 101 103 110 117 110 116 138 156 156 153 162 163 179 201 207 204 197 189 180 167 165 125 81 90 98 111 133 133 129 
133 132 133 134 136 137 139 141 142 142 140 131 84 67 63 79 83 56 46 50 52 56 53 53 54 55 50 43 45 50 52 55 56 56 64 65 67 65 67 66 71 79 86 92 98 98 97 131 170 170 165 152 126 144 161 151 98 78 88 95 96 119 129 130 
134 133 132 130 130 131 130 130 130 131 131 103 62 64 59 62 63 49 48 52 53 53 53 52 51 53 48 47 50 54 54 50 54 61 66 68 66 64 59 59 60 59 60 65 69 73 79 92 89 79 85 82 70 87 121 112 70 73 86 93 92 98 121 131 
128 126 125 126 127 129 131 134 136 138 122 71 57 62 56 61 46 45 49 53 56 56 52 50 49 51 54 52 52 50 56 53 55 64 64 61 60 55 54 59 62 61 59 60 62 62 66 62 56 59 63 62 63 64 76 75 66 77 84 90 91 89 112 130 
130 130 132 133 135 137 138 138 138 123 78 57 56 57 54 50 43 45 47 48 53 52 52 55 53 55 56 57 54 50 47 51 61 69 73 73 68 64 59 55 54 59 58 55 54 52 50 48 49 50 52 54 57 59 69 76 70 79 82 89 87 82 101 125 
135 134 133 131 131 131 131 129 114 82 60 55 56 54 52 50 44 46 46 48 52 50 49 48 55 59 62 60 56 57 54 52 57 63 67 70 71 69 71 70 63 61 60 59 56 53 52 45 47 48 47 51 56 61 55 51 66 85 83 83 80 76 93 119 
130 130 131 131 132 131 118 95 75 65 57 55 57 61 59 50 43 46 48 52 52 47 48 50 54 55 60 65 61 57 57 55 56 59 64 67 68 62 59 60 67 66 64 61 59 59 58 57 54 53 53 53 61 81 59 49 81 102 93 84 79 78 85 110 
133 134 135 134 122 97 74 67 66 60 55 59 63 60 53 46 42 46 49 53 57 51 47 49 55 57 52 56 60 63 61 59 54 53 54 54 60 64 64 55 52 61 69 68 69 75 78 83 79 68 59 57 76 104 84 68 93 108 115 91 81 79 81 103 
132 130 128 107 84 72 68 66 66 62 60 65 62 61 57 51 41 44 49 51 58 60 59 56 60 59 56 56 61 61 62 59 53 53 57 55 54 60 63 64 64 66 67 67 70 84 103 121 119 101 78 68 91 115 108 86 76 118 136 96 84 78 77 94 
130 125 100 81 77 74 72 74 80 70 60 58 57 58 59 60 49 42 50 54 56 58 58 57 60 57 55 54 54 55 58 61 56 53 54 54 56 59 54 56 59 67 74 84 103 119 132 151 153 135 116 94 92 115 109 83 80 121 132 92 79 77 78 94 
135 111 86 84 84 84 83 83 80 70 62 55 56 58 58 61 58 42 45 52 54 54 57 58 58 58 52 50 48 46 45 48 50 54 53 52 54 55 53 53 55 60 73 93 122 143 155 165 168 162 142 105 72 92 81 64 66 105 120 86 76 74 80 115 
121 91 87 85 85 82 81 80 79 72 65 58 60 56 55 61 65 50 46 49 54 53 51 51 57 60 56 50 48 42 43 42 43 46 44 45 45 50 52 53 53 54 59 67 81 95 113 132 143 139 117 87 59 51 43 39 53 107 107 84 79 76 88 130 
91 79 81 79 78 76 76 76 80 76 66 62 66 62 55 51 56 51 43 47 55 57 57 54 56 52 50 47 49 52 56 58 59 58 55 54 54 53 57 59 60 61 60 57 57 60 64 73 81 80 68 80 66 43 35 31 56 111 93 85 78 77 85 110 
76 73 72 73 74 72 72 73 75 76 75 71 70 65 61 57 52 40 40 44 48 53 54 51 48 49 49 54 61 66 68 69 69 65 63 62 60 56 56 53 54 57 59 60 61 60 61 57 56 59 65 88 80 55 37 30 52 94 88 87 80 78 78 92 
67 67 66 71 77 78 76 78 80 79 81 78 82 80 77 66 59 58 49 43 43 46 50 50 53 57 61 69 73 73 75 75 69 66 64 64 63 63 64 62 58 58 57 58 58 57 60 61 65 69 71 82 79 67 47 42 68 83 82 82 79 74 71 75 
68 66 67 76 73 76 76 76 77 75 76 82 86 85 84 80 68 63 56 51 43 40 41 45 59 69 71 72 72 75 73 66 56 54 56 62 63 61 58 53 52 52 53 55 54 52 55 70 87 68 47 52 53 48 44 51 64 75 77 77 80 72 71 72 
69 70 79 84 81 81 86 81 80 79 82 90 99 96 96 101 89 81 70 59 54 47 47 42 56 60 64 63 66 71 67 64 56 56 59 63 67 64 61 57 57 56 56 53 53 59 75 97 90 66 44 31 26 23 27 48 61 77 75 71 73 74 74 78 
70 80 83 84 81 80 85 79 85 93 95 98 102 106 101 102 100 96 90 69 59 55 60 66 53 54 56 54 57 63 66 71 67 67 66 65 61 58 57 55 58 60 59 62 64 77 97 88 67 59 56 43 24 19 29 52 60 72 62 55 83 90 87 84 
74 84 78 78 88 90 83 76 76 73 84 98 104 102 107 100 97 89 92 73 62 57 57 78 67 53 53 54 59 63 67 68 67 62 60 56 51 50 51 53 61 60 57 63 76 94 90 60 48 45 43 36 25 36 47 57 70 72 58 60 74 71 81 88 
77 82 76 78 78 90 92 82 76 78 76 81 90 87 97 99 87 88 81 69 64 58 59 78 78 71 56 53 54 58 64 64 63 62 56 56 57 56 58 54 52 54 63 82 100 99 73 51 39 28 20 21 33 44 51 64 66 54 60 69 76 76 87 88 
76 78 75 81 85 84 85 85 80 80 88 83 83 88 86 81 83 79 70 71 65 57 62 77 77 83 84 71 50 49 55 55 53 52 51 50 51 55 53 52 54 70 92 102 97 74 51 42 34 30 30 38 42 44 52 56 43 47 59 61 56 61 61 66 
73 74 78 79 75 80 86 90 97 89 90 94 93 81 72 80 72 68 70 71 63 58 69 79 80 85 91 86 76 73 68 58 54 49 45 42 42 43 45 54 66 78 76 70 61 45 35 33 42 41 34 31 29 32 38 30 21 21 24 27 26 24 20 22 
76 72 76 81 76 79 96 92 94 96 91 84 80 78 77 73 72 73 69 64 61 67 80 81 81 88 93 91 93 93 90 84 77 63 59 41 30 27 28 29 25 22 21 21 15 13 17 20 22 20 18 18 17 18 17 14 14 12 11 10 9 8 8 8 
72 73 70 73 69 76 83 72 79 83 85 85 84 81 76 71 69 67 62 60 70 80 82 82 85 93 98 99 96 91 84 68 50 38 30 17 19 17 11 8 8 9 10 11 10 10 11 12 11 12 11 10 9 8 8 12 8 7 8 7 7 7 7 8 
65 62 63 70 75 82 87 87 72 72 75 83 83 81 77 68 63 59 58 68 77 77 77 77 80 84 81 80 70 54 38 24 15 13 12 11 12 12 10 8 9 11 13 13 16 16 17 22 27 31 34 37 32 27 25 29 19 16 12 11 9 8 9 9 
58 56 58 64 69 74 78 79 78 80 80 82 80 77 70 64 60 60 71 71 68 66 62 54 46 40 33 26 20 16 15 12 13 13 13 13 11 12 13 13 15 22 26 34 48 61 66 85 108 115 106 79 53 35 26 18 17 17 8 7 7 7 6 7 
52 53 56 60 61 62 66 69 71 76 78 78 71 68 65 61 54 59 58 49 45 36 27 21 17 17 17 14 13 11 10 11 13 13 13 16 17 17 21 23 25 30 35 38 42 49 50 44 42 36 24 16 11 9 8 8 10 10 10 11 11 11 11 12 
54 53 55 55 57 61 58 59 60 63 65 69 66 63 59 52 41 32 25 19 16 16 17 14 12 14 28 15 13 13 11 12 16 18 20 21 18 16 15 15 16 20 21 14 10 10 9 10 10 12 15 17 18 16 13 16 21 21 22 22 22 20 19 18 
66 67 65 65 61 58 53 56 58 56 58 60 63 57 42 32 24 19 18 18 21 29 35 26 16 16 19 11 11 11 10 11 12 14 16 14 11 10 10 12 12 14 14 16 20 26 35 42 47 60 71 77 68 48 15 8 23 27 26 26 26 26 22 21 


9 14 62 98 99 100 103 103 102 104 102 103 104 103 104 105 104 104 103 101 102 98 96 96 95 94 93 93 92 92 90 88 87 86 87 85 80 79 78 76 73 76 99 107 100 106 111 114 108 105 98 100 101 103 95 90 88 79 84 95 95 100 108 111 
9 23 83 104 104 105 104 102 101 100 98 89 89 99 102 102 102 103 104 104 103 101 100 98 94 92 91 93 93 92 89 90 88 87 89 87 85 83 81 80 78 88 102 109 111 106 110 104 103 109 106 106 107 106 99 82 85 90 84 91 96 95 109 112 
9 33 92 102 105 105 105 106 105 103 103 98 79 88 99 98 98 99 99 99 101 100 99 100 99 97 94 95 95 93 89 92 89 88 88 88 86 84 81 80 75 97 103 108 105 98 107 108 112 108 107 106 107 98 97 89 92 92 89 83 88 88 99 109 
11 46 99 107 108 107 106 104 103 101 102 102 95 74 95 102 101 100 98 97 96 95 95 96 95 95 96 97 96 94 93 90 88 88 88 88 84 82 79 82 72 97 103 108 116 113 110 108 110 103 107 107 107 100 101 101 93 87 67 68 78 70 89 100 
12 55 103 107 106 107 106 104 103 101 101 101 100 96 98 98 100 99 100 100 99 97 96 96 93 92 93 93 93 93 93 91 91 90 89 88 84 82 83 89 80 91 98 105 113 110 105 107 110 106 109 108 107 101 99 89 72 43 34 35 59 66 86 96 
13 59 105 107 105 106 104 103 102 102 101 99 101 100 99 99 99 98 98 99 100 99 99 98 97 96 97 96 94 92 90 88 87 87 87 87 85 86 89 96 91 76 81 97 106 116 111 113 108 104 104 98 104 98 96 94 80 45 38 41 64 83 75 86 
16 54 99 102 105 106 105 104 102 101 102 101 102 101 102 100 99 98 98 100 99 99 98 97 97 96 95 95 95 93 92 90 88 86 85 84 84 82 90 99 102 90 76 85 97 114 108 105 105 102 102 101 106 102 89 75 88 85 79 83 89 85 75 80 
14 55 99 101 100 99 99 100 101 102 101 102 102 101 100 101 100 99 99 100 100 100 100 100 98 97 98 97 96 93 90 81 76 78 80 83 81 83 90 101 109 108 92 80 78 99 101 107 108 106 101 98 100 95 67 63 95 92 93 92 96 92 84 83 
15 56 101 105 104 103 102 102 103 102 100 99 97 97 100 98 98 99 101 101 100 99 99 97 96 95 95 95 94 91 83 65 53 57 61 81 93 93 92 100 109 109 105 93 75 81 89 101 103 99 101 97 100 95 77 50 84 76 62 61 54 48 50 67 
13 54 98 102 102 101 100 100 99 100 100 100 99 99 99 98 98 98 99 98 98 98 97 95 94 93 93 93 92 90 79 74 54 51 67 94 98 92 97 101 106 110 113 107 91 78 75 94 105 103 99 102 104 93 84 73 75 48 35 33 33 44 79 81 
12 50 96 100 99 99 98 97 97 97 97 98 98 97 96 97 97 98 99 98 99 99 97 94 91 89 89 90 88 83 76 79 70 53 85 96 95 76 89 101 102 109 116 113 107 93 74 79 96 96 97 97 93 56 76 88 77 52 41 55 49 59 87 87 
14 49 95 98 97 98 97 97 96 95 95 95 96 95 94 95 95 95 97 97 96 96 95 94 93 92 91 90 84 73 75 78 79 70 102 95 92 94 80 92 101 103 111 112 112 109 95 76 79 83 97 99 93 56 57 80 64 49 63 85 86 86 78 67 
14 46 93 96 95 96 96 95 94 94 94 94 94 93 93 93 94 95 95 95 95 94 92 88 85 85 85 84 79 72 76 78 83 74 92 91 90 103 92 83 100 102 107 110 114 114 111 96 78 79 89 76 88 82 75 69 40 39 68 89 91 94 80 63 
14 44 90 93 94 94 94 95 95 94 94 93 93 93 92 92 92 93 94 94 94 92 86 71 61 57 60 65 72 70 71 72 73 58 73 73 75 93 100 96 101 101 93 71 97 109 114 111 96 78 57 45 87 96 90 70 37 43 63 90 98 106 110 116 
16 41 86 90 90 89 87 90 90 91 91 91 91 92 93 92 93 94 94 94 98 97 84 61 44 36 44 45 58 62 68 64 52 37 43 54 54 58 71 81 90 100 91 54 62 95 117 116 102 92 62 43 76 94 71 63 44 71 85 90 105 114 123 128 
17 39 85 87 88 87 86 86 86 86 87 87 87 87 88 88 89 90 92 104 110 97 91 91 90 83 74 69 61 51 52 48 49 45 43 42 43 48 54 58 66 80 91 73 50 54 83 104 96 99 91 72 80 64 39 38 47 81 87 92 111 104 115 119 
17 39 82 84 85 85 85 84 83 83 84 84 84 84 84 84 85 85 87 104 111 112 124 123 123 117 109 102 97 64 49 49 51 51 49 47 43 60 65 58 55 63 68 68 51 45 43 65 87 96 96 94 79 55 38 41 49 84 84 101 114 105 111 125 
16 36 76 80 81 82 83 83 82 83 82 82 82 82 82 82 83 84 83 92 109 117 132 133 128 116 97 102 96 74 55 52 56 57 53 45 59 70 79 78 54 61 60 45 44 45 46 50 67 88 92 102 91 52 46 69 77 85 94 108 106 99 115 122 
15 32 74 80 81 81 81 80 79 79 80 81 81 80 80 81 81 82 83 78 86 104 120 123 126 123 114 100 91 73 62 55 52 58 59 52 68 63 78 81 65 74 72 81 78 79 84 75 63 70 88 102 106 77 60 84 88 92 100 104 104 100 104 106 
13 26 66 72 73 75 77 78 78 79 80 79 81 80 80 79 77 76 79 78 72 84 101 110 114 112 97 90 76 67 63 61 61 67 72 68 82 70 63 72 78 97 97 116 119 124 130 130 119 83 84 99 107 104 68 84 90 97 103 101 105 114 107 118 
14 23 63 70 71 72 73 73 73 73 74 74 74 74 74 74 75 72 73 76 65 58 74 84 89 85 75 75 62 61 64 67 79 93 90 93 103 99 75 71 76 97 133 146 143 132 146 150 148 132 113 108 108 115 103 90 95 101 103 105 110 116 112 111 
43 51 69 69 68 66 64 64 68 71 71 71 72 73 72 72 72 72 73 71 52 41 51 69 71 61 63 59 57 63 69 73 83 102 88 66 55 70 88 78 83 103 149 146 144 132 157 159 157 140 116 110 99 109 121 98 82 82 95 106 111 108 115 110 
106 109 108 107 106 107 103 99 99 99 98 93 88 85 82 81 80 79 78 73 45 40 43 45 49 51 59 58 61 64 75 86 88 102 92 55 45 59 76 95 86 127 179 188 177 140 121 142 136 86 52 63 70 71 92 103 95 92 97 105 118 108 112 120 
122 121 121 119 121 122 122 122 121 121 123 123 123 123 122 121 120 120 119 105 46 38 45 51 46 49 55 57 66 65 61 68 77 90 104 61 52 65 77 110 135 197 219 216 211 189 116 70 60 44 44 54 63 67 60 100 111 92 94 111 115 111 115 122 
123 124 126 123 122 121 127 128 127 128 127 128 126 130 130 130 130 129 128 95 41 37 44 54 66 71 63 66 77 71 69 72 74 77 103 126 102 91 91 136 206 228 228 226 222 210 150 69 77 93 106 95 73 56 45 95 115 110 92 112 114 110 114 104 
124 123 122 123 122 121 127 129 130 131 131 132 131 132 132 133 133 132 125 79 39 39 44 49 56 74 93 93 103 103 101 117 136 127 117 128 150 154 151 190 213 215 213 206 220 212 162 109 141 173 177 173 151 109 116 130 113 121 109 107 115 118 119 83 
125 124 125 124 125 126 128 129 131 131 132 133 134 135 133 136 136 134 112 84 46 41 46 54 64 70 96 118 139 162 188 205 204 189 186 194 206 215 218 226 227 217 186 126 156 185 148 132 164 185 186 186 183 164 149 133 111 120 122 102 107 121 123 107 
124 124 125 124 124 127 129 130 130 131 131 132 133 135 134 136 138 125 103 89 52 47 46 45 52 56 64 86 98 110 141 172 202 218 225 225 219 217 224 227 228 221 200 146 125 147 140 148 183 187 188 185 179 167 156 156 136 121 127 113 97 107 117 130 
124 125 126 126 126 128 129 131 132 131 131 134 136 136 135 137 131 106 97 87 56 50 39 36 39 46 48 62 73 74 84 91 114 124 138 141 131 123 134 186 213 208 191 174 193 180 145 169 192 194 193 185 174 167 164 174 163 122 135 129 106 84 99 132 
123 125 126 126 126 129 130 131 133 134 134 137 137 137 136 131 108 95 95 83 48 37 46 59 51 50 60 65 73 74 73 71 72 90 104 67 58 82 120 167 222 225 221 214 203 169 166 188 195 197 193 183 176 174 167 178 179 118 128 137 121 73 83 113 
126 127 127 127 127 128 129 131 135 136 135 137 138 135 134 112 94 96 93 69 39 56 86 89 81 66 72 73 80 88 96 103 117 99 53 48 66 99 124 170 199 184 196 195 180 178 190 194 197 195 190 192 191 178 165 177 183 118 108 141 134 104 86 122 
129 129 130 128 129 130 130 134 135 137 137 138 136 135 121 90 84 88 92 67 65 93 114 119 116 99 94 77 74 79 81 96 109 81 82 97 100 90 82 112 114 110 158 185 190 197 193 193 194 195 200 201 197 176 158 175 176 114 88 142 143 127 111 130 
129 128 128 129 129 131 132 134 135 136 137 139 139 134 99 83 78 75 71 75 102 118 127 138 130 122 105 82 74 75 77 82 86 76 102 99 76 65 66 84 122 167 192 196 197 195 195 198 201 202 202 201 193 172 161 176 168 111 77 128 145 140 118 106 
129 129 128 129 129 131 132 133 133 136 139 139 140 121 87 83 78 76 81 110 125 123 114 104 81 76 56 52 70 104 96 85 78 60 63 67 85 100 120 161 192 198 197 198 198 199 207 205 206 208 205 198 189 175 163 174 162 102 73 99 139 144 136 112 
128 128 128 129 130 131 133 134 135 137 140 140 134 93 70 69 86 85 105 118 99 74 53 40 24 20 22 26 32 53 81 110 115 116 138 158 168 177 185 185 188 196 201 203 203 204 206 208 206 206 202 194 188 180 164 169 145 75 67 79 129 145 143 133 
128 128 129 130 133 134 135 136 139 142 145 146 123 76 65 81 78 72 75 59 42 37 25 25 25 23 18 19 19 24 34 40 45 51 69 82 83 90 95 89 95 120 140 141 140 150 151 169 196 203 199 192 182 173 159 158 116 64 64 68 95 134 138 139 
131 132 132 134 136 136 138 140 141 141 140 133 98 77 66 82 86 48 27 30 31 34 29 28 27 29 22 14 17 23 26 30 32 31 37 39 40 39 41 40 44 50 56 64 71 71 71 110 161 163 156 140 109 132 155 144 86 54 60 66 69 112 131 137 
133 133 133 129 130 132 131 130 130 131 131 111 82 76 63 65 59 31 27 33 32 32 31 27 24 27 21 20 22 27 27 23 27 33 37 39 37 37 33 33 35 35 36 42 45 48 54 67 67 56 59 57 48 64 105 103 52 49 57 61 60 79 122 138 
127 125 126 125 126 129 131 134 137 140 129 91 76 70 60 62 31 21 26 32 34 32 27 25 24 24 25 24 23 23 28 26 29 36 35 33 31 28 29 32 34 33 32 34 37 36 39 40 35 35 37 37 38 40 53 59 46 51 54 59 60 61 108 136 
129 130 133 134 136 138 139 139 140 129 97 82 74 63 58 45 19 21 24 26 28 26 27 30 29 28 30 30 25 21 17 22 34 41 41 39 35 33 29 26 27 31 30 29 28 26 24 23 26 26 29 32 34 36 49 57 49 56 54 60 57 52 89 129 
136 135 134 132 132 132 132 131 119 97 84 80 78 66 60 47 20 24 24 24 25 25 22 22 30 32 35 33 28 29 26 24 29 35 38 39 39 38 41 39 35 33 34 32 30 28 26 19 21 24 25 29 34 43 36 31 51 65 57 54 50 46 74 118 
130 130 130 131 133 133 122 105 94 89 82 79 80 83 80 56 22 25 27 29 28 23 23 24 28 28 33 37 33 29 31 29 28 30 35 38 38 32 30 31 38 39 37 35 32 32 32 30 28 27 28 31 44 68 41 29 71 92 68 54 49 47 60 107 
133 136 136 135 127 107 90 86 88 84 80 83 85 79 72 54 24 25 27 31 32 25 22 24 30 32 27 30 32 35 34 31 27 25 25 26 31 36 34 26 24 33 40 40 42 46 48 54 52 42 35 35 58 92 67 51 81 102 99 60 52 50 53 93 
131 131 130 116 103 94 90 87 87 83 83 89 87 84 77 61 26 22 27 30 33 35 34 31 35 33 31 31 33 34 31 28 24 26 29 28 27 33 35 36 34 36 38 38 43 55 75 97 96 76 52 45 75 101 91 67 64 111 127 68 53 50 48 78 
128 125 113 103 101 98 96 98 109 101 91 90 89 89 87 83 52 22 29 33 34 35 33 33 35 33 31 28 26 27 29 32 27 25 26 26 29 33 30 30 32 39 45 56 79 95 109 136 141 117 95 76 74 99 91 64 67 107 124 64 49 48 50 75 
135 120 109 109 109 108 111 115 114 103 90 86 88 90 89 92 80 28 24 30 32 30 33 34 32 33 28 23 20 17 17 21 23 28 28 28 28 29 30 30 32 35 46 70 106 132 147 159 162 157 135 95 54 72 61 46 47 64 97 58 46 45 53 107 
124 110 115 116 115 113 114 114 113 106 95 86 90 84 82 87 87 49 24 28 33 31 28 29 35 36 31 23 20 16 16 15 18 21 20 21 21 26 29 30 30 31 35 44 59 78 98 121 136 133 108 77 40 28 21 18 36 82 83 55 48 47 64 134 
110 107 110 109 109 106 105 107 110 107 97 93 96 88 77 68 67 59 30 25 34 35 34 31 33 27 23 22 23 26 29 31 32 31 30 30 29 27 33 35 36 37 37 36 35 39 43 52 61 62 52 65 47 23 14 14 45 102 69 55 49 47 63 113 
106 103 100 100 98 96 94 96 96 95 93 89 87 86 85 83 73 58 45 24 25 31 33 29 23 24 23 25 33 36 39 40 39 37 37 36 33 28 28 28 30 33 35 37 38 37 37 35 34 39 49 72 65 38 19 15 42 84 60 56 51 48 52 74 
95 94 89 71 53 50 51 56 58 52 46 44 49 49 52 65 84 85 64 34 22 23 27 29 31 31 33 39 40 42 43 43 39 37 37 37 35 35 35 36 33 34 33 34 35 35 38 38 44 54 55 66 62 51 31 26 55 64 52 52 51 46 45 48 
93 88 77 41 27 29 28 29 30 26 22 29 37 37 37 40 65 83 83 69 38 18 17 25 35 41 42 42 40 41 40 35 27 26 29 34 35 34 32 29 29 29 29 31 32 29 34 49 75 54 29 37 38 31 29 37 44 50 48 49 51 45 47 54 
96 90 60 36 31 30 33 30 26 23 25 36 50 51 52 56 47 49 64 79 74 43 26 21 33 35 37 37 37 39 36 34 28 30 32 36 39 38 37 33 33 33 33 30 29 35 56 86 82 52 28 16 13 12 15 33 41 52 49 48 53 61 68 79 
84 57 37 35 28 25 28 27 34 45 48 50 55 58 54 57 56 50 44 70 86 72 48 43 31 32 32 30 30 35 37 42 39 39 39 40 36 34 33 31 36 37 36 40 43 59 89 82 55 46 43 28 12 10 17 37 41 49 43 47 80 94 95 90 
52 33 27 28 36 38 32 28 40 63 70 56 57 58 60 54 54 47 47 76 91 83 56 55 46 32 32 30 34 37 40 40 40 36 35 33 26 25 27 31 39 38 36 44 60 86 86 49 36 34 31 24 14 22 29 39 47 46 43 60 74 76 89 96 
44 30 26 26 25 40 43 34 37 64 62 44 43 38 50 55 46 45 62 94 95 84 59 57 56 51 36 30 32 36 39 39 38 38 32 33 35 33 35 34 34 36 47 71 94 97 66 40 26 16 12 12 18 26 33 44 42 41 57 72 83 84 95 99 
69 35 27 32 36 35 38 37 32 32 41 36 36 42 41 37 43 63 91 100 95 82 58 57 58 63 65 51 28 27 33 33 30 31 28 28 30 34 33 35 39 58 87 102 97 70 40 28 21 18 17 21 23 25 34 36 29 46 64 67 62 66 66 73 
93 69 39 30 28 32 38 43 50 41 41 45 44 30 23 39 74 92 98 101 92 77 58 61 63 66 69 65 57 52 45 36 35 29 24 24 24 28 28 44 61 79 80 74 60 38 25 22 28 25 18 16 14 16 23 18 17 21 25 28 27 24 19 21 
103 93 56 29 26 29 51 54 52 49 38 32 29 31 42 68 93 96 97 94 84 67 60 61 62 65 68 67 69 68 62 59 60 49 43 34 29 28 31 33 30 28 29 29 17 10 13 15 15 15 14 15 15 15 16 14 13 12 13 11 11 10 10 9 
99 97 70 35 21 26 39 46 43 42 40 45 59 77 90 96 99 97 91 82 71 60 58 57 60 68 73 71 70 65 56 49 39 29 24 16 18 16 13 9 8 8 10 10 10 9 11 12 13 14 13 12 10 10 10 14 11 10 10 9 9 10 11 11 
91 85 89 80 55 49 50 61 66 68 82 100 108 109 107 100 93 85 77 67 60 59 59 57 57 59 60 65 56 42 28 19 13 12 12 11 11 12 11 9 9 13 15 16 18 19 20 25 31 36 40 43 39 35 32 36 25 21 16 15 13 12 12 12 
81 80 88 94 98 96 99 101 102 102 101 111 111 110 104 95 86 73 62 56 54 54 51 45 38 30 25 23 19 16 16 14 13 14 15 15 13 13 15 16 18 27 32 41 56 70 74 96 119 125 119 96 67 47 34 24 22 23 12 11 9 9 9 9 
37 40 57 76 87 92 97 101 104 108 109 111 105 101 97 89 72 54 44 38 38 32 26 21 19 17 18 15 13 12 13 14 15 17 17 19 22 22 27 29 32 39 43 47 52 60 61 56 51 47 32 23 16 12 12 12 14 15 15 16 15 14 15 15 
18 20 20 25 40 60 72 83 89 93 96 101 99 96 90 71 46 28 21 19 18 17 19 15 14 15 24 17 16 15 15 15 19 23 24 26 23 19 20 19 21 26 25 19 14 13 13 12 12 13 16 18 18 17 18 19 24 23 24 25 24 22 21 19 
27 33 31 31 27 24 32 62 69 65 71 84 92 80 50 29 23 18 19 19 23 28 35 27 20 20 20 13 15 14 13 14 16 17 20 16 13 11 11 13 14 16 15 16 18 22 29 34 37 46 56 63 54 39 14 8 24 26 26 26 26 23 22 21 