


142 144 137 133 130 127 123 120 118 113 108 109 112 112 114 109 104 102 101 103 103 104 107 110 113 103 82 51 40 57 86 123 136 138 136 134 131 142 146 148 147 141 127 122 124 107 94 76 58 58 50 52 70 75 133 190 197 205 210 205 208 214 217 210 
141 135 130 127 126 123 118 116 114 110 108 112 116 116 114 109 100 94 91 92 89 94 103 113 109 100 80 55 52 66 88 115 136 133 128 132 130 141 142 149 144 136 125 127 122 105 103 89 78 78 62 63 75 72 109 178 193 201 209 206 206 212 216 214 
135 131 126 125 124 118 112 107 105 105 108 114 117 111 103 101 97 91 83 81 79 81 91 106 107 91 75 61 62 72 90 107 127 123 128 131 131 137 143 147 137 130 132 132 112 109 109 96 91 92 80 77 78 71 86 153 190 198 208 207 207 210 211 214 
142 131 123 117 113 112 108 106 106 109 108 108 108 102 96 92 87 80 77 74 71 75 83 98 97 84 64 60 72 73 89 104 120 120 127 131 129 131 140 139 134 137 142 128 107 111 111 100 97 103 96 84 82 73 76 120 183 194 202 206 207 209 210 214 
146 137 125 117 112 109 105 107 106 105 100 99 98 88 83 77 73 71 74 72 68 76 88 97 89 68 65 60 68 70 91 98 114 119 121 130 127 129 144 138 139 143 146 116 109 118 115 104 104 107 103 89 84 73 75 97 168 192 200 206 207 208 209 211 
140 133 123 114 111 109 106 108 107 102 96 91 85 77 73 70 64 66 63 69 79 92 101 106 102 79 77 74 69 73 88 91 103 109 114 129 130 135 141 141 140 140 134 110 110 120 116 108 107 106 111 97 89 71 73 87 156 188 196 206 207 205 207 209 
135 127 120 113 109 108 110 110 105 98 93 83 79 74 68 66 71 70 72 85 96 104 112 113 111 99 87 85 75 77 86 88 96 99 108 121 128 132 137 144 138 136 130 109 111 120 114 115 115 112 113 105 89 72 73 97 161 188 193 204 210 206 207 210 
131 121 114 109 109 110 113 112 106 98 89 82 80 75 72 69 78 85 94 108 117 125 129 115 112 104 87 89 78 82 86 87 94 97 109 116 123 128 133 138 132 133 125 112 114 121 114 120 119 118 119 112 86 71 78 109 175 190 193 199 208 206 207 209 
127 120 116 112 112 112 116 118 112 108 103 102 100 98 97 99 109 114 123 133 138 137 129 112 101 107 96 84 80 87 89 89 96 107 118 118 126 128 125 128 129 126 123 116 128 127 120 125 122 120 125 115 88 74 85 126 189 193 195 199 204 207 206 207 
130 122 118 119 117 121 133 134 135 140 140 142 142 140 139 141 145 149 148 148 143 129 111 113 104 108 97 89 92 93 89 95 110 123 129 126 133 127 119 120 123 121 121 125 133 134 130 127 126 123 125 115 88 81 87 147 197 197 194 197 203 211 208 207 
132 127 125 125 128 137 143 148 150 155 156 158 154 150 153 154 156 156 151 144 135 115 107 113 109 112 99 94 94 94 91 108 128 135 136 139 142 130 117 120 120 119 120 135 142 140 144 131 121 121 126 115 92 82 104 173 205 202 196 198 201 212 212 210 
134 126 121 121 130 144 149 149 148 149 149 161 165 155 147 147 144 142 142 136 142 128 105 114 106 109 103 98 101 100 105 128 147 147 147 147 140 130 116 121 117 125 129 140 148 147 144 132 116 113 127 122 97 82 124 188 209 205 198 198 200 209 214 212 
142 134 129 124 129 141 147 148 150 149 144 140 151 154 146 142 137 125 137 142 148 140 116 112 106 109 116 118 109 105 121 138 157 157 156 154 139 126 116 122 126 137 142 147 155 154 146 131 115 111 130 125 95 83 147 199 210 208 202 201 202 204 212 213 
148 140 133 130 133 138 141 145 149 150 149 146 151 154 149 148 147 141 143 140 138 135 120 112 113 118 127 136 125 119 134 145 158 163 162 156 138 124 116 127 138 143 144 155 158 154 149 136 119 116 135 129 98 88 157 203 209 209 206 203 206 206 214 213 
156 152 145 142 140 138 140 146 150 153 151 151 153 153 152 154 151 150 143 141 135 134 128 122 123 129 133 143 142 136 147 144 159 167 164 156 140 122 115 133 140 145 145 153 160 160 146 140 122 122 136 125 90 90 166 205 211 211 209 203 206 204 212 213 
160 160 155 151 145 145 146 148 153 154 151 151 155 154 155 155 152 149 148 145 142 141 133 128 135 140 146 146 153 146 154 150 160 167 163 157 134 115 114 134 142 146 148 149 159 156 147 142 124 121 134 120 92 92 170 204 210 211 211 205 205 203 210 212 
165 162 158 157 155 154 154 154 157 155 155 156 156 153 151 153 153 149 147 149 142 141 146 138 141 148 155 157 154 158 159 159 162 166 166 153 127 110 123 144 143 145 143 145 154 149 150 145 135 121 133 122 99 91 167 205 212 212 212 206 204 203 209 214 
162 161 158 158 159 157 156 159 160 158 160 159 160 161 159 157 155 150 147 151 152 143 150 156 152 150 160 166 167 161 160 166 168 166 160 147 124 117 138 154 147 142 138 133 141 144 146 147 137 127 134 130 114 96 154 202 211 210 212 208 204 204 208 215 
164 163 161 160 162 162 162 163 164 164 163 165 164 164 161 160 156 153 153 152 155 152 153 159 161 157 159 168 172 171 164 166 168 166 158 139 115 127 154 158 154 147 136 126 126 131 136 140 132 132 135 133 124 104 140 197 208 209 212 209 204 207 209 213 
160 163 164 163 163 163 164 164 163 164 163 164 165 163 161 160 156 154 152 153 154 155 158 161 164 165 162 170 171 173 171 169 164 165 153 126 118 143 169 165 165 153 136 128 116 119 121 128 120 125 134 129 125 109 120 183 203 208 211 208 204 205 209 210 
149 153 156 157 159 162 163 161 161 162 162 163 164 162 160 159 156 155 155 155 156 158 159 163 165 169 169 171 172 172 174 172 164 157 148 134 139 165 176 177 171 158 135 132 116 114 119 117 116 120 132 132 125 121 111 159 198 205 208 209 206 206 210 211 
141 143 146 145 149 154 157 158 161 161 163 164 165 160 159 159 158 158 158 159 158 159 160 163 168 172 174 174 175 176 174 171 161 152 148 155 162 175 178 180 176 162 136 128 118 113 116 108 115 121 130 137 127 125 120 140 182 199 205 206 208 205 207 209 
140 138 137 136 138 139 145 148 153 156 158 160 162 159 157 157 156 158 158 160 158 160 162 165 169 168 175 178 179 179 173 166 155 150 146 147 162 176 179 181 175 168 153 129 119 110 108 106 110 120 127 139 131 129 121 122 151 193 199 202 209 207 206 209 
139 135 132 131 132 133 137 138 142 147 152 154 157 156 157 158 159 158 156 157 158 160 163 167 168 165 169 172 175 180 170 162 153 142 131 110 118 146 166 175 176 172 156 138 116 105 99 100 114 118 127 141 137 134 120 117 99 159 192 197 202 207 206 208 
142 138 134 131 130 130 130 131 133 137 142 148 152 153 153 153 156 155 156 157 156 158 161 164 164 163 161 165 166 173 170 159 146 145 111 50 35 62 104 142 164 171 159 143 116 99 95 105 113 118 132 139 139 129 123 120 89 103 162 191 197 200 204 204 
146 143 138 133 128 126 129 131 133 133 140 146 149 151 153 153 153 153 155 157 156 157 161 164 165 160 155 158 160 164 160 148 145 136 78 21 5 13 23 60 115 155 166 152 120 99 105 113 116 121 132 136 133 127 134 133 122 102 91 171 195 198 203 204 
151 146 144 139 133 129 129 132 134 136 140 146 150 151 152 153 153 153 153 155 157 162 163 165 164 162 156 154 158 161 156 142 139 108 48 7 1 8 11 15 57 126 160 154 123 101 117 126 120 128 129 134 140 153 151 150 150 122 82 126 176 194 197 202 
165 162 162 156 153 150 146 143 141 141 139 140 144 146 148 151 153 154 151 154 155 159 163 164 167 164 163 157 152 157 155 142 127 87 32 3 1 8 14 15 32 110 152 151 119 109 126 135 129 135 132 141 154 160 162 163 160 144 121 86 121 183 194 196 
168 167 169 169 168 165 161 158 152 146 138 135 134 134 137 141 146 149 151 151 152 155 161 164 167 168 168 164 154 153 151 137 121 69 9 2 1 11 16 16 44 118 152 144 119 130 134 138 139 142 143 155 159 164 172 166 168 158 145 90 80 156 193 194 
169 171 171 172 175 173 172 169 164 158 149 144 138 132 134 137 141 144 144 144 144 148 154 162 164 164 166 162 164 153 146 130 111 27 2 3 9 16 18 28 87 134 154 140 139 146 141 141 141 145 151 153 148 169 171 172 169 166 156 119 63 125 195 198 
172 173 174 179 181 178 177 176 172 168 162 157 151 146 144 146 147 147 144 145 142 141 148 154 155 157 154 152 157 149 134 128 93 20 10 15 20 27 41 80 128 150 153 150 159 150 142 140 141 141 147 149 150 164 175 172 166 169 165 127 67 104 194 208 
171 170 170 173 174 174 175 175 173 170 166 160 156 154 151 152 156 155 153 151 147 145 143 144 149 143 142 141 142 143 129 112 88 63 48 43 47 62 95 132 146 156 154 157 156 148 138 137 135 139 142 146 143 154 170 170 164 169 165 135 79 103 195 215 
162 157 160 166 172 171 170 171 171 166 164 161 155 151 145 145 149 154 155 155 152 153 151 151 150 143 142 134 128 133 135 118 106 107 105 99 94 97 128 145 147 149 149 149 145 141 133 138 141 139 129 141 145 152 166 173 170 161 166 139 85 121 197 214 
149 146 149 153 159 163 164 167 166 165 163 159 154 146 139 134 140 143 146 151 153 155 157 157 158 153 151 148 144 139 138 129 126 136 142 141 135 129 137 140 141 143 148 145 141 136 133 137 145 136 124 136 147 143 155 169 163 160 163 122 67 124 201 215 
154 151 155 155 158 160 161 162 165 167 164 163 161 153 146 140 139 139 144 148 152 153 159 164 165 164 163 166 163 157 153 137 138 145 148 151 152 149 144 141 140 134 134 137 135 134 131 135 138 146 142 145 146 143 153 165 156 151 147 93 59 136 204 215 
160 158 160 162 159 158 159 157 160 163 164 163 164 159 152 142 136 135 137 142 147 154 160 165 167 169 170 173 169 158 145 139 142 148 151 154 156 154 155 149 144 136 137 136 138 136 128 126 134 146 144 146 148 142 148 164 153 150 134 91 79 155 204 214 
150 148 153 154 153 152 154 152 152 155 157 156 155 156 152 146 141 137 136 138 141 146 151 159 165 165 163 161 152 141 137 140 142 147 150 154 154 152 153 153 152 145 147 146 144 141 122 124 135 142 142 140 144 143 149 160 150 144 118 73 65 150 202 213 
151 152 153 147 144 146 150 148 144 144 145 143 148 152 153 151 146 141 133 129 131 131 136 145 150 148 150 146 137 134 134 135 139 143 146 145 144 145 143 150 153 152 160 160 158 145 130 129 133 135 133 132 128 131 139 146 142 132 103 71 78 154 199 210 
152 153 154 151 149 148 147 145 147 145 146 146 149 150 147 146 140 138 136 136 134 134 136 141 144 145 147 144 143 145 144 141 144 143 144 144 146 149 150 151 155 153 166 169 165 150 136 135 136 131 128 128 111 96 117 130 135 118 80 66 86 155 198 208 
165 166 164 157 156 153 153 151 148 145 146 150 148 144 140 138 132 130 132 131 127 133 134 137 141 143 143 143 144 148 149 149 148 148 147 150 151 154 157 157 159 157 168 171 171 155 141 141 136 131 129 133 129 97 104 120 113 78 69 69 99 170 196 206 
172 172 171 170 166 161 158 157 152 149 150 150 146 140 136 133 131 133 135 131 130 132 133 138 141 140 141 143 145 146 145 149 151 152 152 151 151 152 156 159 161 164 171 173 169 158 144 144 140 134 136 139 137 119 113 110 85 69 76 83 131 187 195 205 
167 169 171 171 171 168 164 161 159 155 156 158 156 152 148 139 138 138 139 142 144 139 140 145 145 148 152 151 149 151 152 150 150 147 150 151 149 145 145 145 146 152 157 159 160 153 146 148 143 136 141 141 133 133 121 94 79 80 91 121 179 197 194 201 
165 165 167 166 168 169 164 159 160 161 161 160 156 148 144 142 143 144 147 148 147 146 149 150 153 151 145 128 109 95 88 85 90 116 136 137 129 134 130 138 149 156 152 150 147 142 141 146 138 132 134 132 129 124 100 88 91 104 140 190 215 206 196 200 
169 169 169 168 170 168 162 160 159 157 152 150 150 148 147 149 150 153 154 155 158 162 161 156 148 121 71 51 41 44 41 47 82 118 134 111 114 133 132 130 136 151 152 149 147 144 141 136 133 137 136 124 119 111 111 116 135 171 208 224 227 215 199 200 
173 174 175 174 174 171 171 169 168 168 169 166 164 162 162 157 158 159 158 159 162 162 160 151 138 120 98 91 83 80 86 109 132 137 122 114 123 130 134 133 143 150 148 151 158 158 158 155 156 151 143 150 161 177 181 188 205 223 231 232 229 217 200 201 
176 176 172 166 169 178 185 186 187 189 188 183 176 169 157 155 159 160 166 166 170 166 171 158 167 174 163 151 145 145 145 147 143 138 133 129 129 130 126 126 132 141 152 159 176 189 190 188 192 194 204 219 220 222 220 222 229 231 235 233 228 216 201 200 
166 166 160 156 163 184 198 206 217 220 224 214 194 166 159 157 154 163 173 182 190 198 207 203 203 207 201 192 185 183 180 178 172 165 159 155 153 152 148 145 147 158 164 175 187 201 206 214 218 228 230 234 233 228 227 227 231 233 236 232 226 215 203 199 
155 165 170 171 181 198 209 213 223 232 235 226 202 168 148 146 148 154 173 198 216 229 230 233 226 224 223 220 212 208 206 205 200 192 184 179 178 179 178 175 175 178 184 197 210 217 214 212 217 227 228 233 232 229 227 229 232 234 233 231 228 219 208 201 
163 181 195 196 203 213 217 216 220 229 233 229 211 177 160 165 165 170 192 220 233 241 240 242 239 233 235 234 229 224 222 221 218 210 203 197 197 200 201 198 195 196 202 213 224 231 232 220 213 221 221 226 227 227 227 226 230 233 230 230 226 217 212 205 
185 202 215 219 220 223 224 221 221 228 233 233 219 194 182 194 198 200 216 236 240 242 246 244 246 239 237 242 237 233 230 226 223 221 218 212 207 209 212 210 206 208 211 219 228 235 241 237 220 215 218 220 220 223 223 223 228 229 225 225 225 219 210 207 
211 218 225 229 230 230 229 223 220 227 233 232 227 211 203 216 223 222 232 245 245 245 247 246 244 245 240 243 241 236 233 229 226 226 224 221 214 210 211 211 209 212 216 223 229 238 243 243 236 222 215 215 219 221 220 221 223 225 225 226 220 217 213 212 
223 226 228 229 230 231 231 225 219 223 233 234 233 224 221 229 234 234 241 248 247 248 247 248 244 245 243 244 243 240 236 233 231 232 228 223 217 211 209 210 209 210 216 223 231 239 244 244 244 242 229 213 214 216 218 219 220 223 226 224 221 217 215 213 
226 229 229 228 230 231 231 227 220 222 231 236 235 232 231 234 236 238 243 250 248 249 247 248 249 247 247 246 244 242 236 235 236 233 231 225 219 213 212 211 211 209 213 219 231 241 245 245 247 250 248 230 212 211 213 215 216 218 220 220 220 219 218 214 
226 230 228 226 230 232 232 229 221 220 226 236 239 238 236 235 236 239 243 249 246 249 250 249 250 248 244 244 243 241 238 239 239 236 233 228 222 218 214 210 210 208 209 218 232 242 247 249 251 253 254 252 237 213 208 211 213 215 215 216 219 219 220 214 
226 228 227 227 230 231 231 229 225 220 225 235 241 242 238 237 236 237 241 247 244 248 249 250 249 250 246 244 243 244 242 242 240 237 232 231 228 223 215 208 207 206 203 211 226 238 247 252 254 255 255 255 254 238 213 208 207 210 210 212 215 217 220 215 
225 225 226 229 231 233 231 230 227 220 224 233 241 243 242 241 238 236 240 242 242 245 247 247 250 248 247 246 246 244 242 243 242 239 234 233 232 227 220 212 207 203 200 204 216 231 246 253 255 255 255 255 254 254 240 215 206 205 208 209 212 214 216 213 
224 226 229 231 234 235 233 232 228 219 221 230 239 242 245 244 239 238 239 238 241 247 248 249 251 248 246 247 246 246 246 245 243 239 236 236 233 230 226 218 211 204 200 200 207 220 235 246 250 252 254 254 254 254 253 244 219 204 206 206 207 210 213 213 
225 229 230 232 234 233 233 233 229 221 220 230 238 243 244 242 240 240 239 239 239 245 247 249 250 248 247 246 247 251 251 248 241 241 239 239 237 233 230 222 214 209 203 200 203 211 222 233 238 244 246 250 254 254 254 252 245 221 205 204 205 208 209 209 
225 228 230 233 235 233 235 235 231 222 219 229 238 243 242 241 241 240 241 239 234 241 247 249 249 247 248 249 248 248 250 249 245 243 242 241 240 236 231 224 220 216 210 205 201 206 213 221 229 234 240 245 250 251 252 252 250 246 227 206 203 204 204 205 
227 230 232 234 235 233 234 235 231 223 222 230 238 241 241 241 240 241 241 240 236 238 241 245 249 250 251 251 250 250 248 247 248 244 246 244 242 239 233 227 223 219 216 210 204 204 207 212 219 224 232 240 244 247 248 249 248 248 248 229 205 200 200 201 
230 231 235 235 232 230 233 235 231 224 224 229 236 241 243 243 241 240 241 239 238 238 243 245 249 251 252 251 253 251 249 246 246 246 247 248 248 243 239 236 229 223 220 215 207 205 207 207 210 215 221 227 233 239 243 246 246 246 248 248 233 210 200 201 
231 234 236 233 231 234 236 236 231 226 226 232 238 242 242 242 240 241 240 239 238 238 242 245 248 252 253 251 250 247 246 245 243 244 246 246 246 244 245 240 236 233 226 221 217 212 210 207 208 211 216 220 223 232 237 239 242 244 246 247 244 237 214 201 
232 235 235 233 234 237 236 233 230 229 230 234 239 242 241 239 238 241 239 237 236 235 241 246 250 253 254 254 252 247 246 245 242 241 242 244 242 246 248 243 240 238 233 228 225 220 214 210 210 211 214 217 220 225 231 233 236 239 244 246 247 246 241 228 
231 233 234 234 235 235 235 234 233 233 233 237 241 243 241 239 238 240 241 238 235 235 244 249 251 253 252 253 252 250 247 244 240 237 239 239 241 245 248 248 245 241 236 233 228 224 221 217 211 209 212 213 216 222 226 231 234 238 241 244 244 245 244 244 


85 85 77 72 69 69 66 64 63 58 54 55 59 59 60 55 50 48 47 48 50 52 56 64 75 75 59 31 19 32 58 91 103 107 103 100 99 111 113 112 104 95 81 78 85 71 63 53 43 44 37 39 53 57 115 180 190 200 205 200 204 212 212 206 
84 75 70 67 66 65 62 60 58 55 56 60 63 63 61 56 48 42 40 40 38 43 54 68 73 72 56 34 30 40 61 83 103 102 95 98 96 109 106 109 99 90 79 83 80 66 68 62 56 57 46 47 58 54 90 166 184 196 204 202 204 209 212 210 
79 73 67 66 65 61 56 54 51 51 56 61 63 58 51 48 45 41 35 34 33 34 45 63 72 64 52 39 39 47 62 75 94 91 95 98 97 102 104 103 91 84 87 87 69 68 72 67 63 66 60 58 60 53 68 137 181 192 202 202 203 206 207 210 
85 74 66 61 56 56 53 52 52 55 55 56 54 50 44 40 37 32 30 29 29 32 41 61 68 58 40 37 48 47 59 73 88 87 93 98 95 95 97 93 87 93 99 85 64 68 75 68 65 71 70 61 63 55 58 101 172 186 197 202 202 205 206 209 
87 79 68 59 54 53 52 53 52 51 47 47 45 38 34 30 27 27 29 28 28 35 49 65 62 43 40 36 42 45 61 67 81 86 86 95 92 91 99 92 94 102 103 72 63 75 78 70 70 73 73 65 63 51 55 76 153 183 192 203 203 204 206 207 
83 76 66 57 55 55 54 56 52 47 44 40 36 30 27 26 22 25 23 27 36 50 66 76 75 55 52 49 42 45 58 60 71 75 79 94 94 95 97 97 99 96 88 65 65 79 80 74 72 71 78 70 64 48 54 68 141 179 188 201 203 201 203 205 
77 70 64 58 54 54 58 58 51 45 43 35 32 29 26 25 28 28 29 40 54 67 81 83 83 71 58 59 47 47 55 56 63 65 73 86 92 92 94 103 96 89 81 64 67 82 80 81 78 76 81 77 64 49 54 77 146 178 185 196 204 200 202 206 
75 64 57 53 54 56 61 60 55 47 41 36 34 32 32 31 36 42 51 67 79 92 99 86 85 76 57 60 50 52 55 54 59 63 74 80 86 90 91 94 87 84 77 68 73 85 80 84 80 79 85 84 63 49 57 90 163 182 185 192 202 202 203 204 
69 64 59 56 57 60 67 69 64 60 59 59 58 58 59 62 70 77 86 97 105 105 98 83 73 78 68 53 50 55 57 55 61 72 84 82 89 89 82 81 80 76 77 76 92 95 87 89 81 77 89 87 65 53 65 108 179 184 186 191 199 202 201 203 
73 65 60 62 63 69 86 87 90 98 100 103 103 104 104 106 111 116 118 119 113 99 81 82 73 76 66 58 61 60 54 58 74 87 92 89 96 85 75 70 73 74 77 89 101 105 98 92 83 78 89 88 67 61 67 130 189 189 186 189 197 208 206 203 
73 70 66 67 75 87 95 101 107 114 117 121 121 118 121 122 125 127 122 115 103 85 77 82 74 77 66 61 60 58 56 72 91 99 99 99 100 83 67 69 72 77 81 102 114 111 112 94 78 76 90 88 71 62 84 159 197 194 188 191 194 209 209 205 
73 66 63 63 78 97 104 104 103 105 107 122 131 122 112 112 111 109 111 104 110 98 73 79 70 72 66 62 65 65 69 90 111 113 110 106 92 77 63 70 70 85 97 110 121 119 113 94 72 68 88 92 76 62 103 176 201 197 191 190 192 203 211 208 
83 76 69 66 75 91 99 101 103 104 97 98 113 116 106 102 99 86 100 106 112 107 79 74 69 70 77 79 71 69 84 98 121 123 119 112 90 72 62 71 81 101 113 119 128 127 113 92 73 66 90 95 73 63 127 189 202 200 194 193 196 198 208 209 
89 81 74 69 75 83 90 95 100 103 102 101 108 111 106 108 107 102 103 100 97 95 80 72 72 77 84 92 85 81 96 107 122 128 124 113 85 69 62 76 93 108 113 127 131 128 117 100 77 72 96 100 76 67 138 194 201 202 198 195 199 200 210 209 
99 93 86 82 82 82 86 92 98 103 103 103 106 108 109 112 110 108 99 99 91 90 84 79 78 84 89 99 101 95 109 105 121 131 125 110 84 65 63 82 93 107 112 122 132 135 116 104 79 78 100 98 70 69 149 196 203 203 202 196 199 198 208 209 
104 103 96 91 87 87 89 93 99 104 104 104 110 109 111 111 107 104 101 99 95 94 88 82 88 93 102 102 111 108 116 111 123 131 125 110 79 61 62 85 93 99 110 115 128 129 117 107 82 77 99 94 71 70 153 195 203 204 203 197 200 198 206 208 
108 106 101 99 96 96 97 99 103 106 107 110 111 108 106 108 106 103 100 101 94 94 99 92 94 101 113 115 113 120 122 122 126 131 126 103 73 58 71 96 90 92 96 104 116 116 121 112 93 79 99 95 76 69 149 196 203 204 205 199 199 197 205 210 
106 106 101 101 102 100 101 104 107 108 112 112 115 114 112 110 106 103 100 102 103 95 103 109 106 105 118 125 124 122 123 129 131 131 120 94 69 65 88 108 93 84 86 86 94 105 111 112 97 87 100 102 91 76 135 192 203 202 205 202 199 200 203 210 
109 109 107 105 107 109 108 110 112 114 117 117 117 118 114 112 107 104 103 103 106 105 107 114 115 114 116 127 131 134 128 130 133 130 116 86 62 78 111 117 103 90 80 75 75 84 93 99 91 90 99 104 99 83 119 186 200 202 204 202 197 202 205 209 
105 108 111 111 111 112 115 114 113 116 117 117 116 114 112 109 106 103 102 101 103 105 110 116 119 124 122 132 134 137 137 135 130 128 111 74 67 98 132 128 123 103 80 74 66 70 75 82 79 81 95 100 100 87 99 169 194 201 203 201 197 200 204 206 
90 96 102 103 105 109 111 111 112 113 114 114 115 111 107 106 103 102 102 103 104 108 111 117 121 127 130 134 139 139 142 139 130 120 105 86 96 132 147 148 137 116 82 77 65 65 71 69 71 75 89 101 98 96 89 140 187 197 200 201 201 201 206 207 
79 81 85 87 91 95 100 103 108 110 113 113 112 110 108 108 106 106 107 107 109 111 114 118 126 132 137 141 143 144 143 139 129 118 113 120 131 151 153 156 149 127 90 78 68 63 68 62 67 76 86 102 100 97 96 119 168 192 197 199 203 200 202 205 
76 74 74 75 77 79 85 90 97 102 104 107 109 108 108 107 107 109 110 110 111 115 117 121 128 130 140 144 149 150 143 136 126 121 117 118 138 156 159 160 151 140 117 84 72 63 61 62 64 73 81 101 101 101 96 101 131 183 191 195 203 203 202 204 
75 70 67 66 69 70 75 79 83 89 94 100 103 104 106 108 110 108 109 110 111 115 121 125 127 124 129 135 145 152 142 134 128 117 107 87 96 122 144 155 155 149 125 99 73 62 54 55 66 70 81 104 106 106 93 95 79 143 181 189 196 202 201 202 
78 74 69 66 65 67 69 70 73 80 85 91 98 101 101 103 107 106 110 111 109 113 118 123 121 116 113 121 132 144 142 132 122 120 89 40 28 48 82 116 140 150 134 113 76 58 52 59 66 70 85 99 106 99 94 97 70 84 147 182 191 196 202 201 
85 81 76 70 65 63 65 69 74 77 84 91 96 98 101 102 105 103 108 112 111 114 118 122 122 111 103 109 121 132 132 121 119 111 60 17 5 16 22 44 88 129 143 126 85 60 61 65 68 71 85 93 98 94 102 104 97 86 74 156 187 192 200 201 
92 87 85 80 72 69 70 73 76 80 83 91 96 98 101 103 104 104 106 110 113 120 121 126 123 116 104 101 112 125 127 114 111 82 35 6 1 11 14 15 41 97 134 128 92 62 72 77 70 76 83 93 103 117 116 117 123 100 63 107 161 187 192 198 
111 107 106 101 98 94 90 88 86 84 81 82 87 89 93 99 101 105 103 109 111 117 122 128 132 128 121 107 102 119 125 114 96 63 27 3 1 11 17 18 24 83 125 125 89 69 79 83 76 84 89 100 114 122 125 131 131 118 96 67 100 172 188 191 
118 117 121 122 121 114 110 106 99 89 82 76 74 75 79 84 90 98 102 104 107 113 122 129 134 135 134 123 107 111 121 108 86 51 7 1 1 14 20 17 32 92 124 117 85 87 84 84 86 95 99 112 118 124 137 131 136 130 119 72 60 137 185 188 
124 126 126 128 132 129 127 125 118 108 97 88 80 73 74 78 85 89 93 96 98 105 114 124 125 126 130 126 127 116 117 101 80 21 1 3 9 18 18 21 64 106 126 110 103 101 89 88 91 99 105 106 100 129 135 136 135 135 129 97 45 102 184 190 
132 132 131 139 143 139 138 136 131 124 116 109 99 91 87 90 93 96 96 98 95 93 101 109 110 114 109 110 119 116 104 99 68 14 7 13 17 21 28 57 100 121 123 119 125 102 89 88 94 95 99 95 98 120 138 136 129 136 136 105 48 80 180 199 
131 129 130 136 137 138 138 137 135 132 124 115 110 105 102 105 110 110 112 110 104 99 96 98 104 96 93 93 98 103 93 82 61 43 33 27 28 40 70 104 115 121 121 124 118 99 85 85 86 89 88 89 88 104 128 132 123 134 136 110 59 78 180 207 
116 111 117 125 132 131 130 134 133 129 124 118 108 100 93 95 104 112 118 119 117 116 111 109 105 98 96 85 79 88 96 86 80 82 81 74 67 67 100 115 112 110 109 107 98 90 79 84 89 86 71 81 88 98 121 134 132 121 133 115 62 95 184 206 
96 92 97 101 109 116 121 127 129 128 124 118 107 96 87 83 89 96 105 115 120 122 124 125 125 118 114 108 105 102 103 100 99 110 118 118 109 100 106 107 104 103 103 96 90 82 77 82 91 81 67 78 92 89 104 127 124 120 131 97 43 97 188 206 
102 99 105 105 112 115 119 122 127 132 128 126 122 111 100 90 88 91 100 108 117 123 131 136 139 137 135 136 134 130 126 110 112 121 125 129 127 123 115 107 101 88 85 85 83 79 75 81 85 92 87 92 92 89 105 123 116 111 114 66 33 110 191 208 
111 110 113 115 112 111 113 113 119 125 129 128 129 121 110 96 89 86 89 98 110 124 132 139 144 145 145 148 144 132 117 109 115 122 128 131 132 127 125 116 107 93 88 87 88 82 73 72 80 94 90 93 97 90 99 122 114 110 101 62 53 133 193 205 
100 99 105 104 104 103 104 105 108 112 116 117 117 118 112 102 94 90 89 94 101 109 118 129 139 140 136 134 122 106 100 104 108 116 120 122 123 120 119 118 111 100 101 99 97 90 69 69 78 88 89 86 94 93 99 117 108 105 85 45 40 128 191 206 
106 105 104 96 91 95 99 98 96 98 100 98 105 114 117 112 103 95 87 82 84 86 92 105 116 116 116 111 98 92 93 93 96 100 104 101 101 100 100 107 111 111 120 117 113 95 77 74 79 80 77 78 75 81 89 100 99 93 74 48 54 134 189 203 
109 108 107 102 98 96 97 95 98 99 100 100 107 112 109 107 100 95 93 93 90 90 94 103 109 113 115 111 110 112 109 104 107 106 108 106 109 111 113 114 118 116 129 128 119 98 79 80 84 78 73 74 58 44 66 81 91 84 57 45 61 135 188 200 
129 129 124 115 113 108 108 104 101 99 100 105 105 101 99 95 89 87 92 91 87 93 95 100 107 111 113 115 115 120 122 121 119 118 117 118 119 122 122 121 122 121 130 131 127 103 84 85 83 78 73 75 71 32 41 70 78 54 46 45 73 155 186 198 
141 141 139 137 133 125 118 114 108 105 105 106 102 94 91 87 84 86 90 87 88 93 94 100 104 106 109 114 116 118 117 122 123 123 122 122 118 118 121 123 124 126 133 132 126 110 92 91 88 81 82 84 77 51 47 67 62 46 52 58 108 176 187 197 
136 140 143 143 143 140 133 127 122 119 120 120 118 111 106 94 91 93 94 98 102 98 103 107 108 116 122 123 120 122 127 124 125 121 122 125 121 115 112 110 108 112 116 117 116 107 97 101 95 86 89 86 69 72 77 70 56 56 67 98 164 190 187 194 
127 128 132 132 136 137 132 126 126 128 129 127 120 110 102 98 99 102 106 109 110 111 117 119 123 124 120 106 92 81 79 74 73 93 113 114 103 102 95 102 114 118 110 106 101 95 94 101 93 84 85 80 73 85 76 68 68 80 118 177 208 202 191 194 
129 129 130 131 133 129 123 121 121 119 113 111 111 111 110 114 117 122 125 129 133 138 138 132 125 106 68 50 42 43 37 35 63 97 113 90 85 95 93 92 100 115 111 105 102 99 96 92 92 95 97 89 90 90 92 97 115 154 198 218 222 211 193 192 
137 138 137 137 138 135 135 131 129 130 134 136 136 136 137 132 134 134 133 136 139 141 138 127 115 109 92 83 72 65 67 88 111 116 99 89 94 95 100 102 111 116 110 114 122 125 125 126 130 128 123 132 145 164 169 178 197 216 226 228 225 214 194 193 
145 147 142 137 143 156 163 161 161 164 165 163 155 146 132 127 131 131 141 142 149 147 154 138 152 166 152 137 129 127 127 129 127 124 120 118 116 113 113 113 118 127 136 146 161 176 179 179 183 186 196 213 215 216 215 217 225 227 232 232 225 213 198 196 
143 144 138 135 146 172 188 197 208 212 217 205 183 149 135 132 130 135 151 165 179 191 202 197 198 204 197 185 178 176 173 170 167 160 154 149 146 144 142 140 141 149 157 170 184 198 203 211 215 226 228 232 229 224 223 223 227 229 233 230 222 212 199 195 
134 145 151 155 170 192 207 211 221 230 233 222 195 157 133 129 130 138 162 192 210 227 227 231 225 222 221 216 210 208 205 203 199 190 182 177 175 175 175 172 170 173 183 194 209 216 212 210 215 225 226 230 228 225 223 225 228 232 230 227 224 215 204 198 
143 165 181 186 196 209 216 215 220 230 232 228 208 171 151 155 156 161 186 216 231 240 239 240 238 232 234 232 227 223 221 220 217 209 202 196 195 199 200 196 194 195 201 212 223 230 231 217 212 220 220 224 224 223 223 222 228 230 226 226 224 213 208 202 
169 192 209 215 217 222 224 218 219 228 233 233 219 192 177 190 196 196 213 234 239 241 245 243 245 238 236 239 236 231 227 224 222 220 216 211 206 207 211 208 205 207 211 218 227 234 240 236 219 214 217 219 219 221 220 220 224 224 221 221 222 215 206 202 
202 214 224 227 227 227 227 221 219 227 234 231 226 209 202 215 222 221 231 243 245 244 246 245 244 244 239 241 240 235 230 227 222 224 223 219 213 208 210 211 207 211 215 221 228 236 242 243 235 221 215 213 217 219 217 219 221 221 221 224 217 214 209 208 
220 226 227 228 229 230 230 225 218 224 234 233 232 223 221 229 233 233 239 247 246 246 246 248 244 244 242 243 242 239 234 230 227 227 227 221 215 210 208 209 208 209 215 222 230 238 243 243 243 241 227 212 212 214 216 218 217 219 223 221 217 214 211 209 
224 227 227 228 229 232 233 227 219 221 231 236 235 232 231 236 237 237 243 249 247 248 246 247 248 247 246 245 244 241 236 235 234 231 227 223 217 212 210 209 210 208 212 218 230 239 244 244 246 249 247 230 212 210 211 213 213 216 216 216 218 218 215 212 
224 228 228 228 230 233 232 228 221 220 226 237 239 239 238 237 238 239 243 249 246 249 249 248 249 248 243 243 241 240 237 238 239 234 230 226 220 215 212 208 208 207 208 217 231 240 246 248 250 252 254 252 237 211 206 209 210 213 212 213 217 217 218 212 
227 227 227 227 230 232 231 228 224 220 224 236 241 244 240 237 237 238 241 247 244 248 249 250 249 249 246 243 242 243 241 240 239 236 231 228 224 220 213 207 206 205 203 210 225 237 246 251 254 255 255 255 254 238 212 206 205 208 208 210 213 215 218 214 
226 226 227 228 232 234 232 230 227 220 224 233 240 245 243 241 238 236 240 242 242 245 247 248 249 247 246 245 246 243 241 242 241 237 232 230 230 225 217 210 205 202 200 204 215 230 245 252 255 255 255 255 254 254 239 214 204 203 206 207 210 211 214 212 
224 227 229 231 235 236 234 232 228 220 222 231 240 244 246 244 239 237 239 238 241 247 248 250 251 249 245 245 245 246 246 245 242 238 235 234 232 228 222 216 209 203 200 200 207 219 234 246 250 253 254 254 254 254 253 243 217 202 204 204 205 207 211 210 
224 227 230 233 236 235 232 234 230 221 221 230 240 245 246 243 239 238 239 239 239 246 248 250 250 249 247 245 246 251 251 247 241 239 239 238 237 233 228 220 213 208 203 199 202 209 220 232 238 245 248 250 253 252 252 251 244 220 202 202 203 206 207 207 
225 227 230 234 236 234 234 236 231 222 220 230 240 244 244 243 241 240 240 239 236 243 248 249 249 247 248 249 248 248 249 248 244 242 243 241 239 236 230 222 218 213 208 203 200 205 212 220 227 234 240 245 249 251 251 252 250 246 225 204 201 203 202 204 
228 229 232 236 236 233 236 236 231 223 223 231 239 242 243 243 241 242 241 241 237 239 243 246 249 250 251 251 250 250 248 247 248 244 246 244 241 238 232 225 219 215 212 207 201 202 206 211 217 224 231 238 243 247 248 250 248 249 248 229 204 198 198 200 
230 232 236 237 233 231 235 236 231 224 225 230 238 243 244 245 241 240 241 241 238 238 244 247 250 251 252 252 252 251 250 246 246 246 247 248 246 241 237 235 225 220 217 213 206 203 205 206 208 214 220 226 232 239 243 246 246 246 248 248 232 209 198 200 
233 236 238 235 232 235 237 236 231 226 228 233 240 244 243 243 240 241 241 241 240 238 244 247 250 252 253 251 250 249 248 246 244 244 246 246 246 243 243 239 234 231 225 219 216 210 208 206 206 210 215 218 223 231 236 239 242 244 246 248 244 236 213 200 
234 237 237 235 235 238 237 234 231 229 231 236 241 244 243 241 239 241 241 239 238 237 243 248 250 253 254 254 252 249 248 245 242 241 242 244 242 245 246 243 239 237 231 224 223 217 212 209 209 210 213 216 220 225 230 234 236 239 244 246 246 245 240 226 
233 235 236 236 236 237 237 235 233 233 235 239 242 245 243 241 239 239 241 239 237 237 246 251 251 253 252 253 253 251 249 245 240 237 239 240 241 245 248 248 244 239 234 231 227 222 218 215 210 207 210 212 216 222 225 229 235 238 241 244 244 244 243 242 


51 52 43 36 34 35 33 30 30 27 25 27 29 29 33 32 27 25 23 24 23 26 30 38 50 55 45 23 13 20 36 65 77 81 78 75 74 84 87 85 75 67 54 51 60 47 42 35 31 34 28 29 42 46 96 174 186 197 207 203 203 210 215 209 
49 40 35 33 31 31 29 29 27 27 29 32 35 34 33 32 24 20 18 18 17 20 27 40 48 51 42 24 20 24 37 57 76 76 70 73 72 83 81 82 71 62 53 57 56 42 46 42 39 41 35 36 46 45 71 155 181 191 204 204 203 208 211 211 
44 38 32 31 30 27 24 24 24 25 30 35 37 33 28 25 22 18 14 13 14 14 21 38 49 45 38 29 27 29 40 50 68 65 70 73 73 76 78 74 62 57 61 63 44 42 50 46 41 46 46 44 46 42 53 119 175 187 201 205 202 205 208 210 
51 39 31 27 23 24 23 22 26 29 30 32 30 26 22 18 16 12 11 11 11 14 19 36 45 42 28 25 32 30 37 48 61 63 68 72 70 69 69 63 60 68 74 61 38 42 51 45 41 49 52 44 47 42 46 82 162 182 193 202 202 206 207 209 
53 44 33 25 23 24 23 24 26 27 23 25 24 18 15 12 11 10 11 11 11 15 28 42 43 30 29 24 27 26 40 43 55 60 60 69 66 64 70 63 66 76 78 49 37 49 55 48 46 49 51 44 46 36 43 60 138 178 187 200 202 203 205 207 
48 42 33 25 23 25 25 27 28 26 23 19 16 13 11 10 8 9 7 10 17 27 41 54 57 42 38 34 26 26 36 37 45 49 54 68 68 69 68 69 72 70 60 40 40 53 58 52 49 46 55 50 45 30 40 52 125 173 183 197 203 201 203 206 
42 36 30 25 22 25 29 30 27 23 20 16 14 13 11 9 12 11 12 20 31 43 57 62 63 52 38 39 27 27 33 33 38 39 47 60 66 67 68 75 71 61 52 39 43 56 57 57 54 50 57 56 46 33 40 60 132 172 180 192 204 201 202 205 
40 31 25 22 23 28 33 34 32 25 20 18 17 17 17 15 20 23 29 42 54 66 76 66 65 57 38 39 30 30 33 31 34 36 47 54 60 64 65 66 59 53 47 43 49 61 58 62 56 53 60 64 48 35 42 72 152 178 182 188 200 202 202 205 
36 32 27 25 27 32 41 45 40 38 38 39 39 38 40 42 49 53 60 71 80 81 75 63 51 57 47 32 30 34 36 32 36 45 57 56 63 63 55 49 50 45 47 52 69 73 65 68 58 52 66 67 49 39 48 90 172 182 183 188 194 203 201 203 
40 34 29 30 32 41 62 69 71 76 78 80 79 78 79 81 86 89 91 93 87 78 61 61 51 53 45 37 40 38 33 35 48 61 67 63 70 59 47 39 42 45 49 65 78 82 75 71 59 52 65 69 52 44 50 113 183 187 183 186 192 207 207 204 
38 36 32 34 47 61 73 82 84 87 90 93 92 89 93 95 97 101 98 90 81 64 56 60 52 53 45 40 39 36 34 47 65 73 74 74 74 55 38 38 42 49 56 77 90 88 90 73 54 49 65 68 57 46 68 146 193 192 185 187 189 205 210 207 
39 32 29 31 48 70 79 79 79 82 80 94 103 94 85 87 86 84 88 80 86 77 52 57 48 48 44 40 42 42 47 65 83 86 84 80 63 44 31 39 41 59 73 85 96 97 90 72 49 41 61 70 61 47 86 166 198 194 188 187 189 199 209 208 
49 40 34 32 43 61 73 76 80 81 74 75 87 89 81 78 76 66 77 82 86 82 58 53 47 47 52 54 48 46 59 72 91 96 91 85 60 40 31 40 54 76 88 95 103 104 90 69 49 41 64 74 57 45 108 182 198 196 192 189 193 193 204 208 
54 45 38 34 41 51 59 68 75 79 77 76 82 82 80 83 83 79 79 76 73 70 59 51 50 55 60 67 62 59 70 81 93 100 94 84 55 38 32 45 63 81 88 101 106 105 94 76 52 44 70 81 59 49 118 187 197 197 196 191 196 195 207 208 
62 57 49 46 46 47 52 59 67 72 72 75 79 80 82 84 81 82 74 73 68 66 61 57 55 62 65 74 77 72 83 81 93 102 95 81 55 34 34 52 63 78 85 94 106 113 90 79 55 51 74 79 53 50 129 189 199 200 200 192 197 194 205 207 
67 66 60 55 51 53 54 58 65 71 71 75 81 79 81 81 78 77 73 71 69 68 63 59 62 68 78 77 84 81 88 86 96 103 97 81 48 30 32 53 61 68 82 85 100 103 92 84 60 51 73 75 54 51 135 188 197 200 201 194 197 195 203 208 
72 69 64 61 59 59 60 64 69 72 74 77 78 75 76 77 77 74 70 69 66 68 73 68 71 77 86 88 85 92 95 96 99 102 97 74 44 30 40 65 58 58 67 74 86 89 94 88 71 55 73 76 59 51 130 189 198 200 202 195 195 194 202 209 
72 70 65 64 65 63 64 68 72 75 79 79 81 81 79 78 76 71 70 73 72 69 77 82 82 83 91 98 97 96 99 104 105 104 93 65 42 38 57 79 62 50 53 55 62 77 86 87 72 61 74 82 74 59 114 185 197 197 200 200 195 197 201 208 
74 74 72 71 72 73 74 76 78 79 82 85 84 86 83 79 75 72 74 75 77 77 80 86 87 89 92 102 106 108 105 106 108 106 92 60 36 50 82 90 73 59 46 42 42 55 66 72 66 64 74 83 81 66 98 176 195 197 199 200 194 199 203 207 
70 74 76 77 78 78 79 79 80 82 84 85 86 82 80 78 74 71 71 72 75 77 82 87 90 96 99 107 110 114 113 113 109 108 89 51 44 72 104 102 95 75 46 41 35 39 44 51 54 55 69 79 81 69 79 153 189 196 199 198 196 198 203 205 
56 62 67 69 71 74 76 76 77 80 81 81 84 79 75 74 73 74 72 74 75 80 84 90 95 102 107 110 115 117 119 118 112 104 87 67 76 109 123 123 111 90 51 45 36 37 41 40 45 49 61 77 79 77 72 121 181 191 196 197 199 198 204 207 
42 46 50 50 55 59 64 68 74 77 80 79 79 78 78 78 77 78 79 80 81 85 90 95 104 110 114 118 122 123 125 122 113 106 99 106 118 134 134 136 126 104 65 49 39 37 41 36 41 49 57 76 79 77 78 102 157 185 192 194 201 199 200 203 
40 39 39 39 41 43 49 54 64 69 71 75 78 76 78 80 83 84 83 83 87 92 97 101 108 112 121 125 128 131 124 122 115 110 106 108 126 141 143 143 131 118 93 59 43 37 36 36 37 44 51 74 80 79 77 85 116 175 187 190 199 201 200 202 
40 36 32 32 33 35 40 43 48 55 61 67 71 72 76 81 82 82 84 84 87 94 100 105 106 105 110 117 126 133 125 119 116 106 97 81 88 110 129 138 136 129 104 77 48 37 30 30 39 41 50 76 82 84 73 81 67 129 176 184 191 201 200 199 
43 39 34 31 30 32 35 36 38 45 52 59 65 67 68 73 78 78 83 88 88 94 98 101 99 93 90 98 113 123 127 119 110 107 79 38 30 45 71 101 123 130 114 93 53 35 29 32 37 38 55 73 80 80 74 82 59 71 135 176 186 192 199 198 
50 46 41 35 30 29 31 35 39 43 51 57 62 64 67 70 74 75 81 88 87 94 103 105 100 86 77 84 100 111 115 110 109 98 48 17 9 20 24 39 76 109 123 106 64 38 36 37 40 40 56 67 75 75 81 86 80 77 64 143 181 188 195 199 
56 51 49 43 37 35 36 40 42 47 51 58 63 66 68 70 72 76 81 85 89 96 103 108 105 96 78 74 86 99 108 102 100 68 27 8 4 15 19 19 36 82 113 109 73 40 45 48 40 44 53 65 79 91 91 92 100 89 53 92 151 183 188 195 
75 72 70 65 62 61 57 54 53 52 48 50 55 58 62 67 71 76 78 83 88 96 104 111 115 114 101 81 76 92 106 101 82 47 26 7 3 16 23 24 23 72 106 107 70 45 49 51 44 49 60 72 87 93 97 106 108 101 82 60 85 162 184 188 
83 81 85 86 86 82 77 74 67 56 49 44 41 41 46 52 60 69 76 81 88 97 106 116 122 124 117 101 83 86 102 95 71 38 9 4 3 19 25 21 28 82 105 98 66 61 52 50 52 64 71 83 90 96 112 109 114 111 102 68 51 122 180 184 
91 91 93 94 99 98 95 92 85 75 65 56 47 40 42 45 53 58 64 71 80 90 104 118 119 118 118 112 107 94 98 88 64 17 2 5 13 22 20 19 57 95 104 90 81 74 57 54 60 72 80 82 77 102 115 116 116 115 113 88 41 84 177 188 
101 101 101 108 111 108 107 105 99 92 85 77 67 58 56 59 63 66 69 73 75 75 93 107 110 113 107 106 106 98 88 87 57 15 10 16 20 22 26 52 94 105 103 101 103 75 57 56 64 70 74 71 74 98 118 118 112 117 121 97 46 65 170 198 
100 99 100 104 106 108 109 108 106 102 95 86 80 74 72 76 83 85 86 84 82 80 81 91 102 97 96 95 94 91 77 67 51 38 30 24 26 38 69 102 107 104 104 108 97 72 55 55 57 63 64 65 72 90 112 116 107 115 120 100 56 63 169 203 
85 80 86 94 102 100 100 105 104 98 94 88 76 68 62 66 76 86 91 91 91 92 90 91 93 91 93 84 77 81 80 71 67 72 75 71 63 64 99 114 103 98 98 92 78 63 49 53 59 61 51 57 70 82 104 115 114 103 114 105 57 79 175 201 
64 59 65 69 77 85 91 98 99 99 94 86 76 64 55 51 60 70 81 89 94 97 100 101 103 98 98 95 93 88 88 86 86 99 108 111 105 95 102 104 97 95 90 78 68 58 48 52 64 56 52 62 75 79 90 109 108 100 111 91 40 81 181 202 
70 67 72 73 80 85 89 92 97 101 98 95 92 81 70 59 56 62 73 83 91 97 105 113 116 115 114 116 113 111 110 96 99 111 117 122 121 118 110 102 93 78 71 68 61 55 49 53 60 66 61 69 73 74 85 101 100 93 98 64 30 93 186 203 
79 78 83 84 81 80 82 82 89 96 99 97 99 91 80 66 57 56 60 70 83 97 107 115 120 121 122 124 121 112 98 93 101 110 118 124 125 120 116 106 97 84 75 74 73 60 49 49 54 68 66 67 76 76 82 101 99 92 89 60 48 117 189 203 
68 67 73 73 72 71 74 74 77 83 87 89 89 89 83 74 65 61 60 65 74 83 93 106 115 115 112 108 97 84 78 83 90 99 105 109 110 106 104 102 96 88 87 85 86 77 56 57 58 67 68 66 74 75 79 94 93 90 77 43 35 115 187 201 
74 74 72 64 58 62 67 66 65 69 72 70 77 85 87 84 75 67 57 52 57 58 64 77 89 89 88 83 72 67 69 70 75 79 83 81 80 80 82 89 95 96 108 102 94 78 64 65 69 68 63 64 65 67 71 80 86 83 68 43 45 121 185 201 
77 77 75 71 65 63 64 63 66 69 71 72 77 82 81 80 73 69 66 65 63 61 68 76 82 84 87 83 82 84 82 78 82 82 83 84 88 90 94 99 102 103 117 113 98 77 66 68 78 73 64 68 58 41 57 68 78 77 54 39 53 123 185 198 
97 99 93 85 82 77 76 73 70 68 71 76 76 72 71 69 61 60 66 65 60 67 69 74 78 83 86 87 88 93 95 94 93 92 91 95 96 99 101 102 103 107 114 112 103 79 65 68 73 72 69 73 71 35 40 67 72 49 41 40 62 146 185 194 
114 113 110 108 104 94 87 84 79 76 76 76 71 63 60 56 54 57 63 58 60 66 67 75 78 78 81 86 88 91 90 95 97 97 96 95 93 92 95 98 101 106 112 110 102 87 73 75 76 73 78 82 76 52 45 64 56 41 47 51 94 174 186 194 
112 114 116 117 117 112 104 98 93 89 90 91 87 81 77 63 60 62 64 68 73 69 74 81 81 88 94 95 93 96 101 99 101 97 98 100 97 92 89 88 87 92 94 95 96 88 80 86 85 80 85 85 67 69 70 63 49 50 59 86 154 193 188 192 
101 102 105 105 108 110 104 98 98 98 98 98 92 82 74 71 71 73 77 80 81 82 87 90 95 98 96 86 77 72 71 65 61 76 92 95 84 79 71 79 90 94 87 84 81 76 76 85 84 77 80 78 68 76 66 58 59 69 105 167 208 207 191 192 
98 99 100 101 103 99 91 89 91 88 83 82 82 82 82 86 90 95 98 105 109 113 114 108 101 91 63 51 46 48 39 28 48 78 95 73 63 71 67 66 73 87 83 80 78 76 75 74 77 82 88 78 76 77 78 84 101 140 191 217 223 215 195 190 
106 106 104 104 107 105 105 99 97 99 105 106 108 109 112 108 110 110 109 114 117 119 116 104 95 98 86 78 65 54 51 67 90 98 81 67 70 71 75 78 84 88 82 86 93 97 99 103 110 111 108 117 130 153 160 168 189 213 226 229 226 218 198 192 
116 117 113 109 117 134 141 136 135 140 142 140 131 122 107 102 105 104 115 117 126 125 133 118 135 154 139 121 111 109 108 111 112 109 105 102 100 95 96 96 101 107 117 126 144 162 166 166 171 177 187 207 210 212 212 215 224 227 232 233 228 217 200 197 
119 120 114 111 128 158 175 185 199 203 209 195 169 132 112 109 103 109 129 148 165 179 192 186 189 198 190 178 169 167 161 161 158 151 145 139 136 133 129 127 128 135 146 160 176 193 198 207 210 222 225 230 228 223 220 222 226 229 234 232 224 216 201 196 
111 122 129 135 156 184 200 207 219 228 230 217 188 143 114 112 110 119 147 184 204 222 224 227 220 218 215 211 204 200 198 197 193 185 175 170 168 168 167 164 161 164 176 187 203 210 208 209 211 224 224 228 228 224 221 224 228 231 230 228 224 218 207 200 
121 148 165 173 187 203 211 211 219 231 232 224 204 160 135 140 142 146 176 210 227 238 236 239 236 229 231 230 224 219 216 217 214 205 196 190 190 193 195 191 187 189 195 205 219 227 229 217 209 219 219 222 224 223 221 221 226 229 226 226 225 215 209 204 
153 181 200 208 212 219 222 217 219 228 231 232 216 185 166 181 187 187 207 230 238 240 243 241 244 236 234 238 234 228 225 222 220 217 212 206 202 204 208 205 199 202 205 213 224 232 239 235 217 213 217 218 219 220 219 220 224 224 222 220 221 217 208 204 
193 208 221 224 224 226 226 220 218 224 233 231 225 204 195 210 217 215 227 241 243 243 244 243 242 242 237 239 238 233 229 225 221 222 221 216 210 205 207 206 202 206 209 216 224 234 241 242 234 220 214 213 217 218 217 218 221 220 220 224 218 215 210 209 
217 224 227 227 227 229 229 223 215 222 234 234 231 220 217 227 232 231 240 246 245 246 244 246 241 242 240 241 240 237 232 229 226 226 225 219 212 206 204 204 202 204 208 216 226 235 242 242 243 239 227 212 212 214 215 217 217 219 223 222 217 214 211 209 
222 227 227 227 229 233 233 227 216 221 231 236 234 231 231 235 236 236 243 248 246 247 245 245 246 245 244 243 242 239 234 233 234 230 227 221 213 208 206 205 205 202 206 213 226 237 241 242 243 246 245 230 213 211 213 214 214 216 217 218 217 217 216 213 
222 227 227 227 231 235 233 227 219 218 226 237 239 239 237 236 237 239 243 250 245 248 249 246 249 248 242 241 240 239 235 236 238 234 229 224 217 213 208 204 205 202 202 211 227 238 243 246 248 250 252 251 237 214 208 211 212 213 213 212 216 217 219 214 
225 227 227 226 230 233 231 227 223 220 225 236 241 244 239 237 236 236 241 247 243 247 249 249 247 248 245 241 240 241 239 239 239 236 231 227 222 218 209 202 201 201 195 203 221 235 245 250 252 254 255 255 254 238 214 209 207 211 210 211 215 216 219 216 
226 226 226 227 232 233 231 228 225 220 224 234 240 244 242 241 237 235 238 241 242 245 247 248 248 247 246 244 244 241 240 241 240 237 232 229 229 224 214 206 201 197 193 196 210 227 244 251 254 255 255 255 254 253 239 216 206 206 208 210 211 213 215 214 
226 227 229 231 234 236 232 232 228 220 223 231 239 243 245 244 238 236 237 236 240 245 247 249 250 248 245 245 245 246 246 244 242 237 234 232 232 227 220 213 206 198 193 192 201 215 233 246 250 253 254 254 254 254 253 244 218 205 207 207 207 209 213 214 
224 226 231 233 235 234 232 234 231 221 221 230 239 244 245 242 239 237 237 238 239 245 248 250 250 248 246 244 247 251 251 247 241 239 238 236 237 232 226 218 209 203 197 192 195 205 219 232 238 244 247 250 253 253 253 252 244 222 205 204 205 208 208 209 
225 226 230 233 235 232 234 235 231 223 220 231 240 244 243 242 241 240 239 238 235 242 247 249 249 247 247 249 248 248 249 248 243 242 243 241 237 234 228 219 214 211 205 198 193 200 209 218 227 234 240 245 250 251 252 252 250 246 227 207 204 205 204 206 
228 229 233 235 235 233 235 236 231 225 224 232 239 242 242 242 241 241 241 241 237 239 242 245 249 250 251 251 250 250 248 247 248 244 246 244 239 236 230 222 217 213 209 203 197 198 203 209 218 224 231 239 244 247 248 249 248 249 248 231 207 201 202 201 
231 234 237 236 232 229 234 236 231 226 227 232 238 242 243 244 241 240 240 240 238 238 244 246 249 251 252 251 252 251 249 246 246 246 247 248 247 242 238 234 223 217 214 210 202 199 202 204 208 214 221 226 232 239 243 246 246 246 248 248 233 211 200 202 
232 235 237 234 232 234 237 236 231 226 229 234 239 243 243 243 240 241 240 240 239 238 243 246 249 252 253 251 251 249 247 246 244 244 246 246 246 244 244 238 233 230 222 216 211 207 205 202 202 208 213 217 222 231 236 239 242 244 246 248 244 238 214 202 
233 236 236 234 235 238 237 235 232 229 231 236 240 243 242 240 238 241 240 238 237 236 242 247 250 253 254 254 252 248 247 245 242 241 243 244 242 245 247 243 239 236 230 222 221 216 210 206 206 209 212 215 219 226 230 233 236 239 244 246 247 246 240 227 
232 234 235 235 235 236 236 235 233 234 235 238 242 244 242 240 239 239 241 238 236 236 245 250 251 253 252 253 252 251 248 245 240 237 239 240 241 245 248 248 244 240 234 229 227 222 216 212 208 207 210 211 216 223 226 230 235 238 241 244 244 245 244 243 