


89 101 135 80 80 88 135 180 61 57 68 104 108 172 231 214 178 176 96 56 20 9 9 3 4 5 4 7 6 8 18 34 81 174 172 170 172 115 53 20 30 15 38 29 9 7 92 95 80 204 236 152 48 92 131 237 138 63 35 60 39 110 67 100 
105 73 82 106 109 84 107 51 25 58 33 55 79 141 210 189 84 130 160 104 41 11 11 6 3 8 13 4 7 13 16 12 26 84 95 94 204 122 41 23 20 21 35 16 7 14 84 111 68 221 249 176 110 116 86 185 171 41 62 45 39 156 67 44 
22 25 22 64 37 13 18 9 17 77 39 16 18 48 90 89 67 91 77 99 74 21 18 12 18 15 19 18 4 2 4 5 11 12 15 27 95 83 48 11 27 19 18 33 23 66 76 103 41 154 207 178 141 122 65 94 112 77 144 46 53 109 72 29 
18 31 27 13 4 14 11 8 16 21 12 12 18 21 30 28 79 88 119 131 127 135 129 69 43 41 47 53 38 8 3 5 4 5 4 3 6 7 8 7 18 18 26 63 54 90 88 88 47 62 116 152 190 117 93 101 106 157 141 54 76 40 79 66 
63 26 9 6 11 14 10 12 13 20 24 18 12 7 14 7 20 34 50 46 50 88 128 73 103 166 108 51 106 92 26 12 14 11 4 4 9 6 8 14 25 25 32 43 76 84 49 122 78 30 108 151 197 67 97 136 90 155 165 88 75 34 85 98 
23 18 17 17 22 18 18 13 9 7 9 11 9 9 7 4 5 22 16 15 93 77 65 47 31 80 43 90 121 86 93 62 21 6 8 7 6 4 12 17 36 67 42 22 47 68 43 93 80 84 54 64 110 30 51 124 151 199 201 130 100 111 73 30 
8 12 9 13 17 7 3 3 3 3 5 5 3 4 11 18 15 13 7 21 48 36 67 24 17 12 13 58 37 45 41 82 78 27 7 11 12 4 9 12 14 37 107 51 74 62 36 91 56 97 27 119 93 37 44 112 125 214 166 149 85 97 91 39 
67 54 45 51 43 12 4 12 31 14 5 5 3 4 5 6 13 20 12 52 12 9 19 20 12 18 10 30 42 100 68 80 138 68 20 9 6 9 14 29 20 45 48 69 79 82 46 76 84 36 10 83 118 86 75 160 121 166 132 93 49 84 72 38 
51 63 49 26 7 10 10 24 57 47 21 46 28 10 6 5 4 9 16 43 11 9 15 17 12 22 31 43 66 91 161 125 158 173 41 6 4 6 18 37 16 50 85 64 72 99 67 88 110 44 17 140 197 136 76 133 86 92 128 142 66 101 55 21 
55 19 22 7 6 5 6 5 5 7 8 19 16 19 24 12 7 22 37 58 21 20 19 26 22 12 61 71 54 114 120 108 101 122 118 20 3 5 24 45 21 82 142 176 94 164 130 83 109 33 23 120 129 97 64 120 138 72 107 189 93 146 66 28 
22 5 5 30 92 34 51 82 29 35 25 8 3 9 31 20 10 26 105 70 22 26 25 31 33 15 14 17 21 60 71 74 59 74 92 41 12 10 20 48 51 33 69 127 89 130 126 120 116 22 5 62 120 79 72 129 163 80 75 185 117 169 61 29 
6 4 10 88 91 63 92 90 50 53 44 33 10 7 16 31 49 95 137 51 26 24 36 45 52 25 22 22 57 87 109 124 120 178 72 62 23 5 17 47 35 18 28 46 96 76 28 67 96 73 5 18 136 131 107 99 152 114 80 178 132 132 40 26 
9 14 34 64 73 98 101 64 46 28 19 21 31 23 59 73 99 155 150 87 27 29 37 48 36 47 25 17 63 99 82 115 87 196 160 66 31 5 15 27 13 18 21 56 69 17 9 14 33 71 7 9 100 131 132 115 101 121 120 189 124 177 52 43 
25 21 46 50 81 114 85 39 35 23 16 21 26 74 104 58 81 127 150 118 56 27 24 37 103 126 151 57 54 76 96 158 141 177 189 145 86 10 9 26 20 30 31 32 48 48 46 26 16 19 5 11 66 100 184 145 64 103 104 182 110 216 138 98 
20 23 40 16 19 33 23 31 48 53 64 47 94 55 46 105 85 87 113 147 79 48 17 40 111 163 177 72 57 86 163 148 144 122 168 149 49 25 19 20 26 36 44 53 34 49 54 29 72 79 12 12 107 99 95 75 41 77 153 178 83 213 165 71 
8 6 10 7 9 13 12 21 46 39 44 94 61 58 55 79 46 50 88 103 90 107 51 50 59 145 104 87 84 41 106 182 151 85 141 108 35 23 69 12 24 43 20 61 52 31 32 11 48 123 20 17 87 90 81 65 34 32 166 179 44 151 190 80 
29 30 61 30 26 25 19 18 40 38 75 75 33 35 34 40 38 52 27 17 34 56 62 46 66 134 115 143 82 47 71 159 97 86 141 65 65 36 67 15 12 43 29 66 68 73 41 16 27 81 9 14 118 73 95 61 59 27 101 151 71 97 211 122 
36 45 62 50 81 76 65 60 62 60 44 16 23 17 12 19 12 51 32 19 25 19 14 23 28 56 43 119 117 54 39 95 158 118 142 121 78 47 40 16 4 32 20 44 81 87 35 18 36 58 9 19 142 106 59 60 106 61 77 117 108 106 208 165 
11 6 5 7 13 7 9 17 61 86 25 13 16 8 4 11 29 43 40 9 12 30 26 28 20 36 27 35 29 49 54 71 131 194 129 181 94 52 27 7 3 12 20 43 119 99 37 35 79 114 17 16 132 109 12 83 133 156 110 51 66 70 180 143 
7 6 9 12 13 7 6 17 51 52 28 13 13 13 2 8 17 16 45 19 9 17 16 17 12 17 15 19 21 29 32 24 39 107 82 166 83 36 32 7 5 8 30 49 155 184 81 36 53 40 4 30 150 35 11 96 145 142 148 29 22 34 140 110 
56 34 61 79 32 25 14 17 22 26 26 22 8 3 3 4 8 11 62 68 23 9 7 12 15 10 24 18 15 19 24 25 36 39 29 38 37 51 55 8 5 9 28 86 125 217 172 68 40 11 3 91 190 44 62 148 139 180 162 56 73 16 136 111 
87 66 106 104 56 11 10 24 16 19 13 16 8 4 4 4 7 9 43 37 10 8 8 10 14 9 13 10 8 7 9 19 36 28 31 51 64 109 138 46 5 5 12 81 115 77 93 43 19 13 19 168 198 71 106 70 95 131 87 91 134 36 98 158 
63 96 127 69 17 6 4 15 17 12 8 11 7 4 5 6 8 11 49 45 21 17 16 16 16 16 12 9 8 4 3 9 19 24 33 39 76 159 48 17 9 9 6 18 110 38 60 64 28 17 45 218 161 142 120 16 19 67 54 107 142 41 85 222 
122 102 88 60 6 5 4 22 13 14 9 13 10 11 15 18 36 32 69 142 68 60 48 22 36 18 13 12 12 14 8 3 11 22 22 30 48 136 45 4 9 9 4 6 55 36 65 82 64 13 70 238 118 119 102 9 8 81 114 102 104 30 85 201 
124 151 78 38 11 4 7 13 9 18 15 21 43 39 42 53 61 36 84 143 72 159 144 35 57 77 63 8 8 7 11 4 3 17 31 38 50 141 136 10 5 5 4 4 13 27 27 66 107 26 77 186 79 105 116 29 12 103 51 51 53 17 79 162 
131 125 56 32 15 8 22 37 25 53 42 35 53 57 37 95 110 24 68 59 72 93 72 29 21 45 146 72 16 4 3 3 3 9 37 82 36 74 99 26 12 4 3 3 8 18 35 23 25 26 79 118 71 102 120 26 26 55 11 18 15 9 42 134 
43 27 27 19 19 18 14 12 54 70 34 24 33 36 33 38 26 20 70 75 33 15 8 9 12 20 140 125 19 17 9 4 3 4 25 37 83 81 32 16 9 4 3 3 3 27 76 21 21 18 34 38 62 129 114 22 24 22 7 12 21 43 56 164 
63 14 12 18 34 31 14 37 51 48 35 24 28 24 35 60 21 20 40 52 81 45 48 26 11 15 70 70 43 22 12 9 3 7 17 33 145 68 31 10 3 4 3 3 4 11 24 14 22 32 17 23 45 93 63 40 16 4 8 8 55 114 31 150 
19 9 20 36 25 20 59 85 73 58 66 27 24 42 41 33 30 24 20 41 53 74 119 74 32 70 127 117 110 21 30 34 11 7 9 21 43 34 26 15 5 5 5 3 3 9 13 35 49 104 70 24 34 48 30 39 10 8 11 8 37 119 46 132 
7 9 31 40 18 117 149 122 109 117 86 34 42 49 32 26 30 16 34 98 25 30 80 64 68 92 58 20 13 10 42 76 16 6 9 47 43 81 36 12 4 3 6 3 3 5 12 63 28 72 44 50 27 13 14 34 6 9 12 10 12 77 37 67 
12 32 54 27 72 167 162 143 93 111 79 62 59 68 41 25 20 20 51 121 50 33 49 90 46 27 17 12 49 26 42 74 9 14 19 33 56 82 75 30 20 5 4 3 3 7 20 28 29 17 29 58 38 12 7 9 4 6 7 9 6 21 15 26 
22 54 28 59 123 152 203 160 175 127 95 68 65 35 26 23 27 25 42 140 65 33 27 29 9 9 21 34 126 158 68 48 25 15 11 12 37 63 75 22 11 11 8 4 3 4 12 8 17 10 12 25 37 17 10 6 4 5 7 8 5 9 14 28 
32 12 23 43 92 104 180 156 156 78 55 60 49 21 39 68 92 26 61 104 88 98 25 13 7 24 37 42 174 180 184 174 58 18 14 12 25 56 36 12 4 9 15 18 23 12 25 17 14 8 25 58 95 22 16 5 10 10 11 13 10 8 12 32 
11 42 72 95 93 70 105 94 70 53 22 27 33 18 25 51 47 15 59 92 102 67 31 15 15 29 89 110 205 182 100 173 48 19 21 17 8 13 12 10 5 4 12 12 46 63 44 19 11 7 23 35 45 18 11 4 15 14 21 21 15 9 8 35 
61 112 178 157 113 111 93 129 87 51 45 42 58 32 38 51 68 16 26 76 85 33 12 7 17 29 90 127 201 181 57 62 42 16 13 18 22 14 20 19 11 6 4 4 4 10 25 20 15 9 16 30 33 26 5 5 22 17 26 50 31 15 13 16 
104 80 133 80 68 94 54 102 117 41 43 70 68 67 49 77 114 38 36 110 87 51 19 49 29 21 65 79 165 210 136 77 53 24 27 38 13 17 27 30 84 102 66 104 68 62 41 23 35 44 67 64 36 13 7 8 27 42 77 93 120 24 17 10 
85 100 96 77 73 80 51 46 32 24 43 28 26 51 63 42 30 29 49 95 38 17 20 31 23 10 37 68 172 228 217 193 190 77 19 16 10 8 20 21 44 44 42 57 66 132 177 151 61 38 40 72 107 45 5 10 80 82 113 159 156 34 15 6 
131 157 179 169 68 72 33 17 34 62 90 42 10 9 27 34 19 28 60 36 11 9 18 47 56 18 14 36 181 246 211 205 218 100 12 23 19 38 9 5 3 4 9 6 13 8 32 61 113 160 74 33 60 58 4 13 53 88 106 150 153 93 18 5 
209 141 84 93 70 29 9 9 14 23 55 71 23 18 10 4 14 85 80 26 6 16 27 131 68 29 30 12 62 199 174 157 208 107 60 66 54 12 8 5 3 8 19 18 24 8 5 9 14 56 86 66 79 73 7 11 29 122 141 182 164 130 15 12 
225 148 39 26 25 9 3 4 4 5 15 24 25 32 30 16 23 54 25 12 10 15 62 78 49 51 32 9 14 60 173 191 206 104 129 89 63 22 19 46 10 13 57 41 11 9 26 9 7 9 38 72 174 83 96 128 148 207 204 189 206 156 42 54 
167 77 24 19 14 9 9 5 5 8 14 12 11 22 21 15 9 6 12 25 41 18 46 84 94 62 25 11 17 30 118 230 245 183 98 74 42 55 119 152 22 16 101 41 39 48 48 25 14 20 19 25 57 95 81 62 37 89 166 138 141 146 88 105 
50 47 19 38 18 22 33 10 14 11 33 8 5 5 9 10 7 10 32 26 21 18 26 47 42 34 37 16 29 67 42 162 243 228 158 130 43 63 167 78 22 62 72 55 108 95 71 25 8 18 9 13 10 99 81 41 31 62 173 114 77 97 75 19 
11 13 12 17 10 16 15 23 16 4 16 13 6 13 29 13 7 15 71 41 30 16 15 21 48 41 53 37 42 99 47 114 244 247 206 144 69 115 58 18 80 63 22 60 86 36 26 14 4 7 8 11 4 50 165 69 18 32 94 57 67 100 95 44 
8 8 13 6 8 12 11 43 20 7 7 20 41 50 38 12 12 28 29 29 46 46 17 10 69 41 96 77 45 32 18 71 236 249 240 172 90 64 37 36 54 19 17 12 8 10 19 20 5 4 9 9 6 7 95 141 46 46 121 60 88 118 134 110 
3 3 6 19 8 11 11 32 39 74 47 94 75 51 13 9 37 58 45 36 35 88 50 14 103 88 77 72 46 41 32 45 206 248 247 235 155 42 26 18 16 9 52 26 4 3 6 12 5 3 3 5 3 4 24 145 114 70 106 95 52 94 196 87 
13 6 9 21 15 32 79 132 195 206 165 162 74 21 11 28 35 97 54 38 28 88 50 14 112 116 94 56 38 66 61 58 170 246 249 248 239 145 59 21 8 10 33 19 8 3 4 7 5 5 3 3 3 4 4 47 113 41 71 69 37 113 194 72 
56 32 56 117 81 140 201 221 234 190 171 124 73 15 40 71 38 43 34 26 21 68 74 14 119 97 153 78 53 71 109 83 121 241 245 248 246 242 192 103 36 16 29 15 13 4 3 3 5 12 7 5 4 13 5 6 59 40 45 110 42 118 105 19 
86 95 185 208 103 150 206 180 93 47 40 83 152 59 37 26 17 30 25 16 55 54 50 16 129 106 139 101 121 117 136 86 123 235 221 214 200 189 211 199 119 16 17 17 22 10 5 4 4 4 5 27 27 52 11 25 23 97 48 44 38 34 32 21 
43 144 197 183 132 150 132 80 123 83 10 13 129 152 54 28 18 48 25 18 78 64 80 43 158 171 110 71 87 91 73 94 161 242 226 214 237 234 206 159 143 43 22 47 73 14 23 37 20 20 28 95 67 48 44 42 15 32 59 16 12 24 37 33 
65 145 135 131 198 144 89 187 197 80 11 4 52 175 72 56 31 40 17 16 44 69 125 38 85 181 163 61 98 188 103 103 141 237 247 246 249 251 248 165 101 50 25 101 109 51 43 27 16 29 52 38 135 75 55 24 7 8 15 48 18 13 56 22 
115 221 137 152 134 96 191 232 148 37 14 14 48 117 184 100 32 25 12 17 14 39 111 19 18 87 144 105 133 177 152 111 122 212 250 251 250 253 250 221 173 98 51 99 196 118 26 28 7 19 30 10 49 50 61 27 8 12 7 90 79 15 49 68 
91 146 113 77 78 170 215 191 80 17 74 48 53 42 142 165 36 17 12 20 18 25 50 12 19 60 172 128 151 158 197 137 140 129 237 251 248 246 211 210 163 130 181 114 128 203 55 6 4 11 54 11 15 26 39 45 37 42 15 24 88 27 35 104 
56 112 126 39 64 155 182 167 69 56 162 84 57 60 69 202 77 32 14 38 25 35 28 13 51 68 112 129 186 190 188 158 216 152 189 246 249 248 236 200 191 99 147 197 120 187 96 9 4 6 15 6 34 59 54 63 36 65 24 12 13 43 115 109 
118 105 131 127 128 177 177 124 48 89 149 97 59 47 45 192 124 27 20 58 26 53 37 42 42 43 93 126 163 211 125 216 249 250 211 210 246 253 237 135 120 64 94 180 197 146 61 12 4 12 15 4 22 49 49 100 59 20 32 26 6 22 89 110 
64 38 62 169 161 148 145 66 26 32 83 109 56 32 77 172 129 29 38 72 40 69 31 31 24 36 56 130 171 197 79 186 253 254 250 193 179 248 208 150 120 110 81 79 142 177 114 48 29 18 8 25 25 22 15 38 64 48 92 48 9 23 49 134 
95 101 90 216 232 188 101 60 52 37 70 122 103 27 26 67 52 18 40 57 60 86 20 27 45 74 33 135 182 177 74 171 253 254 253 214 107 168 231 209 151 129 85 100 84 114 83 64 62 76 53 67 72 60 25 15 22 93 104 22 21 15 67 120 
72 90 72 110 127 89 77 95 82 41 122 131 52 26 13 48 53 15 46 68 121 102 33 40 43 74 42 146 138 150 125 177 251 240 220 233 97 106 168 154 100 163 129 188 130 190 81 85 101 95 95 130 72 61 110 39 19 38 76 15 41 31 117 121 
76 80 119 182 116 46 94 67 25 50 129 108 68 38 17 53 89 23 44 89 84 33 47 67 22 50 58 150 90 137 109 130 222 224 162 231 95 45 124 186 138 194 207 200 221 239 190 171 160 132 58 59 31 20 114 90 53 24 12 11 15 44 87 88 
78 78 164 156 77 91 87 42 43 79 93 108 53 29 20 107 178 50 29 73 33 13 36 84 46 103 72 145 152 198 101 38 136 132 120 151 61 13 48 132 126 203 224 225 208 228 191 221 131 122 174 85 50 78 110 119 62 18 22 16 13 67 54 62 
115 148 159 137 86 94 77 33 66 105 56 84 36 37 42 102 145 82 24 52 28 9 16 96 61 95 165 138 151 149 153 34 49 84 149 139 46 20 7 101 143 186 192 139 83 118 160 231 156 152 217 160 41 133 214 165 120 39 31 25 34 51 19 44 
106 185 97 110 121 143 85 34 71 104 34 53 39 52 51 90 83 33 28 40 46 8 22 95 94 24 135 161 130 120 116 79 156 113 65 86 41 32 8 82 102 172 196 202 86 147 237 245 216 125 177 111 23 138 244 198 108 51 14 21 34 42 18 29 
59 77 29 42 48 78 47 15 58 88 30 70 90 42 31 109 64 28 46 34 18 5 21 63 142 48 69 112 173 146 125 65 104 91 71 65 45 32 19 137 90 71 123 205 156 205 250 247 202 183 148 84 32 69 164 231 120 47 55 66 77 38 8 39 
52 12 14 15 33 18 27 16 36 75 37 65 97 12 20 85 47 42 61 41 10 14 15 49 84 113 102 154 177 210 166 80 121 71 73 81 76 66 27 152 115 57 53 107 188 198 241 220 143 99 66 98 46 86 114 226 179 97 45 97 135 37 9 27 
89 23 11 14 26 12 59 33 57 137 44 44 92 15 35 69 26 56 72 86 30 29 21 27 39 68 46 33 64 148 141 34 36 45 62 117 59 79 37 170 215 80 56 115 128 179 220 214 160 119 76 175 96 87 157 224 202 147 21 47 58 29 28 48 


172 168 180 145 139 160 184 197 102 111 134 164 169 210 237 224 200 162 70 45 27 15 13 5 5 7 7 9 8 10 21 37 90 161 121 109 100 70 40 22 37 42 96 63 23 15 134 131 106 225 243 185 102 121 173 244 189 139 91 98 85 155 108 125 
134 88 83 112 131 97 89 47 31 81 78 100 138 193 231 205 138 140 146 80 38 18 19 9 5 24 41 7 9 15 18 14 29 68 74 78 143 89 32 23 27 55 79 53 26 44 119 142 102 231 250 201 146 141 141 212 199 110 116 87 82 188 114 77 
23 24 35 102 55 16 20 12 19 96 75 37 30 66 137 138 107 129 106 126 74 35 26 19 47 57 54 31 6 4 5 6 14 13 15 30 64 56 39 13 54 70 61 86 49 91 106 140 82 189 221 200 164 151 96 141 161 126 177 91 115 162 114 44 
41 66 68 27 5 15 13 9 16 25 19 30 51 64 61 37 69 90 136 154 163 168 152 117 93 61 63 85 48 9 4 6 6 7 5 4 8 9 9 10 44 84 73 104 89 117 117 140 93 117 162 172 205 149 123 131 138 175 181 98 120 70 117 113 
107 62 20 12 21 27 26 34 45 61 65 56 34 16 16 7 22 38 46 54 64 114 165 131 151 192 145 94 131 101 26 11 15 14 5 5 13 8 9 20 54 88 72 91 109 97 79 165 119 71 137 179 214 103 125 160 116 175 197 139 121 60 136 168 
71 68 61 60 67 62 61 44 31 19 14 13 10 9 7 5 6 27 18 17 98 99 81 88 68 119 107 156 163 136 117 64 16 6 9 8 8 5 13 23 76 135 105 71 88 101 75 138 116 127 74 89 152 75 89 161 168 213 217 170 140 141 130 74 
17 32 26 27 22 9 5 4 4 4 6 5 4 4 10 16 14 16 9 34 67 40 67 36 59 44 44 101 69 94 110 140 77 23 6 14 16 10 25 30 55 110 170 121 115 91 71 133 80 132 47 145 134 95 76 148 153 223 190 187 129 148 141 77 
117 129 102 108 46 14 6 19 43 26 7 6 5 5 5 7 12 18 12 68 21 13 22 21 32 67 50 72 88 137 130 151 133 49 16 10 8 15 20 43 62 104 121 145 134 124 91 113 119 67 21 108 146 136 106 181 164 186 165 168 104 140 97 46 
104 137 104 48 10 14 15 56 100 93 50 57 30 10 7 6 5 9 16 58 19 15 21 22 18 50 84 116 122 123 192 167 175 129 21 5 5 8 20 43 48 96 131 125 130 130 108 127 149 75 25 149 210 156 108 156 132 127 162 192 108 133 81 36 
47 42 54 14 11 10 12 12 10 12 17 29 21 35 49 20 10 31 57 79 44 46 45 55 46 30 102 134 110 150 157 151 124 102 53 9 4 7 34 59 37 81 127 154 111 171 154 131 151 51 35 138 159 130 97 150 169 105 148 214 123 155 83 61 
21 11 12 48 139 102 112 123 77 84 49 15 7 27 104 64 23 45 133 87 23 23 28 42 41 24 26 32 64 99 103 103 72 53 56 28 10 12 22 70 98 73 91 121 97 140 143 164 158 35 8 76 153 122 105 158 192 116 116 212 141 174 80 63 
11 7 29 153 169 143 175 180 132 154 135 96 33 23 68 56 96 147 170 61 25 21 31 43 52 30 25 25 105 148 169 174 124 93 38 46 18 6 19 75 77 41 67 109 116 99 66 125 145 99 9 34 169 172 141 135 183 143 115 201 147 137 73 61 
18 36 88 160 167 189 208 187 160 116 101 110 103 60 97 111 178 193 164 114 43 26 29 47 35 45 25 19 89 146 138 150 91 121 85 41 22 5 16 29 23 45 55 103 77 26 30 54 60 97 11 19 133 169 158 148 125 147 146 209 145 191 97 60 
47 50 72 91 129 173 161 168 142 109 85 104 80 107 124 88 162 171 169 159 72 25 20 35 84 102 100 50 69 134 127 136 107 121 102 86 56 8 10 23 34 55 41 57 69 69 110 60 31 39 9 17 96 129 198 172 87 141 156 207 138 227 165 118 
25 26 38 16 25 44 54 107 149 150 121 96 161 138 78 119 128 151 155 169 93 45 19 39 89 133 125 68 53 80 144 122 113 103 91 69 21 20 16 20 37 59 85 107 71 79 144 86 100 108 20 20 123 128 132 122 83 122 184 198 117 224 190 122 
19 13 17 14 14 22 23 40 61 65 63 116 113 105 94 97 59 99 131 135 119 120 58 55 60 108 69 73 72 32 85 115 107 75 73 41 17 17 46 12 34 86 79 126 104 60 102 47 62 148 28 21 105 123 127 121 115 71 189 198 79 183 205 126 
138 126 150 85 50 37 32 29 42 41 57 61 33 56 60 50 52 80 38 22 46 64 57 34 57 97 82 94 59 41 56 86 69 66 88 38 42 22 40 11 16 90 94 108 92 86 62 46 41 106 16 17 139 110 128 101 122 75 153 182 101 144 217 144 
119 110 111 91 88 76 66 58 57 55 43 15 35 34 26 40 18 71 42 23 30 23 17 26 31 59 42 97 81 53 38 54 91 81 93 61 38 26 26 11 5 43 51 95 139 110 51 47 70 83 20 22 157 139 86 99 151 115 139 147 126 154 219 173 
18 8 5 11 15 8 10 19 52 69 26 16 20 11 6 15 30 55 63 12 15 35 29 31 23 41 30 41 31 55 57 49 71 106 84 107 39 27 20 7 4 15 61 119 174 132 62 76 134 149 31 26 165 136 29 112 163 185 156 88 89 113 195 145 
13 11 13 22 23 14 11 24 44 43 27 14 17 17 3 9 19 23 80 26 12 20 19 20 14 20 18 21 22 33 35 24 27 64 63 112 48 23 22 8 6 9 61 124 190 200 122 99 119 72 8 42 177 60 25 124 169 161 186 59 61 70 162 116 
121 117 121 128 87 49 22 22 24 26 28 22 8 4 4 7 11 16 76 93 31 13 8 14 19 12 25 20 17 21 29 27 34 56 43 48 30 25 27 9 6 11 41 139 168 226 192 106 91 32 7 111 217 74 85 180 162 194 187 80 110 54 159 125 
179 165 180 179 110 19 14 32 22 19 14 19 10 5 5 5 9 11 51 51 16 9 9 11 16 11 14 13 11 8 11 20 36 57 68 86 50 57 72 27 7 6 14 113 161 136 131 86 42 33 38 183 209 99 133 108 129 159 120 112 173 87 137 183 
149 172 197 95 18 8 5 18 18 13 11 15 10 5 5 7 8 10 52 48 19 15 14 14 13 16 12 10 8 5 4 10 19 29 65 82 55 73 29 11 11 9 7 31 156 81 100 115 67 44 64 226 175 161 142 33 53 102 93 124 189 97 131 232 
199 187 113 34 7 7 6 23 13 16 14 25 19 32 51 54 73 89 99 155 110 75 65 33 26 18 13 12 12 14 8 5 11 22 47 89 92 91 22 5 10 10 6 11 108 84 109 107 86 30 92 244 140 154 130 22 25 103 138 115 154 84 122 214 
211 177 53 35 12 5 8 14 11 24 59 62 110 130 136 128 139 129 146 171 144 184 170 56 50 58 41 8 11 9 11 5 4 18 70 97 133 111 72 10 7 6 5 5 29 80 85 92 103 37 117 216 107 143 158 64 38 127 72 59 81 48 98 185 
122 82 45 29 14 9 23 29 33 103 167 138 146 153 131 156 158 95 139 118 131 125 91 41 39 46 93 37 15 5 5 4 4 10 54 143 111 93 51 26 14 5 4 4 12 52 105 56 70 72 137 169 103 127 174 110 71 89 33 48 35 32 76 166 
27 22 29 20 18 16 15 13 82 162 177 135 151 135 106 129 104 88 135 131 82 36 18 18 26 33 108 75 15 18 11 5 4 7 45 92 144 124 24 18 12 6 4 4 5 36 134 73 65 75 98 100 96 160 172 115 71 39 19 43 38 63 84 173 
27 10 14 22 26 21 21 75 121 182 182 128 146 109 112 145 95 84 107 123 132 86 61 28 23 22 62 62 41 21 14 11 4 17 36 70 195 128 60 14 5 6 5 4 6 15 49 42 59 78 44 56 78 127 112 109 61 9 26 27 67 129 57 175 
14 10 22 35 17 25 114 160 158 199 201 138 153 148 131 128 124 89 52 93 103 117 114 58 33 51 89 86 91 21 30 41 16 9 16 56 111 105 97 27 6 7 7 4 5 13 24 89 124 163 113 60 74 78 64 93 34 16 36 41 49 149 99 164 
8 11 28 29 22 144 213 185 183 231 203 134 172 189 133 111 107 49 62 140 59 58 98 79 60 61 39 18 13 15 42 73 21 8 14 70 89 154 104 39 6 5 8 4 4 7 18 100 89 134 113 89 70 40 35 91 17 19 33 39 29 131 90 91 
14 27 42 27 117 226 236 203 150 181 194 155 168 185 115 87 90 108 131 164 97 64 52 87 49 27 16 15 48 25 42 86 13 22 46 47 125 165 141 90 60 12 5 4 4 9 25 46 85 70 80 114 88 39 19 27 6 10 18 28 16 70 51 54 
20 40 22 66 179 212 240 211 225 205 183 141 118 100 82 109 152 142 145 183 102 76 50 38 15 13 26 49 133 81 35 73 55 47 22 14 101 152 158 68 31 45 24 6 4 5 15 13 56 44 57 100 128 74 42 14 6 12 24 25 13 35 43 92 
20 11 44 84 127 140 208 175 173 127 106 117 96 92 113 145 184 123 146 160 125 112 54 40 14 45 66 83 201 122 58 109 101 68 39 14 49 137 114 56 7 23 59 59 38 17 36 24 38 34 74 142 181 81 74 14 31 31 43 42 35 27 39 117 
11 66 123 142 155 147 170 132 98 103 63 109 109 83 111 151 123 73 120 128 102 72 34 41 58 85 154 173 230 172 54 89 40 28 61 61 22 46 77 63 15 7 23 25 73 101 99 32 19 25 73 103 124 71 45 11 66 49 92 75 71 31 24 102 
79 179 220 205 190 185 164 195 151 109 126 162 150 114 109 118 77 36 48 88 80 39 18 12 73 102 158 189 219 168 56 49 35 18 18 43 70 45 70 94 40 8 7 5 5 22 69 52 29 26 50 97 96 102 14 15 100 61 66 112 72 70 68 51 
181 177 199 172 174 182 140 169 172 85 106 123 101 67 47 54 63 30 37 97 69 53 24 41 44 67 144 163 204 213 112 51 33 22 25 33 23 56 82 88 110 110 86 106 78 67 43 37 68 92 110 142 80 59 26 24 116 109 126 138 149 98 93 42 
185 200 200 176 166 167 147 123 90 53 83 40 32 35 37 30 26 28 46 83 29 18 23 34 24 22 94 155 215 239 177 103 76 34 17 15 11 10 45 51 47 47 48 59 75 132 173 152 73 62 95 158 168 88 20 43 150 150 144 187 179 98 85 25 
228 235 225 211 140 128 76 46 31 40 73 35 23 12 20 28 22 28 56 39 13 14 25 52 55 26 22 57 197 249 191 141 124 50 9 18 16 34 10 6 4 5 16 11 14 9 31 62 114 164 128 115 139 96 9 57 120 171 144 180 181 139 76 14 
247 220 136 125 83 30 13 20 13 27 68 57 29 22 15 9 15 62 72 33 10 22 30 106 61 34 37 17 72 207 180 104 126 53 27 36 31 10 9 6 4 10 28 22 23 10 8 10 14 56 115 116 129 112 12 23 79 184 157 186 186 159 44 44 
223 148 59 42 43 24 5 9 6 15 30 24 26 29 25 15 22 40 37 24 15 21 56 60 43 48 38 17 23 68 184 149 154 65 64 42 37 14 17 37 9 11 50 40 13 11 22 9 8 11 70 109 183 119 113 133 158 218 204 187 209 165 73 88 
115 38 30 49 23 11 13 7 6 13 33 12 12 24 31 24 15 10 34 41 48 23 43 62 63 61 41 23 24 32 123 216 188 119 56 37 23 32 81 122 18 14 80 33 30 33 37 22 12 19 45 72 86 125 99 97 65 119 196 160 167 169 130 129 
37 38 20 34 14 15 24 11 16 13 57 13 15 12 23 16 12 20 62 77 65 48 42 36 34 43 39 26 39 57 41 158 208 169 101 68 23 34 112 57 19 45 52 40 69 56 50 21 7 17 9 19 20 96 76 62 75 120 205 155 139 129 104 36 
12 14 11 12 9 13 14 36 33 7 34 39 15 17 30 14 10 42 112 106 91 51 44 27 48 41 46 34 51 80 44 111 232 214 156 87 39 62 37 14 60 46 16 41 60 30 24 17 6 7 7 11 5 41 120 65 39 75 143 102 116 136 133 83 
9 9 11 8 14 33 29 66 44 14 22 59 71 56 34 12 33 103 105 102 124 74 54 21 112 59 67 50 39 41 29 65 204 190 195 119 62 38 28 25 38 22 20 13 9 12 21 24 7 5 10 8 6 6 73 112 51 93 159 91 105 150 170 184 
5 5 8 24 17 34 29 63 66 108 122 149 81 43 16 23 98 148 131 113 94 133 109 27 144 138 104 62 34 35 39 42 114 126 186 173 94 29 23 23 18 10 47 26 5 4 8 18 7 4 4 6 4 5 21 98 75 111 156 121 70 135 216 130 
43 10 16 38 44 79 141 193 226 238 216 140 48 21 27 90 117 170 147 128 84 138 116 29 151 177 137 72 36 43 42 48 88 105 175 191 136 82 36 25 11 11 30 22 10 4 5 11 7 7 4 4 4 4 5 35 86 78 110 100 68 145 209 101 
88 83 121 177 170 209 244 247 244 215 180 89 54 26 102 150 117 135 122 108 79 126 133 30 160 173 188 109 67 49 54 50 73 111 127 144 128 135 115 57 28 17 28 16 16 6 4 4 9 17 8 6 6 12 6 6 60 62 51 128 87 148 126 45 
126 158 221 233 182 218 243 203 106 60 35 69 107 84 127 106 92 127 113 80 127 121 107 32 174 183 195 156 162 115 64 49 92 165 105 97 101 105 113 101 89 16 15 14 22 11 7 6 6 6 7 21 19 36 10 20 21 82 37 56 74 77 56 73 
124 179 232 233 210 217 164 95 159 142 16 15 114 142 121 116 92 141 106 81 149 124 110 59 203 219 181 149 152 119 65 53 108 225 148 95 134 167 120 79 100 34 22 38 57 15 23 37 31 33 31 74 43 27 34 30 12 24 69 34 26 47 63 66 
164 206 217 214 236 160 111 215 235 122 13 7 71 167 89 140 109 124 79 72 96 128 122 58 148 222 211 152 160 210 125 101 95 215 181 166 189 240 208 111 54 33 22 106 119 49 33 25 20 34 48 33 91 51 35 16 8 8 37 78 35 18 46 31 
185 241 209 212 162 112 224 250 204 60 23 32 130 152 142 130 111 105 56 74 65 115 111 38 83 164 207 178 185 208 195 153 105 195 218 230 216 250 230 179 120 59 46 103 210 140 32 23 8 17 22 9 39 39 36 18 10 13 9 87 88 34 51 72 
157 169 179 150 104 206 245 242 149 27 99 73 145 123 157 134 102 76 49 87 93 106 78 37 96 153 219 186 197 192 220 181 134 108 224 225 169 207 161 146 125 93 138 99 127 210 66 12 8 12 38 9 11 19 28 36 26 31 17 23 98 50 70 117 
134 172 148 90 150 213 240 229 107 58 189 108 141 136 123 176 114 87 50 111 115 100 69 51 133 159 184 192 221 211 211 197 225 166 196 220 179 205 209 160 131 67 77 148 111 176 115 26 10 11 12 6 27 38 34 39 22 33 19 13 33 90 139 143 
188 160 148 175 195 222 217 170 64 104 202 117 144 146 131 208 127 85 63 126 97 87 80 116 116 126 165 186 207 226 168 234 251 252 222 192 213 249 223 103 76 39 57 122 132 98 64 31 11 23 15 7 25 34 29 48 23 13 23 21 8 30 93 139 
157 82 98 222 218 203 198 132 39 83 159 123 116 123 158 199 124 83 111 147 124 92 60 104 106 127 137 185 211 220 139 212 254 254 252 193 150 236 162 110 77 59 47 52 104 121 72 38 28 25 11 23 19 16 13 24 27 26 61 33 8 22 54 161 
185 149 128 236 248 229 196 122 51 105 139 135 154 101 99 130 88 52 128 133 141 97 54 93 101 158 114 188 219 211 137 208 254 254 254 221 105 148 194 155 87 72 48 58 58 83 54 34 40 54 42 52 48 40 20 17 18 60 71 19 15 16 81 150 
190 162 137 176 186 181 161 151 102 110 177 141 130 97 71 122 130 45 117 127 164 109 82 79 98 152 132 191 192 198 175 214 253 246 236 236 108 94 119 92 66 96 85 134 93 114 48 47 52 52 61 107 61 48 59 27 26 28 46 15 40 32 137 151 
205 164 174 221 185 128 156 116 48 95 189 129 139 118 90 135 168 67 85 151 129 57 119 104 87 127 144 197 166 187 159 199 240 239 209 234 101 45 96 136 94 153 170 154 198 148 104 101 77 61 33 54 37 22 49 44 49 22 11 14 33 69 99 119 
173 169 212 203 148 159 155 119 99 150 172 126 109 114 80 165 218 116 62 135 75 43 109 141 112 159 149 198 194 220 159 140 192 191 177 200 96 18 49 98 89 168 206 200 210 181 123 114 63 55 77 61 54 64 82 75 44 19 19 15 28 63 45 105 
176 209 210 197 168 172 150 90 128 171 133 103 74 117 109 159 198 151 62 90 56 37 67 152 124 146 209 197 193 198 201 132 134 152 187 180 89 28 10 82 95 140 161 203 186 188 114 126 80 66 81 76 34 94 192 108 64 28 36 32 30 42 23 89 
184 227 180 183 188 206 167 74 93 168 121 107 64 120 133 156 150 120 82 59 63 31 80 159 142 82 183 210 194 191 192 158 199 174 137 131 87 42 10 84 77 149 180 208 157 158 189 190 118 71 87 63 22 91 195 110 71 38 16 26 31 29 23 56 
155 169 118 132 144 158 127 57 86 162 122 144 94 103 109 171 131 105 112 52 23 20 66 135 185 103 141 182 214 202 191 153 170 155 115 78 74 37 23 156 120 107 133 193 150 125 223 230 143 104 79 60 34 52 108 116 62 39 38 39 53 29 17 55 
106 84 91 93 132 105 111 53 77 155 127 147 97 59 100 149 114 118 128 71 24 52 59 132 155 167 161 197 214 231 204 158 177 108 82 79 84 50 26 176 170 112 51 102 143 126 205 204 105 78 48 59 35 59 56 96 73 55 33 56 69 21 13 50 
144 93 71 77 119 95 138 66 91 186 111 104 98 42 88 141 108 139 137 105 46 66 49 56 78 85 72 68 98 170 196 144 111 74 77 154 104 69 80 207 237 144 78 97 107 135 183 173 88 64 56 92 50 48 60 101 87 88 20 37 36 23 27 66 


139 137 176 119 118 152 184 209 130 120 145 181 200 233 242 231 199 161 70 34 9 8 9 6 7 7 7 6 6 8 12 31 89 157 99 101 76 53 24 12 19 49 111 81 32 23 155 143 116 229 243 184 123 142 189 245 195 157 119 109 106 166 120 140 
124 63 75 93 138 103 69 60 42 78 73 114 163 195 230 231 165 137 133 43 22 10 10 8 8 31 51 10 8 9 9 7 16 59 66 79 95 52 20 13 17 63 77 57 35 59 134 147 114 234 250 198 156 151 161 219 187 110 140 107 106 201 122 91 
13 13 31 110 70 13 11 9 13 96 88 50 43 78 148 160 118 135 101 80 58 22 21 19 59 80 66 22 7 7 8 8 10 8 15 33 47 20 20 10 52 89 75 107 55 120 122 151 94 200 222 205 165 152 105 157 164 121 190 117 150 183 122 55 
50 78 90 38 9 8 7 8 7 20 22 35 59 72 63 33 34 87 136 128 146 142 150 125 98 65 66 90 49 11 7 7 8 7 6 8 8 5 6 11 49 113 96 114 96 148 132 151 104 129 178 180 204 155 128 126 151 181 201 118 137 82 124 81 
131 83 25 11 20 23 26 34 46 67 74 59 37 17 9 8 9 11 23 29 48 109 178 131 140 190 153 111 151 108 25 8 8 9 8 7 10 5 4 12 56 113 85 102 122 120 99 177 123 78 143 184 216 116 131 145 109 179 212 161 136 66 146 125 
87 78 62 59 69 65 65 47 33 22 13 8 7 8 8 8 8 11 11 12 82 103 73 67 51 106 104 175 183 149 124 60 10 6 7 7 8 7 7 18 92 162 124 92 110 118 88 146 122 132 67 90 165 97 101 170 166 214 226 188 154 157 151 70 
20 36 30 20 18 12 8 8 8 8 7 7 6 5 6 8 9 10 9 40 68 18 42 22 41 40 44 112 87 97 111 148 78 14 5 7 9 12 32 38 73 138 187 146 138 103 83 138 82 135 49 150 146 110 83 151 153 220 200 204 143 167 149 89 
112 122 114 81 33 15 8 19 43 28 8 6 6 7 6 5 6 9 10 67 24 9 11 10 22 45 36 70 100 153 119 138 130 56 13 7 8 9 11 34 79 129 149 173 156 134 109 122 125 77 24 107 159 141 118 184 169 188 174 201 122 151 74 39 
85 128 116 38 8 10 15 41 87 106 61 64 28 7 8 8 7 7 12 62 10 10 13 12 15 38 77 113 131 128 181 150 176 134 22 7 8 9 10 27 60 113 145 147 155 143 128 137 153 80 28 151 208 153 123 163 146 140 169 210 121 125 74 39 
61 46 55 13 10 9 14 15 13 17 25 34 25 27 47 22 12 31 57 84 39 39 41 40 34 29 92 128 110 143 143 149 135 100 29 11 8 9 18 48 48 121 129 124 114 178 178 147 158 57 35 138 153 132 114 165 181 109 154 220 131 146 82 72 
29 12 11 44 124 68 105 140 88 81 50 19 9 29 118 74 31 53 142 92 17 23 19 16 15 15 19 26 44 97 114 103 67 41 36 24 12 9 10 59 103 88 100 119 92 138 165 183 166 39 11 80 159 130 119 174 200 122 123 216 147 168 82 73 
13 9 24 146 174 142 186 194 106 113 110 91 32 27 93 69 114 148 173 66 23 26 22 15 15 12 11 23 82 155 200 166 113 80 35 27 14 7 7 58 74 50 93 136 114 103 80 139 150 100 13 42 184 177 148 145 196 150 118 201 151 130 82 75 
19 23 72 131 182 177 189 170 111 75 36 59 76 61 105 122 203 206 154 123 68 32 23 18 20 22 16 20 76 150 154 134 68 104 103 30 8 8 8 12 18 52 66 123 71 25 36 58 69 105 14 24 141 172 158 151 131 146 145 210 151 193 110 67 
59 48 66 84 138 166 140 120 99 44 32 51 72 105 125 92 174 173 152 166 83 33 27 26 56 55 40 31 46 130 122 98 67 109 111 68 36 9 7 8 27 45 34 65 59 59 132 66 38 46 13 21 95 134 200 172 91 140 172 215 149 230 169 128 
23 22 28 18 19 36 36 80 82 86 107 92 155 126 80 98 136 154 145 170 87 36 24 45 67 119 86 34 33 49 128 132 108 84 98 88 29 15 10 8 18 48 100 128 71 62 182 105 105 111 24 24 118 133 139 138 95 128 197 206 131 232 192 138 
11 9 11 10 9 14 11 18 36 48 45 76 63 53 109 103 57 104 131 135 109 109 67 62 66 119 83 50 48 29 73 147 137 80 74 38 16 10 22 8 19 82 102 155 113 45 125 60 67 147 31 27 103 126 131 141 151 89 199 203 90 201 202 142 
38 36 61 36 38 26 15 15 25 24 24 36 25 59 69 50 55 86 33 20 42 58 45 25 43 78 82 93 36 25 41 114 116 90 91 53 51 12 16 9 9 83 127 138 111 68 64 53 49 111 16 20 133 99 129 108 146 94 171 192 97 162 219 142 
72 56 69 68 87 67 44 38 25 29 16 11 46 43 29 40 17 73 35 13 14 13 11 13 16 24 22 60 50 20 17 59 115 109 104 87 38 15 12 10 8 42 65 121 148 93 53 56 78 84 18 25 155 134 88 106 156 128 158 159 124 170 222 174 
12 10 8 9 14 9 10 19 31 43 14 10 12 9 9 16 9 43 61 9 9 14 10 12 10 11 10 12 14 21 19 31 77 140 111 110 39 21 11 8 7 14 79 142 169 120 57 74 140 153 33 30 159 135 36 118 165 187 181 103 102 131 208 153 
12 10 11 13 12 10 11 18 28 26 14 8 8 10 6 8 9 16 89 21 7 10 8 9 9 9 8 9 8 11 16 13 23 80 102 133 43 23 12 7 7 9 65 146 198 193 92 55 113 78 11 47 174 63 30 131 170 159 209 71 75 85 180 131 
124 76 107 115 51 37 17 14 15 14 11 8 6 7 7 6 6 8 65 88 17 11 8 8 9 7 10 8 8 8 12 12 17 53 57 81 46 28 19 10 7 8 41 153 178 217 168 87 101 38 10 115 216 74 93 188 168 191 201 90 127 76 174 136 
165 154 175 146 70 16 12 13 11 9 7 9 8 6 6 6 7 7 47 54 14 9 7 8 8 7 7 8 9 7 8 10 15 55 63 95 73 75 62 16 7 6 14 118 168 143 106 68 46 38 43 186 208 98 134 114 136 165 135 119 180 97 159 193 
144 178 177 72 17 8 7 9 9 8 8 11 8 6 6 10 9 8 50 46 12 8 7 7 7 8 6 7 8 7 7 7 8 16 61 85 50 63 31 11 10 8 8 35 156 95 77 94 65 50 68 227 175 162 137 40 68 125 111 134 191 102 147 232 
183 158 96 33 7 7 7 10 8 15 12 20 22 33 43 26 58 87 99 145 89 66 55 25 22 13 10 8 8 7 6 7 8 9 45 101 88 78 23 8 10 9 6 14 114 97 92 76 80 38 101 245 138 153 131 31 36 126 158 111 151 100 134 218 
176 131 32 14 8 7 7 8 8 25 36 39 110 119 120 67 83 123 146 155 121 164 141 47 52 54 47 10 9 8 8 7 8 10 72 82 105 107 60 10 7 7 6 8 29 93 101 99 116 50 134 223 108 152 164 75 54 150 87 65 86 63 113 199 
91 53 18 11 10 8 11 16 27 89 83 60 109 144 142 158 145 78 123 106 123 103 57 35 43 48 105 37 11 5 8 7 8 8 55 125 110 108 42 11 8 7 7 7 13 63 140 71 91 98 158 183 106 126 178 129 91 107 45 66 44 44 96 183 
27 9 10 10 9 11 10 11 82 135 78 83 74 83 126 160 114 69 103 119 57 27 16 22 29 37 116 66 14 10 9 7 7 8 43 88 148 118 22 10 7 7 7 7 8 39 154 87 77 99 110 107 98 157 181 139 86 47 28 62 48 74 101 185 
15 8 8 11 15 15 19 72 121 103 73 93 88 94 135 175 105 95 111 123 141 96 54 26 29 23 66 57 43 17 9 8 8 21 32 62 189 105 64 16 8 6 7 7 9 15 51 51 72 87 48 58 81 133 122 124 69 15 37 37 74 132 68 190 
8 7 9 15 13 22 108 150 134 120 114 87 71 132 148 123 123 118 66 112 126 136 103 44 30 36 55 47 78 23 24 26 12 10 17 67 126 105 76 28 8 6 7 7 8 14 24 109 149 180 121 65 84 88 73 98 43 20 49 63 59 163 107 172 
7 8 13 20 17 127 205 185 112 104 123 113 61 117 139 112 125 65 60 158 76 74 106 75 50 51 31 13 10 20 58 93 17 7 16 74 83 164 87 44 11 7 7 8 8 9 15 107 110 158 141 94 75 48 43 93 23 24 43 56 42 158 107 107 
8 15 20 19 99 202 201 195 127 109 80 138 99 121 157 122 66 51 75 176 110 75 51 85 40 21 12 17 45 25 53 111 14 15 45 38 130 178 157 121 82 18 7 8 8 8 13 47 90 95 100 128 103 51 26 31 10 17 27 42 26 95 64 73 
11 24 21 75 175 193 215 184 188 149 96 128 141 146 106 96 48 61 95 173 106 72 57 30 12 12 23 48 132 102 44 93 74 71 25 10 130 194 199 92 46 66 36 10 8 8 10 15 71 59 71 127 174 103 60 18 10 17 35 36 20 51 56 120 
16 11 51 123 166 166 211 193 174 134 125 156 132 98 121 141 135 73 128 161 107 76 54 47 14 44 58 68 202 139 63 102 134 115 63 13 61 183 155 78 11 24 74 80 49 21 23 16 47 47 96 178 219 114 102 20 45 44 61 55 38 38 59 162 
10 58 110 136 176 183 196 184 139 133 85 80 108 72 104 124 77 47 115 112 84 44 26 48 64 75 154 173 232 184 63 68 29 27 97 101 37 68 115 94 22 9 14 34 86 119 110 27 24 32 97 132 163 97 61 16 91 69 128 101 75 37 33 138 
66 159 196 195 178 167 169 212 175 125 140 106 138 106 102 70 43 33 52 81 57 24 11 13 84 118 176 184 220 171 77 53 17 6 14 64 116 76 98 138 57 13 11 9 9 30 87 64 38 33 71 128 125 132 21 22 128 81 89 141 81 88 73 66 
175 170 176 147 150 168 147 180 191 97 122 131 111 66 40 37 41 28 41 82 33 28 18 31 41 76 165 122 200 218 140 71 20 9 11 16 29 92 131 131 145 143 131 135 111 83 55 48 83 116 134 179 87 72 36 35 148 135 147 156 152 125 110 58 
190 181 179 162 147 174 158 150 108 60 99 45 39 55 60 36 42 24 43 62 22 13 22 35 21 26 98 109 202 241 196 108 40 18 10 9 7 12 68 81 70 69 76 87 105 150 185 172 97 80 121 196 188 102 30 57 177 175 150 195 173 123 111 35 
199 194 203 203 131 130 80 47 32 53 111 47 31 17 23 26 28 24 48 36 13 16 28 57 64 35 21 47 193 249 204 155 93 42 12 12 11 14 12 10 8 7 8 9 11 13 34 74 145 188 173 155 176 110 15 79 147 205 149 187 178 150 96 21 
231 192 128 114 79 33 16 28 27 36 102 87 42 32 25 15 18 50 57 33 9 22 44 114 64 37 33 16 73 206 191 121 130 74 43 41 22 10 8 8 8 8 13 10 12 9 8 7 13 64 153 167 164 132 18 37 113 212 149 188 190 166 54 66 
199 142 73 55 56 36 9 13 9 21 44 37 42 39 27 18 29 40 40 27 12 30 96 80 49 50 38 20 33 70 187 160 163 90 62 38 25 14 9 31 12 9 34 16 7 9 13 9 8 9 82 140 206 154 141 153 178 225 212 217 223 185 101 117 
96 56 50 69 30 15 16 11 9 15 41 12 13 25 37 32 20 12 39 47 51 30 79 94 78 68 43 28 26 27 124 221 202 136 84 54 25 32 45 86 13 10 59 17 12 13 21 10 9 11 50 83 106 158 124 109 82 130 192 171 197 190 173 153 
26 30 23 28 13 28 32 10 13 12 64 19 22 17 29 19 10 16 74 96 83 59 50 45 56 60 36 37 49 62 34 157 212 162 129 83 28 36 69 24 10 29 33 18 50 39 47 11 8 8 7 14 25 105 89 60 89 140 200 160 179 151 116 43 
14 12 11 10 9 16 17 43 40 12 41 49 23 23 33 15 11 51 131 134 117 65 54 25 64 56 49 49 70 95 33 109 232 214 172 116 63 54 23 13 44 30 11 18 32 17 24 19 8 6 5 8 8 41 124 66 40 96 149 104 129 151 141 79 
12 9 9 11 20 54 44 79 50 17 28 74 90 53 32 13 39 129 134 122 155 90 66 25 127 75 100 91 57 56 34 70 216 202 188 114 72 47 37 39 41 22 13 12 8 7 8 10 9 7 7 6 7 10 71 120 61 110 162 91 109 157 176 161 
9 8 13 50 32 51 38 72 66 103 126 154 93 40 14 29 122 187 169 138 117 155 133 30 156 155 133 116 64 44 39 51 161 160 184 157 88 37 17 14 16 10 28 11 7 8 8 11 7 8 8 7 5 7 22 85 83 126 154 119 72 148 210 108 
57 14 25 69 57 91 151 196 218 225 206 123 54 24 33 111 146 207 187 168 107 160 147 34 160 192 156 95 46 60 52 56 136 152 189 196 123 74 36 15 10 12 21 9 8 8 9 11 9 8 7 6 6 6 6 32 76 102 116 102 81 158 203 87 
102 101 125 176 166 207 238 237 237 209 169 86 51 26 129 186 145 169 156 143 100 149 163 37 173 198 198 128 81 85 85 63 110 165 158 150 108 95 98 48 23 16 21 16 15 7 8 8 12 13 7 7 11 20 7 9 62 71 70 146 108 173 133 57 
114 148 227 235 186 214 234 190 98 61 32 52 111 106 163 136 118 164 147 108 163 154 131 36 187 208 220 184 173 119 96 86 148 208 150 102 75 70 86 68 80 17 13 14 14 6 7 9 9 9 9 23 27 46 15 34 30 75 30 75 103 94 64 93 
93 155 231 228 203 223 164 91 155 145 19 18 138 179 151 149 120 178 142 109 183 153 121 62 215 234 220 186 173 125 93 91 173 242 186 131 151 157 89 43 79 34 23 34 35 10 15 20 10 8 24 54 22 29 63 43 17 22 66 41 36 76 93 83 
150 204 223 208 227 162 109 202 228 120 16 11 85 202 135 179 143 158 105 95 117 161 101 49 168 234 234 198 182 215 132 128 137 233 212 200 209 240 194 83 32 36 16 105 119 49 23 16 7 9 36 28 63 47 57 24 14 12 51 87 39 30 80 45 
179 242 227 214 159 113 221 244 199 65 32 44 165 194 195 156 144 136 75 96 87 155 116 43 111 194 235 213 208 216 211 172 122 206 235 238 227 246 232 176 107 56 55 103 207 151 40 27 10 17 18 10 49 54 62 25 15 17 14 93 95 42 80 116 
160 177 186 169 105 196 241 230 153 33 115 96 184 155 196 157 132 97 65 112 125 143 76 48 135 197 237 215 216 203 229 193 137 108 232 234 190 194 156 139 109 95 125 97 123 215 78 20 15 18 35 12 14 31 60 70 26 28 25 28 108 60 100 170 
115 168 163 91 125 197 231 230 134 62 201 138 176 171 158 199 137 113 64 137 144 136 92 74 174 203 215 220 236 216 215 204 227 171 207 234 207 214 211 164 126 67 55 132 110 176 129 36 11 13 16 10 43 59 37 43 20 15 20 18 47 118 169 172 
190 157 149 157 193 202 196 172 78 99 213 150 180 186 174 227 155 113 80 155 125 110 97 154 147 162 198 211 229 233 184 235 251 251 224 211 233 248 218 123 80 35 50 123 118 79 64 47 11 14 12 12 44 48 51 35 16 13 24 18 14 36 108 156 
144 85 90 213 217 194 177 138 51 91 171 157 142 158 192 219 148 107 140 179 161 110 68 132 139 163 168 214 233 230 164 219 254 254 251 200 172 241 166 113 62 49 40 47 136 142 41 26 24 20 11 29 36 21 24 46 33 56 94 31 11 19 66 188 
190 146 116 229 241 220 176 129 68 127 164 167 183 133 124 156 130 72 167 165 180 124 69 124 126 196 147 217 235 219 160 218 253 254 253 224 115 158 213 172 110 75 37 48 60 95 38 23 33 42 40 65 58 45 25 39 40 91 73 24 18 20 103 173 
173 142 114 150 176 175 167 171 116 134 207 175 175 134 101 151 184 71 150 151 188 124 103 97 124 186 166 214 217 214 196 223 253 242 229 237 133 102 126 104 75 110 84 112 85 122 44 42 41 54 85 145 72 45 31 25 52 39 38 22 45 38 163 178 
195 143 156 228 202 147 183 154 60 109 221 166 177 159 132 178 219 108 102 171 159 71 149 121 114 161 177 219 205 205 180 207 243 237 178 231 119 58 99 143 91 167 184 158 197 164 123 111 65 57 36 63 46 29 32 22 63 29 18 20 43 87 100 144 
153 152 201 232 175 172 185 158 122 177 206 162 135 150 110 186 239 171 89 156 107 54 136 165 145 182 179 220 229 231 167 135 193 204 105 196 127 29 49 102 122 187 210 200 214 173 114 124 76 45 57 68 58 61 72 47 32 27 41 22 38 73 42 137 
130 203 205 228 202 193 181 123 158 199 163 143 101 144 134 168 220 196 104 106 84 48 85 177 157 165 230 227 229 222 194 109 120 150 181 194 130 36 14 90 92 162 153 134 126 85 110 152 114 71 84 71 38 119 169 70 31 22 54 49 38 41 33 124 
153 220 180 213 220 229 173 81 101 197 159 151 97 150 170 174 167 154 137 81 73 36 100 198 173 110 203 230 205 189 169 140 196 175 133 135 103 37 14 101 89 160 197 203 116 107 207 211 150 87 71 45 25 114 189 76 80 28 15 29 38 23 31 80 
122 155 120 131 164 162 94 51 97 199 164 190 131 128 134 194 155 131 163 88 26 28 88 172 208 126 165 209 221 207 172 113 152 154 115 96 100 35 24 170 163 104 142 200 158 151 231 233 159 97 57 38 24 56 120 101 62 63 27 15 35 26 26 77 
91 60 73 63 129 70 73 62 94 197 168 195 139 86 135 179 148 156 169 123 36 73 77 173 189 188 185 218 231 235 202 151 163 120 121 96 120 39 24 185 208 142 61 102 167 171 228 212 142 75 37 47 25 43 63 104 33 50 42 33 24 15 19 56 
158 73 59 74 133 66 144 98 100 208 139 132 140 66 109 170 148 173 165 159 76 83 61 68 93 89 78 75 107 167 170 109 87 88 98 171 133 50 84 213 244 190 109 81 134 181 214 190 131 77 53 101 42 39 49 101 63 61 24 44 30 27 40 81 