


72 69 61 54 45 39 37 38 41 48 54 58 62 61 59 68 78 132 185 211 210 207 207 209 209 204 203 204 203 203 200 194 189 187 182 174 174 167 161 165 162 157 165 166 167 170 170 168 158 153 150 144 140 136 132 127 119 105 74 64 84 92 85 74 
69 75 81 84 83 77 69 61 54 47 42 46 61 60 59 69 92 134 194 214 208 203 207 208 207 204 205 206 205 200 197 189 183 182 177 171 173 166 163 169 161 160 163 160 163 169 168 164 158 155 150 145 140 136 130 125 117 103 77 67 83 80 78 72 
65 66 67 67 69 73 77 81 82 79 75 62 62 59 60 75 116 158 202 216 208 203 206 209 208 207 206 207 205 198 192 185 178 179 175 170 172 166 165 171 159 162 158 160 162 166 163 160 160 155 149 147 142 136 131 125 116 99 79 84 80 78 78 78 
61 61 62 64 67 69 70 70 69 68 68 61 63 62 68 105 144 186 211 213 206 205 207 209 209 206 208 208 205 197 190 185 178 180 175 171 172 168 169 167 161 161 157 158 160 161 156 158 156 152 148 145 141 135 130 123 113 89 71 84 80 83 89 85 
86 85 83 79 74 69 65 63 62 63 59 51 64 70 81 125 177 201 211 211 206 207 207 208 209 208 208 207 203 196 188 185 178 182 176 173 174 170 172 165 164 160 157 156 158 157 155 155 152 151 148 143 140 135 130 124 111 87 67 74 76 83 89 84 
104 102 99 96 94 90 88 85 83 76 65 52 64 79 112 150 191 208 213 209 207 209 208 207 210 210 207 204 201 196 187 185 181 185 181 178 177 175 174 168 166 159 156 157 159 157 155 152 152 150 148 146 140 134 130 125 112 85 67 67 79 74 82 78 
112 114 113 111 110 105 103 100 93 86 79 69 71 90 131 175 201 208 209 207 206 209 209 208 209 210 206 202 200 195 189 190 191 191 189 189 185 184 180 174 167 160 158 158 155 156 153 152 151 149 149 146 142 135 129 122 108 79 58 66 83 78 93 83 
103 105 107 109 111 112 112 111 109 106 100 94 99 119 150 187 204 206 208 207 205 207 208 209 206 208 206 201 200 199 195 197 200 199 197 196 194 193 188 183 172 166 162 155 156 154 151 151 150 150 148 146 141 135 129 120 104 73 55 61 82 87 95 82 
97 95 94 93 93 94 96 98 100 103 103 101 108 143 174 193 202 202 205 206 204 204 203 203 201 202 205 202 201 202 202 201 204 206 203 200 199 198 195 191 182 175 166 156 155 152 150 149 148 148 146 144 140 135 127 119 101 81 68 62 81 81 87 75 
95 93 92 90 90 88 86 86 85 85 86 92 114 155 184 190 195 201 202 202 202 201 200 201 201 199 201 202 201 204 208 205 203 206 205 202 198 198 196 195 191 184 171 158 157 152 151 149 148 147 145 142 139 135 128 120 102 79 77 76 90 82 70 65 
93 91 89 88 87 87 85 83 83 82 82 91 129 169 187 179 186 200 200 198 200 202 202 205 205 202 201 203 201 205 211 208 204 203 203 204 197 192 191 193 196 192 182 170 165 156 152 150 147 144 143 141 139 135 128 119 94 66 69 87 88 89 81 74 
90 89 87 86 85 85 83 81 80 79 82 100 145 174 181 170 185 197 198 198 199 203 205 207 207 206 204 204 201 205 212 211 207 203 200 199 194 185 180 183 194 198 194 188 176 161 155 150 147 144 141 140 138 135 130 120 94 68 74 82 74 83 87 81 
87 86 84 83 82 82 81 78 77 76 79 107 151 165 167 172 188 197 198 198 198 198 201 205 207 209 207 203 204 206 210 211 208 202 198 194 189 180 168 167 179 199 204 200 185 173 163 154 151 145 141 139 136 132 129 121 90 75 82 76 75 73 83 90 
69 75 72 73 76 78 78 79 78 76 81 107 143 151 154 171 191 200 201 200 200 198 198 199 204 209 208 205 208 209 209 210 205 199 195 190 186 177 164 158 164 184 200 200 192 189 183 171 160 148 140 136 133 130 125 117 95 79 79 83 85 88 77 85 
56 69 53 48 51 60 79 129 140 131 120 119 137 142 152 174 194 200 203 204 203 202 201 202 204 212 210 205 209 207 207 207 204 200 193 186 181 173 164 158 157 163 175 184 189 193 196 192 173 153 140 134 130 127 121 109 86 77 71 70 84 94 91 101 
53 66 54 50 52 56 80 163 186 195 174 108 127 135 158 186 199 203 203 204 204 201 202 204 207 210 208 206 209 207 201 202 202 198 191 185 175 167 162 159 156 154 152 160 172 182 190 191 184 163 142 134 130 126 119 106 78 70 75 83 75 79 98 101 
27 30 31 33 30 35 52 116 143 166 161 111 121 149 183 196 202 204 204 201 203 203 201 204 210 209 206 206 209 206 200 196 195 192 187 181 175 167 161 159 155 150 145 145 154 165 172 177 179 167 148 139 131 126 119 105 73 67 82 85 83 82 96 96 
24 24 23 23 24 26 23 31 40 63 92 108 129 175 195 201 203 202 199 197 198 200 201 204 207 206 203 207 207 204 197 191 186 182 180 179 177 170 163 155 155 151 146 137 141 150 156 161 166 163 152 140 131 125 116 102 79 74 80 89 87 84 89 89 
26 24 23 25 25 27 29 38 42 59 88 119 160 187 197 202 201 197 194 192 193 196 199 203 204 202 203 206 205 201 193 187 183 178 182 184 181 174 168 155 154 153 148 137 134 138 143 149 155 156 152 140 130 122 109 100 85 78 80 86 84 84 87 81 
30 24 22 19 17 30 37 38 39 59 84 117 163 188 195 195 190 184 183 184 187 191 197 202 201 200 203 205 203 201 197 190 186 183 185 188 183 175 169 158 151 153 149 139 130 131 135 141 148 151 151 141 129 121 112 97 81 77 90 86 67 74 83 78 
28 22 22 17 24 39 35 24 28 53 65 93 150 184 187 180 169 164 167 172 176 186 192 196 196 199 203 204 204 203 200 196 192 185 181 179 177 175 171 161 152 149 145 138 130 130 132 136 142 147 148 139 126 116 106 90 80 80 83 94 84 82 86 82 
30 26 27 21 34 39 23 22 31 53 57 70 129 172 166 155 145 142 148 158 162 171 181 189 193 200 203 203 204 203 201 197 188 175 163 156 156 164 164 156 147 143 139 132 128 130 130 131 135 143 145 138 121 103 90 84 87 88 86 100 86 83 76 80 
28 29 34 43 46 32 21 27 36 55 58 70 106 154 139 115 107 111 127 143 154 159 167 176 190 202 204 203 203 205 206 203 194 184 161 136 131 142 155 151 141 135 130 128 131 133 129 129 136 140 143 138 127 111 89 78 87 87 94 90 73 79 84 91 
30 36 42 50 51 36 32 42 75 80 63 92 103 121 87 47 41 53 83 118 143 151 160 173 192 204 206 204 205 209 212 210 212 210 188 143 126 141 171 168 145 129 123 129 135 138 134 128 131 136 140 139 131 118 92 76 76 82 86 80 72 84 84 100 
40 45 46 49 57 44 46 82 143 121 80 111 116 76 36 45 64 61 55 72 119 146 159 178 196 206 207 205 208 212 213 212 213 207 191 165 149 170 187 170 145 128 127 132 135 138 137 132 130 134 139 138 130 119 103 79 70 79 90 74 75 82 79 101 
49 54 50 52 60 57 82 139 150 99 102 130 142 71 57 144 101 73 62 53 80 134 158 183 201 208 207 205 211 214 212 211 206 195 181 173 172 182 178 160 142 132 129 134 135 134 135 136 131 131 136 138 132 121 104 82 78 81 84 77 81 95 96 93 
51 67 59 58 78 120 132 137 113 88 119 147 158 82 89 140 94 78 72 64 58 109 160 187 205 210 209 211 214 213 211 206 194 180 170 164 163 164 160 151 143 134 130 136 134 132 131 135 136 132 134 137 131 116 92 76 76 81 82 80 86 96 100 96 
65 95 89 116 142 143 123 101 71 95 131 160 169 102 90 112 99 86 76 72 61 80 157 190 207 211 212 216 215 212 208 197 183 172 162 154 151 150 148 146 141 132 130 138 136 129 128 132 137 136 134 136 127 109 88 80 75 86 86 82 84 87 91 87 
110 138 146 136 138 115 89 70 75 104 147 168 172 137 86 98 102 87 58 63 69 66 144 194 208 212 215 216 214 211 202 188 175 163 152 146 142 142 142 141 129 122 131 139 140 132 124 129 135 139 136 134 124 105 82 83 79 81 79 77 79 80 85 76 
159 155 145 119 109 93 55 47 85 122 156 175 171 158 105 86 99 71 51 74 77 64 129 193 207 213 214 211 210 206 193 179 167 154 144 139 136 137 139 133 110 114 131 140 142 138 128 127 133 139 139 136 127 111 92 90 87 85 83 81 73 78 94 96 
152 150 143 120 86 72 44 44 79 132 167 178 173 167 143 90 81 65 73 83 80 65 120 192 212 215 211 209 207 200 183 170 160 147 142 139 133 133 137 126 99 112 131 141 142 142 136 130 134 139 140 138 128 108 85 83 77 96 99 87 79 89 89 86 
153 150 143 128 88 53 43 50 89 135 171 180 175 171 163 126 87 79 82 83 78 67 130 209 219 215 209 207 203 191 172 163 156 147 141 134 130 130 134 127 100 110 130 140 143 142 141 139 138 140 141 140 131 104 84 86 84 90 87 80 85 88 93 89 
149 148 141 123 100 55 36 54 87 135 174 183 176 174 171 150 120 93 81 77 75 97 183 220 221 212 206 203 198 180 161 152 145 140 135 131 129 129 132 132 114 112 129 140 143 139 139 143 142 141 141 141 132 102 87 88 87 79 78 81 81 87 96 104 
137 139 136 121 98 65 34 47 86 136 177 187 181 176 171 158 142 128 111 103 128 182 217 223 218 208 201 198 192 172 160 145 135 132 129 129 128 127 130 134 130 118 128 140 144 141 139 141 142 141 143 142 135 101 75 71 74 82 85 75 86 96 93 87 
114 119 122 115 100 67 37 40 81 147 184 191 190 183 169 156 150 147 148 171 200 216 225 224 214 200 192 192 191 173 160 140 133 130 127 128 127 127 129 132 132 118 128 139 143 143 139 140 143 142 143 142 137 111 84 79 84 94 91 83 85 94 95 98 
89 89 91 94 77 56 50 66 107 160 190 194 193 189 176 163 157 156 162 192 211 222 227 222 208 192 184 185 184 169 153 139 130 126 127 126 128 129 128 130 129 115 129 139 143 142 141 139 142 143 142 143 137 107 76 74 79 85 80 86 86 79 80 92 
37 36 36 33 27 23 33 70 126 174 194 191 184 178 171 164 160 161 174 195 214 223 225 216 199 184 172 171 170 159 144 137 129 126 126 128 130 130 129 131 129 117 131 139 143 142 142 138 138 143 142 143 139 111 82 78 91 80 74 84 78 77 76 76 
42 38 29 22 19 21 27 53 111 174 189 187 183 177 167 164 170 181 198 209 218 223 219 206 188 173 158 158 161 153 143 137 128 126 126 128 131 129 128 131 133 129 135 139 140 141 142 141 139 143 145 145 139 107 77 73 79 75 74 78 70 79 82 70 
62 43 39 41 45 48 56 82 127 170 184 182 181 182 170 170 187 199 209 218 220 220 213 199 180 163 152 160 168 156 144 132 125 125 126 127 129 127 128 135 139 138 138 140 139 138 140 142 140 141 144 144 140 118 97 88 78 74 73 70 63 69 77 69 
98 52 39 21 19 29 46 63 103 157 180 180 182 185 174 176 197 205 213 218 219 215 204 191 173 158 154 169 160 141 131 125 124 122 124 126 128 128 132 138 140 139 139 139 138 135 135 140 140 139 142 144 141 120 100 100 102 101 86 73 70 82 72 72 
140 62 50 39 25 32 42 58 104 155 176 181 190 190 178 177 193 204 213 216 213 204 197 185 173 161 169 170 141 128 126 126 125 123 126 130 131 131 133 138 140 140 139 137 136 135 136 140 141 139 143 145 142 126 104 91 85 91 97 97 93 94 87 77 
155 92 59 56 49 42 41 58 98 149 174 184 194 188 176 175 189 204 209 206 200 193 187 178 169 161 171 151 133 127 127 128 129 128 130 132 132 132 134 138 139 138 138 137 137 136 136 138 140 139 143 145 142 130 107 101 88 87 88 86 93 99 91 85 
130 126 57 51 47 45 59 79 106 146 172 193 198 188 175 176 186 197 198 191 185 181 173 169 161 152 154 137 133 131 129 130 130 131 131 132 131 131 135 137 136 135 136 136 135 135 133 137 141 141 142 145 142 132 106 100 102 104 99 91 83 81 79 78 
91 148 69 52 57 75 89 80 90 129 174 198 200 187 175 173 175 181 181 176 175 170 162 159 150 142 140 134 132 132 132 132 131 132 132 131 130 133 135 134 132 133 135 136 134 135 134 136 140 142 142 143 141 134 104 81 88 95 98 100 98 92 85 86 
73 142 101 67 83 83 76 60 53 119 169 195 195 180 171 164 162 165 166 164 162 157 153 150 141 138 137 134 133 134 133 133 133 132 131 131 132 134 132 132 131 133 134 136 136 135 135 136 139 142 142 143 142 136 116 93 81 68 83 89 90 92 94 88 
83 120 144 90 75 66 56 42 52 107 162 187 186 175 162 155 151 153 153 155 151 150 146 141 138 138 138 136 134 135 134 133 133 131 129 130 132 132 130 130 130 133 134 135 138 137 137 138 140 143 143 143 141 137 117 106 98 81 85 78 74 84 92 87 
112 110 159 89 58 55 50 42 54 96 146 175 177 165 155 148 145 145 146 146 142 142 139 140 140 139 138 137 136 134 135 135 133 127 123 125 127 127 127 128 130 132 134 136 137 138 139 139 140 143 143 142 141 137 122 102 95 100 95 86 80 72 80 88 
130 90 144 115 60 59 50 36 40 74 120 162 159 153 149 142 141 139 141 140 137 136 137 143 142 140 138 138 136 135 134 133 127 112 106 117 121 124 127 128 131 132 134 137 138 138 140 140 142 143 143 142 141 133 110 102 91 87 93 96 83 73 78 78 
128 94 114 146 67 55 47 29 32 54 105 135 133 144 147 142 140 136 136 134 133 133 136 144 144 141 140 138 136 135 133 129 114 92 93 112 120 123 126 129 131 132 135 138 140 141 141 142 142 143 143 142 141 130 98 80 86 90 82 84 91 87 78 71 
130 112 88 155 90 55 50 28 25 47 82 86 92 137 149 145 138 134 131 130 131 134 139 147 141 139 139 139 136 133 131 119 81 68 86 107 118 122 125 128 131 133 135 137 139 142 142 142 142 142 144 142 140 128 94 68 69 76 89 94 93 88 86 82 
131 125 84 135 122 60 52 30 22 38 50 52 95 151 155 143 135 133 129 130 131 135 142 144 141 139 139 138 134 132 126 91 50 45 62 94 115 121 123 127 130 134 135 137 138 141 142 143 142 141 143 143 140 124 92 71 67 66 73 87 94 87 90 96 
132 130 99 107 148 72 51 28 18 23 31 55 124 155 152 136 133 132 131 132 134 138 140 141 140 139 139 137 133 132 116 66 47 49 48 69 103 119 123 126 130 134 136 137 139 141 143 144 142 140 143 143 139 126 94 67 69 74 69 73 75 72 88 94 
132 131 117 88 149 98 51 29 16 16 31 58 120 132 136 133 134 134 133 135 136 139 141 141 140 140 141 138 135 131 105 61 58 59 54 52 84 115 123 126 130 134 137 138 139 141 143 143 143 141 141 142 137 120 91 65 67 66 69 67 61 58 73 78 
132 131 127 90 131 131 57 28 15 14 33 61 99 101 127 131 137 137 136 137 136 139 141 141 140 142 140 138 136 131 103 63 63 63 62 51 59 105 123 126 128 133 137 139 141 141 143 144 143 142 141 140 135 113 88 83 76 69 69 63 59 59 64 62 
132 132 131 108 103 154 72 27 15 14 23 48 57 88 122 137 137 139 145 142 140 140 139 139 140 142 140 137 135 131 106 65 65 67 66 57 46 87 123 126 127 132 137 140 141 143 144 144 142 142 141 138 130 100 73 75 81 66 63 70 75 59 66 59 
132 132 132 123 91 149 100 28 15 14 18 27 35 71 109 133 136 152 154 149 142 139 138 141 142 142 140 137 136 134 114 69 60 58 51 52 48 67 119 129 129 132 136 140 142 144 144 145 142 142 141 135 123 88 60 58 71 74 64 68 73 62 66 62 
132 132 133 130 99 124 128 34 15 12 12 15 31 49 82 122 148 160 156 150 142 138 138 143 143 142 140 139 137 135 122 80 57 43 36 53 53 55 108 129 130 133 136 140 142 143 143 145 143 141 139 132 115 82 60 55 57 73 67 57 68 73 70 69 
133 132 134 132 115 96 137 42 14 12 9 16 26 37 76 122 149 154 155 146 140 140 142 143 143 140 139 139 137 134 129 95 53 38 49 59 57 51 100 128 131 134 137 140 143 143 142 143 142 139 134 126 106 81 65 68 68 72 80 69 77 82 80 68 
133 133 134 133 127 92 116 38 14 11 8 13 16 37 52 91 121 153 151 141 140 145 144 145 142 140 137 138 138 136 134 112 62 56 63 63 59 51 93 129 132 135 138 140 142 143 143 142 139 135 127 113 90 70 71 74 72 73 79 77 79 76 74 70 
132 134 134 134 132 106 85 32 13 11 9 8 14 21 28 52 119 161 145 135 143 149 147 145 141 138 133 134 137 137 135 125 83 61 66 68 63 52 92 128 132 135 138 141 142 142 142 140 138 131 115 94 76 68 79 72 69 76 76 63 67 68 68 67 
130 132 133 134 133 121 71 26 14 10 9 8 12 10 18 57 131 153 127 133 145 147 147 142 137 133 130 131 134 137 135 132 107 67 68 73 64 46 95 127 133 135 138 140 140 140 140 138 133 117 97 82 73 72 73 76 73 69 77 67 63 75 69 67 
129 131 132 133 133 130 83 26 14 10 8 8 9 10 18 64 117 113 94 129 142 145 142 137 132 130 128 130 133 136 135 134 122 89 67 71 54 38 101 128 133 135 137 138 141 139 137 135 126 103 76 72 79 67 66 69 75 75 69 69 63 70 66 58 
128 130 132 132 133 133 98 27 13 9 8 8 8 7 20 52 68 60 70 120 137 141 135 129 126 127 128 128 134 135 133 133 126 113 72 51 28 51 111 128 130 135 138 138 140 140 137 133 119 94 72 68 74 62 73 78 74 77 69 56 60 62 60 61 
125 128 130 131 132 132 106 32 14 9 7 7 8 8 17 27 34 46 58 108 129 133 127 122 122 124 126 128 133 132 130 132 128 120 102 44 24 77 117 128 130 133 137 138 139 139 135 129 114 86 77 78 66 47 65 80 76 73 73 60 57 53 52 54 


75 70 63 55 47 41 38 40 43 50 56 61 62 60 58 67 76 134 192 221 221 216 216 219 216 209 207 208 208 207 203 197 190 187 180 173 174 164 158 163 160 154 165 165 166 170 170 168 156 150 147 140 135 131 126 122 114 98 67 57 78 85 80 70 
71 77 82 85 84 78 70 62 55 49 45 48 60 59 58 68 92 138 204 225 219 213 217 218 216 210 210 211 210 204 199 191 184 182 177 170 172 163 161 169 158 158 162 159 163 169 169 165 158 153 147 141 136 131 126 120 113 97 70 60 77 74 73 67 
71 73 73 73 73 75 79 82 83 80 75 63 60 58 58 74 118 163 213 227 218 211 215 218 216 212 211 212 210 200 193 186 178 180 175 169 171 164 163 169 156 161 156 159 162 166 163 159 159 155 146 142 139 132 126 120 111 93 72 77 73 71 74 76 
65 65 66 69 72 74 74 74 72 70 69 62 61 61 67 106 148 194 223 225 217 214 215 217 215 214 213 214 209 199 192 186 178 181 175 171 172 167 167 164 158 159 154 156 159 160 155 157 155 151 146 141 136 130 125 119 108 82 64 77 74 77 85 82 
89 89 87 83 78 72 68 66 66 67 62 52 64 69 81 127 184 212 222 222 217 217 215 216 216 216 214 212 207 198 189 186 178 182 175 172 175 170 171 162 162 158 155 154 156 155 153 154 149 149 144 138 133 131 126 118 105 78 58 67 69 78 84 79 
103 101 98 95 93 90 88 87 84 79 67 52 63 78 114 155 201 221 224 220 217 218 216 215 218 218 214 208 204 197 188 186 181 186 180 178 179 175 175 167 164 156 152 154 157 156 152 148 148 147 144 141 135 130 125 118 105 77 60 60 70 68 78 74 
113 113 112 110 108 103 101 97 91 85 78 67 70 90 134 183 212 220 220 217 215 217 217 216 216 217 212 206 203 197 190 191 192 195 192 190 187 185 181 175 165 157 155 154 154 153 149 148 147 145 144 142 138 131 124 116 101 71 51 59 74 71 89 78 
100 103 105 108 110 112 112 111 108 104 98 92 96 118 154 196 216 217 218 217 214 215 216 216 212 213 212 205 204 202 198 201 206 206 203 200 198 197 192 185 172 164 159 152 154 151 147 146 145 147 144 141 137 131 124 114 97 65 48 54 76 83 90 78 
93 91 91 90 90 91 94 96 99 101 102 101 108 146 182 206 214 213 217 216 213 212 210 211 207 206 211 206 205 207 208 206 211 212 211 207 204 204 201 197 185 176 164 152 153 148 146 144 144 144 143 140 136 130 122 112 93 73 60 55 74 74 81 70 
91 89 88 87 85 84 84 82 82 82 84 91 114 161 195 203 207 212 214 211 211 209 207 209 207 203 206 207 206 211 216 210 208 212 212 209 203 203 204 203 198 188 173 155 154 149 147 146 144 143 141 138 135 131 124 114 95 72 67 67 81 75 64 61 
89 87 85 85 84 82 81 80 79 78 79 89 130 177 199 192 198 210 211 207 206 208 209 212 210 207 206 209 206 212 220 215 209 208 210 211 201 195 196 200 205 201 186 171 165 153 148 146 143 141 139 137 135 131 124 112 86 58 60 79 80 83 76 70 
86 85 83 82 81 80 79 78 76 76 79 98 150 184 195 182 196 207 208 207 205 209 211 213 213 212 209 210 208 211 219 218 213 207 206 205 197 187 181 186 201 209 203 195 178 161 153 146 143 139 137 136 134 130 125 113 85 59 66 74 66 77 80 77 
83 82 81 80 79 77 75 75 74 73 75 107 158 176 181 184 199 208 208 206 204 204 207 211 214 216 214 210 211 212 216 216 212 206 202 198 190 180 167 166 182 206 214 211 190 175 163 152 148 141 137 134 131 126 122 114 82 68 74 68 67 67 77 85 
69 73 71 71 71 73 74 75 74 73 77 108 151 162 166 183 203 211 211 209 207 205 204 205 210 218 218 213 215 215 214 214 209 203 198 193 186 177 161 154 161 185 206 208 197 195 188 174 160 145 135 130 127 123 119 111 87 72 71 75 78 82 72 81 
59 69 57 52 53 62 80 125 136 126 117 122 147 154 164 183 204 210 212 213 211 209 207 208 211 221 220 214 214 212 212 212 208 203 194 188 181 171 160 152 152 159 174 186 191 197 203 200 177 152 136 128 124 120 114 102 78 70 63 63 77 88 87 99 
56 66 57 55 55 59 84 160 183 191 173 114 136 146 168 195 207 211 211 211 212 207 207 210 214 219 217 213 214 211 206 206 207 201 192 184 174 165 158 154 150 147 143 155 170 182 192 197 191 164 140 128 125 120 113 99 69 64 68 76 68 74 95 100 
26 29 30 33 29 34 52 112 139 162 162 118 131 158 192 204 209 211 210 208 209 208 205 209 218 219 214 214 214 210 202 198 196 193 188 181 174 165 156 154 148 141 135 134 146 162 171 177 182 168 147 135 127 120 112 98 66 61 76 79 76 77 92 93 
22 21 20 19 19 19 19 24 31 55 90 116 138 183 205 208 209 208 204 201 203 205 204 209 216 216 211 215 213 208 199 193 186 182 180 178 176 169 159 148 146 140 134 122 128 141 148 157 165 164 152 137 126 119 109 95 71 67 73 83 81 79 85 85 
33 25 20 20 20 19 20 22 24 45 86 126 169 195 205 209 206 200 196 194 196 198 203 209 210 209 209 212 210 206 195 188 183 177 181 185 181 174 166 147 146 144 136 123 118 123 129 140 149 155 152 138 126 115 102 92 76 70 72 80 78 79 83 76 
45 28 19 17 14 20 23 22 25 50 86 123 171 197 201 198 192 185 183 184 188 193 201 208 207 205 209 210 207 205 199 192 187 182 185 188 183 174 167 150 141 143 137 123 111 114 119 128 139 148 150 138 124 114 105 88 73 69 82 79 61 70 80 74 
42 23 19 15 17 23 24 19 24 52 66 96 155 189 191 181 166 161 164 170 175 187 195 200 200 205 210 209 208 207 203 198 193 184 178 176 174 173 167 153 140 136 130 119 107 110 114 122 131 140 144 136 121 110 98 83 72 72 75 88 76 76 84 79 
41 26 22 18 20 24 20 20 28 53 59 72 132 175 166 151 136 132 140 151 158 170 181 190 195 206 211 208 207 208 205 198 186 166 149 141 144 154 154 141 129 123 117 105 99 107 111 115 122 134 139 134 116 95 82 77 80 81 79 94 79 77 71 76 
24 23 26 28 24 22 20 25 33 55 60 72 107 155 135 106 94 96 115 134 146 154 163 176 192 208 212 210 208 211 211 204 189 166 132 106 102 117 131 122 108 101 95 95 102 111 110 112 121 130 136 134 123 106 84 71 80 81 88 82 64 72 78 88 
24 28 32 34 31 25 27 35 70 82 65 95 106 121 82 41 34 42 69 105 133 144 155 172 194 209 214 212 213 216 217 211 206 189 154 103 87 107 141 129 98 77 77 100 114 121 118 111 115 124 133 135 128 114 85 68 69 76 80 72 66 77 79 99 
37 38 37 38 39 29 37 74 141 123 81 114 119 74 32 42 61 57 48 59 107 137 154 178 200 213 214 213 215 219 216 210 201 180 154 125 112 141 156 118 83 68 85 107 116 122 123 118 115 122 130 134 126 114 96 71 62 72 83 66 70 77 75 100 
44 48 43 43 45 41 73 136 146 97 104 133 147 73 54 147 110 78 61 46 67 123 152 184 207 216 215 213 218 219 213 208 191 166 141 129 131 143 130 97 78 78 93 115 120 119 121 125 118 118 126 132 127 116 97 74 70 72 76 70 76 92 94 89 
43 59 52 51 69 112 127 132 107 88 120 150 162 83 89 151 104 84 73 60 46 96 155 188 212 220 218 218 222 218 211 203 179 152 128 112 106 106 100 89 87 85 96 119 118 116 115 123 126 119 123 131 127 111 84 67 68 74 75 75 82 92 97 92 
59 90 84 109 127 121 102 91 70 98 133 163 173 101 88 121 108 92 79 69 53 68 151 193 215 220 220 223 222 216 208 192 168 147 124 103 92 90 89 92 93 86 101 123 122 114 111 118 127 127 124 129 123 104 80 72 67 79 78 76 79 83 87 82 
107 134 138 119 102 83 66 64 79 107 150 172 174 137 83 104 111 93 63 63 65 55 135 197 215 219 223 223 221 215 201 180 161 139 119 102 88 84 85 91 84 80 106 124 127 117 108 114 123 130 129 128 120 98 73 75 70 74 72 70 76 76 81 71 
143 136 128 103 81 65 41 46 89 124 157 177 170 156 100 85 102 75 54 73 73 55 119 192 212 222 223 218 217 209 191 170 153 130 113 101 87 83 84 84 63 76 110 126 131 126 116 113 121 129 132 130 123 105 85 83 79 78 77 75 68 74 90 93 
129 130 129 105 76 58 38 46 83 134 169 180 174 164 137 82 76 66 73 81 75 57 110 189 220 225 219 216 215 202 178 161 145 126 117 108 91 82 83 78 54 78 111 127 132 131 125 117 124 130 134 133 123 101 78 76 70 89 93 81 74 85 84 80 
139 135 132 116 80 49 42 53 94 140 176 184 175 169 157 113 72 69 76 80 74 60 121 212 230 225 217 214 210 192 167 153 142 129 120 106 93 83 83 81 57 79 111 127 133 133 132 129 128 132 134 134 126 98 77 78 77 84 80 74 80 84 89 85 
138 138 130 114 90 51 37 58 91 141 181 187 177 173 165 136 102 79 75 73 69 89 185 230 232 222 213 211 203 179 154 141 130 122 115 105 98 87 82 85 72 81 110 127 133 129 130 134 134 133 135 135 129 97 80 81 79 71 71 75 75 84 94 103 
131 133 129 115 93 60 34 50 92 143 184 192 182 174 167 148 126 109 96 90 120 183 226 234 229 215 207 204 196 170 154 133 119 115 109 105 100 90 84 85 87 86 109 127 134 131 129 132 134 133 135 136 130 97 70 64 67 76 80 71 84 96 91 84 
113 116 121 112 97 68 38 43 87 156 194 198 193 183 166 146 137 133 137 167 206 225 234 234 224 206 196 197 195 173 155 128 118 112 106 105 100 95 90 87 89 88 111 128 133 133 129 132 135 134 135 138 132 108 80 75 80 90 87 80 83 91 91 96 
88 88 91 93 76 56 52 70 114 169 199 203 198 191 175 156 148 148 159 197 222 231 236 232 216 196 185 186 186 168 147 128 114 108 106 106 104 100 97 96 95 91 114 129 133 133 131 130 134 136 135 137 133 103 70 69 72 78 75 81 80 72 75 87 
37 36 35 32 26 23 34 75 134 183 204 199 187 179 170 159 154 157 175 201 225 233 235 226 205 185 169 169 169 156 137 126 116 110 107 108 110 107 104 105 107 97 118 129 134 133 132 129 130 136 135 137 134 106 75 72 83 73 69 78 71 70 71 70 
45 40 30 23 19 22 28 57 119 183 198 194 186 178 165 161 168 181 203 217 229 233 230 215 191 173 153 153 159 148 135 127 114 110 109 110 112 109 106 111 118 114 124 129 131 131 134 134 131 136 138 138 134 101 70 67 73 68 67 72 63 72 77 64 
74 52 41 42 46 51 60 87 136 179 193 188 185 185 169 168 189 204 217 228 231 231 222 206 181 159 143 156 168 153 137 120 109 108 108 108 110 108 110 121 127 126 128 130 129 129 131 135 133 133 137 137 136 113 93 83 71 68 67 64 57 63 72 62 
106 80 55 23 19 30 48 67 109 166 189 186 186 188 174 176 202 212 222 229 230 225 211 195 173 152 149 168 157 132 119 111 107 105 106 110 111 112 117 126 130 130 129 130 128 126 127 132 133 131 137 137 136 115 95 96 98 96 82 69 64 77 65 65 
134 91 78 44 26 34 47 62 112 164 185 187 196 195 179 178 197 211 223 226 222 212 202 187 172 158 168 169 131 114 111 110 110 108 110 115 118 118 121 127 131 131 130 128 126 125 127 132 134 132 136 138 137 122 99 87 81 86 93 95 89 91 83 72 
143 108 82 62 49 44 45 65 106 157 182 191 202 193 177 174 191 211 216 213 207 197 189 178 168 158 171 144 121 112 112 113 114 114 116 120 121 120 123 129 131 130 129 128 127 126 126 131 134 132 136 139 138 126 103 97 83 81 81 82 90 96 88 81 
127 130 87 72 43 41 60 85 112 154 180 202 207 191 175 176 187 201 202 195 188 182 172 168 157 145 149 126 120 117 114 115 115 118 120 121 120 121 125 128 128 126 127 127 126 125 123 128 134 134 135 139 138 129 101 95 97 98 95 87 78 76 75 74 
103 141 95 81 58 68 88 85 97 136 183 207 206 190 176 173 174 183 182 177 175 168 159 156 143 132 128 120 119 117 117 117 119 121 121 119 119 123 126 125 123 124 126 127 126 126 125 127 133 135 136 138 137 131 100 75 82 90 94 95 93 87 82 83 
96 136 114 94 94 80 74 64 58 126 178 204 200 182 172 161 159 163 164 162 160 153 148 143 132 127 124 121 120 120 120 121 121 121 120 119 122 125 123 123 122 122 125 127 128 127 127 127 132 136 138 139 137 131 111 88 75 63 79 83 84 86 89 85 
103 123 144 114 98 66 48 42 56 114 170 195 190 177 161 150 145 146 147 149 145 143 139 132 128 127 125 123 123 124 123 123 123 121 118 119 123 122 119 119 121 123 125 127 128 129 130 131 133 137 139 139 138 134 112 100 93 77 79 72 68 79 87 83 
122 124 152 110 86 60 43 41 57 101 154 181 180 165 152 141 136 136 138 138 134 133 129 131 132 128 126 125 125 125 126 125 124 116 111 113 117 116 116 117 119 122 125 127 129 130 132 133 135 138 139 138 138 135 119 96 90 96 90 81 74 67 76 83 
134 110 138 124 86 66 46 36 41 78 127 168 161 152 144 134 132 130 132 130 128 126 127 134 134 130 128 127 126 126 125 124 116 95 86 104 109 112 116 118 120 122 125 128 131 132 133 135 137 138 139 138 138 131 106 98 87 82 88 92 77 67 71 71 
126 110 119 141 94 78 52 30 33 56 112 141 135 143 142 135 130 126 125 123 122 123 127 138 135 131 129 128 127 125 122 118 99 72 70 97 107 110 116 119 121 123 126 129 132 134 135 136 138 139 139 138 138 127 95 73 80 85 77 79 88 84 73 65 
127 119 104 145 109 85 65 31 27 48 87 90 93 137 147 139 129 124 121 120 120 124 130 139 131 129 129 129 126 123 120 104 64 50 64 89 105 110 114 117 120 123 125 128 132 135 136 138 138 138 140 138 136 124 89 61 62 71 86 90 88 83 83 80 
127 125 104 131 126 88 73 33 24 40 52 55 97 153 155 138 126 123 120 120 121 126 134 135 131 129 129 129 125 122 115 75 39 36 46 73 99 107 111 116 119 124 126 129 131 134 137 138 138 137 139 139 136 120 87 66 63 62 69 81 89 84 86 92 
128 127 113 114 139 97 75 33 20 24 33 57 128 157 151 130 125 123 121 123 125 129 133 131 130 129 130 128 124 121 101 52 40 43 40 51 85 104 109 113 119 124 127 128 132 134 137 139 138 136 138 139 136 123 90 63 65 69 64 66 68 68 84 89 
129 128 122 104 139 113 76 36 17 16 32 59 125 133 135 126 125 125 125 127 127 130 132 132 130 130 130 128 125 119 87 48 51 54 49 41 66 98 108 113 119 124 127 129 132 135 136 138 138 135 137 138 134 117 87 60 61 60 63 61 56 54 68 74 
130 129 127 108 129 132 81 36 17 15 34 63 104 102 125 126 131 129 129 130 128 131 131 131 130 132 130 128 125 118 83 51 56 59 57 45 45 88 109 113 117 123 127 130 133 135 137 139 138 137 137 137 132 108 83 78 69 62 62 57 54 55 59 57 
131 130 128 118 113 144 90 34 16 14 24 50 60 89 121 134 131 133 141 135 132 131 130 129 130 132 130 127 125 118 86 53 57 63 61 50 37 70 108 113 116 122 127 131 134 136 138 139 138 137 137 134 127 94 66 70 74 60 57 64 71 55 62 55 
131 132 129 125 107 139 107 35 16 14 19 28 37 72 108 130 132 150 152 145 135 130 128 131 132 132 130 127 124 119 95 56 53 55 50 46 41 53 103 116 117 122 126 131 134 137 139 140 137 137 137 130 120 82 54 53 64 70 58 63 69 58 63 59 
131 132 130 128 114 123 122 40 16 12 12 15 32 50 81 121 148 160 156 147 136 130 129 133 133 132 130 127 124 121 105 64 49 42 36 50 48 44 92 116 120 123 126 131 134 136 138 140 138 137 134 127 110 75 55 51 53 69 62 53 65 70 67 66 
131 132 131 129 122 108 126 43 16 12 9 17 28 39 77 123 151 154 154 141 132 132 133 133 133 130 128 126 124 120 114 77 45 38 50 59 55 42 85 117 121 124 127 131 135 136 137 139 138 135 130 122 101 74 60 63 63 69 77 64 74 78 77 65 
130 132 131 130 127 109 112 39 15 11 8 14 18 39 54 93 123 154 149 134 132 139 137 137 132 131 127 125 126 121 119 95 52 52 61 64 60 43 77 117 121 125 128 132 136 138 138 138 135 131 124 109 85 63 66 69 67 69 74 73 75 72 72 68 
130 131 131 131 130 118 94 33 13 11 9 8 16 22 29 53 121 163 142 128 137 145 141 138 132 128 122 122 126 124 121 108 69 55 64 69 63 43 75 116 122 125 129 134 135 137 138 136 133 128 111 90 70 62 75 67 62 71 71 58 64 65 65 62 
129 131 131 132 132 126 87 29 14 10 9 8 12 10 18 59 135 157 124 127 141 144 142 135 129 122 119 120 124 126 121 117 93 59 65 73 61 36 79 116 123 125 130 134 135 135 136 134 129 115 93 77 67 66 67 71 66 62 72 63 58 70 65 62 
128 130 131 132 132 130 97 29 14 10 8 8 9 10 18 66 123 116 91 125 138 142 137 130 123 120 118 119 122 126 123 120 108 78 60 68 50 31 87 117 123 126 131 133 135 134 134 131 122 101 72 69 73 61 61 66 71 68 64 65 59 66 63 54 
127 129 131 131 132 132 105 31 13 9 8 8 8 7 21 55 70 61 69 118 133 137 130 122 117 119 118 119 124 125 122 121 112 101 63 45 25 43 100 118 122 127 131 134 136 135 134 130 116 93 68 64 67 55 67 73 69 70 62 52 57 58 56 58 
125 127 129 130 131 131 108 34 14 9 7 7 8 8 17 27 35 47 59 107 127 130 122 115 115 116 118 119 125 122 120 122 116 106 94 41 21 66 107 119 122 126 130 132 134 135 132 127 112 84 73 73 61 43 59 74 71 67 67 55 54 50 49 51 


74 70 63 56 47 40 38 39 42 49 55 61 58 56 53 62 73 136 198 228 227 223 222 224 221 213 210 211 210 209 204 197 189 187 180 169 171 159 151 159 154 147 164 163 164 168 169 167 152 144 142 134 128 124 120 116 108 92 59 47 66 75 72 61 
69 74 80 82 80 75 68 61 54 48 45 49 56 55 53 64 91 140 209 232 227 219 222 223 220 213 213 215 213 206 200 190 181 180 174 166 169 158 155 165 153 153 159 155 160 167 167 162 154 149 143 135 129 125 120 113 106 91 62 49 65 63 64 57 
75 76 74 72 71 72 74 78 77 75 71 61 56 54 54 71 118 168 219 235 225 216 219 222 219 216 214 215 212 200 191 183 173 175 171 164 167 159 158 163 149 157 151 155 158 164 158 154 157 151 141 136 132 125 120 114 105 87 62 64 63 60 66 69 
67 66 67 69 73 75 75 74 72 68 67 58 54 55 63 106 151 200 230 231 222 218 218 220 218 216 215 215 209 197 189 181 172 176 170 165 168 163 163 156 152 154 149 151 154 155 147 151 150 145 139 133 128 122 118 112 101 75 53 63 62 66 79 74 
85 86 85 83 79 73 68 65 65 66 61 48 56 62 76 127 189 219 228 226 221 220 218 218 219 217 215 212 206 196 186 181 171 178 169 166 171 167 166 155 156 151 147 146 149 148 144 145 140 142 137 130 125 122 117 111 98 72 50 55 57 67 77 69 
86 84 80 79 80 80 81 82 82 77 65 47 55 73 113 159 207 228 229 225 221 220 218 215 219 218 213 207 202 196 184 181 176 182 176 174 176 172 170 163 159 147 142 144 151 149 143 139 138 138 136 134 127 121 117 112 99 70 50 49 58 57 69 64 
101 101 98 95 91 85 82 78 74 71 68 59 60 85 135 187 218 226 225 221 217 219 219 217 216 217 212 205 200 195 187 187 190 193 190 188 186 184 179 173 159 148 145 146 146 146 140 138 137 136 136 133 129 123 117 109 94 63 42 48 63 61 79 70 
87 90 92 95 97 98 98 96 92 87 80 76 82 112 155 201 221 222 223 220 216 216 216 217 212 213 212 204 203 202 198 201 207 207 204 201 200 198 193 186 168 158 151 141 145 143 137 136 135 138 135 133 128 122 116 106 87 57 38 42 63 70 79 70 
81 78 74 75 74 75 77 79 83 86 88 88 96 144 186 212 220 216 219 218 214 211 210 211 207 205 210 207 206 210 210 208 214 216 213 210 208 206 204 200 185 173 157 141 144 138 135 134 134 134 133 130 127 121 112 104 84 62 48 44 61 63 70 61 
79 77 74 72 69 69 67 65 64 64 67 78 107 162 201 210 212 215 215 213 211 210 207 208 207 203 205 208 208 215 220 213 212 215 215 212 207 206 207 206 202 189 171 147 146 139 137 135 134 133 131 128 126 122 115 105 86 61 55 54 68 64 54 50 
77 75 73 70 67 67 65 63 62 62 63 78 128 181 205 198 202 214 213 208 207 209 209 212 211 207 205 209 208 215 224 218 213 212 213 214 204 198 198 203 209 205 188 168 160 146 139 135 133 130 128 127 125 122 115 103 78 48 48 64 67 71 67 61 
74 73 71 68 65 64 62 62 61 60 65 90 151 190 201 187 201 212 210 208 205 209 211 213 212 212 209 210 211 215 222 221 216 211 209 208 200 188 182 187 204 213 208 198 177 157 145 136 134 129 126 125 123 121 116 104 77 49 53 61 55 65 70 70 
71 69 67 66 64 62 61 59 59 57 62 101 161 181 187 190 205 212 210 206 204 204 207 211 213 215 215 211 214 216 219 219 215 209 205 201 192 180 166 164 182 210 219 214 192 173 160 146 142 132 127 124 120 116 113 106 74 56 62 56 57 55 65 76 
67 68 62 60 59 60 60 61 59 58 64 102 154 167 172 188 208 214 212 210 208 205 204 205 210 220 220 216 218 218 217 217 211 205 199 194 186 176 158 151 159 186 209 211 199 197 190 173 157 139 125 120 118 114 109 102 77 60 58 62 65 71 61 71 
69 74 60 54 54 62 78 118 125 113 105 121 151 159 170 189 207 213 213 214 211 209 207 208 211 224 225 217 217 215 214 215 211 206 196 189 181 169 156 149 149 158 174 185 191 198 205 204 179 148 127 117 113 110 104 92 67 57 52 51 64 75 77 95 
63 71 61 59 58 61 86 154 173 178 162 112 139 151 173 199 210 214 213 213 212 207 207 211 215 222 221 216 217 214 207 208 209 204 195 185 173 161 155 153 147 145 142 153 169 182 192 198 194 164 133 118 115 110 104 90 60 51 55 64 57 61 86 95 
31 34 34 35 28 32 50 104 129 148 152 118 135 165 197 206 212 213 211 208 210 208 204 209 220 222 217 216 217 213 204 199 197 193 188 181 173 163 153 153 146 139 133 131 143 159 168 175 182 169 144 129 117 110 102 88 56 48 63 67 66 65 83 86 
26 26 24 20 17 16 16 20 26 48 88 120 144 189 208 211 211 209 205 200 202 204 203 209 217 218 214 218 215 210 201 193 185 180 178 178 176 167 156 146 144 139 133 120 125 138 144 151 161 163 150 131 117 109 99 84 60 54 60 69 68 68 75 76 
24 24 23 20 16 16 17 18 20 42 88 132 174 199 208 212 207 200 196 193 195 197 202 209 211 212 213 215 211 206 195 187 182 176 180 184 180 173 164 145 144 143 136 122 115 120 123 133 143 151 151 133 117 105 93 82 65 56 59 66 65 67 72 66 
24 21 20 18 13 17 18 18 21 47 87 127 174 199 203 199 191 182 180 183 187 192 200 208 207 208 213 213 209 206 200 192 187 183 185 188 183 175 167 149 140 144 136 123 108 109 113 120 132 141 146 135 117 105 96 79 62 57 69 68 51 59 71 65 
23 19 18 14 14 19 20 16 21 50 67 96 156 191 191 177 160 153 159 165 172 185 194 199 200 207 213 212 212 210 205 199 193 183 177 175 173 173 167 152 139 135 129 117 103 104 108 115 122 131 139 132 114 100 89 73 61 60 62 75 65 65 76 71 
25 24 24 17 15 19 17 17 25 52 60 72 133 174 161 143 126 121 130 144 153 166 179 189 196 209 214 212 212 212 207 199 187 164 145 137 140 151 150 137 126 120 113 102 95 102 105 108 114 125 131 129 108 85 74 68 66 69 67 81 66 67 61 68 
27 27 27 24 20 17 17 22 30 55 60 72 108 154 128 95 83 83 104 125 140 148 159 174 193 210 215 213 212 214 215 208 191 168 130 98 95 110 129 120 104 96 90 92 100 108 105 105 114 121 127 127 117 99 78 62 68 69 75 70 53 61 67 82 
28 32 35 29 26 20 22 31 70 84 67 95 107 118 74 35 27 33 58 94 125 137 150 170 195 213 217 216 216 220 221 215 210 193 156 100 82 103 146 132 99 76 74 96 112 120 115 106 108 116 123 127 121 106 77 58 58 63 65 61 55 67 68 92 
38 40 40 33 32 23 32 73 144 124 83 115 120 71 29 36 46 39 32 48 98 130 150 177 202 217 218 216 220 225 222 215 207 184 155 126 113 142 157 117 82 69 82 104 114 120 121 115 109 113 120 125 118 105 86 61 51 58 68 55 59 68 65 94 
45 49 47 41 37 36 71 138 147 98 106 135 149 72 52 152 100 57 39 31 57 117 149 184 210 221 220 217 224 225 219 213 195 167 141 128 130 142 125 91 76 78 90 111 117 116 117 122 113 110 116 122 121 110 88 63 57 59 62 58 65 83 88 83 
49 64 55 52 68 113 129 134 106 89 122 153 164 80 83 147 81 56 46 39 32 88 152 190 217 224 223 224 228 224 217 208 181 152 125 108 100 100 92 84 84 82 91 113 114 110 110 118 120 112 114 122 120 103 75 56 55 61 62 62 70 83 88 86 
65 95 87 114 127 117 99 91 73 100 134 165 175 97 68 98 80 61 53 45 33 57 148 196 221 225 225 230 229 222 214 195 169 146 121 99 86 83 83 88 89 81 94 116 116 108 104 110 120 121 117 120 116 95 69 58 54 64 64 63 68 72 77 75 
113 139 141 120 97 75 62 64 83 111 152 174 175 133 59 76 83 66 43 40 39 41 133 201 220 226 230 230 227 221 206 183 162 138 115 98 83 82 81 86 77 72 99 118 119 110 100 106 116 124 122 120 111 89 62 62 58 58 58 58 64 65 72 65 
146 138 129 103 80 60 39 48 91 127 161 179 170 152 82 57 76 54 38 41 44 36 116 195 218 228 230 225 222 216 196 172 153 128 109 97 83 79 79 78 55 68 103 119 122 118 107 104 113 123 126 124 115 96 74 70 66 64 65 63 58 64 82 87 
132 132 130 105 75 56 37 48 89 138 171 182 174 161 128 61 53 44 42 46 44 36 107 193 228 232 227 222 221 208 181 162 144 124 115 105 87 77 78 74 50 70 104 119 123 123 116 109 115 122 127 127 118 94 68 65 58 76 82 71 63 76 76 72 
141 136 134 116 79 48 42 57 100 145 178 185 175 165 150 103 54 38 40 47 43 41 120 218 236 231 224 220 215 196 167 153 142 128 117 102 87 77 77 75 53 70 103 120 124 124 123 121 119 123 126 127 120 91 67 67 65 71 69 64 69 74 82 79 
142 141 132 115 90 50 39 61 96 147 184 189 177 171 160 128 93 62 46 43 43 80 189 237 238 227 218 215 209 182 153 139 128 120 111 100 91 80 77 79 66 73 103 119 125 121 121 125 125 125 126 128 123 91 71 71 68 60 59 64 66 77 88 99 
136 138 131 116 93 60 34 52 98 148 188 195 183 174 163 139 116 103 87 79 115 186 231 239 234 221 211 208 200 172 153 130 117 110 104 99 91 82 77 79 80 79 102 119 125 123 120 124 125 124 126 129 125 91 62 55 57 65 70 63 77 90 84 75 
118 121 125 114 99 68 38 45 93 163 199 202 196 184 162 138 128 126 133 168 209 230 239 239 231 211 200 201 199 174 154 125 113 107 101 99 93 87 83 81 83 81 104 120 124 124 120 122 126 126 127 130 126 101 72 65 70 80 79 74 75 83 83 89 
92 92 93 95 77 56 52 74 121 176 206 207 201 192 173 152 142 143 157 200 226 237 241 239 223 200 188 189 189 170 145 124 111 104 101 99 99 95 90 88 89 84 107 121 124 124 122 121 124 128 127 131 126 95 61 59 62 68 67 71 71 63 67 79 
37 36 35 31 26 21 35 81 141 190 209 203 189 180 168 156 151 155 176 206 229 238 240 232 210 188 171 170 170 156 134 122 111 104 101 102 105 102 98 99 102 91 112 122 125 125 124 120 121 128 127 129 128 99 65 60 72 63 59 68 62 60 62 61 
44 40 30 22 19 21 28 61 127 191 204 198 188 178 162 157 167 183 206 222 233 238 234 220 194 173 152 153 159 147 132 122 108 104 103 105 108 104 102 107 113 108 116 123 123 123 125 125 122 129 130 130 127 93 60 55 62 57 57 62 54 62 68 57 
74 54 40 41 46 51 61 91 142 187 198 191 187 186 167 166 191 208 221 233 235 236 227 209 182 158 142 156 168 151 134 113 102 101 102 105 106 102 104 115 122 120 120 124 122 120 123 125 124 125 130 129 128 105 83 72 60 56 57 56 48 54 63 56 
99 90 58 21 19 30 49 70 116 172 193 190 189 190 173 175 204 215 227 233 235 231 216 197 172 150 147 169 156 129 113 104 100 98 101 106 107 108 111 119 125 123 123 124 122 118 120 123 124 124 130 129 128 108 86 88 89 88 75 62 55 68 58 59 
117 99 88 43 25 35 49 66 117 171 191 191 200 196 177 177 199 214 227 230 228 216 205 188 170 156 168 169 128 109 105 103 103 102 103 108 112 113 115 121 125 124 124 121 120 118 119 125 125 124 129 130 128 113 90 79 74 78 86 89 83 85 77 67 
126 110 87 58 46 43 47 69 112 164 188 195 205 194 175 173 192 214 221 217 210 199 190 178 167 156 171 142 116 107 105 106 107 107 108 112 115 115 117 122 125 124 123 120 120 119 120 125 126 124 127 131 130 118 93 87 74 71 72 74 82 90 83 76 
119 121 98 78 38 37 61 87 117 160 184 207 210 192 174 175 188 204 205 197 188 182 172 168 154 141 146 121 114 111 108 110 109 111 112 115 115 116 118 122 122 121 119 120 120 119 117 122 126 127 126 130 130 122 93 84 86 89 85 79 70 67 68 67 
103 125 101 91 57 67 89 89 102 143 189 213 209 191 174 171 172 182 181 176 174 167 156 152 137 125 123 113 112 112 110 111 111 114 115 115 115 118 119 118 117 117 118 120 119 120 118 120 126 129 129 129 128 124 93 65 73 82 86 86 85 80 76 79 
102 121 110 105 96 79 77 67 62 134 185 210 202 182 170 157 155 160 160 158 156 148 143 136 123 119 116 113 112 114 114 114 115 115 114 113 115 118 118 117 115 116 118 121 120 120 121 119 125 130 131 131 128 125 106 81 68 55 68 74 76 79 83 81 
105 117 133 123 107 65 47 42 59 122 176 200 192 176 157 145 137 139 140 144 139 136 131 123 120 119 117 116 116 116 117 118 117 115 112 113 117 117 115 114 114 116 119 120 121 122 124 124 125 131 134 132 129 126 106 93 86 69 70 63 59 71 81 79 
120 127 139 113 95 61 40 41 60 107 160 185 182 162 147 133 127 126 130 130 126 124 120 122 124 119 118 118 118 119 120 120 118 111 105 108 112 112 111 111 113 115 117 119 121 124 126 127 127 129 130 130 130 129 113 90 82 88 83 73 64 58 68 77 
131 114 123 115 95 69 45 35 43 82 133 172 161 147 138 125 123 120 123 121 118 116 118 126 125 121 120 121 119 120 120 119 111 91 81 98 103 106 110 112 114 114 117 120 123 126 128 130 130 128 128 128 131 126 101 91 79 74 81 87 71 59 63 65 
118 110 113 124 101 85 54 29 32 59 116 144 134 139 135 126 121 116 116 113 111 114 118 130 127 123 121 122 121 120 118 112 93 68 65 91 101 104 108 112 114 116 117 121 125 128 129 130 130 129 129 128 130 122 89 67 72 78 71 73 81 78 67 60 
119 115 106 125 108 95 70 30 26 50 90 94 95 135 142 132 120 114 110 109 110 115 121 133 123 121 122 122 121 118 116 99 61 48 61 84 99 104 106 109 112 116 117 120 124 127 129 131 129 128 130 128 128 119 82 53 53 63 78 83 81 77 79 75 
120 118 106 116 115 98 80 33 23 40 53 57 98 153 152 131 116 112 107 108 109 116 126 127 122 121 121 122 119 117 110 72 37 33 42 68 93 100 103 107 111 116 118 120 123 126 130 132 129 126 129 131 129 115 79 57 52 53 60 73 83 78 81 88 
121 120 112 109 119 102 83 34 19 23 33 60 130 158 149 122 115 111 109 110 113 120 123 122 122 120 121 121 119 117 97 47 30 30 29 45 79 97 102 105 110 115 119 121 124 126 129 132 130 126 129 132 130 116 82 54 55 60 55 57 60 63 79 85 
122 121 118 105 118 108 84 38 17 16 31 61 128 135 132 118 116 114 114 116 118 121 122 122 120 121 122 120 119 113 82 37 30 32 29 30 59 91 101 105 110 115 118 121 124 126 128 132 131 125 128 131 128 111 80 52 51 50 54 54 49 47 61 68 
124 122 120 110 117 117 87 37 16 14 33 65 107 104 123 119 122 120 119 120 118 121 122 121 120 122 121 119 117 111 77 36 32 34 33 27 36 81 102 105 108 114 118 122 125 127 130 133 131 127 128 130 127 103 74 69 60 53 54 50 47 48 52 52 
125 123 121 116 109 122 91 35 16 14 24 51 62 91 120 129 123 124 133 126 123 122 121 119 120 122 121 118 116 109 80 38 33 36 36 30 24 63 101 106 107 113 118 122 126 129 132 133 131 129 129 128 122 89 59 61 65 51 49 55 63 47 55 49 
125 124 122 119 108 119 97 36 16 14 18 28 37 73 107 127 126 146 148 140 127 121 118 121 122 122 121 118 115 111 88 42 29 31 31 29 25 45 96 108 109 113 118 122 126 131 133 135 131 131 131 126 115 77 47 46 57 61 51 55 61 50 56 54 
125 124 123 120 114 112 103 38 15 12 12 15 31 50 81 119 145 159 153 142 128 121 119 122 124 123 121 118 115 112 96 52 28 27 24 32 31 35 85 108 111 114 117 123 127 130 133 134 132 131 130 123 106 69 47 43 45 60 55 45 56 62 60 61 
125 124 124 122 118 106 104 38 15 12 9 16 27 37 77 123 151 153 152 136 124 123 124 124 124 121 119 117 115 112 105 67 29 25 32 38 36 31 77 109 112 115 118 124 129 132 133 134 133 130 126 118 95 66 50 53 55 59 69 55 65 71 70 60 
124 124 125 123 122 111 100 33 14 11 8 13 17 39 55 96 125 154 145 127 124 133 130 128 124 122 118 117 117 113 111 85 38 33 38 42 39 29 69 109 113 116 121 125 129 134 135 134 131 126 120 106 79 55 56 60 58 59 67 65 67 65 63 62 
125 125 125 124 123 118 91 29 13 11 9 8 15 22 29 55 123 163 138 120 132 140 136 131 124 121 114 114 118 116 113 99 57 35 39 47 43 30 68 108 113 116 122 127 129 132 134 132 129 123 108 86 64 53 65 58 53 61 62 50 58 56 56 56 
125 125 126 125 126 123 88 26 13 10 9 8 12 10 18 60 139 158 121 121 137 140 139 129 123 117 113 113 115 117 114 110 83 41 41 49 40 27 71 108 114 116 122 128 130 131 131 130 126 112 90 72 59 56 57 60 57 52 61 52 49 61 57 56 
123 125 125 126 127 125 97 28 13 10 8 8 9 10 18 70 129 119 89 121 135 138 134 125 118 115 110 110 113 118 115 113 99 64 38 45 35 26 81 110 115 118 123 128 131 128 128 128 119 98 68 60 63 52 50 55 60 58 55 56 50 57 57 50 
122 123 125 126 127 127 103 30 13 9 8 8 8 7 21 58 74 63 68 116 129 135 126 117 111 113 110 111 115 118 115 114 106 92 50 32 20 38 93 111 116 120 125 128 131 130 128 126 113 89 62 55 58 46 56 62 59 60 53 44 48 50 50 52 
120 122 124 125 126 126 103 33 14 9 7 7 8 8 17 28 35 47 57 105 124 127 119 110 109 110 110 113 118 116 113 115 110 101 85 35 18 60 100 112 116 120 124 128 130 131 127 123 109 80 65 63 51 35 50 64 62 57 57 49 48 44 44 46 