


0 0 0 0 0 0 0 0 0 0 0 0 0 0 0 0 0 0 0 0 0 0 1 12 41 64 77 116 188 207 201 202 190 186 145 97 49 17 6 1 0 0 1 1 1 0 0 0 0 0 1 1 1 0 0 0 0 0 0 0 0 0 0 0 
0 0 0 0 0 0 0 0 0 0 0 0 0 0 0 0 0 0 0 0 0 0 10 87 147 162 167 177 202 218 210 224 207 205 194 190 158 105 60 14 4 2 1 1 1 0 1 0 0 0 0 0 0 0 0 0 0 0 0 0 0 0 0 0 
0 0 0 0 0 0 0 0 0 0 0 0 0 0 0 0 0 0 0 0 0 1 27 145 181 182 177 198 225 223 224 234 218 216 204 206 211 204 175 91 53 19 8 3 1 0 1 0 0 0 0 0 0 0 0 0 0 0 0 0 0 0 0 0 
0 0 0 0 0 0 0 0 0 0 0 0 0 0 0 0 0 0 0 0 1 15 88 175 188 190 198 225 240 223 231 235 228 228 217 215 231 219 213 206 185 115 73 34 16 8 3 1 0 0 0 0 0 0 0 0 0 0 0 0 0 0 0 0 
0 0 0 0 0 0 0 0 0 0 0 0 0 0 0 0 0 2 14 38 59 114 165 181 196 202 216 242 244 224 239 238 234 235 224 225 243 233 223 226 221 214 206 169 144 122 79 45 50 35 17 7 3 1 0 0 0 0 0 0 0 0 0 0 
0 0 0 0 0 0 0 0 0 0 0 0 0 0 0 1 12 60 118 159 168 189 177 193 210 215 232 249 243 227 242 240 238 232 223 227 244 239 228 229 229 222 215 214 219 223 196 191 199 184 159 126 91 53 31 9 1 0 0 0 0 0 2 1 
0 0 0 0 0 0 0 0 0 0 0 0 0 0 0 4 38 148 142 161 189 194 189 213 219 232 244 250 238 231 243 240 240 238 229 230 246 244 233 230 229 227 227 213 222 222 209 227 224 228 238 230 204 202 193 122 36 7 1 0 0 0 0 0 
0 0 0 0 0 0 0 0 0 0 0 0 0 0 0 5 47 177 174 137 191 210 209 224 233 242 247 248 238 237 245 242 239 235 235 236 243 245 240 233 226 215 214 214 218 215 215 223 228 238 244 234 219 240 238 228 184 122 54 9 1 0 0 0 
0 0 0 0 0 0 0 0 0 0 0 0 0 0 0 8 73 191 208 150 210 219 223 241 242 242 246 246 236 241 245 244 241 231 233 238 242 243 239 238 229 219 219 226 224 216 218 221 227 235 237 224 223 239 244 244 237 233 201 108 33 5 0 0 
0 0 0 0 0 0 0 0 0 0 0 0 0 0 0 13 113 205 217 177 223 227 239 245 241 240 244 244 232 240 243 241 242 236 236 240 240 240 239 239 229 227 231 236 226 224 224 228 227 239 236 227 233 243 244 243 240 244 233 201 175 101 33 5 
0 0 0 0 0 0 0 0 0 0 0 0 0 0 2 29 157 216 227 214 227 237 242 249 243 237 240 240 232 235 242 242 242 235 236 241 246 243 239 236 230 231 233 235 236 236 231 230 233 242 236 229 237 244 245 244 244 245 226 215 228 205 140 80 
0 0 0 0 0 0 0 0 0 0 0 0 0 1 8 62 193 217 235 232 235 244 248 249 247 240 238 233 231 235 238 243 240 237 238 245 246 243 243 237 231 231 237 240 238 234 235 229 231 238 238 235 243 244 243 243 246 237 213 209 204 166 142 155 
0 0 0 0 0 0 0 0 0 0 0 0 0 3 17 112 216 217 233 228 245 247 248 250 250 244 243 240 236 237 234 235 240 238 242 245 246 241 236 231 228 233 236 240 236 233 227 222 231 234 236 238 239 239 239 243 240 220 207 213 183 124 137 149 
0 0 0 0 0 0 0 0 0 0 0 0 1 4 29 154 226 217 233 228 246 249 249 250 249 248 244 241 240 239 237 228 235 240 238 241 241 240 238 236 233 234 237 233 231 225 217 213 218 229 229 230 236 233 226 227 226 219 220 199 135 116 138 149 
0 0 0 0 0 0 0 0 0 0 2 1 5 12 50 184 230 220 243 231 239 246 248 250 249 250 245 246 243 241 242 240 236 238 232 229 229 231 232 237 237 232 234 229 225 218 216 218 221 219 215 221 226 226 231 234 228 219 210 161 121 124 150 146 
0 0 0 0 0 0 0 0 0 1 9 25 21 18 79 210 225 219 239 230 216 245 245 247 249 250 246 245 246 242 242 242 241 241 241 232 225 225 228 236 236 234 233 231 225 227 229 235 240 235 233 231 223 227 230 224 217 216 196 146 145 128 156 85 
0 0 0 0 0 0 0 0 0 0 23 141 169 122 137 222 211 198 222 231 192 239 240 238 248 246 245 243 246 245 244 239 236 229 235 239 239 232 229 231 235 236 231 225 228 233 228 239 243 240 239 238 241 238 234 236 228 216 190 160 143 117 133 36 
0 0 0 0 0 0 0 0 0 1 18 141 228 235 215 211 193 154 181 204 167 207 237 234 237 243 244 238 239 237 231 226 216 206 197 182 186 200 209 226 230 225 217 217 228 231 233 243 243 241 237 237 243 241 236 233 229 216 192 166 127 122 135 31 
0 0 0 0 0 0 0 0 0 1 6 80 206 234 234 184 172 146 150 155 143 159 195 226 232 231 233 229 211 197 179 158 132 125 112 74 62 79 114 179 217 219 211 216 222 225 234 243 234 233 235 241 242 240 236 242 239 229 195 166 127 133 144 44 
0 0 0 0 0 0 0 0 0 0 1 28 167 229 235 191 157 161 164 161 154 153 162 188 219 230 222 214 172 115 84 64 51 45 45 41 39 36 44 71 138 177 170 202 225 229 231 236 225 222 234 244 239 234 241 243 240 226 192 176 138 145 159 71 
0 0 0 0 0 0 0 0 0 0 0 8 105 214 218 169 153 155 157 163 170 178 191 190 184 212 226 219 198 149 91 59 52 52 46 41 43 40 46 50 55 78 87 149 217 222 216 207 183 178 185 215 212 196 230 240 233 218 196 182 148 156 129 47 
0 0 0 0 0 0 0 0 0 0 0 2 49 176 202 161 150 153 153 155 163 170 186 206 198 180 207 223 218 203 155 93 71 73 69 68 63 63 65 68 63 54 53 91 188 207 178 185 176 163 165 191 180 171 218 233 230 218 196 182 155 156 117 38 
0 0 0 0 0 0 0 0 0 0 0 0 22 157 209 172 150 150 149 151 160 166 173 190 211 206 183 207 225 223 214 176 116 96 91 95 91 91 89 88 83 71 62 68 148 202 182 155 152 149 162 183 168 197 225 230 232 214 197 185 155 161 131 40 
0 0 0 0 0 0 0 0 0 0 0 0 30 184 228 200 166 152 149 151 157 161 160 168 194 210 210 192 223 232 228 218 178 142 115 107 102 109 111 107 101 92 89 85 140 198 204 190 166 152 170 172 151 174 208 228 223 209 204 188 160 173 122 23 
1 0 0 0 0 0 0 0 0 0 0 0 24 172 233 231 221 195 151 147 153 155 152 153 171 192 205 214 207 234 231 210 200 192 144 125 95 113 136 177 134 102 84 107 148 187 207 211 209 192 169 165 149 152 169 179 184 193 204 190 168 158 76 8 
0 1 0 0 0 0 0 0 0 0 0 0 21 172 236 238 237 225 157 146 150 151 149 149 154 169 184 210 222 220 228 215 192 187 169 186 119 180 203 203 166 107 63 116 152 187 215 221 219 207 175 171 153 138 134 136 140 156 194 191 179 129 37 1 
0 1 0 0 0 0 0 0 0 0 0 0 21 165 220 230 237 230 161 143 144 146 146 146 149 156 166 197 220 204 192 209 194 183 171 188 138 183 193 196 198 112 115 123 145 199 225 231 232 225 195 175 151 135 129 121 111 109 153 194 182 110 16 0 
0 0 0 0 0 0 0 0 0 0 0 2 39 162 211 228 236 204 145 135 138 141 141 141 150 158 186 225 238 199 183 180 187 192 182 179 129 190 193 208 210 151 162 124 120 184 214 234 244 238 227 196 161 139 127 116 101 90 120 173 169 85 6 0 
1 0 0 0 0 0 0 0 0 0 1 22 142 212 183 187 178 152 135 127 127 133 134 142 161 177 181 225 229 215 208 173 164 167 182 211 168 167 186 200 200 174 150 154 153 180 197 239 248 244 236 217 166 145 129 109 92 88 99 126 133 47 2 0 
0 0 0 0 0 0 0 0 0 0 11 107 211 184 169 163 158 152 144 127 116 117 129 161 163 203 197 189 194 196 195 185 181 168 169 201 209 171 163 168 182 191 172 182 158 145 186 238 244 241 231 205 157 142 124 102 87 77 66 61 41 7 0 0 
0 0 0 0 0 0 0 0 0 6 79 206 194 169 165 162 161 155 129 88 67 68 89 162 216 216 196 191 191 174 168 177 194 195 202 208 195 203 172 156 170 196 178 163 167 161 195 207 217 227 225 190 153 138 115 92 76 44 12 4 1 0 0 0 
0 0 0 0 0 0 0 0 2 41 183 224 175 163 159 157 156 137 54 20 19 26 60 125 190 198 187 192 179 175 178 202 223 215 224 225 210 200 196 186 171 175 199 177 180 161 184 158 162 204 206 195 186 175 159 114 64 19 3 1 3 2 0 0 
0 0 0 0 0 0 0 1 22 131 223 199 168 165 159 158 140 69 18 17 20 27 103 204 205 186 166 159 178 187 202 226 235 234 241 238 234 226 225 213 183 165 187 189 191 180 201 161 144 159 171 175 190 206 219 203 173 131 87 72 90 81 25 2 
1 0 0 0 0 0 0 7 92 210 231 187 174 170 160 128 58 19 17 20 24 39 96 200 203 186 189 177 200 221 226 241 246 248 248 246 244 242 232 216 202 177 154 170 196 225 223 178 112 109 137 133 125 144 185 207 210 214 218 214 216 215 150 43 
0 0 0 0 0 0 9 59 173 231 235 184 173 163 116 41 16 14 13 18 45 127 169 187 191 191 199 189 200 229 245 250 250 251 250 249 249 244 237 227 216 196 166 163 193 212 184 133 100 103 125 116 97 123 186 209 221 238 243 241 240 243 235 157 
0 0 0 0 1 21 104 190 224 237 199 165 155 143 116 59 24 14 12 17 68 119 192 214 205 206 198 191 210 232 249 252 244 238 249 249 250 249 245 237 226 205 181 176 199 205 180 150 112 88 115 117 101 152 211 223 238 244 246 242 243 243 243 222 
0 0 0 9 47 132 216 231 233 204 155 149 146 144 140 105 58 43 42 49 74 114 196 229 226 205 190 199 221 236 248 250 240 225 245 250 250 246 240 229 209 184 166 178 206 192 140 136 111 100 119 116 100 134 222 232 238 246 246 245 246 246 244 230 
0 1 19 102 182 223 234 232 216 164 151 151 154 155 155 141 117 117 120 138 168 186 206 210 215 200 201 193 199 220 241 245 243 241 247 248 246 243 240 226 205 180 172 186 191 186 174 166 162 107 102 112 100 102 209 240 239 242 245 243 246 245 241 234 
8 43 132 209 225 218 205 193 177 170 170 171 176 175 167 163 160 159 167 179 197 206 212 219 215 200 204 206 186 207 230 233 240 241 246 244 237 231 228 222 211 184 173 189 183 185 179 160 131 114 122 107 84 90 197 238 243 245 247 247 244 245 239 230 
108 188 230 202 184 183 187 185 180 179 190 199 196 190 191 190 185 181 183 188 197 211 222 222 211 200 208 207 198 203 206 212 227 229 226 230 222 212 202 192 184 170 178 214 198 178 186 146 138 167 169 152 106 122 206 230 245 247 250 251 250 249 247 244 
174 179 219 186 176 193 209 203 183 179 196 215 217 221 218 205 192 191 186 189 201 219 235 246 232 212 206 203 200 184 177 189 206 212 203 204 214 206 185 183 175 175 177 215 212 175 196 198 167 197 210 205 166 181 220 235 244 246 248 250 251 250 248 249 
164 169 171 169 189 218 233 228 216 216 225 227 226 226 219 201 183 185 186 193 204 218 233 245 240 215 198 200 199 192 194 205 190 188 175 189 192 188 156 189 190 192 171 204 201 170 175 200 229 234 234 224 208 213 225 242 248 244 248 248 249 249 248 246 
174 166 168 192 222 232 233 232 231 229 228 227 226 223 220 210 190 180 188 194 202 213 223 240 245 237 222 207 197 202 211 210 197 142 174 194 189 175 147 185 191 191 164 157 149 185 230 238 247 246 233 224 225 225 227 239 247 247 248 250 249 249 249 247 
209 208 213 222 225 226 228 229 229 229 231 233 230 224 217 217 203 183 190 192 200 202 218 228 235 238 228 215 208 209 201 219 195 182 191 187 188 174 168 196 188 202 128 100 154 217 251 251 249 242 234 229 231 237 232 230 242 247 250 249 249 249 249 247 
208 216 218 216 220 228 235 234 238 241 242 242 235 228 222 216 209 199 192 192 190 198 214 219 222 223 225 224 219 209 200 204 210 196 172 179 194 201 174 189 168 172 115 122 168 224 248 248 244 239 239 234 239 244 236 228 236 244 246 246 245 247 245 241 
178 210 227 230 227 232 232 228 236 246 245 244 239 232 227 218 214 206 197 198 195 196 209 210 216 220 222 221 218 214 203 164 154 153 210 173 195 154 106 110 91 96 115 172 202 225 241 241 239 237 242 242 246 245 243 232 231 235 241 237 238 237 235 228 
95 200 221 223 224 224 229 225 238 249 247 243 240 232 233 222 209 209 200 204 200 198 198 212 215 215 214 209 212 208 172 98 77 91 130 113 107 106 91 87 83 83 99 183 212 220 230 233 233 232 246 245 248 246 250 242 233 230 233 230 226 200 186 180 
113 216 211 221 216 225 232 233 244 247 246 244 243 241 236 218 212 209 202 200 194 192 203 211 212 211 210 210 204 164 90 47 48 59 69 77 78 82 70 64 57 53 89 183 209 211 222 229 234 240 248 247 250 248 251 250 240 233 230 218 180 153 145 140 
193 224 210 218 214 235 238 235 241 244 246 246 243 244 243 235 220 211 200 183 167 202 210 210 213 212 212 212 185 108 43 26 29 40 43 47 48 41 38 35 34 47 127 196 211 219 226 238 245 245 249 250 251 250 250 251 249 240 235 214 164 145 143 138 
217 221 222 213 211 228 240 238 241 246 248 244 245 248 248 248 233 209 189 147 163 207 217 210 204 209 219 214 183 105 38 23 23 26 26 38 42 29 32 54 88 136 180 201 218 228 239 243 242 243 249 251 251 250 250 250 250 250 243 233 209 165 144 139 
235 230 232 222 204 226 240 241 243 249 250 248 249 247 249 251 242 210 159 136 194 219 219 211 201 215 221 218 209 176 114 68 52 45 75 133 130 100 126 167 185 204 207 210 220 233 244 242 239 239 245 249 250 251 252 250 250 250 248 243 233 205 177 161 
233 237 236 234 215 237 246 245 243 248 250 250 248 245 250 251 246 204 149 157 218 223 218 218 212 216 218 221 218 209 194 162 137 133 178 190 178 182 194 199 205 207 208 215 231 244 241 238 233 239 244 247 247 248 251 251 252 249 247 247 244 226 212 223 
223 235 240 242 239 239 247 247 241 246 250 251 248 246 247 227 194 172 181 205 223 217 216 216 217 220 223 222 218 215 211 206 203 203 208 201 196 199 204 207 207 205 206 221 246 246 242 240 243 247 243 242 241 241 245 250 251 249 248 244 240 238 229 221 
228 236 237 242 243 239 239 241 240 243 248 246 237 216 198 187 199 216 226 225 219 213 213 217 219 219 220 218 216 214 214 212 210 203 204 203 202 205 208 212 208 205 205 220 242 247 246 243 243 242 239 237 229 222 225 234 244 247 243 240 243 241 234 207 
229 232 226 227 231 231 232 232 230 235 233 232 224 218 223 231 239 238 236 233 227 219 214 217 217 214 215 213 213 213 212 214 210 206 204 199 204 220 224 219 208 201 206 212 236 245 246 246 242 234 223 210 196 196 210 213 228 241 241 240 238 231 218 144 
172 196 207 210 215 218 224 231 230 229 235 234 230 236 238 237 238 240 242 242 239 223 217 220 220 219 217 215 215 213 214 209 203 211 206 201 202 213 219 217 209 200 206 220 237 245 246 236 216 205 197 212 218 226 239 235 226 226 235 238 227 207 187 64 
29 82 161 198 212 212 217 223 226 227 231 236 235 235 233 234 236 240 241 239 229 220 218 217 215 216 215 215 215 216 214 203 193 198 202 197 196 201 207 206 202 198 201 213 238 244 225 202 198 209 231 242 246 244 245 248 246 239 238 242 237 233 185 39 
0 5 35 130 204 217 223 225 222 224 225 230 228 225 222 234 235 231 230 225 215 222 225 220 216 213 213 215 217 217 205 195 185 186 194 193 197 198 201 201 199 198 206 211 229 233 229 228 238 246 245 243 246 245 243 245 243 241 242 244 243 210 82 8 
0 0 2 32 132 192 205 214 223 225 228 224 224 229 232 228 232 231 221 212 221 228 232 230 225 215 211 214 219 213 196 191 184 178 176 183 192 198 199 195 197 201 204 207 222 229 233 243 251 248 244 240 243 241 239 241 243 240 235 235 233 129 15 0 
0 0 0 2 29 112 196 224 221 225 223 220 226 233 233 226 223 211 205 213 229 230 230 231 229 223 218 216 197 155 123 139 158 179 180 188 193 203 194 184 188 204 205 204 216 228 229 235 247 247 244 235 235 237 232 236 241 236 222 190 128 39 2 0 
0 0 0 0 1 15 98 192 206 208 212 220 227 228 221 199 175 161 159 195 222 230 228 229 227 228 228 191 81 24 10 17 34 81 143 187 202 216 205 186 182 202 203 205 212 220 226 228 242 246 243 234 233 233 231 231 236 223 163 56 11 3 1 0 
0 0 0 0 0 0 11 55 69 106 190 214 222 223 203 201 164 71 30 106 173 208 217 214 216 216 215 145 21 1 0 0 1 9 43 110 162 192 187 174 171 197 198 199 210 216 221 221 231 238 235 230 232 232 227 228 212 121 37 3 0 0 0 0 
0 0 0 0 0 0 0 1 1 10 65 139 195 213 212 182 78 11 1 12 34 69 92 88 94 106 118 60 4 0 0 0 0 1 6 16 35 53 53 73 143 192 196 196 203 212 216 222 224 237 231 218 216 219 197 169 98 18 1 0 0 0 0 0 
0 0 0 0 0 0 0 0 0 0 3 22 67 113 119 68 11 1 0 0 1 2 3 3 3 5 7 3 0 0 0 0 0 0 1 5 5 6 3 11 93 179 188 195 205 214 213 216 218 227 220 181 147 131 78 30 7 1 0 0 0 0 0 0 


0 0 0 0 0 0 0 0 0 0 0 0 0 0 0 0 0 0 0 0 0 0 0 8 27 43 52 72 127 148 143 140 128 124 94 59 27 8 2 1 0 0 1 1 1 2 1 0 0 0 1 1 1 0 0 0 0 0 0 0 0 0 0 0 
0 0 0 0 0 0 0 0 0 0 0 0 0 0 0 0 0 0 0 0 0 0 6 57 95 109 111 114 139 151 146 161 143 142 127 123 96 59 34 7 3 3 1 1 1 1 1 0 0 0 0 0 0 0 0 0 0 0 0 0 0 0 0 0 
0 0 0 0 0 0 0 0 0 0 0 0 0 0 0 0 0 0 0 0 0 1 16 94 117 118 107 132 163 155 158 169 151 150 130 132 137 126 112 54 34 11 4 3 2 2 2 1 0 0 0 0 0 0 0 0 0 0 0 0 0 0 0 0 
0 0 0 0 0 0 0 0 0 0 0 0 0 0 0 0 0 0 0 0 1 8 51 110 119 115 122 159 176 152 168 171 160 159 141 140 155 131 127 130 123 70 41 20 12 10 6 1 0 0 0 0 0 0 0 0 0 0 0 0 0 0 0 0 
0 0 0 0 0 0 0 0 0 0 0 0 0 0 0 0 0 1 12 29 37 67 95 106 116 117 140 180 185 152 179 171 167 164 145 145 172 145 127 148 140 134 128 104 100 90 53 29 37 26 11 5 2 0 0 0 0 0 0 0 0 0 1 0 
0 0 0 0 0 0 0 0 0 0 0 0 0 0 0 1 6 33 74 113 103 113 92 107 123 130 162 188 179 156 182 175 172 158 141 146 178 162 135 150 148 139 132 131 146 155 121 130 143 136 114 87 64 39 23 7 0 0 0 0 0 1 4 2 
0 0 0 0 0 0 0 0 0 0 0 0 0 0 0 2 21 84 61 81 109 105 99 129 138 156 180 187 169 161 178 171 167 161 144 147 178 171 143 149 150 149 149 126 141 142 125 156 156 166 183 173 134 150 150 91 24 5 1 0 0 0 1 0 
0 0 0 0 0 0 0 0 0 0 0 0 0 0 0 3 25 105 96 40 91 111 113 145 161 176 185 187 164 164 173 170 159 160 153 150 168 170 157 147 135 123 124 121 126 130 135 152 161 176 187 168 139 184 180 163 127 79 38 7 0 0 0 0 
0 0 0 0 0 0 0 0 0 0 0 0 0 0 0 5 40 108 129 41 93 114 134 174 171 170 179 177 159 166 171 172 161 141 142 153 155 155 150 146 128 118 123 131 127 128 135 144 154 165 173 153 150 179 192 186 171 166 147 75 22 4 0 0 
0 0 0 0 0 0 0 0 0 0 0 0 0 0 0 5 60 114 126 65 101 120 169 188 162 156 172 173 152 162 165 159 154 136 139 153 146 144 145 143 119 117 131 141 127 131 137 144 142 162 165 158 164 183 186 184 179 184 173 134 125 73 21 3 
0 0 0 0 0 0 0 0 0 0 0 0 0 0 1 13 85 120 129 110 102 136 181 195 165 144 161 159 150 150 152 153 150 135 141 156 159 148 138 137 116 120 127 133 132 137 139 140 147 166 163 160 170 185 194 186 183 182 163 153 167 141 78 45 
0 0 0 0 0 0 0 0 0 0 0 0 0 0 2 31 108 122 134 126 118 152 187 193 171 136 147 141 132 141 140 151 145 137 144 155 154 149 142 132 114 112 128 133 132 133 139 139 138 148 160 169 182 187 186 187 189 173 145 138 131 87 59 80 
0 0 0 0 0 0 0 0 0 0 0 0 0 1 7 60 125 117 132 114 137 167 176 181 178 144 138 142 123 133 135 143 137 136 145 152 151 144 138 130 110 107 128 129 126 128 125 124 131 134 146 160 170 178 178 185 179 152 134 137 104 39 59 76 
0 0 0 0 0 0 0 0 0 0 0 0 1 2 12 87 134 114 133 121 153 168 167 167 167 143 128 140 127 126 127 132 133 132 127 132 134 133 130 129 113 99 120 118 115 113 110 107 111 123 129 135 152 158 153 160 156 147 147 122 44 30 58 74 
0 0 0 0 0 0 0 0 0 0 1 1 2 5 23 100 130 111 141 133 123 138 147 159 163 145 121 139 130 124 121 125 127 120 107 105 113 112 113 124 119 101 110 111 107 99 99 102 110 112 109 115 125 133 146 153 151 143 128 67 25 37 73 79 
0 0 0 0 0 0 0 0 0 1 4 14 11 7 38 117 121 110 134 138 92 109 118 144 150 144 115 126 126 120 119 119 123 121 120 107 103 106 104 113 113 105 107 109 99 105 108 114 126 129 126 124 117 124 135 139 138 136 111 49 53 40 85 48 
0 0 0 0 0 0 0 0 0 0 11 82 108 75 74 126 110 93 112 128 69 111 97 109 133 125 105 107 119 111 110 103 104 97 107 114 112 108 101 100 104 101 96 84 88 108 104 107 127 137 132 129 137 137 137 144 140 130 100 66 53 30 69 18 
0 0 0 0 0 0 0 0 0 1 7 74 135 150 132 107 92 43 66 93 45 83 109 93 104 111 102 84 94 92 85 77 67 52 46 54 62 65 69 88 91 79 63 65 87 100 102 103 122 129 126 120 134 137 131 131 131 123 101 65 32 32 72 16 
0 0 0 0 0 0 0 0 0 0 2 40 116 141 145 84 58 24 21 28 10 26 62 91 89 86 85 72 46 40 29 22 15 13 7 2 8 9 21 43 62 53 43 59 70 83 91 104 108 113 118 118 129 135 133 148 145 140 100 66 28 41 68 19 
0 0 0 0 0 0 0 0 0 0 0 13 91 133 145 97 39 38 34 26 15 11 19 45 76 81 62 47 20 10 7 7 5 3 4 4 5 4 7 9 21 20 15 35 65 81 83 102 100 102 113 119 127 129 138 150 148 131 93 79 34 55 78 30 
0 0 0 0 0 0 0 0 0 0 0 3 55 122 129 70 37 34 33 32 31 32 47 48 41 64 72 54 34 10 8 6 7 7 5 4 6 4 8 14 12 12 6 17 51 71 87 92 71 62 59 90 100 88 130 141 131 116 100 89 46 67 45 14 
0 0 0 0 0 0 0 0 0 0 0 1 24 95 113 57 36 32 28 26 25 27 46 72 61 38 52 59 52 33 18 6 6 4 3 9 10 8 9 14 16 14 12 12 30 54 65 76 64 42 29 51 50 51 107 122 121 113 98 89 59 67 37 15 
0 0 0 0 0 0 0 0 0 0 0 0 11 83 114 68 32 29 25 19 18 20 26 48 73 69 35 40 52 45 42 32 14 10 7 15 14 14 12 11 14 13 18 14 16 42 54 42 38 27 20 27 27 74 105 109 118 105 100 94 61 73 48 15 
1 0 0 0 0 0 0 0 0 0 0 0 15 102 126 94 52 35 25 17 13 11 12 21 51 74 70 41 56 58 55 58 67 70 31 24 26 30 31 26 18 16 33 23 18 29 45 58 54 34 19 9 5 39 84 113 109 97 104 100 68 88 47 4 
5 1 0 0 0 0 0 0 0 0 0 0 11 90 126 121 112 90 31 20 14 7 7 8 27 51 61 74 60 81 96 107 154 167 94 64 32 50 74 133 73 29 19 25 35 45 50 52 80 84 24 2 1 11 39 59 73 87 108 104 76 70 22 1 
9 3 0 0 0 0 0 0 0 0 0 0 10 93 130 131 130 122 40 16 10 6 4 4 11 26 44 81 142 150 189 190 173 169 143 163 78 151 177 174 126 56 7 36 58 71 70 57 60 90 37 2 1 1 2 10 26 53 102 108 94 52 15 0 
8 3 0 0 0 0 0 0 0 0 0 0 9 85 111 120 131 135 47 11 4 2 2 2 5 13 35 120 191 178 167 188 169 155 142 163 104 158 163 167 166 66 67 62 65 87 82 73 61 82 69 6 1 0 1 1 1 9 55 115 98 42 6 0 
6 1 0 0 0 0 0 0 0 0 0 1 19 77 96 113 133 113 23 6 2 2 1 3 12 25 106 197 218 173 151 149 156 161 150 148 85 158 160 179 178 110 121 71 49 99 103 90 74 86 116 55 4 0 0 1 1 1 25 97 90 34 2 0 
5 1 0 0 0 0 0 0 0 0 0 13 86 116 62 61 59 28 4 2 1 1 1 7 35 81 115 199 210 190 180 136 129 135 155 180 127 130 153 168 177 142 108 113 96 109 92 92 96 97 121 106 11 1 1 1 1 1 5 42 67 22 1 0 
0 0 0 0 0 0 0 0 0 1 6 65 123 70 43 37 32 20 10 3 1 1 15 69 82 166 167 163 170 168 168 152 151 139 143 174 175 136 127 136 156 165 135 147 107 70 68 110 116 109 114 92 6 1 1 1 1 1 1 4 12 3 0 0 
0 0 0 0 0 0 0 0 0 3 42 122 90 53 53 47 42 32 14 2 1 1 15 115 188 188 167 161 160 138 135 147 165 167 176 183 168 173 138 121 138 171 140 120 123 84 109 117 118 111 101 80 15 4 1 1 1 1 0 1 0 0 0 0 
0 0 0 0 0 0 0 0 1 21 101 128 62 50 48 39 34 22 4 0 1 1 23 83 164 168 155 164 149 145 151 176 192 185 193 192 179 172 167 156 138 143 172 144 147 112 139 95 82 110 95 88 75 59 49 25 14 4 1 1 1 1 0 0 
0 0 0 0 0 0 0 0 10 69 124 89 42 46 40 29 23 7 1 0 1 1 70 184 182 161 134 130 151 160 175 197 202 204 209 202 200 193 193 180 152 132 155 160 159 141 168 112 81 91 83 72 81 97 112 89 69 53 37 32 43 42 12 1 
1 0 0 0 0 0 0 3 45 111 129 59 34 35 25 14 5 1 1 0 0 10 57 179 178 159 161 150 177 192 197 213 221 225 219 214 210 204 195 182 170 146 115 134 167 201 200 140 47 37 63 47 39 52 61 71 76 86 97 99 106 112 76 19 
0 0 0 0 0 0 3 24 83 128 143 56 24 15 6 2 1 0 1 1 21 103 143 165 164 163 175 165 174 201 221 234 233 236 237 226 216 206 198 190 182 165 130 125 162 188 156 81 35 34 53 35 29 60 56 69 87 105 120 124 138 147 136 88 
0 0 0 0 0 9 47 89 116 137 91 31 16 5 2 1 1 1 1 3 45 81 168 190 181 183 176 167 182 202 230 238 229 224 233 234 227 215 209 198 190 170 147 142 169 178 146 103 60 22 39 36 25 58 81 96 112 118 122 123 137 140 149 135 
0 0 0 4 20 62 109 118 128 99 32 21 15 10 4 1 1 1 1 2 6 30 158 203 200 179 160 173 194 204 222 235 228 215 230 236 220 208 201 188 171 149 131 146 180 163 91 86 57 33 40 31 15 37 98 110 118 129 132 139 144 148 156 143 
0 1 9 51 88 111 121 124 114 45 23 23 21 16 7 2 2 3 4 8 26 63 168 184 187 171 173 167 171 187 212 226 229 229 235 232 216 204 198 187 169 144 135 154 164 152 134 127 121 49 25 26 18 19 86 112 113 117 119 124 138 145 147 146 
4 23 70 108 123 105 78 66 41 27 29 28 26 15 11 15 17 12 13 27 44 61 161 194 186 169 173 178 154 176 196 202 213 219 222 213 201 192 188 185 175 146 132 154 149 147 141 109 65 40 40 20 9 14 71 110 121 125 131 129 120 122 120 119 
53 102 130 92 69 53 43 36 30 32 33 40 36 29 30 33 34 29 27 36 37 51 105 142 171 169 181 179 168 174 172 177 193 195 196 196 184 174 164 155 146 128 138 187 171 139 147 75 44 74 69 39 26 45 75 105 126 135 144 152 152 146 137 139 
69 67 112 62 38 56 72 68 51 49 52 60 60 63 65 60 46 45 45 39 43 53 69 91 145 185 184 176 169 149 142 158 178 180 173 174 181 169 148 149 136 132 135 183 178 107 144 136 47 61 74 55 49 51 86 112 125 131 142 156 172 167 151 157 
45 39 40 41 71 101 107 94 76 68 74 78 83 87 81 63 39 39 41 44 53 56 66 82 118 169 170 170 170 158 163 179 164 156 143 161 164 153 111 152 152 154 125 168 156 57 54 81 83 80 62 53 50 64 93 122 133 129 145 156 166 163 151 146 
50 45 50 75 100 100 91 85 83 83 84 85 89 90 85 74 44 28 36 47 51 52 57 78 85 118 148 174 169 176 185 185 166 97 140 168 159 134 101 145 162 158 114 98 78 58 82 90 85 78 62 55 59 73 91 120 132 136 152 160 164 159 154 151 
99 95 94 95 90 88 91 93 93 94 96 99 98 95 89 89 64 30 34 40 52 43 60 67 75 79 85 135 178 182 169 192 164 150 161 160 157 134 132 162 150 168 69 20 54 77 86 89 79 68 57 63 68 79 89 102 124 133 142 144 151 155 160 164 
90 94 94 93 96 105 114 115 121 124 125 125 110 103 96 88 74 56 42 45 39 47 58 63 62 61 66 68 114 145 154 166 180 161 132 146 163 170 142 155 127 133 48 27 52 68 76 75 71 65 64 63 79 93 88 91 115 130 131 130 131 136 144 147 
88 106 124 129 122 123 121 115 123 142 134 126 119 108 100 90 83 62 45 47 43 46 56 50 56 62 58 53 53 49 58 61 97 102 180 134 166 108 50 51 24 18 20 41 46 55 61 63 69 70 69 69 87 93 96 90 104 121 131 126 124 124 132 126 
51 115 127 127 122 115 119 113 131 153 142 125 120 108 105 91 72 67 49 55 49 42 40 56 57 47 38 32 33 27 20 7 3 20 68 36 32 16 7 5 3 3 5 22 31 43 51 58 65 69 75 77 89 92 111 103 101 111 124 127 122 90 82 76 
76 147 120 121 110 119 129 125 141 149 141 128 127 122 111 85 75 69 54 49 39 37 54 54 50 47 44 41 27 8 3 3 2 1 4 3 2 2 1 2 1 1 2 14 24 40 55 63 72 74 85 86 99 93 121 124 114 110 114 110 69 35 29 30 
125 146 122 122 115 139 142 130 138 140 141 133 128 124 118 105 86 70 51 29 21 60 59 64 67 57 52 40 14 2 2 3 1 1 1 1 1 1 1 1 1 3 5 15 28 50 63 81 84 83 92 94 102 96 122 136 134 124 121 106 43 24 27 27 
146 141 141 124 115 128 145 138 138 148 150 134 126 125 126 125 103 68 41 9 26 65 82 78 63 63 56 41 22 3 1 1 1 1 1 2 4 1 2 3 7 15 11 19 39 60 85 88 84 88 100 102 106 106 128 149 139 143 133 126 102 42 26 23 
172 161 155 138 104 125 147 143 143 157 157 153 140 135 141 141 120 74 23 9 62 95 97 81 65 65 56 63 55 33 12 3 1 2 7 9 4 5 12 19 28 34 32 39 51 72 90 88 84 88 101 106 106 109 127 145 143 143 133 126 127 92 55 44 
165 171 162 151 123 144 155 144 139 156 161 159 146 135 153 153 137 72 16 37 106 110 100 94 79 67 71 84 85 73 58 30 16 14 39 38 21 25 39 50 61 41 41 57 80 97 94 84 81 94 101 101 95 97 109 125 134 128 125 132 134 113 98 120 
151 165 167 164 152 149 157 156 141 150 165 161 147 137 142 127 78 46 67 100 117 106 101 98 81 81 93 100 96 91 85 72 61 65 72 58 48 54 63 72 63 42 50 78 107 102 99 94 98 104 98 95 92 90 94 105 119 125 136 131 126 129 128 123 
159 165 158 157 162 160 154 154 148 148 161 160 143 109 81 67 85 112 121 114 108 101 97 92 88 95 100 98 97 93 87 77 74 74 72 61 65 74 82 85 63 45 59 81 96 104 100 98 99 99 100 102 98 90 82 87 105 122 125 130 139 148 149 119 
161 160 143 139 143 145 143 140 134 138 136 137 122 101 107 123 136 137 133 128 123 111 93 92 99 97 100 100 94 91 81 80 85 83 72 61 77 101 107 101 70 50 72 82 91 101 106 112 107 102 94 81 68 70 82 78 94 116 128 141 142 136 134 81 
109 115 119 120 119 125 139 147 141 137 144 133 119 126 137 136 137 142 148 147 143 112 99 110 112 113 111 105 100 95 87 88 80 90 78 78 86 100 108 105 78 53 80 98 100 110 118 110 88 78 70 88 97 113 135 134 117 112 133 149 141 114 96 31 
15 46 93 115 128 127 136 145 145 139 134 135 138 136 133 137 139 140 147 146 127 108 111 113 113 114 111 107 102 94 97 89 68 76 88 83 84 87 94 90 68 61 78 90 112 127 108 68 60 83 113 130 141 146 154 162 158 140 148 160 159 146 106 21 
0 3 18 75 129 142 154 153 143 137 129 131 130 125 130 141 138 130 132 126 109 119 130 122 117 111 107 108 102 98 100 85 62 66 87 88 90 88 87 80 61 70 88 90 109 116 112 103 119 143 138 147 153 159 157 155 144 150 167 176 166 124 42 3 
0 0 1 18 79 122 126 131 144 140 138 127 129 138 144 137 140 141 124 112 122 132 145 139 132 116 107 109 105 106 98 91 80 68 65 76 89 93 90 70 63 82 89 89 110 110 114 129 141 150 145 140 151 150 151 151 153 163 162 169 164 76 7 0 
0 0 0 1 16 70 130 153 148 142 131 132 143 150 148 146 138 120 110 116 137 141 144 146 146 132 119 112 96 75 58 64 71 83 74 84 94 106 91 63 63 95 94 89 108 122 116 125 141 144 150 138 143 147 145 155 157 160 143 123 81 22 1 0 
0 0 0 0 0 8 61 124 127 124 136 146 151 149 143 115 79 66 82 103 133 145 143 151 146 142 136 92 31 8 3 6 13 33 51 88 108 128 114 70 60 100 99 97 104 120 126 123 140 145 153 148 150 157 158 159 155 147 103 31 5 2 0 0 
0 0 0 0 0 0 5 28 34 66 134 146 150 150 120 105 69 21 12 52 97 127 138 133 134 133 124 68 6 0 0 0 0 4 16 48 85 112 107 72 55 100 99 94 111 122 130 124 134 139 148 155 161 164 160 161 139 71 21 2 0 0 0 0 
0 0 0 0 0 0 0 0 1 7 45 89 125 135 128 97 30 3 1 6 17 38 49 46 50 58 63 29 2 0 0 0 0 1 6 11 18 27 26 27 47 105 104 95 107 124 130 135 133 150 147 136 136 141 120 108 62 9 0 0 0 0 0 0 
0 0 0 0 0 0 0 0 0 0 1 13 37 65 64 32 5 1 0 0 1 1 1 1 1 2 3 1 0 0 0 0 0 0 2 7 8 8 3 3 33 94 101 103 121 138 131 133 132 141 137 106 78 70 41 15 4 0 0 0 0 0 0 0 


0 0 0 0 0 0 0 0 0 0 0 0 0 0 0 0 0 0 0 0 0 0 0 10 34 53 65 92 155 177 171 168 154 153 117 77 34 8 1 0 0 0 1 1 1 0 0 0 0 0 1 1 1 0 0 0 0 0 0 0 0 0 0 0 
0 0 0 0 0 0 0 0 0 0 0 0 0 0 0 0 0 0 0 0 0 0 7 71 118 133 135 141 169 181 175 191 172 171 154 152 122 76 42 6 1 1 1 1 1 0 1 0 0 0 0 0 0 0 0 0 0 0 0 0 0 0 0 0 
0 0 0 0 0 0 0 0 0 0 0 0 0 0 0 0 0 0 0 0 0 0 19 114 144 144 133 162 193 184 187 199 181 180 159 162 168 157 138 68 41 10 2 1 1 1 0 0 0 0 0 0 0 0 0 0 0 0 0 0 0 0 0 0 
0 0 0 0 0 0 0 0 0 0 0 0 0 0 0 0 0 0 0 0 1 10 66 136 144 142 151 190 207 181 197 201 191 190 172 170 188 164 158 161 152 90 51 24 12 6 2 1 1 0 0 0 0 0 0 0 0 0 0 0 0 0 0 0 
0 0 0 0 0 0 0 0 0 0 0 0 0 0 0 0 0 1 11 29 46 85 118 130 142 145 169 210 216 181 209 202 197 195 175 175 206 177 158 177 170 163 157 130 123 108 66 38 46 34 15 6 2 1 0 0 0 0 0 0 0 0 0 0 
0 0 0 0 0 0 0 0 0 0 0 0 0 0 0 1 5 38 80 119 123 139 116 132 150 160 194 219 210 185 212 206 204 189 171 175 211 194 166 179 179 168 159 156 173 184 149 159 173 164 140 109 80 48 29 9 0 0 0 0 0 0 2 1 
0 0 0 0 0 0 0 0 0 0 0 0 0 0 0 1 19 101 79 99 132 131 123 157 168 189 213 220 200 192 209 202 199 192 176 178 211 205 176 180 180 177 178 152 167 169 151 184 186 197 214 204 164 178 177 112 32 6 1 0 0 0 0 0 
0 0 0 0 0 0 0 0 0 0 0 0 0 0 0 1 27 129 118 59 117 139 140 173 192 209 219 220 195 195 206 202 191 190 184 182 202 204 190 178 163 149 151 148 153 158 163 180 189 207 219 199 169 215 213 196 157 102 50 8 0 0 0 0 
0 0 0 0 0 0 0 0 0 0 0 0 0 0 0 2 45 132 154 62 122 142 164 206 203 203 214 211 190 199 205 206 193 171 173 185 186 187 182 177 158 147 153 162 156 156 164 173 182 195 205 183 178 209 223 219 203 198 179 96 29 5 1 0 
0 0 0 0 0 0 0 0 0 0 0 0 0 0 0 5 72 141 153 91 130 148 201 219 193 187 205 206 182 194 197 194 188 167 171 186 177 176 175 173 149 147 161 171 156 160 168 174 172 195 197 190 194 213 219 216 210 215 203 164 153 92 29 4 
0 0 0 0 0 0 0 0 0 0 0 0 0 0 0 13 104 149 158 140 133 165 213 228 195 174 192 190 178 180 184 186 182 166 171 188 192 180 169 167 145 149 156 162 161 167 169 170 178 198 195 191 200 216 225 218 215 214 194 182 198 172 103 60 
0 0 0 0 0 0 0 0 0 0 0 0 0 0 1 35 133 151 164 156 149 183 220 226 205 168 176 169 160 172 172 183 176 167 175 186 185 178 174 163 144 141 158 163 162 162 168 168 167 176 190 200 213 217 216 218 221 205 175 166 161 112 79 106 
0 0 0 0 0 0 0 0 0 0 0 0 0 0 4 71 152 145 161 144 169 199 210 215 214 177 170 172 153 164 164 171 169 168 176 183 182 173 167 157 138 136 157 159 155 155 153 151 159 161 174 190 199 207 208 216 211 181 162 166 132 58 80 101 
0 0 0 0 0 0 0 0 0 0 0 0 0 0 10 104 163 141 163 150 185 201 200 201 202 175 159 170 157 156 155 157 160 161 156 162 165 164 160 157 143 127 149 146 143 140 136 133 135 150 157 162 181 188 183 188 186 177 177 150 64 46 80 97 
0 0 0 0 0 0 0 0 0 0 0 0 0 1 22 121 157 138 172 163 153 169 180 191 196 178 153 170 160 152 150 153 154 147 135 133 140 139 141 151 148 129 141 140 135 125 125 128 135 138 135 140 151 160 176 185 183 174 157 91 42 55 96 105 
0 0 0 0 0 0 0 0 0 0 3 16 12 5 45 143 148 138 165 169 119 141 149 174 182 176 147 157 157 149 148 148 151 150 149 135 128 131 130 140 143 134 138 139 127 132 137 141 155 159 156 152 144 151 164 168 166 166 141 69 73 56 109 63 
0 0 0 0 0 0 0 0 0 0 13 100 130 89 91 153 134 117 140 157 92 141 128 138 162 156 136 136 148 140 140 132 131 125 134 143 140 135 128 126 132 128 124 111 116 136 132 135 157 168 160 159 168 166 164 175 171 161 130 87 74 42 88 25 
0 0 0 0 0 0 0 0 0 0 8 91 165 181 158 134 113 60 89 117 64 110 139 124 132 140 131 111 122 120 113 103 93 77 68 71 82 88 94 114 119 107 88 91 116 128 131 131 152 160 155 148 163 167 160 162 162 152 130 89 49 46 93 22 
0 0 0 0 0 0 0 0 0 0 3 51 143 169 173 106 79 40 37 45 24 45 87 118 118 112 111 95 67 60 44 35 26 23 15 4 10 13 30 62 86 77 66 84 96 110 117 132 136 141 145 147 158 164 162 177 176 171 129 90 44 57 91 28 
0 0 0 0 0 0 0 0 0 0 0 17 113 162 173 119 60 60 57 47 33 27 37 70 103 108 88 69 35 15 9 8 5 3 5 5 5 5 8 13 32 37 27 56 92 109 108 128 126 129 141 149 154 157 169 182 180 162 120 104 53 74 102 45 
0 0 0 0 0 0 0 0 0 0 0 4 70 149 154 88 55 53 53 52 53 54 71 71 62 89 100 79 55 20 12 8 8 9 7 5 7 4 9 16 15 16 8 28 76 97 112 116 93 84 84 118 125 112 159 172 163 145 127 115 68 87 63 22 
0 0 0 0 0 0 0 0 0 0 0 1 32 117 137 74 52 48 42 40 41 45 64 94 83 53 75 85 76 55 36 15 12 11 11 16 17 15 18 23 22 18 14 17 47 77 85 97 84 61 50 77 74 73 134 151 150 141 125 115 80 88 51 20 
0 0 0 0 0 0 0 0 0 0 0 0 14 103 139 85 46 44 37 32 30 33 43 68 97 91 52 63 77 68 65 60 41 36 30 40 39 39 37 36 33 25 24 19 29 62 72 57 56 44 39 50 46 96 133 139 148 134 125 119 83 96 69 20 
0 0 0 0 0 0 0 0 0 0 0 0 19 126 155 116 71 50 38 29 24 24 24 35 72 98 93 58 79 82 79 86 97 101 69 63 59 66 70 64 52 43 49 39 37 50 65 77 72 52 37 22 16 57 110 141 138 124 132 128 90 112 68 8 
0 0 0 0 0 0 0 0 0 0 0 0 14 112 155 148 139 112 43 29 24 18 16 16 42 71 85 97 80 103 117 127 159 168 114 91 56 78 106 149 99 61 43 61 70 72 70 72 99 104 38 8 6 22 61 83 98 112 134 132 97 92 34 2 
0 0 0 0 0 0 0 0 0 0 0 0 13 116 159 159 158 146 51 26 19 14 12 12 20 41 62 101 152 156 187 185 164 161 138 158 85 151 176 167 124 69 19 71 98 102 91 78 81 107 52 7 4 3 8 22 43 73 127 133 118 66 20 0 
0 0 0 0 0 0 0 0 0 0 0 0 12 105 136 145 158 161 60 21 12 10 8 8 13 20 42 124 183 168 162 180 160 147 130 155 111 155 152 158 161 71 72 86 99 117 109 98 84 100 86 11 2 1 1 3 5 17 74 139 125 57 8 0 
1 0 0 0 0 0 0 0 0 0 0 1 24 97 122 140 161 133 34 15 9 5 6 9 20 35 109 192 208 162 145 139 144 149 134 137 89 151 149 168 175 110 114 80 68 127 132 114 97 105 138 70 7 1 1 1 1 2 36 119 116 47 3 0 
1 1 0 0 0 0 0 0 0 0 0 16 105 140 82 82 76 39 11 6 5 2 3 15 50 93 119 192 203 183 172 126 115 121 137 169 124 118 135 156 177 139 106 117 110 135 117 115 119 118 143 128 16 1 1 1 0 0 9 58 88 30 1 0 
0 0 0 0 0 0 0 0 0 0 7 79 144 85 58 49 43 29 18 6 2 2 18 77 94 164 158 154 158 153 153 139 132 121 123 155 163 125 111 123 151 158 127 136 102 86 88 133 141 134 136 112 8 1 1 1 1 1 1 8 17 4 0 0 
0 0 0 0 0 0 0 0 0 4 53 148 104 61 59 54 50 39 22 4 1 2 18 118 187 182 158 149 145 119 114 117 117 127 133 130 130 149 119 109 126 158 134 111 122 93 125 139 145 139 124 95 22 6 2 1 1 2 1 0 0 0 0 0 
0 0 0 0 0 0 0 0 1 26 125 153 75 57 53 46 40 26 6 1 1 1 25 88 163 161 143 153 128 114 117 120 107 114 117 106 118 126 128 126 116 129 161 136 140 105 135 107 102 136 122 107 94 77 65 34 20 6 2 1 2 1 0 0 
0 0 0 0 0 0 0 0 13 84 151 109 54 53 46 36 29 9 1 1 1 1 72 179 174 151 123 121 121 104 115 115 96 110 111 103 118 116 121 118 118 113 135 146 147 130 163 118 100 119 118 101 100 120 139 116 93 71 48 41 54 52 15 1 
1 0 0 0 0 0 0 3 58 137 156 77 48 45 33 20 7 1 1 1 2 10 60 174 165 142 142 129 130 102 100 103 98 115 99 109 112 104 103 114 126 120 100 122 156 193 194 140 64 63 100 87 66 69 82 96 101 112 124 125 131 139 98 28 
0 0 0 0 0 0 4 32 106 157 170 70 34 23 11 3 1 1 1 2 22 102 140 156 148 143 153 135 122 114 104 108 98 110 112 106 102 104 106 114 118 119 108 111 148 178 152 89 52 61 91 76 55 71 75 92 111 134 149 152 166 178 167 114 
0 0 0 0 1 13 62 114 145 166 108 40 22 11 3 1 1 1 1 3 45 83 164 179 169 170 158 129 114 103 108 99 80 77 94 106 109 106 105 101 111 116 120 120 154 169 138 96 67 38 75 78 59 76 102 119 138 147 152 152 167 169 180 166 
0 0 0 5 27 82 139 147 158 118 39 26 21 17 9 3 2 1 2 4 13 49 161 193 187 165 145 135 125 98 91 93 74 65 87 117 96 100 105 103 106 110 108 126 165 158 94 89 66 56 80 74 50 55 119 132 143 157 161 168 174 179 188 176 
0 1 12 65 111 141 153 155 139 55 28 29 28 24 16 7 6 7 11 20 45 84 167 172 174 154 154 143 128 109 90 88 85 93 104 118 98 95 103 107 108 111 117 139 150 140 125 120 119 63 60 69 50 36 105 137 139 146 150 155 169 178 179 179 
5 28 88 136 154 133 106 91 61 43 41 42 42 29 23 30 33 26 28 45 64 81 161 185 172 153 151 160 132 122 97 84 86 94 103 95 102 99 99 107 111 111 117 144 139 137 136 111 78 61 77 60 35 26 89 135 148 154 162 162 152 157 153 151 
70 129 160 115 94 78 68 57 50 52 55 64 59 52 52 54 53 46 45 56 58 72 119 148 163 156 166 163 148 133 102 109 99 87 109 99 88 100 110 114 115 107 125 177 162 132 142 84 66 105 105 77 49 55 95 128 154 164 175 186 186 182 171 174 
91 94 142 83 59 81 100 92 73 69 75 88 88 91 92 86 69 67 65 59 65 77 92 114 153 175 170 160 153 128 115 125 123 91 108 115 110 102 112 128 122 122 125 173 171 107 144 144 66 85 102 84 67 69 108 136 151 160 173 189 209 205 184 191 
64 61 63 63 94 128 136 122 104 97 103 106 111 113 106 88 62 60 62 66 74 79 90 105 135 167 157 158 157 143 147 155 136 109 105 129 131 122 99 137 140 145 114 158 152 66 67 99 107 105 88 77 68 82 116 149 162 157 176 190 201 199 185 180 
74 67 72 100 129 130 121 115 114 112 111 112 115 115 111 98 66 49 58 67 73 75 78 102 109 134 155 167 157 165 172 166 150 87 125 144 138 121 101 135 150 148 106 93 85 74 102 112 108 100 83 78 81 94 113 144 161 166 184 193 198 192 186 184 
125 123 124 125 121 119 122 123 122 122 124 126 124 119 113 113 86 50 57 61 72 63 82 92 100 102 107 142 172 171 158 177 150 139 147 145 146 123 126 151 138 159 75 32 75 102 109 112 102 89 78 85 94 104 111 126 150 163 175 176 185 188 193 199 
120 125 125 121 126 136 144 143 150 153 155 155 138 129 120 111 97 79 65 67 57 67 82 87 86 86 92 93 128 148 151 158 170 154 121 137 157 162 136 147 121 133 62 50 82 97 100 98 94 89 88 87 104 119 113 114 140 160 161 162 162 171 178 182 
115 136 155 158 151 153 151 142 154 173 165 158 149 136 125 113 106 85 68 69 64 67 79 73 81 89 85 78 79 71 80 85 110 112 173 135 164 114 59 65 42 48 58 74 75 81 87 86 90 94 94 93 113 119 123 115 129 147 159 155 155 157 163 159 
68 144 157 157 152 145 149 142 163 186 174 157 151 136 133 117 96 91 72 78 72 64 62 83 85 72 63 57 58 52 47 26 18 39 84 64 53 48 33 30 28 28 31 50 56 67 74 82 88 94 101 102 116 118 140 130 126 136 151 154 152 121 112 108 
94 176 148 151 138 150 160 157 175 183 173 160 158 151 139 110 100 93 76 73 63 60 80 81 76 72 68 65 52 29 12 4 4 8 14 19 16 21 14 12 7 5 10 34 48 64 77 87 95 99 111 113 127 120 151 154 142 138 142 137 98 61 55 56 
154 177 148 151 143 173 173 161 170 172 173 164 159 155 147 131 112 95 73 50 41 85 85 92 95 86 80 66 34 9 2 3 1 1 2 3 4 3 1 1 1 3 10 31 51 74 87 106 109 108 119 124 133 124 151 168 164 155 150 135 69 48 50 52 
176 172 170 151 142 162 179 169 171 181 184 166 155 155 156 154 129 93 62 23 44 92 110 106 92 93 85 67 38 7 2 1 1 1 1 3 4 2 3 6 15 28 26 37 63 85 109 115 110 114 129 132 136 136 159 183 171 175 164 157 132 70 52 48 
204 192 187 167 132 158 181 175 176 191 191 186 171 165 171 173 148 98 39 21 85 123 125 109 93 96 85 91 80 51 19 5 2 2 11 19 11 10 23 39 52 60 57 63 78 98 117 115 111 116 129 136 138 140 158 179 176 178 168 157 160 126 84 72 
199 203 195 185 152 180 191 178 174 191 197 193 178 167 187 187 168 96 31 55 134 139 128 123 108 97 98 109 109 98 80 47 28 24 57 59 38 44 62 76 87 67 68 85 108 123 120 112 110 122 128 131 126 128 140 157 167 161 157 165 166 146 127 150 
183 197 200 199 185 183 195 190 173 185 200 194 178 170 178 162 108 69 88 125 146 133 128 126 109 107 119 124 120 116 111 98 86 88 96 81 70 78 87 98 92 70 78 106 135 130 126 122 127 133 128 125 121 120 125 136 151 156 169 165 158 159 156 152 
192 197 193 193 197 194 189 189 181 183 200 197 176 140 112 97 112 140 151 142 135 128 124 119 115 120 127 125 123 118 113 103 100 98 97 86 89 98 107 110 90 73 88 108 125 132 128 127 129 128 129 131 126 118 113 119 137 154 157 161 170 180 179 152 
194 194 177 174 178 179 177 175 169 172 171 170 152 131 137 154 168 169 163 157 152 140 121 120 125 123 126 125 119 117 108 105 109 108 97 86 103 125 133 126 97 76 99 108 119 130 135 141 137 132 124 110 96 98 111 109 124 147 160 171 174 169 167 110 
140 148 153 154 152 158 173 181 175 170 178 168 152 160 169 168 168 174 179 178 176 143 128 136 139 139 136 130 126 121 113 111 104 116 105 104 111 126 135 131 104 80 108 126 128 139 148 142 118 108 97 115 124 140 164 164 147 142 164 180 175 146 126 46 
22 64 123 148 158 158 168 177 178 172 169 170 173 172 167 169 171 172 180 180 159 138 139 141 139 140 136 133 129 121 122 113 92 103 114 108 109 112 120 117 95 88 105 118 142 158 139 98 88 110 143 161 174 179 186 197 192 172 179 192 192 179 139 30 
0 4 27 103 163 175 185 185 176 171 163 166 164 157 161 173 170 163 166 158 139 150 158 151 144 137 134 134 128 125 123 108 85 90 110 111 114 113 113 107 89 97 115 117 138 147 141 132 149 175 171 180 187 194 191 190 179 183 201 211 202 161 63 6 
0 0 1 26 107 153 157 165 177 173 170 160 162 171 176 169 174 173 155 142 151 164 175 169 159 142 134 136 132 133 120 113 101 90 87 98 112 117 115 99 92 108 115 117 139 140 145 160 175 185 179 174 186 184 186 187 187 196 195 203 202 105 11 0 
0 0 0 1 24 95 163 186 180 176 165 165 176 183 183 179 171 153 138 145 170 173 177 179 176 160 147 141 123 99 76 83 94 107 97 107 117 132 115 90 91 123 121 117 139 153 147 155 174 177 184 171 175 180 178 190 193 193 178 158 111 33 1 0 
0 0 0 0 1 14 85 160 162 157 168 178 185 182 175 147 108 95 109 132 166 178 175 183 180 176 171 122 45 13 5 8 18 44 72 115 136 158 143 98 88 129 130 125 133 150 157 155 172 179 186 181 181 188 189 192 191 183 135 47 9 1 0 0 
0 0 0 0 0 0 9 42 51 90 167 179 182 182 148 134 93 34 17 70 126 161 172 167 169 166 157 90 9 0 0 0 0 2 17 66 112 143 137 101 83 128 128 123 142 153 162 156 168 174 182 187 193 198 193 194 176 100 31 3 1 0 0 0 
0 0 0 0 0 0 0 0 1 11 62 119 160 170 161 126 42 5 1 7 22 53 71 66 70 80 87 40 2 0 0 0 0 0 1 7 20 34 37 40 70 135 133 123 136 154 163 166 164 183 181 170 170 176 155 141 87 15 1 0 0 0 0 0 
0 0 0 0 0 0 0 0 0 0 3 20 54 89 88 44 5 1 0 0 0 1 2 2 2 3 5 2 0 0 0 0 0 0 1 1 1 2 1 4 49 125 131 131 153 169 164 168 165 176 173 139 109 100 62 25 7 0 0 0 0 0 0 0 