


255 255 254 254 255 255 255 255 255 255 255 255 255 255 253 244 236 224 221 208 193 192 191 208 197 121 48 28 25 26 23 22 46 107 165 205 227 233 232 228 224 213 171 105 72 58 54 76 115 172 192 175 155 140 127 121 113 107 99 105 105 158 187 193 
255 254 254 255 255 255 255 255 255 255 255 255 255 255 255 255 254 251 242 203 181 196 202 213 225 205 139 78 54 38 39 37 28 34 48 73 107 146 177 194 206 213 204 174 139 107 97 120 140 146 161 197 173 151 138 133 122 119 120 133 138 168 190 207 
254 254 255 255 255 255 255 255 255 255 255 255 255 255 255 255 255 255 245 207 200 209 224 238 245 248 243 222 189 132 127 148 110 70 65 69 64 58 73 102 132 148 150 134 117 105 94 107 111 77 136 212 185 163 145 138 130 141 153 160 159 160 171 183 
254 255 255 255 255 255 255 255 255 255 255 255 255 255 255 255 255 255 236 203 211 220 219 220 225 226 232 244 245 227 228 243 231 191 156 144 137 125 122 129 128 120 109 97 85 72 63 61 48 32 94 200 196 173 155 151 162 167 170 149 135 137 138 144 
255 255 255 255 255 255 255 255 255 255 255 255 255 255 255 255 255 255 250 241 239 243 241 229 219 208 198 201 209 216 220 214 195 173 154 141 128 119 114 112 110 106 102 96 86 74 62 45 28 27 72 177 203 182 174 175 179 176 157 113 110 108 113 115 
255 255 255 255 255 255 255 255 255 255 255 255 255 255 255 255 255 255 255 248 198 175 167 156 134 109 124 135 132 136 140 139 133 130 123 117 112 110 108 104 102 100 96 90 82 75 67 55 41 49 118 183 195 186 194 182 164 156 135 94 93 87 97 95 
255 254 254 255 255 255 255 255 255 255 255 255 255 255 255 255 255 255 255 252 216 153 108 85 75 89 112 122 131 124 119 122 122 121 119 116 112 109 108 106 104 102 102 98 88 79 72 61 48 80 166 185 205 196 174 154 140 122 81 68 67 56 69 76 
255 255 255 255 255 255 255 255 255 255 255 255 255 255 255 255 255 255 255 255 254 239 153 82 83 112 112 99 131 137 127 123 123 123 125 127 127 124 123 123 122 122 125 124 116 105 97 85 94 153 203 195 205 170 133 115 106 74 45 57 47 37 53 68 
255 255 255 255 255 255 255 255 255 255 255 255 255 255 255 255 255 255 255 255 255 254 192 99 114 151 152 137 141 134 111 114 124 132 134 139 143 140 138 138 137 136 141 149 152 144 152 146 169 193 221 199 187 126 78 83 72 47 46 57 33 32 48 61 
255 255 255 255 255 255 255 255 255 255 255 255 255 255 255 255 255 255 255 255 255 255 216 116 112 143 156 145 149 153 141 144 146 142 141 146 149 147 143 139 133 124 126 141 162 169 187 196 210 220 201 150 136 70 55 73 60 38 40 42 27 28 34 43 
255 255 255 255 255 255 255 255 255 255 255 255 255 255 255 255 255 255 255 255 255 255 233 139 106 105 106 91 121 163 173 170 163 154 155 157 157 154 148 138 125 114 116 139 167 183 188 211 218 205 149 107 100 50 41 54 45 35 29 31 26 24 27 29 
255 255 255 255 255 255 255 255 255 255 255 255 255 255 255 255 255 255 255 255 255 253 224 168 136 109 88 74 98 159 182 181 175 171 173 178 176 171 165 155 140 133 138 154 175 187 182 182 191 181 111 72 86 47 34 43 45 43 32 38 36 25 28 33 
254 254 254 255 255 255 255 255 255 255 255 255 255 255 255 255 255 255 255 255 255 249 232 220 199 175 145 130 157 198 204 198 193 192 192 195 196 193 192 188 181 179 180 188 185 179 173 171 190 168 108 73 77 60 35 44 50 45 37 40 39 30 30 31 
254 254 254 255 255 255 255 255 255 255 255 255 255 255 255 255 255 255 255 255 255 254 254 252 213 155 133 133 171 210 215 206 201 198 196 196 200 212 223 223 220 216 213 208 189 178 178 175 185 146 105 87 73 63 40 43 53 48 46 48 46 44 43 43 
255 255 255 255 255 255 255 255 255 255 255 255 255 255 255 255 255 255 255 255 255 255 255 252 202 121 83 68 72 106 121 106 96 87 81 78 92 120 169 194 219 235 235 216 189 189 188 195 171 124 88 82 82 63 55 45 50 55 56 63 60 59 61 62 
255 255 255 255 255 255 255 255 255 255 255 255 255 255 255 255 255 255 255 255 255 255 255 252 199 118 80 64 56 63 68 48 28 19 16 21 35 18 30 66 152 212 222 206 181 188 175 193 167 134 91 73 74 71 66 59 54 58 62 70 66 65 70 67 
254 255 255 255 255 255 255 255 255 255 255 255 255 255 255 255 255 255 255 255 255 255 255 252 199 117 76 61 54 57 58 38 21 14 13 19 30 13 16 66 137 195 208 179 159 178 172 176 174 148 120 96 85 77 78 75 75 81 78 88 79 71 69 63 
254 255 255 255 255 255 255 255 255 255 255 255 255 255 255 255 255 255 255 255 255 255 255 252 199 115 74 57 51 58 57 32 17 13 11 20 32 32 55 83 137 170 160 133 144 152 160 160 159 159 155 131 115 108 101 102 100 96 92 98 94 86 87 85 
254 254 254 255 255 255 255 255 255 255 255 255 255 255 255 255 255 255 255 255 255 255 255 253 197 110 70 54 48 57 71 44 16 12 11 23 39 69 94 112 154 152 116 64 65 105 117 125 130 138 130 128 121 119 113 108 107 90 81 92 94 93 104 114 
255 254 254 254 254 254 255 255 255 255 255 255 255 255 255 255 255 255 255 255 255 255 255 252 192 104 66 53 48 56 85 78 33 16 14 36 61 97 124 125 136 143 98 49 17 27 46 69 93 95 94 90 76 62 60 70 93 95 98 104 108 108 121 126 
255 255 255 254 254 254 255 255 255 255 255 255 255 255 255 255 255 255 255 255 255 255 255 253 192 100 64 53 48 50 71 87 65 34 34 59 107 145 132 111 113 103 77 55 30 16 16 33 47 48 50 61 45 42 45 68 108 115 114 116 115 118 137 141 
255 255 255 255 255 255 254 254 254 254 255 255 255 255 255 255 255 255 255 254 254 254 254 254 237 191 150 127 113 99 100 122 125 110 97 126 147 127 100 91 99 88 57 40 41 30 22 26 23 21 24 22 12 30 36 100 133 132 121 122 120 126 150 152 
254 255 254 255 255 255 255 254 254 254 254 254 254 254 254 254 253 254 254 254 253 254 254 255 255 254 252 248 243 237 225 215 197 180 164 144 127 98 84 92 97 86 56 29 31 47 69 39 30 22 9 6 6 15 38 108 143 141 130 123 126 148 169 168 
255 255 255 255 254 254 254 254 254 254 254 254 254 254 254 254 254 254 254 254 254 254 254 254 248 235 215 181 184 189 167 152 153 147 134 117 116 99 77 90 97 90 56 32 37 65 42 51 40 16 9 9 13 22 86 131 148 145 134 127 138 167 179 181 
253 244 232 223 221 220 212 209 211 216 224 239 246 250 247 243 240 244 253 254 253 236 198 178 151 117 95 79 83 85 87 99 115 111 99 89 105 107 74 93 104 89 50 32 64 39 40 33 23 25 23 24 21 31 112 148 153 147 139 132 141 174 185 186 
144 104 85 82 83 87 96 100 104 111 115 139 137 127 129 123 111 121 176 213 191 132 90 94 89 56 62 72 80 87 80 93 93 71 71 79 89 119 91 103 107 97 55 51 51 41 37 12 17 26 31 28 29 46 118 154 156 149 143 140 156 184 189 185 
49 55 70 79 85 93 99 98 96 96 94 94 98 85 76 61 50 52 70 102 110 94 89 86 73 45 72 78 69 55 51 55 68 55 57 70 69 100 88 107 108 102 79 67 48 54 23 27 31 28 37 38 45 61 122 156 157 151 145 145 167 185 188 182 
48 62 75 83 88 92 95 95 96 94 95 95 96 89 71 63 64 62 65 74 85 67 68 79 77 51 55 63 64 58 43 45 49 48 58 57 65 80 96 95 111 107 88 77 75 45 40 44 29 32 35 46 61 75 129 158 158 151 147 155 176 185 181 177 
58 58 67 74 82 87 87 89 89 84 91 102 92 76 73 71 56 53 53 59 64 58 63 73 50 36 41 32 34 40 53 43 40 47 50 50 71 85 105 110 117 113 95 95 98 75 74 72 58 37 40 60 70 79 127 157 156 149 152 171 181 180 174 169 
174 97 61 52 60 67 84 84 80 77 77 77 75 67 81 63 48 58 54 50 48 38 45 53 21 23 26 20 21 22 35 60 39 40 42 61 72 77 71 83 98 94 92 102 107 106 103 95 82 68 61 71 81 95 136 153 153 150 159 173 177 172 168 163 
233 217 163 93 52 51 59 66 64 61 62 63 58 62 72 56 58 59 51 48 65 67 62 57 22 16 22 22 19 15 28 62 58 39 50 72 79 86 81 80 90 86 90 92 100 106 104 98 98 95 87 85 92 98 122 150 152 151 162 170 172 168 163 158 
238 241 244 231 179 112 63 49 49 48 51 57 54 62 60 42 42 47 50 56 53 55 56 58 52 26 18 20 18 25 28 56 70 47 48 60 78 116 135 135 125 122 112 114 107 98 98 106 104 102 95 87 97 104 127 149 152 155 164 168 168 167 160 154 
232 236 240 244 247 241 210 151 86 44 31 31 40 51 44 43 46 45 42 36 29 38 49 54 77 88 65 49 46 46 37 34 29 28 44 53 62 88 101 101 121 140 141 137 122 103 68 103 113 109 103 96 102 110 117 142 151 158 165 168 167 165 158 153 
187 189 192 197 199 201 213 224 209 164 107 61 47 40 36 29 35 38 48 58 70 85 90 89 86 91 101 108 107 106 99 79 54 61 64 57 53 50 40 31 49 84 121 130 117 101 81 103 115 115 111 107 108 112 116 136 152 161 166 166 165 160 155 151 
168 165 162 158 155 173 223 244 248 249 243 213 132 37 27 15 23 21 36 63 68 67 68 76 70 64 67 75 76 79 77 74 72 77 69 58 49 43 34 25 37 41 47 70 86 82 89 104 116 117 115 114 115 119 126 136 150 159 165 162 158 154 151 146 
184 180 172 156 159 219 250 250 250 249 249 249 226 73 22 16 29 35 31 29 28 23 32 46 57 59 61 61 58 59 61 67 80 77 60 50 46 42 37 27 39 55 37 27 57 72 87 104 117 120 120 118 119 121 129 136 146 156 162 161 156 150 145 139 
199 195 187 172 192 213 191 177 169 136 127 132 135 79 32 23 29 33 35 33 31 30 31 41 42 48 49 52 54 53 53 62 71 69 63 55 50 48 39 29 35 47 50 88 106 101 93 101 120 125 123 121 122 125 135 140 147 156 160 155 150 145 140 135 
197 193 182 158 157 173 163 158 146 97 91 105 110 87 34 20 19 20 23 33 30 27 28 34 39 45 56 53 56 56 63 71 71 68 61 59 56 53 42 28 30 62 115 136 135 124 109 102 123 128 127 127 128 131 138 141 145 155 156 152 147 139 134 130 
212 207 191 151 127 149 152 146 145 128 163 203 211 147 42 22 20 28 39 44 39 32 31 39 52 50 55 57 63 73 82 88 74 55 51 60 57 54 61 72 79 115 144 142 145 134 126 122 129 129 130 132 135 141 145 145 144 152 153 148 143 136 130 129 
206 199 181 136 109 138 140 130 138 115 115 173 195 160 55 28 25 31 27 29 43 54 62 69 63 61 70 85 97 102 96 80 52 26 24 32 40 54 80 98 106 120 148 145 147 140 138 135 132 132 134 138 144 149 149 146 142 150 155 150 144 139 133 129 
180 172 159 132 113 124 122 122 140 128 93 111 122 109 46 24 16 29 30 47 56 66 80 83 78 81 87 76 48 37 34 25 23 60 68 57 51 54 69 82 78 107 147 151 151 146 141 138 137 138 144 148 151 153 152 150 145 142 154 154 149 143 139 136 
167 159 148 128 102 86 73 74 106 124 95 93 95 92 40 28 24 31 41 42 37 32 34 33 37 61 55 19 14 15 14 21 24 56 69 57 63 65 75 87 101 134 158 156 154 145 139 141 145 150 156 161 159 158 155 153 147 139 146 152 150 145 141 137 
184 186 176 148 116 97 87 79 94 125 110 122 119 69 46 41 38 39 41 41 39 39 48 50 61 68 21 11 16 16 14 11 21 45 55 51 68 78 88 112 132 141 142 140 139 145 142 151 159 162 164 165 164 162 159 156 147 135 135 147 148 147 146 142 
188 194 190 165 148 140 134 131 131 143 140 118 58 41 37 38 38 33 36 40 36 44 58 54 55 48 14 16 14 15 13 18 25 50 45 40 58 62 76 96 105 116 114 117 128 147 158 166 169 167 166 167 166 163 159 155 145 132 133 138 141 145 142 138 
189 192 201 214 209 167 136 137 156 150 95 53 42 42 43 45 48 42 35 39 44 46 36 31 36 50 27 23 27 25 27 31 38 60 36 38 47 61 64 74 86 103 100 103 134 162 170 172 171 169 166 165 164 162 156 146 129 133 136 130 134 141 146 146 
184 181 182 186 167 135 126 136 108 58 44 46 50 52 53 48 48 45 44 40 44 42 34 34 38 54 60 48 36 39 47 58 69 50 38 45 58 65 59 74 85 88 94 113 157 171 170 171 168 164 160 153 147 141 132 119 105 137 139 129 125 133 153 164 
187 175 164 151 113 88 105 79 44 43 50 53 54 54 58 51 46 45 52 46 46 36 37 39 37 43 48 55 48 47 69 68 57 49 58 66 79 70 70 77 70 71 111 161 178 144 156 179 177 144 129 125 118 102 93 84 109 146 139 132 132 147 156 166 
230 215 189 151 113 92 60 51 50 54 66 66 66 61 65 62 46 39 40 43 48 34 37 39 42 42 41 48 45 30 46 50 53 64 68 78 79 77 68 60 53 70 149 197 156 146 173 192 199 135 96 114 118 107 93 79 127 149 140 132 138 156 165 169 
250 240 216 179 107 54 51 59 61 63 69 66 65 51 56 64 56 45 39 34 31 26 31 51 67 69 64 72 76 63 60 56 63 66 72 85 88 95 99 99 98 115 171 187 145 170 186 189 210 168 92 69 64 70 97 113 146 150 143 139 148 158 165 169 
253 252 244 160 51 44 58 64 65 66 67 64 60 53 52 59 55 46 41 42 44 70 131 176 193 199 196 205 207 198 200 195 198 190 193 200 203 209 212 218 220 216 204 180 136 129 148 169 208 199 136 77 36 33 66 116 148 151 143 145 152 155 162 168 
254 253 202 70 36 43 52 61 58 55 54 52 50 52 54 59 80 116 131 142 173 218 247 251 252 253 253 254 254 254 254 252 250 247 245 244 244 244 243 242 240 230 207 195 162 135 136 152 199 196 184 185 120 72 68 95 147 148 141 143 148 150 156 166 
254 237 159 64 34 35 39 42 40 39 43 50 64 95 145 193 229 250 254 254 254 255 255 255 255 255 255 255 255 255 253 240 221 212 208 218 237 243 243 242 240 219 177 182 196 184 152 150 198 205 191 216 200 129 103 112 148 147 146 148 149 147 150 163 
252 232 191 175 131 97 87 91 110 139 171 199 221 242 253 255 255 255 254 254 254 255 255 255 255 255 255 255 255 255 252 228 186 176 175 189 227 243 245 244 242 212 166 185 201 189 158 152 194 207 184 206 201 115 93 120 150 150 149 149 148 146 150 161 
253 245 246 251 250 245 243 244 250 254 255 255 255 255 255 255 255 255 255 255 255 255 255 255 255 255 255 255 255 255 254 243 224 222 220 223 238 245 245 244 238 198 143 183 211 193 187 183 206 216 178 193 200 107 86 143 151 149 146 145 144 144 146 156 
254 255 255 255 255 255 255 255 254 254 255 255 255 255 255 255 255 255 255 255 255 255 255 255 255 255 255 255 255 255 254 254 252 252 251 251 250 248 248 248 241 191 127 172 212 202 211 201 206 219 179 178 195 136 141 164 148 144 143 143 142 140 142 152 
254 254 255 255 254 254 255 255 255 254 255 255 255 255 255 255 255 255 255 255 255 255 255 255 255 255 254 255 255 255 255 254 252 251 250 248 245 244 244 243 234 186 121 143 179 189 202 197 194 201 168 167 184 152 154 152 145 143 142 142 140 138 141 150 
253 254 255 255 255 255 255 255 254 254 254 254 255 255 255 255 255 255 255 255 255 255 255 255 255 255 255 255 255 255 255 255 255 253 242 211 183 170 164 158 171 190 144 117 139 162 170 169 156 145 137 143 165 157 133 138 143 144 144 140 138 135 137 147 
250 251 252 252 253 253 253 253 253 253 253 253 252 252 252 251 251 250 250 250 249 249 248 247 246 246 245 243 242 241 238 236 234 230 209 148 83 49 42 38 86 180 168 113 125 153 148 155 131 103 100 90 110 127 83 100 137 139 140 138 134 131 130 139 
222 224 226 227 227 226 224 220 219 217 216 213 212 211 209 207 206 207 212 215 214 213 212 211 210 210 209 209 208 208 205 203 201 196 170 107 56 27 17 18 76 166 154 126 192 198 138 140 108 82 74 56 59 67 46 35 73 105 137 136 132 128 126 134 
194 197 200 201 203 202 172 118 103 101 99 97 95 93 92 91 90 103 162 199 202 202 202 202 202 202 202 202 200 199 198 194 192 187 152 85 46 24 15 23 112 178 142 116 194 192 91 79 81 105 142 96 57 63 49 24 33 87 121 135 133 131 128 130 
187 188 192 198 193 181 129 46 31 32 32 33 34 34 35 36 36 50 119 169 174 172 169 167 164 160 157 153 148 144 138 131 127 121 97 58 33 22 15 28 130 189 147 109 174 185 70 40 50 110 188 164 123 100 84 56 33 51 78 117 132 130 126 126 
180 181 186 196 170 114 71 33 26 28 28 30 31 32 32 32 32 36 52 65 65 63 60 56 53 49 45 42 39 36 33 31 29 27 30 31 24 20 15 21 108 185 185 169 128 148 84 38 63 135 199 189 157 128 101 56 36 47 63 79 115 125 122 122 
168 161 141 143 143 91 32 19 19 20 21 22 23 24 24 24 24 25 30 45 55 59 61 62 64 65 66 66 68 71 74 80 83 84 72 43 26 21 15 22 102 183 209 224 163 150 127 52 67 125 193 201 171 135 100 60 37 46 57 48 64 113 118 118 
110 103 76 68 66 46 19 13 13 14 14 15 15 15 16 16 17 26 66 124 151 156 157 156 155 152 149 148 148 148 152 156 155 150 122 60 30 22 16 48 124 180 210 228 195 132 105 53 66 88 154 195 177 136 97 64 38 43 50 43 44 84 107 110 


248 251 254 255 255 255 255 255 255 255 255 255 255 255 245 228 215 193 183 166 149 147 148 165 153 87 34 21 19 18 17 18 34 81 130 165 185 191 190 186 182 168 122 59 31 21 20 45 79 123 129 104 82 67 58 52 44 43 41 49 51 106 137 144 
252 254 255 255 255 255 255 255 255 255 255 255 255 255 255 255 253 244 211 161 137 150 158 169 180 162 105 58 37 26 26 26 21 23 33 53 83 114 140 155 164 168 158 128 93 63 55 78 99 104 109 132 102 76 62 60 52 55 59 76 85 119 143 161 
254 255 255 255 255 255 255 255 255 255 255 255 255 255 255 255 255 255 231 163 154 164 179 193 199 202 200 182 150 100 94 111 84 50 43 45 42 39 49 70 92 105 106 92 79 70 62 73 76 51 96 152 115 88 72 68 59 77 95 108 111 113 125 137 
255 255 255 255 255 255 255 255 255 255 255 255 255 255 255 255 255 254 214 159 164 174 173 175 181 182 189 202 201 183 183 197 186 146 113 100 92 81 78 83 81 72 63 54 47 40 36 38 31 21 63 143 130 104 84 83 104 114 119 102 89 91 94 100 
255 255 255 255 255 255 255 255 255 255 255 255 255 255 255 255 255 254 240 219 201 197 196 185 174 164 153 155 163 171 174 168 148 124 106 93 81 72 67 65 63 60 56 50 45 38 32 25 17 17 47 126 142 120 113 118 127 127 111 73 71 70 76 78 
255 255 255 255 255 255 255 255 255 255 255 255 255 255 255 255 255 255 255 239 161 131 124 114 97 76 81 86 83 87 91 88 83 79 74 69 65 64 61 57 55 54 51 46 41 37 34 28 22 29 77 130 139 131 141 131 115 109 91 59 59 54 63 61 
254 255 255 255 255 255 255 255 255 255 255 255 255 255 255 255 255 255 255 249 192 118 73 53 47 55 69 75 79 71 67 68 67 67 66 63 60 58 57 57 55 54 55 53 45 40 36 31 25 47 113 133 151 143 123 105 94 80 50 41 41 34 42 45 
254 255 255 255 255 255 255 255 255 255 255 255 255 255 255 255 255 255 255 255 252 232 131 57 55 73 69 59 81 85 74 67 64 65 67 68 68 66 65 65 65 65 69 71 65 57 52 45 55 102 149 144 152 121 88 74 68 45 27 35 30 23 31 39 
255 255 255 255 255 255 255 255 255 255 255 255 255 255 255 255 255 255 255 255 255 254 174 72 79 103 99 84 87 81 59 56 62 68 71 77 80 77 74 74 74 73 81 89 95 89 98 93 114 137 168 146 136 83 45 50 44 28 28 35 21 19 27 34 
255 255 255 255 255 255 255 255 255 255 255 255 255 255 255 255 255 255 255 255 255 255 202 87 78 99 102 91 94 96 83 80 79 76 77 82 84 81 76 73 70 63 66 80 103 110 130 138 155 168 150 101 90 41 32 44 37 23 24 25 17 17 19 24 
255 255 255 255 255 255 255 255 255 255 255 255 255 255 255 255 255 255 255 255 255 255 221 103 71 69 66 56 75 104 110 104 94 88 88 91 90 86 79 72 63 55 57 76 108 126 131 157 167 153 101 68 61 29 24 31 26 21 18 19 17 15 16 17 
255 255 255 255 255 255 255 255 255 255 255 255 255 255 255 255 255 255 255 255 255 251 193 111 82 67 54 45 58 97 114 112 109 105 106 111 108 101 95 86 74 71 78 95 117 132 129 132 141 129 69 42 51 27 21 25 26 25 20 23 22 16 17 19 
255 252 252 255 255 255 255 255 255 255 255 255 255 255 255 255 255 255 255 255 255 234 193 169 140 124 102 89 109 139 142 135 131 128 126 128 128 123 121 118 113 115 118 130 128 124 121 119 137 116 66 42 45 35 21 26 29 26 22 23 22 18 18 18 
254 254 254 255 255 255 255 255 255 255 255 255 255 255 255 255 255 255 255 255 255 253 253 242 172 114 96 97 130 163 164 152 144 139 136 135 140 151 160 158 156 153 151 146 132 124 125 122 130 95 63 50 42 35 22 26 29 27 27 27 25 23 23 23 
255 255 255 255 255 255 255 255 255 255 255 255 255 255 255 255 255 255 255 255 255 255 255 244 161 84 55 46 49 75 85 72 65 60 56 54 64 90 127 144 163 177 176 156 133 136 135 140 115 75 49 46 46 34 30 25 28 30 30 35 32 31 32 33 
255 255 255 255 255 255 255 255 255 255 255 255 255 255 255 255 255 255 255 255 255 255 255 244 159 82 53 43 38 42 42 29 19 15 14 17 24 15 23 46 110 163 170 150 127 134 121 138 110 82 48 37 39 38 35 32 28 31 33 38 35 34 36 35 
255 255 255 255 255 255 255 255 255 255 255 255 255 255 255 255 255 255 255 255 255 255 255 243 158 80 49 41 36 37 37 25 16 13 12 15 21 11 14 44 94 145 156 125 106 125 118 122 117 93 69 50 42 39 40 38 39 42 40 48 42 36 36 33 
254 255 255 255 255 255 255 255 255 255 255 255 255 255 255 255 255 255 255 255 255 255 255 243 157 78 48 38 34 37 36 22 14 12 11 16 22 21 36 53 93 119 110 87 96 102 109 105 104 102 98 76 63 57 52 53 53 49 47 53 50 43 45 44 
253 254 255 255 255 255 255 255 255 255 255 255 255 255 255 255 255 255 255 255 255 255 255 242 154 74 45 36 32 36 46 31 14 11 10 17 25 43 57 70 102 100 75 41 42 67 73 79 82 86 77 73 67 67 62 58 58 46 40 47 46 45 54 60 
249 251 254 255 255 255 255 255 255 255 255 255 255 255 255 255 255 255 255 255 255 255 255 240 150 69 42 34 31 36 56 52 24 14 12 25 38 60 76 76 88 93 60 30 12 18 28 40 57 57 56 52 41 34 33 37 51 49 48 52 52 53 65 67 
246 248 251 253 254 254 255 255 255 255 255 255 255 255 255 255 255 255 255 255 255 255 255 240 152 66 40 34 31 32 46 57 43 24 24 37 67 94 83 68 72 64 44 30 17 12 13 21 27 26 27 36 26 24 26 38 57 57 53 55 55 60 76 77 
243 245 246 249 251 253 254 255 254 255 255 255 255 255 255 255 255 255 255 255 255 254 254 248 213 156 117 97 84 71 70 83 85 75 62 81 96 82 59 54 61 52 33 22 22 17 15 19 16 15 17 16 10 19 23 56 72 67 56 57 57 65 87 85 
241 243 244 246 247 249 251 253 254 254 254 255 254 254 254 254 254 254 255 255 255 254 253 252 247 241 232 223 214 203 182 167 147 127 110 93 79 60 48 54 58 52 31 17 18 27 43 24 20 16 8 7 7 11 22 60 78 70 59 56 61 85 103 98 
237 239 241 243 245 246 248 249 251 252 252 253 253 253 253 253 253 253 253 253 252 251 249 247 235 215 186 147 151 155 128 109 102 94 84 69 69 58 43 52 57 54 31 17 21 39 25 29 23 10 8 8 9 14 47 71 79 71 61 56 71 104 114 112 
230 223 210 201 201 201 193 188 188 193 202 222 235 243 241 236 231 236 247 248 244 217 171 146 112 78 58 44 45 47 47 54 63 59 50 44 58 61 39 53 60 51 28 18 38 23 25 20 13 14 12 13 11 17 63 79 79 71 64 59 73 112 119 115 
115 77 55 47 45 46 45 44 44 46 50 74 83 93 87 78 71 87 146 184 151 92 52 53 49 32 33 37 40 44 41 48 47 34 32 35 43 66 45 57 60 53 29 29 28 24 22 9 12 15 15 14 14 20 65 84 82 73 68 66 89 120 122 114 
25 27 31 33 34 36 39 38 34 32 31 34 39 30 27 24 23 27 39 60 65 53 48 45 37 24 35 38 33 26 25 26 33 26 27 31 30 53 43 56 58 55 38 34 25 30 13 17 19 15 18 17 18 25 64 84 82 74 68 71 100 120 119 110 
24 28 32 35 37 39 39 40 38 34 32 31 36 33 24 25 29 30 33 40 47 37 35 41 39 24 26 30 31 29 21 22 23 23 27 26 30 39 48 46 59 55 42 36 38 23 20 24 16 18 17 19 24 30 68 86 82 74 71 84 108 117 107 101 
32 27 29 31 35 39 37 38 38 33 32 36 35 31 31 32 27 26 27 31 35 31 32 38 26 20 25 19 19 21 26 21 19 22 24 24 34 42 55 54 58 55 45 45 48 36 36 35 28 18 17 23 26 31 67 85 80 74 79 103 113 107 97 89 
134 62 30 23 26 30 38 37 35 33 29 29 30 26 37 31 24 29 27 26 27 22 24 27 15 20 23 19 18 16 19 28 19 19 20 29 35 37 34 38 42 40 39 47 52 52 51 45 37 30 26 27 30 40 73 82 77 75 87 104 104 95 89 80 
189 174 122 62 28 25 28 31 29 27 26 26 25 28 33 28 30 31 27 25 35 35 32 28 14 17 20 20 18 16 17 29 26 18 23 35 37 41 38 38 39 36 36 37 43 48 49 44 44 42 37 33 35 39 60 80 76 76 90 97 97 88 82 75 
194 196 198 184 137 77 38 25 24 23 24 26 26 30 29 22 22 26 27 30 28 29 28 27 25 17 18 19 17 17 16 25 29 21 22 28 36 60 76 76 68 61 53 52 45 40 46 49 47 46 41 36 38 42 65 80 80 82 91 94 91 89 79 73 
188 191 194 197 198 190 163 110 54 24 16 16 20 25 23 23 25 24 23 20 17 19 23 25 33 39 33 26 25 24 19 17 15 16 22 24 27 38 46 52 66 76 76 71 58 46 31 48 53 50 45 42 42 48 53 76 82 89 93 93 90 85 74 70 
143 144 146 149 150 149 152 158 143 106 65 35 24 21 19 17 19 21 25 30 36 43 43 41 38 40 46 51 52 52 47 35 25 29 29 25 23 22 20 18 23 43 61 65 55 44 31 44 52 53 51 49 48 47 50 71 84 94 96 92 87 78 70 67 
124 120 116 112 107 113 153 180 188 193 192 166 92 21 16 11 15 14 21 33 35 34 33 35 32 29 31 34 35 37 35 34 34 36 31 26 22 21 18 15 14 15 22 34 38 31 28 40 49 52 55 54 55 55 57 70 84 92 94 85 79 74 68 64 
141 136 128 110 99 139 183 196 198 201 205 204 169 46 15 12 18 21 19 18 16 14 17 23 28 28 29 30 28 28 28 31 37 35 27 23 22 21 19 15 14 15 13 14 26 27 28 39 50 55 57 57 59 59 60 67 81 90 91 85 78 70 64 58 
154 151 143 117 90 100 104 100 93 77 77 80 82 49 21 16 18 19 20 19 18 18 18 22 22 24 25 27 27 25 25 28 33 32 28 24 23 24 21 16 14 16 24 42 49 44 36 40 54 60 61 60 61 64 68 71 82 90 88 79 72 65 60 55 
153 149 137 112 92 95 93 88 72 44 50 63 68 55 23 15 14 14 15 19 18 17 17 18 21 23 28 27 27 27 29 32 33 32 28 26 26 25 22 18 16 28 60 69 67 58 48 44 60 64 64 64 67 71 76 76 80 88 83 75 69 61 57 54 
168 163 148 110 85 98 100 91 77 68 114 154 162 110 28 16 15 18 22 24 22 19 18 20 25 24 26 26 29 34 38 41 33 25 24 27 26 24 28 32 36 58 80 77 76 65 59 60 66 67 68 69 74 81 86 84 79 87 81 73 64 58 54 54 
160 154 137 96 71 90 93 83 75 60 81 128 146 117 36 18 17 18 17 17 24 28 32 33 29 27 31 37 45 50 48 38 24 14 14 17 20 25 36 43 47 61 86 81 82 73 71 71 69 69 73 77 84 89 91 89 82 87 86 77 67 60 55 53 
133 125 113 89 70 74 73 71 75 67 62 76 82 71 28 16 13 17 17 25 29 33 40 40 36 35 37 33 23 19 18 15 14 29 31 26 25 25 32 39 36 56 88 88 88 81 77 76 76 77 83 89 91 95 94 93 89 85 88 82 74 67 61 60 
115 108 98 82 63 51 44 43 54 60 50 52 55 55 22 17 15 18 23 23 20 18 18 17 19 27 24 13 14 14 12 14 14 27 31 27 31 32 38 45 53 80 98 94 91 82 77 80 85 91 98 103 102 101 100 97 92 84 84 84 77 70 64 60 
135 137 127 98 73 61 53 48 50 61 58 75 76 39 25 22 21 22 23 23 22 22 26 26 31 32 13 12 16 15 14 12 15 23 25 25 34 38 44 61 75 82 82 80 78 83 83 93 101 105 108 111 109 107 105 102 94 82 78 81 80 75 72 69 
142 148 141 112 93 86 76 68 64 70 82 79 34 22 21 20 20 18 20 22 21 25 32 28 28 25 11 16 16 14 13 15 17 26 22 21 29 30 36 46 50 59 58 61 69 88 101 112 115 114 113 114 113 110 106 103 94 82 75 73 76 78 71 66 
140 145 146 155 154 108 70 63 83 91 58 30 23 22 22 22 24 21 18 21 24 25 20 18 20 27 16 16 19 19 17 19 22 31 19 20 23 29 30 32 37 50 51 53 79 107 117 121 119 117 114 112 112 110 105 95 81 78 71 64 70 76 78 77 
135 131 128 132 115 78 62 71 62 32 22 22 24 25 25 22 21 21 22 21 23 22 19 19 21 28 32 25 19 21 24 30 34 25 19 22 29 31 27 34 39 42 50 66 107 121 119 120 116 112 108 102 96 90 84 73 61 79 73 63 61 70 88 98 
141 128 116 103 71 54 62 44 21 20 23 24 25 24 26 22 20 20 24 23 25 19 20 20 20 24 26 29 24 23 34 34 28 25 29 33 40 34 33 37 34 38 68 118 135 104 114 132 128 95 82 78 72 61 54 47 65 83 73 66 68 84 91 102 
187 171 142 101 66 53 31 24 22 23 29 29 30 27 29 28 19 17 18 20 25 18 20 21 22 22 23 25 24 18 25 26 27 33 35 40 40 39 35 32 29 44 112 155 117 112 135 149 153 93 59 69 70 62 55 47 78 86 74 67 75 93 100 104 
205 196 171 132 63 26 23 26 25 26 30 29 30 23 25 29 24 18 17 17 17 15 19 30 40 42 39 45 47 39 39 36 40 40 44 53 56 62 65 67 69 84 133 145 107 132 144 146 166 124 58 37 32 37 56 68 89 86 79 75 85 93 102 106 
210 209 201 120 26 20 25 27 27 27 28 27 26 23 21 24 23 18 17 20 25 47 97 132 149 154 152 160 164 156 158 153 155 146 149 155 157 163 167 172 174 172 162 140 98 91 105 125 164 153 98 55 23 20 40 71 90 88 80 82 87 88 99 105 
211 210 160 44 18 19 22 26 25 22 22 21 20 21 22 28 50 88 105 117 144 184 208 210 211 211 210 210 210 210 208 205 202 199 197 196 197 197 196 195 193 182 162 154 125 99 96 111 156 152 143 144 89 47 42 59 90 84 77 80 83 83 92 104 
211 194 118 38 18 17 18 19 18 18 21 27 39 67 113 159 194 214 218 219 218 220 219 219 218 217 216 215 215 213 208 192 172 162 157 167 188 196 196 195 193 169 130 141 157 147 115 112 156 160 149 171 153 89 66 71 92 83 83 83 83 82 86 101 
209 189 148 136 99 70 63 67 84 111 140 165 186 207 217 219 219 220 221 220 219 219 219 219 219 218 218 216 216 215 208 179 138 129 127 141 178 196 198 198 194 161 113 137 159 149 120 115 153 164 142 161 153 80 60 76 92 87 84 82 80 78 84 98 
210 202 203 210 210 205 203 207 213 217 218 218 218 219 219 219 219 220 220 220 219 220 219 219 219 218 218 218 216 215 211 195 177 176 174 176 190 198 199 197 192 147 90 137 169 151 145 141 163 172 135 148 152 77 57 93 91 85 81 78 76 74 80 93 
211 211 213 214 215 215 216 216 217 217 218 218 218 219 219 219 219 220 220 219 219 219 219 219 219 218 218 217 216 215 213 207 204 204 204 203 202 201 202 202 194 142 76 125 168 157 166 157 162 174 136 128 140 94 95 107 87 80 76 75 74 69 74 89 
210 211 212 213 214 214 216 216 216 217 218 218 218 218 219 219 219 219 219 219 218 219 219 218 218 218 217 216 216 215 212 209 206 205 203 201 199 198 198 196 187 137 70 94 133 145 162 157 152 157 125 121 133 102 99 96 85 80 77 75 72 70 77 89 
209 210 212 212 213 214 215 216 217 217 217 217 217 218 218 218 218 218 218 218 218 218 217 217 217 216 216 215 214 214 212 210 209 207 196 166 140 129 124 118 130 143 94 66 92 121 138 137 118 105 96 103 123 111 84 85 86 81 78 73 70 67 73 84 
207 208 209 210 210 211 212 212 213 213 212 212 212 212 212 211 211 211 210 209 208 207 206 204 203 202 201 199 197 195 193 191 189 185 165 110 57 35 30 28 60 132 117 64 71 94 105 118 93 67 65 61 78 89 53 62 85 81 76 71 67 63 63 76 
181 182 183 184 184 184 181 177 176 175 173 170 168 167 165 164 163 164 168 171 170 169 168 167 167 166 166 164 163 163 162 159 157 153 128 75 38 21 16 16 51 116 106 70 93 94 78 93 71 54 49 39 40 44 29 23 39 55 76 71 66 62 60 70 
154 155 156 158 160 159 132 88 77 75 73 71 71 69 67 66 65 75 122 156 158 158 158 159 159 158 158 157 156 155 154 151 148 145 113 60 32 19 15 19 77 132 98 63 92 83 44 48 52 77 107 69 40 42 31 17 18 45 67 74 71 68 64 67 
147 148 151 156 151 140 95 33 24 24 25 25 25 26 26 26 26 36 85 128 133 131 129 127 124 121 118 115 112 108 102 97 94 88 69 40 25 18 14 21 90 143 105 66 89 86 32 25 31 82 147 125 87 65 51 31 18 23 39 65 71 68 64 66 
140 141 145 154 132 84 51 25 21 21 22 22 23 24 24 24 24 26 38 47 48 46 43 41 38 35 33 32 29 27 25 23 22 21 23 23 20 18 15 18 77 142 143 128 77 64 36 24 42 102 157 147 115 84 60 30 18 20 27 44 63 65 61 64 
127 121 105 105 106 66 25 17 17 18 18 18 18 19 19 19 19 20 24 33 41 44 45 46 47 48 48 48 49 51 53 57 60 59 50 30 20 18 15 19 76 142 167 182 122 75 54 31 47 94 153 160 130 91 56 29 18 20 25 26 36 60 62 63 
77 71 52 44 43 33 17 13 14 14 14 14 15 15 15 14 14 20 45 88 112 117 117 115 113 110 107 105 105 106 110 114 113 107 84 42 23 18 15 37 93 141 168 186 155 83 55 34 47 63 116 154 137 91 51 31 18 19 21 20 25 46 58 60 


226 235 241 248 252 254 255 255 255 255 255 255 255 253 232 217 200 167 144 117 95 91 90 106 97 52 18 11 9 9 8 7 13 41 76 104 122 128 126 124 119 107 72 31 15 9 8 21 41 81 85 65 48 36 30 29 23 23 22 28 27 65 92 102 
237 243 249 254 255 255 255 255 255 255 255 255 255 255 255 255 253 235 174 110 88 97 103 113 122 108 68 37 21 14 14 13 10 10 13 24 44 67 85 94 103 105 97 73 50 32 27 39 52 58 67 90 64 45 34 33 28 32 35 46 53 76 96 115 
245 250 254 255 255 255 255 255 255 255 255 255 255 255 255 255 255 254 207 111 103 110 122 134 139 142 142 128 102 63 58 70 51 28 22 21 20 19 23 34 49 57 57 47 38 31 26 33 37 22 59 108 76 53 41 39 32 45 59 67 68 70 79 90 
251 254 255 255 255 255 255 255 255 255 255 255 255 255 255 255 255 252 180 111 114 120 117 117 122 122 129 141 141 124 124 140 130 98 69 58 52 44 42 44 42 36 29 24 20 16 13 15 12 7 35 98 90 66 49 49 65 71 75 60 52 53 55 61 
255 255 255 255 255 255 255 255 255 255 255 255 255 255 255 255 255 253 222 185 149 142 139 130 120 111 103 104 110 118 122 116 98 77 62 52 42 36 32 30 29 27 25 23 20 16 12 10 6 6 23 83 98 78 71 74 78 79 69 40 38 38 42 44 
254 255 255 255 255 255 255 255 255 255 255 255 255 255 255 255 255 255 255 221 125 99 91 81 67 49 51 53 48 52 54 50 46 42 39 35 33 31 30 27 25 24 22 20 17 15 13 11 8 13 44 83 91 83 90 81 69 66 53 29 29 26 34 32 
244 248 252 253 255 255 255 255 255 255 255 255 255 255 255 255 255 255 255 243 172 106 66 46 37 39 46 48 49 42 37 37 35 35 34 31 29 27 28 27 26 25 26 25 21 18 14 12 10 24 72 86 100 91 75 61 54 44 25 18 18 16 20 20 
247 250 253 254 255 255 255 255 255 255 255 255 255 255 255 255 255 255 255 255 249 226 118 54 47 53 47 39 51 52 43 37 34 33 35 36 35 33 32 32 32 33 36 38 35 29 25 21 29 62 101 95 101 74 49 38 35 22 11 15 12 10 13 17 
253 254 255 255 255 255 255 255 255 255 255 255 255 255 255 255 255 255 255 255 255 251 153 67 64 74 68 56 57 51 35 32 33 36 37 42 44 42 39 39 38 37 44 52 55 50 58 55 70 89 116 95 86 47 20 22 20 13 12 15 9 6 11 14 
253 255 255 255 255 255 255 255 255 255 255 255 255 255 255 255 255 255 255 255 255 253 182 76 64 72 70 63 64 65 54 49 46 42 41 45 47 45 41 38 35 30 32 43 63 69 83 90 104 116 100 59 50 19 12 18 16 10 10 10 6 5 6 9 
255 255 255 255 255 255 255 255 255 255 255 255 255 255 255 255 255 255 255 255 255 254 204 83 58 51 47 39 49 68 71 65 56 50 50 52 50 47 43 37 30 25 26 39 66 82 82 105 114 101 58 34 30 12 9 12 10 7 6 7 5 5 6 5 
255 255 255 255 255 255 255 255 255 255 255 255 255 255 255 255 255 255 255 255 255 246 163 85 64 50 39 32 37 62 73 71 66 64 64 69 65 58 54 46 37 36 41 54 71 84 81 83 91 79 36 18 23 12 7 10 10 10 7 9 9 6 6 6 
250 240 242 254 255 255 255 255 255 255 255 255 255 255 255 255 255 255 255 255 254 214 161 133 102 91 71 61 76 97 96 88 84 82 80 81 80 76 75 72 67 68 71 81 79 75 71 69 84 67 34 19 19 15 7 11 12 10 8 9 8 6 7 5 
252 248 249 255 255 255 255 255 255 255 255 255 255 255 255 255 255 255 255 255 255 250 248 217 121 78 66 65 90 118 118 106 97 92 89 88 91 102 110 108 105 100 98 94 81 73 73 68 75 49 31 23 18 13 8 11 13 11 11 11 10 9 10 9 
255 255 255 255 255 255 255 255 255 255 255 255 255 255 255 255 255 255 255 255 255 255 254 223 108 53 36 30 30 46 54 45 41 37 35 33 38 58 87 99 112 123 121 102 79 80 79 81 62 35 20 20 21 12 11 9 10 11 12 14 13 11 12 13 
254 255 255 255 255 255 255 255 255 255 255 255 255 255 255 255 255 255 255 255 255 255 254 221 104 50 32 27 23 25 24 17 11 10 9 10 13 8 12 23 62 102 110 95 74 78 68 80 59 40 21 14 15 14 13 11 10 12 12 14 13 13 14 13 
251 254 255 255 255 255 255 255 255 255 255 255 255 255 255 255 255 255 255 255 255 255 254 218 101 45 29 25 21 22 22 16 10 9 8 9 11 6 7 22 46 84 99 76 60 72 66 69 66 48 32 21 16 15 15 15 16 19 17 21 18 14 14 12 
247 252 254 255 255 255 255 255 255 255 255 255 255 255 255 255 255 255 255 255 255 255 255 217 99 41 26 22 19 22 23 14 9 7 6 8 11 10 19 28 48 67 65 49 54 57 61 58 55 54 52 37 28 26 22 23 24 22 22 25 24 20 22 21 
240 245 251 255 255 255 255 255 255 255 255 255 255 255 255 255 255 255 255 255 255 255 254 215 97 38 23 19 16 20 28 19 9 6 6 9 13 22 29 37 57 55 42 21 20 33 35 40 42 44 36 33 30 31 29 26 27 21 19 24 24 24 29 33 
232 238 243 248 251 254 255 255 255 255 255 255 255 255 255 255 255 255 255 255 255 255 253 210 94 34 20 17 15 18 33 31 14 7 6 13 19 32 40 39 48 52 31 14 4 6 11 16 28 28 27 25 18 14 14 15 26 26 25 27 28 28 36 38 
221 229 235 240 245 249 252 253 255 255 255 255 255 255 255 255 255 255 255 255 255 254 250 208 97 32 19 16 14 15 23 32 24 12 11 18 36 53 44 33 37 32 19 12 6 3 4 9 11 10 10 17 11 10 12 19 30 30 28 29 29 33 45 46 
207 215 223 230 235 240 244 249 251 253 254 255 255 255 255 255 255 255 255 255 254 252 247 225 168 113 80 63 52 43 39 47 49 43 33 43 53 43 28 25 30 25 15 7 7 6 6 10 7 6 7 7 4 9 11 31 40 35 28 29 30 36 53 51 
198 204 211 218 225 231 236 240 243 245 247 249 251 251 251 251 251 251 250 249 246 244 241 237 226 210 192 177 166 154 133 117 95 76 63 49 41 30 21 26 28 24 14 5 5 11 23 9 8 8 3 2 2 3 9 32 44 38 30 27 32 52 66 62 
190 194 199 205 212 219 224 229 233 237 238 240 242 243 243 243 243 243 242 240 237 235 231 224 205 179 145 106 109 112 88 69 56 50 43 33 34 28 18 24 28 26 12 5 9 20 10 11 8 3 2 2 3 5 24 38 44 38 31 28 40 66 73 73 
179 173 163 156 159 162 157 154 157 163 175 196 212 223 220 215 210 215 227 228 220 183 134 107 75 45 30 19 19 21 20 22 26 25 20 17 25 29 15 24 29 24 10 7 18 9 12 8 2 4 2 3 3 6 33 44 44 39 33 30 42 72 78 74 
80 51 33 26 24 25 22 20 19 20 24 41 52 68 62 52 46 59 112 143 108 55 25 25 22 14 14 14 16 18 16 19 18 12 10 11 15 32 18 26 28 23 11 13 11 11 10 2 4 4 3 3 4 8 35 47 45 38 36 35 53 78 80 73 
12 12 14 14 14 14 15 14 13 11 11 14 18 13 12 10 10 12 19 30 32 24 20 19 15 10 14 15 12 10 8 10 12 9 8 11 9 23 17 25 27 24 15 13 10 14 4 8 8 4 5 6 6 9 34 48 45 39 37 39 61 78 77 70 
10 11 13 14 15 15 16 15 15 12 11 11 15 14 10 10 11 12 14 17 21 15 14 17 15 10 10 11 12 10 7 7 8 8 9 9 9 15 21 19 26 24 16 13 15 7 7 10 5 6 5 6 9 13 37 49 46 41 39 48 68 75 67 62 
15 11 11 12 13 15 15 15 15 13 11 13 13 14 13 12 11 11 11 12 15 13 13 16 9 9 11 8 7 8 10 7 6 7 8 7 12 16 23 20 24 21 17 18 20 15 16 15 11 5 5 8 11 14 37 50 45 40 45 64 72 67 59 53 
93 36 13 9 9 12 15 14 13 12 12 12 12 11 16 12 9 10 10 10 11 9 10 11 5 9 12 9 7 6 7 10 5 5 6 9 12 12 12 13 13 12 13 18 21 24 24 20 15 12 9 10 13 19 41 47 43 42 51 64 65 58 53 46 
140 126 83 36 12 9 11 11 9 9 9 9 9 10 13 11 12 12 10 10 14 16 13 11 5 7 8 8 6 5 5 10 8 4 7 12 13 15 15 15 13 11 12 12 14 20 22 19 18 18 16 15 16 18 31 45 44 43 53 59 60 53 48 41 
144 146 147 135 95 48 19 9 8 7 8 9 10 11 10 7 8 10 10 12 10 11 10 10 9 6 6 6 4 4 4 8 8 5 7 8 12 25 37 38 33 28 23 21 15 15 20 22 20 19 19 16 18 20 35 47 47 47 54 57 55 53 45 41 
139 141 144 146 146 140 115 71 28 8 5 5 7 9 8 9 10 9 9 8 5 6 7 8 11 15 13 9 8 8 6 4 4 4 6 6 7 11 15 22 32 38 38 35 26 20 12 23 25 22 21 19 21 24 27 44 48 53 56 57 54 50 42 39 
94 95 97 100 101 96 94 93 77 51 29 13 9 7 6 5 7 7 9 11 14 17 17 16 14 15 17 21 21 20 16 10 7 9 8 6 5 6 6 5 8 19 30 32 26 20 14 21 24 25 24 23 24 25 26 42 51 58 59 57 52 45 39 38 
76 73 69 66 63 61 76 90 95 100 102 87 44 7 4 3 4 4 7 12 13 12 11 13 11 10 10 12 11 12 11 10 10 11 8 6 6 6 6 3 3 4 8 14 18 14 14 19 24 25 26 25 27 29 32 41 50 57 57 52 46 42 38 35 
92 87 79 66 58 73 93 101 103 105 110 111 87 18 4 3 6 8 6 6 5 4 5 8 10 10 10 10 9 9 8 9 12 10 6 6 6 6 6 3 3 3 3 4 12 12 14 19 24 28 29 26 29 31 34 39 49 56 56 51 46 39 35 30 
105 102 94 71 51 55 51 43 33 27 30 33 35 21 8 5 6 7 7 7 6 7 6 8 8 9 9 10 8 8 7 9 11 9 7 6 7 7 6 5 4 4 10 19 24 21 17 20 27 31 31 28 29 32 38 43 50 55 53 46 41 36 32 29 
104 100 89 66 50 52 50 42 26 14 23 32 36 29 9 6 5 5 5 6 6 6 6 6 7 8 10 10 9 9 10 11 11 10 7 7 7 8 7 6 6 10 30 36 33 29 24 23 32 32 32 32 32 36 42 46 49 55 50 43 38 32 30 28 
119 114 98 66 44 52 53 44 29 28 72 107 115 72 12 7 5 6 8 8 7 7 6 8 10 8 9 10 10 12 14 15 10 7 7 9 8 7 8 10 13 26 44 41 41 33 31 32 35 33 34 36 39 45 50 50 48 53 48 41 34 31 29 29 
111 104 87 54 35 47 49 42 30 22 44 78 92 70 17 7 5 6 5 6 8 11 12 13 10 10 11 15 17 20 19 14 7 4 4 6 6 8 11 14 17 28 49 45 47 40 40 38 36 36 38 42 47 52 54 53 49 54 53 44 36 32 30 29 
79 72 63 46 30 30 28 27 26 23 26 36 39 32 11 6 4 5 6 9 10 13 16 16 14 13 14 12 7 6 6 4 4 10 11 8 8 8 10 13 13 26 51 52 51 47 44 42 42 41 47 52 54 57 56 56 53 51 54 49 41 37 34 33 
53 49 44 35 26 20 16 16 19 18 18 23 24 25 7 4 5 6 8 9 8 6 6 6 6 9 8 4 5 4 3 3 3 10 11 9 11 11 15 20 25 46 60 57 54 46 43 46 49 54 60 65 63 62 61 60 56 50 51 49 43 39 35 33 
74 76 67 46 34 28 23 21 19 19 23 39 40 17 9 8 8 9 9 9 8 8 10 10 11 12 4 4 5 5 4 4 5 8 8 8 14 16 20 32 43 48 47 44 43 47 48 57 63 66 69 71 70 68 66 64 57 48 45 48 46 43 41 39 
81 88 82 56 40 35 29 23 21 22 38 43 16 11 8 6 6 6 7 8 7 10 13 12 11 10 4 8 6 5 4 5 5 9 7 7 11 11 15 21 23 29 29 30 37 53 64 73 75 73 72 74 74 70 67 65 57 48 42 41 43 45 41 36 
77 85 87 101 101 62 34 29 40 44 28 13 9 9 8 8 8 7 7 7 9 9 7 7 8 11 6 6 9 10 5 5 7 11 5 7 8 11 11 12 14 22 24 25 44 69 76 78 79 77 74 73 73 71 66 59 48 45 39 34 39 44 46 44 
71 69 68 77 70 43 34 37 30 13 8 8 9 10 11 9 8 8 7 8 9 7 6 7 8 11 12 9 6 8 8 11 12 8 5 7 11 12 9 13 15 18 24 35 67 78 77 77 75 73 69 63 59 54 50 41 32 47 40 33 32 38 52 59 
84 72 61 53 35 25 28 17 6 5 7 7 8 8 10 9 7 7 9 7 9 6 7 8 7 8 9 11 8 7 11 12 10 8 10 13 16 13 12 14 13 14 36 75 89 63 73 90 86 57 45 41 38 30 27 23 36 49 40 35 37 49 55 63 
132 115 85 52 30 22 10 7 6 6 10 10 10 9 11 10 6 5 6 7 9 6 7 8 8 8 8 9 9 6 8 9 10 13 15 17 16 16 13 12 10 18 70 107 74 70 90 105 110 58 28 34 35 32 28 23 45 50 40 35 41 56 64 67 
154 141 114 78 28 9 7 7 8 7 10 10 10 8 9 11 9 6 5 5 6 5 7 13 18 20 18 21 24 18 18 17 19 19 21 26 27 30 32 35 37 45 86 98 65 88 98 101 123 84 29 14 12 16 29 37 54 50 44 40 49 57 66 69 
159 157 147 76 8 6 7 8 8 9 10 9 9 8 6 8 9 6 5 7 10 26 61 85 98 105 102 110 113 108 109 105 104 95 98 102 104 110 114 118 120 120 110 91 58 52 63 82 121 109 62 31 10 8 19 40 55 52 44 47 51 53 63 69 
161 159 112 21 5 6 6 7 7 7 6 6 5 6 7 12 29 59 73 81 103 134 154 157 158 157 156 157 157 156 154 150 147 143 142 140 140 141 140 139 137 128 109 105 79 58 56 70 114 109 100 104 56 23 18 30 54 48 42 45 48 49 57 67 
160 142 74 16 5 4 5 4 5 5 6 11 20 42 78 115 145 163 166 166 166 166 166 166 165 164 164 163 161 159 152 134 115 105 101 110 130 139 140 139 138 114 80 94 109 101 74 70 113 118 105 129 111 51 30 35 55 48 48 48 48 48 53 65 
158 136 99 89 61 42 37 40 54 76 99 119 137 155 165 167 167 167 168 168 167 167 167 167 167 166 166 164 162 160 152 121 83 76 74 86 120 138 142 142 139 107 65 86 109 102 77 73 110 121 98 119 112 46 27 39 55 52 49 48 47 46 51 63 
159 150 152 157 157 152 151 154 160 164 166 166 166 166 167 167 167 168 168 168 166 166 167 167 167 166 166 165 164 163 156 138 121 120 118 120 133 141 143 142 136 96 48 87 121 107 102 98 120 129 93 107 110 46 25 48 55 50 47 44 43 42 47 58 
160 161 162 162 163 163 165 164 164 164 165 166 166 167 167 167 167 168 168 167 167 167 167 167 167 166 166 165 164 163 159 150 146 147 146 146 144 144 147 147 140 93 39 78 119 116 126 113 118 132 95 88 97 54 47 56 53 47 43 43 42 39 44 55 
160 161 161 162 162 163 164 165 165 165 166 166 166 166 167 166 167 167 167 167 166 167 167 166 166 166 165 165 164 162 159 153 150 149 148 146 144 143 144 143 136 90 37 53 89 107 127 118 109 116 85 80 90 56 47 48 51 47 44 43 41 40 46 55 
159 160 161 161 162 162 163 164 165 165 165 165 165 166 166 166 166 166 166 166 166 166 165 165 165 165 164 163 162 162 159 158 156 154 143 116 94 85 81 78 88 102 58 33 56 89 111 106 81 67 59 64 81 65 38 41 48 50 47 42 41 39 43 52 
156 157 159 159 159 159 160 161 162 161 161 160 160 160 160 160 159 158 158 157 157 156 154 153 152 151 149 148 147 145 142 139 137 133 114 67 30 18 15 13 36 96 80 33 31 53 78 92 62 33 32 32 46 55 25 26 41 48 45 41 38 36 36 46 
131 132 134 133 133 132 131 127 127 126 124 121 120 118 117 116 115 114 118 121 120 120 118 117 116 115 115 115 114 113 111 109 107 103 81 42 19 9 6 6 28 81 72 31 16 18 45 69 45 26 24 20 20 22 14 8 16 29 45 42 39 36 35 42 
103 105 107 107 110 108 84 55 48 47 46 44 44 42 41 41 40 46 80 106 108 109 108 108 108 109 109 109 108 107 105 102 99 95 70 32 16 8 5 6 43 92 65 25 10 6 20 34 29 44 71 42 19 21 15 5 6 23 38 44 43 40 37 40 
96 97 100 103 99 92 56 16 12 13 13 14 14 14 14 15 15 20 53 85 89 87 86 84 81 79 77 76 72 69 66 61 58 54 40 21 12 8 5 8 50 100 71 31 19 10 10 15 16 54 107 86 55 35 22 11 6 9 19 38 43 40 37 40 
89 90 94 96 74 47 29 12 10 11 11 11 12 13 13 13 13 15 21 28 27 27 25 24 23 20 19 17 16 15 13 12 10 10 11 11 9 7 6 6 43 99 101 86 33 8 7 12 23 69 117 107 79 47 25 11 6 7 12 22 37 40 36 37 
80 72 54 44 37 25 11 7 7 7 8 8 8 9 9 9 8 9 10 16 20 22 23 24 24 24 24 24 25 25 27 30 31 31 25 14 9 7 5 7 45 100 124 137 79 20 6 13 28 63 114 121 93 51 23 10 6 7 11 12 19 36 37 38 
46 39 23 16 12 11 5 4 5 6 6 4 4 5 5 5 5 8 23 52 70 73 73 71 70 67 64 63 63 63 67 70 68 64 48 20 11 7 6 18 58 101 126 144 112 41 19 17 30 39 80 116 100 54 19 9 5 8 9 8 11 26 35 37 