


31 16 31 84 119 122 133 101 79 95 117 130 154 178 188 195 200 204 196 186 178 174 176 177 172 170 172 174 173 173 174 174 168 160 166 166 165 163 159 155 147 143 142 141 145 143 135 132 128 128 128 125 123 124 123 123 122 121 122 121 120 119 119 114 
17 71 113 127 129 118 84 66 63 88 95 124 169 193 205 209 213 208 192 181 174 176 184 186 189 188 181 172 177 187 183 183 178 172 170 170 174 174 176 174 167 160 157 154 150 141 140 140 133 134 131 129 132 131 129 130 127 124 124 123 123 123 122 118 
71 121 114 120 140 132 97 80 83 91 98 150 191 206 210 215 220 209 194 186 183 187 184 182 186 192 192 192 196 196 191 187 184 179 176 179 179 176 173 173 177 175 169 164 160 155 151 149 145 140 137 137 138 140 137 136 132 131 129 129 128 129 125 121 
111 111 127 116 114 123 102 103 88 78 121 176 206 210 212 218 216 204 193 191 195 193 187 191 188 186 199 202 197 197 199 197 188 180 182 185 182 178 169 163 166 174 175 172 171 169 165 161 159 155 156 154 152 144 139 136 132 131 131 131 131 125 122 121 
119 136 124 91 65 79 104 134 102 91 148 194 215 219 224 221 213 202 194 198 200 201 213 217 211 211 212 209 202 200 199 199 188 183 187 185 185 184 182 179 171 171 169 166 169 170 174 174 169 166 165 164 159 152 152 147 140 137 137 132 130 129 128 120 
133 133 93 89 80 100 122 115 99 122 176 212 225 232 228 213 207 207 204 204 209 219 225 222 223 224 219 214 208 206 206 199 191 190 184 184 189 186 185 180 173 170 172 177 179 173 171 170 169 168 168 170 168 166 165 159 154 153 149 144 142 140 133 129 
133 118 90 102 102 100 102 98 111 159 205 228 234 234 215 201 209 214 211 209 219 222 218 222 224 219 216 216 218 219 213 205 203 198 196 197 192 189 186 185 186 183 180 180 177 171 169 170 176 178 179 174 170 166 163 162 162 161 155 153 149 145 142 138 
132 117 106 119 121 112 104 101 129 183 220 230 234 226 206 203 214 219 217 215 219 218 216 221 218 215 218 217 214 216 212 204 203 205 208 205 197 193 190 193 199 195 188 179 174 175 178 179 178 177 175 169 166 164 166 168 166 161 156 158 156 151 149 143 
107 106 107 107 109 116 110 104 146 197 218 224 229 216 206 210 214 220 218 213 218 225 227 226 224 223 219 218 215 216 217 214 209 209 211 206 204 205 203 200 193 187 185 182 178 176 177 174 176 181 179 177 174 171 171 167 165 162 159 160 161 159 158 156 
117 122 123 123 117 118 108 100 146 189 209 219 209 193 203 214 215 216 218 218 221 222 224 227 229 225 216 218 223 221 214 211 212 211 208 210 214 213 208 198 189 188 188 186 183 185 186 186 184 180 174 173 172 172 169 168 171 169 169 168 163 164 163 166 
119 104 111 119 122 118 101 99 141 177 195 194 170 168 201 218 215 214 219 216 207 200 207 219 227 225 221 220 225 226 222 220 216 208 204 210 213 206 200 192 190 188 186 188 191 193 191 186 178 176 173 174 172 166 163 168 168 166 171 170 167 168 164 161 
120 111 117 110 113 116 92 89 125 152 160 147 134 157 196 218 220 218 213 199 179 169 175 195 216 227 230 224 222 225 224 222 217 211 207 206 206 201 195 192 191 188 186 186 184 181 179 177 178 180 178 178 171 166 168 169 165 166 167 162 166 164 165 163 
130 119 121 133 127 103 60 72 110 126 120 106 113 150 189 219 228 221 193 166 149 143 149 164 193 218 224 220 219 221 223 223 219 216 212 206 205 202 197 193 189 186 184 180 178 179 179 183 185 180 178 176 171 170 173 172 173 174 169 167 163 158 158 157 
126 133 134 135 112 54 24 73 112 110 89 78 95 132 177 214 229 212 171 139 129 130 135 146 170 203 222 226 224 223 221 219 217 213 210 206 201 197 193 187 184 181 179 179 179 181 184 184 180 177 177 173 173 174 174 172 168 161 156 157 159 165 164 162 
114 119 116 96 46 7 16 75 97 76 52 52 69 105 158 199 214 192 159 141 138 136 133 136 157 193 220 226 225 223 218 213 209 205 202 197 192 188 184 180 178 175 174 175 176 178 181 179 177 175 173 172 170 168 163 162 159 157 160 162 165 168 164 164 
126 120 86 33 4 0 15 57 58 42 43 43 41 72 133 177 184 170 162 160 156 152 147 140 151 180 203 211 212 211 207 198 192 194 193 188 184 179 174 170 168 167 167 168 168 172 173 171 170 167 166 166 165 166 164 165 160 162 166 169 170 168 164 162 
122 95 40 5 2 11 32 52 47 38 33 27 23 41 107 162 176 173 172 170 160 147 144 143 143 158 172 176 178 179 181 179 175 173 173 172 170 167 164 161 158 158 158 159 159 162 163 163 163 164 166 166 166 165 166 163 160 164 168 169 171 171 168 170 
119 58 9 17 43 69 72 58 44 31 17 13 15 38 111 169 187 183 177 173 161 138 124 126 127 133 141 144 145 146 148 148 148 147 147 148 149 150 150 150 150 150 151 151 151 154 158 159 161 162 165 162 160 165 165 159 163 166 168 168 170 169 164 162 
35 30 51 78 92 91 85 64 27 11 12 14 12 56 137 186 198 187 176 174 166 142 114 109 111 113 120 126 129 129 128 128 128 128 128 129 130 132 135 138 141 143 145 147 147 150 152 154 157 157 161 158 157 162 159 158 162 163 163 164 168 170 164 165 
35 65 89 94 82 63 47 36 22 14 17 17 26 94 165 199 201 187 176 175 168 142 115 114 118 121 126 131 135 138 138 138 138 138 138 137 133 130 129 128 130 133 136 139 140 144 146 149 151 153 157 155 156 157 155 157 161 165 163 168 177 174 169 176 
41 47 60 73 77 75 66 55 46 36 32 35 60 131 187 209 203 187 175 168 160 146 145 150 148 148 150 152 152 152 151 150 150 149 146 143 141 140 139 135 130 125 125 127 128 132 136 138 141 144 148 150 154 154 155 156 161 166 163 169 172 166 172 177 
39 32 21 25 47 75 89 82 70 55 34 38 86 157 199 212 205 185 168 156 144 154 180 184 171 163 162 161 159 154 145 134 133 140 139 140 140 142 142 143 142 137 133 128 125 124 125 125 128 132 136 141 146 150 154 155 159 162 157 161 166 168 178 177 
48 23 13 23 42 68 86 87 79 67 51 55 112 172 199 201 195 177 157 142 126 136 175 189 180 168 161 155 149 141 134 126 129 141 143 145 144 144 143 146 146 145 147 148 145 143 141 136 133 131 128 129 133 140 147 152 158 159 156 162 168 172 181 181 
69 48 42 54 73 89 94 87 81 76 66 75 133 174 177 170 162 150 134 121 105 95 122 148 148 138 129 128 128 128 134 141 144 148 147 148 147 147 145 147 145 145 149 150 146 148 150 148 147 146 147 147 142 137 137 141 149 152 155 162 163 168 170 175 
64 60 62 67 78 90 97 93 83 72 64 90 146 170 162 153 145 137 124 110 97 94 103 118 121 122 125 134 140 143 148 149 146 144 144 146 148 145 140 143 143 142 146 145 141 144 145 145 145 145 149 153 153 151 151 151 149 143 149 156 159 164 170 182 
75 82 89 95 101 104 99 75 39 28 52 103 146 156 149 146 144 138 126 110 96 103 119 126 131 137 144 149 150 149 150 150 145 145 144 143 144 142 137 138 137 137 143 142 141 142 143 145 144 144 148 156 157 156 160 166 163 152 151 149 153 161 174 180 
101 118 127 121 102 74 58 45 20 6 46 111 142 141 137 141 144 137 123 108 95 105 116 121 131 138 141 148 150 148 147 149 149 144 142 140 141 142 140 138 134 137 143 143 143 141 142 143 141 142 146 155 152 152 158 162 164 168 165 151 147 158 171 180 
112 109 94 65 33 15 12 11 6 6 64 131 155 146 135 129 122 112 107 112 117 116 116 122 131 137 141 145 147 147 147 145 146 144 142 141 142 144 145 146 141 129 124 133 147 152 152 149 146 143 144 144 143 150 161 167 169 173 174 171 162 155 164 175 
40 21 9 2 0 0 0 0 1 21 94 144 152 135 118 109 108 113 121 125 129 136 136 137 138 141 145 148 153 152 148 147 146 146 144 143 142 144 146 150 135 115 113 128 141 149 151 155 156 155 149 145 148 154 162 164 167 169 171 175 175 158 159 174 
1 0 0 0 0 5 11 13 25 65 116 137 132 122 111 103 104 112 116 123 138 147 143 144 152 153 151 151 155 156 155 156 153 149 150 153 151 148 157 159 144 120 115 142 151 159 157 154 156 157 160 159 157 159 160 161 164 167 171 174 179 173 163 165 
0 0 0 0 0 6 29 59 86 109 131 137 124 109 95 93 101 109 116 128 144 153 150 148 153 152 152 161 167 160 152 151 155 156 158 166 165 163 179 178 147 109 104 117 146 165 165 160 158 160 164 167 161 156 157 159 164 170 173 175 178 178 166 160 
0 0 1 1 7 31 76 113 127 126 133 137 127 114 103 106 113 114 120 134 146 155 155 148 149 150 155 164 172 174 165 158 156 158 168 182 167 156 180 185 144 139 147 139 147 156 168 165 166 169 157 150 155 140 135 143 152 162 171 173 175 176 169 169 
13 15 11 12 41 88 128 146 138 126 132 140 139 132 115 106 105 105 115 128 136 143 146 138 139 144 161 173 173 170 163 162 164 168 171 176 154 141 145 173 198 197 194 187 175 167 173 178 177 161 133 119 116 117 110 104 108 124 143 157 171 172 161 168 
75 66 44 39 74 119 151 153 131 119 125 138 143 133 114 105 98 98 110 120 118 123 136 136 139 147 163 175 169 161 159 161 167 163 156 168 158 163 159 175 211 219 206 199 187 184 179 175 151 125 116 103 94 93 102 102 104 111 116 131 151 168 165 168 
99 83 57 48 76 116 147 146 123 108 112 128 139 131 118 117 114 105 109 117 115 119 136 142 141 153 178 192 185 175 178 178 169 140 140 142 146 163 182 187 210 224 228 221 202 186 162 119 107 114 116 111 109 106 102 105 110 108 115 123 132 152 162 166 
96 80 55 43 67 108 143 149 129 111 106 112 125 128 120 123 127 123 124 118 107 109 128 142 144 156 186 206 201 183 182 172 140 125 119 110 116 128 143 144 150 197 202 195 192 168 127 101 99 92 91 99 111 119 131 132 128 124 108 102 114 130 152 165 
89 76 60 63 84 112 141 154 145 128 111 100 111 125 123 121 125 128 134 132 116 108 125 142 144 158 197 216 216 205 184 143 124 120 106 107 113 123 116 114 120 146 160 169 178 145 118 109 67 65 98 100 89 92 97 129 113 112 106 106 119 129 142 161 
77 78 92 108 119 126 138 151 151 139 120 99 97 111 123 122 118 120 124 130 131 126 135 149 149 161 205 226 222 214 178 141 134 117 120 128 113 100 91 83 100 137 137 150 178 149 111 109 96 73 90 60 37 86 104 122 124 128 133 131 125 133 139 160 
90 103 120 130 130 126 125 134 147 145 128 106 89 93 115 123 116 111 112 120 131 133 137 146 150 158 195 226 229 218 168 138 138 142 150 114 97 91 97 97 107 124 111 127 161 143 104 102 109 104 109 119 128 139 154 162 156 149 143 139 133 130 132 158 
117 126 129 127 125 121 115 117 138 148 137 122 103 91 99 117 118 107 106 112 120 125 128 132 137 144 166 202 224 223 175 131 135 134 142 98 101 66 70 99 117 110 100 106 140 139 122 142 146 124 129 146 141 142 156 161 160 151 137 132 126 121 128 151 
131 130 126 123 124 126 125 128 142 150 145 137 126 111 99 103 107 101 101 106 116 122 122 124 126 128 137 167 201 213 172 138 141 144 154 152 149 142 138 132 142 145 117 117 123 136 120 148 157 142 129 161 163 147 148 151 147 142 135 127 119 118 122 131 
137 129 124 122 125 129 129 130 140 147 145 140 137 128 116 111 109 113 115 111 113 121 124 126 121 118 119 142 172 188 169 146 154 159 167 174 166 152 161 150 148 160 123 131 107 129 138 124 142 149 124 147 159 155 147 142 139 136 136 128 116 107 106 129 
139 132 125 120 121 124 124 126 132 139 139 137 142 141 134 129 124 125 127 115 102 105 120 129 120 109 108 119 137 159 165 153 151 156 157 163 166 161 168 158 136 154 123 145 121 120 143 147 127 140 132 137 145 141 135 131 134 137 136 128 106 93 92 136 
139 133 126 119 118 121 124 125 125 127 130 134 143 147 142 136 133 129 127 124 113 110 116 128 135 124 112 111 120 140 158 158 147 146 148 149 154 157 161 155 141 142 119 146 124 126 129 132 146 126 134 138 135 123 129 139 146 147 119 105 105 110 121 149 
144 137 128 121 119 119 120 121 125 130 134 136 132 129 132 134 133 135 137 135 137 131 113 117 120 124 118 113 114 119 138 157 148 136 135 141 144 147 147 145 142 137 131 142 131 122 123 125 138 123 130 141 136 133 144 146 117 105 96 94 100 102 126 154 
151 146 136 126 122 118 112 115 127 134 135 130 123 124 131 129 130 135 135 130 137 135 118 107 105 121 128 126 115 110 115 133 145 109 110 132 148 154 151 147 139 137 136 129 131 134 127 129 128 121 135 136 139 143 146 138 112 109 116 118 116 120 134 142 
159 156 149 141 133 119 111 117 126 131 131 126 124 126 127 128 133 133 133 141 151 148 132 120 111 113 123 125 121 116 111 114 136 136 118 119 123 125 136 143 149 143 139 132 126 123 145 134 134 138 143 133 135 145 142 122 115 123 131 132 123 116 119 121 
163 158 154 150 139 121 111 116 124 134 137 132 130 134 135 134 135 136 136 144 151 145 135 134 127 114 110 114 120 118 114 114 127 163 148 116 111 119 114 122 144 146 145 134 133 134 154 148 146 151 155 143 135 142 132 117 123 127 129 133 136 127 121 116 
164 157 154 152 146 136 124 118 120 133 146 147 138 131 133 134 133 133 132 139 147 140 139 147 146 130 115 112 115 114 112 114 122 158 164 139 136 139 140 141 141 140 143 125 140 157 166 160 164 166 161 158 159 159 155 128 125 134 134 133 134 133 133 125 
166 157 153 154 154 153 148 136 120 123 141 155 152 140 135 137 136 135 135 137 134 132 145 152 149 144 131 118 114 115 113 109 110 145 154 137 141 145 150 149 146 133 124 129 160 167 163 160 159 159 155 161 183 215 236 214 155 129 137 140 139 139 144 141 
166 157 151 150 152 156 160 154 135 121 129 143 151 151 147 138 130 128 132 134 127 126 138 146 149 149 148 142 132 126 119 111 106 134 137 132 149 157 153 151 148 137 138 143 145 143 142 145 146 147 164 204 240 252 255 255 239 183 143 141 144 143 142 139 
166 160 151 144 144 149 155 159 153 136 126 129 138 148 152 145 134 130 132 132 129 129 134 135 135 137 144 148 147 144 139 132 126 138 131 129 143 158 158 153 145 148 144 143 142 143 145 146 146 163 207 244 255 255 255 255 255 252 221 166 140 137 140 138 
165 163 157 149 144 144 146 153 158 150 135 131 134 138 145 153 152 143 135 133 128 127 132 137 134 129 129 136 140 141 138 134 133 136 133 150 161 159 154 151 147 142 140 139 140 146 148 145 158 198 241 255 255 255 255 255 255 255 255 245 209 157 135 126 
163 163 161 157 150 146 144 147 154 156 149 138 134 135 139 146 153 151 146 139 130 128 132 134 132 127 126 127 126 125 125 124 122 132 137 160 162 163 160 147 140 135 139 144 146 146 141 148 181 225 252 255 255 255 255 255 255 255 255 255 255 248 228 204 
161 161 161 159 155 151 149 149 151 155 156 149 142 140 140 140 145 148 151 153 150 144 141 137 131 125 124 125 124 122 122 123 124 133 137 155 162 165 154 139 137 141 147 149 145 138 142 168 206 241 254 255 255 255 255 255 255 255 255 255 255 255 255 255 
157 160 159 158 155 152 152 153 152 153 157 159 154 148 146 144 141 141 149 154 155 152 150 149 142 135 130 126 126 125 124 124 125 136 145 150 158 157 143 139 143 145 146 141 135 139 165 201 232 250 255 255 255 255 255 255 255 255 255 255 255 255 255 255 
152 158 158 157 156 152 149 149 151 152 154 157 158 152 150 149 146 144 145 146 146 146 146 147 144 144 142 137 135 134 134 132 131 133 144 142 141 143 137 138 139 139 136 134 139 162 193 221 238 246 252 254 254 255 255 255 255 255 255 255 255 255 255 255 
144 152 157 158 158 157 150 145 145 149 152 155 156 152 147 148 148 148 147 144 140 138 135 134 134 134 133 132 132 132 133 133 133 132 133 142 140 136 136 137 136 134 132 136 157 192 225 244 249 251 252 252 252 252 253 254 254 255 255 255 254 254 255 255 
136 145 153 158 161 163 159 152 146 145 148 154 157 153 146 143 144 145 147 145 143 139 134 134 133 131 129 129 129 130 132 134 132 131 133 138 140 140 139 139 136 132 131 148 186 228 250 255 255 255 255 253 249 248 251 252 253 252 250 247 245 243 244 247 
132 139 145 152 159 162 163 161 157 153 149 148 149 150 146 141 140 139 139 138 137 135 135 136 134 132 132 132 133 135 134 130 128 128 135 141 142 140 138 136 134 132 146 182 226 251 255 255 255 255 255 255 254 253 252 250 248 244 238 235 234 233 235 234 
127 135 140 142 148 153 156 159 160 159 154 145 137 137 141 143 140 137 134 134 133 132 131 134 136 138 138 138 139 138 133 128 127 132 139 141 140 137 134 130 132 147 181 222 249 255 255 254 255 255 255 255 255 254 254 254 251 246 241 238 236 236 234 229 
117 121 131 138 140 143 146 149 152 154 153 145 136 132 135 141 143 137 131 129 130 128 128 132 137 143 147 145 140 134 130 127 128 135 141 140 135 131 130 137 158 192 228 249 255 255 255 255 255 255 255 255 255 255 255 255 255 253 251 245 239 235 230 226 
111 109 114 128 138 139 138 139 141 143 145 144 141 136 133 137 140 135 128 124 124 126 127 130 135 143 148 144 135 132 132 132 135 140 140 136 133 141 158 183 210 232 245 248 250 252 254 255 255 255 254 255 255 254 252 252 252 253 250 245 239 234 231 227 
104 97 92 102 119 133 136 135 136 138 139 139 140 137 132 131 133 129 123 120 123 126 126 126 134 142 143 138 133 132 135 139 144 144 140 143 159 184 207 224 233 234 229 225 226 234 245 249 251 252 253 254 254 253 250 247 246 246 246 245 242 237 231 224 


31 16 31 84 119 122 133 101 79 95 117 130 154 178 188 195 200 204 196 186 178 174 176 177 172 170 172 174 173 173 174 174 168 160 166 166 165 163 159 155 147 143 142 141 145 143 135 132 128 128 128 125 123 124 123 123 122 121 122 121 120 119 119 114 
17 71 113 127 129 118 84 66 63 88 95 124 169 193 205 209 213 208 192 181 174 176 184 186 189 188 181 172 177 187 183 183 178 172 170 170 174 174 176 174 167 160 157 154 150 141 140 140 133 134 131 129 132 131 129 130 127 124 124 123 123 123 122 118 
71 121 114 120 140 132 97 80 83 91 98 150 191 206 210 215 220 209 194 186 183 187 184 182 186 192 192 192 196 196 191 187 184 179 176 179 179 176 173 173 177 175 169 164 160 155 151 149 145 140 137 137 138 140 137 136 132 131 129 129 128 129 125 121 
111 111 127 116 114 123 102 103 88 78 121 176 206 210 212 218 216 204 193 191 195 193 187 191 188 186 199 202 197 197 199 197 188 180 182 185 182 178 169 163 166 174 175 172 171 169 165 161 159 155 156 154 152 144 139 136 132 131 131 131 131 125 122 121 
119 136 124 91 65 79 104 134 102 91 148 194 215 219 224 221 213 202 194 198 200 201 213 217 211 211 212 209 202 200 199 199 188 183 187 185 185 184 182 179 171 171 169 166 169 170 174 174 169 166 165 164 159 152 152 147 140 137 137 132 130 129 128 120 
133 133 93 89 80 100 122 115 99 122 176 212 225 232 228 213 207 207 204 204 209 219 225 222 223 224 219 214 208 206 206 199 191 190 184 184 189 186 185 180 173 170 172 177 179 173 171 170 169 168 168 170 168 166 165 159 154 153 149 144 142 140 133 129 
133 118 90 102 102 100 102 98 111 159 205 228 234 234 215 201 209 214 211 209 219 222 218 222 224 219 216 216 218 219 213 205 203 198 196 197 192 189 186 185 186 183 180 180 177 171 169 170 176 178 179 174 170 166 163 162 162 161 155 153 149 145 142 138 
132 117 106 119 121 112 104 101 129 183 220 230 234 226 206 203 214 219 217 215 219 218 216 221 218 215 218 217 214 216 212 204 203 205 208 205 197 193 190 193 199 195 188 179 174 175 178 179 178 177 175 169 166 164 166 168 166 161 156 158 156 151 149 143 
107 106 107 107 109 116 110 104 146 197 218 224 229 216 206 210 214 220 218 213 218 225 227 226 224 223 219 218 215 216 217 214 209 209 211 206 204 205 203 200 193 187 185 182 178 176 177 174 176 181 179 177 174 171 171 167 165 162 159 160 161 159 158 156 
117 122 123 123 117 118 108 100 146 189 209 219 209 193 203 214 215 216 218 218 221 222 224 227 229 225 216 218 223 221 214 211 212 211 208 210 214 213 208 198 189 188 188 186 183 185 186 186 184 180 174 173 172 172 169 168 171 169 169 168 163 164 163 166 
119 104 111 119 122 118 101 99 141 177 195 194 170 168 201 218 215 214 219 216 207 200 207 219 227 225 221 220 225 226 222 220 216 208 204 210 213 206 200 192 190 188 186 188 191 193 191 186 178 176 173 174 172 166 163 168 168 166 171 170 167 168 164 161 
120 111 117 110 113 116 92 89 125 152 160 147 134 157 196 218 220 218 213 199 179 169 175 195 216 227 230 224 222 225 224 222 217 211 207 206 206 201 195 192 191 188 186 186 184 181 179 177 178 180 178 178 171 166 168 169 165 166 167 162 166 164 165 163 
130 119 121 133 127 103 60 72 110 126 120 106 113 150 189 219 228 221 193 166 149 143 149 164 193 218 224 220 219 221 223 223 219 216 212 206 205 202 197 193 189 186 184 180 178 179 179 183 185 180 178 176 171 170 173 172 173 174 169 167 163 158 158 157 
126 133 134 135 112 54 24 73 112 110 89 78 95 132 177 214 229 212 171 139 129 130 135 146 170 203 222 226 224 223 221 219 217 213 210 206 201 197 193 187 184 181 179 179 179 181 184 184 180 177 177 173 173 174 174 172 168 161 156 157 159 165 164 162 
114 119 116 96 46 7 16 75 97 76 52 52 69 105 158 199 214 192 159 141 138 136 133 136 157 193 220 226 225 223 218 213 209 205 202 197 192 188 184 180 178 175 174 175 176 178 181 179 177 175 173 172 170 168 163 162 159 157 160 162 165 168 164 164 
126 120 86 33 4 0 15 57 58 42 43 43 41 72 133 177 184 170 162 160 156 152 147 140 151 180 203 211 212 211 207 198 192 194 193 188 184 179 174 170 168 167 167 168 168 172 173 171 170 167 166 166 165 166 164 165 160 162 166 169 170 168 164 162 
122 95 40 5 2 11 32 52 47 38 33 27 23 41 107 162 176 173 172 170 160 147 144 143 143 158 172 176 178 179 181 179 175 173 173 172 170 167 164 161 158 158 158 159 159 162 163 163 163 164 166 166 166 165 166 163 160 164 168 169 171 171 168 170 
119 58 9 17 43 69 72 58 44 31 17 13 15 38 111 169 187 183 177 173 161 138 124 126 127 133 141 144 145 146 148 148 148 147 147 148 149 150 150 150 150 150 151 151 151 154 158 159 161 162 165 162 160 165 165 159 163 166 168 168 170 169 164 162 
35 30 51 78 92 91 85 64 27 11 12 14 12 56 137 186 198 187 176 174 166 142 114 109 111 113 120 126 129 129 128 128 128 128 128 129 130 132 135 138 141 143 145 147 147 150 152 154 157 157 161 158 157 162 159 158 162 163 163 164 168 170 164 165 
35 65 89 94 82 63 47 36 22 14 17 17 26 94 165 199 201 187 176 175 168 142 115 114 118 121 126 131 135 138 138 138 138 138 138 137 133 130 129 128 130 133 136 139 140 144 146 149 151 153 157 155 156 157 155 157 161 165 163 168 177 174 169 176 
41 47 60 73 77 75 66 55 46 36 32 35 60 131 187 209 203 187 175 168 160 146 145 150 148 148 150 152 152 152 151 150 150 149 146 143 141 140 139 135 130 125 125 127 128 132 136 138 141 144 148 150 154 154 155 156 161 166 163 169 172 166 172 177 
39 32 21 25 47 75 89 82 70 55 34 38 86 157 199 212 205 185 168 156 144 154 180 184 171 163 162 161 159 154 145 134 133 140 139 140 140 142 142 143 142 137 133 128 125 124 125 125 128 132 136 141 146 150 154 155 159 162 157 161 166 168 178 177 
48 23 13 23 42 68 86 87 79 67 51 55 112 172 199 201 195 177 157 142 126 136 175 189 180 168 161 155 149 141 134 126 129 141 143 145 144 144 143 146 146 145 147 148 145 143 141 136 133 131 128 129 133 140 147 152 158 159 156 162 168 172 181 181 
69 48 42 54 73 89 94 87 81 76 66 75 133 174 177 170 162 150 134 121 105 95 122 148 148 138 129 128 128 128 134 141 144 148 147 148 147 147 145 147 145 145 149 150 146 148 150 148 147 146 147 147 142 137 137 141 149 152 155 162 163 168 170 175 
64 60 62 67 78 90 97 93 83 72 64 90 146 170 162 153 145 137 124 110 97 94 103 118 121 122 125 134 140 143 148 149 146 144 144 146 148 145 140 143 143 142 146 145 141 144 145 145 145 145 149 153 153 151 151 151 149 143 149 156 159 164 170 182 
75 82 89 95 101 104 99 75 39 28 52 103 146 156 149 146 144 138 126 110 96 103 119 126 131 137 144 149 150 149 150 150 145 145 144 143 144 142 137 138 137 137 143 142 141 142 143 145 144 144 148 156 157 156 160 166 163 152 151 149 153 161 174 180 
101 118 127 121 102 74 58 45 20 6 46 111 142 141 137 141 144 137 123 108 95 105 116 121 131 138 141 148 150 148 147 149 149 144 142 140 141 142 140 138 134 137 143 143 143 141 142 143 141 142 146 155 152 152 158 162 164 168 165 151 147 158 171 180 
112 109 94 65 33 15 12 11 6 6 64 131 155 146 135 129 122 112 107 112 117 116 116 122 131 137 141 145 147 147 147 145 146 144 142 141 142 144 145 146 141 129 124 133 147 152 152 149 146 143 144 144 143 150 161 167 169 173 174 171 162 155 164 175 
40 21 9 2 0 0 0 0 1 21 94 144 152 135 118 109 108 113 121 125 129 136 136 137 138 141 145 148 153 152 148 147 146 146 144 143 142 144 146 150 135 115 113 128 141 149 151 155 156 155 149 145 148 154 162 164 167 169 171 175 175 158 159 174 
1 0 0 0 0 5 11 13 25 65 116 137 132 122 111 103 104 112 116 123 138 147 143 144 152 153 151 151 155 156 155 156 153 149 150 153 151 148 157 159 144 120 115 142 151 159 157 154 156 157 160 159 157 159 160 161 164 167 171 174 179 173 163 165 
0 0 0 0 0 6 29 59 86 109 131 137 124 109 95 93 101 109 116 128 144 153 150 148 153 152 152 161 167 160 152 151 155 156 158 166 165 163 179 178 147 109 104 117 146 165 165 160 158 160 164 167 161 156 157 159 164 170 173 175 178 178 166 160 
0 0 1 1 7 31 76 113 127 126 133 137 127 114 103 106 113 114 120 134 146 155 155 148 149 150 155 164 172 174 165 158 156 158 168 182 167 156 180 185 144 139 147 139 147 156 168 165 166 169 157 150 155 140 135 143 152 162 171 173 175 176 169 169 
13 15 11 12 41 88 128 146 138 126 132 140 139 132 115 106 105 105 115 128 136 143 146 138 139 144 161 173 173 170 163 162 164 168 171 176 154 141 145 173 198 197 194 187 175 167 173 178 177 161 133 119 116 117 110 104 108 124 143 157 171 172 161 168 
75 66 44 39 74 119 151 153 131 119 125 138 143 133 114 105 98 98 110 120 118 123 136 136 139 147 163 175 169 161 159 161 167 163 156 168 158 163 159 175 211 219 206 199 187 184 179 175 151 125 116 103 94 93 102 102 104 111 116 131 151 168 165 168 
99 83 57 48 76 116 147 146 123 108 112 128 139 131 118 117 114 105 109 117 115 119 136 142 141 153 178 192 185 175 178 178 169 140 140 142 146 163 182 187 210 224 228 221 202 186 162 119 107 114 116 111 109 106 102 105 110 108 115 123 132 152 162 166 
96 80 55 43 67 108 143 149 129 111 106 112 125 128 120 123 127 123 124 118 107 109 128 142 144 156 186 206 201 183 182 172 140 125 119 110 116 128 143 144 150 197 202 195 192 168 127 101 99 92 91 99 111 119 131 132 128 124 108 102 114 130 152 165 
89 76 60 63 84 112 141 154 145 128 111 100 111 125 123 121 125 128 134 132 116 108 125 142 144 158 197 216 216 205 184 143 124 120 106 107 113 123 116 114 120 146 160 169 178 145 118 109 67 65 98 100 89 92 97 129 113 112 106 106 119 129 142 161 
77 78 92 108 119 126 138 151 151 139 120 99 97 111 123 122 118 120 124 130 131 126 135 149 149 161 205 226 222 214 178 141 134 117 120 128 113 100 91 83 100 137 137 150 178 149 111 109 96 73 90 60 37 86 104 122 124 128 133 131 125 133 139 160 
90 103 120 130 130 126 125 134 147 145 128 106 89 93 115 123 116 111 112 120 131 133 137 146 150 158 195 226 229 218 168 138 138 142 150 114 97 91 97 97 107 124 111 127 161 143 104 102 109 104 109 119 128 139 154 162 156 149 143 139 133 130 132 158 
117 126 129 127 125 121 115 117 138 148 137 122 103 91 99 117 118 107 106 112 120 125 128 132 137 144 166 202 224 223 175 131 135 134 142 98 101 66 70 99 117 110 100 106 140 139 122 142 146 124 129 146 141 142 156 161 160 151 137 132 126 121 128 151 
131 130 126 123 124 126 125 128 142 150 145 137 126 111 99 103 107 101 101 106 116 122 122 124 126 128 137 167 201 213 172 138 141 144 154 152 149 142 138 132 142 145 117 117 123 136 120 148 157 142 129 161 163 147 148 151 147 142 135 127 119 118 122 131 
137 129 124 122 125 129 129 130 140 147 145 140 137 128 116 111 109 113 115 111 113 121 124 126 121 118 119 142 172 188 169 146 154 159 167 174 166 152 161 150 148 160 123 131 107 129 138 124 142 149 124 147 159 155 147 142 139 136 136 128 116 107 106 129 
139 132 125 120 121 124 124 126 132 139 139 137 142 141 134 129 124 125 127 115 102 105 120 129 120 109 108 119 137 159 165 153 151 156 157 163 166 161 168 158 136 154 123 145 121 120 143 147 127 140 132 137 145 141 135 131 134 137 136 128 106 93 92 136 
139 133 126 119 118 121 124 125 125 127 130 134 143 147 142 136 133 129 127 124 113 110 116 128 135 124 112 111 120 140 158 158 147 146 148 149 154 157 161 155 141 142 119 146 124 126 129 132 146 126 134 138 135 123 129 139 146 147 119 105 105 110 121 149 
144 137 128 121 119 119 120 121 125 130 134 136 132 129 132 134 133 135 137 135 137 131 113 117 120 124 118 113 114 119 138 157 148 136 135 141 144 147 147 145 142 137 131 142 131 122 123 125 138 123 130 141 136 133 144 146 117 105 96 94 100 102 126 154 
151 146 136 126 122 118 112 115 127 134 135 130 123 124 131 129 130 135 135 130 137 135 118 107 105 121 128 126 115 110 115 133 145 109 110 132 148 154 151 147 139 137 136 129 131 134 127 129 128 121 135 136 139 143 146 138 112 109 116 118 116 120 134 142 
159 156 149 141 133 119 111 117 126 131 131 126 124 126 127 128 133 133 133 141 151 148 132 120 111 113 123 125 121 116 111 114 136 136 118 119 123 125 136 143 149 143 139 132 126 123 145 134 134 138 143 133 135 145 142 122 115 123 131 132 123 116 119 121 
163 158 154 150 139 121 111 116 124 134 137 132 130 134 135 134 135 136 136 144 151 145 135 134 127 114 110 114 120 118 114 114 127 163 148 116 111 119 114 122 144 146 145 134 133 134 154 148 146 151 155 143 135 142 132 117 123 127 129 133 136 127 121 116 
164 157 154 152 146 136 124 118 120 133 146 147 138 131 133 134 133 133 132 139 147 140 139 147 146 130 115 112 115 114 112 114 122 158 164 139 136 139 140 141 141 140 143 125 140 157 166 160 164 166 161 158 159 159 155 128 125 134 134 133 134 133 133 125 
166 157 153 154 154 153 148 136 120 123 141 155 152 140 135 137 136 135 135 137 134 132 145 152 149 144 131 118 114 115 113 109 110 145 154 137 141 145 150 149 146 133 124 129 160 167 163 160 159 159 155 161 183 215 236 214 155 129 137 140 139 139 144 141 
166 157 151 150 152 156 160 154 135 121 129 143 151 151 147 138 130 128 132 134 127 126 138 146 149 149 148 142 132 126 119 111 106 134 137 132 149 157 153 151 148 137 138 143 145 143 142 145 146 147 164 204 240 252 255 255 239 183 143 141 144 143 142 139 
166 160 151 144 144 149 155 159 153 136 126 129 138 148 152 145 134 130 132 132 129 129 134 135 135 137 144 148 147 144 139 132 126 138 131 129 143 158 158 153 145 148 144 143 142 143 145 146 146 163 207 244 255 255 255 255 255 252 221 166 140 137 140 138 
165 163 157 149 144 144 146 153 158 150 135 131 134 138 145 153 152 143 135 133 128 127 132 137 134 129 129 136 140 141 138 134 133 136 133 150 161 159 154 151 147 142 140 139 140 146 148 145 158 198 241 255 255 255 255 255 255 255 255 245 209 157 135 126 
163 163 161 157 150 146 144 147 154 156 149 138 134 135 139 146 153 151 146 139 130 128 132 134 132 127 126 127 126 125 125 124 122 132 137 160 162 163 160 147 140 135 139 144 146 146 141 148 181 225 252 255 255 255 255 255 255 255 255 255 255 248 228 204 
161 161 161 159 155 151 149 149 151 155 156 149 142 140 140 140 145 148 151 153 150 144 141 137 131 125 124 125 124 122 122 123 124 133 137 155 162 165 154 139 137 141 147 149 145 138 142 168 206 241 254 255 255 255 255 255 255 255 255 255 255 255 255 255 
157 160 159 158 155 152 152 153 152 153 157 159 154 148 146 144 141 141 149 154 155 152 150 149 142 135 130 126 126 125 124 124 125 136 145 150 158 157 143 139 143 145 146 141 135 139 165 201 232 250 255 255 255 255 255 255 255 255 255 255 255 255 255 255 
152 158 158 157 156 152 149 149 151 152 154 157 158 152 150 149 146 144 145 146 146 146 146 147 144 144 142 137 135 134 134 132 131 133 144 142 141 143 137 138 139 139 136 134 139 162 193 221 238 246 252 254 254 255 255 255 255 255 255 255 255 255 255 255 
144 152 157 158 158 157 150 145 145 149 152 155 156 152 147 148 148 148 147 144 140 138 135 134 134 134 133 132 132 132 133 133 133 132 133 142 140 136 136 137 136 134 132 136 157 192 225 244 249 251 252 252 252 252 253 254 254 255 255 255 254 254 255 255 
136 145 153 158 161 163 159 152 146 145 148 154 157 153 146 143 144 145 147 145 143 139 134 134 133 131 129 129 129 130 132 134 132 131 133 138 140 140 139 139 136 132 131 148 186 228 250 255 255 255 255 253 249 248 251 252 253 252 250 247 245 243 244 247 
132 139 145 152 159 162 163 161 157 153 149 148 149 150 146 141 140 139 139 138 137 135 135 136 134 132 132 132 133 135 134 130 128 128 135 141 142 140 138 136 134 132 146 182 226 251 255 255 255 255 255 255 254 253 252 250 248 244 238 235 234 233 235 234 
127 135 140 142 148 153 156 159 160 159 154 145 137 137 141 143 140 137 134 134 133 132 131 134 136 138 138 138 139 138 133 128 127 132 139 141 140 137 134 130 132 147 181 222 249 255 255 254 255 255 255 255 255 254 254 254 251 246 241 238 236 236 234 229 
117 121 131 138 140 143 146 149 152 154 153 145 136 132 135 141 143 137 131 129 130 128 128 132 137 143 147 145 140 134 130 127 128 135 141 140 135 131 130 137 158 192 228 249 255 255 255 255 255 255 255 255 255 255 255 255 255 253 251 245 239 235 230 226 
111 109 114 128 138 139 138 139 141 143 145 144 141 136 133 137 140 135 128 124 124 126 127 130 135 143 148 144 135 132 132 132 135 140 140 136 133 141 158 183 210 232 245 248 250 252 254 255 255 255 254 255 255 254 252 252 252 253 250 245 239 234 231 227 
104 97 92 102 119 133 136 135 136 138 139 139 140 137 132 131 133 129 123 120 123 126 126 126 134 142 143 138 133 132 135 139 144 144 140 143 159 184 207 224 233 234 229 225 226 234 245 249 251 252 253 254 254 253 250 247 246 246 246 245 242 237 231 224 


31 16 31 84 119 122 133 101 79 95 117 130 154 178 188 195 200 204 196 186 178 174 176 177 172 170 172 174 173 173 174 174 168 160 166 166 165 163 159 155 147 143 142 141 145 143 135 132 128 128 128 125 123 124 123 123 122 121 122 121 120 119 119 114 
17 71 113 127 129 118 84 66 63 88 95 124 169 193 205 209 213 208 192 181 174 176 184 186 189 188 181 172 177 187 183 183 178 172 170 170 174 174 176 174 167 160 157 154 150 141 140 140 133 134 131 129 132 131 129 130 127 124 124 123 123 123 122 118 
71 121 114 120 140 132 97 80 83 91 98 150 191 206 210 215 220 209 194 186 183 187 184 182 186 192 192 192 196 196 191 187 184 179 176 179 179 176 173 173 177 175 169 164 160 155 151 149 145 140 137 137 138 140 137 136 132 131 129 129 128 129 125 121 
111 111 127 116 114 123 102 103 88 78 121 176 206 210 212 218 216 204 193 191 195 193 187 191 188 186 199 202 197 197 199 197 188 180 182 185 182 178 169 163 166 174 175 172 171 169 165 161 159 155 156 154 152 144 139 136 132 131 131 131 131 125 122 121 
119 136 124 91 65 79 104 134 102 91 148 194 215 219 224 221 213 202 194 198 200 201 213 217 211 211 212 209 202 200 199 199 188 183 187 185 185 184 182 179 171 171 169 166 169 170 174 174 169 166 165 164 159 152 152 147 140 137 137 132 130 129 128 120 
133 133 93 89 80 100 122 115 99 122 176 212 225 232 228 213 207 207 204 204 209 219 225 222 223 224 219 214 208 206 206 199 191 190 184 184 189 186 185 180 173 170 172 177 179 173 171 170 169 168 168 170 168 166 165 159 154 153 149 144 142 140 133 129 
133 118 90 102 102 100 102 98 111 159 205 228 234 234 215 201 209 214 211 209 219 222 218 222 224 219 216 216 218 219 213 205 203 198 196 197 192 189 186 185 186 183 180 180 177 171 169 170 176 178 179 174 170 166 163 162 162 161 155 153 149 145 142 138 
132 117 106 119 121 112 104 101 129 183 220 230 234 226 206 203 214 219 217 215 219 218 216 221 218 215 218 217 214 216 212 204 203 205 208 205 197 193 190 193 199 195 188 179 174 175 178 179 178 177 175 169 166 164 166 168 166 161 156 158 156 151 149 143 
107 106 107 107 109 116 110 104 146 197 218 224 229 216 206 210 214 220 218 213 218 225 227 226 224 223 219 218 215 216 217 214 209 209 211 206 204 205 203 200 193 187 185 182 178 176 177 174 176 181 179 177 174 171 171 167 165 162 159 160 161 159 158 156 
117 122 123 123 117 118 108 100 146 189 209 219 209 193 203 214 215 216 218 218 221 222 224 227 229 225 216 218 223 221 214 211 212 211 208 210 214 213 208 198 189 188 188 186 183 185 186 186 184 180 174 173 172 172 169 168 171 169 169 168 163 164 163 166 
119 104 111 119 122 118 101 99 141 177 195 194 170 168 201 218 215 214 219 216 207 200 207 219 227 225 221 220 225 226 222 220 216 208 204 210 213 206 200 192 190 188 186 188 191 193 191 186 178 176 173 174 172 166 163 168 168 166 171 170 167 168 164 161 
120 111 117 110 113 116 92 89 125 152 160 147 134 157 196 218 220 218 213 199 179 169 175 195 216 227 230 224 222 225 224 222 217 211 207 206 206 201 195 192 191 188 186 186 184 181 179 177 178 180 178 178 171 166 168 169 165 166 167 162 166 164 165 163 
130 119 121 133 127 103 60 72 110 126 120 106 113 150 189 219 228 221 193 166 149 143 149 164 193 218 224 220 219 221 223 223 219 216 212 206 205 202 197 193 189 186 184 180 178 179 179 183 185 180 178 176 171 170 173 172 173 174 169 167 163 158 158 157 
126 133 134 135 112 54 24 73 112 110 89 78 95 132 177 214 229 212 171 139 129 130 135 146 170 203 222 226 224 223 221 219 217 213 210 206 201 197 193 187 184 181 179 179 179 181 184 184 180 177 177 173 173 174 174 172 168 161 156 157 159 165 164 162 
114 119 116 96 46 7 16 75 97 76 52 52 69 105 158 199 214 192 159 141 138 136 133 136 157 193 220 226 225 223 218 213 209 205 202 197 192 188 184 180 178 175 174 175 176 178 181 179 177 175 173 172 170 168 163 162 159 157 160 162 165 168 164 164 
126 120 86 33 4 0 15 57 58 42 43 43 41 72 133 177 184 170 162 160 156 152 147 140 151 180 203 211 212 211 207 198 192 194 193 188 184 179 174 170 168 167 167 168 168 172 173 171 170 167 166 166 165 166 164 165 160 162 166 169 170 168 164 162 
122 95 40 5 2 11 32 52 47 38 33 27 23 41 107 162 176 173 172 170 160 147 144 143 143 158 172 176 178 179 181 179 175 173 173 172 170 167 164 161 158 158 158 159 159 162 163 163 163 164 166 166 166 165 166 163 160 164 168 169 171 171 168 170 
119 58 9 17 43 69 72 58 44 31 17 13 15 38 111 169 187 183 177 173 161 138 124 126 127 133 141 144 145 146 148 148 148 147 147 148 149 150 150 150 150 150 151 151 151 154 158 159 161 162 165 162 160 165 165 159 163 166 168 168 170 169 164 162 
35 30 51 78 92 91 85 64 27 11 12 14 12 56 137 186 198 187 176 174 166 142 114 109 111 113 120 126 129 129 128 128 128 128 128 129 130 132 135 138 141 143 145 147 147 150 152 154 157 157 161 158 157 162 159 158 162 163 163 164 168 170 164 165 
35 65 89 94 82 63 47 36 22 14 17 17 26 94 165 199 201 187 176 175 168 142 115 114 118 121 126 131 135 138 138 138 138 138 138 137 133 130 129 128 130 133 136 139 140 144 146 149 151 153 157 155 156 157 155 157 161 165 163 168 177 174 169 176 
41 47 60 73 77 75 66 55 46 36 32 35 60 131 187 209 203 187 175 168 160 146 145 150 148 148 150 152 152 152 151 150 150 149 146 143 141 140 139 135 130 125 125 127 128 132 136 138 141 144 148 150 154 154 155 156 161 166 163 169 172 166 172 177 
39 32 21 25 47 75 89 82 70 55 34 38 86 157 199 212 205 185 168 156 144 154 180 184 171 163 162 161 159 154 145 134 133 140 139 140 140 142 142 143 142 137 133 128 125 124 125 125 128 132 136 141 146 150 154 155 159 162 157 161 166 168 178 177 
48 23 13 23 42 68 86 87 79 67 51 55 112 172 199 201 195 177 157 142 126 136 175 189 180 168 161 155 149 141 134 126 129 141 143 145 144 144 143 146 146 145 147 148 145 143 141 136 133 131 128 129 133 140 147 152 158 159 156 162 168 172 181 181 
69 48 42 54 73 89 94 87 81 76 66 75 133 174 177 170 162 150 134 121 105 95 122 148 148 138 129 128 128 128 134 141 144 148 147 148 147 147 145 147 145 145 149 150 146 148 150 148 147 146 147 147 142 137 137 141 149 152 155 162 163 168 170 175 
64 60 62 67 78 90 97 93 83 72 64 90 146 170 162 153 145 137 124 110 97 94 103 118 121 122 125 134 140 143 148 149 146 144 144 146 148 145 140 143 143 142 146 145 141 144 145 145 145 145 149 153 153 151 151 151 149 143 149 156 159 164 170 182 
75 82 89 95 101 104 99 75 39 28 52 103 146 156 149 146 144 138 126 110 96 103 119 126 131 137 144 149 150 149 150 150 145 145 144 143 144 142 137 138 137 137 143 142 141 142 143 145 144 144 148 156 157 156 160 166 163 152 151 149 153 161 174 180 
101 118 127 121 102 74 58 45 20 6 46 111 142 141 137 141 144 137 123 108 95 105 116 121 131 138 141 148 150 148 147 149 149 144 142 140 141 142 140 138 134 137 143 143 143 141 142 143 141 142 146 155 152 152 158 162 164 168 165 151 147 158 171 180 
112 109 94 65 33 15 12 11 6 6 64 131 155 146 135 129 122 112 107 112 117 116 116 122 131 137 141 145 147 147 147 145 146 144 142 141 142 144 145 146 141 129 124 133 147 152 152 149 146 143 144 144 143 150 161 167 169 173 174 171 162 155 164 175 
40 21 9 2 0 0 0 0 1 21 94 144 152 135 118 109 108 113 121 125 129 136 136 137 138 141 145 148 153 152 148 147 146 146 144 143 142 144 146 150 135 115 113 128 141 149 151 155 156 155 149 145 148 154 162 164 167 169 171 175 175 158 159 174 
1 0 0 0 0 5 11 13 25 65 116 137 132 122 111 103 104 112 116 123 138 147 143 144 152 153 151 151 155 156 155 156 153 149 150 153 151 148 157 159 144 120 115 142 151 159 157 154 156 157 160 159 157 159 160 161 164 167 171 174 179 173 163 165 
0 0 0 0 0 6 29 59 86 109 131 137 124 109 95 93 101 109 116 128 144 153 150 148 153 152 152 161 167 160 152 151 155 156 158 166 165 163 179 178 147 109 104 117 146 165 165 160 158 160 164 167 161 156 157 159 164 170 173 175 178 178 166 160 
0 0 1 1 7 31 76 113 127 126 133 137 127 114 103 106 113 114 120 134 146 155 155 148 149 150 155 164 172 174 165 158 156 158 168 182 167 156 180 185 144 139 147 139 147 156 168 165 166 169 157 150 155 140 135 143 152 162 171 173 175 176 169 169 
13 15 11 12 41 88 128 146 138 126 132 140 139 132 115 106 105 105 115 128 136 143 146 138 139 144 161 173 173 170 163 162 164 168 171 176 154 141 145 173 198 197 194 187 175 167 173 178 177 161 133 119 116 117 110 104 108 124 143 157 171 172 161 168 
75 66 44 39 74 119 151 153 131 119 125 138 143 133 114 105 98 98 110 120 118 123 136 136 139 147 163 175 169 161 159 161 167 163 156 168 158 163 159 175 211 219 206 199 187 184 179 175 151 125 116 103 94 93 102 102 104 111 116 131 151 168 165 168 
99 83 57 48 76 116 147 146 123 108 112 128 139 131 118 117 114 105 109 117 115 119 136 142 141 153 178 192 185 175 178 178 169 140 140 142 146 163 182 187 210 224 228 221 202 186 162 119 107 114 116 111 109 106 102 105 110 108 115 123 132 152 162 166 
96 80 55 43 67 108 143 149 129 111 106 112 125 128 120 123 127 123 124 118 107 109 128 142 144 156 186 206 201 183 182 172 140 125 119 110 116 128 143 144 150 197 202 195 192 168 127 101 99 92 91 99 111 119 131 132 128 124 108 102 114 130 152 165 
89 76 60 63 84 112 141 154 145 128 111 100 111 125 123 121 125 128 134 132 116 108 125 142 144 158 197 216 216 205 184 143 124 120 106 107 113 123 116 114 120 146 160 169 178 145 118 109 67 65 98 100 89 92 97 129 113 112 106 106 119 129 142 161 
77 78 92 108 119 126 138 151 151 139 120 99 97 111 123 122 118 120 124 130 131 126 135 149 149 161 205 226 222 214 178 141 134 117 120 128 113 100 91 83 100 137 137 150 178 149 111 109 96 73 90 60 37 86 104 122 124 128 133 131 125 133 139 160 
90 103 120 130 130 126 125 134 147 145 128 106 89 93 115 123 116 111 112 120 131 133 137 146 150 158 195 226 229 218 168 138 138 142 150 114 97 91 97 97 107 124 111 127 161 143 104 102 109 104 109 119 128 139 154 162 156 149 143 139 133 130 132 158 
117 126 129 127 125 121 115 117 138 148 137 122 103 91 99 117 118 107 106 112 120 125 128 132 137 144 166 202 224 223 175 131 135 134 142 98 101 66 70 99 117 110 100 106 140 139 122 142 146 124 129 146 141 142 156 161 160 151 137 132 126 121 128 151 
131 130 126 123 124 126 125 128 142 150 145 137 126 111 99 103 107 101 101 106 116 122 122 124 126 128 137 167 201 213 172 138 141 144 154 152 149 142 138 132 142 145 117 117 123 136 120 148 157 142 129 161 163 147 148 151 147 142 135 127 119 118 122 131 
137 129 124 122 125 129 129 130 140 147 145 140 137 128 116 111 109 113 115 111 113 121 124 126 121 118 119 142 172 188 169 146 154 159 167 174 166 152 161 150 148 160 123 131 107 129 138 124 142 149 124 147 159 155 147 142 139 136 136 128 116 107 106 129 
139 132 125 120 121 124 124 126 132 139 139 137 142 141 134 129 124 125 127 115 102 105 120 129 120 109 108 119 137 159 165 153 151 156 157 163 166 161 168 158 136 154 123 145 121 120 143 147 127 140 132 137 145 141 135 131 134 137 136 128 106 93 92 136 
139 133 126 119 118 121 124 125 125 127 130 134 143 147 142 136 133 129 127 124 113 110 116 128 135 124 112 111 120 140 158 158 147 146 148 149 154 157 161 155 141 142 119 146 124 126 129 132 146 126 134 138 135 123 129 139 146 147 119 105 105 110 121 149 
144 137 128 121 119 119 120 121 125 130 134 136 132 129 132 134 133 135 137 135 137 131 113 117 120 124 118 113 114 119 138 157 148 136 135 141 144 147 147 145 142 137 131 142 131 122 123 125 138 123 130 141 136 133 144 146 117 105 96 94 100 102 126 154 
151 146 136 126 122 118 112 115 127 134 135 130 123 124 131 129 130 135 135 130 137 135 118 107 105 121 128 126 115 110 115 133 145 109 110 132 148 154 151 147 139 137 136 129 131 134 127 129 128 121 135 136 139 143 146 138 112 109 116 118 116 120 134 142 
159 156 149 141 133 119 111 117 126 131 131 126 124 126 127 128 133 133 133 141 151 148 132 120 111 113 123 125 121 116 111 114 136 136 118 119 123 125 136 143 149 143 139 132 126 123 145 134 134 138 143 133 135 145 142 122 115 123 131 132 123 116 119 121 
163 158 154 150 139 121 111 116 124 134 137 132 130 134 135 134 135 136 136 144 151 145 135 134 127 114 110 114 120 118 114 114 127 163 148 116 111 119 114 122 144 146 145 134 133 134 154 148 146 151 155 143 135 142 132 117 123 127 129 133 136 127 121 116 
164 157 154 152 146 136 124 118 120 133 146 147 138 131 133 134 133 133 132 139 147 140 139 147 146 130 115 112 115 114 112 114 122 158 164 139 136 139 140 141 141 140 143 125 140 157 166 160 164 166 161 158 159 159 155 128 125 134 134 133 134 133 133 125 
166 157 153 154 154 153 148 136 120 123 141 155 152 140 135 137 136 135 135 137 134 132 145 152 149 144 131 118 114 115 113 109 110 145 154 137 141 145 150 149 146 133 124 129 160 167 163 160 159 159 155 161 183 215 236 214 155 129 137 140 139 139 144 141 
166 157 151 150 152 156 160 154 135 121 129 143 151 151 147 138 130 128 132 134 127 126 138 146 149 149 148 142 132 126 119 111 106 134 137 132 149 157 153 151 148 137 138 143 145 143 142 145 146 147 164 204 240 252 255 255 239 183 143 141 144 143 142 139 
166 160 151 144 144 149 155 159 153 136 126 129 138 148 152 145 134 130 132 132 129 129 134 135 135 137 144 148 147 144 139 132 126 138 131 129 143 158 158 153 145 148 144 143 142 143 145 146 146 163 207 244 255 255 255 255 255 252 221 166 140 137 140 138 
165 163 157 149 144 144 146 153 158 150 135 131 134 138 145 153 152 143 135 133 128 127 132 137 134 129 129 136 140 141 138 134 133 136 133 150 161 159 154 151 147 142 140 139 140 146 148 145 158 198 241 255 255 255 255 255 255 255 255 245 209 157 135 126 
163 163 161 157 150 146 144 147 154 156 149 138 134 135 139 146 153 151 146 139 130 128 132 134 132 127 126 127 126 125 125 124 122 132 137 160 162 163 160 147 140 135 139 144 146 146 141 148 181 225 252 255 255 255 255 255 255 255 255 255 255 248 228 204 
161 161 161 159 155 151 149 149 151 155 156 149 142 140 140 140 145 148 151 153 150 144 141 137 131 125 124 125 124 122 122 123 124 133 137 155 162 165 154 139 137 141 147 149 145 138 142 168 206 241 254 255 255 255 255 255 255 255 255 255 255 255 255 255 
157 160 159 158 155 152 152 153 152 153 157 159 154 148 146 144 141 141 149 154 155 152 150 149 142 135 130 126 126 125 124 124 125 136 145 150 158 157 143 139 143 145 146 141 135 139 165 201 232 250 255 255 255 255 255 255 255 255 255 255 255 255 255 255 
152 158 158 157 156 152 149 149 151 152 154 157 158 152 150 149 146 144 145 146 146 146 146 147 144 144 142 137 135 134 134 132 131 133 144 142 141 143 137 138 139 139 136 134 139 162 193 221 238 246 252 254 254 255 255 255 255 255 255 255 255 255 255 255 
144 152 157 158 158 157 150 145 145 149 152 155 156 152 147 148 148 148 147 144 140 138 135 134 134 134 133 132 132 132 133 133 133 132 133 142 140 136 136 137 136 134 132 136 157 192 225 244 249 251 252 252 252 252 253 254 254 255 255 255 254 254 255 255 
136 145 153 158 161 163 159 152 146 145 148 154 157 153 146 143 144 145 147 145 143 139 134 134 133 131 129 129 129 130 132 134 132 131 133 138 140 140 139 139 136 132 131 148 186 228 250 255 255 255 255 253 249 248 251 252 253 252 250 247 245 243 244 247 
132 139 145 152 159 162 163 161 157 153 149 148 149 150 146 141 140 139 139 138 137 135 135 136 134 132 132 132 133 135 134 130 128 128 135 141 142 140 138 136 134 132 146 182 226 251 255 255 255 255 255 255 254 253 252 250 248 244 238 235 234 233 235 234 
127 135 140 142 148 153 156 159 160 159 154 145 137 137 141 143 140 137 134 134 133 132 131 134 136 138 138 138 139 138 133 128 127 132 139 141 140 137 134 130 132 147 181 222 249 255 255 254 255 255 255 255 255 254 254 254 251 246 241 238 236 236 234 229 
117 121 131 138 140 143 146 149 152 154 153 145 136 132 135 141 143 137 131 129 130 128 128 132 137 143 147 145 140 134 130 127 128 135 141 140 135 131 130 137 158 192 228 249 255 255 255 255 255 255 255 255 255 255 255 255 255 253 251 245 239 235 230 226 
111 109 114 128 138 139 138 139 141 143 145 144 141 136 133 137 140 135 128 124 124 126 127 130 135 143 148 144 135 132 132 132 135 140 140 136 133 141 158 183 210 232 245 248 250 252 254 255 255 255 254 255 255 254 252 252 252 253 250 245 239 234 231 227 
104 97 92 102 119 133 136 135 136 138 139 139 140 137 132 131 133 129 123 120 123 126 126 126 134 142 143 138 133 132 135 139 144 144 140 143 159 184 207 224 233 234 229 225 226 234 245 249 251 252 253 254 254 253 250 247 246 246 246 245 242 237 231 224 