


130 126 123 115 111 114 125 140 148 143 134 131 128 123 118 127 146 163 188 195 185 181 185 179 160 120 75 36 17 12 11 10 9 8 5 3 3 3 3 3 3 3 3 3 3 2 2 2 2 3 3 3 3 6 12 17 18 19 20 21 21 21 21 24 
113 105 106 119 137 151 161 163 174 187 176 167 165 167 170 176 184 191 197 191 185 180 161 124 81 44 25 19 16 12 9 8 7 6 5 3 2 2 3 3 3 3 3 3 2 2 3 2 3 2 3 3 7 14 19 20 18 17 18 19 19 20 23 28 
105 115 134 148 153 159 164 166 165 170 179 179 171 164 157 159 160 157 143 128 114 90 73 49 33 26 25 23 18 11 8 8 7 6 5 3 2 3 3 2 3 3 3 3 3 2 3 3 3 3 3 8 15 21 21 20 18 16 16 19 23 26 38 36 
135 141 141 151 158 162 164 164 159 158 156 153 140 127 117 104 87 64 47 36 33 45 65 46 45 37 34 30 21 13 8 7 7 6 6 5 3 3 3 3 3 3 3 2 3 3 3 3 3 4 7 16 21 22 21 20 18 18 17 23 28 34 38 21 
150 150 150 155 159 161 158 147 134 119 109 88 51 30 28 35 20 13 22 47 62 73 63 46 66 58 52 40 27 15 9 8 7 7 7 6 4 4 3 3 3 3 4 5 5 7 9 12 13 14 18 22 23 23 21 19 18 19 22 21 21 15 12 13 
151 152 153 151 141 131 109 85 64 44 42 38 17 7 11 28 14 16 40 71 78 67 51 46 82 79 74 54 34 19 12 9 8 8 8 7 5 7 7 8 10 13 17 17 17 19 20 21 21 21 23 22 22 21 20 20 20 20 19 20 10 8 10 12 
142 139 125 105 90 72 49 39 37 35 33 33 23 9 9 17 21 51 76 77 64 49 47 50 97 89 86 69 44 24 16 12 11 11 10 9 12 18 19 20 22 22 23 23 23 22 23 22 23 22 23 23 22 22 22 19 16 15 16 13 7 8 9 11 
115 92 63 39 32 32 31 31 31 29 28 26 23 13 14 16 31 78 80 65 57 51 49 53 105 98 95 80 53 26 19 14 14 19 22 19 19 21 23 23 25 27 26 25 24 24 25 26 25 23 23 21 21 22 21 19 15 13 13 6 6 7 9 10 
57 29 23 25 28 29 29 29 29 31 32 35 40 40 35 28 34 80 77 67 66 64 60 57 109 108 106 86 53 28 22 17 32 75 101 85 37 23 26 27 28 29 29 28 26 25 28 32 30 25 24 23 22 20 19 17 15 13 10 6 6 7 10 12 
36 30 30 30 33 39 49 54 55 58 56 52 51 45 34 28 36 79 77 73 74 76 68 56 111 111 113 89 54 32 26 24 53 106 124 116 48 24 29 30 31 33 29 29 32 39 46 62 67 53 38 28 23 20 19 19 15 14 9 6 6 8 9 12 
67 60 51 39 33 30 32 47 51 49 49 49 42 34 33 31 38 78 75 75 76 70 60 51 95 103 110 86 54 36 28 36 82 118 123 114 43 23 27 27 26 27 33 55 96 132 146 163 169 163 143 109 52 22 19 18 14 16 8 6 11 10 10 12 
34 32 31 31 22 9 7 12 18 23 26 27 28 26 28 33 40 80 82 76 76 68 60 51 89 91 95 74 48 36 31 54 106 127 127 111 37 24 27 27 33 54 95 137 169 185 194 198 202 198 192 176 125 34 20 30 26 17 8 7 22 15 11 11 
20 25 28 28 22 9 5 4 5 6 8 10 16 15 15 24 42 86 87 79 81 88 69 43 78 73 67 52 42 37 37 72 117 132 132 108 33 29 40 63 98 140 163 170 179 193 204 210 212 206 204 188 137 35 21 38 50 15 7 8 22 17 13 12 
31 27 25 25 20 9 5 4 6 10 23 19 13 19 36 44 49 93 93 78 78 95 70 45 71 52 42 35 37 36 42 86 125 134 135 105 47 75 114 144 166 174 174 173 174 189 206 212 214 206 203 176 106 32 25 32 19 8 7 7 10 11 13 13 
7 9 14 18 23 10 7 8 20 33 40 34 33 29 37 51 47 74 56 41 47 68 68 47 56 36 30 28 34 34 47 97 130 133 138 120 116 149 166 168 175 178 178 179 176 187 200 210 213 201 175 109 35 18 15 11 8 7 7 10 10 11 12 14 
6 8 22 33 42 14 7 10 37 46 39 36 33 32 30 39 41 45 35 44 60 69 56 44 53 27 25 24 31 32 54 105 128 128 127 131 157 171 175 175 177 179 179 176 175 183 193 200 182 130 68 30 27 12 11 11 9 8 6 9 11 12 13 13 
7 9 31 47 45 16 21 42 56 49 43 36 33 33 33 28 22 28 34 47 59 62 50 42 50 23 21 21 27 31 60 104 103 83 94 123 161 172 177 178 175 175 173 165 168 173 158 117 62 36 26 20 18 8 10 11 9 6 4 8 11 12 14 19 
7 11 38 56 51 25 52 69 63 51 46 41 35 34 34 29 16 26 43 57 60 56 42 41 49 21 19 19 26 31 54 64 45 47 78 124 161 167 165 163 143 152 152 138 117 78 44 27 28 30 26 19 10 4 13 12 10 3 3 8 16 23 30 41 
9 12 42 46 35 34 67 74 67 52 48 42 35 36 36 33 15 26 49 70 59 56 46 42 49 20 18 19 30 45 60 49 42 43 67 126 157 148 135 134 123 96 62 50 33 26 25 26 28 30 27 17 9 3 10 10 12 5 3 9 22 44 54 66 
9 14 43 40 30 29 56 75 78 65 50 44 37 35 37 31 13 24 50 66 52 56 45 38 49 20 20 29 49 78 83 58 52 36 51 96 120 100 113 101 52 30 28 27 26 25 25 27 29 32 32 20 8 3 7 10 11 9 3 8 22 62 71 74 
10 14 46 60 49 17 21 47 60 60 50 42 36 36 41 29 14 29 61 60 45 52 54 47 50 24 40 64 85 93 81 60 71 62 48 58 74 80 74 34 24 26 25 25 25 24 25 29 31 32 31 18 8 3 6 11 10 10 3 7 16 56 73 72 
11 15 49 70 59 16 9 10 14 19 28 34 38 37 39 35 19 32 71 60 47 74 86 62 51 28 48 81 87 84 85 58 57 68 66 64 80 69 40 26 27 27 27 24 28 27 27 32 33 31 32 18 9 3 5 10 11 12 6 6 12 45 73 74 
10 16 52 79 72 18 10 8 8 9 9 10 22 34 46 54 23 27 47 41 44 77 94 65 46 24 28 37 39 49 82 72 49 47 60 71 84 53 32 26 28 27 28 27 29 30 28 32 34 34 32 19 9 2 4 9 10 11 9 6 12 31 69 73 
9 16 52 73 66 17 9 8 8 9 10 9 12 38 62 61 31 40 61 84 103 87 71 62 42 36 28 20 17 24 52 82 75 68 68 57 47 37 32 27 27 28 29 28 30 33 30 33 33 35 34 22 10 3 3 8 10 9 10 6 11 22 65 75 
11 19 51 68 55 18 10 9 9 9 10 10 11 41 73 79 83 103 117 121 119 74 51 64 64 58 52 43 30 21 31 39 46 61 68 59 33 31 30 28 28 31 30 32 33 35 31 31 33 36 34 22 10 4 5 8 10 9 11 9 8 14 40 53 
13 47 71 74 54 18 10 9 8 8 9 9 11 51 103 112 117 121 122 113 89 54 49 56 52 53 54 45 41 32 29 30 37 43 33 27 30 32 31 30 31 33 31 34 33 34 33 36 38 35 33 27 22 11 7 6 10 9 11 12 7 11 22 28 
11 35 85 92 59 17 11 9 8 8 9 9 11 51 108 107 96 80 85 95 66 50 62 67 53 40 34 32 35 34 39 40 40 73 35 26 33 35 33 33 32 34 36 35 32 35 44 39 35 39 40 31 17 6 3 4 8 9 9 13 8 8 22 35 
16 41 79 83 54 17 11 9 8 8 9 9 11 47 68 57 48 54 83 70 55 74 90 94 79 73 66 52 42 44 57 71 98 114 37 29 35 36 34 34 34 39 34 33 39 46 39 39 43 41 38 24 9 2 3 3 6 10 9 12 11 9 59 91 
59 91 101 93 60 18 11 10 8 8 9 9 11 46 66 51 46 51 62 47 44 46 62 68 48 43 54 64 65 71 82 108 135 112 34 31 36 35 30 35 40 36 32 41 50 39 47 50 42 37 35 25 8 4 6 8 8 8 8 11 13 9 45 71 
105 106 106 98 68 22 12 9 8 8 9 10 12 45 71 51 48 52 61 60 59 55 49 48 45 42 47 51 55 67 96 135 144 101 33 31 37 36 32 44 43 35 45 48 43 57 56 43 41 35 35 23 17 14 9 5 5 6 7 9 13 10 23 50 
117 116 110 96 79 25 11 9 8 9 9 9 13 43 57 61 78 77 72 72 70 69 72 58 53 55 54 67 74 82 104 132 140 87 36 33 38 38 39 53 42 44 52 43 62 56 43 43 36 33 42 36 17 5 2 2 4 5 6 8 16 15 15 41 
118 122 120 106 78 23 11 10 9 9 9 10 16 37 59 78 89 89 85 83 78 74 72 68 73 76 70 86 90 83 78 89 92 56 42 38 38 37 46 55 47 53 44 70 56 45 48 39 43 52 52 23 8 4 3 2 5 7 5 7 13 19 13 28 
75 112 121 109 73 21 12 10 11 11 10 13 25 53 80 85 81 76 77 75 80 82 85 86 93 90 76 116 139 130 86 80 79 63 50 41 40 39 58 47 56 47 67 58 44 49 46 52 56 48 40 25 14 5 3 3 5 9 6 6 9 21 14 18 
16 57 100 96 69 20 13 11 11 11 13 24 61 87 93 91 83 81 79 76 80 89 98 90 91 75 76 133 157 164 144 107 118 114 89 60 37 45 68 48 59 64 70 52 50 52 59 59 53 47 42 23 9 3 3 3 4 7 6 6 7 20 17 15 
17 59 80 80 67 24 14 11 12 13 21 49 86 93 98 94 92 84 82 89 86 83 89 94 102 64 61 101 134 165 187 169 148 147 137 104 65 55 74 57 62 85 65 60 56 68 68 57 42 41 39 22 10 3 1 2 3 6 6 5 6 16 21 16 
20 62 74 89 73 23 13 11 14 22 49 76 96 103 108 105 102 82 70 87 75 84 92 108 101 53 52 92 107 137 176 186 173 151 144 139 111 71 81 69 86 81 68 67 71 68 52 40 40 41 41 23 13 7 4 3 3 7 10 14 21 33 46 43 
11 29 77 94 83 27 14 12 21 57 90 104 110 107 127 146 125 81 56 58 63 84 87 91 85 58 62 116 117 119 150 180 188 181 158 155 133 117 151 133 107 88 81 79 68 44 42 44 43 41 43 25 20 16 13 26 51 60 68 73 78 81 83 82 
11 18 66 95 92 30 22 40 88 135 155 157 157 161 171 157 150 128 108 81 70 68 72 84 95 95 100 161 182 162 125 144 177 187 186 194 186 192 217 211 158 103 78 61 39 42 49 47 44 44 44 27 20 19 25 47 72 80 83 83 85 87 86 88 
11 17 63 90 94 64 100 136 163 169 171 172 175 176 171 161 155 143 111 79 82 75 87 89 102 111 101 144 139 134 144 139 156 172 191 209 223 240 246 240 217 146 51 28 37 46 50 47 47 45 46 27 16 11 29 56 75 75 70 79 78 81 81 82 
11 16 61 78 102 135 145 155 164 169 168 174 183 174 167 161 156 144 105 95 92 89 93 87 83 85 84 115 117 110 120 134 173 157 178 203 230 249 249 247 235 194 87 26 35 47 51 48 47 45 45 27 17 9 52 63 66 78 54 57 69 73 76 75 
12 17 59 73 128 141 151 163 175 168 169 175 179 168 164 158 162 146 108 91 92 98 93 89 94 99 112 130 116 128 133 89 144 149 120 121 169 240 250 244 237 215 159 73 26 45 52 50 48 47 44 26 16 14 83 86 59 65 62 26 56 69 72 71 
13 17 59 75 116 135 139 148 152 152 154 162 155 147 142 145 143 135 110 103 102 99 92 103 123 127 127 124 129 151 125 83 85 97 75 97 157 224 238 231 215 204 173 113 38 42 54 54 49 47 45 25 15 19 100 110 83 53 60 37 28 59 62 66 
12 17 61 82 80 117 120 121 118 118 125 130 127 127 125 128 127 119 94 92 101 98 97 105 87 70 68 76 124 156 168 167 156 147 140 153 219 249 247 238 213 163 147 120 41 40 56 55 52 53 52 30 15 24 109 117 104 73 46 51 19 40 61 66 
13 18 70 95 66 49 70 101 105 100 96 91 90 79 84 88 72 68 53 49 69 93 81 87 89 113 120 118 120 123 130 138 139 138 141 190 240 246 240 223 175 117 158 119 31 43 58 57 54 56 55 26 15 31 115 121 112 91 55 40 32 11 29 36 
24 46 77 63 36 28 36 59 83 95 89 85 80 77 82 78 48 35 28 25 38 77 75 97 96 110 99 82 102 133 140 154 175 184 175 189 200 192 167 140 116 132 156 106 27 46 59 60 59 58 51 21 14 37 108 112 108 104 79 37 31 9 8 14 
69 87 91 62 34 33 42 56 56 56 67 72 54 46 43 37 33 42 43 34 59 59 82 97 99 103 93 101 128 150 171 171 168 156 134 119 100 99 90 93 114 126 130 103 46 60 64 63 61 59 52 20 13 45 123 119 109 104 90 52 26 12 5 11 
101 103 106 98 70 50 52 57 39 34 49 63 54 60 58 42 35 49 48 42 54 69 68 70 75 104 107 114 124 136 141 131 134 150 132 94 62 62 82 108 108 101 125 94 61 72 75 74 67 61 54 22 14 55 134 137 131 116 93 61 27 13 5 9 
116 116 116 104 71 65 57 55 41 23 29 39 50 59 50 49 45 46 49 53 58 74 78 82 99 122 121 96 85 106 117 122 152 127 75 118 151 125 100 92 87 117 119 89 90 81 78 79 73 69 57 22 15 33 72 110 125 124 108 74 30 16 6 9 
122 133 116 76 52 59 59 51 43 27 34 52 64 54 42 44 44 49 74 73 59 60 71 95 132 123 105 121 123 116 101 120 105 124 96 145 175 118 82 67 68 129 92 71 89 92 87 80 77 78 74 34 23 27 44 91 107 109 109 88 35 19 9 16 
114 126 98 45 34 47 62 55 36 33 57 87 78 51 40 42 44 41 45 58 52 37 40 52 83 97 98 86 71 71 83 113 77 68 115 136 135 95 66 52 77 135 100 66 79 87 90 90 82 81 74 35 28 34 49 93 108 103 91 96 44 22 10 15 
129 129 100 43 41 42 59 62 39 39 68 97 71 46 56 55 40 36 35 38 34 39 44 57 96 105 100 95 106 121 140 118 74 98 118 149 110 92 80 67 106 120 99 78 72 81 88 88 86 80 66 30 28 34 53 94 107 94 87 89 60 25 13 15 
133 129 120 69 32 29 44 62 49 37 53 69 69 75 69 49 59 78 76 61 48 48 64 87 95 91 99 89 106 104 105 92 93 140 160 157 87 93 74 63 111 87 84 97 78 79 83 82 86 87 74 33 23 22 38 82 89 84 80 96 62 28 17 14 
132 130 129 117 72 41 34 54 57 44 37 49 77 86 61 70 88 84 82 89 88 88 99 108 93 84 87 84 75 76 87 104 100 138 155 106 72 86 63 51 82 62 76 91 92 80 81 78 80 82 72 37 31 28 34 70 79 77 92 97 43 31 24 13 
129 132 133 129 124 99 63 37 41 41 36 41 73 75 78 86 92 109 119 118 123 125 134 118 89 77 74 77 82 88 88 92 82 76 83 68 58 72 74 50 59 61 77 86 91 87 83 84 84 80 65 20 20 25 37 69 70 87 103 65 36 51 28 13 
128 129 131 131 130 129 114 63 31 30 38 38 65 94 95 95 117 130 133 130 129 138 151 132 113 85 74 66 65 78 84 85 90 70 42 35 50 95 82 60 59 75 82 84 89 95 89 87 88 89 65 15 11 10 31 69 86 101 76 42 63 64 23 12 
123 123 124 128 127 126 123 95 41 28 40 37 89 105 106 125 140 149 154 160 158 147 131 131 134 83 78 65 52 65 79 84 78 70 70 49 62 83 74 59 71 81 82 86 88 94 96 90 90 93 68 13 8 6 31 77 95 81 44 65 79 59 14 9 
107 110 113 115 116 118 121 112 65 28 30 64 117 113 121 140 154 154 161 165 163 154 137 120 102 54 74 83 78 73 78 81 78 79 74 58 54 62 76 81 79 85 87 87 88 92 94 93 91 91 65 13 6 4 36 85 82 36 58 80 78 42 9 8 
91 93 97 96 98 103 102 103 83 31 24 94 120 130 146 149 154 159 164 155 140 129 132 118 91 71 75 87 89 84 72 69 69 64 65 66 61 75 78 81 85 87 89 91 94 97 98 93 91 93 62 11 6 4 39 83 52 33 75 81 65 23 10 8 
82 84 84 86 87 88 90 91 80 38 23 102 136 136 143 139 136 135 119 88 78 90 94 92 89 84 91 102 120 113 54 55 63 69 81 82 75 76 79 81 87 89 91 93 93 97 97 96 93 94 62 12 6 5 31 71 37 38 72 68 45 11 11 7 
76 77 76 79 80 76 80 80 72 52 25 47 101 121 118 94 72 53 33 31 35 40 41 42 47 75 127 144 153 122 53 60 72 76 83 85 74 77 85 83 89 91 91 92 96 99 98 98 97 99 60 13 9 8 18 51 49 43 53 59 67 47 15 6 
74 74 65 72 81 82 78 78 76 67 41 20 21 27 29 26 23 19 18 21 22 20 23 23 31 76 132 148 154 113 52 68 74 78 83 81 72 79 84 83 89 92 91 91 96 100 101 102 102 107 61 13 12 11 13 45 72 62 61 75 96 103 81 34 
97 92 83 81 83 84 83 83 84 80 64 45 33 20 17 20 19 16 16 17 17 18 20 23 33 84 135 147 154 105 51 71 75 78 79 77 70 80 85 86 88 91 94 95 99 103 104 103 108 113 58 13 10 10 13 53 96 88 81 77 91 106 110 100 
108 106 104 101 100 98 96 94 91 89 87 85 75 51 33 21 20 20 21 24 22 21 19 26 45 97 141 150 153 92 51 73 75 78 75 71 69 81 89 89 89 91 97 97 101 104 104 105 110 116 56 15 10 9 10 55 97 97 93 84 81 87 97 104 
114 114 111 109 107 107 108 108 110 107 103 99 94 84 50 25 23 22 21 20 22 23 25 29 55 111 144 153 151 81 48 70 76 78 72 64 69 80 89 92 89 91 95 96 100 106 105 108 113 121 57 16 9 6 7 51 100 102 98 94 87 81 85 89 


40 40 41 33 28 30 40 51 60 57 49 44 43 39 39 45 58 78 99 102 95 91 93 91 75 52 28 13 5 4 3 3 3 3 2 2 1 2 2 1 1 2 2 2 1 1 1 0 0 1 2 2 2 3 4 6 6 5 5 6 6 7 7 8 
34 31 30 35 48 60 68 72 84 97 83 72 71 69 72 78 87 101 108 97 91 88 78 55 33 15 8 5 4 3 3 3 3 2 2 1 1 0 1 1 1 1 2 2 1 1 1 0 1 2 1 1 3 5 6 6 6 6 6 6 6 7 8 12 
27 33 45 58 63 67 71 73 71 75 85 86 79 71 64 64 67 68 65 56 49 37 22 12 10 7 7 7 5 4 3 3 2 2 2 2 1 1 1 1 1 2 2 2 2 2 1 1 1 2 2 3 6 6 7 7 7 6 6 7 10 14 24 24 
48 54 58 64 68 70 72 72 66 64 64 64 56 47 42 36 30 22 16 10 7 8 13 10 14 11 11 9 7 4 3 2 2 2 2 1 2 1 1 2 2 2 2 2 2 1 1 2 1 2 3 6 7 7 6 7 6 6 6 9 16 24 28 13 
65 63 62 65 67 71 69 62 52 45 39 31 18 10 8 9 5 3 5 9 12 15 13 10 20 18 17 12 8 4 3 2 2 3 3 2 2 2 2 2 2 2 2 2 2 3 3 3 4 4 6 8 8 7 7 6 6 6 8 10 10 8 4 4 
66 64 64 64 58 53 40 27 17 11 10 8 5 3 4 8 5 4 8 15 16 14 10 11 28 27 25 17 11 5 3 3 3 3 3 3 3 3 3 3 3 5 5 5 5 6 6 6 7 8 9 9 8 8 7 6 6 6 9 10 4 4 4 4 
60 57 46 37 35 29 13 8 7 7 7 7 6 2 3 5 5 11 17 15 13 12 11 13 37 32 30 22 13 7 4 3 3 3 3 4 6 7 7 7 6 7 7 8 7 8 7 7 8 9 9 10 7 7 7 7 5 6 10 8 3 3 4 5 
42 31 18 10 7 6 6 6 6 6 6 6 6 3 4 4 7 17 17 14 14 14 12 15 43 37 34 26 15 9 6 3 3 5 10 8 7 7 7 8 8 8 9 8 8 8 8 8 8 9 9 9 7 7 7 6 5 6 6 3 2 3 4 5 
18 8 5 5 6 6 6 7 7 7 8 9 10 11 9 7 8 18 17 17 19 19 16 17 48 43 41 29 16 9 7 5 9 36 71 66 22 8 8 9 8 9 9 8 8 9 9 10 10 9 9 9 8 7 7 6 6 6 3 2 2 3 4 5 
10 7 7 7 8 10 12 14 15 16 15 14 14 12 10 9 10 19 18 21 25 24 21 19 50 47 48 32 16 11 8 7 16 60 94 96 33 9 9 9 8 9 10 9 12 20 25 41 48 39 24 14 8 7 7 6 5 5 3 2 2 4 4 4 
18 17 13 10 8 7 8 13 14 13 13 13 11 10 12 14 12 19 19 24 27 23 20 18 39 40 45 32 16 11 9 10 32 78 96 96 27 9 9 8 8 9 14 32 78 122 138 159 166 158 135 98 40 11 8 7 6 6 3 3 5 6 4 4 
8 8 8 7 6 3 2 3 5 7 8 8 9 11 13 17 14 20 21 24 26 23 19 17 36 32 35 24 13 11 10 14 55 90 100 91 21 7 8 9 12 29 71 122 164 183 192 197 200 198 190 174 121 25 10 22 19 9 3 3 10 6 3 3 
5 6 7 7 5 3 2 2 1 2 3 4 7 8 7 11 13 26 23 21 24 22 16 13 29 24 21 16 12 11 10 23 72 97 104 87 16 10 15 36 70 115 139 147 162 187 203 209 211 205 203 188 135 30 13 29 42 10 3 3 10 5 2 3 
8 7 7 7 5 3 2 2 2 3 6 6 5 10 24 30 18 30 31 21 17 16 14 13 27 16 13 10 10 10 11 32 83 101 107 81 23 46 85 117 142 146 144 142 142 173 204 211 213 205 202 176 104 22 12 25 13 3 3 3 4 3 3 3 
2 3 5 6 8 4 2 3 5 8 11 12 11 11 23 37 20 24 21 15 14 17 18 14 21 11 9 8 9 9 13 43 90 101 111 91 86 119 137 137 142 142 138 141 140 160 194 209 212 199 175 108 31 9 7 5 4 2 3 3 3 3 3 3 
2 3 10 17 20 6 3 3 9 14 13 14 13 11 12 25 19 15 14 16 17 17 15 14 21 8 8 7 9 9 15 55 91 101 105 105 127 139 141 138 137 139 138 138 141 150 173 197 182 128 63 25 21 7 5 5 4 3 3 4 3 3 3 3 
3 3 15 26 26 8 7 14 18 16 17 15 15 14 12 12 11 10 15 16 15 16 13 12 20 7 6 5 8 9 19 61 79 69 78 101 130 135 139 137 133 133 135 131 135 148 149 114 54 21 11 12 14 6 5 5 4 2 2 3 3 3 4 9 
3 3 19 34 33 11 18 26 21 18 19 17 16 15 12 10 7 9 16 18 18 18 13 13 21 6 5 5 8 12 30 46 37 35 60 100 125 128 130 125 110 119 123 116 100 68 35 14 12 12 10 10 7 3 9 7 7 2 1 3 8 14 19 31 
3 4 23 28 20 13 24 29 23 19 24 20 16 16 12 11 6 9 18 27 22 19 16 14 20 6 5 5 11 28 49 43 34 30 43 94 119 110 105 106 99 77 47 39 20 10 10 10 12 13 11 10 7 2 6 6 8 3 2 3 14 34 42 54 
4 4 23 22 13 11 20 30 30 23 19 18 16 16 14 11 5 9 19 27 18 18 16 12 19 6 6 13 34 64 74 49 44 28 35 71 91 76 91 83 39 16 12 11 11 9 10 11 12 15 13 11 6 2 4 5 6 6 2 3 14 52 59 61 
4 4 24 37 32 8 6 16 23 22 16 16 14 13 14 12 6 9 23 26 14 16 16 14 20 8 24 52 74 83 72 49 59 50 35 42 58 64 59 22 10 11 10 10 11 9 10 12 14 15 14 9 6 2 3 6 5 8 3 3 8 49 63 60 
3 5 26 43 39 8 3 4 6 7 8 9 11 12 14 18 11 10 28 25 13 14 14 17 22 16 38 72 79 73 75 48 46 54 50 48 64 53 26 11 10 11 10 10 13 11 12 14 15 15 15 9 6 1 2 6 6 8 4 3 5 39 64 62 
4 5 28 47 44 9 4 3 3 4 4 4 6 16 28 38 16 9 18 16 11 12 13 15 30 19 24 32 33 38 70 62 39 36 44 54 69 38 13 11 12 12 13 12 13 13 13 14 15 15 16 10 5 1 1 5 5 7 7 3 4 25 59 63 
4 5 28 44 42 9 4 3 3 4 5 4 4 22 44 43 17 9 11 11 9 14 21 29 33 29 23 15 13 18 40 71 63 52 51 44 34 18 13 11 12 13 13 12 12 14 13 14 15 15 15 11 6 1 1 5 5 5 8 3 4 15 54 63 
4 5 27 40 37 9 4 4 3 4 5 5 4 21 40 28 12 13 15 9 7 20 39 51 53 47 42 35 23 17 25 34 36 49 56 49 17 12 12 11 12 13 13 14 17 16 13 13 15 17 17 11 6 3 4 5 6 4 7 5 3 9 34 46 
4 16 35 40 34 8 4 4 3 3 4 4 4 20 26 11 11 24 28 25 23 29 39 47 44 43 43 38 35 29 26 25 29 36 24 15 12 12 13 13 13 13 14 16 17 14 14 19 21 18 17 19 20 11 6 4 6 5 6 8 3 7 20 28 
3 11 39 45 32 7 3 3 3 3 4 4 4 21 34 22 18 29 37 46 41 39 52 59 46 34 28 26 29 29 32 31 32 60 22 10 12 13 14 14 14 15 19 16 12 16 26 20 17 23 26 23 15 5 1 2 5 5 5 8 4 5 22 34 
4 14 35 40 30 8 4 3 3 3 4 4 4 24 36 33 34 37 41 36 37 60 78 85 69 62 57 43 32 33 46 57 81 94 20 11 13 14 14 15 17 22 16 12 21 30 20 21 27 26 24 16 6 1 1 1 5 7 5 7 6 6 65 94 
19 40 52 53 39 10 3 3 3 3 4 4 5 25 43 39 37 34 33 31 33 37 51 58 41 34 43 51 51 57 69 92 115 90 16 11 12 13 12 18 25 17 12 24 35 22 30 35 28 22 18 12 5 2 4 7 8 6 5 6 8 5 50 76 
48 57 61 62 49 12 4 3 3 3 4 4 5 24 44 38 35 39 49 49 48 45 41 40 37 32 37 38 42 57 79 112 120 79 15 11 12 12 14 30 25 14 25 31 24 45 41 25 24 18 15 12 16 13 8 3 4 5 4 5 9 4 22 52 
61 68 68 62 58 17 4 4 3 4 4 4 5 20 32 44 65 66 60 60 57 56 60 48 42 42 43 52 61 70 81 106 115 67 19 12 13 14 23 40 21 24 35 25 50 42 23 26 19 14 25 27 15 3 0 0 3 4 4 4 10 6 5 35 
58 69 71 66 54 13 4 4 3 4 4 5 6 20 44 68 81 81 74 70 67 63 60 57 63 63 55 71 77 67 57 64 69 41 27 16 14 14 31 40 24 37 25 60 40 25 30 19 25 37 35 13 6 2 1 1 3 5 5 4 8 11 3 20 
28 57 68 64 46 11 4 3 3 3 4 6 12 36 66 76 74 68 67 65 69 71 73 72 80 78 57 92 119 108 68 60 62 51 42 24 20 15 45 28 37 28 54 44 29 33 24 35 41 29 20 16 12 4 2 2 3 6 5 4 5 13 4 9 
4 19 47 48 37 10 4 3 3 4 5 10 42 74 81 80 73 71 67 63 65 74 82 76 81 64 58 107 134 142 121 78 95 98 77 53 24 24 56 28 39 47 55 34 36 35 41 41 34 26 20 12 6 1 2 2 3 5 5 5 4 13 6 5 
5 22 40 41 41 13 4 3 3 4 8 29 67 77 78 72 68 66 65 71 69 69 74 82 90 53 49 84 115 142 163 138 115 127 121 91 56 41 60 38 42 75 49 45 41 51 52 38 18 14 15 11 6 1 1 1 2 4 5 4 4 10 9 4 
6 26 37 45 41 12 4 4 4 10 32 55 72 70 67 62 67 66 55 68 59 70 78 97 90 43 42 77 89 112 147 159 145 128 126 123 100 66 69 50 75 70 54 53 56 52 28 14 12 13 17 12 7 3 2 2 2 5 7 9 12 19 25 22 
5 10 36 47 41 13 5 4 8 39 70 77 72 64 81 104 98 66 47 47 51 72 76 80 75 49 49 101 103 95 118 143 150 147 134 140 125 112 143 122 102 78 70 68 56 24 13 13 12 12 17 12 8 7 6 14 30 34 38 40 42 44 45 45 
5 6 32 54 48 14 8 21 64 113 130 126 127 124 139 123 120 108 94 71 59 56 59 69 84 83 82 141 165 148 104 115 137 143 150 173 172 182 213 210 158 102 75 51 22 15 13 13 12 13 20 14 8 8 12 34 44 42 43 43 46 47 48 47 
5 6 29 49 51 39 73 103 133 142 143 142 149 154 149 135 133 126 95 65 70 61 72 74 88 98 89 137 132 122 128 120 124 130 153 181 205 234 245 241 221 149 50 16 14 14 15 13 13 13 20 13 6 4 14 46 66 55 38 40 41 43 43 43 
5 6 28 46 70 110 115 124 144 153 150 157 166 153 146 141 134 127 90 79 77 75 78 73 69 72 79 122 125 113 112 112 145 133 151 178 220 249 249 248 237 198 87 21 13 15 15 14 14 14 19 13 6 4 29 37 55 70 37 27 34 36 37 37 
5 6 27 45 102 118 124 144 161 154 155 162 165 151 144 136 139 127 93 77 76 82 78 73 81 86 102 124 123 137 131 74 113 123 105 109 158 238 250 244 235 214 161 72 15 14 15 15 15 15 18 12 6 7 53 50 34 54 51 13 26 32 34 34 
5 6 27 45 87 111 112 129 135 134 139 148 141 130 122 124 120 115 94 89 88 86 79 91 115 119 118 113 123 143 119 72 69 80 59 75 139 219 234 223 202 191 171 113 33 13 15 16 15 15 21 12 6 11 66 69 47 30 49 28 13 28 29 31 
4 5 24 40 45 89 95 97 94 97 105 112 109 107 103 108 108 100 77 76 88 87 88 97 78 58 55 62 111 143 153 150 136 126 117 128 207 247 243 229 192 130 138 122 36 14 18 16 16 19 27 13 5 14 72 75 63 41 27 40 12 20 29 31 
2 5 25 44 33 30 49 76 78 76 76 71 69 59 61 71 56 52 41 38 57 81 70 75 77 102 108 106 108 112 118 124 123 123 124 179 237 243 235 215 162 91 150 116 25 15 17 17 17 21 27 11 6 20 75 78 70 52 27 25 24 6 15 18 
6 14 30 32 21 17 25 37 49 60 66 69 63 61 64 64 38 27 22 19 32 67 65 85 83 98 88 70 90 124 134 148 172 182 170 182 192 181 147 118 96 112 136 92 19 15 17 17 17 21 24 10 5 22 62 62 64 62 44 17 20 6 4 8 
21 33 41 39 22 21 31 41 35 34 49 64 46 37 34 28 24 33 36 29 53 52 73 85 88 91 83 94 122 144 167 167 161 148 122 102 80 78 68 73 91 105 110 89 39 29 25 20 19 22 25 10 5 29 80 71 61 57 49 25 12 7 2 6 
42 53 57 60 40 33 39 43 27 23 39 60 53 53 54 42 33 44 44 39 49 65 60 62 65 92 99 106 116 128 133 122 125 138 115 78 54 59 74 96 95 91 113 87 50 43 39 34 27 24 26 11 6 37 93 94 87 70 49 29 11 7 1 5 
56 60 67 62 39 45 42 40 30 17 22 37 50 56 47 49 44 46 49 53 53 67 69 71 88 111 106 83 73 96 108 113 140 122 63 99 132 115 90 82 77 108 107 82 74 55 44 40 36 31 26 10 8 22 53 90 97 84 64 37 11 8 3 6 
51 70 64 40 27 38 43 37 32 19 25 45 56 46 38 43 45 47 70 68 54 53 62 82 118 103 87 111 113 104 89 110 101 125 90 122 152 107 74 59 58 121 79 49 64 66 60 50 43 41 43 23 17 21 40 94 109 102 80 51 15 7 4 9 
48 59 45 19 15 29 44 41 28 25 42 71 62 40 35 39 42 37 39 50 45 32 33 41 65 79 84 75 59 58 70 105 87 86 117 123 123 89 59 42 66 125 86 30 40 55 56 57 49 48 47 26 22 29 46 98 112 104 69 58 20 8 5 8 
71 71 51 15 14 22 40 47 31 33 53 72 58 38 43 43 30 26 27 30 26 32 38 47 83 92 90 84 97 110 129 111 84 108 113 138 101 84 70 57 93 105 82 42 26 33 46 48 46 40 33 19 21 30 51 98 109 81 55 49 30 10 6 7 
74 73 64 30 9 12 27 43 39 32 40 54 57 61 56 36 43 61 63 52 38 38 54 78 84 81 89 77 94 92 92 82 85 129 148 146 79 86 63 52 95 68 54 62 31 31 31 35 43 49 46 23 16 18 36 85 76 52 44 57 33 13 10 8 
73 74 73 63 35 16 15 31 41 35 27 38 64 72 50 54 71 69 69 77 76 75 87 98 82 71 74 73 63 63 75 91 83 120 140 94 64 78 56 42 68 41 36 48 52 35 30 29 29 38 46 29 27 25 31 59 47 39 54 58 20 19 20 8 
69 73 76 72 71 54 31 18 25 30 28 28 55 55 61 68 78 96 105 106 109 111 119 104 76 66 63 67 72 78 77 79 69 67 72 59 51 65 67 44 43 26 27 34 47 45 35 33 31 36 39 10 15 22 29 41 34 49 64 34 23 44 25 7 
70 72 73 73 75 75 65 36 18 20 30 28 45 70 77 80 102 119 123 118 110 118 134 118 101 78 67 57 55 67 75 76 82 62 36 29 43 87 71 45 25 25 27 28 35 47 43 35 35 42 39 7 6 6 17 36 50 60 43 28 57 59 19 6 
68 70 68 72 73 70 71 54 24 18 30 29 68 85 91 113 126 139 145 145 139 127 105 110 119 72 66 54 42 55 68 75 68 62 61 44 55 72 59 28 23 26 27 28 33 41 49 42 39 48 46 6 4 2 15 42 57 46 29 61 76 54 10 6 
55 57 62 64 65 67 69 64 38 19 25 50 97 97 108 127 143 143 145 147 146 128 109 91 83 43 57 66 62 60 65 71 70 71 63 49 41 29 33 41 29 30 30 33 36 39 44 49 45 46 43 5 3 2 19 49 47 20 55 79 75 38 5 5 
44 44 49 50 51 56 55 55 47 21 20 74 104 114 129 131 135 136 134 131 114 90 86 78 65 52 57 69 74 71 57 56 54 45 35 28 25 24 23 34 39 35 35 37 38 41 45 42 46 54 43 4 2 1 22 48 27 27 75 80 62 20 5 3 
38 41 41 43 45 46 47 47 43 25 15 81 121 118 120 114 110 107 93 66 49 55 58 60 64 61 69 84 104 95 29 27 23 26 27 26 27 27 25 28 34 34 35 37 36 39 46 43 42 53 42 4 2 2 17 40 20 34 70 60 36 7 5 3 
31 33 33 36 37 36 39 41 38 31 18 31 79 101 98 74 53 39 24 24 28 30 31 32 35 50 101 122 132 97 22 24 25 27 29 29 27 28 27 30 31 37 39 41 42 44 47 47 51 65 41 4 2 2 8 27 26 25 31 30 33 25 9 2 
32 32 28 29 35 36 34 34 34 33 25 13 14 18 22 21 19 15 14 17 18 17 18 18 21 52 105 124 132 86 21 28 25 27 29 29 28 30 28 29 29 38 46 45 48 53 53 56 64 77 47 4 2 2 2 21 36 27 25 34 52 61 50 22 
45 42 37 35 37 37 37 37 38 37 31 23 18 14 13 16 16 13 12 15 14 15 16 18 22 61 109 124 131 75 19 25 26 27 30 30 29 33 32 31 32 39 45 50 55 63 67 65 78 91 44 5 3 2 3 28 54 47 40 35 46 62 69 63 
49 49 48 47 46 45 45 44 42 40 40 42 39 29 19 13 14 15 16 20 18 16 15 20 29 69 115 125 130 61 20 25 25 28 31 30 29 35 38 37 37 41 47 50 59 66 69 72 86 98 42 5 3 2 3 31 56 56 51 42 38 42 54 65 
55 57 54 55 54 52 53 54 56 53 50 48 45 40 25 10 11 13 14 13 16 15 17 19 34 82 116 126 127 48 19 24 26 26 31 31 31 34 39 38 38 40 46 50 61 67 65 73 90 104 42 5 3 2 3 29 60 62 57 55 47 38 42 47 


2 3 7 3 2 2 4 4 10 11 6 5 4 4 5 7 10 25 32 32 27 23 23 22 13 9 6 4 1 1 1 1 0 0 0 0 0 0 0 0 2 1 0 0 1 0 0 1 1 0 0 0 0 1 0 1 2 2 2 1 0 1 1 1 
3 3 3 3 4 4 7 8 16 28 16 11 11 9 9 11 17 35 42 25 19 15 13 9 5 2 2 0 1 1 0 0 0 1 1 1 1 1 1 0 2 1 0 0 0 1 1 1 0 0 1 1 1 1 1 1 2 2 2 1 2 2 3 6 
2 2 3 4 5 5 7 8 7 10 16 17 14 9 6 6 7 9 14 12 7 6 3 2 1 1 1 1 1 1 0 0 0 1 1 1 1 1 2 1 1 1 0 0 0 0 0 0 2 2 2 1 1 1 0 1 2 3 2 2 5 10 21 20 
4 5 8 7 6 7 8 7 5 4 5 6 5 4 3 3 4 3 2 2 2 1 1 1 2 1 1 1 1 1 0 0 1 0 0 0 0 1 1 0 0 0 0 0 0 1 1 0 2 2 1 1 1 0 0 1 1 2 2 3 11 20 24 10 
11 6 6 6 6 7 7 5 4 5 4 3 2 1 1 1 1 1 1 1 1 2 1 1 3 2 1 2 1 1 0 0 0 0 0 1 1 1 1 0 0 0 1 1 1 1 1 1 1 1 1 1 1 1 1 2 2 2 3 4 5 5 2 2 
11 6 5 5 5 8 5 3 2 2 2 1 1 0 0 1 1 1 1 1 1 1 1 2 3 3 3 3 2 1 1 0 0 0 0 2 1 2 2 1 1 1 1 1 2 2 1 1 1 2 3 2 1 1 1 1 1 2 5 7 1 1 2 2 
9 5 4 4 9 12 4 1 1 1 1 1 1 0 0 1 1 1 2 2 1 1 2 2 4 2 3 2 1 1 1 1 1 1 1 2 2 2 1 1 1 1 1 2 1 1 1 1 1 2 3 4 1 1 1 1 1 3 7 5 1 0 1 2 
4 4 2 2 1 1 1 1 1 1 1 1 1 1 1 1 1 1 1 1 1 1 2 2 6 4 3 3 1 1 1 1 1 2 5 4 2 1 1 1 2 1 2 1 1 2 2 2 2 2 2 3 1 1 1 1 2 3 4 1 1 1 1 2 
3 1 1 1 1 1 1 1 1 1 1 1 1 1 1 1 1 1 1 1 2 2 2 4 7 5 4 3 2 1 1 1 2 17 50 51 14 1 1 2 2 2 2 2 2 2 3 4 3 2 3 3 1 2 2 1 2 2 2 1 0 1 1 2 
1 1 1 1 1 1 1 1 1 1 1 1 1 1 1 1 1 1 1 1 2 3 3 5 8 5 5 4 2 1 1 1 3 32 68 76 23 2 2 2 2 2 3 2 5 12 18 37 44 34 21 9 2 2 3 2 2 3 1 1 0 1 1 2 
1 1 1 1 2 1 1 1 1 1 1 1 1 1 2 5 3 1 1 2 4 5 4 5 7 3 5 3 2 2 1 2 11 47 71 77 18 2 2 2 2 2 7 25 71 119 135 157 165 157 134 98 36 6 3 2 3 2 1 1 2 3 2 2 
1 1 1 1 1 0 1 1 1 1 1 1 1 3 4 8 5 2 2 3 5 6 5 5 7 2 2 2 1 1 2 2 27 60 77 74 12 2 2 2 5 19 60 113 160 181 191 194 197 194 188 174 121 22 5 19 16 5 1 2 4 2 1 1 
1 1 1 1 1 1 1 0 0 1 1 1 3 3 3 5 5 2 3 2 4 3 3 3 5 2 2 2 1 1 2 5 41 67 80 70 9 3 7 26 56 95 117 124 145 178 199 205 207 200 198 186 133 26 9 25 38 7 1 1 4 2 1 1 
1 1 1 1 1 0 1 1 1 1 1 2 2 6 17 22 8 3 3 3 3 4 2 3 6 2 2 1 1 1 1 11 52 72 83 65 14 33 66 95 118 117 114 113 113 153 197 206 209 201 199 175 100 15 6 21 11 1 1 1 1 1 1 1 
1 1 1 1 2 1 0 1 1 1 1 2 2 3 15 28 11 3 4 3 3 3 2 4 5 1 1 1 1 1 2 17 59 74 87 70 65 93 110 107 110 108 101 107 107 134 184 204 208 197 173 106 26 4 3 2 1 1 1 1 1 0 1 1 
1 2 4 7 7 2 1 1 1 1 1 3 3 2 3 16 10 3 5 5 3 2 2 4 7 1 1 1 1 1 2 25 63 77 83 81 98 109 110 103 101 102 100 104 109 119 152 192 179 124 58 21 17 3 2 2 1 1 1 1 0 1 1 1 
1 1 9 15 15 4 1 2 2 1 4 5 5 3 1 4 6 3 7 6 2 2 2 4 6 0 0 1 1 2 4 32 56 53 62 80 100 101 105 100 93 95 99 97 105 123 139 112 49 14 5 7 11 4 2 2 1 1 1 1 0 1 2 5 
1 1 13 20 22 5 2 5 3 2 5 5 6 4 2 2 3 2 6 6 4 3 3 5 7 1 1 1 1 4 16 33 29 26 43 75 91 92 96 89 75 85 93 93 84 58 29 7 5 5 4 5 5 2 5 4 4 2 1 1 4 8 13 23 
1 0 14 17 11 4 3 6 4 3 12 7 4 5 2 2 3 2 6 11 6 4 3 3 6 1 1 1 5 19 41 36 27 20 26 65 81 73 73 73 70 56 35 31 13 4 4 4 6 7 5 5 5 1 4 3 5 2 1 1 9 25 33 44 
1 1 15 13 5 2 3 7 6 3 4 5 4 4 3 3 1 2 7 12 5 4 4 4 6 1 1 8 27 55 64 40 35 20 20 44 61 48 64 61 27 9 5 4 5 3 4 4 6 8 6 6 4 1 2 2 3 4 2 1 10 41 47 51 
1 1 15 23 22 5 1 3 4 3 2 3 4 3 2 2 2 2 8 13 4 3 3 5 6 2 16 44 64 72 61 38 47 38 22 26 40 44 42 15 4 4 4 3 5 3 4 5 6 8 7 5 4 0 1 3 2 5 2 1 5 39 51 49 
1 1 16 26 25 5 1 1 1 1 1 1 2 3 3 8 6 2 9 11 4 3 4 7 9 9 29 62 68 60 61 37 34 39 33 31 45 37 17 6 5 5 5 4 7 5 6 6 7 8 8 5 3 1 2 3 2 6 3 1 2 30 52 52 
1 1 18 27 25 6 1 1 0 1 1 1 1 7 17 26 11 2 5 5 3 3 4 7 19 14 20 26 26 29 56 49 28 23 27 34 49 27 7 5 6 6 7 7 7 7 6 7 8 8 9 5 3 1 1 3 2 4 5 1 1 18 46 51 
1 1 17 26 26 6 1 0 1 1 1 1 1 14 30 30 10 2 3 2 2 2 7 21 26 22 18 11 9 13 30 56 46 33 32 31 23 11 6 6 6 7 8 6 5 7 6 7 7 8 9 6 4 2 1 3 2 2 5 1 1 10 43 51 
2 2 16 26 26 5 1 1 1 1 2 2 1 13 27 18 5 2 2 1 1 7 26 41 43 37 33 27 16 12 19 24 24 32 38 38 11 5 5 6 6 5 6 8 11 9 6 7 8 10 10 7 5 3 4 5 3 2 4 2 1 6 27 37 
2 5 16 22 21 4 1 1 0 1 1 2 1 10 11 2 1 1 2 3 7 18 31 37 34 34 34 29 27 22 21 17 20 26 16 9 6 6 6 6 7 6 8 12 11 8 7 13 16 12 11 15 18 11 6 4 3 3 3 4 0 4 18 25 
1 3 15 17 15 4 1 1 0 1 1 1 1 11 13 5 2 3 5 15 22 29 42 48 37 26 21 19 21 21 24 21 22 48 15 4 6 6 7 7 7 8 14 11 6 10 21 14 11 18 22 21 14 5 2 2 2 3 2 5 1 2 20 33 
1 3 14 16 15 4 1 0 0 0 1 1 1 10 11 6 7 6 10 16 25 46 63 72 57 49 43 32 22 23 32 42 63 77 12 4 6 8 9 9 12 16 11 7 15 25 13 15 23 22 19 12 4 1 2 2 3 5 2 4 3 2 67 98 
4 12 22 26 25 5 1 1 0 0 1 1 1 8 11 9 8 8 15 21 25 26 39 47 31 25 30 37 35 42 51 71 93 72 9 5 6 6 6 13 21 12 6 19 30 16 26 30 23 18 13 7 3 3 5 7 6 4 2 3 5 2 50 79 
15 22 28 34 33 8 1 1 0 1 1 2 1 9 13 11 14 24 37 37 36 35 32 30 27 21 24 24 29 46 60 89 97 62 7 5 5 6 8 27 20 8 19 26 18 41 36 19 18 13 8 7 14 13 9 4 3 3 3 2 6 1 21 53 
19 29 34 34 43 13 1 1 0 1 1 1 2 8 12 28 51 53 46 47 42 42 45 34 30 28 29 36 45 55 59 81 91 52 12 6 5 8 19 37 16 18 30 19 45 36 17 21 14 8 18 24 13 3 1 1 2 3 3 2 5 3 3 30 
15 26 30 34 35 8 1 1 1 1 1 2 2 11 32 56 70 67 58 55 52 48 46 43 49 47 38 52 60 49 39 45 48 30 23 10 7 8 27 34 16 32 18 55 35 18 25 12 20 33 30 9 3 3 1 0 2 3 4 2 4 6 1 14 
6 16 23 28 25 6 1 1 1 1 1 2 6 25 52 63 62 55 52 49 53 55 57 53 60 59 37 65 93 80 46 41 44 40 37 19 15 8 41 23 31 23 49 39 23 28 17 29 36 25 13 12 10 4 1 0 2 3 4 2 2 8 1 5 
2 4 13 16 17 5 1 1 1 1 2 4 29 57 65 63 57 55 50 44 46 54 61 57 64 50 40 78 106 113 93 51 67 77 64 47 19 17 51 23 33 43 50 29 32 29 35 37 29 21 13 8 4 1 0 0 1 3 3 3 2 8 3 1 
1 8 18 21 24 8 1 1 1 1 2 17 49 56 56 47 42 43 43 45 46 49 56 64 73 41 38 66 93 115 134 106 79 103 101 74 48 36 55 33 36 71 43 41 36 46 48 33 11 6 6 5 4 1 1 0 0 3 3 2 1 5 5 0 
2 10 18 20 18 6 1 1 2 5 21 40 50 39 34 26 35 46 36 41 38 51 60 79 72 31 31 59 67 86 117 130 115 102 105 102 88 61 65 45 71 66 49 48 51 47 23 7 4 5 8 6 3 1 1 0 1 3 4 4 7 10 13 11 
2 3 16 19 12 5 1 1 4 28 54 56 42 32 49 70 71 49 36 34 37 56 61 65 60 37 36 82 85 72 86 108 115 115 108 123 114 106 135 116 98 74 65 63 52 18 5 5 4 5 8 6 2 1 3 8 14 16 17 18 19 20 20 20 
2 2 16 27 15 5 3 13 50 94 110 102 104 97 118 99 95 86 77 59 48 43 44 51 66 65 62 119 146 128 82 87 102 105 117 150 156 169 205 204 154 99 72 47 16 7 4 4 5 5 12 8 2 2 5 25 29 19 19 18 20 21 20 20 
2 2 14 25 20 25 55 79 111 120 122 121 130 139 133 118 117 105 76 51 55 44 53 55 70 81 70 108 107 102 108 98 91 95 122 154 188 228 244 242 221 149 48 12 6 6 5 5 4 5 12 6 1 1 8 40 61 44 19 16 16 17 18 18 
2 2 13 26 46 87 88 99 128 139 137 147 155 140 133 132 120 107 71 61 59 56 59 55 55 59 58 89 95 90 89 91 117 109 128 157 210 249 249 248 238 199 86 18 6 6 5 4 5 6 13 6 2 2 16 23 48 66 30 12 14 15 15 15 
2 2 14 29 78 93 98 125 148 141 145 154 157 139 132 122 121 105 72 57 58 63 61 57 66 72 86 98 97 109 109 64 86 98 92 99 148 236 249 244 232 209 161 70 11 5 5 5 5 7 11 6 2 3 28 26 21 49 46 8 11 13 13 13 
2 1 13 28 62 85 84 109 117 117 126 137 130 117 106 107 102 100 75 69 69 69 63 77 101 105 103 95 101 117 111 65 57 63 45 57 121 213 232 219 194 181 169 114 30 5 5 6 6 6 13 6 2 6 36 35 23 20 42 25 5 12 12 12 
2 1 9 14 22 63 68 70 69 75 84 93 93 92 84 89 91 85 60 57 70 70 73 85 66 46 42 50 96 126 134 130 113 101 92 104 196 247 243 224 184 114 133 122 33 6 7 7 7 10 18 7 2 8 40 40 29 19 18 34 9 8 12 12 
1 1 7 11 13 19 33 52 53 50 54 51 50 41 44 55 41 39 31 28 45 66 56 61 63 85 88 88 91 96 100 105 103 103 104 166 235 242 234 210 154 74 142 109 21 7 6 7 7 12 18 5 2 11 42 41 36 24 12 17 20 3 6 7 
1 3 6 13 12 10 17 23 23 29 43 52 46 44 47 49 25 18 15 12 26 55 53 70 68 82 73 57 77 110 121 137 162 173 159 173 183 170 129 99 77 91 115 75 16 6 5 6 7 12 17 5 1 14 36 35 36 31 21 8 14 4 2 4 
3 6 11 20 14 13 22 27 20 18 33 52 36 27 24 19 16 23 26 22 43 42 61 71 75 76 70 84 110 133 158 157 152 135 104 82 58 56 47 51 65 81 86 74 36 21 14 9 9 12 18 6 1 17 46 41 35 32 25 11 5 5 1 3 
9 18 21 29 20 19 27 30 16 15 30 52 46 43 45 37 29 37 37 33 41 55 51 51 53 75 85 95 103 116 119 107 110 121 95 61 42 52 63 77 78 74 94 77 45 34 30 25 18 15 18 6 2 21 52 52 47 39 28 16 3 3 1 2 
16 18 28 30 19 28 28 28 20 10 16 31 44 48 40 44 40 42 46 48 46 57 58 57 72 92 87 68 61 81 91 97 124 112 55 79 109 100 77 67 64 94 91 76 69 48 35 31 25 19 17 4 2 13 35 70 70 48 32 20 4 2 1 2 
10 20 22 16 12 23 27 24 21 10 15 34 44 34 31 39 42 43 62 59 46 44 50 67 100 82 68 95 95 87 73 93 82 103 75 98 128 93 64 49 49 107 67 42 58 59 52 41 33 31 34 19 13 15 34 95 109 93 54 24 6 2 2 4 
9 11 10 7 6 17 29 27 19 16 28 52 43 27 26 32 37 34 33 41 37 25 26 31 49 60 69 63 46 44 55 86 70 76 96 106 107 77 50 33 52 109 76 19 30 45 45 46 39 39 40 23 18 22 39 98 113 103 50 29 8 2 2 3 
18 19 15 6 3 10 26 32 22 25 38 50 43 27 29 28 20 16 17 21 18 25 30 36 67 75 76 70 82 97 114 93 65 85 91 121 88 71 58 45 75 87 72 31 12 20 33 38 34 29 25 16 17 25 45 99 108 68 32 26 15 3 3 3 
20 22 17 8 3 5 16 28 27 24 28 38 43 44 41 25 28 43 46 38 28 28 42 63 69 68 74 64 81 79 77 67 66 105 129 129 66 72 51 39 74 51 43 52 18 16 16 24 31 39 38 19 12 12 30 85 63 27 25 29 15 5 6 4 
19 21 20 19 12 5 5 16 25 24 17 28 48 56 38 38 53 52 52 60 60 59 70 80 67 57 58 57 50 49 59 76 67 100 122 79 52 63 45 31 50 30 24 35 40 21 17 16 15 27 40 26 22 20 26 48 26 21 27 26 8 11 16 4 
16 18 23 21 22 19 10 8 14 19 18 17 35 34 42 51 61 81 90 90 94 94 100 85 59 52 52 54 58 63 63 63 55 55 59 47 40 52 53 34 31 14 12 19 33 34 21 19 16 24 32 6 12 19 22 23 19 23 28 15 15 41 22 4 
17 19 21 23 23 25 23 15 8 10 19 19 27 44 57 63 86 105 112 103 93 100 117 100 83 64 56 46 45 55 61 62 68 51 29 22 32 71 56 34 14 9 10 11 20 32 29 20 18 29 31 4 2 3 10 22 26 28 21 19 52 58 18 2 
17 19 18 22 24 21 24 20 10 10 20 22 45 61 73 97 108 128 136 131 120 106 84 93 102 59 53 42 30 42 54 61 56 48 47 34 42 58 52 19 9 9 10 12 16 24 35 27 24 35 41 3 1 1 7 19 23 22 22 58 75 54 10 3 
16 16 19 22 22 22 25 23 16 10 18 35 71 75 92 113 130 131 131 132 133 108 85 65 63 31 39 44 40 41 48 54 54 57 49 38 31 18 22 32 15 13 13 17 21 22 28 34 32 33 38 2 1 1 9 20 20 13 51 78 74 39 4 2 
16 15 19 18 18 21 20 19 21 13 14 53 82 94 109 112 117 114 109 111 93 57 48 41 38 33 38 49 55 54 43 43 42 35 23 15 13 9 8 21 26 18 18 19 21 21 26 25 33 43 38 1 0 1 10 19 13 25 74 80 62 19 3 2 
14 17 17 18 20 20 20 21 22 14 10 61 99 96 96 91 86 82 72 51 29 28 29 31 39 38 46 62 83 77 19 17 11 11 9 10 13 11 9 11 20 18 17 18 18 21 28 25 26 41 36 1 0 1 8 17 9 31 70 56 30 6 3 1 
10 12 12 14 16 15 17 20 18 17 10 22 63 84 78 56 39 28 16 15 19 21 21 22 24 31 76 97 108 78 11 11 10 10 10 11 13 13 11 14 13 20 23 25 25 26 28 28 36 54 36 2 1 1 4 12 12 16 21 13 11 11 5 1 
11 12 10 9 12 13 12 13 13 14 13 7 9 12 17 15 14 10 9 11 13 12 12 12 14 35 81 101 108 68 11 14 10 11 12 14 15 14 11 14 12 21 31 30 33 37 36 41 50 66 42 2 1 1 1 9 17 15 14 15 20 26 24 12 
11 11 11 11 13 13 13 14 14 14 12 10 8 8 10 11 12 9 8 10 9 10 10 11 13 42 84 100 107 57 8 10 10 12 15 16 19 19 16 14 15 22 29 34 39 49 55 52 67 84 41 2 1 1 1 11 23 22 22 19 23 25 30 29 
9 11 11 11 11 12 12 13 14 13 14 18 18 13 9 6 10 9 10 14 13 11 9 13 18 46 89 101 106 44 9 10 10 14 19 19 19 21 24 20 19 24 28 33 44 52 56 58 76 92 38 1 0 0 1 14 25 24 22 21 21 22 25 29 
10 13 13 15 15 13 14 14 15 15 13 14 15 15 12 3 5 6 7 8 9 9 10 11 20 55 89 100 103 31 8 10 12 13 20 22 21 20 24 20 21 24 30 35 45 52 50 60 82 100 38 2 0 0 1 13 27 27 24 24 22 21 23 24 