


251 253 254 255 255 255 254 254 255 255 255 255 254 254 254 255 254 255 255 252 248 241 235 227 213 202 192 179 167 152 143 137 134 131 122 118 119 111 115 116 116 117 101 109 106 115 112 95 133 134 142 137 133 138 132 39 60 86 120 58 49 57 100 97 
254 254 255 255 255 255 255 255 254 254 254 255 255 254 255 255 255 255 255 253 249 242 238 231 215 204 193 180 167 152 143 138 134 130 122 119 118 110 115 118 120 118 107 118 103 119 101 84 128 129 140 139 131 142 130 35 53 86 101 50 47 58 101 102 
254 255 255 254 255 255 255 255 255 254 254 255 255 255 255 255 255 255 254 253 249 243 242 237 217 206 194 182 168 153 143 138 135 131 123 119 119 113 116 117 121 117 114 124 108 117 105 91 121 129 148 142 144 148 125 32 53 86 81 47 47 58 100 106 
254 254 255 255 254 255 255 255 255 255 255 254 255 255 255 254 254 255 254 254 251 245 245 241 220 208 195 183 170 154 144 139 135 132 123 119 119 113 118 117 119 118 122 121 105 118 115 104 125 129 146 143 141 144 135 35 49 87 75 47 43 59 103 110 
255 255 255 255 255 255 255 254 255 255 254 255 255 255 255 254 255 255 254 255 252 247 248 243 221 209 197 184 170 155 145 139 136 132 123 120 118 114 120 117 119 120 125 119 103 114 112 112 135 136 143 146 142 147 128 31 43 76 76 48 44 60 101 108 
255 254 254 255 255 254 255 255 255 254 255 255 254 255 255 255 255 255 255 255 253 250 249 245 224 211 198 185 173 157 146 140 136 133 124 121 118 114 120 119 117 121 122 115 108 118 115 109 140 140 124 137 143 151 124 28 40 71 67 47 45 62 99 102 
255 255 255 255 255 255 255 255 255 255 255 255 254 255 255 255 255 255 255 254 254 252 250 246 226 213 199 186 174 158 146 141 136 134 124 120 120 113 118 119 115 124 127 120 117 125 121 105 135 138 123 143 141 148 123 26 43 72 60 46 44 65 97 106 
255 255 255 255 255 255 255 255 255 255 255 255 254 255 254 255 255 254 255 255 254 253 252 246 228 215 200 186 174 159 146 141 137 133 124 120 122 111 117 116 111 121 126 120 113 124 126 115 131 133 128 143 149 154 120 26 44 73 56 46 46 67 95 106 
254 254 255 254 254 255 255 254 254 255 255 255 255 254 254 255 255 255 255 255 254 253 253 247 228 215 202 188 175 160 147 141 138 134 124 120 123 113 119 118 104 117 127 114 113 125 129 131 133 140 121 136 153 162 116 28 45 76 53 41 37 66 96 109 
254 254 255 255 254 254 255 255 255 254 255 255 255 254 254 255 255 255 255 255 255 254 253 248 230 217 203 189 175 160 147 142 138 135 126 122 124 118 123 117 106 123 126 107 111 121 127 132 137 143 118 140 150 162 108 27 47 80 61 38 34 66 99 104 
255 255 255 255 254 255 255 255 255 254 254 254 254 255 254 255 255 255 254 255 255 254 254 249 232 218 203 189 176 161 148 142 139 135 127 121 122 120 122 120 110 126 127 107 112 122 130 133 144 144 128 146 156 155 109 28 50 80 54 39 41 70 100 100 
255 255 255 255 254 254 255 255 255 255 255 255 255 255 255 255 255 254 255 255 254 255 254 250 235 220 205 191 177 162 149 142 139 136 127 119 121 119 124 118 110 124 128 117 119 130 135 138 147 143 138 153 163 157 99 29 49 79 47 36 47 71 97 102 
255 255 255 255 255 254 255 255 255 255 254 255 255 255 254 255 255 254 255 255 254 255 255 251 235 223 206 192 178 162 149 143 138 136 127 121 121 120 124 123 112 124 130 114 112 127 129 130 139 150 132 155 154 152 108 30 51 83 56 42 44 69 100 107 
255 255 255 255 255 254 255 255 255 255 255 255 254 255 255 255 255 255 255 254 254 255 254 251 237 223 206 192 178 164 150 143 140 137 128 122 122 122 123 121 115 124 131 108 109 123 128 136 144 148 128 152 150 156 113 32 45 74 62 50 50 69 103 111 
255 255 255 255 255 255 255 255 254 255 255 255 254 255 255 255 255 255 255 254 255 255 254 251 239 225 207 193 178 164 150 144 140 137 128 124 123 122 127 122 110 126 134 104 105 129 131 144 153 146 124 156 157 147 102 33 34 65 76 56 51 65 103 108 
255 255 255 255 255 255 254 255 255 255 255 255 255 254 255 254 255 255 255 255 255 254 254 251 240 225 207 193 180 164 150 144 139 136 127 123 124 123 129 127 108 129 137 104 106 136 124 144 149 144 113 143 149 142 115 31 27 55 84 65 50 66 106 108 
255 255 255 255 255 255 255 255 255 255 255 255 255 255 255 254 255 255 255 255 255 254 254 252 241 225 207 194 180 166 151 144 141 138 128 124 125 123 128 122 109 126 135 103 109 137 127 141 145 147 115 138 136 155 113 25 26 48 88 74 47 60 100 106 
255 255 255 255 254 255 254 255 255 255 254 255 255 255 255 255 255 255 255 255 254 254 254 253 242 225 208 194 183 168 151 144 141 138 129 125 125 121 128 125 113 126 132 105 113 135 133 134 134 142 119 147 130 165 95 20 24 37 81 79 49 59 102 104 
255 255 255 255 255 255 255 255 255 255 255 255 255 255 255 255 255 255 255 255 254 254 254 253 242 226 209 196 185 169 152 145 141 137 129 127 125 121 126 123 110 126 128 108 112 132 124 134 132 145 116 148 133 166 74 19 20 27 71 72 52 63 103 111 
254 255 255 255 255 255 254 255 255 255 255 255 255 255 255 255 255 255 255 254 255 254 254 253 243 226 210 198 187 170 152 145 142 138 129 125 125 122 126 125 106 124 130 114 116 136 118 139 134 147 112 133 118 160 72 19 20 26 78 69 52 61 99 101 
255 255 255 255 255 255 255 255 255 255 255 255 255 255 255 255 255 254 255 254 254 254 254 254 244 228 211 199 187 171 153 145 142 139 129 124 121 121 121 131 108 121 131 125 114 139 131 134 132 144 115 130 111 149 62 19 20 26 80 67 52 60 102 106 
255 255 255 255 255 255 255 255 255 254 255 255 255 255 255 255 255 255 254 255 255 254 254 253 244 228 211 199 187 171 153 146 142 139 129 125 122 119 120 129 109 128 135 128 116 140 135 138 143 146 108 131 109 147 60 20 20 25 75 64 55 64 105 107 
254 255 255 255 255 255 255 255 254 254 255 255 255 255 254 255 255 255 255 255 255 254 254 253 243 228 212 200 188 172 154 146 142 139 130 126 123 120 122 127 110 128 131 123 121 135 141 146 140 151 109 135 111 142 56 20 22 28 85 68 56 65 110 105 
254 254 255 255 255 255 255 255 254 254 255 255 255 255 255 255 255 254 254 255 254 254 254 252 243 228 213 201 187 172 154 146 142 140 131 127 123 119 125 131 112 130 133 122 125 140 139 143 138 154 117 126 102 146 56 20 23 30 85 62 57 66 109 109 
254 254 254 255 255 255 255 255 255 254 255 255 255 255 254 254 255 255 255 255 254 255 255 253 243 228 214 201 186 171 154 146 142 139 130 126 124 122 125 133 116 120 136 129 120 136 131 143 149 152 124 130 101 146 58 21 24 37 90 63 60 65 105 103 
255 254 254 255 255 255 255 255 255 255 255 255 254 255 255 255 254 254 255 255 255 254 254 253 244 229 215 201 186 171 155 146 142 139 130 126 125 123 123 129 113 118 127 127 119 133 125 134 143 148 121 130 93 146 62 21 28 46 116 80 56 63 100 106 
255 254 255 255 255 255 255 255 255 254 255 255 255 254 255 254 255 255 255 254 254 255 254 253 244 230 216 202 187 172 155 145 142 144 133 125 123 120 122 125 112 119 133 132 121 129 120 134 135 151 118 131 87 149 74 23 33 53 120 74 55 64 98 110 
255 255 255 255 255 255 255 255 255 255 255 255 255 255 255 255 255 255 255 254 254 254 254 253 243 230 216 202 186 172 155 146 146 197 156 125 123 126 128 127 118 123 134 132 123 125 121 136 139 152 130 134 98 149 77 26 39 63 125 76 57 69 110 114 
254 255 255 255 255 255 255 255 255 255 254 255 255 255 255 255 255 254 255 255 255 254 254 253 243 229 216 202 186 172 155 147 147 209 158 125 125 127 127 120 117 118 132 129 126 122 125 138 142 157 136 134 104 150 91 28 45 74 129 79 57 68 111 114 
254 255 255 255 255 255 255 255 255 255 255 255 255 254 254 255 254 255 254 255 255 255 254 252 242 227 215 201 186 171 155 146 143 154 138 125 122 124 125 123 119 118 135 130 135 128 126 136 143 159 139 137 108 153 98 31 51 93 140 81 55 68 112 107 
255 255 255 255 255 255 255 255 255 255 255 255 255 254 254 255 254 255 255 255 255 255 254 252 242 227 215 200 185 171 155 146 142 139 131 125 122 123 128 126 122 116 137 126 125 136 134 142 143 148 139 130 110 152 107 35 54 108 147 76 54 74 110 103 
254 255 255 255 255 255 255 255 255 254 255 255 255 254 254 255 255 255 255 255 255 255 254 253 242 227 214 199 185 172 155 146 141 138 129 124 125 124 127 127 123 119 137 131 127 132 127 135 144 150 132 130 117 153 115 39 55 109 145 76 56 75 108 109 
255 255 255 255 255 255 255 255 255 254 255 255 255 255 255 255 254 255 255 255 255 255 255 252 241 225 213 200 184 171 154 145 141 138 129 125 124 123 125 126 122 124 135 133 123 131 123 133 144 156 127 137 126 149 117 46 60 117 132 71 56 74 104 104 
255 255 255 255 254 255 255 255 255 255 255 255 255 254 255 255 255 255 255 255 255 255 255 252 239 223 212 198 184 171 154 145 142 139 129 125 123 121 125 123 119 123 129 126 114 124 116 134 140 155 134 138 128 148 135 56 69 126 145 76 56 78 98 100 
255 255 254 254 254 254 255 255 255 254 255 255 254 255 255 255 255 254 254 254 255 255 254 251 238 222 210 197 182 171 154 145 142 139 129 125 125 121 126 123 118 125 132 128 115 119 108 133 130 150 134 142 128 148 147 70 75 132 145 72 58 80 103 108 
255 255 255 255 255 255 255 255 255 255 255 255 255 255 255 255 255 255 255 254 255 255 255 251 238 222 209 196 182 170 153 144 140 138 129 125 125 124 124 126 120 121 124 123 113 119 99 122 132 150 124 144 123 138 155 88 78 132 131 65 59 78 102 99 
255 255 255 255 255 255 255 255 255 254 255 255 255 254 255 255 255 255 255 255 255 255 255 251 238 221 208 195 182 170 153 144 140 137 128 123 123 123 124 123 120 118 122 127 119 117 98 118 137 149 128 143 118 133 162 101 80 132 137 67 58 74 97 99 
255 255 255 255 255 255 255 255 255 254 255 255 254 255 255 255 255 254 254 254 255 255 255 250 238 220 208 196 182 170 152 143 140 138 128 122 121 125 122 119 121 120 123 125 116 117 95 113 131 140 125 137 121 139 164 118 85 138 167 81 55 69 96 99 
255 255 255 255 255 255 255 255 254 255 255 255 254 255 255 255 255 255 255 255 255 255 254 248 236 220 208 196 183 169 152 144 140 137 128 120 119 123 123 119 116 115 122 121 121 124 90 115 127 137 119 143 130 148 172 136 94 149 173 87 57 72 101 96 
255 255 255 255 255 255 255 254 254 255 254 255 255 255 255 255 255 255 255 255 255 255 254 247 235 220 207 196 182 168 151 143 139 137 128 122 116 120 122 120 115 114 123 126 129 131 92 114 125 137 118 136 128 145 173 134 102 152 176 91 59 75 103 97 
255 255 255 255 255 255 254 254 255 255 255 255 255 255 255 255 255 254 255 254 254 254 253 246 235 221 207 196 182 168 151 143 140 136 128 122 117 122 120 119 110 116 125 120 118 127 102 118 122 131 120 139 120 129 165 139 114 149 176 88 57 74 109 96 
255 255 255 255 255 255 255 255 255 255 255 255 255 255 254 255 255 254 255 255 254 254 252 245 235 221 207 195 181 168 152 143 139 137 127 123 119 120 121 116 109 117 128 119 126 131 100 102 119 124 117 143 128 135 162 149 113 140 178 92 58 71 106 101 
255 255 255 255 255 255 255 255 255 255 255 255 255 255 255 255 255 255 255 255 254 254 252 244 234 220 205 193 180 167 151 143 139 136 127 123 119 122 120 117 111 116 122 119 134 130 93 99 127 121 107 144 135 140 165 167 125 142 176 91 62 72 104 106 
255 255 255 255 255 254 254 255 255 255 255 254 254 255 255 255 255 255 255 255 254 254 251 243 234 219 203 192 178 166 150 143 138 136 128 121 119 118 119 116 111 119 120 112 126 128 99 102 135 122 97 141 130 145 172 164 123 142 177 87 59 76 103 108 
255 255 255 255 254 255 254 255 255 255 255 254 254 255 255 254 254 255 254 255 255 255 250 241 232 218 202 190 177 165 150 142 138 135 127 121 120 117 119 117 114 119 118 110 124 126 104 94 134 129 107 136 124 142 178 153 118 147 171 86 60 74 98 102 
255 255 255 254 255 255 254 255 255 255 255 255 255 255 255 255 255 254 255 255 255 254 248 239 230 216 199 188 176 164 150 142 138 135 126 119 118 121 118 115 118 114 117 106 121 126 109 99 132 134 117 141 114 137 174 128 121 158 173 85 60 70 99 97 
255 255 254 255 255 254 255 255 255 255 255 255 255 255 255 255 255 254 255 255 255 253 246 237 228 214 198 186 175 163 149 141 137 135 126 120 118 118 116 118 118 113 117 108 116 121 113 103 118 134 116 148 112 128 164 105 129 162 175 91 60 70 102 96 
254 254 254 255 255 255 255 255 255 255 255 255 255 255 254 254 255 255 254 255 255 253 246 236 226 212 197 185 173 162 148 141 137 134 126 121 119 120 118 117 115 114 116 103 110 120 110 97 113 134 109 141 100 122 158 106 128 162 179 94 58 70 101 102 
255 254 254 254 255 255 255 255 254 254 254 255 255 255 254 255 255 255 254 255 254 252 244 234 224 209 194 183 172 161 147 140 137 134 125 119 120 122 119 117 112 109 103 94 102 124 113 96 119 130 107 143 109 116 158 103 127 163 183 100 57 68 104 101 
255 255 255 255 255 255 255 255 254 255 255 255 255 255 255 255 255 254 254 254 254 250 242 232 221 205 190 181 171 161 147 140 136 134 125 118 121 120 117 119 113 111 99 94 107 121 111 107 121 129 110 142 107 115 145 100 126 166 182 96 57 70 103 98 
255 255 255 255 255 255 255 255 254 255 255 255 255 255 254 254 255 254 254 254 253 249 240 230 219 202 187 179 170 159 147 140 136 133 125 120 121 119 114 115 113 111 101 109 118 121 99 104 119 128 110 142 103 114 133 97 113 165 185 106 57 73 107 96 
255 255 255 255 255 255 255 255 255 255 255 255 255 254 254 254 254 254 255 254 252 247 240 229 216 200 187 178 169 159 147 139 135 133 126 121 120 118 117 114 108 109 107 110 115 120 95 106 122 118 106 132 93 117 130 100 106 166 182 102 55 74 106 96 
255 255 255 255 255 255 254 254 255 255 255 255 255 255 255 255 254 254 255 253 250 246 238 227 213 199 186 177 168 158 146 138 135 132 124 119 120 118 118 114 111 113 108 110 113 125 99 113 126 123 102 129 85 119 133 95 104 164 178 99 54 78 106 96 
255 255 255 255 255 255 255 254 255 254 255 255 255 255 255 255 255 255 254 252 249 244 236 225 212 198 184 175 167 157 145 138 135 132 124 120 120 119 118 118 111 114 110 108 116 128 94 107 126 127 106 123 83 123 145 96 107 159 176 104 54 79 105 89 
255 255 255 255 255 254 255 255 255 255 255 255 254 254 255 255 254 255 254 251 247 242 234 224 211 196 183 174 165 156 144 137 134 131 124 120 119 117 114 115 112 117 111 109 116 127 94 105 116 128 112 134 92 123 143 104 95 154 172 104 54 80 101 88 
255 255 255 255 255 254 254 255 255 255 255 254 254 254 255 254 255 255 253 249 245 240 232 222 209 195 181 172 165 155 144 137 133 131 123 119 117 115 114 114 113 114 110 105 108 125 95 104 113 135 117 142 99 127 138 101 99 153 173 100 54 81 102 90 
254 255 255 255 254 254 254 255 254 255 254 255 255 255 254 254 255 254 252 247 242 238 230 220 208 194 180 171 163 154 143 135 132 130 123 118 119 115 110 111 113 111 105 108 115 126 88 96 120 129 104 135 114 124 134 100 101 152 161 87 55 85 103 87 
254 255 255 255 255 255 255 255 254 255 255 254 254 255 254 254 255 254 251 245 240 236 229 219 206 192 177 169 162 153 143 135 132 130 122 118 117 114 111 107 105 108 102 113 113 120 81 91 118 123 101 133 115 116 130 113 97 158 162 91 54 88 102 79 
253 254 254 255 254 254 255 254 255 255 255 255 255 254 255 255 254 253 249 243 238 234 227 217 204 190 175 168 161 152 142 134 131 129 121 115 116 114 114 103 104 108 96 115 118 119 80 87 113 123 109 140 114 109 132 116 103 165 177 100 53 85 101 77 
251 252 253 255 254 254 255 254 255 255 255 255 255 254 254 254 254 252 248 241 237 232 225 216 203 188 173 167 159 150 140 134 131 129 121 113 114 111 111 104 109 104 88 115 111 114 80 96 113 120 103 142 119 117 137 117 110 160 169 86 52 83 100 77 
250 252 252 254 255 254 254 254 254 254 255 255 254 254 254 254 252 250 246 240 236 231 223 214 202 187 171 165 158 149 139 133 130 128 120 114 113 110 110 104 107 108 90 112 108 115 80 94 115 122 103 136 121 118 129 109 108 152 160 71 51 82 95 77 
248 249 250 253 254 254 253 253 254 254 255 255 254 254 254 253 251 247 243 238 234 228 221 213 201 184 169 162 156 148 138 133 129 127 120 114 114 111 108 103 109 107 90 106 107 111 70 83 113 125 104 130 111 109 122 105 104 147 170 79 49 78 94 78 
245 247 248 250 251 251 251 252 252 253 253 253 253 252 253 251 248 245 241 236 231 225 219 212 200 183 168 161 155 147 138 132 129 127 120 114 113 111 110 107 108 108 93 104 110 119 78 78 108 118 112 129 101 109 130 99 93 145 169 82 49 77 97 77 
242 245 247 248 249 248 248 250 250 251 251 252 251 250 250 248 246 243 239 234 229 223 218 210 198 182 166 160 153 146 137 131 129 127 119 115 111 111 110 103 106 113 96 108 119 119 85 78 103 116 114 125 101 115 131 87 88 140 151 69 49 74 94 70 


193 195 196 195 193 191 191 190 188 187 187 186 183 180 178 176 174 170 166 159 155 150 145 140 133 127 123 120 116 114 114 113 112 110 107 106 106 101 104 105 106 106 94 100 98 104 103 91 117 116 121 116 115 119 109 43 65 84 101 66 61 63 98 96 
195 197 198 198 196 194 193 192 190 190 189 188 185 182 179 178 176 171 168 161 156 151 147 142 134 128 124 121 117 115 115 113 112 111 107 106 106 100 104 106 108 107 99 106 95 107 95 82 113 112 120 118 113 121 108 40 59 84 92 62 60 67 99 100 
198 200 201 201 199 197 195 193 193 192 191 190 187 184 181 180 177 173 169 163 157 153 149 143 135 129 125 122 118 116 115 113 112 111 107 106 107 104 106 106 108 106 104 111 100 106 98 88 109 114 125 120 121 126 104 38 59 85 82 61 60 66 100 104 
201 203 203 203 202 199 197 195 195 194 193 191 188 185 183 181 178 174 170 164 158 153 150 146 136 130 126 122 119 117 115 114 113 111 108 106 107 104 107 107 108 106 110 109 98 108 104 97 111 113 124 121 120 123 111 40 55 86 79 62 56 67 103 106 
203 204 205 205 203 201 199 198 197 196 195 192 189 186 185 181 178 175 170 165 160 154 152 147 136 131 126 123 119 117 116 115 114 111 108 107 107 105 109 107 109 109 112 108 96 105 104 102 117 118 122 124 122 125 107 37 50 78 80 64 56 70 103 106 
205 206 207 207 204 202 201 199 199 199 197 194 191 188 185 183 180 176 171 166 161 155 152 149 137 132 127 123 119 117 116 115 114 112 109 109 106 104 109 107 107 109 109 105 99 108 106 100 120 121 110 120 123 127 104 34 48 74 75 63 57 72 102 103 
207 208 208 208 206 204 201 200 199 199 198 196 192 189 186 184 181 177 171 167 162 156 154 150 138 132 127 124 120 117 117 115 114 112 109 108 108 103 107 108 106 112 114 108 106 112 110 97 117 119 109 122 121 125 101 32 51 74 71 62 58 76 100 105 
209 210 210 210 207 205 202 201 201 200 200 197 193 191 188 185 183 178 172 167 162 157 155 151 139 133 128 124 120 118 117 116 115 113 109 108 109 102 107 106 103 109 112 108 104 112 113 105 116 117 113 123 126 129 100 33 52 76 69 61 60 78 100 106 
210 211 211 211 209 206 203 202 202 202 201 198 194 192 189 187 184 179 174 169 163 159 156 151 140 134 128 125 121 118 117 116 115 114 109 108 110 103 108 108 99 106 113 105 105 113 114 115 117 120 108 119 127 134 98 36 52 78 65 53 48 77 100 109 
211 212 212 212 210 208 205 203 203 203 202 200 196 194 191 188 185 181 177 171 163 160 157 152 141 135 129 125 122 119 118 117 116 114 110 109 111 107 111 107 99 111 113 100 104 109 113 116 120 122 106 121 126 135 91 35 54 80 70 49 44 78 103 105 
212 213 213 213 212 210 207 205 204 204 204 201 198 196 193 190 187 182 178 173 165 162 159 152 142 136 130 125 122 119 118 117 116 114 111 108 109 108 110 109 103 113 114 99 104 110 114 116 123 123 113 125 129 130 93 36 57 80 63 50 54 81 102 104 
214 214 214 214 213 211 208 207 207 206 205 203 200 197 194 191 187 183 179 174 167 163 163 154 143 137 130 126 122 119 118 117 116 114 112 108 110 108 113 108 103 112 114 106 109 115 118 119 126 122 120 129 134 131 87 37 57 80 55 47 61 82 100 105 
214 215 215 215 214 212 209 207 207 207 207 205 202 199 195 192 188 184 180 175 169 164 166 155 144 137 130 126 123 120 118 117 117 115 111 109 110 108 112 111 104 111 116 104 104 113 115 114 121 127 116 129 128 128 93 37 57 83 64 55 57 81 104 108 
215 215 216 216 216 213 211 209 208 208 207 207 204 201 196 192 189 186 182 177 170 165 166 155 145 138 131 127 123 120 118 117 116 115 112 110 110 111 112 109 105 111 116 100 102 111 114 118 123 126 114 128 124 130 97 39 52 77 72 66 64 80 107 110 
216 216 217 217 216 214 212 210 209 209 208 208 206 202 197 193 190 187 184 179 172 165 169 157 145 139 131 127 124 121 119 118 117 115 113 111 111 110 113 110 103 114 118 98 100 115 116 123 128 124 110 130 130 123 92 41 42 70 79 71 66 76 107 108 
216 217 218 218 216 214 213 211 210 210 209 208 207 202 197 194 191 188 185 180 174 167 173 158 146 139 131 127 124 121 119 118 117 115 113 111 111 111 115 114 101 115 120 98 100 120 111 123 127 123 104 122 127 121 100 39 35 62 82 78 64 77 107 108 
218 218 218 218 217 215 213 211 210 210 209 208 207 203 198 194 192 189 186 181 175 168 176 158 147 139 131 127 125 121 119 118 117 115 113 112 112 112 115 111 103 113 119 97 102 121 113 123 125 125 106 119 119 130 99 33 33 54 80 82 61 69 103 106 
218 219 219 219 218 216 213 211 211 210 209 209 207 203 198 195 192 191 187 182 176 171 178 160 147 139 132 128 125 121 120 118 117 115 113 112 113 110 115 113 105 114 118 99 106 119 117 118 118 122 108 125 114 136 85 28 31 44 74 85 64 69 105 105 
218 219 219 220 218 216 214 211 210 210 210 209 207 203 199 196 194 192 188 183 177 174 180 161 147 139 132 128 125 122 119 119 117 116 113 113 113 110 114 111 103 113 114 102 106 117 112 117 116 124 106 126 117 137 70 28 29 35 68 81 69 74 105 110 
218 219 219 220 218 217 214 212 211 211 211 210 208 203 199 197 195 192 189 183 178 175 178 161 148 139 132 128 126 122 120 118 117 116 113 111 112 111 113 112 100 112 116 106 107 120 108 121 118 126 103 117 107 133 70 28 28 33 75 80 69 73 102 104 
219 219 219 220 218 217 215 212 211 211 211 210 208 203 199 198 196 194 190 183 178 175 174 160 148 140 132 129 126 122 120 119 117 116 113 112 110 110 111 117 102 110 117 113 106 123 116 118 117 124 106 115 103 126 60 28 28 33 77 80 70 73 104 107 
219 220 219 220 218 217 215 213 212 213 212 210 207 203 200 199 197 195 191 184 178 174 173 159 148 140 132 129 126 122 120 119 118 116 113 113 110 108 109 116 103 115 119 114 107 123 119 122 124 124 101 116 103 124 59 28 28 31 74 78 72 78 107 108 
220 220 219 219 218 217 215 214 213 213 212 210 207 202 200 199 198 197 192 185 178 174 173 159 148 139 133 129 126 122 120 119 118 116 114 113 111 109 111 114 103 115 117 111 111 119 123 126 121 127 102 119 104 121 56 28 29 33 81 80 74 79 110 107 
220 220 220 220 219 217 216 215 213 214 212 210 206 203 200 199 200 198 192 185 178 174 173 159 147 139 133 129 126 123 120 119 118 117 114 114 112 109 113 118 105 117 119 111 113 123 122 124 121 130 108 113 98 124 57 28 31 37 83 76 75 80 110 109 
220 220 220 220 218 218 217 215 214 214 212 210 206 204 201 201 200 198 192 185 178 175 174 159 148 140 133 129 126 123 121 119 118 117 114 113 112 111 114 118 107 110 120 116 111 121 117 125 128 129 112 116 98 125 57 29 32 42 88 77 77 79 108 105 
221 221 220 219 218 218 217 216 214 214 212 210 207 204 201 202 202 199 192 185 178 176 175 159 148 140 133 129 126 123 120 119 118 117 114 113 114 111 111 115 105 109 114 114 109 118 112 119 124 127 110 115 91 125 59 30 37 50 102 87 73 76 103 107 
221 221 220 220 218 217 217 216 215 214 212 210 206 204 202 203 204 199 193 185 178 176 176 159 148 140 133 129 126 123 120 119 118 117 114 112 111 110 111 114 104 109 118 117 110 116 110 119 119 128 107 114 86 128 67 31 41 56 104 83 72 77 102 109 
221 220 219 219 219 218 217 216 216 216 213 210 206 204 203 204 204 199 192 185 178 176 176 158 148 140 133 129 126 123 121 119 118 116 114 113 111 113 115 114 108 111 119 119 113 113 110 120 122 129 115 116 94 128 71 34 47 66 108 85 73 81 110 113 
220 219 219 219 218 218 218 217 217 216 213 210 206 204 204 204 203 199 192 185 178 175 174 158 147 140 134 129 126 123 121 119 118 115 114 112 112 115 115 110 107 109 118 117 115 111 113 121 124 133 119 118 98 129 81 37 53 75 110 87 73 76 109 113 
220 219 219 219 218 218 219 218 217 215 212 209 206 204 204 204 204 199 192 185 178 174 170 156 147 139 134 129 126 123 121 120 118 116 114 112 110 112 113 112 109 109 119 117 120 115 113 121 124 134 121 120 101 130 85 40 58 90 117 88 70 76 112 109 
219 218 218 218 218 218 218 218 217 215 212 209 206 204 204 204 204 198 192 185 179 173 166 156 147 139 134 129 126 123 121 119 118 117 114 113 111 112 115 114 112 107 120 115 114 120 118 124 125 127 121 115 103 129 95 43 61 101 122 84 70 81 111 106 
219 218 218 218 218 218 218 218 217 215 212 209 206 204 204 204 204 198 191 184 179 172 164 157 147 139 134 130 126 123 120 120 119 117 114 112 112 112 115 114 113 110 121 118 114 117 114 119 125 128 117 114 108 131 101 47 61 101 121 84 72 85 109 109 
218 218 218 218 218 219 219 218 217 215 212 208 206 204 203 203 203 197 191 184 179 172 163 157 147 139 134 130 126 123 121 119 118 117 114 112 112 111 114 114 111 113 120 118 111 117 111 118 125 132 113 120 113 129 104 53 66 107 114 82 73 85 105 106 
218 218 218 218 217 218 218 217 216 214 212 208 206 204 203 203 202 196 191 184 179 171 162 156 147 139 134 130 126 123 121 119 118 117 114 112 111 110 114 113 109 112 116 115 106 113 107 119 122 131 118 120 115 128 116 61 73 114 122 85 72 88 103 103 
219 218 217 217 217 218 218 217 216 214 211 208 206 203 202 202 201 197 190 183 178 170 161 155 147 139 133 129 126 122 121 120 118 117 114 112 112 110 114 112 109 113 118 115 107 109 101 118 115 127 118 122 113 126 125 72 79 120 123 83 74 89 106 109 
218 217 216 216 217 217 217 217 216 214 211 208 205 203 202 202 201 196 189 183 178 170 161 155 147 138 133 129 125 122 121 120 118 117 114 112 112 112 113 114 110 110 112 112 106 109 94 111 117 126 111 124 110 120 131 84 81 119 116 78 74 88 104 103 
217 216 216 216 216 216 216 216 214 213 211 208 206 203 202 201 200 197 190 182 178 170 162 156 146 138 133 129 125 122 121 119 118 117 113 111 112 111 112 112 109 109 111 114 109 108 95 109 121 126 113 122 106 116 134 93 82 119 118 80 74 85 101 102 
216 215 216 216 216 216 216 215 214 213 211 207 205 202 202 201 200 196 190 182 178 172 161 155 146 138 133 129 125 122 120 119 118 117 113 111 110 113 111 109 110 110 112 114 108 108 92 105 117 121 112 119 108 120 137 104 87 123 133 87 71 81 100 102 
215 214 215 216 216 216 215 214 213 212 210 207 204 201 201 200 199 195 189 180 177 171 161 154 146 139 133 129 125 122 120 119 118 116 113 109 108 112 112 108 107 106 112 109 110 111 89 107 114 118 108 124 116 127 141 115 92 129 137 90 73 84 105 101 
215 213 214 215 216 216 214 213 213 211 210 207 203 201 201 200 198 194 188 180 175 169 160 153 146 139 133 128 125 122 120 119 118 116 113 110 107 110 111 110 107 106 112 113 115 117 90 106 112 118 107 118 114 125 141 115 98 131 139 93 74 86 106 101 
214 212 212 214 215 215 214 213 211 211 209 206 203 201 200 198 197 193 187 179 174 168 160 153 146 139 133 128 125 122 120 119 117 116 112 110 107 110 109 109 103 107 113 108 108 115 98 108 110 115 110 121 110 115 137 119 107 128 139 90 74 84 109 101 
214 212 213 214 214 214 213 211 211 210 208 205 202 200 199 197 195 192 186 178 173 168 159 152 146 139 132 129 124 121 120 118 117 115 112 111 110 110 110 107 101 108 115 109 113 117 95 97 108 108 107 124 113 120 135 125 105 123 140 92 73 82 107 104 
214 213 213 214 213 213 212 210 210 209 208 204 201 199 198 196 194 190 185 177 172 168 159 152 146 138 132 128 124 121 119 118 117 116 112 111 108 111 109 108 104 107 111 109 118 115 90 95 114 108 100 124 117 122 136 136 112 125 139 92 76 85 106 106 
213 212 212 214 213 212 211 209 209 208 206 204 200 198 197 196 194 189 183 176 172 167 158 151 145 138 131 128 124 121 119 118 117 115 112 110 108 108 109 107 103 109 110 104 113 114 94 97 119 107 93 122 114 126 140 134 111 124 138 89 75 88 106 107 
212 212 213 213 212 211 210 208 208 206 205 203 200 198 197 195 192 188 182 175 171 166 158 151 145 137 131 127 124 121 119 118 117 115 112 109 109 107 108 107 106 109 109 102 112 114 98 92 119 112 100 118 110 125 144 127 107 127 135 89 75 85 102 103 
212 212 212 212 210 209 208 208 207 205 204 202 199 197 196 194 191 187 182 175 170 164 156 150 144 137 130 127 123 120 118 118 117 115 111 108 107 109 108 105 108 105 108 100 111 114 102 95 117 116 108 121 103 120 140 111 111 134 136 89 74 82 102 100 
212 212 211 211 210 209 208 207 206 205 203 201 197 196 195 193 190 186 182 174 168 163 156 150 143 136 130 126 123 120 118 117 116 115 111 109 108 108 107 108 108 104 107 101 107 111 104 98 108 117 107 125 101 114 134 98 116 136 138 92 74 82 103 99 
211 211 211 210 209 207 206 207 205 204 203 201 197 196 195 192 189 186 181 173 167 162 155 149 142 136 129 126 122 119 118 117 115 114 111 109 108 108 109 107 106 105 106 98 104 110 103 93 105 117 100 120 94 110 130 99 115 136 140 93 73 81 104 102 
210 210 211 210 208 207 206 205 204 204 202 201 197 195 193 191 188 184 180 173 167 161 154 148 141 134 128 125 122 119 118 117 116 114 111 108 108 110 109 107 104 102 97 91 98 112 105 93 109 114 100 122 101 106 130 96 114 137 141 96 70 79 105 102 
209 209 209 209 207 206 205 204 203 202 201 200 197 194 192 190 187 183 179 172 165 160 153 147 139 133 128 125 121 119 117 117 115 114 110 107 108 109 107 108 104 103 95 92 101 110 104 101 109 113 102 122 99 104 123 94 113 137 141 93 71 80 105 101 
209 209 208 208 207 205 204 203 202 201 200 199 196 193 191 188 186 183 178 171 165 159 153 146 139 132 127 124 121 118 117 116 115 113 110 108 108 108 105 105 104 103 97 102 109 111 95 98 108 112 102 122 96 105 116 91 104 137 142 99 71 82 107 98 
207 208 207 206 206 205 204 203 202 201 199 198 195 192 190 187 185 181 177 170 164 159 152 145 138 131 126 123 120 118 117 116 115 113 110 108 108 107 107 105 102 102 100 102 106 109 92 100 111 105 100 116 88 108 113 93 98 137 141 96 70 84 106 96 
207 208 207 206 205 204 203 202 201 199 199 197 194 191 188 186 183 180 176 168 162 158 151 145 137 130 126 122 120 117 117 115 114 113 109 108 108 108 108 106 103 105 102 102 105 112 94 105 113 109 97 113 83 109 117 90 98 136 139 94 68 86 105 96 
207 206 205 205 204 203 203 202 200 199 197 195 193 190 187 184 182 178 174 166 161 156 150 143 136 129 125 122 119 117 116 115 113 112 109 108 108 108 107 108 103 106 103 101 107 115 90 100 112 111 98 109 82 112 124 89 101 132 138 98 68 87 105 92 
206 206 205 204 204 203 202 201 199 197 196 194 192 190 187 184 181 177 172 165 160 155 149 142 135 129 125 121 119 117 115 114 113 112 109 108 108 106 104 105 104 107 103 102 106 113 91 99 106 113 103 116 87 110 121 94 92 130 137 97 66 89 103 91 
205 205 204 203 204 203 202 200 199 197 194 193 191 188 185 182 179 175 170 164 158 154 148 141 135 128 124 121 118 117 115 114 113 111 108 107 106 105 104 105 105 105 102 99 101 113 91 99 104 118 106 120 92 113 118 91 95 129 137 94 68 88 102 93 
204 204 203 203 203 202 201 199 197 195 194 191 190 187 184 181 178 174 169 162 157 153 147 140 134 128 124 120 118 116 115 114 112 111 108 107 107 106 102 102 104 104 100 101 105 113 85 93 108 113 97 116 102 110 116 91 96 127 131 87 68 90 103 89 
202 202 202 202 202 201 200 198 196 194 192 191 189 186 182 179 176 173 167 161 156 152 146 140 133 128 123 119 117 115 114 113 111 110 108 106 106 104 103 100 99 101 97 104 104 108 81 89 107 109 95 116 104 105 113 100 93 131 131 89 68 93 101 81 
200 200 201 201 201 200 199 197 195 193 191 189 187 184 180 178 175 171 165 160 156 151 145 139 132 127 122 118 116 115 114 113 111 110 107 105 105 103 105 96 98 100 92 105 107 108 79 85 104 111 101 120 102 100 114 102 97 134 139 93 67 91 100 81 
197 198 199 199 199 198 196 195 193 192 190 187 185 182 179 176 173 169 164 159 155 150 145 138 131 125 121 118 116 114 114 112 111 109 106 103 103 102 102 98 101 96 86 105 103 104 80 91 104 107 96 122 106 105 117 103 102 131 132 85 65 86 99 81 
194 195 195 196 196 196 194 193 191 189 188 186 184 180 177 174 171 167 162 157 154 149 143 138 131 124 120 117 116 114 113 112 110 109 105 103 103 102 102 97 99 100 88 103 101 105 80 90 104 108 95 118 107 106 112 98 99 126 126 77 63 84 95 81 
191 192 192 193 194 193 191 190 188 187 185 184 181 178 175 172 169 166 161 156 152 147 142 136 130 124 118 116 115 113 112 111 109 108 105 103 104 102 100 98 101 100 88 99 100 102 70 82 103 109 95 112 99 100 108 94 97 124 130 79 60 81 94 79 
188 188 190 190 190 190 188 187 186 184 183 181 178 175 173 170 167 164 160 155 151 146 141 136 129 122 118 116 114 113 112 110 109 108 104 102 103 102 101 99 100 100 89 97 102 107 75 78 100 105 102 112 92 100 112 89 89 123 128 79 60 80 95 77 
182 184 186 187 186 186 184 184 182 181 180 178 175 173 171 168 165 162 158 153 149 144 139 135 129 122 117 115 114 113 111 109 107 107 104 103 102 101 101 96 98 102 90 99 107 107 81 78 97 104 102 109 93 103 111 79 85 118 118 73 60 77 93 70 


148 149 149 147 144 142 141 140 137 136 135 132 129 128 125 123 121 120 118 115 112 112 111 112 112 113 113 114 115 114 114 112 111 111 108 108 108 103 105 105 106 105 96 101 98 104 101 91 111 112 115 110 110 113 101 45 69 86 97 79 75 73 104 105 
151 151 151 148 145 143 142 140 138 137 135 133 131 129 126 123 120 119 117 115 113 112 111 111 113 113 113 113 114 114 114 113 112 111 109 108 107 102 105 107 107 106 100 106 96 106 95 84 109 109 114 112 109 114 99 42 63 87 93 76 74 77 106 107 
153 152 152 150 147 144 143 142 140 138 137 134 131 129 126 123 121 118 117 115 113 111 111 111 112 113 113 114 115 115 114 113 113 111 109 108 108 105 106 107 108 106 104 110 100 106 98 90 106 109 117 114 113 118 95 40 64 88 89 76 75 77 107 111 
155 154 153 150 148 146 144 143 141 139 137 135 131 129 126 123 121 119 117 117 114 112 111 111 112 113 114 114 115 115 114 114 113 112 109 108 108 105 107 107 108 106 108 108 99 107 104 98 108 109 117 114 113 116 102 42 59 89 89 77 68 77 110 113 
155 155 154 152 149 146 144 143 142 140 137 135 131 128 126 124 122 120 118 116 114 113 111 111 113 114 114 115 115 115 115 115 113 112 109 109 108 106 110 107 108 108 111 107 97 105 104 103 113 113 115 117 115 118 100 38 54 81 89 79 69 80 112 114 
157 156 156 154 150 146 144 144 142 140 138 135 132 130 127 125 122 120 118 116 114 113 111 110 113 114 115 115 116 116 115 115 114 113 110 111 108 105 109 108 107 108 109 104 100 107 105 99 115 116 107 114 116 119 97 36 52 78 84 76 71 83 112 111 
158 158 156 154 151 147 145 144 142 140 138 135 132 129 127 125 122 120 119 116 115 113 112 111 113 114 115 115 116 116 116 115 114 114 110 109 110 105 108 108 106 111 112 107 106 110 108 97 114 115 107 116 116 117 93 33 55 77 82 77 71 89 111 113 
159 159 157 155 151 148 146 145 142 140 137 135 132 130 128 124 121 120 119 117 116 114 112 111 113 114 115 115 116 116 116 115 114 114 111 109 111 104 108 107 104 109 111 108 104 110 111 104 113 113 110 117 119 119 90 34 57 79 82 76 74 91 109 115 
160 159 158 155 152 148 146 145 142 140 138 135 133 131 128 124 122 120 120 118 116 114 112 111 113 114 115 115 116 116 117 115 115 114 111 109 112 105 109 108 100 106 111 105 105 110 111 113 114 115 105 113 119 123 90 37 57 81 76 63 58 89 110 117 
160 159 158 156 152 148 147 144 142 141 138 135 133 130 128 124 122 121 121 118 116 115 113 111 114 114 115 115 116 116 117 115 115 114 112 111 112 108 111 107 100 109 112 101 104 108 110 112 115 116 104 116 119 124 84 37 58 83 81 58 52 90 112 114 
161 160 159 157 154 150 147 144 143 140 138 135 133 131 128 123 122 121 120 119 116 115 113 112 113 115 116 116 116 117 117 116 115 115 112 111 112 110 111 109 104 112 112 100 104 110 113 113 117 117 110 118 121 121 87 38 61 84 73 59 65 94 112 115 
162 161 160 159 155 151 148 145 143 141 139 137 133 131 128 123 122 121 120 119 117 115 112 111 113 114 116 117 117 117 117 116 116 115 112 109 111 110 112 109 104 112 113 107 109 113 115 116 120 116 115 121 123 121 85 40 62 86 63 57 75 96 110 116 
162 163 162 161 158 153 149 146 143 142 139 136 132 130 127 124 121 121 119 118 117 115 110 111 113 114 116 117 117 117 117 116 116 116 113 111 112 110 112 111 105 110 115 105 106 112 112 111 117 120 113 119 118 120 90 40 63 87 74 67 71 95 114 117 
163 164 164 163 159 154 150 147 145 142 139 135 133 130 128 124 122 121 120 118 117 115 111 112 113 114 116 117 117 117 117 117 116 116 114 112 111 112 112 109 106 111 114 101 103 110 111 114 117 119 112 119 115 121 92 41 58 82 82 83 80 93 117 118 
164 165 164 162 160 154 150 147 145 142 140 136 133 131 129 125 123 122 120 119 118 115 111 112 113 114 116 117 117 118 118 117 117 116 114 113 112 111 114 111 104 113 116 98 101 113 113 118 121 117 108 121 120 115 89 45 47 75 86 88 82 90 116 118 
165 165 166 164 161 155 151 148 146 143 139 136 133 131 128 125 122 122 120 119 118 116 112 112 113 115 116 117 117 118 118 117 117 116 114 112 112 112 115 113 103 114 117 99 101 116 109 119 121 117 103 115 120 114 95 41 39 66 83 93 80 90 116 119 
166 166 165 165 161 156 151 147 146 143 139 136 134 130 128 126 123 121 120 118 118 117 112 111 113 116 117 117 117 119 118 118 117 117 114 113 112 113 114 111 104 112 116 99 104 117 111 118 119 118 105 115 115 120 94 34 36 59 77 94 74 80 113 115 
166 166 166 165 162 157 151 148 145 143 140 138 135 132 130 127 124 120 119 119 118 116 112 111 113 115 117 118 117 117 118 118 117 116 114 114 113 111 115 113 106 112 116 100 107 115 113 115 113 116 108 118 110 124 81 29 34 47 70 96 80 80 115 116 
168 168 168 166 163 158 152 149 146 143 141 138 135 132 129 126 123 121 119 118 117 115 112 112 114 116 117 117 117 118 118 118 118 117 114 113 113 110 114 111 104 113 113 103 106 115 110 115 113 118 105 119 113 123 68 28 31 38 67 95 86 87 115 119 
168 169 168 166 164 159 153 149 146 144 142 139 134 132 129 126 123 121 119 118 118 115 111 113 113 115 116 117 117 118 119 118 117 117 114 112 112 112 113 112 103 113 115 106 108 116 108 117 115 119 103 114 106 122 69 26 29 35 75 94 86 87 113 115 
170 171 168 166 164 160 155 149 147 146 143 140 134 132 130 126 123 121 119 118 118 114 111 113 114 116 118 117 117 118 118 118 118 117 114 112 111 112 111 116 104 110 115 112 107 118 114 115 114 118 105 112 103 118 59 28 29 34 78 94 88 88 113 117 
170 171 169 165 163 160 156 151 148 147 144 140 135 132 130 126 123 121 120 118 117 114 111 114 113 116 118 117 118 118 119 118 118 118 114 113 111 109 110 115 105 114 116 114 108 118 116 117 119 116 101 112 102 116 58 29 30 31 75 93 91 94 116 119 
171 171 169 166 163 160 156 152 149 147 144 140 135 132 129 126 124 121 119 118 117 114 112 114 114 115 118 118 118 119 119 118 118 118 115 114 112 110 111 114 105 114 115 110 111 116 119 120 117 119 102 115 104 113 55 28 31 33 80 94 93 95 118 117 
172 172 169 166 164 162 157 153 149 146 144 139 135 131 128 126 123 121 119 118 117 114 112 115 114 117 118 118 118 119 119 118 117 116 115 114 113 110 113 116 106 115 117 110 111 119 118 118 117 123 107 110 99 116 57 30 32 37 84 92 94 97 119 117 
174 172 169 166 163 162 158 153 150 146 144 138 133 131 128 126 124 122 120 118 117 115 112 114 115 116 118 118 118 119 119 118 118 117 115 114 113 112 114 116 108 110 118 114 109 117 114 120 123 122 111 113 100 116 57 30 34 43 91 92 95 95 118 116 
175 173 169 167 163 161 158 155 151 148 144 138 134 131 129 127 125 122 120 118 117 115 112 113 115 115 117 118 118 119 119 119 118 117 115 114 114 112 112 114 106 109 113 112 109 115 110 115 120 121 109 111 93 118 59 31 40 51 98 100 92 93 115 117 
175 172 168 166 164 162 159 156 153 149 145 138 134 131 129 127 125 122 120 118 118 115 112 114 114 115 118 119 119 119 120 118 118 118 116 114 113 111 113 114 105 109 116 116 110 114 108 115 115 120 106 110 89 121 65 33 45 58 99 97 91 94 113 119 
174 170 168 167 163 161 159 156 154 151 145 138 135 132 130 128 125 123 120 118 117 115 113 115 114 115 117 119 119 119 120 119 118 117 115 114 112 113 115 114 108 111 117 116 112 112 109 116 118 122 112 111 96 121 68 37 52 69 103 98 92 97 118 121 
172 168 167 166 164 161 159 157 155 152 145 138 134 132 130 128 125 122 121 118 117 115 113 114 114 116 117 118 119 119 119 119 118 116 114 114 113 115 115 109 108 109 116 115 113 110 111 118 120 124 116 113 98 121 76 39 58 78 105 100 90 88 117 122 
171 168 166 165 163 163 161 158 155 151 145 138 134 132 130 127 125 121 120 119 117 115 113 115 115 117 118 118 119 119 118 118 118 117 115 114 112 113 114 112 109 108 117 115 118 114 112 116 119 124 116 116 100 121 80 43 63 91 109 100 87 84 119 118 
170 167 166 165 163 163 162 159 156 149 144 138 134 132 130 127 125 122 120 118 117 116 114 115 114 116 117 118 118 119 119 118 118 116 115 114 111 112 114 114 111 107 117 113 113 117 116 119 120 120 117 111 103 121 90 47 67 100 112 97 87 91 119 117 
169 166 166 165 164 163 162 159 155 150 144 138 135 132 130 127 125 122 121 118 117 117 116 115 115 117 117 118 119 119 119 119 118 116 115 114 113 114 114 114 112 109 118 116 114 115 112 115 119 121 112 111 107 123 97 51 67 100 111 97 90 99 119 119 
169 167 166 165 163 161 161 158 155 149 143 138 135 132 129 128 126 123 120 118 117 117 117 115 115 117 118 118 118 119 119 119 119 117 115 114 113 113 113 114 111 112 117 116 110 115 109 115 120 124 110 115 110 121 99 57 72 106 109 96 91 99 115 117 
168 167 165 163 162 162 161 158 154 149 144 138 134 132 130 128 125 122 120 119 117 116 115 115 115 117 118 118 118 119 119 118 118 117 115 114 113 111 113 112 109 112 115 113 106 111 107 115 118 123 113 115 112 120 108 65 79 113 114 99 90 101 114 115 
169 167 164 162 162 161 160 157 153 149 143 138 134 133 131 127 125 123 120 119 117 117 116 115 115 117 118 118 118 119 119 117 118 117 115 114 113 111 114 112 109 113 115 113 107 108 101 115 112 120 113 116 110 120 116 75 83 116 116 98 92 102 116 120 
168 166 163 161 162 161 159 156 153 149 143 137 134 132 130 128 125 123 120 119 118 117 117 115 114 116 118 118 118 119 119 118 117 116 115 114 112 112 112 113 110 110 111 111 106 108 96 108 113 118 108 118 108 115 121 85 85 116 114 94 92 101 114 115 
166 163 161 161 161 159 158 156 152 148 143 137 134 133 130 127 125 122 120 119 118 117 116 115 115 116 117 118 118 119 119 118 117 116 114 113 113 112 112 112 110 109 110 113 107 107 97 108 116 118 110 117 104 111 122 91 86 115 114 96 91 101 112 114 
164 161 161 161 160 159 157 154 150 147 143 137 134 132 129 127 125 122 120 119 117 115 116 114 115 117 117 118 117 118 118 118 117 116 113 112 112 113 111 109 110 110 111 112 107 107 95 105 113 114 110 114 106 115 123 99 90 118 121 100 90 97 111 115 
163 160 160 161 159 158 156 152 149 146 142 137 133 132 129 126 124 122 120 119 117 115 115 114 114 116 117 117 117 118 118 118 117 116 113 111 111 113 112 109 108 106 110 109 108 109 91 107 112 113 106 117 112 120 127 108 95 122 121 101 91 99 116 113 
161 159 160 160 159 157 154 151 148 145 141 137 135 133 130 127 125 122 119 119 117 115 114 114 114 116 117 117 117 118 118 118 117 116 113 112 109 111 111 111 107 106 111 112 113 114 92 106 110 112 106 114 112 119 125 109 101 123 122 103 92 101 117 114 
160 159 159 159 158 157 153 150 147 145 141 137 134 133 129 127 124 121 119 119 117 116 114 113 114 116 118 117 117 118 117 117 117 117 113 111 109 111 111 110 104 107 112 109 107 112 99 107 109 109 107 116 107 113 123 114 108 122 122 100 91 98 119 113 
160 159 159 158 157 155 152 148 146 143 139 136 134 132 130 128 125 121 120 119 118 117 114 113 114 116 117 116 117 118 117 117 117 117 113 112 111 110 111 108 103 109 113 109 112 114 97 99 107 104 105 119 111 117 124 118 105 116 121 100 90 97 117 115 
161 159 159 158 156 153 150 148 146 142 139 136 134 132 129 128 125 121 120 119 118 116 115 113 114 115 116 116 117 117 117 117 116 115 113 112 110 111 110 109 106 108 111 109 115 113 93 97 112 104 99 118 114 118 124 124 111 119 122 101 92 99 117 116 
160 158 158 158 155 152 149 147 145 142 140 136 134 132 130 127 123 122 120 118 117 116 114 113 113 115 117 117 116 117 117 117 116 116 114 112 110 110 110 108 104 109 110 105 112 112 96 99 114 103 94 115 110 120 126 123 110 119 120 99 91 102 116 117 
159 158 157 156 153 150 148 146 144 141 139 136 133 131 129 127 124 122 119 118 116 116 114 113 114 115 116 116 117 117 117 117 116 116 113 111 111 109 110 108 106 109 108 103 111 112 99 94 114 106 100 113 108 120 126 118 106 120 119 100 91 100 113 113 
160 159 157 155 151 149 146 146 143 141 139 136 133 132 129 127 123 121 119 118 116 116 114 113 114 115 116 116 117 116 117 116 116 115 113 111 109 110 109 107 109 106 107 101 110 112 103 97 114 112 107 115 102 116 123 106 110 123 120 98 90 98 113 111 
160 158 156 154 151 148 147 145 143 140 138 135 133 131 128 126 124 121 119 119 117 115 114 114 115 115 116 116 117 117 117 117 116 115 113 111 110 109 108 109 109 106 107 102 107 109 104 99 108 113 105 118 101 110 120 97 113 125 120 101 91 96 112 109 
160 159 157 154 151 148 146 145 144 141 138 135 133 131 129 126 124 121 120 118 117 115 114 114 114 115 116 116 117 117 117 117 116 115 113 112 110 110 110 109 108 106 107 99 105 109 104 96 105 113 101 114 93 107 118 99 112 125 120 101 89 95 114 112 
160 158 157 153 150 149 147 146 143 140 137 135 133 131 128 126 124 122 120 118 116 115 114 115 115 115 116 117 117 117 117 116 115 115 112 110 110 111 110 109 105 103 100 94 99 111 105 95 108 110 101 115 100 104 118 95 111 124 119 102 87 93 114 111 
159 158 156 154 151 148 146 145 142 141 138 136 133 131 129 126 124 123 121 118 117 114 114 115 115 116 116 116 117 116 117 116 115 115 112 109 110 110 109 108 105 104 98 95 102 109 104 101 107 110 103 115 98 103 115 94 110 124 120 101 87 92 114 110 
159 158 156 153 151 149 147 144 142 140 138 135 133 131 129 127 125 122 120 118 116 115 114 115 115 116 117 117 117 117 117 116 114 114 112 111 111 110 107 107 106 104 99 103 108 109 96 98 107 110 103 116 96 104 111 93 102 123 120 103 88 96 114 108 
158 157 156 153 150 148 146 144 142 140 137 135 133 131 129 127 125 123 121 118 116 114 113 115 115 116 116 117 117 117 116 116 115 114 112 110 110 109 109 106 103 103 103 104 107 108 94 100 110 104 102 112 90 106 108 94 98 122 119 100 86 97 114 106 
158 156 155 152 150 147 145 145 142 140 138 135 133 130 128 127 125 123 120 117 116 114 113 114 115 116 116 117 116 117 116 116 115 114 111 109 110 109 110 106 105 106 103 103 106 110 95 105 111 107 98 109 85 108 112 89 97 122 118 99 84 98 114 106 
157 156 154 152 150 148 145 144 141 139 138 135 132 130 128 126 124 122 120 117 115 114 114 114 115 117 116 116 116 116 115 115 114 114 111 110 110 110 109 109 105 106 104 102 107 112 92 101 110 108 98 105 84 109 116 88 100 120 119 102 83 100 113 102 
157 156 154 152 150 148 145 144 142 139 137 135 131 129 127 125 124 122 120 117 116 114 113 115 115 116 116 116 115 115 115 115 114 113 110 110 109 108 106 106 105 108 104 102 106 112 93 101 106 110 103 111 89 107 114 93 93 120 121 102 82 101 113 103 
156 156 153 152 150 147 145 144 142 140 137 135 131 129 127 126 124 122 119 117 115 114 113 115 115 115 116 116 116 116 116 115 114 112 111 109 107 107 107 106 106 105 103 100 102 111 92 100 104 113 104 113 92 109 112 91 95 119 119 98 82 99 111 103 
155 154 153 152 149 147 146 143 142 139 137 134 132 129 127 124 123 121 119 117 115 114 114 114 114 115 115 116 115 115 115 114 113 112 109 108 109 107 104 104 106 104 100 102 105 111 88 96 107 109 97 111 101 108 110 89 97 117 117 95 84 101 111 99 
154 153 152 151 150 147 146 143 142 140 136 134 131 129 127 125 123 120 119 117 115 114 114 114 114 114 115 116 115 115 115 114 113 112 110 108 107 106 104 101 101 102 99 104 104 107 85 92 106 106 95 112 102 103 108 97 94 118 119 96 83 104 108 91 
153 153 152 151 149 147 145 142 140 139 137 133 131 129 127 125 123 121 119 116 114 113 112 114 113 114 115 115 115 115 113 113 112 111 108 106 107 106 106 99 100 101 95 105 106 107 82 88 104 108 100 114 99 100 109 99 97 119 120 97 82 102 108 91 
151 152 151 150 148 146 143 141 139 138 136 135 131 128 127 124 121 119 118 115 114 113 112 113 113 114 115 115 114 114 113 112 112 110 108 105 105 104 103 100 102 99 89 105 102 104 83 93 103 105 95 114 103 104 111 101 101 116 115 93 80 97 107 91 
149 150 150 148 147 144 143 140 138 137 135 133 130 128 126 123 121 119 117 116 113 113 111 113 113 114 115 115 114 113 112 113 112 110 107 105 105 104 104 100 101 101 92 104 100 104 83 92 103 105 95 112 105 104 108 96 100 115 110 89 78 94 104 91 
146 147 148 147 145 143 141 139 137 135 134 132 129 127 125 122 121 118 117 116 114 112 111 113 113 114 115 114 113 113 112 112 111 110 107 105 105 104 102 100 103 101 91 100 100 102 74 84 103 107 94 108 98 100 105 92 96 113 109 87 73 90 103 87 
145 145 145 145 143 141 138 137 134 133 132 131 128 126 124 122 119 118 116 114 113 112 111 112 112 113 114 114 113 112 112 111 110 109 107 105 104 104 103 101 101 101 92 98 102 105 77 81 100 103 101 107 91 98 105 86 89 112 108 85 73 88 101 83 
141 141 142 142 141 140 137 136 133 132 130 128 126 124 122 120 118 117 114 113 113 111 111 112 112 112 114 113 112 111 111 111 110 108 106 105 102 103 102 99 100 104 93 100 106 106 83 82 96 103 102 104 91 100 105 78 84 108 104 83 74 85 99 75 