


7 8 6 8 9 7 7 8 16 14 10 10 9 9 8 6 8 28 26 4 5 5 6 6 7 7 5 6 6 8 9 9 14 37 97 85 56 58 47 88 96 21 21 35 80 96 69 138 122 119 95 79 48 54 78 55 56 104 124 90 48 58 55 54 
14 14 10 15 13 8 9 10 14 11 10 8 8 8 6 7 10 75 48 4 3 4 6 7 7 5 6 7 6 6 7 9 11 15 26 68 65 33 29 80 123 75 27 43 90 115 79 132 106 120 127 59 55 60 78 94 91 155 110 88 81 100 104 133 
6 7 7 7 11 9 9 10 12 9 9 8 8 9 7 8 9 19 12 7 4 2 4 8 19 31 11 12 8 9 9 11 11 10 13 37 33 14 34 84 123 69 43 73 105 116 118 113 91 56 67 72 95 155 89 75 73 126 126 79 107 117 171 197 
8 11 8 8 9 9 9 7 7 8 8 8 8 8 8 7 7 8 9 9 6 3 5 8 13 25 23 17 12 10 7 18 14 13 14 13 14 12 28 63 111 86 102 123 135 140 142 109 71 50 49 70 90 148 156 83 95 119 98 101 136 103 124 162 
6 3 4 8 8 7 7 5 7 10 10 9 9 9 9 8 7 7 7 9 6 3 8 10 15 25 17 21 20 6 4 14 15 18 22 8 6 16 38 77 117 131 137 144 154 164 175 161 124 121 121 112 118 104 138 128 99 118 126 117 126 96 89 131 
6 5 7 11 9 7 7 7 11 12 11 10 10 9 9 7 7 7 7 9 8 5 7 6 6 7 11 15 13 7 4 4 6 11 23 9 6 26 85 124 140 141 142 149 160 167 170 154 138 92 115 163 150 98 125 149 124 139 93 129 152 149 144 145 
11 14 17 17 10 8 7 7 7 9 10 11 9 4 7 8 7 8 7 6 5 6 4 3 5 9 13 13 4 4 8 9 5 3 5 7 36 91 124 140 140 141 153 158 169 129 172 112 131 122 70 84 102 93 168 153 171 189 92 90 111 162 180 210 
12 14 13 11 13 13 9 10 8 8 8 8 5 6 9 10 12 9 7 2 2 3 5 6 8 13 16 8 7 4 6 6 8 11 7 34 101 123 131 139 136 150 159 164 155 124 115 57 58 97 83 88 105 100 115 79 90 95 67 66 113 187 239 253 
9 11 11 9 9 9 10 10 8 7 8 8 11 9 11 17 24 23 12 2 2 5 12 28 21 10 10 7 7 5 7 6 19 32 28 85 122 135 138 142 145 158 166 172 115 76 35 23 31 97 129 145 153 110 76 62 62 86 86 110 158 198 216 227 
11 9 7 5 10 14 10 9 8 11 38 14 16 12 12 29 31 11 5 4 7 12 16 44 30 9 9 9 8 16 20 18 20 23 74 107 131 145 137 137 150 163 180 165 73 30 20 23 48 84 102 162 173 125 100 86 105 154 132 119 153 212 210 217 
11 8 5 3 7 7 7 7 6 10 60 16 13 9 14 14 11 8 6 9 12 14 19 22 13 8 10 26 56 80 90 84 59 62 101 115 143 145 134 149 162 177 181 86 35 32 26 28 42 60 93 127 176 217 219 176 178 168 155 152 157 129 184 205 
19 13 6 5 7 7 7 9 12 17 12 10 10 14 17 13 9 7 8 9 11 11 13 15 12 26 58 81 90 86 97 90 99 95 110 130 144 136 147 159 178 190 113 34 27 28 28 31 30 49 94 138 206 238 254 254 253 250 199 196 94 87 185 182 
12 8 7 12 7 26 30 46 60 31 26 24 23 41 17 9 5 4 4 6 7 9 9 17 44 79 90 92 87 87 99 101 108 101 121 137 137 144 154 166 186 130 40 49 84 60 37 47 36 63 105 109 186 251 255 255 255 249 182 86 27 31 127 122 
8 4 7 7 4 19 22 15 30 22 22 25 18 12 7 7 3 2 2 3 6 7 16 47 66 88 85 93 89 99 103 109 104 120 135 134 141 149 158 173 151 47 34 74 87 87 83 75 48 48 96 213 245 255 253 238 206 126 44 14 10 13 29 33 
5 6 7 7 5 10 14 7 11 12 8 12 13 10 6 7 3 2 3 5 8 22 45 42 75 86 86 105 103 95 100 107 113 129 134 135 145 156 164 161 73 30 48 81 86 88 83 84 92 94 101 201 254 243 152 79 41 17 9 6 7 7 12 18 
4 4 5 11 8 11 18 13 8 9 6 8 8 8 10 8 4 2 2 4 24 50 39 51 88 95 103 96 91 94 104 106 122 133 132 142 150 158 165 100 35 40 77 90 90 87 82 86 86 86 93 151 242 227 75 22 13 8 6 6 5 7 19 15 
6 6 7 7 9 13 12 8 7 8 7 8 10 10 15 7 5 4 5 27 52 44 53 76 107 111 89 88 94 103 105 121 152 133 129 141 154 162 131 46 49 95 127 116 128 133 116 115 92 83 87 101 137 183 141 40 11 7 6 5 5 8 12 12 
7 9 7 7 10 8 17 27 18 5 6 8 17 12 8 5 5 8 33 47 44 72 78 99 99 86 85 95 112 121 144 161 209 145 138 178 164 150 66 54 147 179 174 165 173 175 185 169 96 68 76 80 75 64 82 49 13 6 5 7 11 11 10 11 
6 6 4 9 26 61 82 105 97 52 16 7 14 22 13 6 9 38 44 47 76 103 109 95 88 96 99 113 114 165 231 219 197 155 164 217 191 162 63 86 175 200 209 208 207 198 196 182 105 59 59 64 29 17 14 25 68 30 7 10 9 7 8 8 
11 9 8 43 74 74 83 103 103 114 82 20 9 14 15 14 31 42 40 55 79 110 98 86 88 97 117 147 189 191 234 241 216 196 224 240 204 139 57 96 178 218 236 244 250 238 189 154 161 132 49 33 12 8 5 8 28 16 6 5 4 5 6 7 
5 6 33 68 60 65 73 88 91 101 110 69 9 11 74 63 45 43 48 56 97 95 90 92 95 105 113 146 199 204 234 250 234 231 234 204 91 58 102 158 219 244 248 254 255 246 178 174 171 121 40 26 6 5 4 5 6 7 5 4 5 16 23 15 
5 15 83 59 56 56 60 73 80 85 94 92 25 12 49 60 57 50 55 81 109 104 105 112 113 119 121 138 194 204 234 251 244 247 224 199 184 193 216 228 197 217 230 247 248 243 212 212 204 179 91 10 7 10 14 21 17 7 7 13 36 58 66 44 
8 57 118 57 57 54 57 62 64 69 73 93 58 12 23 39 52 49 79 123 135 120 111 114 123 127 142 191 209 211 245 253 254 254 235 224 212 166 150 182 163 198 215 231 233 229 215 189 173 103 85 49 49 37 23 12 10 20 43 53 48 60 75 41 
9 66 92 56 56 57 59 67 61 60 64 61 31 16 22 19 20 38 108 105 106 108 114 113 118 126 143 197 237 248 250 248 253 251 245 240 219 199 209 203 146 193 212 206 215 206 149 161 176 60 75 159 143 23 11 15 25 64 86 89 83 88 62 14 
7 15 60 73 66 58 63 71 69 60 57 51 47 62 55 16 21 68 105 103 106 106 116 120 126 139 157 179 227 239 211 230 246 231 239 234 244 247 248 243 196 206 230 184 194 205 89 59 60 75 133 164 156 87 91 101 29 61 95 109 105 90 33 6 
7 7 23 56 75 66 70 68 65 62 57 52 64 98 50 27 66 94 106 114 116 112 112 122 146 159 166 169 191 193 185 233 237 212 223 200 232 231 246 228 205 227 229 200 162 112 51 14 17 117 198 202 171 157 186 99 25 36 83 106 103 63 43 20 
6 7 7 12 55 96 89 69 66 68 55 48 59 62 42 52 85 107 109 110 117 123 127 142 158 162 162 160 167 167 114 168 228 228 202 203 209 239 251 219 216 228 229 216 176 120 73 54 122 181 223 208 190 198 183 103 45 36 41 39 57 88 86 60 
7 7 9 30 100 140 138 93 72 72 51 56 87 92 91 87 94 103 108 111 121 133 141 151 153 151 141 142 153 144 167 128 141 217 163 195 213 241 252 243 230 226 238 232 213 179 107 107 184 209 235 217 203 200 159 176 125 72 58 23 31 76 89 73 
7 7 15 38 108 144 158 117 77 50 47 63 61 36 25 20 25 30 34 36 38 106 142 145 145 146 144 138 148 154 221 188 106 161 212 235 242 249 251 251 247 220 217 204 190 207 69 88 191 217 211 195 147 168 162 149 54 51 62 90 105 99 86 83 
8 14 16 24 77 135 136 112 97 55 75 58 36 20 18 22 38 72 104 81 92 143 148 147 150 153 155 155 173 220 242 240 198 224 226 225 206 221 250 248 243 230 209 206 169 125 42 72 169 209 181 177 170 137 77 47 12 16 36 79 79 86 95 124 
17 19 14 33 42 64 89 95 96 72 59 36 40 33 31 71 118 181 179 138 149 147 142 144 150 150 153 158 180 224 236 245 234 234 227 226 201 232 244 226 217 223 231 198 107 37 25 31 91 183 193 178 127 157 136 17 4 22 57 57 54 75 90 99 
21 16 19 36 40 47 79 89 62 26 36 45 52 34 30 82 174 210 196 155 147 134 134 143 147 165 210 208 217 225 245 246 246 242 225 212 226 244 218 223 223 159 192 195 201 75 23 28 83 141 187 159 125 98 105 38 7 38 97 96 99 94 93 91 
18 34 35 33 36 52 89 77 39 17 50 49 36 29 20 38 157 193 158 135 126 123 135 142 140 147 181 223 247 246 251 252 254 249 202 202 236 215 152 144 172 196 127 113 80 38 12 18 35 52 84 64 43 55 88 86 23 25 93 115 119 108 77 49 
29 38 39 42 45 70 77 57 27 20 40 34 32 25 27 43 124 157 137 129 124 128 138 135 137 148 157 189 201 228 241 250 249 235 202 202 177 109 112 131 106 143 93 77 33 17 11 30 37 46 37 16 13 25 58 58 24 19 51 96 98 128 59 18 
36 32 27 24 53 83 58 43 25 34 35 36 38 29 19 38 108 143 130 120 122 129 129 130 143 161 177 184 194 213 231 234 204 193 194 200 120 43 84 65 52 42 43 39 17 8 16 41 48 49 28 20 16 16 22 23 17 36 89 77 49 62 23 17 
20 10 11 35 81 66 52 62 66 72 76 58 72 73 68 86 124 128 122 118 127 131 132 140 153 167 142 101 113 144 209 192 194 198 142 128 61 28 27 27 28 36 50 25 9 9 25 49 52 32 20 23 29 33 45 75 67 77 133 112 61 20 6 8 
14 14 29 75 73 59 71 95 110 115 108 102 114 109 109 119 124 123 116 127 130 134 142 153 161 128 59 40 54 143 198 167 159 139 86 57 45 35 23 18 25 49 68 37 9 9 28 41 40 37 41 55 66 75 114 139 126 118 135 117 56 26 6 6 
19 18 55 82 63 56 60 81 98 90 86 82 86 100 106 117 114 120 124 129 132 138 150 158 113 44 33 41 108 176 197 190 167 124 72 81 112 121 109 87 53 28 30 28 10 11 25 39 44 45 47 54 64 78 125 135 114 102 121 86 35 8 6 7 
41 43 46 55 54 59 54 53 61 59 64 73 90 115 119 107 115 121 123 130 133 140 147 95 39 32 36 50 151 196 210 209 157 102 59 67 99 112 117 121 119 86 19 9 7 8 10 17 26 33 36 40 49 64 91 83 70 76 92 92 91 58 12 9 
43 47 47 45 46 57 35 25 46 69 86 95 99 95 98 106 117 120 129 136 141 129 81 36 29 30 44 69 143 186 198 184 146 114 87 86 103 110 123 128 127 126 48 7 7 6 7 8 14 27 30 31 36 41 43 48 57 65 70 75 87 92 62 25 
48 42 39 35 46 39 15 23 23 32 72 85 88 98 82 102 116 122 120 126 121 65 39 44 31 30 36 43 79 144 164 121 50 69 110 114 114 114 124 117 119 102 27 7 7 6 7 8 14 26 32 30 32 35 33 34 37 36 39 54 67 69 76 58 
49 37 32 34 50 45 17 16 17 19 37 55 69 88 93 70 93 93 75 81 71 39 43 61 45 85 46 55 60 69 127 82 43 54 82 99 103 105 99 77 71 32 8 6 6 8 11 14 20 29 30 29 30 31 31 30 15 6 6 9 15 18 16 11 
49 34 31 37 48 58 32 37 42 47 45 39 43 63 93 53 15 11 10 41 35 13 40 62 74 185 172 180 162 138 100 34 38 49 56 71 70 55 46 26 15 14 9 7 8 10 15 21 26 29 30 28 27 27 21 13 7 9 10 13 12 6 8 8 
49 37 36 36 40 55 40 47 70 75 62 42 43 63 73 83 20 5 5 8 6 6 9 36 146 224 226 205 209 197 145 50 30 32 39 44 51 62 54 26 12 14 14 10 10 8 9 17 17 16 13 12 13 10 6 6 8 12 16 19 14 7 12 11 
46 29 26 33 43 52 44 52 70 66 55 46 32 40 52 59 73 21 8 7 7 15 15 70 190 224 243 243 221 175 150 98 48 22 35 50 43 37 44 33 11 9 15 13 12 11 6 3 3 4 5 2 2 5 7 8 9 12 14 13 7 7 9 9 
34 27 29 35 42 51 58 35 54 59 54 45 21 9 12 59 173 131 109 73 79 152 66 92 205 237 247 254 238 212 184 146 67 33 88 101 78 58 44 32 17 7 8 8 20 22 17 5 4 4 3 3 4 5 6 6 5 4 5 8 7 8 9 9 
37 26 28 37 42 49 53 23 43 46 38 30 25 18 24 138 221 198 201 187 188 191 123 188 230 221 233 243 205 206 191 118 68 57 146 171 193 177 135 47 24 14 9 7 17 33 14 7 6 7 7 6 6 8 9 8 6 4 6 12 11 11 11 10 
39 22 27 40 49 56 49 15 28 36 44 47 48 39 114 183 225 238 233 232 194 193 207 168 180 194 233 230 201 142 150 112 56 116 189 198 203 190 183 103 22 14 14 11 11 22 13 5 6 8 9 7 5 6 7 9 8 8 10 13 14 14 13 13 
40 27 31 42 50 60 60 23 23 39 47 54 52 67 193 218 234 251 252 238 183 180 170 85 96 162 200 196 182 112 32 58 109 184 217 204 190 179 143 131 21 11 15 13 12 16 12 9 11 13 10 4 3 4 4 5 7 10 13 12 11 10 11 15 
38 32 33 39 47 57 75 31 16 17 23 32 38 47 146 228 229 247 248 223 214 192 126 49 42 75 89 90 89 48 10 13 105 206 233 202 212 166 78 72 13 11 16 13 11 17 18 25 49 49 24 3 2 3 3 3 3 5 6 9 11 14 14 9 
39 33 39 44 55 70 63 28 14 14 14 14 16 18 72 190 213 214 202 208 201 191 110 92 53 31 12 10 17 24 20 9 68 166 214 206 187 167 103 35 13 16 14 10 7 8 9 26 60 60 28 4 3 3 4 3 7 10 12 15 19 14 8 7 
33 33 38 43 52 62 44 14 13 14 15 15 15 17 36 122 206 195 100 194 192 142 45 50 44 64 70 60 54 47 39 26 48 114 215 219 177 126 110 23 22 27 13 10 4 3 5 27 16 13 9 5 4 5 4 5 7 10 12 12 10 9 14 17 
33 41 39 44 52 67 43 12 12 14 15 16 16 18 40 86 152 113 27 129 116 93 47 33 14 8 31 54 58 69 82 103 167 188 176 135 63 26 31 18 31 33 13 5 3 3 5 17 9 2 3 3 5 7 6 6 6 5 8 8 8 8 16 20 
35 44 38 45 60 45 25 13 11 12 14 14 15 22 55 78 56 21 11 39 32 31 78 36 39 42 137 106 86 53 19 69 158 168 97 27 19 17 15 21 41 32 15 6 5 3 3 3 4 4 3 1 2 7 10 9 9 9 10 13 12 12 11 11 
31 38 41 52 76 45 12 13 11 12 13 14 19 42 76 82 63 16 5 5 5 7 76 139 168 168 165 176 161 131 52 26 48 45 21 13 14 38 29 18 31 44 26 8 6 4 2 3 4 5 5 3 1 3 8 8 11 8 6 7 9 13 12 12 
37 49 54 64 47 27 12 12 13 12 12 16 34 64 84 90 89 51 5 4 16 55 167 220 227 221 181 187 180 108 35 24 13 10 12 12 13 25 18 14 18 31 20 5 4 4 5 5 4 6 11 7 5 3 4 5 11 9 9 6 6 9 9 11 
39 53 65 65 26 15 13 11 11 15 15 33 63 82 88 94 98 76 11 4 73 181 192 225 237 231 171 167 154 103 70 8 7 9 13 13 11 11 10 19 20 12 11 3 2 4 3 4 5 11 27 12 8 7 4 4 8 18 22 8 4 4 6 8 
49 65 73 29 16 14 13 11 13 22 33 59 77 86 88 93 98 96 27 4 28 146 189 200 197 183 170 123 122 65 20 2 4 9 18 36 32 36 14 10 10 8 3 3 4 4 4 4 4 9 15 11 10 11 8 4 5 11 15 5 4 5 7 10 
53 49 48 25 19 15 19 18 31 48 57 82 83 84 87 84 85 87 32 4 9 90 152 156 155 140 135 119 50 4 2 2 2 7 37 71 48 31 11 11 12 8 3 4 5 5 2 3 4 7 9 14 12 46 50 13 7 7 9 4 4 5 7 14 
28 21 21 28 24 24 38 50 57 68 72 80 90 88 87 87 87 75 20 3 1 6 21 39 64 57 85 75 13 2 1 2 3 7 23 45 39 14 11 11 11 3 2 3 2 2 2 34 79 37 12 22 11 25 17 11 7 5 7 6 4 4 7 21 
21 24 29 55 35 40 57 75 76 70 77 81 87 92 89 87 82 65 12 2 1 2 2 3 4 6 8 10 3 2 1 1 3 6 11 14 14 11 11 10 7 2 4 9 5 5 7 40 123 65 14 9 10 11 10 7 7 12 9 8 5 4 5 12 
27 44 43 76 49 39 61 68 86 73 77 81 82 90 95 88 82 60 10 8 2 2 2 2 2 2 3 4 3 2 2 1 2 4 7 10 10 9 9 9 8 5 7 11 13 8 9 11 20 15 11 9 12 12 11 9 11 20 17 12 11 6 5 10 
39 55 46 72 61 32 57 64 72 86 76 76 81 85 94 90 87 60 9 7 2 3 2 2 2 2 2 4 2 1 1 0 2 3 3 4 7 8 7 8 8 5 4 7 11 9 9 9 10 10 9 9 11 13 13 10 3 5 11 46 91 41 6 7 
40 56 46 60 70 31 46 66 68 82 82 74 82 88 94 95 89 65 10 3 1 3 2 1 2 2 2 1 1 1 1 2 1 2 2 2 3 7 8 8 8 6 3 6 8 11 10 9 9 9 6 6 10 12 9 7 8 10 21 48 61 80 14 5 


10 9 8 12 12 8 8 12 22 15 11 13 11 12 10 8 11 27 26 6 7 7 7 9 10 7 7 6 9 13 15 15 21 39 88 72 47 56 48 83 90 21 27 35 72 88 64 135 118 113 85 70 44 49 74 48 50 100 123 82 40 51 49 52 
22 20 14 21 18 10 11 14 18 14 13 9 8 11 8 8 12 75 53 5 3 5 8 10 10 7 8 9 9 11 13 14 15 19 28 62 60 39 37 81 110 64 29 46 83 105 68 129 101 120 122 49 47 51 75 86 87 151 102 82 74 95 98 130 
6 8 8 9 12 11 12 13 16 12 11 9 10 12 10 10 11 23 16 8 4 4 6 10 24 33 14 17 13 13 12 14 12 12 15 32 29 21 36 81 108 63 53 77 97 104 110 103 85 51 65 64 88 147 80 68 69 126 119 71 102 115 170 193 
11 16 10 9 10 11 11 8 7 10 10 10 10 10 10 10 11 11 12 10 6 4 8 11 15 24 30 25 19 17 11 23 17 15 15 14 14 14 29 64 99 79 106 125 136 139 135 97 60 40 41 65 84 150 148 73 87 113 89 96 132 96 125 159 
9 6 7 10 11 9 7 4 8 12 13 12 13 11 11 11 10 10 10 11 8 5 11 13 16 21 23 25 24 10 6 17 20 19 18 8 6 16 36 74 117 136 145 152 163 169 175 155 110 111 113 101 108 100 137 120 94 114 121 110 120 89 84 128 
8 7 7 8 7 8 8 8 12 12 13 13 13 11 9 8 9 10 11 13 10 6 11 9 9 10 16 19 18 12 6 6 8 10 17 8 7 25 83 126 145 149 148 161 170 168 168 152 131 87 115 162 145 90 119 146 117 128 86 125 148 144 141 142 
13 16 17 16 9 8 9 9 9 12 14 13 9 6 7 10 10 10 8 7 7 7 6 4 7 11 18 15 7 5 8 8 4 3 4 6 34 92 129 148 147 149 162 166 169 131 170 106 128 113 60 81 94 86 169 150 171 188 82 84 104 157 178 207 
15 20 20 16 13 13 10 11 11 11 12 11 6 7 9 12 13 12 9 3 2 3 5 6 8 15 20 11 9 4 6 7 9 11 9 34 103 135 140 150 147 160 166 166 151 122 114 60 66 100 71 76 88 88 111 73 88 89 58 59 106 187 240 253 
14 15 17 12 12 14 12 12 12 12 11 9 11 11 14 17 19 18 9 2 3 6 12 23 19 11 12 10 9 7 9 8 20 33 30 89 135 152 148 155 161 170 175 176 106 79 44 30 37 99 118 133 135 91 66 53 52 76 76 104 154 198 218 228 
14 13 11 6 10 13 11 11 11 13 40 16 22 17 14 25 25 11 6 5 9 14 17 34 25 11 11 10 10 19 21 19 21 24 77 119 150 163 154 157 167 177 194 170 70 35 27 29 53 81 88 157 164 107 87 76 96 149 121 108 150 214 211 217 
11 8 5 3 7 8 9 9 8 9 63 19 19 14 15 14 11 12 9 10 15 18 21 22 14 10 13 27 61 94 102 92 59 62 110 131 160 162 156 168 179 193 193 91 39 36 30 35 48 62 84 115 172 212 214 168 171 161 145 146 153 127 187 206 
17 12 6 5 8 9 8 8 12 17 14 11 12 14 18 13 10 11 13 13 13 15 16 18 14 28 63 92 106 107 113 108 108 101 125 147 161 158 166 172 195 205 122 39 31 32 30 32 36 52 92 137 207 239 254 254 254 250 196 193 89 85 186 180 
11 7 6 9 5 25 31 46 62 33 29 25 28 44 19 12 7 5 7 9 10 11 13 20 47 87 101 105 103 105 111 113 113 111 138 153 158 166 174 184 202 139 47 58 93 66 40 40 39 71 104 109 190 251 255 255 255 248 178 82 27 36 130 119 
8 5 7 7 3 19 26 20 31 25 23 27 23 15 8 7 3 3 4 5 7 8 17 52 77 100 98 104 103 112 113 114 109 131 146 152 162 170 179 193 165 56 42 86 104 103 93 77 50 56 103 214 245 255 253 239 206 124 41 13 13 15 30 34 
6 7 8 7 4 8 12 8 11 12 12 17 19 14 8 8 5 4 4 5 8 23 48 52 88 99 100 112 113 109 111 112 125 144 151 156 163 175 184 176 80 36 60 98 104 104 99 100 102 98 108 205 255 242 149 77 39 16 7 6 7 9 15 19 
5 5 6 10 8 10 15 14 10 11 10 11 10 10 10 9 5 3 3 5 24 54 48 66 102 110 117 109 107 111 112 116 138 151 154 162 171 178 183 108 39 45 90 105 105 103 100 102 101 100 101 155 243 223 63 18 12 7 5 5 6 9 22 16 
9 7 9 8 11 15 12 10 10 8 9 9 11 10 15 9 6 4 5 27 60 53 66 94 117 121 104 106 111 116 112 136 161 155 154 166 176 181 139 50 45 84 121 115 121 118 110 111 103 96 100 109 141 184 134 34 13 6 4 4 5 9 12 12 
7 7 7 5 8 7 15 25 17 7 7 10 16 11 10 7 7 8 33 53 53 80 94 112 111 103 105 112 123 121 146 168 208 162 158 189 182 161 67 51 109 133 148 152 151 146 154 147 101 81 89 92 81 67 83 46 12 6 4 6 10 10 10 12 
5 5 3 7 23 58 80 106 100 52 17 9 12 22 15 9 11 38 50 56 87 111 121 108 104 111 115 122 118 163 218 215 198 165 177 216 196 152 56 77 145 165 175 191 195 180 183 174 107 68 73 74 31 18 15 24 66 27 6 9 9 6 8 9 
9 8 9 39 71 75 84 109 109 117 84 21 9 15 15 15 32 48 48 66 93 117 110 103 106 112 124 145 184 180 219 236 210 192 224 233 196 126 53 92 152 179 193 231 249 231 173 138 141 109 49 34 11 8 5 8 28 14 5 4 5 5 6 6 
5 8 33 66 61 69 77 95 95 104 113 70 9 10 71 66 51 50 56 68 106 107 105 109 112 119 127 155 194 192 223 246 229 220 225 192 83 53 100 140 187 218 230 252 255 243 153 146 148 95 31 25 5 4 3 4 6 6 4 3 5 15 20 11 
6 15 80 59 58 63 68 79 86 91 96 93 27 13 50 67 64 59 61 86 118 119 121 127 134 142 147 155 189 199 230 248 239 243 217 188 173 183 210 212 164 190 212 237 239 236 195 191 182 137 56 7 7 9 13 19 15 6 5 11 35 58 65 39 
10 55 116 57 59 60 61 69 73 76 77 91 60 13 25 45 60 55 77 121 140 133 130 137 144 153 163 193 198 205 244 253 255 253 228 211 201 162 143 169 154 171 179 208 207 205 195 164 143 84 62 40 43 34 22 11 9 15 32 38 43 60 74 37 
11 62 93 59 59 62 62 70 70 69 71 61 32 18 29 23 27 37 105 109 118 126 133 134 140 145 156 191 219 239 248 245 251 249 241 234 212 195 198 186 133 171 168 176 179 165 126 141 145 46 61 145 124 16 10 13 22 44 63 69 69 77 55 12 
11 15 57 78 71 68 70 77 74 67 66 57 49 63 59 18 26 70 113 119 125 126 133 135 135 142 168 182 213 226 202 223 241 225 234 226 236 239 235 226 170 191 214 151 153 143 68 47 45 63 114 153 138 73 81 86 25 41 69 88 85 74 24 5 
9 10 25 59 77 72 70 74 71 66 66 65 71 99 55 28 70 107 124 130 131 126 127 133 158 175 183 183 194 188 178 226 219 200 216 185 220 223 235 212 187 214 214 161 124 80 36 11 14 106 179 179 153 146 168 78 22 32 62 82 82 46 27 14 
10 10 9 12 51 94 88 73 68 70 64 61 68 64 43 55 95 116 120 126 132 139 140 156 175 183 179 174 180 176 116 163 212 216 191 187 188 234 244 195 200 209 207 199 155 98 60 49 114 166 203 191 176 182 164 86 40 34 32 28 39 66 59 36 
9 10 11 27 96 141 139 94 74 75 63 66 94 99 97 95 100 105 115 123 135 145 152 166 172 169 157 158 169 154 167 127 132 209 142 169 195 229 249 236 217 205 221 223 199 157 97 105 170 186 217 198 185 183 144 159 112 63 48 20 26 57 59 46 
8 9 17 37 107 148 160 112 77 56 56 66 62 40 28 23 26 31 33 35 42 112 160 165 167 163 163 153 163 154 200 168 92 139 160 182 226 242 249 248 241 207 206 190 172 182 55 81 174 193 190 177 131 155 151 129 44 45 54 74 76 65 53 56 
9 16 20 29 79 137 136 112 94 51 74 58 41 24 21 23 30 52 81 67 95 160 170 170 173 172 178 175 171 186 219 223 181 202 178 160 169 210 248 245 238 221 194 189 153 114 37 67 154 185 156 159 157 122 65 35 10 16 35 65 50 52 65 101 
18 24 18 38 50 71 96 108 110 76 64 45 47 37 36 66 95 152 157 140 166 169 164 163 168 170 173 177 182 192 209 235 216 209 196 164 161 223 238 217 204 215 223 184 92 32 24 26 74 162 175 160 116 146 114 10 4 18 45 47 45 58 64 73 
26 23 25 43 49 60 87 101 75 31 43 52 56 43 36 69 145 191 188 169 168 158 158 159 165 178 204 203 210 206 231 238 232 230 210 177 189 224 202 210 206 144 180 179 184 58 19 19 64 120 169 136 106 76 70 22 4 31 75 80 81 72 66 71 
21 37 43 43 44 60 91 89 46 18 53 54 43 36 20 30 113 161 160 154 148 146 152 156 160 165 184 207 238 239 246 250 254 245 175 173 204 194 135 134 159 182 112 98 70 29 11 11 21 35 64 51 35 37 60 53 13 24 80 97 95 84 53 33 
34 44 44 47 49 77 87 72 32 21 46 43 36 25 26 43 109 152 147 150 148 149 151 153 157 168 171 185 186 202 227 247 247 227 172 157 121 76 99 120 100 133 87 72 31 14 10 19 18 25 22 13 15 23 45 44 20 17 43 78 80 118 50 18 
41 37 32 25 53 88 75 52 27 40 46 43 40 31 21 44 112 152 146 143 143 145 149 153 165 179 183 173 179 191 208 220 189 176 172 168 78 30 73 62 58 46 50 44 19 9 15 27 26 32 20 18 20 20 22 21 13 29 69 57 40 61 23 22 
24 13 11 34 82 76 56 49 59 66 69 54 59 65 65 88 136 142 138 134 141 149 155 163 174 183 147 89 90 113 175 160 161 163 113 103 46 25 29 33 37 45 57 27 9 9 31 41 33 22 24 30 35 35 43 58 46 63 105 83 41 16 7 10 
14 15 28 75 78 63 58 79 102 107 106 106 117 118 121 129 140 139 131 139 148 154 163 174 178 137 63 41 50 114 164 136 115 94 71 56 47 36 28 26 35 59 72 35 9 9 33 44 42 45 52 67 77 77 88 103 87 84 104 86 42 22 6 6 
21 20 58 91 74 58 57 82 104 99 95 90 92 110 118 129 129 132 140 150 155 161 170 172 121 47 37 46 99 142 153 154 120 88 71 87 119 128 115 92 57 32 31 26 11 12 29 47 53 55 57 66 77 82 92 104 90 83 96 64 27 7 6 7 
42 48 54 62 62 66 58 57 64 63 67 78 98 127 132 120 126 133 140 145 148 157 162 101 40 33 35 47 121 151 175 196 143 79 54 76 112 127 129 128 124 89 21 11 11 11 12 20 31 42 46 53 61 67 77 67 69 82 93 95 92 55 10 9 
45 54 55 56 57 61 37 27 46 75 97 109 111 103 106 117 131 136 144 150 153 139 88 41 33 35 49 74 124 149 158 155 126 100 86 93 115 122 133 136 134 131 49 10 9 10 10 11 19 35 38 41 47 51 53 58 66 74 77 82 92 82 31 14 
49 51 51 51 64 43 19 27 26 36 76 89 94 105 88 113 128 133 133 135 122 59 35 39 30 30 38 42 66 108 118 82 40 67 117 125 127 125 132 127 126 104 28 9 9 10 10 11 19 35 40 40 43 45 44 44 44 38 42 57 68 54 32 25 
54 50 48 56 73 53 19 21 23 21 32 40 55 83 95 74 100 98 77 67 49 22 32 46 35 72 38 46 50 55 101 65 43 59 89 106 109 107 98 72 71 34 10 8 9 12 16 20 26 36 37 38 40 41 42 35 15 8 7 10 15 17 12 9 
55 49 50 60 72 65 29 29 32 32 27 22 25 39 82 46 11 9 8 22 19 9 29 47 61 159 147 156 136 112 78 30 41 56 69 81 75 48 33 18 16 18 12 10 11 15 22 29 34 36 35 36 36 35 28 15 9 11 12 14 14 8 11 11 
56 53 55 60 66 69 31 33 44 53 46 28 26 35 52 78 20 5 4 6 6 5 8 28 122 191 189 180 183 170 107 41 32 35 45 54 64 68 50 19 12 18 18 11 12 9 11 20 20 19 15 12 15 12 7 8 9 13 18 19 15 9 14 13 
56 46 50 59 72 78 45 34 44 48 41 31 21 24 30 48 74 21 7 6 6 13 12 55 160 198 229 238 210 158 129 77 38 23 31 45 47 46 53 32 11 13 20 14 12 10 4 3 3 4 5 2 2 7 9 10 12 14 16 13 10 10 11 11 
48 46 52 60 71 79 70 26 38 42 37 30 13 6 7 46 147 109 82 52 67 132 53 72 180 213 234 252 230 192 159 107 51 31 72 84 64 51 46 38 18 9 10 11 15 14 10 5 5 5 4 3 6 7 8 8 7 5 7 11 11 12 12 12 
51 46 52 63 72 75 76 26 33 41 34 18 14 10 16 110 174 160 168 143 150 163 97 152 191 190 212 236 188 180 158 95 56 57 135 159 176 155 118 44 25 16 11 9 14 20 9 8 9 10 9 7 8 9 10 9 6 3 7 14 15 15 13 12 
53 45 54 67 75 78 62 16 24 28 27 24 27 19 79 148 195 218 218 205 160 178 173 127 132 162 210 212 178 118 121 92 55 115 180 183 180 173 163 88 22 17 18 16 13 16 9 7 10 11 11 9 7 7 8 9 9 8 10 16 15 15 14 14 
53 48 57 68 75 83 80 27 27 36 25 26 32 43 146 163 218 248 251 229 159 158 145 71 71 116 168 175 156 90 27 59 117 179 203 191 177 162 125 109 19 15 18 19 15 14 12 12 13 14 10 5 3 3 4 5 7 11 14 14 14 12 14 17 
52 54 59 69 76 83 95 34 17 18 17 19 24 30 107 184 210 242 242 209 188 144 92 44 43 55 68 72 72 43 10 12 104 195 219 184 196 143 66 58 14 17 20 15 12 19 21 28 44 39 20 3 2 3 4 4 2 4 8 12 14 19 19 11 
55 57 67 73 82 93 74 29 14 14 14 14 14 14 51 137 178 178 171 183 174 153 83 74 53 30 11 8 18 30 24 10 64 157 202 190 173 147 91 31 16 20 16 10 8 9 10 26 52 45 22 5 3 3 4 4 9 13 15 18 23 16 11 9 
54 57 66 72 79 87 54 15 13 14 15 15 15 16 31 89 170 158 79 165 165 125 37 46 43 65 73 66 63 57 48 29 48 107 206 204 156 102 90 18 19 22 11 10 4 3 5 22 13 11 8 7 6 6 6 7 9 13 15 15 14 12 16 17 
55 63 66 72 81 91 52 13 13 13 14 16 16 18 44 81 114 90 20 98 83 90 50 32 13 7 25 49 59 75 89 110 165 178 163 118 50 21 24 14 22 24 10 7 4 3 4 13 7 5 4 6 8 8 8 9 8 7 11 12 13 13 18 19 
56 65 63 72 83 54 25 13 12 13 14 15 17 25 67 94 55 17 9 28 22 30 88 37 36 36 108 83 72 41 18 65 148 159 88 26 20 18 14 18 29 21 11 7 6 3 3 3 4 5 4 3 5 9 13 10 12 10 11 15 13 15 15 15 
55 63 66 78 95 52 13 13 12 12 14 15 22 53 92 100 75 17 4 4 3 6 77 138 155 148 141 162 147 103 38 24 44 40 19 16 17 32 24 14 21 32 19 7 6 4 3 3 4 7 7 5 3 6 10 11 15 9 6 8 12 16 14 15 
61 70 76 85 53 30 14 13 14 13 13 19 42 79 100 106 105 59 5 3 12 47 138 188 201 198 154 163 156 81 23 22 14 10 14 16 16 22 17 15 15 22 15 6 4 4 6 5 6 7 10 8 6 5 5 8 15 11 11 8 9 13 12 12 
60 73 86 76 28 16 14 13 13 16 17 42 78 99 105 110 115 87 12 3 56 150 165 196 222 221 145 142 125 84 48 7 7 11 16 17 16 15 15 20 18 12 9 4 4 5 6 6 7 11 21 13 11 10 6 6 10 21 23 11 10 10 10 13 
66 82 88 32 18 17 15 14 18 30 42 71 93 103 106 109 115 110 29 3 18 112 162 171 177 167 145 99 88 44 13 2 4 11 19 31 28 32 15 15 15 10 4 4 6 6 6 6 6 11 15 14 14 17 13 7 7 14 17 9 10 11 12 16 
65 57 55 26 21 17 22 22 43 63 74 97 98 101 104 102 103 101 34 3 5 58 112 119 118 111 103 98 31 2 1 2 3 8 30 59 39 25 14 14 15 9 3 6 7 7 3 4 7 11 14 19 17 52 52 15 8 10 11 7 8 10 12 19 
31 23 24 29 25 28 45 59 72 84 90 97 101 104 104 103 101 90 23 2 1 2 11 25 45 38 61 55 7 2 1 2 3 10 21 37 30 14 15 15 13 4 2 4 4 4 6 40 86 42 16 26 15 26 16 12 9 7 8 8 7 9 11 28 
24 28 33 58 36 46 70 87 91 87 93 97 103 108 105 104 100 79 14 1 1 2 2 2 2 3 4 5 2 2 1 1 3 8 15 17 16 15 16 15 8 2 4 10 7 8 11 43 120 65 19 15 15 15 13 8 9 13 9 11 8 8 10 18 
31 48 49 79 50 43 74 82 100 89 92 98 100 106 109 105 101 75 11 7 2 2 2 2 2 2 3 3 2 2 2 1 2 4 9 14 13 12 12 12 11 6 10 15 16 12 14 16 21 17 15 15 15 17 17 13 9 16 16 15 15 9 9 14 
45 61 53 74 62 36 67 79 89 100 91 94 101 104 110 106 106 74 9 6 2 3 2 2 2 2 2 3 2 1 1 2 2 3 4 5 8 10 11 11 12 6 5 12 14 14 15 16 14 15 14 15 16 18 18 14 4 5 12 46 92 41 8 9 
46 62 53 65 73 35 54 80 85 99 98 92 100 105 112 110 108 77 10 3 1 3 2 1 2 2 2 1 1 1 1 2 3 3 4 3 4 9 11 11 13 9 5 8 11 15 15 15 14 13 8 11 15 16 14 9 11 11 23 46 55 69 14 7 


2 3 2 3 3 5 5 5 6 8 5 4 3 3 4 2 4 25 24 3 2 2 2 2 2 1 1 2 2 3 2 1 4 19 67 50 29 43 36 80 93 12 8 16 68 90 62 141 126 121 85 64 32 44 75 47 46 105 131 88 30 34 37 43 
3 3 3 4 6 7 6 5 4 4 3 3 3 3 3 3 6 75 45 1 0 1 2 2 2 1 2 3 2 2 2 2 2 7 12 43 42 18 10 57 84 46 11 19 72 100 61 132 104 124 124 39 35 41 67 88 87 159 109 84 75 95 97 137 
2 2 3 4 8 6 5 4 4 3 4 3 4 5 3 3 4 16 9 2 1 1 1 2 7 26 4 3 2 2 3 3 3 3 3 10 9 4 7 46 79 37 13 43 81 71 96 91 83 48 62 61 85 148 72 59 63 127 123 67 103 119 176 199 
2 3 2 4 3 3 3 3 3 4 4 3 3 4 4 3 3 4 4 2 2 1 2 3 5 14 5 5 3 2 2 9 6 3 2 3 3 2 4 32 66 40 52 66 80 86 120 92 50 31 36 62 84 151 153 71 88 117 93 98 138 100 125 167 
2 1 1 2 2 3 3 2 3 6 6 5 3 4 4 4 3 2 3 3 3 1 2 4 4 8 4 7 9 2 2 7 5 4 5 2 2 4 9 31 60 70 76 80 91 105 161 159 99 108 116 103 111 101 140 125 96 120 129 114 129 96 88 137 
3 2 3 3 2 3 3 3 3 5 7 5 4 4 3 3 3 3 4 4 3 2 3 2 2 2 3 5 6 2 1 1 2 3 6 2 2 13 43 62 82 88 88 89 98 122 152 146 133 81 114 169 150 91 125 153 120 135 91 132 154 153 147 151 
3 4 6 5 3 4 3 3 3 5 6 5 3 2 3 4 4 3 3 2 2 2 2 1 2 2 3 3 1 1 2 3 1 1 2 2 20 47 64 84 88 86 92 94 112 103 169 103 127 111 50 76 94 84 175 158 175 191 84 86 102 163 184 211 
4 4 4 3 7 10 4 4 4 5 4 4 3 3 4 5 5 4 3 0 0 1 1 2 2 3 4 2 2 1 2 2 1 2 3 19 49 64 72 85 79 89 99 107 108 115 114 48 46 85 47 56 69 78 112 70 86 84 49 56 109 190 241 253 
2 3 3 3 3 3 3 4 5 4 2 5 5 3 3 5 8 5 3 0 0 2 4 7 7 4 3 2 2 2 2 2 5 10 14 39 61 79 82 84 86 97 103 112 69 69 25 8 12 74 81 99 107 62 46 36 38 64 64 103 160 203 222 230 
2 3 3 3 3 3 4 4 4 7 27 7 4 2 2 7 11 4 2 1 2 4 6 15 12 3 3 3 3 9 13 9 6 9 34 49 73 91 79 78 91 108 129 118 45 13 7 8 31 57 52 138 148 84 66 55 89 150 114 101 155 216 216 221 
3 2 2 2 2 3 4 4 3 7 60 11 2 2 3 4 5 3 3 4 7 8 8 8 5 2 5 16 38 59 69 61 36 32 43 59 87 88 73 85 102 129 140 54 14 12 10 10 19 20 46 91 162 209 212 165 172 160 143 144 157 130 190 212 
13 9 3 3 3 4 5 5 5 5 5 3 3 6 4 4 3 2 3 3 7 9 9 7 6 18 43 61 67 65 77 66 72 43 53 76 88 78 87 97 128 147 79 13 11 10 10 10 12 23 61 122 203 238 253 254 254 250 198 196 88 84 189 188 
8 5 3 5 3 23 28 41 49 9 7 5 6 33 6 2 2 1 2 2 3 5 7 13 30 56 66 67 66 68 77 80 71 47 68 82 78 80 88 105 142 92 14 24 70 41 19 16 12 44 83 83 181 251 255 255 255 248 180 82 21 25 131 128 
2 1 1 2 1 17 21 5 10 4 6 6 4 5 2 2 1 1 1 1 2 2 10 29 38 62 61 69 69 79 79 78 53 65 79 79 80 85 95 117 107 21 11 52 69 66 62 51 29 20 76 210 244 255 253 239 205 124 42 10 6 8 31 35 
2 2 2 2 1 2 2 2 2 2 2 3 3 2 2 3 2 1 1 2 3 16 29 17 47 61 62 80 80 72 75 62 57 74 82 80 85 99 109 110 39 7 26 62 69 70 60 63 72 69 73 196 255 243 149 76 37 14 8 6 5 5 7 9 
2 2 1 2 2 3 4 3 1 2 2 2 2 2 2 2 2 1 1 2 18 34 14 27 64 73 81 73 69 74 66 47 66 79 80 89 98 104 112 58 8 14 54 71 71 67 61 65 65 65 69 139 241 225 64 14 8 6 4 3 3 4 7 5 
2 2 3 2 2 3 2 2 1 3 2 2 3 3 4 3 3 2 2 19 32 20 27 51 80 87 67 68 75 77 55 64 86 79 79 88 101 107 78 16 13 42 82 78 81 70 66 71 65 62 66 83 122 175 134 31 6 4 3 3 4 3 4 5 
2 2 2 2 2 3 6 11 7 2 1 2 6 4 2 3 4 5 22 23 19 45 53 72 74 66 65 74 85 69 85 96 137 81 81 116 108 95 27 16 54 72 100 105 102 90 102 104 69 43 53 60 55 48 71 39 6 3 2 3 4 3 4 6 
1 2 1 3 10 27 30 44 49 28 8 2 5 9 5 4 6 25 20 23 53 79 83 70 68 80 78 82 62 98 146 156 155 97 109 149 120 88 19 35 85 96 111 138 157 134 138 137 74 29 33 40 17 11 12 20 67 27 3 4 3 2 5 5 
2 2 3 19 22 15 21 39 41 53 43 11 4 8 10 10 17 17 12 31 53 81 73 64 68 77 83 82 103 109 145 175 167 135 166 178 141 71 18 47 88 107 124 201 239 205 131 87 89 64 19 18 4 4 3 4 24 12 3 2 2 1 2 2 
1 1 15 22 9 11 16 30 32 39 47 39 5 6 69 51 20 16 20 30 66 68 67 67 65 62 56 77 125 123 156 184 181 163 169 136 45 26 57 77 100 121 155 240 248 231 111 93 104 53 16 22 1 2 1 1 2 2 2 1 3 7 8 5 
2 8 45 11 8 8 12 18 20 26 30 41 13 4 37 40 32 24 23 48 84 81 70 62 59 62 62 79 132 136 164 184 196 205 177 143 126 147 160 124 62 103 143 179 202 196 144 137 132 84 29 3 3 6 10 15 12 3 2 5 13 15 21 20 
2 40 71 9 9 9 10 14 13 16 14 39 49 6 12 20 29 24 43 78 97 70 54 58 65 70 79 114 129 143 195 211 247 245 192 156 133 108 89 89 46 86 108 130 129 128 129 113 97 55 43 30 37 32 16 5 6 7 13 12 11 16 30 22 
2 42 43 9 9 11 11 14 14 13 13 29 26 6 7 7 8 19 67 57 48 48 52 51 57 62 78 116 134 158 181 189 223 225 203 188 156 142 138 113 60 93 87 106 96 84 75 87 89 22 36 98 85 10 3 5 7 13 27 44 46 38 25 7 
2 5 20 21 17 12 14 18 18 12 19 34 32 49 45 7 6 26 47 43 43 42 53 55 60 67 88 102 131 146 135 161 171 163 174 160 167 166 151 131 93 118 137 88 82 71 37 23 24 39 78 128 108 50 55 54 6 10 27 61 55 44 14 2 
1 2 8 20 23 14 14 15 17 12 25 36 47 87 43 11 24 37 47 50 48 44 50 58 79 89 100 103 118 112 120 152 143 136 151 121 148 156 151 128 114 148 150 84 54 41 20 4 6 70 120 127 114 117 126 45 5 7 18 41 52 32 16 5 
1 2 2 5 28 47 29 12 13 11 19 31 41 43 21 10 24 41 44 46 51 59 65 74 87 93 98 101 102 98 64 90 134 142 122 119 121 160 154 108 129 133 130 134 99 52 32 30 73 107 137 136 131 141 119 55 15 10 11 13 20 35 33 19 
1 1 3 19 73 104 90 33 12 14 14 24 49 51 47 43 45 47 52 58 69 82 82 84 88 88 82 79 83 71 92 66 77 143 81 97 120 151 182 181 164 135 144 162 141 99 52 58 107 115 135 144 130 135 114 118 74 27 23 11 13 22 29 32 
2 2 9 24 75 102 109 53 17 19 29 36 28 11 8 8 13 15 14 14 17 54 74 79 83 86 85 75 83 76 114 98 49 82 81 100 160 167 197 215 210 161 149 135 118 115 32 50 114 120 117 127 102 133 134 99 23 12 17 29 32 19 21 39 
3 9 10 14 50 88 89 62 48 24 37 26 17 11 10 14 16 29 56 43 46 79 84 83 89 92 97 92 86 99 125 135 113 127 94 73 90 142 209 215 204 182 141 135 116 76 21 37 100 116 99 117 129 102 49 25 4 6 13 19 13 14 28 80 
12 14 7 22 24 25 49 59 57 37 29 24 28 24 25 48 68 104 113 89 88 85 82 85 88 89 88 91 102 112 118 153 132 134 118 79 87 160 172 161 156 168 164 132 64 22 16 12 39 106 121 117 95 117 83 7 2 9 25 28 26 29 25 52 
16 11 12 25 23 13 39 49 32 14 23 29 41 29 20 48 101 147 137 93 88 72 76 85 88 101 131 127 138 134 151 160 182 183 154 110 117 148 134 137 132 99 137 129 121 34 10 5 30 72 118 93 72 45 37 9 2 13 38 61 59 34 33 56 
11 25 25 22 20 21 50 35 16 8 33 36 27 18 5 12 63 102 95 76 66 66 80 86 85 88 110 128 171 179 186 226 249 229 121 114 126 120 98 94 102 128 77 66 45 17 3 3 6 11 39 30 18 10 22 16 6 10 42 64 60 49 32 19 
19 26 27 28 26 33 39 18 10 13 32 25 19 8 9 21 66 90 76 70 65 72 82 81 80 92 96 115 119 130 172 229 237 197 111 91 64 41 74 85 60 86 60 52 25 7 3 4 4 10 9 5 4 7 23 24 12 9 25 48 53 104 41 5 
25 22 19 14 26 39 22 15 16 26 24 20 18 14 10 23 62 83 68 62 68 72 77 74 87 103 111 111 122 132 141 162 148 132 126 123 48 15 43 32 31 31 42 41 13 2 4 7 8 17 10 9 7 8 11 13 8 16 41 39 34 55 13 4 
13 5 4 20 48 25 19 27 33 34 40 27 31 39 40 49 67 70 62 60 69 79 81 87 99 110 92 54 55 78 114 106 112 117 80 76 27 12 16 18 23 37 52 19 2 2 12 15 11 8 9 13 15 16 21 31 24 33 59 56 32 12 2 2 
6 7 14 47 41 25 28 44 59 57 63 61 64 65 63 63 69 68 60 67 78 85 90 101 107 79 23 7 16 70 105 82 69 57 38 29 28 23 17 15 25 53 61 20 1 2 9 12 13 15 22 36 48 47 47 63 50 39 57 59 34 19 2 1 
9 10 33 56 47 42 37 41 50 44 45 43 42 54 60 64 59 63 69 80 80 85 96 105 69 14 4 7 45 76 82 105 71 44 25 33 64 76 66 55 36 21 10 7 3 3 8 12 13 14 17 27 39 40 46 74 63 46 53 37 16 2 2 3 
24 34 40 51 50 54 44 25 24 23 28 34 47 66 69 49 53 66 75 87 88 87 93 57 10 4 6 11 65 83 125 169 117 43 16 19 44 57 61 63 65 50 9 2 2 2 2 4 9 13 12 14 18 21 30 29 28 33 41 52 61 38 5 4 
34 41 41 41 38 35 19 10 23 30 37 43 46 39 36 41 62 66 75 82 89 76 40 10 4 5 10 20 70 93 115 126 98 70 48 37 52 59 72 81 79 71 24 1 1 1 1 1 6 17 19 19 20 21 19 19 19 22 25 30 43 46 14 7 
46 39 35 29 32 23 7 7 4 8 28 33 36 43 31 49 64 69 66 67 62 26 8 10 9 9 13 18 39 61 69 47 13 23 60 61 65 65 77 67 64 50 11 1 1 1 2 2 6 17 22 22 23 25 25 22 21 18 14 20 24 22 12 12 
48 34 26 24 35 29 10 11 10 5 12 17 20 41 47 33 54 56 42 35 25 9 12 19 22 50 21 28 29 34 67 42 17 17 30 46 57 58 61 36 33 16 2 1 1 2 4 6 11 19 20 21 21 23 24 19 8 3 3 4 7 9 8 5 
47 32 25 29 37 35 16 14 12 10 9 5 4 9 36 24 6 4 3 8 9 3 15 26 37 105 94 104 88 74 51 17 18 20 22 35 42 25 18 11 8 9 3 1 2 4 9 14 17 20 21 20 18 19 17 9 5 9 11 13 13 5 8 7 
46 33 28 25 28 34 19 9 11 23 19 10 8 7 16 39 11 1 1 2 1 1 3 14 72 115 114 123 127 118 68 22 16 17 18 16 19 25 23 9 4 7 8 4 4 4 6 13 12 11 9 8 8 6 5 4 7 13 19 20 15 7 13 11 
42 22 17 22 29 34 22 7 10 20 13 9 9 5 5 23 49 12 2 2 2 6 5 28 90 125 165 212 173 111 84 41 17 11 13 20 17 10 12 9 3 5 9 8 8 7 3 1 1 2 2 1 1 3 7 7 9 13 15 11 5 4 8 8 
31 21 21 26 30 34 33 9 11 13 9 9 6 2 2 33 104 68 44 28 47 93 31 45 115 138 187 240 198 145 112 61 26 14 37 50 34 21 15 7 4 2 3 3 6 6 5 1 1 1 1 2 3 3 5 4 3 3 3 4 5 7 9 10 
33 19 19 25 30 37 34 13 14 18 14 7 5 4 8 76 110 93 98 82 83 106 56 96 117 109 147 199 149 120 106 66 39 34 85 113 125 98 71 15 5 2 2 2 4 6 3 2 1 2 3 4 6 8 10 8 4 2 4 9 11 11 12 12 
35 15 19 29 38 43 34 8 10 11 6 4 8 8 40 81 124 150 173 153 91 126 114 73 72 91 129 143 122 73 77 56 30 68 114 128 123 131 117 54 6 4 6 5 4 4 3 1 1 2 3 4 4 5 7 8 6 6 7 11 10 8 7 8 
36 21 22 32 38 49 48 16 12 17 5 6 15 26 95 84 155 224 236 203 105 107 96 40 37 60 97 120 107 54 10 28 67 114 135 142 135 119 91 67 7 5 7 7 6 5 3 2 3 4 3 3 1 1 2 3 4 6 7 6 6 6 5 6 
34 23 21 29 35 48 70 22 9 8 5 5 9 17 72 115 148 225 227 179 133 80 45 22 26 36 45 50 49 27 4 4 68 137 156 127 139 97 49 37 6 8 10 7 4 5 7 11 21 16 9 1 1 1 2 2 1 2 3 6 7 7 8 6 
32 24 26 34 46 60 55 19 7 7 6 6 5 4 30 81 127 125 126 126 122 96 42 39 35 19 5 3 9 18 14 4 41 109 143 132 129 104 67 19 9 13 7 4 3 3 4 21 41 21 14 2 1 1 2 1 3 5 6 7 8 7 4 4 
27 24 26 34 45 56 32 6 6 6 8 7 6 6 18 55 122 100 52 115 120 85 20 25 27 46 52 45 40 37 31 17 24 62 147 135 100 65 56 9 8 11 6 4 2 1 2 7 5 5 4 3 3 2 3 2 3 5 7 5 4 3 6 7 
27 34 32 37 46 63 34 5 4 5 6 7 7 9 29 56 73 59 10 67 53 54 28 20 6 2 14 33 38 44 53 59 91 94 96 75 27 7 8 4 7 11 5 2 2 1 2 5 3 1 1 3 4 4 3 5 5 3 6 6 5 6 9 12 
30 37 33 40 53 36 14 5 4 5 6 7 8 15 49 67 37 9 2 16 12 17 50 19 20 22 64 52 51 21 8 36 83 84 51 8 6 5 4 7 10 8 5 2 2 1 1 1 2 2 1 0 2 4 5 5 6 5 6 9 6 8 10 10 
27 33 36 45 71 38 4 4 3 4 6 7 12 38 72 73 50 9 1 1 1 3 46 83 100 89 85 127 113 65 20 14 19 19 9 6 6 14 12 5 8 15 9 3 2 1 0 1 1 2 3 2 0 2 4 6 7 7 4 4 6 7 7 7 
30 40 48 58 37 19 6 5 5 4 5 10 27 62 83 89 84 43 3 1 8 29 77 105 127 135 96 117 122 58 13 16 4 3 5 7 7 9 8 5 5 10 7 2 2 1 1 1 1 2 4 4 3 2 2 3 6 6 7 5 4 6 6 6 
33 45 57 54 14 6 6 5 5 6 8 28 59 82 92 99 103 77 9 1 38 93 98 122 165 186 100 100 88 59 26 2 2 5 9 7 6 7 6 6 6 4 3 1 1 1 1 1 2 4 11 6 6 5 4 3 4 10 12 6 4 5 6 8 
42 60 62 13 7 6 6 6 9 16 26 53 76 87 93 98 106 102 25 1 13 81 113 114 140 136 108 72 58 29 7 0 1 4 9 15 12 14 7 8 8 4 2 2 2 1 2 2 2 5 9 9 10 8 8 3 2 7 8 3 3 4 6 9 
42 38 34 9 8 5 9 11 26 41 53 77 79 84 89 88 90 88 29 2 4 40 79 84 82 80 75 78 22 1 0 0 1 4 14 34 22 11 6 7 8 5 1 3 2 2 1 2 3 5 7 12 6 46 52 7 4 5 6 3 5 6 8 14 
16 8 10 12 11 15 29 39 47 60 71 80 84 91 92 89 83 69 17 1 1 2 8 19 36 28 43 40 5 0 0 0 1 4 11 19 15 6 6 7 7 2 1 1 1 1 2 36 83 35 9 19 5 22 14 5 4 4 5 6 4 5 8 24 
11 13 18 35 20 30 46 63 64 63 74 82 90 92 92 89 80 56 10 1 1 2 1 0 1 2 2 3 1 1 1 1 1 4 9 9 8 8 8 7 4 1 1 3 2 1 3 34 113 51 9 7 8 7 5 2 2 6 5 8 6 5 7 15 
18 33 36 61 31 29 52 58 77 63 72 82 87 95 96 93 83 53 9 8 2 1 1 0 1 1 2 1 1 1 1 1 0 2 6 7 7 5 5 4 3 2 2 3 8 3 4 5 10 6 4 6 8 10 10 6 3 8 7 9 12 9 9 10 
32 44 39 57 40 22 50 55 66 76 70 78 88 95 99 93 91 57 8 6 0 1 0 0 1 0 1 1 1 1 1 0 0 1 1 2 3 3 4 4 4 3 1 2 5 5 5 6 5 4 4 4 7 9 11 7 2 3 5 31 87 43 8 8 
33 45 38 48 51 19 39 57 61 79 77 73 87 96 105 100 95 60 7 1 1 1 1 1 0 0 0 1 1 1 1 0 0 1 1 1 1 3 4 5 5 3 1 2 4 5 5 6 6 6 4 3 5 6 5 3 2 3 10 24 38 62 13 6 