


45 43 58 95 90 72 86 96 97 76 92 74 49 32 32 38 28 26 57 119 160 165 178 179 180 163 141 137 161 142 167 166 157 115 52 96 129 107 97 72 122 131 128 134 161 163 160 155 154 148 142 127 117 113 102 118 121 116 109 152 124 108 106 100 
67 52 77 86 53 68 87 99 89 50 43 59 58 65 77 51 33 23 47 99 160 171 176 169 169 162 138 141 138 100 120 128 142 117 62 93 128 133 98 111 129 131 136 152 161 164 161 153 148 142 147 138 113 110 110 115 117 111 104 109 124 118 105 99 
69 61 65 55 31 37 46 61 59 36 32 56 71 84 100 82 46 30 30 74 156 176 192 178 153 136 133 157 142 113 108 138 159 136 95 97 155 137 90 134 131 110 134 152 160 167 166 168 160 150 134 118 111 105 109 111 114 110 110 112 124 112 108 107 
74 49 34 33 31 29 44 51 75 40 27 37 67 56 65 51 44 34 29 66 152 157 180 196 165 131 130 150 142 152 153 141 140 123 92 118 152 148 87 121 119 110 121 141 163 165 166 170 170 168 163 143 146 123 134 115 122 121 126 160 159 138 124 111 
56 41 40 39 35 30 45 53 72 31 25 38 58 43 48 52 38 28 26 47 94 146 174 202 184 162 153 144 160 199 196 197 190 164 144 139 150 152 127 121 109 96 96 132 158 163 149 157 162 151 163 150 126 122 129 127 136 114 112 119 114 144 144 120 
54 43 42 52 42 38 45 52 41 29 26 37 42 37 62 59 45 37 28 28 40 99 171 200 193 176 155 126 128 215 217 207 185 170 142 113 141 145 137 128 111 87 100 124 152 170 156 159 158 144 136 134 108 94 121 137 132 113 106 122 121 117 120 114 
66 38 35 64 42 29 35 48 34 39 53 36 41 50 72 53 50 52 34 25 31 75 162 198 196 186 170 100 73 159 210 208 196 165 145 110 135 143 132 119 104 98 101 124 145 162 164 173 157 144 125 112 129 109 115 116 126 116 117 113 123 129 116 113 
67 46 34 54 40 24 32 34 30 40 47 33 30 33 54 39 48 66 42 22 24 56 155 195 195 187 175 109 74 120 172 190 186 171 119 147 142 136 134 123 100 95 104 126 141 150 148 166 155 159 137 109 97 105 107 112 127 124 108 110 110 116 113 109 
51 70 61 44 40 29 34 34 31 45 41 32 28 33 43 33 41 53 46 25 28 83 159 195 194 168 165 138 108 121 143 132 127 162 135 137 134 128 119 119 115 113 123 136 140 146 149 147 148 172 169 135 113 115 104 101 142 125 104 112 113 117 112 107 
54 74 75 77 55 47 43 36 33 31 27 26 29 39 45 38 43 57 50 40 48 99 149 190 195 167 145 140 134 156 165 140 128 151 143 128 126 123 113 107 111 133 140 126 127 143 151 148 156 176 173 167 163 118 102 94 103 99 94 108 119 117 113 115 
40 57 75 77 49 43 39 40 28 31 30 32 35 39 33 29 43 53 64 35 64 126 147 165 173 159 142 137 146 160 151 125 110 111 129 134 132 128 117 106 123 136 133 123 133 143 157 163 161 167 189 194 159 117 104 105 100 94 100 108 121 127 124 129 
39 52 76 71 69 59 41 34 29 34 38 34 28 32 40 44 49 46 34 32 73 165 158 182 179 161 145 137 133 147 170 164 127 117 128 132 127 120 119 118 138 134 132 134 143 135 155 163 157 165 195 189 154 121 110 118 108 107 105 111 114 119 118 120 
61 56 57 66 82 71 53 45 34 34 44 41 42 51 54 51 47 39 27 23 88 165 157 186 188 178 162 150 138 151 165 148 128 130 132 125 122 117 129 130 136 133 133 134 138 135 145 156 156 166 179 191 161 132 114 114 114 114 111 121 125 124 123 122 
59 78 76 48 56 71 68 55 53 45 51 50 48 56 49 47 50 42 43 43 121 175 163 168 181 178 164 140 142 167 188 183 173 154 137 124 121 118 127 136 135 137 131 130 138 138 149 151 162 169 178 180 155 149 134 124 120 111 121 132 129 128 123 123 
88 88 75 78 85 78 64 49 62 51 53 60 63 65 67 63 66 72 72 65 139 181 152 154 180 172 166 161 153 169 203 209 184 158 142 133 124 118 123 132 139 139 131 126 130 142 146 148 147 168 195 187 166 180 176 156 149 136 133 141 123 117 121 123 
81 81 85 91 92 91 55 40 58 51 57 78 62 64 80 79 93 85 67 59 130 174 151 157 183 168 130 131 132 168 203 211 186 153 142 139 128 115 117 127 135 137 134 121 129 145 148 147 152 174 182 182 164 169 181 174 161 159 143 126 123 120 119 116 
57 76 91 99 93 94 68 51 62 53 59 64 40 36 76 56 84 94 88 79 132 180 171 163 163 163 121 123 123 165 202 210 188 158 138 136 139 131 130 138 133 129 135 125 122 134 141 148 153 176 177 182 157 170 183 176 161 165 157 133 127 128 119 116 
74 80 95 82 78 92 66 61 90 66 68 43 37 46 76 38 47 95 91 89 140 198 168 155 153 144 113 121 115 138 185 211 191 161 137 136 145 137 142 136 139 143 144 125 127 140 142 142 150 174 172 167 157 176 183 173 162 166 156 131 126 147 129 118 
68 70 82 71 63 59 44 45 90 83 74 55 43 50 54 38 46 73 83 95 147 210 177 147 146 129 112 124 122 125 188 214 197 171 143 130 146 143 145 139 137 134 143 134 136 134 137 143 150 162 157 165 178 175 180 183 170 158 153 142 132 124 131 135 
76 52 50 67 58 46 43 48 88 99 79 57 46 60 56 52 71 96 100 80 161 209 185 167 162 132 121 129 135 146 204 215 195 171 154 143 147 156 153 151 138 127 146 143 134 127 136 148 152 157 149 171 172 143 154 181 181 176 165 143 129 127 138 144 
69 69 51 53 52 54 58 66 96 94 70 67 81 86 79 87 73 90 77 102 168 208 200 180 170 129 124 140 148 158 214 213 182 157 156 147 154 160 148 149 140 130 148 152 137 132 139 142 157 156 133 139 148 143 146 156 169 176 168 142 129 131 157 152 
71 71 67 62 48 66 69 79 97 99 79 82 89 90 87 94 96 102 72 125 173 200 190 185 187 149 152 169 162 169 211 214 171 137 151 149 157 172 168 146 130 122 132 144 143 140 143 145 149 145 130 128 120 116 133 146 174 179 162 142 131 135 150 133 
73 68 69 69 61 66 67 82 86 88 82 82 80 104 100 97 106 123 108 144 170 198 185 186 191 157 167 179 152 155 213 213 177 138 140 144 165 173 163 156 140 123 123 133 142 148 154 148 146 146 138 128 124 122 134 151 163 159 149 146 151 146 146 138 
45 66 90 87 72 61 62 82 70 73 80 79 79 124 122 108 95 139 128 160 179 195 196 199 197 176 180 182 136 125 206 214 179 144 139 144 171 177 158 148 147 134 127 133 141 149 153 154 155 153 144 135 144 135 132 139 148 164 161 146 143 152 159 158 
38 47 85 94 75 55 56 87 84 78 87 78 93 121 128 109 74 136 140 179 179 178 195 209 203 193 185 173 125 113 196 212 180 152 145 155 166 170 165 153 151 142 128 131 144 150 153 153 163 158 138 138 126 118 131 134 158 167 163 152 155 185 175 151 
43 59 84 85 89 54 53 84 81 76 90 77 86 107 107 93 75 131 156 192 185 183 187 214 206 200 190 163 121 110 174 187 158 153 153 151 158 166 172 163 152 142 133 129 137 144 152 155 162 156 143 132 119 115 119 152 164 149 146 146 159 180 164 164 
38 46 40 58 84 58 82 94 86 86 78 70 81 110 112 89 89 124 168 200 193 184 183 206 192 197 175 135 108 108 177 186 160 157 151 138 141 145 167 175 151 144 152 142 134 135 149 154 157 151 144 131 123 119 114 131 140 134 142 151 164 167 140 169 
29 21 27 60 63 57 87 89 82 69 58 51 50 91 104 79 75 99 156 199 195 184 186 195 187 188 162 129 126 122 159 179 170 177 152 133 137 147 156 173 164 153 160 159 140 136 144 145 153 144 135 129 127 125 117 123 149 155 147 161 150 141 138 150 
34 39 41 40 32 42 46 55 52 41 40 36 32 43 105 78 55 63 125 191 192 186 186 194 187 180 158 137 142 142 158 173 163 185 153 124 128 149 168 169 165 158 171 166 140 139 142 148 150 140 134 133 127 124 116 114 121 157 143 150 149 152 147 172 
49 74 92 76 50 66 64 67 57 42 36 38 40 39 53 51 50 52 110 181 189 188 183 193 186 181 158 134 130 133 156 163 173 186 162 126 129 157 172 170 169 163 161 159 144 141 146 140 136 135 133 127 122 121 116 115 116 122 125 133 136 137 139 132 
80 84 95 94 75 67 59 85 76 41 36 51 48 39 35 45 56 65 90 166 191 184 182 186 167 174 158 132 128 136 152 153 178 181 155 122 137 177 185 174 158 153 160 154 138 135 150 152 138 134 135 132 130 123 113 126 158 132 131 133 145 140 136 125 
86 94 94 81 72 64 71 91 78 45 43 52 72 61 52 51 62 75 92 138 174 178 183 146 128 155 161 143 132 152 147 133 151 182 168 127 137 169 178 178 171 157 162 160 142 141 161 153 144 139 141 144 140 129 114 113 122 123 128 133 142 141 128 123 
109 107 103 93 81 73 71 85 83 52 39 40 51 65 43 42 42 45 57 105 151 182 179 144 140 170 165 145 142 144 145 145 157 182 154 127 133 155 167 175 174 158 167 160 137 140 160 157 149 138 141 146 136 130 118 111 116 127 127 130 136 141 134 126 
91 106 107 91 91 91 88 83 75 57 50 57 60 47 41 38 39 37 44 86 129 181 186 151 158 178 156 136 141 134 146 162 160 189 176 140 139 146 166 179 178 171 169 148 131 143 164 169 163 157 157 158 141 135 127 117 121 127 134 144 136 135 139 130 
56 59 85 106 91 67 72 80 84 76 73 67 66 44 47 50 49 54 72 98 72 157 193 161 147 185 156 142 137 141 161 164 161 188 176 155 153 159 154 164 171 170 170 151 133 147 170 174 166 160 154 150 143 132 122 114 116 122 132 139 135 135 135 133 
63 73 73 99 91 64 61 71 70 77 90 80 69 57 59 68 65 60 72 87 52 139 194 170 144 189 165 147 136 137 163 178 173 183 185 168 145 140 144 156 162 157 162 146 147 169 183 179 166 160 159 158 153 137 121 115 122 123 126 127 123 124 134 137 
73 89 93 87 70 50 45 38 46 53 73 95 96 85 73 59 43 47 52 48 45 95 181 190 157 170 152 140 133 129 149 174 181 177 175 148 118 119 145 174 174 165 162 150 150 166 182 177 171 168 168 164 159 150 132 125 127 124 122 122 125 126 137 145 
61 74 80 81 73 44 37 23 31 37 56 99 96 72 86 55 24 38 70 61 37 64 173 201 166 174 147 140 136 127 142 171 184 172 154 134 100 105 129 163 169 171 161 156 162 173 182 175 173 176 168 161 162 165 149 134 127 123 121 126 132 130 138 141 
42 38 65 82 75 58 36 45 42 32 32 79 107 87 83 59 28 54 81 47 28 91 193 203 170 180 150 141 140 129 129 156 169 143 132 134 122 124 142 168 174 173 173 183 184 187 187 179 170 169 156 151 157 160 147 135 130 125 125 134 138 133 135 137 
56 55 41 66 57 45 28 46 53 26 17 48 97 92 101 80 57 47 52 27 28 94 184 202 173 179 160 144 131 124 128 139 151 148 128 131 139 145 145 163 178 169 181 190 187 184 185 182 169 166 158 159 155 157 149 140 139 130 131 133 132 127 130 143 
76 68 42 45 32 25 26 34 62 32 15 23 66 95 108 83 71 33 37 25 31 97 177 195 174 178 154 146 141 129 128 144 162 159 131 133 151 163 151 156 172 168 184 184 184 180 175 171 161 161 164 162 156 152 148 142 145 139 127 125 126 126 135 145 
76 77 52 34 33 29 25 35 47 25 40 48 65 73 95 75 36 36 31 28 29 117 184 184 167 183 153 146 139 136 145 151 159 157 137 148 158 158 148 167 175 174 176 174 180 178 174 169 165 165 158 155 148 146 144 144 149 145 140 137 144 139 135 148 
48 66 47 39 47 40 26 26 29 25 45 74 84 80 69 59 45 29 27 30 24 113 198 176 168 179 164 143 140 136 142 146 147 150 134 136 146 145 166 172 160 168 179 181 176 175 173 175 176 176 160 150 146 142 135 135 139 136 129 126 149 131 136 134 
67 44 31 25 33 31 23 28 40 35 35 49 70 79 62 33 35 24 23 27 23 87 187 166 173 195 176 149 139 120 127 132 136 140 128 130 138 151 175 158 139 142 177 191 183 175 173 173 177 174 159 144 137 137 141 140 137 137 136 138 143 125 135 129 
50 48 31 24 26 29 34 33 32 34 26 23 33 67 71 41 23 21 21 21 31 97 179 162 184 201 178 150 121 99 116 131 141 144 144 135 138 150 161 152 131 137 180 193 181 176 177 178 180 164 151 148 145 133 131 122 129 132 128 128 128 129 137 136 
26 34 32 30 22 29 45 27 23 24 23 23 26 62 66 55 34 28 24 20 25 71 168 173 182 203 185 158 118 105 119 134 135 144 144 137 150 158 166 165 135 148 169 182 180 174 174 167 172 156 146 145 139 128 130 131 128 123 123 123 129 140 150 134 
26 26 43 33 24 25 29 21 21 21 22 22 22 33 53 55 48 37 25 18 16 63 151 172 177 202 185 152 120 111 125 140 147 149 139 131 144 149 154 174 148 151 156 170 179 179 181 173 174 170 161 153 142 134 133 138 135 129 124 128 136 131 131 137 
18 32 43 28 25 28 24 18 21 20 23 22 23 24 34 35 39 36 20 14 10 20 105 173 179 202 189 156 141 129 132 141 155 149 144 141 145 155 155 173 141 137 146 159 161 170 180 170 167 170 167 154 148 139 138 131 126 127 124 123 126 129 123 125 
17 29 37 31 31 24 22 21 24 19 18 20 22 28 40 35 30 27 28 24 11 22 108 165 171 202 189 155 142 132 132 147 169 162 151 151 157 155 148 160 145 155 160 155 145 162 174 167 165 166 159 149 144 142 138 132 127 123 126 128 135 134 120 121 
18 27 57 53 56 34 18 22 26 18 19 21 21 31 48 42 25 28 40 42 18 18 105 164 181 202 193 156 144 130 125 157 189 183 161 158 164 155 141 135 135 147 156 147 143 160 162 164 167 151 137 136 130 123 123 132 131 133 142 140 158 139 120 119 
42 46 61 65 57 38 23 21 26 20 18 22 18 20 38 47 28 25 30 28 23 21 89 150 182 199 187 161 140 122 142 177 193 191 170 163 166 149 134 135 123 126 137 136 142 158 162 164 162 145 133 126 117 112 117 124 134 135 133 158 149 127 120 122 
55 76 71 66 62 50 32 19 22 24 23 20 20 20 35 42 41 38 42 38 27 27 111 170 187 195 176 153 144 124 136 185 195 188 178 168 171 158 131 119 121 121 129 128 133 151 146 143 143 126 118 112 107 103 105 114 130 130 123 121 129 122 128 121 
43 65 74 68 61 52 41 26 25 28 27 23 25 22 40 61 71 62 66 77 79 50 123 176 189 199 201 178 164 133 122 173 193 196 175 158 155 153 145 124 117 124 133 127 129 140 131 122 118 117 118 114 114 113 117 115 127 133 118 121 123 126 127 118 
30 52 61 53 70 59 39 29 40 41 34 35 24 19 25 47 84 80 90 92 99 69 114 176 188 197 202 182 165 124 122 176 194 194 173 157 150 148 156 150 130 116 133 140 132 126 119 121 114 116 116 115 119 121 127 130 138 142 125 118 124 125 122 121 
42 49 47 55 77 61 39 39 85 96 72 66 44 22 25 50 96 114 104 93 88 59 91 163 185 192 197 169 136 126 140 170 181 187 162 141 136 144 153 149 125 113 131 144 136 123 120 121 125 119 114 116 124 130 126 133 134 136 127 121 121 118 117 121 
31 36 50 66 69 53 36 30 73 104 92 64 41 40 51 63 84 109 110 97 88 84 108 152 181 191 202 173 124 117 138 163 165 176 159 141 138 137 146 163 141 137 141 142 134 113 116 127 122 120 117 116 118 122 119 123 127 128 124 122 130 128 119 121 
39 30 22 41 61 43 45 53 44 64 67 61 43 38 44 42 56 80 90 100 80 59 95 150 180 182 190 170 128 118 140 166 167 175 151 138 135 142 167 181 162 149 148 157 131 116 118 121 131 133 124 118 117 129 127 121 123 128 130 131 133 140 126 120 
34 41 19 21 27 19 40 58 28 48 43 39 34 23 30 54 51 64 82 92 83 57 80 136 179 163 167 167 129 125 139 153 165 177 149 139 140 150 170 183 170 138 127 128 121 119 119 122 129 136 130 116 113 124 124 131 137 144 142 145 152 147 130 126 
32 28 19 31 56 46 37 52 54 63 69 66 41 18 16 33 35 62 82 88 84 68 82 147 182 170 164 171 141 124 126 143 159 172 146 128 132 142 170 182 161 129 125 127 123 124 125 122 119 123 148 139 120 125 140 159 155 152 153 162 149 136 128 135 
53 58 29 61 68 55 47 37 37 62 76 72 46 23 17 30 61 81 90 100 97 74 64 151 181 179 177 171 148 127 123 147 156 165 140 129 128 144 175 181 176 149 134 134 125 124 128 123 118 127 145 139 130 132 147 151 151 151 153 161 132 135 143 135 
43 85 65 70 58 42 37 24 20 49 70 70 41 22 19 36 76 86 90 101 99 73 96 154 170 188 181 164 147 136 127 149 161 165 144 123 124 151 172 178 178 165 148 132 121 122 130 127 142 132 126 119 132 138 122 129 134 127 132 129 126 140 152 140 
25 50 67 57 27 23 32 31 23 24 46 49 23 17 23 37 64 86 82 82 83 70 98 155 168 186 183 163 140 137 136 151 154 161 152 136 142 159 165 176 177 170 155 138 130 131 136 137 140 132 132 133 134 142 132 137 138 126 133 144 151 163 166 156 
18 32 74 85 45 19 26 37 24 15 20 21 13 11 25 43 56 82 86 84 82 103 125 158 171 179 181 169 140 137 159 165 165 170 160 149 156 176 175 181 183 175 163 143 132 132 137 129 126 144 160 151 136 125 131 136 132 127 135 147 167 159 162 152 
21 26 62 90 48 19 16 23 16 11 17 21 18 13 23 40 47 34 40 62 79 110 102 151 178 190 188 170 134 135 165 171 176 175 157 141 142 160 183 186 180 171 166 141 123 124 131 128 131 156 191 161 141 137 137 116 129 150 130 129 158 150 157 131 


54 52 67 111 107 89 102 115 115 94 105 87 63 36 40 50 40 34 65 121 154 157 162 164 170 168 167 153 153 133 159 157 148 108 51 92 126 122 122 107 159 168 164 158 154 153 151 150 151 161 164 157 152 143 139 154 164 161 157 184 167 158 156 149 
75 60 86 103 67 83 101 114 105 67 54 71 73 69 79 56 44 33 55 102 147 156 157 155 158 161 143 142 129 92 111 119 133 107 57 87 123 151 124 144 166 167 162 159 157 159 155 151 152 157 168 165 146 140 146 149 156 157 153 157 163 161 154 147 
79 75 80 72 42 49 55 71 73 49 41 66 82 92 106 82 54 36 33 75 140 153 162 164 151 137 138 153 134 106 102 129 150 129 89 89 148 135 107 163 166 144 161 161 156 155 152 152 154 156 159 152 148 145 149 150 153 155 156 159 164 157 156 153 
88 65 46 44 41 39 50 58 88 52 34 43 74 69 78 57 47 35 32 64 127 146 156 174 163 129 127 142 133 143 145 134 132 115 87 111 141 137 92 152 159 150 152 158 154 154 155 155 164 170 176 165 169 155 160 147 152 158 164 185 184 171 162 155 
73 54 50 49 45 40 52 60 85 39 30 45 69 58 60 61 47 37 36 63 97 135 157 175 175 162 148 135 154 197 190 191 182 155 134 131 143 162 152 159 150 136 131 153 157 161 156 154 156 158 178 173 157 152 162 161 167 155 154 159 155 174 170 155 
71 53 49 63 57 49 52 61 51 38 34 45 53 48 71 68 59 50 39 50 67 113 156 169 171 178 158 124 122 213 213 204 180 159 132 106 140 164 173 166 151 127 139 153 157 163 161 163 157 152 159 162 141 134 155 168 161 153 150 161 159 155 155 151 
83 49 43 77 56 40 44 56 43 51 67 46 51 60 78 58 64 65 45 42 58 101 151 167 171 184 166 103 72 157 208 203 188 154 137 106 150 176 170 157 144 137 144 160 157 158 160 176 171 159 154 152 160 148 157 158 156 159 162 159 161 162 154 150 
79 56 43 68 52 31 39 41 39 50 61 42 39 45 61 46 62 82 52 34 47 86 151 164 171 180 169 114 73 118 170 184 178 161 118 161 170 172 170 158 136 132 144 160 160 161 164 182 166 168 162 150 142 149 154 154 160 161 151 156 154 158 158 154 
65 83 73 57 53 37 40 40 37 53 51 41 35 42 48 37 51 70 55 31 46 108 156 170 169 170 175 145 108 114 135 125 122 155 147 168 169 167 157 156 154 154 162 166 161 160 160 163 161 173 179 163 154 154 150 148 170 160 147 156 158 162 159 157 
66 90 90 89 68 56 50 42 37 37 33 33 35 50 54 42 54 70 52 41 57 110 150 167 168 161 158 141 130 143 153 132 127 161 171 161 161 160 148 143 149 162 167 163 159 162 162 160 160 168 170 174 180 153 146 142 147 144 137 150 159 161 157 158 
49 68 89 90 60 49 46 48 32 37 35 38 39 48 41 35 56 67 73 39 69 124 148 151 155 155 158 145 145 145 139 125 126 136 164 171 164 158 155 143 151 161 162 159 161 161 159 160 165 165 177 193 175 153 148 146 143 137 142 146 156 161 162 164 
48 62 89 84 81 68 49 38 31 38 40 36 30 37 46 48 62 58 39 34 68 150 162 166 160 155 154 150 136 134 143 138 126 139 168 173 163 155 153 148 159 161 155 157 156 154 159 161 167 164 179 180 168 158 153 155 150 149 148 149 151 156 155 155 
69 69 71 78 95 82 64 54 41 42 51 49 50 58 61 57 58 52 32 24 82 159 160 170 174 173 161 153 147 145 139 121 121 148 171 171 168 160 158 153 160 161 156 156 158 157 159 165 168 167 162 173 167 163 156 151 152 153 152 156 159 160 157 153 
72 91 88 58 65 84 83 64 61 57 62 60 60 66 61 55 58 53 53 42 111 166 165 170 174 170 159 139 152 159 163 150 153 151 159 167 165 160 161 162 160 161 158 154 158 159 162 163 175 173 169 176 170 173 166 158 151 142 148 155 159 161 160 159 
101 99 89 92 99 93 78 59 73 62 66 73 74 78 82 75 73 80 85 73 129 164 161 171 167 159 171 168 164 157 177 171 159 147 152 167 164 158 163 166 163 162 159 153 152 156 158 164 170 167 181 185 178 191 183 168 161 151 147 156 157 155 160 165 
96 94 100 106 103 102 65 51 72 63 69 93 75 75 94 93 106 94 75 70 128 160 161 169 179 163 170 174 167 161 175 176 161 152 153 170 165 154 161 165 162 162 161 160 158 158 163 165 172 173 174 179 172 179 188 183 174 170 157 150 160 162 162 161 
72 91 108 114 106 105 79 61 75 64 69 75 47 41 91 72 100 106 96 86 119 161 168 173 168 165 166 171 164 170 182 181 166 158 151 162 170 168 166 166 159 159 164 163 159 161 161 161 168 177 172 182 172 186 193 183 169 169 163 156 162 167 162 162 
86 92 108 93 86 102 76 71 106 78 80 49 42 52 86 45 54 101 96 94 120 174 167 168 164 164 163 170 163 161 174 186 171 163 164 160 163 168 168 167 161 163 168 162 164 168 166 162 169 182 176 173 172 188 192 183 174 177 168 159 158 178 168 163 
75 78 93 81 70 66 52 52 105 98 81 60 47 54 61 44 54 80 79 93 121 182 175 161 163 163 160 169 166 157 177 188 176 165 164 156 161 166 161 160 162 163 165 164 169 164 164 167 172 178 171 175 187 187 186 188 180 169 164 158 154 161 167 167 
85 58 59 77 69 53 52 54 102 114 90 65 54 62 59 59 79 99 95 76 130 182 181 168 170 158 157 169 170 169 187 185 171 165 162 161 163 162 155 157 164 162 163 163 164 160 160 170 176 176 175 187 187 163 164 181 182 168 165 159 158 163 171 174 
82 79 60 61 60 61 70 77 113 111 83 78 89 87 80 84 75 92 79 98 132 187 201 171 159 157 161 167 171 173 191 185 169 164 167 167 162 157 157 156 162 163 163 161 162 162 163 171 181 176 168 172 172 162 160 165 173 167 166 159 160 163 179 177 
85 85 80 71 55 73 79 90 109 114 93 96 99 96 94 96 98 118 81 120 135 175 191 166 158 156 155 161 164 167 186 184 172 165 167 168 161 152 155 156 162 160 159 160 164 163 163 170 174 169 165 165 156 149 159 168 174 169 164 157 155 161 174 167 
83 80 82 80 72 77 79 93 96 102 93 93 91 113 111 100 117 144 117 130 139 162 176 161 154 152 156 162 162 165 186 183 174 168 168 168 160 150 151 150 159 161 158 160 166 167 175 173 169 170 169 167 161 153 162 168 163 163 163 163 169 169 166 164 
50 75 105 99 82 71 74 92 78 82 91 86 87 124 123 108 112 159 150 151 150 158 175 165 156 159 159 162 159 153 183 185 176 170 168 169 157 148 151 151 157 160 160 160 157 167 173 177 173 173 173 170 170 162 163 165 161 162 166 162 165 173 176 172 
42 53 99 107 85 63 66 98 93 86 95 87 101 122 127 115 102 157 165 163 151 156 164 167 158 159 161 161 160 148 178 188 180 176 170 172 162 151 151 155 156 160 161 157 158 167 169 174 180 173 168 174 164 156 164 165 171 165 161 161 176 194 184 168 
48 65 97 97 101 65 64 94 88 87 101 85 93 113 108 105 108 156 167 160 144 146 160 174 164 158 162 167 163 143 162 180 175 173 175 173 161 154 153 153 156 160 164 162 159 163 167 174 177 175 171 168 163 156 155 174 176 162 152 159 176 189 172 174 
43 51 45 67 95 66 93 104 92 94 87 79 90 114 106 103 122 151 170 164 141 135 156 178 166 158 163 167 160 149 167 179 173 170 174 168 166 160 153 153 156 159 158 157 157 160 170 176 173 170 170 166 167 162 155 159 161 156 152 158 178 180 163 184 
31 23 28 67 72 64 97 97 86 73 62 56 55 95 103 97 110 128 151 157 142 133 151 173 171 155 160 170 173 162 172 178 175 175 173 165 160 158 156 151 156 152 148 149 151 157 165 165 170 166 165 165 167 166 157 152 164 170 157 162 163 167 166 173 
38 41 43 43 36 45 51 60 61 47 44 44 35 45 104 99 93 97 126 155 147 138 154 169 176 161 159 173 180 175 174 182 176 182 174 162 159 156 148 152 159 157 155 156 153 157 165 170 172 166 168 171 168 162 156 149 151 176 163 158 155 170 173 191 
55 79 103 85 55 71 71 77 65 55 43 46 44 44 56 67 78 81 114 153 152 143 152 168 177 160 158 170 174 172 177 176 176 176 176 167 161 157 150 149 155 157 159 162 158 163 169 170 164 164 166 168 164 163 160 155 153 156 153 157 161 164 170 169 
91 94 108 107 86 77 69 98 89 52 42 59 56 46 46 62 81 92 97 144 157 147 161 170 170 160 160 171 174 172 175 173 175 175 169 164 162 160 158 154 156 158 157 158 157 157 170 173 161 156 162 167 167 163 158 165 181 159 157 159 166 160 165 165 
96 104 108 93 85 75 80 104 93 56 48 59 84 73 61 66 91 93 87 121 144 148 163 156 162 164 164 173 173 180 174 165 169 171 168 164 164 162 158 155 154 160 160 163 160 156 166 160 158 157 158 165 169 167 159 156 159 152 151 156 163 166 163 162 
117 118 114 104 95 80 76 94 96 62 42 46 60 78 49 49 55 56 62 96 125 144 161 160 170 182 179 178 179 172 165 170 173 169 163 161 163 162 160 154 151 156 157 160 161 157 162 159 155 154 156 164 170 170 162 155 157 158 152 154 160 162 163 164 
101 118 120 103 106 103 101 97 88 68 58 64 68 55 46 42 44 44 54 81 107 138 163 160 174 195 182 168 179 163 164 181 170 165 167 164 160 160 167 161 160 157 153 160 162 157 156 160 156 155 157 160 170 170 166 159 157 156 153 160 159 160 167 168 
65 69 94 118 108 81 87 93 96 91 87 78 79 51 50 54 54 61 77 97 85 131 158 165 173 203 181 169 176 171 179 184 167 166 171 164 157 163 166 165 164 155 149 158 161 156 149 149 151 150 158 159 164 164 161 154 151 155 155 160 159 157 156 162 
73 83 83 111 109 79 73 84 85 90 103 94 82 69 65 79 74 73 76 95 72 110 148 157 176 207 184 171 174 172 184 194 174 167 173 169 160 153 155 162 163 160 157 160 161 154 149 147 147 145 152 157 159 161 159 149 154 159 160 159 149 147 157 163 
84 101 106 103 88 62 55 48 55 62 84 109 110 99 83 68 48 56 61 62 64 89 140 162 175 187 172 165 169 169 179 192 181 167 165 167 152 140 149 160 156 156 162 161 161 153 146 146 143 142 144 146 146 155 160 161 162 159 157 154 152 151 160 166 
74 88 95 97 89 53 46 27 35 43 63 113 108 87 102 65 27 49 80 69 55 74 139 177 178 185 164 164 171 170 176 192 190 170 163 160 131 123 137 159 155 153 156 164 157 150 147 144 140 139 144 150 159 168 163 163 163 162 157 155 158 155 158 162 
54 50 77 99 90 64 42 56 51 36 35 91 119 98 94 67 30 58 96 58 45 85 168 191 181 194 168 166 174 173 168 180 184 166 157 154 146 143 153 161 155 153 156 155 153 150 143 142 140 145 149 152 160 160 156 163 166 162 160 160 161 161 157 156 
65 67 50 81 71 48 33 56 62 30 19 56 106 100 108 87 58 51 71 39 40 83 154 184 179 195 179 170 172 171 169 170 172 166 153 137 142 154 161 163 159 159 158 153 152 148 141 141 142 149 151 158 165 163 160 162 167 161 159 161 156 151 155 162 
90 83 53 60 41 28 32 43 73 37 16 26 73 106 116 89 70 37 48 37 41 96 150 176 174 188 174 169 173 170 170 173 176 170 152 139 137 160 166 166 160 162 162 152 149 149 143 145 148 153 158 166 164 158 159 158 162 162 154 147 145 146 148 154 
91 93 61 43 38 34 28 43 56 32 46 57 76 87 103 80 39 39 37 35 36 110 163 176 164 180 171 172 174 168 176 174 175 170 156 143 143 163 163 169 166 161 164 153 149 151 150 152 156 158 163 170 161 153 156 162 167 166 163 152 153 149 152 160 
59 82 56 43 50 46 29 30 35 30 54 89 101 94 78 67 48 32 32 37 31 100 169 172 166 170 177 173 174 163 171 174 173 174 163 150 147 158 161 165 162 168 167 159 155 157 154 152 160 166 159 164 166 165 159 159 163 162 155 151 161 145 160 161 
80 58 39 32 37 35 26 32 49 45 44 61 90 96 71 36 36 27 27 32 34 88 165 169 172 181 185 169 169 155 160 164 169 171 165 158 154 150 157 160 158 160 161 159 154 156 154 152 156 163 161 159 161 162 160 159 161 161 161 155 156 143 160 159 
62 58 37 28 31 32 37 38 42 48 36 30 45 86 85 47 26 24 24 26 50 109 161 166 171 181 180 170 162 146 159 173 175 172 171 164 158 153 162 163 159 159 160 158 159 160 156 152 160 161 156 153 155 157 162 156 156 153 149 150 152 150 156 162 
29 38 36 34 26 32 49 32 30 32 31 30 32 79 82 63 38 32 27 22 36 82 147 168 168 174 180 172 159 154 164 175 174 173 174 162 153 154 165 166 163 164 160 157 158 159 156 156 161 155 151 155 157 154 157 160 162 157 154 154 154 152 158 152 
29 29 47 36 29 29 31 25 27 26 31 30 29 43 70 65 56 46 28 19 21 63 134 165 168 174 183 177 161 158 169 174 172 174 171 163 154 152 164 178 165 167 160 157 159 157 161 161 160 155 150 156 157 152 155 158 160 160 154 156 160 155 152 160 
23 37 50 32 29 31 27 22 26 23 30 28 31 34 49 44 49 45 24 15 10 24 102 160 164 172 179 175 171 166 170 173 172 171 167 167 160 156 167 177 166 163 158 161 160 158 162 170 160 152 150 153 154 148 153 154 154 157 150 149 154 160 158 160 
20 36 46 38 37 27 25 23 27 22 21 25 26 39 55 44 40 37 36 28 11 27 108 156 162 172 175 164 168 167 165 166 169 168 164 163 163 154 162 171 169 166 159 163 161 158 162 165 160 151 146 148 149 148 152 151 154 154 153 156 160 166 159 156 
19 30 68 67 70 40 22 26 29 20 22 26 24 42 64 52 33 37 51 50 20 19 92 151 162 173 179 164 169 161 152 166 167 166 160 158 160 163 166 165 167 164 160 159 158 155 159 162 164 160 150 148 140 132 137 149 155 159 167 169 180 169 159 158 
48 54 76 79 71 44 27 25 30 24 22 28 20 25 49 61 37 31 38 35 26 19 80 148 161 172 174 167 160 158 171 177 169 166 162 155 159 163 162 168 166 166 166 165 161 152 154 164 163 160 164 162 150 139 142 145 155 160 161 179 176 163 160 164 
62 91 88 78 73 60 39 22 26 29 28 26 25 23 42 55 55 47 53 46 28 25 102 148 163 172 169 163 171 170 172 186 167 165 163 158 167 172 159 161 165 164 171 171 168 158 155 163 171 164 162 155 145 132 127 128 150 163 159 156 160 156 158 158 
46 77 90 84 76 63 48 30 30 35 32 29 30 24 43 73 88 71 74 83 77 48 119 155 159 175 197 186 181 170 158 177 164 162 159 159 170 169 157 154 159 163 170 167 168 162 165 162 161 162 162 157 150 142 139 139 154 164 155 157 158 160 159 154 
36 60 69 63 88 76 47 34 46 49 42 43 29 22 28 54 99 89 97 95 97 70 120 162 153 169 194 191 184 165 157 181 164 160 160 156 163 162 160 162 160 157 166 171 163 162 162 162 157 159 161 160 158 150 146 150 158 168 158 149 157 162 157 151 
54 58 56 64 95 77 50 48 93 104 81 76 51 25 27 53 104 120 114 97 88 63 113 154 148 155 184 181 167 158 167 177 166 161 159 158 163 166 168 162 162 160 166 172 168 162 163 160 163 162 159 161 162 153 142 145 154 162 153 147 152 155 157 151 
42 46 61 79 87 68 46 39 83 116 103 73 47 47 55 64 85 111 121 103 88 89 135 148 152 157 195 189 161 154 166 175 171 165 166 161 168 167 164 157 165 173 171 173 169 155 156 161 161 165 161 155 152 144 133 141 150 155 154 152 157 158 159 156 
56 42 26 49 78 58 52 61 53 78 79 73 53 45 49 46 61 90 103 110 81 65 121 144 152 155 188 184 165 151 161 180 171 167 169 165 167 169 163 151 155 175 177 176 163 155 155 158 160 164 162 159 154 149 140 139 144 152 160 162 162 168 163 156 
47 56 25 27 35 25 44 66 34 63 55 47 42 27 33 60 57 76 95 109 91 66 107 136 155 159 173 175 159 153 156 169 170 167 170 167 168 168 154 143 151 164 165 166 164 160 157 159 163 167 166 157 152 149 141 140 145 150 171 170 173 172 163 156 
39 35 24 41 70 56 46 59 62 79 84 76 50 23 20 45 42 78 103 109 92 79 110 143 151 152 162 168 158 159 149 162 169 166 168 167 166 163 149 135 145 159 160 163 166 165 159 158 161 165 178 170 155 152 151 164 162 160 178 182 170 165 159 156 
62 64 34 74 87 66 59 44 43 78 94 83 54 29 22 39 76 101 111 114 107 85 80 142 150 151 153 158 163 163 150 162 169 171 173 169 165 160 137 132 143 153 156 162 165 163 164 160 160 164 174 167 155 153 157 160 164 168 175 179 160 163 166 155 
51 93 73 80 71 51 45 28 23 59 91 84 50 29 26 47 96 107 108 114 113 88 110 153 156 153 151 156 163 167 155 157 168 170 171 167 165 165 141 131 137 147 152 159 160 158 161 159 170 163 160 153 155 153 142 145 155 153 164 160 157 169 173 162 
32 58 75 64 32 26 35 35 27 28 58 63 27 21 31 51 84 108 101 98 99 89 118 161 162 162 152 145 159 167 160 159 169 163 159 159 155 156 146 132 130 135 142 159 163 160 157 157 167 165 162 158 156 157 147 153 160 150 159 169 175 188 185 174 
23 38 83 92 51 22 29 43 29 17 25 30 17 11 28 55 70 100 105 103 97 118 141 161 163 163 151 145 159 167 177 174 169 164 162 157 148 148 152 144 135 137 141 156 167 165 164 163 168 175 179 170 157 146 147 151 155 155 166 174 188 182 182 174 
23 31 70 100 55 24 19 27 19 13 21 30 25 15 26 51 58 45 49 77 85 112 115 152 158 160 156 151 163 165 185 177 166 162 164 160 146 139 149 155 149 149 148 156 162 161 165 164 170 185 204 178 163 156 151 134 153 171 160 160 181 175 183 167 


41 36 42 66 61 44 56 67 67 54 65 48 33 21 21 23 17 15 36 73 99 93 100 100 100 93 85 96 121 107 130 127 117 82 32 67 92 69 66 45 76 83 82 80 87 87 83 77 80 84 88 72 72 71 63 80 84 78 68 127 91 68 63 62 
45 38 51 63 37 47 61 68 60 36 30 38 39 38 48 30 20 16 32 56 87 96 105 94 96 100 90 101 102 69 84 90 104 83 37 54 80 83 56 69 74 75 77 83 86 86 81 73 72 81 96 90 71 72 73 79 85 72 60 73 81 75 61 58 
42 41 45 41 23 27 31 39 40 26 23 37 46 52 61 46 26 18 17 38 81 88 104 99 84 78 79 102 102 79 74 100 124 101 54 62 116 97 57 83 71 57 78 86 85 84 81 82 78 83 82 78 78 70 72 72 80 71 67 74 86 74 65 67 
49 37 27 26 23 22 28 33 49 28 21 27 46 37 40 30 26 20 18 34 78 72 91 97 82 75 80 97 100 115 122 112 107 87 63 87 113 109 55 71 58 50 62 80 84 83 80 83 91 104 114 96 105 84 90 74 82 79 82 128 132 105 88 70 
39 30 30 30 26 24 30 35 48 22 19 26 37 29 30 31 25 20 18 28 51 68 83 107 93 91 95 97 129 182 172 170 159 121 101 100 113 108 79 70 55 47 48 71 81 83 71 73 82 89 116 108 85 82 93 91 93 72 67 75 72 112 106 71 
38 31 30 37 30 26 29 32 28 21 18 24 28 24 38 36 29 23 18 18 25 50 85 105 96 95 81 73 98 199 197 187 151 126 105 75 95 102 88 78 62 47 57 64 74 86 73 80 83 85 88 93 66 55 82 93 81 69 65 73 72 69 70 62 
45 28 25 43 29 20 23 29 24 27 34 24 29 32 42 34 34 32 20 15 19 41 82 103 104 87 55 45 49 142 191 184 163 128 113 77 93 97 83 69 58 54 58 71 74 81 80 104 94 84 75 71 82 68 76 73 75 70 72 67 78 79 67 61 
43 30 24 37 27 17 23 23 22 27 31 21 21 23 30 25 34 40 25 13 13 31 81 105 114 87 51 43 37 98 154 164 155 137 89 106 95 86 84 73 55 50 57 74 78 80 76 113 92 98 86 67 61 71 66 70 88 87 64 65 68 72 69 61 
33 46 39 30 26 19 25 24 23 30 28 24 20 25 25 21 29 36 28 15 16 49 80 110 109 87 81 71 59 77 104 95 100 128 95 90 88 78 69 70 64 61 69 80 77 75 70 70 70 102 119 93 78 81 66 63 107 87 65 68 70 78 71 61 
39 50 48 48 34 30 30 26 24 23 20 20 23 32 28 26 33 39 33 26 30 59 82 102 105 91 91 84 80 93 95 82 93 113 98 81 79 71 60 59 62 77 79 71 69 73 73 68 70 94 104 109 118 71 62 53 55 49 54 64 70 73 66 65 
30 39 52 49 31 30 27 29 21 23 22 24 27 31 24 24 33 36 38 22 42 74 91 102 103 92 90 98 94 96 82 71 65 70 82 84 81 74 62 55 66 76 70 65 73 73 76 77 79 85 113 138 109 74 63 64 58 54 57 54 67 74 76 78 
28 35 50 44 42 36 27 23 20 24 25 22 19 23 28 32 37 31 22 19 32 77 86 112 112 105 100 92 91 81 87 88 72 67 80 81 76 69 67 64 79 70 63 68 74 65 74 78 77 84 123 121 92 72 65 69 58 60 53 60 62 66 68 68 
40 37 37 43 51 42 32 28 24 26 32 30 30 39 38 38 34 25 17 14 36 72 75 105 114 121 122 110 97 83 86 79 71 78 82 73 68 63 73 74 77 67 65 69 71 66 70 79 82 92 102 119 87 74 63 57 55 59 59 65 67 66 69 65 
36 50 48 32 36 44 42 33 36 33 34 34 34 42 34 32 34 27 27 21 51 78 82 95 109 121 121 99 96 86 94 97 93 79 77 76 69 65 69 79 75 73 64 64 70 68 75 74 97 101 107 112 88 90 78 60 57 52 61 69 69 76 70 71 
54 55 47 50 55 49 41 29 40 35 35 39 39 42 42 40 42 46 45 32 65 87 80 91 102 106 115 116 105 92 101 108 99 80 76 80 72 68 71 73 76 76 67 60 59 65 67 73 80 94 124 128 103 130 111 82 75 63 61 75 64 65 71 74 
52 52 56 58 56 56 34 25 38 34 37 48 39 41 51 48 56 52 40 27 57 81 84 88 115 89 75 82 82 93 102 108 99 83 80 88 79 68 69 71 72 76 70 61 64 72 73 69 80 100 107 115 92 103 121 110 91 89 68 58 65 65 70 68 
36 49 60 63 56 57 41 32 41 37 38 39 26 24 49 32 50 57 55 44 58 80 88 90 91 85 64 70 68 87 103 106 100 90 75 81 88 82 75 78 74 72 72 64 61 70 72 74 83 108 105 119 90 111 131 108 81 87 77 64 68 76 70 65 
47 52 61 50 50 57 41 38 60 42 42 26 25 29 46 24 28 54 52 49 63 91 79 86 83 78 55 67 62 77 99 107 101 87 81 77 85 83 82 82 78 79 76 66 70 83 76 69 84 116 106 94 87 119 128 108 89 96 84 65 69 101 80 70 
42 44 52 43 40 38 29 29 58 54 49 35 29 30 31 22 23 36 42 52 69 100 92 78 79 72 52 69 70 69 105 110 101 92 81 69 83 80 75 79 79 71 73 71 81 74 72 76 86 103 86 94 121 127 125 121 104 86 82 71 69 68 78 80 
48 32 33 43 37 28 27 31 57 65 50 33 27 35 31 28 36 50 57 42 80 100 104 91 95 73 58 71 82 85 114 110 102 92 81 73 82 80 71 81 79 70 76 77 74 62 64 80 93 95 86 113 124 84 91 114 106 88 82 69 68 69 84 89 
43 45 33 33 31 33 35 42 62 59 42 39 48 46 43 48 39 51 42 66 83 112 139 103 88 69 60 73 83 88 121 113 99 81 85 80 83 79 71 79 80 70 77 79 72 65 64 74 101 99 77 79 100 89 85 86 97 89 88 79 70 71 104 98 
45 45 42 38 29 43 42 53 65 65 50 53 57 53 51 52 49 59 38 80 90 109 129 105 94 71 70 83 82 100 119 113 93 76 82 81 83 81 79 77 76 68 62 74 78 75 69 77 86 83 71 72 61 55 70 73 104 93 86 72 63 73 97 76 
46 43 42 44 38 42 41 53 56 59 54 53 48 63 62 50 53 73 65 96 96 100 106 99 93 70 79 89 79 87 118 117 99 79 79 80 84 76 72 75 78 69 60 70 77 81 84 83 82 82 77 72 64 61 67 77 84 82 76 73 84 82 85 77 
32 47 57 54 44 41 41 53 45 46 54 50 45 72 70 57 52 91 80 96 93 90 107 106 99 82 84 91 67 61 113 119 103 84 79 81 87 78 69 70 76 71 65 66 70 80 84 89 90 96 88 76 81 80 73 76 75 82 78 70 82 93 94 83 
25 35 55 59 50 37 36 56 52 47 54 49 57 75 80 66 40 90 92 95 84 78 98 107 103 95 89 88 65 51 106 118 101 89 81 87 88 77 74 71 75 73 67 62 72 83 86 84 104 102 81 79 65 61 69 74 89 83 81 78 105 140 121 83 
26 37 54 56 57 34 34 52 45 47 57 47 56 70 60 52 38 80 96 94 82 80 95 111 105 96 91 85 58 48 92 102 85 89 87 85 82 78 83 79 75 71 72 64 68 77 84 87 99 94 82 73 55 55 60 100 101 78 68 73 100 130 98 98 
25 29 27 39 55 37 52 58 50 53 50 43 48 64 63 45 43 70 81 92 85 76 91 110 101 95 84 71 44 39 90 100 85 87 88 81 77 70 79 86 75 72 79 73 67 68 79 86 92 83 76 65 57 60 61 74 76 63 62 74 105 107 72 114 
19 14 19 40 41 36 56 55 48 43 38 33 30 54 59 38 34 50 82 91 87 75 85 105 102 93 79 70 66 57 79 91 89 97 90 73 72 72 70 80 80 74 77 78 70 70 75 76 88 78 67 66 65 64 60 63 88 91 72 85 78 78 80 94 
21 25 25 25 24 28 30 33 32 29 27 24 21 28 60 39 27 31 62 85 86 80 87 103 108 92 78 80 84 77 87 101 84 103 92 66 66 75 77 79 82 78 89 89 71 72 73 79 84 75 71 71 70 61 56 55 61 108 80 85 85 86 84 129 
30 47 56 47 31 39 37 42 35 26 23 22 24 26 36 29 25 26 56 78 82 84 82 98 113 94 77 72 73 71 87 88 90 101 95 68 66 79 78 76 84 82 84 87 70 71 83 83 74 69 69 61 61 60 58 51 54 63 62 68 73 75 73 74 
49 50 57 57 47 40 35 54 46 24 21 28 28 23 22 23 25 30 46 78 84 83 84 89 92 90 76 67 71 81 86 81 92 100 86 63 65 90 92 82 80 81 80 81 67 66 82 91 73 64 73 60 60 65 56 68 112 70 65 66 76 72 71 63 
54 56 57 49 44 40 41 55 48 26 25 30 43 38 29 26 25 37 40 56 75 80 83 67 66 83 84 79 80 105 88 71 76 96 90 66 66 82 84 82 83 81 85 88 70 69 88 85 74 67 73 74 71 67 55 56 69 56 56 65 75 75 63 55 
67 64 62 57 49 43 41 51 50 28 22 23 31 42 25 22 22 27 27 40 59 81 83 69 86 112 100 85 90 101 92 81 82 101 83 65 65 72 80 82 83 77 86 82 62 63 87 85 77 68 64 76 67 68 58 55 62 61 56 62 67 76 71 64 
57 64 64 54 55 54 53 51 44 32 28 33 36 28 23 20 23 22 23 35 50 82 86 58 92 127 99 80 92 89 101 102 88 100 96 77 76 83 90 90 94 88 84 74 58 66 88 93 86 81 79 82 74 71 64 56 58 64 65 73 62 65 73 64 
36 37 51 62 52 38 43 48 50 46 44 40 41 26 25 28 31 33 41 46 28 68 89 65 81 142 103 86 83 89 109 105 81 99 99 84 79 92 86 81 96 89 85 75 64 70 87 89 81 77 75 71 73 69 57 51 53 56 64 71 64 66 66 61 
39 44 45 60 52 34 35 43 43 47 56 52 44 36 34 40 40 36 35 41 22 54 92 85 94 150 112 89 78 82 116 127 94 93 104 99 70 61 71 81 89 85 87 74 74 88 96 88 75 71 72 75 75 70 56 53 56 55 57 58 53 56 65 68 
45 54 55 52 41 28 25 21 27 31 45 60 60 52 41 35 25 27 26 21 17 34 83 93 93 118 97 81 72 73 98 121 103 87 96 82 50 51 73 97 91 81 83 71 73 86 93 85 78 75 78 75 73 77 68 57 60 58 54 50 51 56 68 74 
39 45 46 45 40 24 21 14 19 21 33 62 54 40 50 31 15 21 31 24 14 23 85 109 99 120 88 80 75 73 90 124 119 95 89 74 45 56 71 89 84 78 71 73 78 87 91 84 81 81 78 73 80 85 76 64 63 60 58 57 57 58 67 67 
29 27 39 45 41 33 21 26 23 18 20 52 65 52 50 33 16 32 40 21 13 36 115 127 98 127 89 76 80 75 70 103 111 84 74 78 63 62 79 94 86 77 74 80 90 97 94 85 76 76 70 72 80 80 71 65 66 61 58 66 69 62 61 63 
36 36 27 39 31 27 17 27 29 15 12 33 60 56 64 45 29 26 29 14 14 35 97 119 97 123 101 82 75 67 70 81 90 82 67 73 85 85 82 90 92 78 84 87 94 93 89 85 74 77 70 75 76 76 70 64 69 67 65 64 62 55 54 65 
43 39 26 27 19 15 18 22 36 18 10 16 43 61 69 47 36 18 21 14 14 37 88 111 93 115 90 83 81 66 67 84 102 88 67 75 98 111 91 87 97 87 90 81 88 88 80 78 71 75 73 75 70 63 63 64 73 69 66 66 58 56 58 64 
44 44 31 20 19 17 16 24 30 17 25 28 38 41 57 44 20 21 18 15 15 50 92 105 86 111 86 85 79 72 85 92 98 86 66 86 108 106 82 99 100 85 87 80 85 87 79 80 80 82 75 74 66 68 69 71 79 77 73 73 83 86 63 78 
29 38 27 23 26 23 15 17 22 18 29 43 45 43 39 31 22 18 16 16 13 52 94 87 86 98 100 84 80 74 82 85 86 87 74 72 88 88 95 101 79 85 90 81 78 82 80 82 95 108 81 68 66 69 62 65 71 72 65 58 95 77 66 66 
41 26 19 16 20 18 15 19 26 22 24 32 41 45 37 17 18 15 14 15 13 41 90 83 93 116 116 91 80 63 72 73 72 78 67 62 65 80 101 84 63 66 83 83 77 79 81 86 99 98 81 62 54 58 61 61 65 72 73 72 87 65 60 50 
30 27 18 15 17 18 20 22 23 23 18 18 22 36 35 20 13 12 13 12 16 41 87 83 104 117 112 93 63 40 62 72 79 78 76 63 56 70 93 85 57 61 82 86 80 81 84 87 104 93 75 62 55 49 50 46 56 66 66 63 63 58 61 62 
17 23 20 20 14 17 25 19 18 20 18 18 18 35 33 29 18 15 13 11 14 30 79 93 99 114 120 100 60 43 61 72 72 78 71 60 73 80 95 102 68 68 76 79 77 82 84 83 108 87 62 56 53 45 47 61 67 59 57 66 60 65 77 68 
17 17 27 21 16 15 18 17 16 17 19 17 18 22 30 32 30 21 14 11 11 28 72 92 95 110 116 94 66 57 66 73 75 80 68 55 65 71 82 116 81 72 64 70 81 87 89 89 100 101 78 70 64 53 55 60 67 61 59 67 68 60 61 76 
15 20 24 18 17 17 16 15 16 15 19 16 18 17 22 21 23 20 12 9 8 14 57 87 90 106 111 96 86 81 79 77 79 78 71 65 64 75 84 113 77 63 60 66 69 81 89 88 86 94 96 78 67 61 63 58 57 63 56 52 57 61 54 58 
14 20 21 19 18 14 14 14 16 14 15 15 17 21 24 21 18 16 16 14 8 15 55 80 85 107 108 88 79 77 76 84 84 79 69 68 76 87 86 97 75 74 69 67 62 74 85 85 86 89 85 77 71 65 66 62 59 51 57 60 70 72 61 55 
12 18 32 31 30 19 12 14 15 12 14 15 15 22 26 23 17 18 23 23 11 12 52 76 95 109 122 94 86 72 73 89 94 87 70 72 89 96 87 78 69 71 66 61 60 70 78 84 85 75 68 68 61 56 61 65 61 59 70 76 103 80 57 53 
25 28 35 37 31 20 14 13 15 13 15 15 11 15 23 25 19 17 19 17 15 13 46 71 104 113 107 100 88 65 85 107 96 92 78 77 95 90 84 85 67 61 59 62 61 70 78 84 82 71 59 57 48 47 52 53 64 64 60 103 98 74 60 54 
32 43 38 35 34 27 18 13 14 14 14 14 13 13 22 25 25 24 24 24 18 18 65 86 111 124 109 102 89 62 79 123 98 86 84 87 99 97 82 72 70 63 62 57 53 67 70 76 80 59 49 48 42 40 41 45 66 67 57 61 70 60 61 56 
25 38 42 37 33 28 21 15 17 17 15 16 16 14 26 35 37 39 45 58 59 34 77 97 107 126 146 126 109 71 62 109 99 93 78 77 86 83 82 69 56 65 70 58 57 67 66 66 64 54 45 40 42 42 45 48 64 72 58 59 61 64 63 55 
19 33 36 32 39 32 21 17 26 26 21 23 15 13 18 30 49 50 58 71 78 50 72 101 100 119 141 132 111 62 68 117 103 93 77 74 79 69 83 88 66 59 70 74 66 66 66 60 55 55 52 43 50 49 50 61 69 79 69 59 65 68 64 58 
24 31 29 34 43 33 22 23 59 60 40 37 26 14 16 32 64 87 70 66 67 42 53 89 95 102 127 112 77 64 86 113 99 90 73 64 67 75 81 82 64 55 70 79 69 62 65 65 64 55 52 55 57 59 52 66 67 69 63 58 61 64 59 52 
20 23 32 40 38 30 22 20 49 63 53 35 23 23 30 42 60 81 75 69 65 55 56 80 96 101 141 121 67 56 83 108 95 88 74 66 71 73 73 88 74 80 81 76 69 52 55 73 68 61 54 56 59 56 49 49 54 60 57 54 64 70 65 60 
27 21 17 28 38 29 29 33 31 38 37 34 25 21 26 27 39 57 61 66 52 36 48 75 95 95 126 114 71 60 82 107 95 90 77 71 76 77 94 103 89 89 92 103 68 53 55 61 74 73 62 53 52 60 57 52 57 61 59 62 69 84 71 61 
24 28 16 17 19 14 25 34 20 31 26 24 20 14 22 36 35 41 53 55 54 33 35 66 95 93 105 109 71 71 80 91 96 95 76 72 81 82 91 100 94 66 60 70 61 55 64 65 76 78 71 59 57 57 52 61 75 74 85 90 100 102 79 67 
23 21 17 22 33 25 22 32 35 39 40 40 25 14 12 22 21 34 44 48 53 40 40 72 95 87 90 107 80 75 70 84 92 94 73 65 69 73 87 93 84 63 64 68 61 60 68 71 65 64 102 86 61 60 71 91 97 96 105 107 95 85 65 64 
35 35 20 37 38 30 26 25 24 35 44 43 28 17 13 20 34 44 52 63 64 51 34 76 98 87 83 96 88 77 69 83 89 97 77 62 65 73 87 93 93 76 63 74 66 64 73 70 61 68 96 84 71 70 81 93 92 98 104 112 71 75 81 68 
28 50 41 46 33 23 20 15 13 30 42 39 24 15 15 24 43 49 56 67 67 50 54 78 91 99 90 90 86 82 73 81 90 94 80 60 62 81 87 89 88 80 73 70 60 65 77 72 94 76 62 54 67 82 61 68 79 72 74 67 66 85 88 78 
19 33 42 35 17 15 20 19 16 18 32 31 16 13 16 22 36 47 49 51 52 41 53 81 87 103 90 80 77 75 72 84 85 87 79 69 70 83 85 87 85 80 74 78 71 73 86 81 79 64 63 70 74 90 86 85 83 66 72 84 102 115 109 99 
15 23 46 51 26 13 17 25 18 12 17 18 11 9 17 27 33 48 52 50 48 65 82 94 93 99 89 82 77 75 98 104 97 96 90 81 80 92 93 91 87 81 78 76 73 73 83 74 63 93 106 95 82 73 84 86 68 58 71 90 129 116 109 99 
16 20 40 57 29 13 13 18 13 10 16 19 16 10 16 27 29 22 27 37 58 79 70 92 90 96 98 89 70 78 106 108 105 98 89 80 76 79 93 94 88 82 78 69 66 64 76 71 76 116 158 116 92 92 90 66 70 98 69 69 109 99 104 73 