


159 163 170 177 183 189 194 198 198 199 200 200 201 201 204 209 214 220 222 228 233 236 237 235 232 231 234 234 228 222 219 220 221 215 216 214 212 206 204 204 196 195 193 198 191 160 126 103 96 106 131 140 137 126 115 110 86 47 43 35 27 15 3 1 
178 178 178 178 182 186 190 193 195 197 198 199 198 197 196 194 192 191 190 200 193 193 209 227 233 237 240 241 237 229 225 227 232 229 226 224 220 215 211 207 201 194 192 202 186 149 118 102 94 102 131 142 135 125 113 109 85 46 44 36 26 14 3 2 
193 198 200 197 198 201 204 202 198 191 192 196 196 196 195 193 190 187 184 193 193 179 162 172 192 203 212 222 221 225 229 236 242 243 242 241 235 229 220 216 213 208 205 205 179 140 113 102 92 100 132 142 134 124 114 112 93 50 44 36 26 13 3 3 
193 195 199 203 211 215 219 216 193 163 170 194 205 206 200 197 193 190 187 195 201 190 162 159 185 193 192 192 189 188 189 193 196 200 210 212 216 222 217 218 229 231 225 206 172 135 111 100 90 103 137 142 134 125 114 110 94 50 43 37 26 11 3 2 
193 197 200 203 213 216 217 187 104 87 90 107 132 175 206 218 214 208 203 205 208 187 164 176 193 195 196 194 190 188 187 186 184 182 178 177 175 174 172 175 183 192 217 202 166 130 107 96 90 107 140 143 136 126 116 108 94 51 44 38 26 11 3 3 
190 197 200 200 210 214 215 165 86 88 92 97 97 95 122 174 204 218 220 217 208 174 151 153 166 186 196 194 192 191 189 187 186 186 184 177 171 169 164 154 153 156 209 198 162 128 109 96 91 115 141 143 135 125 117 110 90 50 44 37 26 10 2 2 
189 195 199 199 206 210 211 171 89 96 97 103 96 87 85 92 109 147 182 180 157 103 84 79 87 121 160 169 179 186 187 188 187 181 166 146 141 133 117 118 128 164 219 190 154 127 109 94 96 129 142 142 135 126 118 112 83 48 43 36 25 8 2 2 
198 200 202 203 205 207 208 191 101 97 99 99 90 83 76 75 81 86 86 71 68 58 57 56 58 68 84 96 111 123 140 159 161 138 120 117 119 104 81 95 100 138 194 181 143 122 105 94 109 139 143 143 136 128 120 113 82 49 44 36 25 7 2 2 
208 210 211 213 214 214 210 206 138 93 97 95 87 82 76 69 66 61 48 39 44 47 52 54 55 55 60 66 68 73 81 103 116 122 124 123 117 102 72 76 82 85 125 163 128 111 100 93 112 138 142 142 134 127 119 115 92 52 44 36 26 8 3 3 
207 214 218 220 225 227 213 197 182 104 93 94 88 80 77 66 59 54 46 40 41 43 49 49 52 52 56 63 57 56 67 79 93 121 129 126 119 105 69 68 76 71 83 128 106 96 93 90 106 138 143 142 134 127 119 112 89 49 43 36 26 9 3 3 
203 208 213 219 224 228 223 203 209 152 91 90 90 81 80 64 57 64 57 48 42 43 44 41 49 55 53 59 55 50 60 71 76 101 123 127 122 114 77 68 67 66 64 81 78 73 84 89 109 140 143 141 135 131 120 111 89 49 43 36 27 10 3 3 
199 205 211 214 218 223 227 227 227 209 118 89 91 80 82 64 57 68 62 48 41 40 36 37 52 59 53 52 51 48 59 70 71 86 113 124 122 112 85 70 60 64 56 59 64 53 65 84 111 139 140 140 137 131 120 112 90 51 43 36 26 9 4 3 
188 196 209 213 213 216 221 224 223 223 181 94 86 75 73 66 61 61 52 46 41 42 34 34 44 52 57 51 44 45 57 69 72 82 105 115 114 108 95 74 56 62 52 64 65 45 45 74 116 141 138 141 138 130 118 114 92 53 43 35 25 9 3 3 
196 203 211 217 218 218 220 222 224 224 221 145 84 71 63 58 58 53 46 45 44 50 38 37 35 37 53 55 43 44 50 59 70 80 100 109 113 112 103 82 58 61 56 72 62 43 33 61 117 141 139 142 138 130 117 111 86 50 43 35 24 7 3 2 
202 208 211 215 219 225 227 226 226 226 227 214 119 67 54 50 54 46 41 40 43 51 37 38 37 30 42 58 50 44 44 50 64 74 91 107 111 110 102 89 71 65 58 62 53 42 32 53 121 141 141 142 140 130 117 109 86 49 44 35 26 8 2 2 
205 208 200 208 213 227 228 230 230 231 232 233 198 80 46 40 45 41 37 35 40 46 33 31 36 29 32 48 55 51 45 46 63 67 84 103 108 105 101 95 73 61 52 52 46 42 35 73 128 141 142 145 139 130 118 114 91 50 44 35 28 10 1 2 
213 215 214 217 221 228 228 230 233 235 236 237 230 123 49 38 38 39 38 36 36 40 35 39 31 29 27 38 53 64 53 46 63 62 81 99 103 104 104 101 79 62 49 42 40 37 31 83 131 138 145 146 139 131 120 114 89 48 42 35 26 8 2 2 
216 220 223 226 230 233 235 235 236 236 237 239 239 140 45 41 38 39 42 48 41 40 29 33 30 30 24 30 49 74 73 57 61 57 80 96 100 103 108 104 85 63 46 34 35 30 31 90 131 140 145 144 137 129 121 117 82 47 42 34 22 5 1 2 
219 225 228 231 233 236 237 238 243 245 247 246 241 134 44 37 38 39 40 48 49 42 30 32 28 34 26 28 44 67 86 81 61 56 79 97 99 104 108 104 87 68 42 35 31 26 42 103 133 143 149 144 137 130 120 120 77 46 42 35 22 5 1 3 
194 208 224 232 236 239 240 242 245 247 250 251 247 150 50 35 36 37 36 35 40 45 32 37 28 43 32 30 40 54 76 88 66 56 76 95 101 106 108 102 90 72 43 44 28 24 52 111 134 145 148 142 139 131 122 126 81 48 43 35 21 5 3 5 
167 188 207 216 225 232 239 245 247 249 251 251 251 187 56 36 36 35 33 31 31 44 36 27 27 48 40 33 41 50 69 83 76 57 72 95 103 107 105 100 92 76 56 45 33 32 62 115 136 147 147 145 146 138 126 127 93 55 44 36 22 5 3 4 
172 193 206 211 215 217 220 233 243 247 250 251 252 176 55 39 39 42 46 45 42 49 49 31 23 33 35 35 46 50 64 79 86 67 74 98 106 106 103 101 96 82 65 36 37 32 52 109 138 153 150 150 152 141 127 129 97 61 46 36 22 5 3 3 
205 209 211 215 218 218 218 224 237 242 241 241 250 161 53 43 42 40 44 47 43 46 57 59 40 32 34 41 50 51 64 79 91 85 80 103 109 108 106 103 97 86 78 51 49 33 47 103 138 154 150 150 151 140 127 127 92 56 45 36 23 7 4 4 
198 210 218 223 226 225 228 228 239 243 239 240 248 147 51 43 47 44 39 41 40 40 44 53 51 42 40 42 54 66 70 81 88 96 89 106 110 109 108 104 100 92 84 60 48 39 54 101 138 149 147 150 148 139 129 128 86 49 43 35 22 6 3 3 
185 192 202 211 222 232 238 240 244 247 248 250 246 126 52 41 42 43 42 41 43 45 47 49 51 52 52 46 48 74 84 85 85 100 96 104 104 103 102 95 93 88 77 60 54 47 53 95 137 146 149 152 149 141 131 126 84 48 42 35 21 5 3 3 
188 194 200 205 212 219 229 239 246 250 252 254 241 109 51 46 45 40 37 39 43 45 47 48 48 49 53 50 43 67 90 83 78 96 99 101 99 96 85 79 82 77 58 50 48 44 52 95 137 145 151 154 150 141 131 121 80 45 40 33 21 4 1 2 
183 195 205 211 214 217 221 231 238 246 252 254 216 77 50 50 54 48 39 38 41 44 46 48 46 50 52 48 39 49 82 77 70 91 92 94 85 65 63 67 64 55 44 39 41 39 47 95 142 147 152 152 148 139 126 117 84 48 39 32 20 3 1 1 
180 186 197 207 217 225 229 235 240 244 248 249 164 60 48 49 50 45 40 40 45 48 49 49 48 54 55 48 42 45 54 61 67 87 83 86 66 50 51 49 44 38 37 34 37 34 48 94 143 151 151 147 143 132 118 106 82 48 39 32 17 2 1 2 
184 189 202 210 215 215 232 242 246 250 250 240 118 60 53 48 46 47 44 43 48 50 53 54 52 55 56 48 44 49 43 49 67 81 77 78 52 51 48 46 39 36 36 36 33 33 56 93 134 152 148 139 134 126 112 97 78 51 40 31 16 2 1 2 
187 197 208 215 212 197 224 244 246 251 252 197 83 66 65 61 55 61 68 57 50 53 59 59 56 54 54 48 44 52 71 64 69 75 72 63 43 48 46 40 39 50 58 53 44 35 55 89 125 146 141 133 131 121 108 94 70 48 39 30 14 3 2 2 
185 191 205 216 227 229 237 246 248 253 236 122 79 87 88 82 70 59 58 54 55 63 67 59 50 52 52 48 53 80 86 70 67 64 68 46 40 40 38 39 60 72 65 60 59 54 57 83 113 141 137 136 135 123 108 85 62 44 37 28 11 2 3 3 
192 187 205 217 231 244 250 252 253 253 193 100 101 116 116 99 81 68 58 45 50 56 47 38 40 42 49 57 72 86 82 67 58 58 61 41 41 36 38 62 68 62 57 52 50 55 60 77 114 142 137 138 134 122 99 69 55 44 37 28 9 2 1 2 
187 190 210 229 240 248 253 253 254 227 133 115 144 163 145 117 88 84 79 67 57 47 46 41 49 40 47 59 67 74 77 60 48 54 48 37 36 37 61 76 64 52 45 45 47 49 54 77 133 149 141 139 131 119 85 57 50 45 36 26 8 2 0 2 
186 196 208 223 238 249 254 254 228 144 119 142 174 195 179 139 105 96 85 72 58 43 43 40 46 39 44 54 61 69 70 51 50 45 36 35 31 47 73 72 62 53 45 45 48 48 46 80 144 149 143 137 127 116 75 53 52 43 35 23 6 3 3 6 
188 198 210 225 238 249 253 226 143 124 141 167 194 203 187 149 130 108 81 67 57 46 44 42 41 41 46 53 70 73 65 49 51 35 36 33 31 60 71 65 57 49 46 46 47 45 47 105 153 152 144 136 124 107 64 53 51 42 34 22 5 6 10 8 
190 201 214 227 237 244 235 147 130 147 167 184 195 201 183 168 167 128 87 74 60 42 44 45 43 45 52 71 90 85 66 57 43 34 34 26 38 63 61 57 46 43 43 44 44 44 53 123 156 152 144 132 123 96 55 51 49 40 32 19 5 6 11 14 
193 205 216 232 244 243 171 127 147 168 185 193 204 205 184 177 164 135 94 77 63 52 53 45 49 51 69 107 119 96 70 53 36 31 28 26 52 55 46 49 42 39 41 38 38 41 63 134 156 152 144 128 119 83 53 53 48 40 31 17 4 4 9 11 
193 205 220 234 239 236 147 138 153 173 187 199 225 234 230 203 159 139 100 73 60 54 49 54 58 64 79 99 107 89 74 44 35 29 24 34 63 47 35 34 34 33 38 34 35 42 78 148 158 151 142 126 110 72 52 53 47 39 30 15 5 5 6 11 
195 209 224 237 246 247 217 194 197 210 222 238 248 251 253 249 224 171 112 81 65 71 68 73 77 84 76 78 86 87 67 41 38 27 25 38 65 45 32 32 31 29 32 30 38 43 97 159 156 147 136 125 99 63 55 52 45 38 27 13 4 7 7 6 
198 210 224 239 250 254 255 255 255 255 255 255 255 255 255 255 254 220 138 102 81 96 103 109 112 95 70 78 84 81 58 45 37 26 26 37 59 45 36 34 31 29 26 31 36 42 120 162 155 144 132 124 83 55 56 51 44 36 24 7 5 6 3 3 
202 218 233 243 251 255 255 255 255 255 255 255 255 255 255 255 255 248 185 132 106 106 115 122 113 87 74 83 80 69 57 49 34 27 26 40 50 38 30 27 23 26 23 30 36 53 140 157 152 141 130 115 67 56 56 49 42 33 20 5 3 1 2 2 
200 214 230 235 249 255 255 255 255 255 255 255 255 255 255 255 255 255 235 172 142 138 137 135 111 87 89 87 73 62 60 51 38 29 28 43 47 29 23 21 22 24 23 27 47 93 154 156 150 137 127 99 59 56 53 46 39 31 15 2 1 1 2 2 
202 214 227 230 248 255 255 255 255 255 255 255 255 255 255 255 255 255 254 237 215 201 172 156 128 119 108 92 76 70 60 48 40 31 31 40 43 29 28 31 29 25 21 26 55 133 157 159 152 136 126 83 55 56 51 44 38 30 10 1 1 0 1 2 
212 223 234 237 251 255 255 255 255 255 255 255 255 255 255 255 255 255 255 255 255 251 232 198 174 165 129 104 96 84 64 56 47 33 34 38 36 30 28 31 31 27 22 23 86 158 160 159 153 138 122 73 54 56 50 43 37 29 10 1 2 1 2 3 
208 217 241 251 254 255 255 255 255 255 255 255 255 255 255 255 255 255 255 255 255 255 254 233 193 187 151 125 111 91 71 64 47 36 38 36 34 24 24 28 28 26 23 33 123 170 164 158 150 137 112 64 55 54 49 42 36 27 9 2 2 2 3 4 
204 215 235 250 255 255 255 255 255 255 255 255 255 255 255 255 255 255 255 255 255 255 255 230 167 162 169 139 116 100 77 63 42 37 35 34 30 27 24 27 26 24 25 56 146 172 167 157 147 140 99 59 55 52 47 41 34 22 5 2 2 2 2 3 
218 233 242 250 254 255 255 255 255 255 255 255 255 255 255 255 255 255 255 255 255 255 255 222 139 127 159 151 121 104 77 59 43 36 36 34 25 30 25 21 23 24 43 106 165 177 170 157 143 134 85 55 55 50 45 39 32 16 2 1 1 2 2 4 
222 235 248 254 255 255 255 255 255 255 255 255 255 255 255 255 255 255 255 255 255 255 254 209 136 118 134 147 107 96 72 55 41 39 39 33 25 27 29 27 23 27 68 144 173 180 169 153 140 124 75 54 54 48 43 37 28 9 2 1 2 3 2 4 
223 234 246 254 255 255 255 255 255 255 255 255 255 255 255 255 255 255 255 255 255 255 252 200 159 125 114 137 90 78 79 59 44 39 37 34 24 22 30 30 24 31 87 164 180 175 165 147 134 114 67 56 53 47 40 34 23 6 2 2 2 3 2 3 
225 237 248 254 255 255 255 255 255 255 255 255 255 255 255 255 255 255 255 255 255 255 247 204 170 133 100 122 91 59 82 60 50 35 33 34 27 25 30 31 26 32 101 169 172 162 151 141 129 100 59 56 52 46 39 32 21 5 2 2 1 2 3 4 
225 238 249 254 255 255 255 255 255 255 255 255 255 255 255 255 255 255 255 255 255 251 231 200 165 135 107 97 99 59 81 60 48 35 37 30 28 28 37 34 28 30 115 168 160 151 139 131 120 82 54 55 51 45 39 30 16 4 2 2 2 2 3 3 
228 238 238 252 255 255 255 255 255 255 255 255 255 255 255 255 255 255 255 255 253 232 191 187 169 143 105 85 92 65 81 65 45 38 47 39 34 27 47 53 34 47 134 166 158 146 135 126 101 73 58 54 50 43 37 27 10 2 1 2 2 1 1 2 
231 240 238 252 255 255 255 255 255 255 255 255 255 255 255 255 255 255 255 254 237 190 161 185 170 141 110 87 84 72 77 70 43 41 52 37 37 33 75 100 56 95 166 165 156 142 132 114 80 65 60 54 49 42 35 19 3 1 1 1 2 1 2 3 
226 238 249 255 255 255 255 255 255 255 255 255 255 255 255 255 255 255 255 249 206 170 165 186 173 157 107 73 75 85 70 68 53 44 45 34 36 36 108 162 113 148 172 161 149 135 127 94 65 64 61 54 48 40 32 14 2 2 1 2 3 3 3 4 
222 237 253 255 255 255 255 255 255 255 255 255 255 255 255 255 255 255 254 229 179 160 150 180 176 160 94 62 64 91 73 63 55 53 42 38 42 36 80 171 169 176 169 153 142 129 122 86 60 63 60 53 46 38 27 8 1 1 1 2 2 2 2 3 
222 238 254 255 255 255 255 255 255 255 255 255 255 255 255 255 255 255 247 201 162 149 150 184 178 156 93 60 54 88 82 63 56 50 44 42 46 38 60 147 187 181 162 146 136 125 115 78 58 63 58 51 44 36 21 3 2 2 2 2 3 3 3 4 
223 243 255 255 255 255 255 255 255 255 255 255 255 255 255 255 255 255 230 177 151 150 162 186 173 156 101 57 50 74 90 67 59 49 47 45 47 39 56 137 189 180 158 142 134 121 100 72 59 61 55 48 41 34 15 3 3 2 2 3 3 3 2 4 
229 248 255 255 255 255 255 255 255 255 255 255 255 255 255 255 255 252 206 161 147 155 174 185 166 152 111 65 48 57 85 70 62 54 51 49 48 40 65 159 191 176 155 143 131 106 78 64 62 59 52 45 39 29 9 2 2 2 2 3 2 2 3 4 
238 253 255 255 255 255 255 255 255 255 255 255 255 255 255 255 255 243 186 157 153 151 177 181 158 146 113 68 50 50 72 76 63 58 53 48 46 38 84 184 192 170 151 144 116 83 68 62 62 55 49 44 37 23 5 2 2 2 3 2 1 3 3 4 
248 254 255 255 255 255 255 255 255 255 255 255 255 255 255 255 255 228 173 162 154 154 180 171 151 143 106 69 51 45 52 76 64 63 55 49 42 37 104 198 193 166 146 137 96 64 65 65 59 53 47 42 33 14 3 2 2 2 2 2 2 3 3 3 
248 255 255 255 255 255 255 255 255 255 255 255 255 255 255 255 253 211 172 166 170 174 187 160 139 140 101 71 52 44 42 61 70 60 52 50 41 37 115 204 194 162 141 131 84 60 65 62 56 51 46 39 25 5 2 2 3 2 3 2 2 3 1 3 
248 255 255 255 255 255 255 255 255 255 255 255 255 255 255 255 248 199 172 167 170 173 187 145 114 126 99 73 57 44 36 43 66 68 52 46 41 36 112 204 187 159 139 119 75 60 62 59 54 49 44 33 14 2 2 2 3 3 4 4 3 4 3 4 
252 255 255 255 255 255 255 255 255 255 255 255 255 255 255 255 241 194 172 168 166 173 187 126 99 112 89 72 63 50 32 31 46 66 54 42 42 45 140 200 179 154 137 102 65 59 59 56 52 47 40 25 5 2 3 3 3 4 4 4 3 3 3 4 
255 255 255 255 255 255 255 255 255 255 255 255 255 255 255 255 234 191 174 169 167 177 184 114 93 95 77 67 61 53 36 27 32 48 57 42 48 66 170 195 173 150 128 84 60 60 57 53 50 45 37 17 2 1 3 3 3 3 4 4 3 3 4 3 


169 173 180 187 193 199 204 207 210 210 211 211 213 215 217 222 226 231 232 236 237 237 237 235 232 231 234 233 225 218 215 216 216 208 209 207 205 199 197 196 189 186 184 192 190 159 122 96 90 104 132 140 137 126 115 113 94 52 46 39 30 21 13 10 
188 188 188 188 192 196 200 203 206 207 209 210 209 208 207 207 206 206 204 206 196 197 211 227 233 237 240 240 236 228 222 224 227 224 220 218 214 209 205 200 193 186 184 199 185 147 113 96 88 100 131 142 135 125 114 113 96 53 47 39 30 21 12 9 
201 207 210 206 207 210 213 212 208 200 201 206 206 206 206 206 204 201 197 198 191 174 160 168 186 198 208 220 219 223 226 234 240 241 239 238 232 225 216 212 208 202 199 204 178 139 109 96 86 98 132 142 134 124 114 115 103 57 47 39 30 20 11 9 
200 203 208 212 221 225 228 225 200 165 168 201 214 215 210 209 206 202 198 200 200 186 161 157 178 184 183 183 181 180 180 185 188 194 207 210 215 220 215 215 226 228 222 206 171 134 106 93 85 102 137 142 134 125 114 114 105 58 48 40 30 20 12 11 
200 204 208 213 223 226 227 194 99 80 82 101 129 177 213 227 224 217 213 210 207 185 161 169 184 186 187 186 182 180 178 176 174 171 167 166 165 165 165 169 179 192 218 202 165 129 103 91 86 106 140 143 136 126 116 112 104 59 48 41 32 21 15 14 
197 205 208 209 220 224 225 170 80 81 82 85 85 83 115 177 212 227 229 223 209 172 148 150 162 180 188 186 183 183 181 179 177 176 173 167 163 160 156 149 147 150 208 198 161 127 106 91 86 115 141 143 135 125 118 113 98 57 48 41 32 20 13 13 
196 202 207 208 216 220 221 176 84 90 91 94 87 77 73 81 101 144 190 187 161 103 86 80 88 121 158 166 174 179 180 180 178 173 161 143 139 131 116 117 125 160 220 190 154 126 106 88 93 129 142 142 135 127 120 117 92 54 48 41 31 19 12 11 
204 208 209 211 215 217 218 199 98 91 94 92 82 74 66 62 71 78 85 73 69 59 58 57 59 69 85 97 112 123 140 158 159 137 121 118 121 105 81 94 98 138 195 181 143 121 101 88 108 139 143 143 136 129 121 119 92 54 49 41 31 17 12 11 
213 217 218 220 223 223 220 215 139 87 93 91 83 77 64 58 55 52 47 40 45 48 53 56 56 56 61 67 68 73 82 103 117 122 125 124 118 102 73 76 82 86 127 163 128 110 94 86 111 138 142 142 134 127 120 121 98 57 49 41 30 17 12 12 
213 219 223 227 234 238 225 210 187 99 88 91 86 79 71 58 51 49 46 40 41 45 51 51 53 52 57 64 58 57 68 79 94 122 129 127 120 106 70 69 77 71 83 129 106 95 87 83 105 138 143 142 134 127 120 118 98 56 47 41 31 18 12 12 
208 212 218 225 231 237 232 214 214 153 87 88 89 80 78 59 52 62 57 49 43 45 46 43 51 57 54 60 56 51 61 70 76 102 124 128 122 115 78 68 67 66 65 83 78 73 80 83 109 140 143 142 136 132 121 117 98 56 47 41 32 19 12 11 
204 209 215 220 225 230 234 234 233 215 117 87 91 80 81 62 55 68 63 49 42 42 39 39 53 60 53 53 52 49 60 68 69 86 113 125 122 113 86 70 61 64 57 60 64 54 64 80 111 139 142 140 138 133 120 118 100 57 47 40 31 18 13 12 
197 205 214 218 220 223 228 233 229 227 183 93 85 75 73 66 60 61 53 47 42 43 35 37 45 53 57 52 46 47 58 66 68 80 105 115 114 108 96 75 56 61 53 66 65 47 47 74 116 141 140 142 139 132 120 119 100 58 47 40 31 18 13 12 
201 210 217 223 224 224 227 231 232 230 224 145 83 71 63 59 58 54 48 46 45 51 39 38 36 40 54 56 45 45 52 58 65 77 100 109 112 113 104 82 59 61 57 72 63 46 37 63 118 142 141 143 139 131 119 116 95 57 48 40 30 17 12 11 
203 210 212 216 209 222 234 234 235 233 235 220 120 68 55 51 55 47 43 41 45 52 38 40 39 32 44 58 51 46 47 51 62 73 91 106 109 110 101 89 70 65 59 63 54 44 36 57 123 142 143 144 141 130 118 116 97 57 48 39 32 18 11 11 
207 210 190 178 193 214 233 238 240 239 240 240 202 81 49 43 47 43 39 37 42 48 38 35 38 31 35 49 55 52 47 47 62 66 83 101 104 102 98 95 73 61 52 53 48 44 38 75 130 143 144 147 141 131 120 121 102 57 48 40 34 19 11 11 
217 219 214 198 204 216 232 237 241 243 244 244 236 126 51 40 40 41 39 38 39 42 42 45 34 31 29 40 54 63 54 48 63 62 79 96 98 98 101 101 79 62 50 44 42 39 35 86 132 140 147 148 141 132 121 121 99 55 48 40 31 17 11 10 
220 224 227 229 232 236 239 240 242 243 244 246 245 146 47 43 40 41 44 49 43 41 35 40 34 32 27 33 51 72 72 58 61 57 77 92 94 97 105 104 85 63 48 37 37 33 35 92 131 141 146 146 139 130 121 124 94 53 46 39 28 15 10 10 
223 229 232 235 237 239 243 244 248 249 249 249 245 139 46 38 40 41 42 49 51 44 34 39 35 36 29 31 46 66 83 79 61 56 76 92 93 99 106 102 87 69 44 38 34 30 45 105 133 145 150 145 138 130 122 129 89 53 47 39 28 14 10 11 
193 209 228 236 240 242 244 246 248 250 251 252 249 155 52 37 38 39 38 37 41 47 37 45 34 43 34 32 41 54 72 83 66 55 73 91 95 102 105 98 88 71 45 46 32 30 56 113 135 147 149 143 140 132 124 134 91 54 48 40 27 13 9 11 
157 182 209 219 229 237 241 241 248 250 251 252 252 192 59 38 38 37 34 34 33 45 38 33 30 47 41 34 42 50 66 77 74 56 69 92 97 102 101 95 88 74 56 47 36 35 64 116 137 149 148 145 146 138 127 136 100 59 48 40 27 13 11 11 
168 192 208 213 218 223 226 232 244 248 250 252 252 181 58 42 41 43 47 46 44 50 50 33 25 34 38 37 47 50 62 74 82 65 71 95 101 103 99 96 93 80 65 39 40 36 56 111 140 155 151 152 153 143 129 136 104 64 49 39 27 13 11 10 
207 210 213 217 221 224 224 230 241 245 243 238 250 167 56 45 43 41 45 49 45 49 57 58 40 33 36 42 51 51 61 73 86 81 76 100 106 106 104 101 95 83 76 53 51 37 50 104 139 155 151 151 153 141 129 134 101 60 48 38 26 13 11 9 
199 211 220 225 228 229 233 233 243 246 239 234 248 153 53 45 48 45 41 43 43 43 46 53 51 43 42 44 54 62 66 75 84 91 86 104 108 109 106 102 98 88 84 62 50 42 56 102 139 149 147 151 149 139 129 135 95 54 46 37 26 13 9 9 
185 193 202 212 223 233 240 242 245 248 248 246 247 131 52 43 44 45 43 42 45 46 48 50 52 52 54 48 48 70 78 79 80 93 92 102 103 102 102 94 92 86 77 62 55 48 56 96 138 147 150 154 151 142 132 133 93 54 45 37 26 13 9 9 
189 194 200 206 212 220 229 240 246 250 252 254 243 115 52 48 47 41 39 41 45 46 48 50 49 49 52 51 43 64 86 79 73 87 94 99 99 96 85 79 82 78 59 52 50 46 54 96 139 146 153 156 152 142 132 128 90 52 44 37 26 12 9 9 
182 194 204 211 215 217 217 231 239 246 252 254 219 82 52 52 56 50 42 40 43 45 47 49 47 50 51 48 36 46 80 75 65 82 87 91 86 67 64 68 65 57 46 41 43 41 51 97 144 149 154 154 150 139 127 120 90 54 44 37 26 11 9 10 
177 183 195 206 213 223 227 236 240 244 248 250 169 64 50 51 52 47 42 42 46 49 50 50 48 51 52 47 36 36 52 60 61 80 79 84 67 51 53 51 45 41 40 37 40 37 52 95 144 152 153 148 143 132 119 109 90 55 44 35 24 10 9 9 
182 187 200 208 212 213 230 241 245 249 250 240 125 61 55 50 48 48 45 46 49 51 54 55 53 53 53 47 38 37 41 48 61 74 74 77 54 52 50 47 40 38 39 39 36 36 58 94 136 153 149 140 134 126 113 101 86 56 43 33 21 10 9 8 
185 196 206 214 212 200 224 243 244 249 251 202 89 67 67 62 57 62 69 58 51 54 60 60 57 54 53 48 39 49 70 63 64 70 70 64 46 50 48 42 41 51 59 55 46 38 57 91 126 148 142 133 131 122 109 97 76 53 42 32 19 9 8 8 
181 187 200 210 225 229 237 246 248 252 238 131 82 86 89 83 71 61 60 55 56 65 68 60 51 53 54 49 51 78 84 69 64 63 67 49 42 42 41 41 62 72 66 61 60 55 59 84 115 143 137 136 135 123 110 92 67 48 41 32 18 9 9 9 
185 173 197 210 227 241 249 252 253 253 199 105 98 110 111 98 82 70 60 47 51 58 52 42 41 44 50 57 69 84 80 67 58 57 61 43 43 39 41 62 68 62 58 54 52 56 61 79 115 144 138 139 134 123 105 76 58 47 39 30 16 8 9 9 
180 180 203 223 235 244 251 253 253 229 135 111 137 155 135 113 89 85 80 68 58 51 54 46 51 42 50 60 66 71 74 60 49 55 49 39 38 40 60 74 63 53 47 48 50 50 55 78 135 151 142 139 131 123 94 63 53 46 38 29 14 9 9 11 
180 191 204 218 233 245 252 254 228 144 115 135 166 187 168 134 104 96 85 73 59 49 49 43 48 41 47 56 61 66 68 52 51 46 38 36 33 48 69 69 61 54 47 47 49 49 47 82 146 149 143 137 128 121 81 57 54 45 37 27 12 10 12 15 
181 193 206 219 234 247 252 226 143 121 134 160 183 191 170 143 126 106 81 68 59 53 49 44 43 43 47 54 69 71 64 50 52 38 37 34 34 60 68 63 56 51 48 48 48 46 48 107 155 152 144 136 126 116 70 55 53 44 36 24 10 13 18 15 
185 196 206 220 233 240 234 147 129 142 159 174 180 184 163 160 163 125 88 76 62 47 47 47 45 46 52 70 86 81 65 58 44 36 36 30 42 62 61 58 47 44 45 45 45 45 54 125 157 152 144 132 125 103 60 53 51 42 35 23 12 15 18 19 
189 201 205 220 240 241 171 127 144 162 176 180 184 185 165 162 156 131 95 78 65 55 55 47 50 53 69 104 113 92 70 55 37 34 30 29 54 56 47 50 44 41 42 39 39 42 66 136 157 152 144 129 123 91 56 54 50 42 33 21 13 13 17 19 
190 202 215 229 237 235 148 138 147 164 174 180 205 218 217 187 148 135 101 74 62 57 51 55 59 65 81 99 104 86 71 45 37 32 28 37 64 49 37 37 36 35 39 35 37 44 80 150 158 151 142 126 116 79 55 54 49 42 32 20 14 14 15 18 
194 208 222 235 245 247 218 194 195 207 218 233 245 249 252 246 222 170 114 83 67 72 69 74 79 85 78 79 84 84 66 43 40 29 28 40 65 47 35 34 33 32 35 32 40 45 100 161 157 147 136 128 107 67 56 53 47 40 30 18 13 15 16 13 
199 211 225 240 250 254 255 255 255 255 255 255 255 255 255 255 254 221 140 104 84 98 105 109 114 97 71 78 83 81 59 46 39 30 29 40 60 46 38 37 33 31 30 33 37 44 123 163 155 144 133 130 90 59 57 52 46 37 27 14 14 14 10 9 
203 219 234 242 251 255 255 255 255 255 255 255 255 255 255 255 255 249 186 133 107 108 117 123 114 89 76 84 81 70 58 50 36 30 29 43 52 40 32 30 27 31 27 32 38 57 142 157 152 141 132 123 73 58 57 51 44 35 24 15 11 8 8 8 
201 215 230 224 243 255 255 255 255 255 255 255 255 255 255 255 255 255 235 173 143 139 138 135 113 89 90 87 75 63 61 52 40 31 30 45 49 31 25 25 27 28 26 31 50 96 157 156 150 137 129 107 63 58 55 49 42 33 20 9 7 8 8 8 
203 215 228 218 242 255 255 255 255 255 255 255 255 255 255 255 255 255 254 237 216 202 171 155 127 119 109 94 78 71 62 50 43 35 34 43 45 31 31 34 32 28 25 30 58 137 159 159 152 136 129 90 58 57 53 47 40 32 16 7 8 8 8 9 
213 223 235 234 250 255 255 255 255 255 255 255 255 255 255 255 255 255 255 255 255 251 233 196 171 162 129 106 97 85 65 58 49 37 37 40 37 31 30 33 34 30 25 28 91 160 161 159 153 138 126 78 57 57 51 45 39 31 15 7 7 8 7 7 
210 217 241 251 254 255 255 255 255 255 255 255 255 255 255 255 255 255 255 255 255 255 254 232 191 186 150 125 112 92 72 66 49 39 41 38 35 27 28 31 31 30 26 38 128 171 165 158 150 138 117 69 57 55 50 44 38 29 13 7 7 8 8 8 
205 216 237 251 255 255 255 255 255 255 255 255 255 255 255 255 255 255 255 255 255 255 255 230 166 160 168 138 117 101 79 64 44 39 38 36 33 31 29 30 30 29 30 60 149 174 167 157 147 141 104 63 57 53 49 43 36 25 10 7 8 8 8 9 
219 235 244 251 255 255 255 255 255 255 255 255 255 255 255 255 255 255 255 255 255 255 255 221 139 125 154 150 121 106 79 61 45 38 39 36 28 33 29 24 26 27 47 110 167 179 171 157 143 136 90 59 56 52 47 41 34 20 8 8 8 8 8 9 
226 239 249 254 255 255 255 255 255 255 255 255 255 255 255 255 255 255 255 255 255 255 254 208 134 117 129 143 106 96 73 57 43 41 42 36 28 30 31 30 25 32 72 148 175 181 169 153 140 129 80 56 55 50 45 39 31 14 7 8 8 8 8 9 
227 238 249 254 255 255 255 255 255 255 255 255 255 255 255 255 255 255 255 255 255 255 251 196 155 123 110 133 89 79 81 60 45 42 39 36 26 26 33 32 27 34 93 167 182 176 165 147 135 121 71 57 54 48 42 36 26 10 7 8 9 9 9 9 
229 241 250 254 255 255 255 255 255 255 255 255 255 255 255 255 255 255 255 255 255 255 240 196 164 129 98 120 91 60 83 61 51 38 36 36 29 28 32 33 28 34 106 171 173 162 152 142 131 109 63 57 53 47 41 34 23 11 8 7 8 8 9 8 
230 242 251 254 255 255 255 255 255 255 255 255 255 255 255 255 255 255 255 255 255 248 221 193 157 129 104 96 99 60 81 61 50 37 39 33 30 30 39 36 30 33 120 170 160 151 140 132 124 89 58 56 52 46 41 32 20 10 7 7 8 9 8 8 
233 242 245 253 255 255 255 255 255 255 255 255 255 255 255 255 255 255 255 255 251 225 188 182 162 136 102 85 92 66 81 65 46 40 48 40 35 29 50 55 37 50 138 167 158 146 135 129 106 77 60 55 51 45 39 28 15 8 7 8 8 9 9 9 
235 245 247 254 255 255 255 255 255 255 255 255 255 255 255 255 255 255 255 254 234 191 165 182 164 134 106 86 84 73 78 70 44 43 53 39 38 36 80 104 58 99 169 166 156 142 133 120 85 67 61 55 50 44 37 22 9 7 8 8 8 9 8 8 
232 243 252 255 255 255 255 255 255 255 255 255 255 255 255 255 255 255 255 248 210 180 173 185 168 151 103 73 75 86 71 69 54 46 46 36 37 39 114 166 116 152 173 161 150 135 128 102 71 66 62 55 49 42 34 18 8 7 8 8 8 8 8 8 
230 243 254 255 255 255 255 255 255 255 255 255 255 255 255 255 255 255 254 232 191 172 156 177 171 154 92 63 64 91 74 65 57 55 45 39 44 38 84 176 173 178 169 153 143 130 125 93 65 64 60 54 47 40 30 13 7 7 8 8 8 9 9 9 
231 245 255 255 255 255 255 255 255 255 255 255 255 255 255 255 255 255 248 210 176 160 155 178 172 150 90 61 55 88 83 66 58 52 46 43 47 40 62 151 190 183 162 146 137 126 121 87 62 64 58 52 45 38 24 9 7 7 8 8 9 8 8 8 
233 248 255 255 255 255 255 255 255 255 255 255 255 255 255 255 255 255 235 188 164 157 158 179 167 149 98 58 52 75 90 69 61 51 49 48 49 42 59 141 191 181 158 143 135 125 109 77 61 62 56 49 43 35 18 7 7 7 8 8 8 8 9 8 
238 252 255 255 255 255 255 255 255 255 255 255 255 255 255 255 255 252 215 174 155 153 164 177 159 146 106 65 50 57 85 71 63 55 52 51 49 42 69 162 193 177 155 143 134 112 86 66 63 60 53 47 40 31 13 8 8 7 8 9 8 9 8 8 
246 254 255 255 255 255 255 255 255 255 255 255 255 255 255 255 255 246 197 166 151 139 159 173 152 140 108 68 51 51 71 77 65 59 54 50 48 41 88 187 192 170 151 144 123 90 70 64 63 56 50 45 39 26 10 7 8 8 8 8 8 9 8 8 
251 255 255 255 255 255 255 255 255 255 255 255 255 255 255 255 255 234 184 163 144 117 141 164 145 136 103 69 52 46 53 76 65 65 57 51 45 40 108 201 193 166 146 139 104 70 67 66 60 54 48 43 35 18 9 8 8 9 9 9 9 9 8 9 
252 255 255 255 255 255 255 255 255 255 255 255 255 255 255 255 254 219 176 158 133 99 149 155 133 133 99 72 53 46 44 61 71 62 54 53 44 39 118 207 195 162 142 133 90 64 66 63 57 52 47 41 27 10 8 8 8 8 8 9 9 8 9 9 
252 255 255 255 255 255 255 255 255 255 255 255 255 255 255 255 250 207 167 134 92 95 166 142 112 122 97 74 59 46 37 44 66 69 53 49 42 38 115 206 188 159 140 124 79 62 63 60 55 50 45 35 17 7 7 8 8 9 9 8 9 8 9 8 
253 255 255 255 255 255 255 255 255 255 255 255 255 255 255 255 244 195 145 96 78 105 173 125 98 110 89 73 64 52 34 32 46 67 56 44 44 47 143 201 180 154 139 107 68 61 60 57 53 48 41 27 10 7 8 8 8 8 10 9 9 9 8 8 
255 255 255 255 255 255 255 255 255 255 255 255 255 255 255 255 237 177 111 83 77 113 173 113 91 92 78 68 62 54 37 28 33 49 58 43 50 68 172 195 173 150 131 90 62 61 58 54 51 46 38 19 7 7 7 8 9 9 10 10 9 9 8 9 


179 185 192 199 205 211 218 222 226 226 228 229 231 233 234 238 242 247 248 247 246 244 241 237 232 231 232 231 221 211 208 208 207 198 200 197 193 187 184 184 172 169 167 180 185 155 115 86 78 95 129 140 137 126 113 110 91 50 43 36 28 19 9 7 
198 200 200 201 205 208 212 216 221 224 227 228 227 227 227 226 227 227 222 215 198 196 208 224 231 236 238 238 232 223 217 218 221 216 211 209 205 199 194 190 181 171 169 190 182 143 105 85 76 91 130 142 135 124 111 109 92 51 44 36 28 19 9 7 
207 216 221 221 222 224 228 226 223 215 216 223 224 224 226 225 225 221 214 208 193 171 150 159 174 186 197 210 208 216 219 228 235 235 234 233 225 217 206 203 199 192 190 199 176 134 99 85 74 91 130 142 134 122 112 112 99 54 44 36 29 18 9 7 
206 212 221 227 234 238 243 237 205 171 176 214 229 232 228 227 225 220 215 211 202 181 159 155 166 169 168 166 164 162 161 167 171 178 193 196 203 212 206 206 220 222 216 203 167 128 96 82 73 95 135 142 134 124 112 110 100 54 44 37 29 17 9 8 
206 212 219 226 235 238 240 196 87 69 71 93 126 182 227 244 241 234 229 222 210 182 161 163 173 172 171 168 164 161 159 157 155 152 148 146 146 147 147 153 165 178 211 199 161 122 92 79 73 99 138 143 136 125 114 108 100 55 45 38 30 18 11 10 
203 211 216 220 232 236 236 167 67 69 71 75 71 70 108 178 221 240 243 236 215 171 146 144 154 169 172 168 165 164 162 160 158 157 153 150 146 144 142 136 131 132 200 195 157 120 96 79 74 109 140 142 134 123 115 110 95 54 45 39 30 17 9 9 
200 207 214 218 227 231 232 175 72 79 79 82 71 62 60 68 89 139 194 193 162 100 81 76 84 116 150 156 162 165 162 161 159 157 148 133 131 123 108 108 113 146 214 187 149 119 96 76 82 125 142 142 135 126 117 113 88 51 46 38 29 15 9 8 
207 212 215 219 223 227 228 203 86 79 82 81 69 62 54 51 59 66 76 70 67 55 54 52 54 65 82 94 107 116 132 149 150 132 117 113 115 100 74 84 87 126 189 177 138 114 90 75 99 137 142 143 136 128 118 115 86 52 46 38 29 14 9 8 
217 221 224 226 230 231 228 222 132 75 81 81 74 69 54 49 46 41 39 37 41 43 48 51 51 51 56 62 64 66 73 98 112 119 122 119 114 98 65 65 70 74 118 158 123 102 82 73 104 136 140 142 134 125 118 117 94 53 45 38 29 14 9 9 
216 223 228 233 243 249 240 222 189 89 77 81 79 73 63 50 43 42 40 37 37 40 45 46 48 47 51 56 53 51 56 68 85 116 124 122 114 101 64 60 66 59 72 121 99 85 73 68 99 138 143 142 133 126 119 114 93 51 43 37 28 15 9 9 
209 216 222 230 236 244 243 228 225 149 76 79 82 75 71 51 46 56 52 44 38 39 41 39 45 49 47 51 50 45 50 56 63 91 116 120 115 110 72 60 56 54 54 72 69 62 65 68 103 140 143 141 135 130 120 113 93 52 43 36 29 16 9 8 
205 213 219 223 229 236 240 242 242 219 108 77 83 73 74 55 49 63 58 44 37 37 34 35 44 49 45 44 45 43 51 55 56 72 102 115 113 106 79 61 49 52 47 50 55 46 51 67 106 139 141 140 138 131 118 114 95 53 43 36 28 15 10 9 
200 208 219 222 224 229 234 240 237 236 183 85 78 67 66 59 55 56 48 42 37 38 31 31 36 42 46 43 39 39 48 54 56 67 92 103 102 98 88 64 44 48 43 54 55 40 37 62 113 141 139 141 139 130 118 115 96 55 43 36 28 15 10 9 
201 211 219 226 226 229 233 237 239 239 232 141 76 64 56 52 53 48 42 40 40 45 34 32 30 32 43 46 37 37 42 45 53 65 87 97 99 102 95 72 48 48 46 60 52 36 30 55 116 141 140 143 139 130 116 112 91 53 45 36 27 14 9 8 
200 208 210 216 202 224 240 240 241 241 242 224 114 61 49 45 49 42 37 36 38 46 32 31 31 26 35 47 41 36 37 38 49 60 78 94 96 98 91 77 57 51 46 51 43 33 31 53 122 141 142 143 140 129 116 112 91 53 44 36 28 15 8 8 
205 209 182 167 176 204 239 244 246 246 246 247 203 75 43 37 42 38 34 32 36 42 31 25 29 25 28 39 43 41 37 36 48 53 70 88 91 89 86 84 60 47 40 41 35 32 32 72 129 142 143 146 140 129 117 116 96 52 44 36 30 16 8 8 
217 220 213 190 187 201 236 243 248 250 251 250 240 121 45 36 35 36 34 32 32 36 32 31 25 25 24 32 42 50 42 36 49 47 65 82 83 84 89 89 66 48 38 33 32 29 28 83 132 139 146 147 140 130 119 116 94 50 42 35 27 14 8 7 
222 225 230 231 234 238 245 246 248 249 250 252 250 143 42 39 36 36 38 42 36 35 25 26 25 26 22 27 40 59 59 46 48 41 63 77 78 83 93 93 72 50 36 27 28 25 28 90 131 141 145 145 138 128 119 119 87 48 40 35 24 11 7 7 
225 232 235 238 240 244 247 249 252 254 254 254 249 136 42 34 35 36 36 41 42 36 26 26 25 28 23 25 36 53 70 66 47 41 62 77 76 84 93 90 74 56 34 29 26 22 39 102 133 144 149 145 137 128 119 123 83 47 41 35 24 10 7 8 
189 209 230 238 243 246 248 250 252 255 255 255 251 153 49 35 34 34 33 32 33 38 29 31 25 32 28 27 34 43 58 67 51 40 57 76 79 88 92 86 76 59 35 37 26 23 51 111 135 146 149 142 139 130 121 129 86 49 42 36 23 10 7 9 
149 180 209 219 230 240 242 234 249 255 255 255 254 190 56 35 34 32 29 29 27 38 32 27 24 36 32 29 35 40 52 62 60 40 54 77 82 89 87 82 76 61 43 36 29 29 61 114 136 148 148 145 146 136 124 130 96 55 43 36 23 10 8 8 
163 190 207 212 217 224 227 227 246 253 255 254 254 180 54 36 36 37 39 37 35 41 41 27 21 26 31 31 39 41 48 58 68 50 56 82 89 90 85 82 80 67 52 31 31 29 52 109 138 154 151 151 153 141 126 131 100 61 46 36 24 10 9 8 
205 209 212 216 220 224 227 234 245 250 249 242 252 165 52 39 38 36 39 40 36 39 46 45 32 28 31 35 40 41 47 58 73 66 61 88 93 93 90 88 82 71 64 43 39 29 44 100 137 155 151 150 152 139 125 129 96 57 44 35 24 11 8 7 
197 209 219 224 227 229 235 236 246 251 244 238 250 151 50 40 42 40 35 36 36 36 39 43 41 35 36 37 41 50 52 61 72 77 71 91 95 95 93 90 86 76 71 51 40 33 49 97 137 149 147 150 148 137 126 130 90 49 41 34 24 11 7 7 
182 189 198 208 220 232 240 244 248 252 251 247 246 130 51 40 39 40 38 36 38 40 41 42 42 40 43 39 38 56 65 67 68 79 77 89 89 89 89 81 79 74 65 50 45 41 49 91 136 146 150 153 148 140 129 128 88 49 40 34 23 10 7 7 
186 191 197 202 208 216 225 238 246 251 253 254 242 113 50 44 42 36 34 35 38 39 41 40 38 37 39 39 34 52 72 66 60 72 79 85 86 84 73 65 70 65 47 38 38 36 47 91 136 145 152 155 150 140 128 123 85 47 39 32 22 8 5 6 
175 189 201 207 210 212 211 227 235 244 252 254 218 80 50 47 50 44 35 34 36 37 39 40 36 36 37 35 27 36 68 62 53 67 71 77 74 57 52 56 53 45 36 30 32 32 45 92 141 148 153 153 148 137 123 116 86 48 38 33 22 6 4 7 
169 174 187 198 206 216 222 232 238 243 248 249 167 63 49 47 47 41 36 36 40 41 42 42 37 37 39 34 25 25 43 50 50 65 63 71 58 42 41 40 35 31 31 28 30 29 45 90 142 152 152 146 141 130 114 104 85 50 39 32 20 6 5 6 
175 180 194 201 202 204 223 234 241 247 248 238 123 60 52 47 44 43 40 39 43 44 47 47 42 39 39 34 27 25 34 41 48 59 57 64 44 41 38 37 32 31 30 31 28 28 53 90 133 152 147 137 131 122 108 96 81 51 38 30 19 7 6 6 
176 189 201 209 206 195 218 235 236 243 247 199 89 63 60 56 51 55 58 49 44 48 53 51 46 41 40 35 29 39 58 54 51 56 54 52 35 37 36 33 33 43 52 49 40 31 52 86 123 146 140 131 129 119 105 93 72 48 37 29 17 7 6 6 
168 176 190 202 218 224 232 240 242 248 236 133 81 79 79 74 64 55 52 48 49 55 58 50 44 44 43 39 41 67 72 58 51 49 53 38 32 30 31 32 50 60 58 56 55 50 54 79 112 140 135 135 134 121 107 87 63 44 37 29 15 7 7 7 
169 161 185 198 217 233 245 248 251 252 198 104 89 97 99 88 73 61 52 42 45 50 45 38 36 39 43 47 56 71 67 55 45 44 47 33 32 29 31 50 54 50 50 48 46 50 56 74 112 142 137 138 134 121 101 72 53 42 35 28 13 5 5 6 
164 165 190 210 223 235 246 249 252 227 130 101 123 138 119 99 78 74 69 58 51 44 43 40 43 37 42 48 53 58 61 49 38 41 39 30 28 30 48 60 50 43 39 41 42 44 48 73 132 150 142 139 131 120 89 59 48 41 33 26 12 5 5 7 
166 178 192 205 221 235 249 253 226 138 104 123 151 170 152 118 91 84 74 64 52 44 43 39 42 37 39 45 49 53 55 42 38 35 29 28 24 37 57 56 48 42 39 40 41 41 40 77 144 149 141 135 125 117 77 52 49 40 32 23 10 7 9 12 
168 180 195 209 223 238 249 224 136 110 123 147 166 175 151 127 110 92 70 60 53 46 45 40 41 41 42 46 56 58 53 40 39 28 28 27 25 47 56 50 43 38 37 40 40 38 41 104 154 151 142 134 123 111 65 50 48 39 31 22 8 11 15 13 
173 185 195 209 222 232 230 140 118 131 147 158 161 165 143 145 147 110 76 65 56 43 43 45 44 46 48 60 72 68 53 45 35 28 28 22 33 49 47 44 36 35 33 36 37 37 48 123 156 152 143 130 122 99 56 49 46 37 30 20 9 12 16 17 
178 191 193 208 231 233 162 118 134 149 160 161 161 162 144 145 140 116 83 69 58 51 50 46 50 51 64 92 96 77 56 43 30 26 23 23 44 42 35 38 34 33 33 32 32 34 60 134 156 152 142 126 119 86 52 50 45 37 28 18 10 10 14 16 
180 194 206 221 229 230 140 130 137 152 158 159 178 192 196 162 131 122 90 69 58 54 49 54 57 63 76 88 90 72 58 35 29 25 21 31 52 37 29 29 29 29 32 28 30 36 75 149 158 150 140 124 112 74 51 49 44 36 27 18 10 11 12 16 
188 202 216 229 240 246 214 189 189 201 212 227 238 243 245 238 212 158 104 78 63 66 63 68 75 81 74 71 72 72 53 33 30 23 22 33 53 36 28 28 27 25 27 25 32 38 97 160 156 146 134 125 102 63 51 48 42 35 26 16 10 12 13 11 
193 206 220 235 248 254 255 254 254 255 255 255 255 255 255 255 254 214 129 98 80 89 92 97 105 92 68 68 70 67 46 34 30 23 22 32 46 36 31 30 28 25 23 26 30 38 121 163 154 142 129 126 85 53 52 46 41 33 24 11 9 11 8 7 
199 215 230 238 250 255 255 255 255 255 255 255 255 255 255 255 255 247 177 125 102 100 105 112 106 85 70 72 67 56 44 38 29 23 23 34 40 31 26 25 21 24 20 26 31 51 141 157 150 138 127 118 69 53 52 44 38 31 20 10 6 5 5 6 
196 212 227 217 242 255 255 255 255 255 255 255 255 255 255 255 255 255 231 164 135 130 126 123 104 83 81 76 63 52 48 42 34 26 25 37 38 24 21 21 21 22 21 23 43 93 156 156 148 135 125 102 60 53 49 42 36 28 16 4 3 4 4 6 
198 212 225 211 242 255 255 255 255 255 255 255 255 255 255 255 255 255 253 233 209 192 159 143 115 107 98 83 66 58 50 42 36 29 28 34 36 25 25 29 26 22 20 23 52 135 158 157 150 134 126 86 53 52 47 40 35 28 12 3 4 4 4 6 
209 221 233 231 250 255 255 255 255 255 255 255 255 255 255 255 255 255 255 255 254 250 227 184 157 148 117 94 85 72 54 49 42 30 30 33 31 26 23 26 27 23 19 22 87 159 160 158 151 136 123 74 51 51 46 40 34 26 11 3 3 3 5 6 
207 216 241 250 254 255 255 255 255 255 255 255 255 255 255 255 255 255 255 255 255 255 254 224 179 174 138 113 99 79 62 56 42 32 33 31 29 22 21 24 24 23 20 32 125 171 164 157 148 135 113 64 52 50 45 39 32 24 9 3 4 5 6 7 
205 215 236 251 255 255 255 255 255 255 255 255 255 255 255 255 255 255 255 255 255 255 255 223 155 150 156 126 104 89 68 56 39 34 32 30 27 26 23 25 23 22 24 57 147 173 167 155 145 138 99 58 52 48 43 37 31 21 7 4 4 6 6 7 
220 237 244 251 255 255 255 255 255 255 255 255 255 255 255 255 255 255 255 255 255 255 255 215 131 117 143 138 108 93 68 53 38 32 33 30 23 27 24 20 21 22 43 108 166 178 169 155 141 133 86 54 51 46 41 36 29 17 4 3 4 6 6 7 
228 242 252 255 255 255 255 255 255 255 255 255 255 255 255 255 255 255 255 255 255 255 254 200 124 106 115 130 93 84 63 49 37 34 34 29 24 25 25 25 21 27 69 147 174 180 167 151 138 125 74 51 49 44 39 33 26 11 3 3 4 6 7 7 
229 241 252 255 255 255 255 255 255 255 255 255 255 255 255 255 255 255 255 255 255 255 249 186 142 110 97 120 77 67 70 53 39 35 33 30 23 22 27 28 23 30 90 166 181 175 163 145 133 117 66 52 49 43 37 31 23 8 4 4 6 7 7 7 
232 244 253 255 255 255 255 255 255 255 255 255 255 255 255 255 255 255 255 255 255 254 236 185 149 117 86 107 79 53 74 52 43 31 29 30 25 25 28 27 23 31 104 170 172 161 149 138 128 104 60 52 48 42 36 29 20 9 4 5 6 6 7 7 
233 245 254 255 255 255 255 255 255 255 255 255 255 255 255 255 255 255 255 255 255 246 215 182 145 115 91 84 87 51 71 53 42 31 31 25 24 27 35 31 24 28 117 169 159 149 137 128 120 85 53 51 47 41 35 28 18 8 4 5 6 6 7 7 
236 245 250 254 255 255 255 255 255 255 255 255 255 255 255 255 255 255 255 255 250 220 181 172 149 120 89 74 81 57 72 57 39 34 40 33 29 25 46 50 31 45 137 167 157 144 132 125 102 71 54 50 46 40 34 26 13 5 3 4 6 7 7 7 
239 248 250 254 255 255 255 255 255 255 255 255 255 255 255 255 255 255 255 254 230 187 161 173 151 118 92 75 74 63 68 62 37 37 45 33 31 31 78 101 54 95 167 165 155 140 129 116 80 61 55 50 45 39 32 20 6 3 4 5 6 6 6 7 
235 247 253 255 255 255 255 255 255 255 255 255 255 255 255 255 255 255 255 246 207 179 170 176 155 135 90 64 67 76 63 63 48 41 39 30 31 33 112 165 115 151 172 159 146 131 124 97 65 59 55 50 44 37 30 15 4 3 4 6 6 7 7 7 
233 246 254 255 255 255 255 255 255 255 255 255 255 255 255 255 255 255 254 231 190 171 154 169 159 140 80 55 58 83 67 60 52 50 39 33 35 32 83 176 172 178 169 151 139 125 119 86 58 58 55 49 42 35 26 11 4 3 4 4 6 6 7 7 
233 247 255 255 255 255 255 255 255 255 255 255 255 255 255 255 255 255 247 210 176 159 151 169 162 136 79 55 50 81 75 60 53 47 40 37 38 34 59 152 189 182 161 144 133 122 116 81 56 57 53 47 40 33 21 7 4 4 5 5 6 7 7 7 
236 251 255 255 255 255 255 255 255 255 255 255 255 255 255 255 255 255 233 189 163 153 149 168 157 137 85 51 47 69 83 63 56 45 44 41 40 35 55 140 190 180 156 140 131 121 104 73 55 56 51 44 37 31 15 5 6 4 6 6 7 7 7 7 
243 254 255 255 255 255 255 255 255 255 255 255 255 255 255 255 255 252 215 174 151 141 151 167 149 134 92 56 45 53 79 65 58 50 47 44 42 35 65 161 192 175 153 141 131 108 81 61 57 54 47 42 35 26 10 4 6 6 6 7 6 7 7 7 
250 255 255 255 255 255 255 255 255 255 255 255 255 255 255 255 255 246 197 164 141 122 144 162 141 129 95 59 47 48 66 71 60 54 49 44 42 34 85 186 192 169 150 142 119 85 65 58 58 51 45 40 33 22 7 5 6 6 6 6 6 7 7 7 
254 255 255 255 255 255 255 255 255 255 255 255 255 255 255 255 255 234 182 154 127 97 125 154 135 126 90 59 47 44 49 71 59 60 52 46 40 34 106 200 193 164 144 137 99 64 61 60 55 49 43 38 31 16 7 6 6 6 7 6 6 7 7 7 
254 255 255 255 255 255 255 255 255 255 255 255 255 255 255 255 254 218 170 144 113 71 132 146 124 123 87 60 46 43 41 56 65 57 49 46 38 34 117 206 195 161 138 130 85 58 60 57 52 46 42 36 23 8 6 6 6 6 6 6 6 7 7 7 
254 255 255 255 255 255 255 255 255 255 255 255 255 255 255 255 250 204 155 116 65 68 153 133 104 111 85 63 50 40 35 41 61 63 48 42 37 33 113 205 187 157 136 120 73 56 57 55 50 45 39 31 14 6 5 6 7 7 7 7 7 7 7 7 
254 255 255 255 255 255 255 255 255 255 255 255 255 255 255 255 244 188 130 74 49 83 163 119 93 101 80 65 56 45 31 31 42 61 51 39 38 44 143 201 179 152 136 103 62 56 55 52 48 43 36 24 6 5 6 7 7 7 8 7 7 7 7 7 
255 255 255 255 255 255 255 255 255 255 255 255 255 255 255 255 236 168 93 58 49 92 164 108 87 86 72 63 56 47 32 24 29 43 53 38 46 66 173 195 173 150 130 86 57 56 53 49 46 40 33 17 3 4 6 7 7 7 8 8 8 7 7 7 