


10 12 14 12 7 6 2 1 3 9 14 12 7 9 10 10 12 11 10 9 10 12 10 9 9 10 12 12 11 10 9 7 7 7 5 7 8 4 4 5 5 6 8 11 33 17 41 42 12 8 7 7 8 9 11 11 10 10 11 9 10 10 11 11 
10 11 8 9 12 6 1 2 7 13 15 9 11 11 10 13 13 10 10 9 10 9 9 10 7 8 13 12 10 9 8 9 8 6 7 8 4 4 4 4 3 6 9 14 43 19 30 18 8 8 6 7 8 10 11 11 9 14 23 23 17 17 13 11 
10 6 3 7 8 3 1 5 11 12 9 10 12 10 11 14 15 12 11 10 12 12 11 5 7 9 10 10 10 9 10 11 13 12 24 9 4 8 5 4 4 8 11 13 24 14 13 8 7 8 7 7 7 7 7 7 6 7 17 21 15 15 15 13 
9 6 2 6 6 2 2 8 9 8 8 10 11 11 11 13 15 12 11 13 19 12 6 9 11 11 10 11 13 12 15 44 43 14 19 6 3 6 4 5 6 10 10 14 13 10 9 7 8 8 7 6 5 5 5 5 4 5 6 7 6 11 9 11 
11 8 2 3 4 1 2 6 8 10 14 16 7 7 11 13 13 12 11 19 20 7 8 13 11 8 8 8 9 9 12 43 20 4 6 4 4 5 4 6 8 13 12 9 10 10 11 8 9 7 6 5 5 4 4 5 5 4 4 5 7 17 9 7 
11 9 3 2 4 2 1 5 9 12 9 11 10 7 9 10 10 10 8 12 18 12 8 8 9 11 11 10 9 12 17 14 4 4 5 5 4 4 5 7 8 7 7 10 10 10 10 9 8 7 5 4 4 3 4 3 3 4 4 4 4 5 8 36 
10 8 6 2 2 1 1 7 10 14 8 8 12 9 9 10 11 10 8 8 11 8 7 6 5 6 8 11 23 35 20 5 4 6 6 6 5 7 11 9 9 7 7 8 10 10 9 10 8 5 5 5 5 4 3 3 3 4 4 4 4 6 30 55 
14 14 14 10 2 1 1 7 8 14 16 8 11 10 9 10 18 16 9 6 7 8 10 8 8 7 6 7 26 38 7 5 7 10 7 5 6 11 13 10 9 9 8 8 9 11 9 9 8 7 6 5 5 6 6 6 5 3 3 4 4 8 15 9 
21 22 22 14 4 1 2 9 7 10 17 11 10 8 8 9 16 13 8 8 9 11 10 8 9 9 8 8 17 33 14 10 13 17 7 5 8 18 11 10 10 9 9 9 9 11 10 11 8 7 8 6 6 6 7 7 6 5 4 3 3 3 4 4 
13 17 12 8 4 2 7 12 10 11 13 13 8 7 7 9 8 9 8 9 10 9 10 8 9 8 8 14 7 6 12 25 14 6 6 7 23 23 9 11 10 10 11 11 11 10 9 9 9 8 8 8 7 7 6 6 6 5 6 5 5 5 4 4 
11 9 3 4 3 2 5 12 17 17 16 16 12 12 12 12 9 8 8 10 10 8 8 7 6 6 11 20 8 10 29 27 8 5 4 10 24 12 10 10 9 10 10 10 10 11 7 7 9 9 9 9 9 8 6 6 8 5 6 6 5 5 5 6 
10 6 2 2 5 7 6 8 13 20 24 23 18 12 9 9 8 10 9 10 8 7 7 6 6 9 12 8 7 14 46 39 9 12 10 18 14 11 10 9 8 9 9 9 10 13 10 10 10 10 8 8 7 7 7 7 7 7 6 7 6 6 5 5 
9 4 3 3 11 12 7 4 12 25 24 22 20 15 13 10 10 11 11 10 10 10 8 9 13 10 14 12 8 13 49 37 7 10 17 11 9 10 10 11 13 11 8 9 11 13 12 11 11 11 9 7 6 7 7 6 7 7 6 6 7 7 5 5 
8 6 7 6 13 9 9 5 7 21 20 16 12 14 16 12 8 10 12 11 22 57 31 15 12 12 73 74 15 11 25 28 9 50 38 11 13 12 13 14 14 13 12 11 11 14 12 12 13 12 11 8 7 7 7 7 7 7 6 5 6 7 6 5 
4 9 10 10 10 10 11 8 3 13 19 14 10 11 15 15 11 12 14 12 39 123 126 76 22 65 138 153 62 13 14 15 34 138 116 24 14 13 14 14 15 14 13 11 12 13 12 13 13 12 10 9 8 7 7 7 7 8 7 5 7 7 6 6 
4 9 9 10 11 12 13 11 4 6 15 16 16 21 16 13 11 20 33 12 73 143 141 85 90 140 133 156 95 76 107 68 55 143 140 106 66 22 22 61 85 32 41 20 12 14 14 13 11 10 10 10 11 8 7 7 7 7 7 7 6 6 7 6 
9 10 9 10 10 13 13 13 7 2 9 15 19 20 15 11 11 37 97 17 41 143 152 130 147 149 141 150 145 154 150 128 122 142 150 155 153 113 105 149 148 93 129 76 18 25 57 49 15 11 22 52 23 9 9 9 8 7 8 8 7 6 6 7 
13 12 11 10 11 16 14 13 12 4 4 15 55 54 27 13 13 41 113 35 54 149 147 153 150 153 149 160 120 84 93 108 147 157 139 133 152 153 141 140 130 129 142 140 94 88 122 128 75 56 98 127 37 10 10 10 10 9 9 9 8 7 7 8 
20 24 20 14 13 18 15 13 14 7 2 11 48 109 117 71 70 100 156 105 114 147 138 149 150 161 142 149 96 48 20 32 141 162 131 132 148 143 143 132 137 155 138 134 126 118 119 130 139 126 123 115 38 12 9 11 10 10 8 8 10 11 10 8 
21 26 27 23 21 20 17 13 14 13 2 5 16 31 96 133 142 156 166 152 147 143 115 81 142 165 104 76 46 30 39 17 93 135 120 142 133 73 85 132 150 162 124 76 81 120 133 127 114 135 151 123 43 11 8 11 12 15 10 11 16 14 8 8 
9 16 23 22 21 19 17 12 14 14 7 6 39 31 67 148 157 151 157 155 157 157 142 116 147 143 64 47 52 39 34 47 87 111 112 89 53 37 74 101 132 151 110 89 110 142 138 143 131 132 118 52 12 9 10 11 10 9 9 17 18 13 7 6 
8 16 22 19 19 16 17 16 14 14 15 9 107 121 106 125 132 145 140 149 146 140 149 157 155 152 145 144 114 67 25 91 140 132 77 59 53 96 140 150 148 150 144 151 157 146 133 148 147 140 122 75 24 10 10 13 15 10 10 12 9 8 8 7 
9 18 19 17 20 18 26 79 61 25 61 24 65 156 133 121 135 127 94 140 143 125 140 162 151 111 124 157 164 123 100 149 164 145 80 34 48 52 53 52 90 158 139 111 130 133 139 130 120 102 126 140 82 36 67 101 97 24 6 6 7 6 6 7 
9 12 19 22 19 19 26 91 153 126 94 63 91 137 153 159 161 154 153 150 147 140 136 121 76 52 67 106 157 154 153 153 154 154 126 72 111 131 130 65 99 158 147 81 137 154 144 143 150 98 92 136 129 117 134 130 66 13 7 6 6 6 6 6 
7 6 7 16 23 22 27 61 146 161 108 132 173 159 156 135 147 160 147 139 162 132 83 73 84 68 122 151 159 147 164 157 157 153 140 153 162 159 149 115 128 141 124 130 157 129 90 140 158 153 132 119 130 99 46 30 9 7 6 6 7 8 7 6 
5 6 6 7 14 28 69 117 141 147 153 156 167 166 151 139 122 157 142 132 154 153 155 121 150 156 147 117 104 118 159 147 153 159 160 169 169 146 120 130 135 135 141 149 141 124 124 136 141 131 97 47 92 125 48 7 7 7 6 7 7 7 7 6 
4 4 4 6 9 66 140 155 159 159 162 142 147 161 162 165 153 135 161 159 122 157 162 90 111 161 143 116 156 171 148 135 150 157 165 165 144 75 112 136 139 135 159 165 164 147 139 143 148 149 113 40 28 104 88 12 9 8 7 6 7 8 8 7 
12 10 14 18 16 39 122 161 149 155 171 166 154 163 138 99 74 45 85 148 155 159 101 52 88 148 157 156 142 145 144 154 147 158 166 150 118 29 103 154 156 133 151 164 165 145 134 137 140 131 78 70 61 46 95 66 13 9 8 6 6 8 7 8 
21 15 24 25 17 37 109 123 76 99 119 97 101 163 138 41 36 74 118 153 157 162 131 128 161 167 166 153 96 132 150 140 104 162 171 150 134 50 82 144 157 148 147 152 147 117 116 147 142 144 152 154 127 94 135 121 26 8 7 7 7 7 7 6 
17 18 28 20 27 46 118 95 49 135 122 67 65 159 165 86 57 131 165 147 107 154 165 156 128 110 153 171 152 136 137 139 146 165 155 152 155 118 114 148 157 154 155 149 150 85 81 148 141 69 105 122 85 103 136 105 19 7 6 5 7 8 6 5 
14 16 25 14 59 133 123 108 39 84 156 144 115 162 132 37 57 121 104 66 53 76 114 88 30 36 90 157 152 132 117 127 149 153 129 122 148 143 142 148 154 153 158 156 158 140 126 145 119 23 37 113 135 136 127 89 49 29 13 7 7 7 5 5 
17 20 26 19 62 115 123 153 134 58 91 145 153 146 86 59 69 68 44 34 35 30 37 46 33 35 92 153 134 127 142 144 106 143 153 147 147 142 134 137 140 137 157 159 166 163 142 116 86 62 36 89 142 142 124 115 128 125 85 15 6 6 6 6 
16 20 21 23 78 137 145 153 153 122 127 154 154 167 139 98 131 109 26 13 39 105 64 25 41 42 68 130 94 88 113 92 51 89 150 147 101 116 145 143 145 156 158 148 161 160 125 60 119 144 131 127 146 136 116 53 65 67 43 10 6 7 7 7 
19 19 14 21 31 110 146 154 142 153 165 156 137 163 160 145 167 163 104 53 135 167 103 97 120 96 63 56 103 131 91 71 121 84 69 67 48 101 152 159 140 155 162 158 150 137 75 42 82 129 141 134 128 140 120 46 17 18 10 7 6 7 8 9 
14 11 10 13 28 127 154 164 165 165 162 115 70 116 146 150 127 138 156 143 162 138 66 85 149 168 142 123 165 167 90 83 166 150 85 54 69 145 153 126 82 130 147 157 139 141 132 93 83 134 136 132 130 149 127 113 114 115 61 10 9 7 7 6 
10 9 9 10 17 103 154 133 145 159 157 77 84 143 151 158 126 71 132 150 156 121 76 56 107 157 164 161 159 126 52 60 158 166 142 123 140 148 118 42 25 95 153 150 119 137 148 152 148 150 144 142 140 146 135 134 130 102 33 10 9 9 9 8 
5 6 8 11 13 44 85 108 127 140 158 141 142 140 95 125 163 150 160 146 151 164 150 124 145 164 162 155 159 142 130 128 151 162 166 172 171 140 64 21 21 69 147 121 105 120 124 121 130 134 134 130 121 137 121 59 33 18 10 10 8 9 8 9 
4 2 2 5 10 21 102 159 161 141 152 154 116 80 90 77 149 157 148 79 111 161 151 140 166 174 170 160 162 172 164 134 150 160 156 133 137 142 134 82 30 41 79 41 36 84 126 118 114 126 124 107 118 146 141 75 11 8 8 9 9 9 9 14 
5 2 1 3 9 12 44 100 134 125 162 153 143 149 158 100 116 135 154 122 154 166 103 104 154 165 175 164 106 135 155 85 146 170 141 58 63 102 149 152 93 58 47 28 37 99 134 120 110 131 137 140 133 118 142 107 15 8 8 8 11 15 19 17 
2 1 2 8 11 13 16 23 106 141 160 147 156 159 111 99 139 102 136 156 164 156 148 154 146 161 162 103 54 106 155 139 150 167 137 91 92 89 138 161 145 152 142 115 123 144 138 99 50 91 122 124 108 59 76 65 16 15 18 19 19 13 11 12 
2 2 6 10 10 11 14 45 131 151 161 160 157 162 88 46 134 167 166 161 171 167 117 122 154 157 150 113 86 65 126 165 153 152 154 154 152 149 154 152 155 160 161 148 139 118 77 53 90 115 83 98 125 123 66 19 15 12 10 10 14 9 13 13 
3 6 10 11 11 11 13 53 130 135 158 125 129 171 142 93 134 169 161 162 156 165 122 81 153 150 146 156 158 112 91 147 152 152 156 154 152 148 137 155 157 144 140 134 132 119 74 78 112 72 20 35 83 105 84 18 10 14 22 17 24 18 35 22 
13 13 11 11 11 11 13 25 33 30 74 107 146 159 145 140 148 157 149 160 142 155 124 135 164 116 64 98 143 168 162 155 147 150 129 107 135 146 151 167 167 152 146 115 127 145 149 111 48 16 12 19 35 33 32 38 31 21 39 63 45 49 58 16 
18 13 10 11 12 12 11 11 12 11 25 123 164 150 94 132 167 163 156 162 171 168 110 125 108 50 44 45 135 163 159 154 161 168 168 144 133 140 150 154 145 141 137 123 129 117 82 56 13 12 13 16 21 52 60 47 51 53 55 73 68 73 47 19 
27 14 11 10 11 11 10 11 12 12 19 112 128 114 122 97 111 141 153 142 153 159 119 71 51 43 41 104 150 156 147 157 152 157 171 158 125 142 159 143 101 118 119 95 59 30 14 12 10 10 16 33 41 58 80 71 64 65 68 79 67 68 63 64 
35 15 10 9 8 9 9 12 10 9 11 35 29 26 88 89 101 145 152 159 154 149 137 119 93 31 103 159 149 107 131 164 151 137 152 149 124 130 160 154 123 144 154 145 93 27 19 20 18 22 27 38 70 78 83 79 68 73 74 80 52 28 39 59 
36 17 8 7 7 9 10 12 14 12 9 10 11 12 16 26 72 157 151 162 169 138 88 115 141 89 120 155 133 100 126 166 159 90 132 148 156 161 152 137 132 105 112 134 134 95 102 105 72 21 13 21 41 58 74 46 58 81 48 60 56 32 65 72 
29 14 9 12 13 17 21 23 24 22 14 9 9 10 16 21 56 116 126 151 154 110 63 92 133 139 152 149 133 115 122 142 151 121 152 150 142 150 131 120 141 116 105 130 128 101 82 63 26 12 11 11 18 25 24 21 32 67 65 62 62 28 20 11 
32 22 24 31 23 18 21 24 28 29 25 13 6 7 10 17 22 21 25 87 109 59 137 159 143 107 146 144 117 129 142 104 91 136 163 147 144 134 59 77 144 132 52 87 118 72 15 14 12 12 11 12 11 11 11 11 11 21 45 25 10 3 2 2 
29 32 31 37 30 13 15 16 20 24 26 23 10 7 10 12 12 10 10 17 43 62 111 141 119 90 122 162 125 119 140 125 84 90 140 131 113 124 123 109 113 76 23 50 112 73 14 12 11 11 10 10 9 10 10 10 9 6 3 2 1 2 2 2 
29 30 28 31 30 11 13 16 16 16 17 18 15 11 9 9 9 11 13 10 10 15 43 61 35 79 97 105 122 108 126 115 136 111 130 132 97 104 122 134 122 108 108 90 57 26 12 11 11 11 10 9 8 8 8 6 3 1 1 1 1 1 1 1 
28 28 24 30 29 12 12 14 15 14 14 15 15 10 7 7 8 8 12 12 11 12 14 14 15 19 38 25 28 24 43 29 76 116 91 47 27 24 34 109 120 79 67 85 52 13 11 10 10 9 8 7 6 6 4 2 1 1 1 1 1 1 2 1 
26 25 21 28 33 15 10 13 13 14 14 15 16 10 7 8 10 9 10 9 10 10 11 11 11 11 11 10 12 10 12 17 12 35 32 8 7 8 16 83 117 36 12 13 9 9 9 8 8 8 8 8 7 4 2 2 1 1 1 1 1 1 1 2 
21 17 23 27 30 18 9 10 14 14 13 14 13 9 9 8 10 9 7 7 9 10 11 10 10 9 9 9 10 9 8 17 10 8 7 7 6 7 7 14 27 8 8 8 8 7 6 7 7 7 7 5 4 4 3 1 1 1 1 1 1 1 2 2 
19 12 15 25 31 19 11 15 16 16 16 12 11 9 9 10 10 8 9 7 7 9 10 10 9 10 10 10 10 8 8 15 14 8 8 6 5 5 6 5 6 7 5 5 5 7 5 5 4 4 4 5 5 4 2 1 1 0 1 1 1 3 2 1 
16 13 12 23 29 15 13 13 13 12 12 17 21 13 13 10 9 9 9 9 5 6 9 11 10 11 9 9 9 8 8 11 17 8 7 7 5 4 6 5 11 15 5 4 4 5 3 3 5 5 4 7 4 4 1 1 1 0 1 1 2 3 1 1 
19 13 13 24 33 20 13 11 10 15 22 37 32 15 10 8 8 7 7 10 8 5 6 8 9 9 9 9 9 9 8 8 15 6 4 5 3 4 3 3 4 4 3 2 5 4 4 4 4 4 6 5 4 4 2 2 1 0 1 3 4 3 2 1 
20 11 13 21 22 17 19 22 22 38 34 19 14 9 7 7 8 8 8 8 9 5 6 6 8 8 9 10 10 10 9 8 7 3 4 3 2 2 3 2 5 4 3 3 6 5 3 4 5 3 6 4 3 4 2 3 1 1 2 6 3 2 1 1 
12 5 4 5 13 18 29 32 39 46 17 10 8 7 6 7 9 8 8 7 8 7 6 5 7 7 8 10 10 12 10 9 5 2 4 3 2 2 3 4 6 4 5 7 6 4 5 6 4 3 5 2 3 3 3 2 2 2 4 3 2 2 2 2 
2 1 2 2 9 11 11 15 33 20 10 10 11 10 9 8 9 8 7 7 8 9 8 6 6 6 7 9 11 16 10 9 4 2 3 2 3 3 2 4 5 6 7 11 5 6 6 4 3 2 3 3 3 2 2 2 2 3 5 2 2 3 4 3 
2 2 2 4 13 12 9 19 16 10 9 10 10 11 11 9 8 9 7 8 8 7 9 6 6 6 6 7 7 13 10 8 3 2 2 3 3 3 2 3 5 4 7 9 8 7 4 4 3 1 3 2 2 2 1 2 2 5 3 3 3 2 1 2 
1 2 3 6 15 10 10 12 14 14 9 8 9 11 10 9 9 8 8 9 8 8 8 8 6 6 7 6 6 7 9 8 4 4 2 4 5 4 5 6 5 4 9 11 7 3 2 4 2 1 4 5 4 2 2 3 5 4 2 2 1 2 3 7 
1 4 4 7 18 10 11 11 11 13 12 7 6 7 8 9 9 9 8 9 7 7 8 7 7 6 6 6 6 6 7 7 6 7 4 4 4 7 11 13 13 12 14 9 5 4 3 4 4 2 2 6 5 2 3 4 6 2 1 1 2 3 6 6 
2 4 5 8 12 11 10 9 9 13 11 12 9 11 12 11 11 10 9 7 7 8 8 7 7 7 6 6 6 7 8 7 7 8 6 5 5 7 10 11 14 12 14 16 13 5 3 6 6 2 1 4 3 2 2 6 4 2 2 2 3 4 5 3 


27 61 101 92 73 76 71 81 84 94 99 79 25 24 27 25 24 28 28 34 47 50 58 67 70 69 71 73 70 69 67 66 65 65 64 65 67 60 56 57 55 51 45 39 60 47 68 68 30 25 22 22 21 24 27 29 27 31 31 28 31 32 31 30 
30 73 95 94 91 82 78 84 88 94 93 42 28 29 31 28 25 31 39 63 70 69 68 70 68 68 69 72 70 68 67 65 64 63 64 66 62 62 58 56 54 52 47 46 70 51 57 38 24 24 21 22 24 28 33 36 37 39 42 40 37 36 35 32 
30 67 89 89 88 76 78 86 92 93 64 28 31 32 34 33 38 53 63 71 71 69 71 65 67 70 71 72 71 71 71 70 70 69 71 59 57 63 59 57 57 48 35 42 48 44 34 23 23 25 27 34 40 45 49 50 54 56 60 62 60 60 57 42 
28 56 84 86 84 73 77 86 89 76 38 34 29 29 35 53 70 74 72 73 71 62 64 67 72 72 69 69 70 70 71 83 83 73 68 58 54 60 59 60 60 32 17 24 36 42 28 21 25 33 39 43 46 49 50 52 54 56 57 60 60 62 62 59 
29 43 77 80 81 72 78 80 62 45 40 33 19 21 50 73 77 79 78 77 70 62 66 71 70 66 67 68 68 68 69 84 72 59 64 62 58 58 58 61 56 23 14 11 15 32 32 29 33 37 41 44 46 48 50 50 51 53 56 58 58 59 57 57 
31 36 64 78 79 69 71 63 27 25 23 22 25 25 55 68 74 76 74 77 79 70 65 63 63 66 69 70 71 74 79 75 61 59 62 63 61 61 62 62 37 10 9 11 13 28 31 40 43 42 44 46 48 49 50 50 51 52 54 51 52 55 59 70 
35 38 49 72 74 66 65 47 30 22 18 22 28 28 39 51 70 74 70 69 72 66 62 59 56 56 60 64 66 73 74 66 64 62 63 65 62 65 65 53 30 10 8 9 13 32 28 35 40 47 49 53 53 52 52 50 50 51 50 53 56 58 65 74 
40 41 41 53 68 63 61 44 33 25 24 23 29 35 48 57 68 77 71 69 71 69 68 67 66 65 64 65 68 74 64 64 69 68 67 68 69 72 52 37 34 21 9 8 12 32 23 34 38 42 45 51 55 59 59 55 53 54 55 54 54 55 55 56 
37 41 39 45 60 62 58 36 22 26 27 26 34 46 54 60 73 74 72 73 73 72 70 69 69 67 66 68 74 74 68 69 74 68 70 69 74 72 46 39 34 28 18 14 17 33 20 33 40 42 44 50 50 51 57 59 61 61 57 53 52 52 54 55 
27 35 55 70 66 53 44 31 23 30 31 25 37 49 55 65 74 74 73 73 72 70 70 68 68 64 63 73 69 66 67 77 75 68 64 68 68 52 36 33 29 23 20 24 29 32 18 24 39 43 47 52 52 51 55 56 56 58 60 58 58 56 52 50 
24 37 72 77 67 60 51 41 25 26 37 30 30 48 56 70 71 72 72 72 71 69 67 67 66 64 70 74 69 73 74 77 71 66 61 63 54 40 34 24 16 13 12 13 18 29 12 13 35 44 47 49 52 52 52 53 54 53 58 56 55 57 59 58 
27 55 68 70 76 81 77 59 23 23 34 37 30 47 56 69 72 74 73 72 70 67 65 64 64 70 75 69 68 74 82 81 69 69 64 53 37 26 17 13 12 12 11 11 18 32 28 30 36 46 48 49 52 51 51 53 55 51 56 56 54 53 57 55 
37 62 58 71 86 87 87 73 41 28 26 26 28 34 55 74 75 76 76 73 72 70 66 66 74 73 72 74 69 71 85 79 73 74 64 28 23 22 23 25 28 26 17 17 29 34 33 33 34 38 47 50 51 52 51 53 55 51 53 56 56 52 55 57 
53 55 50 71 75 73 88 79 62 29 22 18 14 16 51 77 73 75 75 73 76 94 76 69 75 73 105 109 75 70 73 74 72 96 64 24 25 26 29 30 32 33 30 27 31 34 31 32 31 31 38 49 50 52 52 53 55 53 51 56 56 51 51 56 
57 48 27 31 31 70 91 84 71 43 23 16 12 15 61 78 76 77 77 74 85 125 131 103 78 105 146 160 103 71 70 73 84 153 124 34 27 26 30 31 33 32 31 27 29 34 30 32 29 28 26 36 49 51 52 53 56 56 52 55 57 54 51 53 
57 40 23 23 33 82 93 89 75 63 25 17 17 30 69 77 76 79 86 71 105 151 145 110 116 154 142 158 120 110 132 106 98 153 147 114 76 34 34 72 97 45 53 33 27 39 32 29 27 26 26 27 35 47 53 53 54 56 55 55 55 55 54 51 
51 29 24 23 44 92 92 93 81 74 44 17 21 31 70 76 77 89 125 74 90 159 162 141 153 151 146 153 147 158 154 135 134 152 154 161 160 118 113 158 158 100 132 83 31 46 70 61 29 27 37 64 37 28 38 48 53 55 56 56 53 54 56 53 
42 26 24 24 52 95 94 92 90 76 67 28 59 65 76 74 76 90 131 85 99 160 150 151 146 151 152 159 127 100 107 124 155 163 144 137 159 158 146 146 136 128 140 141 101 99 122 128 81 68 104 131 49 25 26 28 34 41 48 54 54 55 55 54 
46 41 33 27 52 100 95 94 93 81 76 55 54 118 133 103 108 125 160 122 132 151 139 154 154 165 148 151 117 78 70 83 156 172 139 140 157 149 149 135 136 154 137 130 124 122 126 128 131 124 126 122 49 26 26 27 25 25 24 28 36 45 50 52 
50 43 35 27 44 100 101 96 97 91 79 76 42 40 108 140 151 163 165 151 152 151 134 105 149 173 119 95 79 69 72 69 118 141 125 152 143 83 96 141 154 163 129 84 89 127 141 131 114 139 160 132 54 24 24 29 26 26 20 18 22 24 25 29 
58 37 27 24 32 88 106 96 100 93 83 85 86 47 87 152 160 153 159 157 158 164 153 131 154 150 97 81 76 67 66 75 94 106 106 96 68 48 82 109 136 151 112 96 117 148 145 147 133 138 126 62 25 22 24 27 23 22 23 29 26 24 20 18 
54 30 25 22 25 58 104 102 97 99 91 85 136 134 123 130 135 145 143 143 142 145 153 160 159 154 152 156 128 82 59 102 142 134 82 70 66 102 143 151 146 146 138 148 156 147 131 142 143 143 126 83 37 27 29 31 30 26 31 32 29 29 28 26 
54 43 26 19 22 36 102 131 121 102 112 92 116 164 143 127 139 134 110 144 147 132 145 163 152 119 133 164 169 129 111 152 165 147 91 49 60 64 66 67 99 153 131 105 121 123 130 127 121 116 137 145 95 67 91 117 113 59 50 50 49 50 53 53 
42 41 32 24 22 25 75 136 170 155 130 111 127 144 152 162 167 165 164 159 153 149 145 131 94 74 83 118 160 159 151 150 152 151 132 82 119 139 138 78 106 155 144 91 134 145 138 137 145 111 107 133 130 124 138 140 94 55 51 51 55 56 54 54 
43 45 45 36 29 26 43 105 164 173 139 153 176 158 149 141 157 172 159 151 172 145 101 91 102 94 132 157 161 149 164 159 155 151 141 152 163 163 154 121 132 140 121 127 151 126 98 137 151 150 132 122 130 106 78 67 54 53 54 54 56 53 52 53 
46 44 45 45 41 37 75 131 150 160 163 165 171 165 143 143 134 165 153 145 167 161 165 132 155 160 151 127 115 125 162 148 143 153 155 167 170 148 120 131 136 135 138 145 136 113 116 128 125 127 103 75 107 126 78 53 56 57 53 51 52 51 51 53 
48 48 50 48 47 84 149 167 170 169 169 151 157 160 157 166 160 149 173 170 137 164 173 106 124 162 143 120 159 173 144 127 142 156 158 159 143 79 113 135 137 134 159 168 166 144 131 130 137 141 121 74 65 116 105 59 59 56 50 50 53 55 55 54 
38 35 36 34 27 48 134 174 164 163 176 173 162 162 148 120 93 73 112 158 162 166 122 77 106 154 161 153 146 143 139 150 146 161 170 145 117 50 112 155 155 132 149 166 168 140 128 128 138 133 100 98 89 75 113 95 59 54 51 51 55 59 55 56 
28 20 28 30 19 50 127 137 96 114 134 128 135 167 153 93 77 99 135 162 165 169 144 141 168 167 164 151 103 124 144 138 112 166 178 153 141 72 86 139 155 147 147 147 142 115 119 149 147 148 160 164 140 111 146 137 65 54 54 54 58 58 58 58 
24 23 33 22 31 63 130 116 81 148 140 101 99 167 175 123 101 150 176 161 127 166 173 163 141 120 156 173 152 125 131 136 149 169 158 158 164 125 117 151 160 150 151 142 145 98 100 155 149 93 116 129 102 118 144 122 60 55 56 57 59 59 58 59 
18 20 27 15 61 143 132 125 80 111 167 157 130 170 153 97 106 144 131 100 85 98 128 102 61 63 105 162 154 123 114 131 157 158 132 126 156 148 143 147 152 145 154 155 158 146 133 153 133 60 71 124 144 142 136 106 82 71 62 59 59 56 54 53 
19 23 29 20 66 122 132 162 152 92 114 157 160 156 112 94 98 95 85 78 73 66 70 69 63 59 101 158 137 119 134 143 121 148 156 154 153 148 131 127 134 134 149 149 156 157 142 125 106 90 73 109 151 146 130 126 139 142 110 56 49 49 49 48 
18 23 23 25 83 146 156 164 162 137 141 161 156 174 153 114 139 128 86 77 85 131 94 56 66 65 78 141 104 88 112 104 77 102 156 154 108 123 147 140 140 154 153 139 155 155 127 77 130 156 148 139 152 138 124 78 89 91 73 50 50 49 49 49 
22 25 19 24 36 121 159 165 152 159 167 159 145 170 168 149 176 177 133 94 157 182 122 112 134 108 70 70 115 137 100 84 126 96 85 80 60 104 154 162 137 153 160 154 149 133 84 58 94 137 152 141 131 139 127 74 54 54 48 45 47 50 53 54 
28 26 25 27 48 144 164 172 172 167 164 130 99 132 155 157 139 153 168 155 172 150 89 104 156 174 146 125 170 173 95 88 166 154 93 66 80 144 150 128 91 129 144 154 143 139 135 108 101 143 145 139 131 145 126 122 128 130 86 51 50 50 51 53 
28 25 25 25 44 128 169 149 155 167 166 109 116 157 161 166 142 101 147 162 165 131 95 72 115 163 167 164 161 130 60 70 157 164 138 127 142 144 117 49 36 101 153 148 120 141 151 158 155 158 146 142 141 144 135 136 139 119 68 53 52 52 53 53 
62 45 32 28 37 86 121 131 138 152 163 153 150 154 116 140 173 157 168 157 161 173 158 128 149 169 167 160 158 145 131 131 151 160 162 174 175 144 76 40 36 75 151 125 111 126 130 123 131 137 135 134 126 139 124 83 66 54 52 53 54 54 53 54 
74 69 61 52 49 70 125 168 173 155 159 158 133 113 119 99 154 161 155 98 125 168 155 142 168 176 171 162 165 177 167 132 149 157 151 137 142 141 133 90 43 52 89 56 52 94 132 118 113 126 126 116 125 147 144 95 51 51 49 50 51 51 52 53 
67 61 58 60 61 61 84 127 149 142 172 160 157 165 173 118 128 148 161 134 160 172 110 109 153 165 177 170 116 144 163 95 146 168 141 62 71 108 145 151 97 66 58 43 54 109 140 124 112 133 137 140 133 123 150 122 51 48 48 49 49 48 47 39 
52 53 50 59 61 62 67 77 127 150 170 155 171 172 139 124 154 125 147 165 167 158 150 157 143 158 163 110 66 115 164 148 153 171 142 93 94 91 129 153 138 148 145 121 127 145 144 109 64 100 125 131 113 75 87 79 40 38 38 34 34 40 38 35 
52 52 56 61 61 62 67 93 149 160 171 169 170 174 124 89 145 173 173 166 173 172 127 132 161 159 148 120 97 79 137 174 160 156 160 161 155 141 142 144 143 153 160 146 134 120 84 64 100 121 89 108 132 133 74 31 27 18 12 12 32 39 37 36 
47 50 62 62 62 64 67 95 148 152 171 141 145 183 158 110 142 175 167 168 163 173 139 102 159 152 146 157 159 118 104 154 160 157 163 163 152 140 131 146 149 142 138 137 132 122 82 86 120 80 33 49 94 116 97 37 36 34 29 22 44 42 53 40 
30 45 63 63 64 64 66 75 85 82 105 121 156 170 155 146 157 164 159 168 150 164 137 144 170 126 79 105 147 172 170 162 156 154 133 110 134 146 151 164 165 150 145 116 131 150 157 120 58 30 28 38 49 47 45 49 44 36 50 70 59 61 68 32 
28 51 63 64 65 64 61 64 72 72 75 140 173 161 118 145 177 171 159 169 181 175 120 135 123 69 60 65 145 170 164 158 169 173 173 140 129 144 151 152 143 138 135 120 130 123 89 65 27 28 31 35 35 61 68 55 58 61 62 75 71 79 56 34 
46 59 63 63 64 59 57 63 69 71 74 135 146 134 142 119 130 147 157 148 162 168 127 92 74 62 65 122 160 163 157 164 158 162 178 162 125 145 165 143 95 117 114 98 69 43 30 27 25 23 28 44 50 66 86 75 69 72 73 81 70 74 69 69 
59 63 63 61 57 58 59 63 64 67 69 84 83 80 117 106 113 157 161 168 165 159 143 125 105 60 119 169 159 119 139 171 156 136 155 153 127 135 165 157 119 141 152 145 101 40 33 36 34 36 37 50 74 80 86 82 74 77 80 83 57 36 45 64 
57 60 58 56 55 58 60 58 51 57 67 70 71 71 66 58 79 167 156 170 182 151 110 129 148 109 136 164 144 102 129 175 168 99 138 151 156 163 151 136 126 109 113 134 136 102 109 115 83 31 23 34 51 64 77 51 64 84 59 67 61 42 72 85 
49 54 52 53 50 49 48 44 40 42 58 67 69 69 60 52 76 133 134 159 166 126 99 120 145 152 159 157 140 115 123 145 159 126 155 152 142 154 135 123 139 122 108 129 131 105 91 75 42 31 29 27 35 43 43 40 48 74 71 70 81 69 77 78 
48 57 51 60 43 26 30 36 42 43 46 60 63 65 66 71 68 61 59 103 122 77 149 170 156 129 156 153 121 127 139 106 104 140 169 153 151 144 69 84 145 135 61 95 128 85 33 33 33 31 30 32 35 35 36 36 37 43 71 73 76 72 72 73 
39 52 55 65 62 18 17 18 25 33 37 42 48 51 60 67 57 45 37 37 64 81 127 153 133 115 141 172 139 126 138 132 95 97 148 143 124 135 134 120 122 88 42 65 121 86 34 33 33 32 34 38 38 38 38 38 42 57 70 74 71 72 71 70 
39 45 47 56 62 18 15 17 18 18 20 23 33 41 53 61 49 42 33 37 42 40 56 73 81 110 118 117 131 118 131 118 143 122 140 145 111 117 135 147 135 121 124 108 73 43 33 33 33 35 38 39 41 41 41 50 65 71 76 75 71 75 74 71 
38 43 37 53 57 22 14 16 17 16 16 18 23 39 60 63 56 49 47 41 43 38 32 27 35 41 50 33 35 33 50 33 84 126 109 79 60 52 60 125 135 94 83 102 76 38 35 37 38 39 41 42 43 46 60 70 72 70 76 74 73 77 78 70 
35 38 31 46 62 28 11 14 14 16 17 18 21 42 67 65 59 52 49 40 39 38 36 31 27 25 25 26 26 23 24 21 20 47 68 56 53 48 51 106 135 62 37 37 42 42 42 42 40 42 41 41 46 65 72 72 74 70 72 73 74 77 72 64 
23 21 27 38 54 27 9 12 15 16 14 16 21 55 66 61 58 50 55 49 41 34 29 26 26 25 25 25 25 23 21 23 17 30 57 57 58 58 56 60 68 50 44 43 43 46 49 44 43 42 42 51 69 75 71 72 76 72 71 73 73 73 65 61 
19 13 17 35 60 36 13 17 19 18 17 15 36 60 59 54 46 53 60 59 48 32 26 26 25 26 25 25 24 22 21 25 20 38 64 60 59 58 57 55 55 58 54 53 53 54 49 47 48 48 54 72 75 70 72 73 76 75 71 74 73 68 67 71 
16 14 14 33 60 58 42 45 47 43 36 30 56 59 53 42 47 56 58 63 55 49 35 28 26 26 25 25 23 22 22 23 24 47 64 64 60 54 53 52 53 58 60 61 58 56 52 52 48 51 72 76 74 72 75 74 75 76 73 70 71 68 71 73 
24 15 16 36 61 72 71 67 66 64 70 76 74 55 44 43 52 57 56 63 61 56 54 42 27 24 23 23 23 22 22 22 29 50 55 56 54 56 55 55 58 56 55 58 62 58 54 50 50 67 77 76 76 76 78 77 74 76 76 70 67 68 67 67 
25 16 28 53 64 59 77 84 83 82 67 66 67 58 54 53 58 56 55 55 63 59 56 56 45 26 22 23 23 23 22 20 34 50 52 53 52 55 61 60 60 61 62 61 63 57 54 57 66 77 75 76 76 78 82 82 76 76 77 69 67 69 72 74 
34 51 70 74 69 42 81 100 94 82 65 65 63 57 55 56 62 59 56 51 56 62 57 55 56 51 35 25 24 22 17 17 45 54 55 54 53 54 59 65 64 63 65 67 61 59 62 65 76 78 76 79 79 78 82 82 81 75 72 69 72 74 77 78 
64 69 69 73 73 25 27 52 59 62 62 63 64 63 62 61 64 62 53 53 51 54 61 55 54 55 53 40 24 19 12 22 55 57 57 59 59 57 55 60 63 65 67 69 62 65 62 72 78 77 77 80 81 78 78 81 80 75 71 75 78 78 76 73 
66 67 69 77 75 25 11 28 37 49 57 60 64 64 65 65 67 63 57 57 47 45 58 60 56 54 52 51 44 29 14 31 64 61 59 63 64 60 57 56 60 66 68 69 65 60 66 80 76 76 76 79 80 78 76 80 79 71 70 71 71 73 76 81 
64 66 73 78 70 19 12 14 18 27 43 51 57 62 64 63 68 64 62 53 47 47 48 59 60 56 54 52 51 47 37 44 68 66 62 62 66 69 67 65 61 62 71 69 58 61 77 78 76 76 76 82 80 80 79 77 75 68 70 72 73 78 81 86 
64 72 75 77 57 15 13 13 13 17 28 54 54 54 57 60 68 65 61 50 49 49 46 52 62 59 56 53 52 52 51 52 72 73 68 65 65 72 76 76 75 76 76 66 62 72 82 78 77 77 75 80 82 80 82 79 74 73 75 75 77 79 82 81 
67 70 73 74 34 14 13 12 12 37 64 73 71 72 71 70 70 68 63 50 52 49 45 51 54 59 58 55 52 49 49 54 72 74 74 73 68 67 74 77 77 74 77 71 73 80 82 79 80 77 75 77 85 84 81 77 70 72 74 77 80 81 79 74 


20 33 41 41 34 29 25 28 33 42 51 39 12 14 15 13 14 16 17 21 32 38 43 49 49 47 52 54 52 52 50 47 46 45 41 41 40 34 35 37 35 32 27 26 52 25 59 64 21 15 12 14 13 17 21 20 17 21 20 18 21 21 20 19 
21 35 35 43 49 39 27 32 42 50 47 22 17 17 17 17 16 18 26 43 51 51 50 50 45 48 55 56 53 52 51 49 47 44 42 41 37 40 38 35 33 33 29 33 64 30 45 29 14 14 11 13 15 21 26 27 26 30 32 29 27 27 22 20 
20 28 31 40 44 34 27 38 48 47 30 17 19 19 20 21 28 38 46 51 53 49 47 40 46 52 55 55 55 53 54 53 52 49 54 38 37 46 38 36 37 31 20 26 35 23 19 14 12 15 16 23 29 35 36 38 40 43 48 50 48 47 42 29 
19 25 28 38 43 33 29 43 44 32 20 20 17 17 22 36 52 53 55 57 56 43 41 49 55 57 53 54 59 56 55 72 71 48 48 36 33 41 39 40 43 23 12 15 18 18 12 12 14 20 25 28 30 32 34 36 38 40 43 46 44 46 47 45 
21 24 28 36 39 32 31 38 27 24 23 18 10 13 36 54 55 54 56 57 51 42 46 58 57 49 50 50 50 50 51 70 51 35 42 40 37 38 37 43 40 15 8 7 9 16 15 16 19 22 25 27 28 29 32 32 34 35 39 41 42 44 39 41 
22 25 28 34 39 31 27 24 13 18 12 13 15 15 38 46 49 50 48 51 55 50 45 46 47 50 52 51 51 52 56 50 37 39 41 42 40 39 42 44 25 7 6 8 8 14 15 20 23 23 25 25 27 28 30 30 32 36 36 32 33 35 42 57 
24 27 28 31 37 30 22 18 16 18 11 13 19 17 26 39 51 50 48 47 50 44 42 39 35 35 40 43 51 61 53 41 42 43 42 43 41 46 46 35 21 7 5 6 8 15 12 19 22 24 28 31 30 30 30 30 32 33 30 33 37 41 52 59 
32 32 32 30 31 28 20 17 15 19 19 14 18 24 39 50 61 60 49 46 49 49 50 48 47 45 43 43 50 58 39 42 45 48 45 43 46 51 37 26 22 12 7 6 8 15 11 19 21 24 28 31 34 37 36 35 33 32 33 35 35 37 37 37 
36 38 36 32 33 26 20 14 11 15 20 17 21 35 45 48 58 57 51 52 52 52 50 49 50 48 45 46 50 54 47 46 50 49 48 44 44 48 30 23 20 15 9 8 11 14 11 21 24 26 30 34 33 35 37 39 39 36 32 29 28 29 33 35 
24 31 36 42 35 19 18 15 14 17 20 18 23 36 40 45 50 51 49 51 52 51 52 50 50 45 42 49 41 40 47 54 50 42 42 45 50 39 22 18 15 13 12 13 15 15 10 15 27 29 33 38 37 38 38 40 38 37 38 35 33 32 31 29 
20 22 29 39 33 23 22 24 17 19 28 24 23 38 43 49 50 51 49 53 53 50 47 45 45 40 44 47 42 47 58 56 45 41 38 43 41 28 21 15 9 9 9 9 10 11 6 9 25 31 34 37 40 39 36 39 40 33 39 39 35 36 36 35 
21 27 29 33 38 43 38 31 15 20 31 35 28 38 40 46 49 53 50 52 49 46 44 44 41 44 50 44 46 54 70 62 45 49 41 40 28 19 12 9 9 9 8 7 10 14 16 19 22 33 35 37 38 37 35 38 41 33 39 40 38 35 37 37 
25 30 24 32 48 50 42 32 19 24 22 23 26 25 40 48 51 53 54 53 53 50 45 43 48 48 54 51 49 54 72 59 45 49 46 20 16 16 17 20 25 22 12 10 16 16 20 19 19 25 35 36 36 37 35 36 40 33 34 41 41 36 34 39 
31 32 27 34 45 39 43 38 24 22 19 15 11 13 36 51 49 52 57 53 55 67 52 44 50 50 69 70 50 51 54 53 42 62 45 17 21 21 25 26 28 30 25 15 17 15 18 19 18 19 28 36 35 37 38 38 42 38 32 39 40 37 33 37 
33 31 20 21 23 37 47 43 26 22 20 13 9 12 43 54 53 56 58 53 60 72 82 64 52 76 88 99 68 52 47 49 55 105 87 25 22 21 26 27 29 28 25 14 16 14 18 21 20 18 16 25 35 34 36 38 41 41 35 37 41 39 34 33 
33 27 18 18 22 42 47 47 31 20 16 15 15 24 47 52 53 57 62 48 69 99 92 66 77 110 83 89 77 74 87 69 65 101 98 81 58 28 28 55 68 35 35 18 14 17 19 19 16 16 16 17 25 33 37 38 40 42 39 39 38 39 37 34 
32 22 18 16 25 46 49 50 41 24 18 15 19 25 46 50 53 66 94 51 63 106 102 87 94 87 80 78 81 95 92 80 85 99 100 111 114 80 76 112 111 63 79 51 17 24 41 40 19 17 23 38 23 17 26 34 39 40 42 41 37 36 37 36 
29 21 19 18 30 50 50 50 50 30 22 18 46 49 54 51 55 67 87 56 67 105 86 82 80 83 87 86 68 49 57 75 107 114 92 88 112 104 93 96 84 68 81 89 64 62 63 68 46 37 57 75 31 15 16 18 22 28 35 40 40 41 38 37 
37 38 28 21 30 53 51 49 53 40 25 25 40 87 95 68 79 88 90 72 83 95 79 97 97 102 87 86 64 39 36 46 115 129 91 98 116 99 100 84 73 87 78 69 66 73 81 67 56 56 71 76 31 14 13 16 16 16 15 18 25 33 38 38 
40 40 32 24 31 53 53 48 50 52 29 28 25 30 73 84 96 104 92 80 94 101 91 67 92 113 70 46 41 38 34 35 77 92 76 110 101 52 65 96 95 93 79 49 56 83 94 79 58 85 110 89 32 13 10 12 16 19 13 12 14 13 15 18 
36 27 23 21 26 48 56 46 49 52 39 29 40 31 60 87 89 81 90 90 89 104 96 80 91 89 58 43 38 36 31 35 42 44 42 46 36 29 52 71 79 75 61 59 76 94 92 87 75 86 84 41 15 13 12 13 13 13 13 17 17 13 10 9 
30 22 22 20 22 33 53 49 48 50 52 34 74 91 86 71 72 71 77 69 69 83 89 93 93 86 88 102 81 36 26 56 83 74 35 29 29 57 83 86 76 69 65 79 89 85 69 68 74 87 79 54 25 17 17 20 21 18 22 21 16 17 18 16 
29 33 25 17 20 26 59 78 69 54 67 44 60 97 87 72 82 75 70 86 90 82 87 95 84 63 82 105 105 72 61 87 98 84 53 19 27 40 44 44 62 81 61 43 50 49 53 63 63 71 89 90 54 43 58 76 73 38 32 31 32 33 35 38 
16 21 23 21 19 21 48 86 119 110 82 60 66 73 79 91 104 112 110 103 103 98 88 76 58 42 42 68 92 89 79 79 84 83 80 48 72 92 92 52 63 84 77 55 71 64 64 69 75 64 61 66 63 63 77 87 61 37 33 32 37 39 38 38 
17 18 19 21 24 23 35 67 115 126 93 95 102 84 67 79 101 118 105 100 119 98 68 56 63 61 79 97 91 83 95 95 87 82 78 88 98 103 101 79 84 81 62 65 78 60 53 73 77 80 67 60 64 54 49 44 34 34 35 37 40 38 36 34 
19 19 20 22 24 29 58 89 98 109 110 109 101 91 62 76 80 106 107 103 118 107 115 85 90 94 88 77 71 77 102 86 69 81 85 98 104 89 66 77 86 82 78 78 70 44 45 47 49 66 55 45 62 64 47 32 35 38 34 34 37 35 34 34 
19 19 20 23 25 56 100 119 122 114 110 94 87 79 76 91 93 96 124 119 93 108 122 62 70 88 78 66 96 106 75 59 71 84 83 86 85 48 59 77 76 76 100 109 106 81 57 53 64 69 66 48 43 63 61 38 42 40 32 30 35 38 39 40 
20 18 20 21 18 37 95 128 117 102 108 103 87 80 79 63 48 45 83 103 101 108 82 43 55 89 95 80 86 77 69 80 78 103 114 78 63 31 61 93 94 76 90 105 111 77 62 59 77 80 67 70 65 48 71 65 45 40 34 30 33 41 39 41 
27 19 24 24 16 37 90 91 56 70 82 78 83 95 88 52 46 58 93 104 103 108 94 90 101 94 89 80 55 51 68 73 67 113 126 94 87 46 39 74 90 81 84 85 75 57 64 90 91 98 115 122 102 74 100 97 47 38 36 33 37 41 41 39 
24 22 28 18 22 44 88 70 45 97 94 62 62 105 116 82 68 108 127 106 81 120 121 101 85 65 93 100 81 45 53 74 94 111 102 98 108 79 68 92 98 81 86 76 77 58 64 107 102 62 72 85 67 75 96 85 42 38 37 35 40 40 39 38 
17 19 24 13 42 95 83 77 46 73 111 101 82 109 102 60 66 97 88 52 35 61 82 56 36 28 66 100 86 53 53 79 108 102 78 70 97 89 84 86 86 74 81 87 96 92 81 107 93 38 43 82 99 91 89 69 57 50 39 36 36 34 30 30 
18 21 25 18 51 90 90 105 99 59 76 101 100 100 64 47 49 44 42 39 32 35 31 24 25 22 63 100 78 47 59 84 79 94 98 96 93 92 68 59 70 72 70 69 80 85 75 76 72 62 49 75 107 92 79 81 96 100 73 33 28 29 28 26 
17 21 19 21 61 110 113 119 107 87 92 98 88 110 98 61 80 75 55 52 58 95 59 26 27 20 39 89 57 38 55 61 38 60 102 97 61 74 87 75 73 88 82 69 82 82 67 38 87 118 119 106 101 77 79 51 59 59 46 28 30 31 32 32 
19 22 15 20 30 89 117 117 99 87 96 95 86 108 107 87 123 135 98 66 117 138 86 63 80 62 36 38 68 84 61 47 69 57 50 37 24 60 92 96 68 85 90 81 77 67 41 23 52 95 114 105 76 75 82 46 34 35 29 26 27 32 38 40 
22 17 15 18 33 99 113 116 108 95 94 80 67 87 101 99 91 112 119 105 120 102 49 52 97 111 88 74 107 115 57 52 100 94 45 23 39 84 86 70 48 71 79 83 78 72 76 65 64 97 98 96 78 76 65 70 80 83 58 37 36 34 32 33 
19 15 15 15 29 90 120 97 102 111 108 74 81 104 107 107 93 70 102 108 111 80 41 26 62 101 97 97 95 80 29 42 89 93 71 70 79 76 64 29 25 61 90 79 68 87 93 100 102 114 90 82 83 78 70 75 88 80 46 38 39 39 40 38 
26 18 17 18 27 62 88 87 91 108 100 95 88 100 73 95 118 100 111 103 109 119 100 71 91 106 99 95 91 87 69 71 84 87 87 106 112 86 39 19 21 39 91 71 68 86 88 76 80 83 75 80 74 79 65 52 45 39 37 39 38 38 39 40 
38 23 16 20 37 55 85 110 118 108 105 96 85 82 84 62 94 96 96 56 80 107 90 78 104 110 104 101 102 113 101 64 79 82 81 83 87 80 65 46 21 23 46 31 31 62 86 65 58 70 71 70 75 85 86 61 34 34 35 35 37 35 35 39 
36 26 18 26 47 51 61 88 103 102 115 100 109 121 128 72 76 93 99 80 97 108 60 64 88 98 116 110 70 92 105 47 79 97 80 26 30 55 73 82 49 32 30 25 34 67 89 71 59 79 81 80 76 72 96 81 35 30 31 32 33 33 29 23 
22 22 21 44 52 51 57 58 89 102 116 97 120 120 100 85 108 85 92 101 97 89 80 95 75 82 94 60 29 68 112 97 92 108 85 45 43 36 59 72 66 76 82 72 66 80 87 68 40 62 74 79 65 46 57 51 25 23 23 24 24 22 18 18 
17 18 35 53 51 50 54 71 104 106 116 109 116 121 90 64 94 109 106 99 103 107 79 79 92 87 76 63 46 37 90 118 106 96 101 107 96 65 61 54 57 79 93 74 59 68 50 40 59 72 53 66 83 89 51 18 15 10 8 9 20 21 19 20 
14 24 53 54 51 53 56 73 103 105 119 97 101 133 113 66 83 108 105 107 111 117 92 65 92 86 78 87 88 65 67 102 107 97 106 111 89 66 65 65 71 80 73 66 64 70 53 50 71 49 23 31 63 80 64 18 16 15 12 12 19 21 28 23 
19 37 56 54 53 53 55 59 65 63 74 77 102 115 102 91 100 104 102 108 103 111 86 90 105 76 45 60 88 109 113 104 105 97 80 60 75 87 87 89 88 80 76 60 76 91 100 74 35 19 21 24 26 22 22 22 18 14 22 37 28 29 38 17 
24 45 53 54 56 54 49 49 56 56 61 97 113 103 80 96 123 110 97 112 127 114 70 82 75 39 26 36 94 111 106 102 120 113 112 73 67 86 89 83 73 70 67 56 73 74 57 43 16 15 18 20 18 30 33 21 20 25 25 31 30 39 26 13 
42 53 54 53 51 48 47 51 53 56 60 96 101 92 99 81 88 84 94 98 113 110 73 55 37 30 40 83 111 105 102 107 108 104 117 99 65 90 109 82 37 52 48 49 43 30 21 19 16 13 16 21 20 27 39 32 26 32 31 35 30 37 32 30 
56 57 53 49 43 48 48 56 50 49 54 65 62 56 81 69 79 107 106 113 115 103 87 68 54 38 78 113 108 74 89 110 95 73 92 91 72 84 110 97 52 67 82 79 58 26 20 25 24 24 20 23 30 31 38 38 32 33 38 37 24 13 17 27 
56 54 46 43 43 51 52 52 45 45 51 55 55 50 50 48 60 113 91 114 137 104 70 84 95 72 92 110 94 45 77 118 113 56 78 88 87 98 87 64 48 57 59 69 73 55 60 70 54 19 13 19 23 26 33 25 27 33 21 27 23 14 27 32 
48 46 40 43 43 45 46 43 40 40 46 50 51 48 48 44 57 83 77 103 120 87 69 87 99 103 102 104 87 57 65 86 103 70 91 89 80 92 81 64 67 64 53 64 65 50 50 45 23 14 13 13 17 20 20 19 21 30 28 28 38 30 33 31 
45 49 46 62 45 24 30 35 40 42 43 48 44 44 48 56 54 45 43 69 79 52 101 116 104 90 101 98 65 61 68 46 62 83 105 97 99 100 45 44 76 74 31 53 72 48 16 14 14 14 14 15 15 15 15 15 15 17 28 25 26 27 26 26 
36 47 54 69 72 17 15 16 23 31 37 39 34 33 44 52 43 32 24 22 43 54 84 96 82 79 101 118 90 63 68 73 54 59 92 93 83 92 93 79 77 52 24 36 72 50 16 14 14 13 14 17 16 16 16 16 16 17 23 24 23 24 27 28 
34 40 46 59 73 19 12 14 15 15 18 21 25 30 38 45 35 26 20 25 29 30 41 49 55 78 80 80 88 68 77 68 89 76 90 96 74 83 94 102 94 81 85 76 46 21 14 14 14 17 18 17 18 18 17 17 18 21 22 22 24 25 27 28 
33 40 36 55 64 22 12 13 14 13 13 15 19 28 41 44 37 26 29 31 34 31 28 24 28 33 36 22 23 20 35 24 55 85 72 53 38 32 38 90 95 63 57 72 48 16 14 16 18 19 18 19 20 21 21 21 18 19 22 23 26 28 28 27 
30 35 28 48 68 29 9 12 11 13 14 15 18 29 44 40 34 32 31 28 31 32 30 24 17 14 15 15 15 12 16 19 11 31 49 41 37 30 28 73 93 37 17 18 19 18 18 18 18 20 22 20 20 23 27 24 21 23 27 26 28 28 29 27 
18 18 21 36 59 27 8 10 13 13 12 13 16 37 38 33 39 33 33 33 30 24 19 16 15 14 13 12 12 10 10 19 10 17 40 41 43 44 39 38 42 27 21 20 19 21 23 20 21 20 19 21 27 28 29 26 26 26 28 28 29 31 31 24 
17 12 14 33 63 38 11 14 14 15 15 12 24 34 34 37 34 43 46 44 35 21 17 15 15 15 13 12 11 10 10 18 16 25 47 43 41 43 42 36 34 36 30 28 27 30 24 21 23 22 22 30 32 30 28 26 26 26 28 30 31 34 26 23 
14 12 11 31 59 55 38 36 36 34 29 25 35 38 39 31 38 50 50 48 40 37 25 18 16 16 13 12 12 11 11 14 20 32 46 47 41 34 34 30 29 36 34 34 32 31 25 26 25 24 28 36 30 33 28 30 31 28 29 31 35 31 28 30 
20 13 14 33 60 69 65 58 56 55 53 53 53 42 35 32 43 51 49 52 47 43 45 34 17 13 11 12 11 12 12 12 21 29 34 34 30 32 30 30 33 31 27 29 35 33 31 26 23 28 36 37 34 37 31 31 32 33 35 38 37 31 30 26 
20 12 16 34 45 51 70 72 70 64 47 50 53 47 43 44 52 53 50 48 49 47 48 49 39 17 12 13 11 13 13 10 19 23 28 28 24 28 36 34 37 38 36 32 37 34 29 32 33 33 37 34 36 39 35 34 33 34 38 41 33 30 31 30 
16 18 28 32 41 39 67 74 68 59 52 54 50 44 41 46 58 55 52 42 46 49 48 46 48 45 28 16 14 14 11 11 24 24 31 28 23 25 32 40 43 40 41 45 38 34 38 40 36 35 38 33 35 39 38 36 35 37 42 35 30 33 35 36 
21 26 32 29 37 19 22 41 45 53 55 55 57 53 50 52 59 58 47 47 43 42 50 47 46 48 45 33 18 15 9 14 28 28 30 32 31 31 29 36 40 42 46 49 39 43 40 35 36 33 37 38 37 37 37 36 37 42 39 34 33 39 40 35 
31 34 31 37 44 20 9 25 30 39 49 54 59 59 58 59 62 61 50 51 39 33 45 49 47 44 43 42 36 25 11 20 36 30 30 37 38 33 28 28 36 42 46 47 46 39 33 36 34 33 37 37 38 36 35 39 39 42 35 36 34 31 31 33 
33 31 38 43 46 16 9 13 16 23 34 40 50 55 56 56 63 59 55 46 38 37 37 46 49 47 46 44 42 39 31 29 41 38 33 34 41 43 41 40 37 36 49 48 39 35 32 38 34 34 39 41 41 40 38 42 44 37 31 31 32 35 39 42 
28 37 39 43 42 13 13 12 10 15 22 35 37 40 46 51 60 58 53 42 41 40 37 41 48 49 47 46 46 46 45 39 46 48 42 38 40 50 59 63 62 61 58 47 40 39 35 40 39 37 39 44 41 39 39 42 44 35 34 36 38 41 45 46 
32 40 40 42 25 12 12 11 11 29 50 58 54 56 57 57 58 56 54 40 44 41 36 42 44 47 48 47 45 43 43 44 49 51 49 45 43 47 57 61 63 60 61 55 51 41 36 46 45 36 36 41 38 38 39 46 38 34 36 38 42 44 43 36 