


32 34 37 39 41 42 44 46 48 50 52 55 57 59 62 63 65 66 65 64 70 79 82 82 83 85 91 96 95 94 85 76 66 56 52 53 46 44 48 50 54 51 48 44 41 41 56 89 114 119 120 117 89 56 42 37 35 35 33 32 32 34 34 36 
22 24 26 28 30 31 33 35 37 39 43 47 51 53 57 60 64 64 63 63 70 80 86 87 88 88 91 95 96 95 90 84 84 79 66 56 49 45 50 51 54 53 45 39 41 44 46 47 67 103 119 118 118 112 80 49 39 37 37 37 36 34 34 34 
13 14 16 19 21 22 24 26 28 29 33 39 43 47 50 54 58 59 60 62 68 77 86 91 92 90 88 87 89 93 90 82 77 81 88 80 61 51 54 53 56 53 41 41 48 49 45 46 46 55 79 112 123 124 123 105 69 47 42 40 38 40 39 36 
11 12 13 14 16 17 18 18 19 21 25 31 36 39 42 46 49 51 54 61 64 68 75 83 87 85 79 77 79 86 89 82 74 67 74 90 91 74 61 56 54 54 43 46 52 51 50 48 47 52 48 62 99 121 125 125 119 88 53 46 45 42 37 35 
12 12 13 15 16 16 15 15 15 16 19 24 28 32 35 37 40 41 49 58 59 58 61 68 74 76 75 76 80 88 94 89 77 65 58 67 86 98 89 73 62 57 51 52 56 53 47 48 55 57 50 50 58 82 115 128 125 123 99 61 48 41 37 35 
12 13 13 15 16 16 15 15 16 17 20 23 25 27 29 30 31 31 42 55 56 53 54 59 63 72 82 90 98 102 102 94 80 67 58 57 63 77 93 98 86 66 53 60 58 52 53 59 62 53 51 52 55 53 68 108 126 127 124 110 71 45 40 39 
14 16 16 17 17 18 19 19 19 21 23 24 25 25 25 25 26 26 38 52 54 52 53 57 63 78 92 103 111 110 105 95 80 67 58 56 56 60 67 80 94 90 72 66 56 56 63 62 59 58 57 54 53 53 56 61 96 126 126 124 119 83 48 42 
19 20 21 22 23 24 25 25 25 26 26 28 28 28 27 25 24 25 37 53 56 55 55 56 61 75 87 96 104 107 105 95 80 67 58 57 56 58 61 62 69 82 90 82 62 66 64 62 61 62 61 55 57 59 56 52 57 91 124 128 124 122 93 54 
25 27 29 30 31 32 32 32 33 33 32 32 30 28 27 25 24 24 35 52 56 57 56 61 65 71 76 82 92 99 101 94 79 65 57 56 56 58 60 61 67 79 96 104 83 70 66 60 60 59 54 60 61 57 51 50 52 55 83 123 127 126 121 92 
31 33 34 37 38 38 38 38 38 37 35 34 32 29 26 25 25 25 34 48 53 57 63 74 83 89 89 89 92 97 99 92 76 61 55 55 56 58 60 63 77 95 110 119 109 79 64 61 61 59 60 64 55 51 51 54 55 52 54 83 124 128 124 121 
35 37 38 39 41 41 43 42 41 39 37 36 32 28 25 25 25 26 34 44 50 56 67 80 93 104 106 106 105 105 101 90 74 59 54 55 55 58 64 75 93 109 119 122 121 92 64 65 64 67 66 59 54 52 54 58 55 56 53 54 89 127 130 126 
36 38 39 41 42 43 42 43 41 41 38 36 33 29 25 24 26 27 32 42 54 64 73 82 89 95 101 106 108 108 101 88 72 59 55 55 58 67 83 99 112 121 124 122 121 103 67 67 67 76 66 60 53 54 57 58 62 59 55 59 58 101 130 128 
36 37 38 40 41 41 42 42 42 40 37 36 34 30 26 25 27 28 33 47 65 81 91 92 86 81 86 99 109 110 102 88 72 61 60 63 75 91 108 119 125 125 125 123 123 120 91 75 76 73 60 58 59 62 62 65 67 61 60 60 56 62 111 130 
36 37 37 39 40 40 41 42 41 40 37 36 33 31 28 27 28 31 43 58 77 98 107 106 96 86 86 100 111 112 100 86 71 68 76 92 109 123 132 135 135 134 133 131 131 131 125 100 84 74 61 60 66 65 66 65 64 61 57 53 55 54 68 116 
36 36 37 38 39 39 40 41 40 40 38 37 36 33 31 29 32 44 62 75 89 105 113 114 109 101 104 112 114 108 95 85 87 100 117 133 146 153 155 154 152 150 147 142 139 138 137 131 105 77 68 71 73 70 70 63 60 57 54 59 59 55 53 73 
35 36 36 37 46 69 60 49 42 39 38 38 36 33 32 35 46 65 83 93 103 113 119 122 122 119 119 117 111 106 104 114 130 147 159 166 171 174 175 172 169 165 160 154 147 143 139 134 125 91 72 74 71 67 72 63 60 58 56 59 55 55 55 54 
35 36 37 37 85 140 125 117 95 68 52 42 38 35 35 45 66 86 102 111 117 122 124 129 136 136 129 122 122 129 139 153 165 176 181 182 184 185 186 184 182 179 173 163 156 155 151 144 132 106 82 78 72 67 68 64 58 59 59 58 56 57 54 55 
37 38 39 39 83 143 136 129 126 123 121 103 69 45 43 62 84 103 116 123 124 121 121 128 136 137 134 138 148 160 169 172 176 183 187 188 189 191 191 190 188 186 180 171 170 171 172 171 156 129 95 81 72 72 69 61 60 62 62 62 61 57 53 54 
46 47 49 49 61 137 143 134 131 133 130 137 139 122 99 91 103 117 128 129 121 114 114 123 134 143 151 162 171 174 172 173 177 183 187 191 193 195 194 193 191 187 181 176 179 184 184 181 171 150 106 91 77 75 67 61 59 62 65 65 58 56 55 53 
61 61 62 62 62 100 149 141 138 142 127 137 145 144 158 149 144 142 137 131 125 127 129 134 149 157 167 174 176 173 171 173 176 181 185 190 193 194 191 189 186 181 177 174 181 187 184 183 175 156 121 111 85 72 65 65 66 66 66 66 60 57 57 52 
73 74 74 74 75 78 126 153 146 142 135 144 147 145 150 154 153 165 167 158 171 180 178 175 176 174 172 168 169 170 170 171 172 172 175 177 177 180 179 178 178 176 173 172 177 183 184 187 180 168 137 114 95 77 73 68 68 69 63 63 58 59 54 50 
81 83 83 83 84 84 92 144 155 148 145 149 150 149 145 146 149 164 179 192 198 196 192 190 188 186 177 169 164 165 167 169 166 162 161 162 164 169 174 178 181 183 186 184 175 171 176 184 183 173 152 119 101 75 72 70 69 67 61 61 59 57 54 51 
83 85 86 85 87 86 85 103 155 156 153 154 152 157 155 164 173 177 186 192 193 192 191 191 196 199 194 183 172 168 165 165 164 162 158 159 163 165 170 178 183 189 193 191 185 174 168 177 182 176 159 128 111 82 73 68 67 64 62 60 58 54 52 51 
80 82 83 84 84 84 83 82 126 169 159 158 158 171 174 182 188 190 192 192 192 191 184 175 182 203 204 196 187 178 171 161 158 163 161 155 160 165 170 174 181 187 191 187 186 188 184 172 180 183 171 131 102 87 75 72 69 69 66 61 59 57 52 51 
77 78 78 79 80 79 78 75 100 178 183 172 179 189 197 200 200 198 196 197 199 191 166 110 121 170 201 206 200 193 183 166 152 156 157 151 157 163 168 171 177 189 194 193 191 188 182 167 163 177 179 143 111 92 75 74 72 68 69 62 56 56 52 50 
70 72 72 73 74 73 72 69 94 178 200 198 199 202 207 207 203 200 203 203 201 192 144 52 46 86 147 201 213 205 193 177 161 159 154 153 154 160 165 168 174 185 195 197 192 192 190 185 171 161 163 149 116 102 79 76 73 69 70 61 57 55 54 53 
63 64 65 66 66 65 66 64 89 176 205 208 209 214 213 211 204 201 202 199 192 186 154 65 24 36 113 186 218 211 202 192 183 175 165 162 156 156 158 162 169 176 183 188 189 189 195 197 192 174 157 133 109 97 77 76 75 72 67 64 63 63 57 54 
56 57 57 58 60 60 60 70 142 201 213 217 219 221 219 216 214 212 214 209 198 187 174 103 40 66 122 186 218 219 209 201 191 187 179 168 158 151 151 158 166 171 174 177 184 188 194 198 188 171 153 124 92 81 79 74 70 71 67 66 62 60 56 54 
45 46 48 48 50 50 51 93 185 211 219 224 225 225 222 220 219 217 213 205 195 186 179 171 138 116 139 184 210 214 211 204 198 193 184 168 158 146 147 155 162 169 172 173 181 191 195 191 184 166 147 124 88 103 92 77 71 65 63 62 58 57 53 51 
37 38 39 39 41 41 49 131 204 216 224 228 229 227 226 224 222 221 217 211 203 196 188 185 191 193 187 193 199 200 198 197 193 191 189 174 160 143 144 153 158 167 172 174 179 190 197 189 179 161 167 130 94 141 116 75 69 64 63 62 58 58 52 50 
31 33 33 34 35 34 62 171 213 220 223 227 228 228 229 230 229 225 220 216 213 213 210 205 202 198 194 191 192 190 185 176 167 162 171 172 158 142 134 148 154 162 171 174 177 190 193 184 175 171 192 136 95 134 132 80 66 62 60 59 57 57 51 49 
26 27 27 28 29 30 78 186 214 221 221 221 222 223 224 223 223 221 216 213 211 211 210 210 208 202 191 199 202 199 195 186 178 167 147 142 146 136 121 137 149 157 168 173 177 188 191 183 178 174 190 144 101 128 146 94 68 63 62 59 59 57 53 48 
24 24 25 26 27 43 139 204 214 218 218 221 223 223 221 219 216 213 206 198 191 188 185 186 187 187 185 189 192 189 187 182 175 165 144 116 114 111 113 136 145 152 165 172 176 187 197 190 177 173 187 156 122 145 150 114 72 66 60 56 55 54 52 49 
26 25 24 24 27 89 192 211 212 211 211 216 219 217 215 212 214 208 197 185 176 171 170 176 179 181 178 174 172 173 163 158 154 141 123 128 123 106 118 134 137 144 160 169 177 188 196 192 177 178 188 158 141 150 152 139 87 67 60 57 55 55 53 51 
26 25 23 22 32 129 214 221 208 202 205 211 213 211 208 204 200 195 188 183 170 135 111 111 130 160 184 189 187 179 173 162 150 157 158 146 130 113 122 135 139 141 155 172 183 192 193 190 180 188 184 147 135 145 152 153 114 70 60 57 55 54 52 52 
26 25 24 25 80 184 212 207 193 187 194 202 205 202 201 202 202 197 191 168 91 38 64 86 133 177 203 208 202 196 188 182 177 167 148 141 122 108 127 135 135 140 164 186 190 192 193 188 180 192 186 137 145 148 152 156 141 89 62 57 57 53 53 52 
28 28 36 88 164 183 176 168 162 164 180 189 195 196 195 201 203 197 177 100 42 24 34 92 155 204 219 211 202 192 180 175 166 157 143 134 120 115 130 132 140 145 171 195 196 192 188 182 181 190 182 140 146 153 152 152 151 118 71 58 55 51 52 49 
28 36 109 164 161 154 146 145 142 156 172 178 185 189 190 194 194 185 160 53 25 26 49 120 187 215 214 203 198 186 171 169 166 149 140 125 118 124 137 152 175 182 181 193 196 191 184 176 182 190 160 130 125 136 151 153 151 142 94 59 54 52 49 49 
73 115 148 151 156 142 145 151 152 159 163 171 177 182 184 187 186 179 164 104 103 120 152 185 203 210 202 193 181 171 163 156 158 143 135 125 129 142 158 179 192 194 186 191 192 188 180 173 177 187 147 108 104 106 150 154 150 125 81 59 53 49 46 49 
143 149 149 149 143 128 147 156 151 144 155 167 174 179 183 188 186 181 177 174 191 194 193 196 198 194 189 178 156 143 146 140 138 137 141 143 149 161 180 192 197 191 189 186 184 184 180 173 167 177 156 109 89 84 135 154 143 90 61 57 53 52 50 48 
139 142 141 133 132 132 147 160 156 143 141 151 174 184 190 192 191 190 190 190 192 190 186 186 182 175 175 159 133 126 130 147 153 153 155 151 163 182 190 192 193 190 190 184 177 182 180 172 156 169 148 113 83 69 109 149 129 76 60 55 54 53 49 48 
127 130 139 137 143 150 159 166 160 159 167 166 175 195 200 199 198 196 190 184 187 185 180 175 170 164 157 147 134 139 158 167 164 159 157 161 179 190 193 193 191 188 185 180 175 178 180 172 155 159 151 127 78 63 114 144 105 70 63 73 94 87 55 48 
99 104 112 118 124 128 132 144 151 161 160 158 166 188 195 197 196 193 187 180 181 176 171 166 165 167 162 156 147 161 167 163 166 157 163 177 186 187 191 188 186 182 180 176 173 177 180 172 162 153 140 142 111 79 132 135 77 68 92 129 133 104 61 48 
73 73 74 75 76 77 78 86 97 109 120 133 145 163 183 187 183 183 182 180 173 168 169 171 176 176 169 156 153 161 163 166 163 161 179 184 187 188 188 182 183 176 175 174 173 178 180 171 163 146 121 147 147 119 142 120 65 62 75 113 107 64 51 48 
89 90 89 90 91 92 93 95 101 111 122 134 143 150 158 163 165 182 185 178 172 177 182 182 184 175 166 158 159 165 167 163 164 176 185 185 185 184 177 179 179 173 167 171 175 178 175 169 160 134 114 150 153 150 136 96 62 57 58 63 63 57 50 50 
99 100 100 100 100 101 102 103 107 115 123 133 142 148 151 154 157 164 168 170 176 182 180 180 177 168 163 162 163 158 162 170 175 180 182 181 181 174 171 174 170 170 166 171 176 173 169 168 158 121 116 132 144 135 91 68 56 56 56 52 51 52 47 47 
105 106 106 106 106 107 108 109 111 117 124 132 141 147 149 153 155 157 157 159 164 167 169 169 167 165 163 161 163 163 173 176 175 175 177 175 172 166 163 163 161 161 167 172 171 165 163 166 152 121 121 96 114 91 68 61 56 56 54 52 48 48 46 44 
107 108 108 108 109 109 110 111 113 117 124 131 139 145 148 152 154 153 152 150 151 156 163 168 169 171 171 173 176 174 180 177 172 174 172 168 162 159 156 157 161 165 170 171 168 163 163 163 144 140 118 84 78 73 65 58 77 98 87 55 47 44 45 44 
107 108 109 109 109 110 111 111 112 115 122 128 137 145 148 151 154 151 146 141 138 143 152 160 165 169 173 176 177 176 178 172 167 168 166 159 156 155 156 161 167 170 171 167 167 166 164 150 122 140 102 86 76 73 64 54 96 139 124 71 49 51 53 49 
108 109 109 110 111 111 111 111 112 115 120 127 135 142 147 151 152 149 144 136 128 126 133 143 154 161 167 169 168 167 166 163 160 157 157 156 156 158 161 167 173 171 168 163 161 160 157 125 117 119 83 94 83 77 69 58 82 129 111 66 74 104 108 91 
108 109 110 110 111 112 112 112 112 115 119 125 132 139 145 148 150 147 142 133 124 116 114 122 136 149 157 161 162 163 162 159 156 156 156 156 158 162 165 169 172 171 166 161 156 150 139 103 122 98 66 81 81 77 69 61 72 92 62 57 97 116 120 108 
108 109 109 109 111 111 112 112 112 114 118 123 129 136 142 146 148 146 139 129 120 112 106 108 118 131 143 152 158 161 162 160 158 159 159 158 161 167 169 168 167 163 158 156 151 137 108 87 94 95 63 73 86 83 66 60 56 58 50 52 57 60 79 102 
107 109 109 110 111 112 112 113 112 114 116 120 126 133 140 145 147 145 137 126 115 108 102 99 102 111 123 137 148 156 161 162 161 160 162 161 162 168 170 165 160 157 152 148 141 112 99 86 67 70 59 53 67 75 59 55 53 52 48 46 43 42 44 50 
107 108 109 110 111 111 111 112 112 113 114 118 125 131 138 144 146 143 134 124 112 104 98 95 95 99 105 115 127 140 156 162 162 163 164 164 162 163 163 160 157 154 152 145 131 96 100 116 65 64 94 91 59 55 55 53 48 46 45 43 40 38 37 45 
105 106 108 109 110 111 110 112 112 112 112 116 122 128 134 141 144 142 134 122 107 94 87 88 92 96 99 101 106 115 137 152 158 162 164 166 165 160 158 158 157 154 152 144 114 81 99 115 68 67 84 119 72 57 59 50 46 41 40 41 40 40 51 86 
104 105 107 108 109 109 110 111 111 111 111 113 119 124 131 137 141 140 133 120 99 83 79 85 94 98 98 97 94 90 101 118 135 147 153 155 159 156 153 158 159 153 147 123 79 73 80 85 80 83 82 119 76 54 54 50 45 42 46 54 60 61 92 109 
104 104 106 107 108 108 109 110 110 110 109 111 117 121 127 134 139 140 134 119 96 83 84 93 98 96 93 88 81 75 78 92 111 125 128 131 137 138 140 147 150 142 123 96 78 69 66 76 77 82 71 97 78 55 48 46 45 54 94 110 109 108 109 107 
101 102 103 105 106 107 107 108 108 108 107 108 113 117 123 130 136 138 133 121 103 91 93 97 95 89 81 73 68 75 86 96 101 103 101 107 111 110 113 120 129 114 89 126 88 56 64 104 110 80 50 55 81 101 69 49 49 77 115 114 112 112 107 102 
100 101 102 103 105 106 106 107 106 106 104 105 109 113 120 127 134 136 133 124 110 97 94 92 85 76 67 60 59 65 72 73 71 74 83 95 101 103 109 124 117 100 109 142 92 56 55 106 122 66 45 45 82 116 73 48 49 64 98 111 114 111 100 73 
97 98 99 101 103 104 105 105 105 104 101 101 104 109 116 123 130 134 132 124 111 95 85 77 69 62 58 57 59 59 61 68 82 99 110 116 117 121 133 129 107 89 102 136 80 51 50 57 99 79 47 58 99 114 72 42 45 53 91 93 87 94 81 47 
95 97 98 100 101 101 103 103 102 102 99 97 99 104 112 120 127 131 129 122 105 85 73 65 60 57 57 58 62 74 91 108 120 126 127 126 130 136 130 112 96 64 70 100 65 49 47 48 69 102 76 79 78 66 48 37 36 54 82 81 60 66 76 61 
93 95 96 98 99 100 100 100 100 100 99 94 94 100 107 116 124 128 128 119 102 80 68 63 60 58 60 71 92 112 125 128 128 128 129 131 135 128 115 107 90 65 60 57 57 47 43 44 46 64 65 48 48 38 37 35 34 36 36 42 45 53 80 84 
89 92 94 95 96 98 98 98 97 97 96 91 90 95 102 111 120 125 127 120 102 82 72 67 61 65 84 108 124 129 128 127 128 128 128 134 132 125 115 76 72 61 67 56 50 42 37 39 44 44 56 53 47 35 34 31 31 30 29 34 47 50 75 84 
88 90 90 92 94 95 95 95 94 94 92 88 86 90 97 106 116 122 124 120 105 84 69 64 66 87 113 125 126 124 124 127 127 124 128 131 122 127 106 85 58 50 61 57 54 49 48 52 45 45 46 45 37 34 29 27 29 31 36 52 73 64 63 77 


27 29 32 34 36 37 39 41 42 44 45 48 50 52 54 55 56 56 55 56 61 68 71 73 79 86 93 99 98 97 90 81 73 65 61 62 56 54 58 61 64 61 60 55 52 53 66 93 115 119 119 114 89 61 50 46 44 44 41 41 39 40 41 40 
17 18 21 23 25 26 28 30 32 34 37 40 44 46 49 51 54 55 55 55 60 68 72 75 79 85 91 96 97 96 92 86 86 84 73 65 59 56 60 61 63 63 57 51 52 54 57 59 74 104 118 117 116 108 80 56 47 45 45 45 44 41 40 40 
8 9 10 11 13 15 17 19 20 23 27 31 35 40 43 46 48 49 50 53 58 66 71 77 80 83 87 89 90 94 91 83 77 82 90 85 70 61 64 62 64 63 53 53 59 61 57 57 58 65 84 112 120 121 119 100 70 54 50 47 44 46 46 44 
6 6 7 7 8 8 9 9 10 13 17 23 27 31 34 37 40 41 44 52 57 61 66 72 76 75 76 78 82 89 91 84 74 67 73 90 93 79 70 65 63 63 54 57 63 63 61 59 58 63 58 71 101 119 121 119 112 85 58 53 53 50 44 42 
6 6 7 7 7 7 7 7 6 7 9 13 17 20 24 26 29 30 38 49 53 56 60 64 69 71 73 78 84 91 96 90 78 64 55 64 84 97 93 79 70 65 61 62 67 64 58 59 65 67 61 60 65 86 115 124 120 117 95 66 56 48 46 44 
6 6 7 7 7 7 7 7 7 8 9 11 13 15 17 18 20 20 33 47 52 54 57 62 65 74 83 92 100 105 104 95 80 64 52 52 59 74 91 97 89 73 63 68 68 64 64 70 72 63 62 63 65 62 75 108 122 121 119 105 71 54 49 47 
7 7 7 8 8 8 9 8 9 10 11 12 13 13 14 14 14 15 29 46 51 53 58 63 69 81 94 104 111 111 107 95 79 63 51 49 50 54 62 76 91 90 78 74 66 66 72 72 69 69 68 66 64 63 65 68 98 122 122 119 113 83 54 50 
9 10 11 12 11 12 12 12 13 14 14 16 16 16 16 15 15 14 28 47 52 55 59 64 69 78 88 97 105 108 106 95 79 63 51 49 49 52 54 56 64 79 91 86 71 72 73 72 71 72 72 67 68 69 66 63 65 93 121 123 119 116 89 58 
13 15 16 17 17 18 19 19 19 19 20 21 20 18 17 15 15 14 27 45 53 57 61 67 72 76 80 86 94 100 101 92 76 59 50 49 50 52 53 55 62 77 95 105 88 78 76 71 71 68 64 71 72 67 61 61 63 65 87 120 123 120 114 88 
18 20 21 22 23 24 24 24 23 24 24 23 22 20 18 16 15 15 26 42 50 57 66 78 85 91 92 92 94 97 96 88 72 56 49 49 50 52 54 59 75 94 110 120 112 86 73 71 71 71 71 74 67 63 62 65 66 63 64 87 121 123 119 115 
20 22 23 24 25 25 26 26 26 26 26 25 24 22 19 18 17 16 24 37 46 57 69 82 93 103 105 106 105 104 98 87 70 53 48 48 49 52 58 73 92 109 120 125 123 96 73 75 74 76 76 71 66 62 65 70 66 67 65 64 92 123 125 122 
22 23 24 26 26 26 27 27 27 28 27 27 25 23 20 17 16 16 21 34 49 62 74 83 90 96 101 106 109 108 101 85 67 53 48 49 52 62 78 97 112 122 125 125 124 107 76 77 75 83 75 70 65 65 68 69 73 70 66 69 67 101 126 125 
21 22 24 25 26 26 27 27 27 27 28 28 27 24 21 18 17 16 22 38 58 76 88 91 88 86 91 102 110 110 102 86 68 54 52 57 70 88 105 117 124 126 126 125 126 123 98 82 81 80 69 69 70 73 73 76 79 72 71 70 66 70 111 126 
20 21 22 24 25 25 26 27 27 27 29 29 28 26 23 21 19 21 34 50 70 90 100 102 96 89 91 101 110 110 98 81 66 59 68 86 103 118 129 133 134 134 133 131 132 134 129 104 89 80 71 72 76 76 76 77 77 73 68 63 66 63 74 115 
21 21 22 23 24 24 24 26 27 28 29 29 29 27 25 22 24 36 54 67 82 98 107 110 107 101 105 110 110 104 90 79 80 92 108 125 137 147 150 149 149 149 148 144 140 141 140 136 110 83 77 81 82 79 79 75 72 70 66 71 70 65 62 78 
21 21 21 22 32 56 44 36 30 28 30 30 30 29 26 28 40 57 74 84 94 106 114 117 118 115 115 112 105 99 97 104 119 136 148 156 161 165 166 165 164 162 160 154 148 145 141 138 128 95 80 83 81 76 81 74 72 70 68 70 66 65 65 64 
22 22 22 22 71 123 106 98 78 54 43 35 32 31 30 41 59 77 92 101 108 114 118 124 130 129 123 115 115 119 128 140 152 163 170 172 174 175 176 175 173 172 169 161 154 151 146 140 131 108 87 85 80 77 79 74 68 69 70 69 66 68 65 65 
25 25 25 25 70 128 119 110 104 100 101 90 63 41 40 56 76 94 106 112 115 113 116 123 130 131 129 130 138 147 153 156 162 170 175 177 179 181 181 181 179 177 173 165 163 164 163 163 152 129 99 87 80 81 79 71 71 72 73 73 73 68 65 64 
35 36 36 35 49 123 127 116 112 114 106 114 121 111 92 82 93 106 117 119 113 108 110 118 128 137 145 152 159 158 154 154 160 168 173 178 182 185 184 184 181 177 171 166 170 174 174 171 165 149 108 95 84 83 76 72 71 73 77 77 71 67 67 62 
49 49 49 49 49 87 135 125 120 125 103 113 123 123 140 131 129 130 127 121 116 120 122 126 140 148 158 162 161 156 150 150 154 161 167 174 178 179 177 175 172 168 164 163 171 177 175 175 171 156 123 111 90 80 75 77 78 78 78 78 72 68 67 63 
60 60 61 61 61 63 113 139 129 123 114 126 127 124 129 131 130 147 153 147 163 171 167 163 163 161 157 151 152 154 152 150 149 149 152 156 159 162 163 163 162 161 160 161 168 174 174 179 174 166 139 114 99 85 82 79 80 80 74 74 70 70 66 62 
67 68 68 69 69 69 77 131 141 132 125 132 132 131 124 126 129 146 164 182 190 188 184 181 178 174 164 152 146 147 151 151 149 142 140 141 143 151 158 165 168 170 173 173 164 161 166 175 176 168 153 120 104 84 82 81 81 78 73 73 71 68 66 63 
70 70 71 71 71 71 70 89 141 140 135 136 134 142 139 150 160 164 174 182 184 184 183 182 186 190 183 171 158 152 148 147 148 145 140 137 140 144 151 161 169 178 181 179 172 164 158 168 175 171 158 129 112 89 82 80 78 75 74 72 69 66 64 63 
67 68 68 69 69 69 68 68 115 154 141 140 142 158 163 171 178 180 184 184 183 182 173 161 167 193 195 186 176 165 157 145 138 142 144 137 140 143 147 154 165 174 178 174 172 175 171 161 171 176 168 131 104 94 84 82 81 80 77 72 70 69 64 63 
64 64 65 65 65 65 64 62 91 170 168 156 166 180 189 194 193 190 189 190 191 184 156 94 103 158 193 198 193 184 172 154 132 134 136 135 139 141 145 148 158 174 182 182 178 173 165 152 152 169 174 141 110 96 84 83 82 79 80 72 67 68 64 62 
58 59 60 60 59 60 59 57 86 175 194 189 189 196 202 202 197 194 198 196 193 184 133 45 41 81 137 193 207 198 183 165 145 140 134 136 138 141 143 143 150 165 179 183 179 177 175 171 157 149 155 146 115 104 87 85 83 81 81 73 69 67 66 65 
53 54 54 55 54 55 55 54 82 174 203 204 204 210 210 206 200 196 197 193 185 177 143 57 20 35 106 177 214 205 193 181 167 160 150 146 139 137 136 137 142 150 161 169 173 173 179 184 179 162 147 126 109 101 86 85 84 82 79 76 73 74 69 66 
47 48 49 49 50 51 51 62 138 199 212 216 217 220 218 214 210 208 209 203 191 177 163 94 35 62 113 176 213 214 202 190 177 171 165 153 141 132 130 134 138 142 146 153 166 171 178 185 178 162 142 116 95 88 88 84 80 82 79 78 73 72 68 66 
40 41 41 42 43 43 44 88 182 211 220 224 226 225 221 219 218 215 210 199 187 175 166 159 126 103 125 171 202 208 204 194 186 179 170 154 143 128 126 132 135 139 142 146 159 173 179 179 173 156 133 118 92 106 96 85 81 77 75 73 70 69 65 63 
33 33 34 34 35 36 45 128 203 217 226 231 231 228 226 224 221 220 216 207 198 189 177 173 180 183 176 182 189 190 187 185 180 178 176 158 144 127 125 131 132 138 141 144 154 172 183 178 166 147 153 124 96 138 115 83 80 75 74 74 70 70 64 62 
27 28 28 29 29 29 59 170 214 222 226 229 230 229 229 230 229 225 219 214 211 210 204 198 194 188 182 179 179 176 170 159 149 141 152 156 142 127 117 128 130 134 141 145 152 171 180 171 159 153 180 131 97 132 131 88 77 74 72 71 70 68 63 62 
21 22 23 23 24 25 76 185 214 223 222 222 223 224 225 223 222 220 214 209 206 206 206 205 203 195 181 191 194 189 183 170 158 142 118 116 128 120 105 120 130 132 140 145 152 170 179 170 160 156 178 139 101 127 144 99 79 76 74 71 71 68 65 62 
19 19 20 21 21 40 138 204 215 219 219 221 224 223 221 220 217 212 203 194 186 183 183 184 185 184 179 182 185 181 176 167 155 141 114 84 93 95 93 120 130 131 138 145 152 167 181 177 160 156 177 152 120 142 147 115 82 78 73 70 69 67 63 61 
21 20 19 19 22 87 191 213 213 211 211 216 220 218 215 212 214 207 194 181 170 166 168 174 178 179 176 171 169 168 156 145 138 120 102 111 107 89 99 120 125 127 136 145 156 171 181 179 162 165 180 153 137 146 148 138 93 78 73 69 67 68 66 62 
21 21 18 17 28 127 213 223 207 199 202 211 213 211 207 202 197 191 183 177 161 125 103 105 121 151 181 188 186 178 171 158 145 151 152 139 120 99 107 125 128 125 135 153 166 177 179 177 166 178 177 144 133 144 151 152 115 80 71 68 66 66 64 63 
21 20 19 21 77 180 208 201 184 177 189 200 204 201 200 201 201 195 186 159 81 34 63 82 123 169 202 207 201 195 187 181 176 166 145 136 113 97 116 125 122 123 146 175 179 180 181 175 166 182 179 135 143 146 149 153 139 94 72 69 69 65 65 64 
23 22 31 85 158 173 161 151 146 152 172 185 193 194 193 200 202 194 172 95 40 22 35 91 145 199 217 210 200 190 180 175 165 156 141 129 112 105 120 119 127 130 158 187 188 182 179 171 169 181 173 136 142 149 149 149 148 118 79 69 67 63 63 61 
23 32 103 153 146 137 127 128 129 145 164 173 181 187 188 193 194 184 157 51 23 25 51 116 179 211 213 202 197 185 170 169 165 146 137 120 110 113 127 141 165 173 169 184 188 183 174 165 171 182 155 127 126 135 149 151 151 141 98 69 66 65 62 61 
66 105 133 135 140 121 127 137 140 150 155 165 172 179 182 186 185 179 162 101 100 118 146 179 198 208 201 192 179 169 161 155 157 141 132 119 119 131 148 171 186 187 178 182 185 180 171 162 165 179 145 109 108 110 149 152 149 124 88 71 66 62 60 61 
131 135 133 130 119 100 127 141 136 131 144 159 168 175 182 187 186 182 178 174 189 192 190 192 195 191 185 174 153 142 145 139 138 137 141 139 142 152 172 186 190 185 181 178 176 177 171 163 157 172 154 111 96 91 134 151 140 95 73 68 66 64 61 60 
126 127 124 107 105 105 125 143 139 125 125 135 166 180 189 193 191 191 190 190 193 190 185 184 181 174 173 158 129 122 128 149 156 156 153 145 156 174 182 186 189 185 183 176 170 174 173 164 146 163 147 114 91 79 112 147 128 84 72 66 66 65 60 59 
110 112 120 115 121 128 139 150 142 140 147 146 165 192 200 200 199 197 190 185 188 186 181 175 169 164 157 148 132 134 157 168 165 159 153 155 174 184 187 188 186 184 181 173 167 170 172 165 146 154 149 125 87 75 118 143 107 78 73 80 98 91 64 59 
88 92 99 103 111 114 114 125 133 145 145 145 156 183 195 197 196 194 187 181 182 177 172 166 166 168 162 156 144 157 164 163 165 155 159 172 182 183 187 183 181 177 175 170 166 170 173 167 154 148 135 128 105 86 133 133 83 78 98 130 132 105 69 60 
64 63 63 63 64 65 66 72 83 96 108 121 134 155 180 186 182 183 184 181 174 169 170 173 177 175 167 155 151 159 161 165 162 160 176 180 183 184 183 179 178 171 171 169 168 174 175 167 157 140 114 127 125 110 140 119 73 72 82 115 107 71 61 61 
76 76 76 75 76 77 77 80 87 97 110 122 132 140 150 156 160 180 186 179 172 178 183 183 183 173 164 155 156 163 163 161 163 175 183 181 181 180 172 174 175 168 163 168 172 175 170 164 157 132 107 129 129 135 134 100 73 68 68 73 73 68 63 61 
84 85 85 85 84 85 86 87 91 100 110 121 130 137 141 144 149 158 166 170 175 180 179 178 172 164 160 158 158 156 161 168 173 178 181 179 177 170 167 171 166 167 163 169 173 169 166 165 156 122 110 117 134 133 96 77 68 68 68 65 63 63 59 59 
91 91 91 91 90 91 91 92 95 102 110 121 129 136 140 142 144 146 148 153 160 165 168 166 164 162 160 160 163 163 172 174 173 173 176 174 170 164 161 162 160 160 165 170 169 163 162 166 151 121 120 98 116 98 79 72 68 66 64 64 59 60 58 56 
92 92 92 93 94 94 94 94 96 102 110 119 127 134 139 141 142 141 136 136 141 152 162 167 170 172 171 173 176 174 179 176 171 172 170 167 161 159 156 158 161 165 168 169 167 163 162 162 144 138 119 89 86 85 78 70 86 101 89 66 58 56 56 54 
93 93 93 94 94 95 94 94 96 101 107 116 126 134 139 141 142 138 128 119 118 129 145 157 164 169 173 176 176 174 177 172 167 168 166 159 157 156 157 162 168 169 169 166 166 166 164 151 124 140 105 91 85 83 76 66 101 138 123 77 60 60 63 58 
93 93 93 94 94 94 95 95 95 99 106 113 122 131 137 139 140 135 125 112 99 101 115 133 150 161 167 169 167 167 166 163 161 158 157 158 157 159 162 168 173 171 167 163 161 160 157 127 119 122 90 99 89 85 80 69 87 129 112 73 82 108 109 94 
93 93 94 94 95 95 95 95 95 98 103 110 118 127 134 137 138 132 122 107 91 83 86 102 125 145 156 161 163 164 162 160 157 157 157 157 159 162 165 169 171 171 166 161 157 150 140 106 124 103 75 88 88 84 78 72 79 95 71 65 100 117 120 107 
92 93 94 94 95 94 95 95 95 97 101 107 115 124 131 136 137 131 119 103 87 78 73 80 98 120 138 151 158 162 163 162 161 161 160 159 162 168 170 168 167 163 158 156 152 137 111 93 100 99 74 82 93 89 75 71 66 68 61 63 66 68 83 104 
92 93 94 95 95 95 95 96 95 97 99 105 112 121 129 135 136 130 117 98 82 73 69 69 75 91 111 130 146 156 162 164 163 163 164 162 163 168 170 165 160 157 152 148 142 115 104 93 78 81 70 63 76 83 69 67 64 63 60 57 55 53 53 57 
91 93 93 93 94 94 95 95 95 96 97 103 110 119 126 133 135 129 116 96 79 70 67 67 67 72 84 101 118 137 154 163 163 164 165 164 163 162 163 160 157 154 152 145 132 102 106 120 75 76 100 96 69 66 67 64 59 57 56 54 51 48 47 54 
91 92 92 93 93 94 94 95 95 95 96 101 107 115 123 130 133 128 115 96 77 68 66 66 66 67 72 78 88 104 131 151 158 162 164 165 165 161 159 159 157 154 152 144 116 89 104 116 75 76 91 121 79 68 71 61 58 52 51 51 50 50 59 90 
90 91 91 91 92 92 93 94 94 94 94 99 105 111 119 126 130 128 116 97 76 66 64 64 66 69 70 72 74 77 95 118 136 148 153 155 159 156 154 159 160 154 147 125 86 82 89 90 86 89 88 121 83 64 65 61 57 53 55 60 64 66 91 106 
88 89 90 90 91 91 92 93 93 93 93 96 102 108 116 124 129 128 117 99 77 65 64 65 67 67 68 68 67 69 79 96 114 126 129 132 138 139 141 147 150 142 125 101 86 81 77 83 84 89 78 102 85 64 59 57 55 63 94 104 102 101 100 98 
87 87 88 89 89 90 90 91 91 92 91 92 97 104 112 120 126 126 118 102 80 66 65 67 68 68 67 65 67 78 90 100 105 107 106 112 115 114 116 122 128 115 92 122 93 69 74 110 114 88 62 66 88 105 76 60 60 80 107 105 103 102 98 96 
86 86 86 87 88 89 89 90 89 90 88 88 93 100 109 117 124 126 120 104 83 68 66 68 68 67 67 66 67 74 80 81 80 82 90 99 103 105 111 123 118 104 109 134 95 68 65 110 124 74 56 58 88 117 80 56 57 68 94 103 105 101 93 71 
83 84 85 86 87 87 88 88 88 88 85 85 89 95 103 112 120 124 119 104 85 70 68 69 68 68 68 68 70 70 72 78 88 101 110 115 116 121 131 128 109 94 103 129 86 64 62 67 104 87 59 68 103 115 76 50 52 61 93 91 84 90 79 49 
81 83 83 84 84 85 86 86 86 86 84 82 85 91 99 108 117 121 118 106 89 75 73 71 69 69 69 70 73 82 95 109 118 122 123 123 128 134 129 113 99 74 77 100 74 61 60 59 76 107 82 86 83 72 56 47 46 61 86 83 64 67 74 61 
80 81 82 82 83 84 84 84 84 84 83 80 81 87 95 104 114 119 119 110 96 81 75 73 71 70 71 80 96 112 122 125 124 125 126 129 134 127 116 109 95 74 70 68 68 60 56 55 56 71 72 58 57 47 46 45 43 43 43 47 50 55 78 79 
77 78 80 81 82 82 83 83 83 82 81 78 77 83 90 100 110 116 117 111 99 85 80 76 72 74 89 109 122 126 125 125 126 127 128 134 132 125 117 84 80 71 76 67 61 53 48 49 55 54 65 62 56 45 43 39 39 36 35 39 50 53 73 79 
76 77 78 78 80 81 81 81 82 80 79 76 75 79 87 96 106 113 116 112 101 87 78 74 75 92 113 124 124 123 123 126 126 123 128 132 123 128 108 91 70 63 70 67 66 60 58 62 56 56 56 55 47 44 39 35 37 38 44 58 77 67 63 75 


23 25 26 27 29 29 31 32 34 34 37 39 40 41 43 44 45 45 43 44 51 60 64 68 75 85 95 101 102 101 94 85 75 66 62 64 58 56 59 62 65 62 60 57 54 55 68 93 112 115 114 109 84 58 49 45 43 41 39 41 39 40 39 37 
15 15 17 19 20 22 23 24 25 27 31 33 34 36 39 42 44 45 44 45 51 60 65 69 76 83 91 98 100 100 95 89 89 86 75 66 61 57 61 62 64 64 59 54 54 56 59 59 74 102 114 113 111 101 74 54 46 43 45 44 43 39 38 39 
7 8 9 11 12 13 15 16 18 19 22 26 29 32 33 36 39 40 40 43 49 58 65 72 77 80 84 89 94 98 95 86 79 84 92 86 72 63 65 64 65 63 56 56 61 62 58 57 58 65 84 108 115 115 109 92 66 51 48 46 44 44 43 42 
5 6 7 7 8 9 9 10 11 12 15 19 23 26 26 29 32 33 36 44 49 55 62 69 73 73 74 79 85 94 96 89 78 70 75 92 95 81 71 67 65 64 56 60 64 63 62 61 59 62 59 71 98 115 113 110 102 77 56 52 51 47 42 42 
6 6 7 8 8 8 7 7 7 8 10 13 16 18 19 21 24 25 32 43 48 52 56 62 66 69 73 80 88 96 101 95 83 69 59 67 85 98 93 81 71 67 63 64 67 64 60 60 65 66 60 60 64 84 110 117 113 107 86 63 55 47 44 43 
6 6 7 8 8 8 8 8 8 9 11 12 13 15 16 16 17 17 28 42 48 50 55 61 65 76 85 94 104 109 109 100 85 70 57 55 62 77 92 97 89 74 65 70 69 63 65 71 73 64 63 62 64 62 74 104 116 113 111 97 67 52 48 46 
7 8 8 8 9 9 9 9 10 10 11 12 13 13 13 13 13 14 24 40 46 50 57 63 69 84 96 105 114 116 111 100 83 67 55 52 55 58 66 78 91 91 79 75 67 66 72 71 70 68 67 65 64 62 65 66 95 115 114 111 103 76 52 49 
10 9 11 11 11 12 12 12 12 14 14 15 15 15 14 14 14 13 23 41 48 52 58 64 68 80 90 99 107 112 110 99 83 66 54 52 54 56 58 60 67 80 92 87 71 73 73 72 71 71 71 67 67 68 65 62 65 91 116 116 111 106 81 55 
12 13 14 15 15 15 16 16 16 17 17 17 16 16 15 14 14 13 22 41 48 53 59 67 72 76 81 86 94 100 101 93 79 63 54 53 55 55 57 59 66 81 99 108 88 77 77 73 72 70 64 70 71 66 61 62 63 63 85 115 116 112 105 80 
16 16 17 18 18 18 18 17 19 20 20 19 18 18 16 15 14 14 23 37 46 54 65 76 85 90 90 90 91 95 95 88 74 60 53 53 54 56 58 63 78 97 115 125 114 85 74 72 73 72 71 73 67 63 62 66 67 63 64 84 115 114 111 105 
17 18 18 19 19 19 20 20 20 21 21 21 19 19 16 16 15 15 21 32 42 53 66 79 91 100 103 104 105 105 99 88 73 57 52 53 53 56 63 77 96 113 125 130 128 98 74 76 75 76 74 72 67 63 66 70 66 66 64 63 89 116 116 113 
18 19 19 19 19 19 21 20 20 21 22 22 20 20 17 16 16 15 18 29 44 57 69 79 87 93 100 105 111 112 105 89 71 57 52 53 56 66 83 102 116 126 130 129 128 110 77 77 76 81 74 72 67 66 69 69 72 69 65 68 65 97 117 115 
18 18 18 18 19 19 20 20 20 21 22 23 21 21 18 16 16 16 18 32 52 68 80 84 82 84 91 102 112 113 106 91 71 58 56 60 72 90 107 120 128 129 130 130 131 128 99 81 80 80 70 70 71 72 72 75 77 71 70 69 64 68 105 117 
18 18 18 19 19 18 19 20 20 21 23 23 23 23 20 18 17 18 29 44 62 80 91 94 90 87 90 100 111 112 101 86 70 62 69 84 101 115 126 132 134 134 135 136 137 140 135 107 88 80 72 72 74 74 75 75 75 72 68 62 65 61 70 108 
18 18 18 18 18 19 19 20 20 22 23 24 24 24 22 20 21 31 48 61 73 87 97 102 100 96 99 106 108 104 91 80 78 88 102 118 130 139 143 144 146 147 149 147 145 146 148 141 110 82 78 80 81 78 78 74 72 70 66 70 69 64 60 76 
18 18 18 19 26 48 37 29 24 22 24 25 24 24 23 24 35 51 66 76 85 96 105 111 110 109 109 106 100 96 91 97 110 126 136 144 151 156 157 157 158 158 160 157 152 149 145 143 132 93 79 82 80 76 80 74 72 71 69 70 65 65 65 63 
17 18 19 19 64 108 90 82 67 45 36 29 27 27 27 36 53 70 82 91 98 105 111 118 123 123 117 109 108 111 117 127 137 148 156 158 162 165 167 167 165 165 165 160 153 146 140 135 130 108 85 83 80 76 77 73 69 70 71 70 67 68 64 65 
18 19 19 19 61 115 108 96 89 86 89 82 59 37 36 51 68 83 94 100 104 105 109 117 124 126 122 122 128 133 136 136 143 153 160 163 166 170 171 170 169 168 166 160 156 155 154 154 146 129 97 86 80 80 77 71 72 72 72 74 71 67 63 63 
25 26 25 25 38 113 116 103 97 101 92 101 114 105 88 75 84 93 102 105 102 99 104 111 120 129 135 142 145 139 130 128 136 147 156 163 168 172 171 169 168 166 161 158 161 164 165 163 158 148 109 95 83 81 75 72 72 73 76 77 70 66 65 61 
34 35 34 34 35 75 128 115 107 115 91 102 115 117 136 123 121 120 113 107 105 110 112 116 129 137 146 148 144 133 121 118 123 133 143 153 160 162 158 156 154 152 150 152 161 168 166 168 164 155 125 109 88 78 75 76 76 76 76 77 72 68 66 62 
43 43 43 44 43 46 102 132 121 114 106 120 119 117 123 123 123 142 145 138 154 162 154 149 148 144 138 130 131 134 127 120 117 116 121 128 135 141 143 143 144 144 144 148 158 165 166 170 166 163 140 112 95 84 80 78 79 79 75 76 71 70 65 62 
49 49 49 49 49 49 60 123 136 125 119 128 127 126 119 121 124 139 158 177 184 184 179 173 167 162 147 131 120 122 128 129 126 115 106 105 112 125 137 147 152 154 159 160 152 149 157 166 167 163 153 118 100 82 81 80 81 77 74 75 72 69 66 63 
51 52 52 51 51 51 50 73 136 135 131 132 129 140 136 148 157 157 167 177 179 179 177 173 176 180 174 157 140 130 125 122 124 122 113 104 106 111 123 139 152 162 167 164 157 150 149 160 168 167 158 128 107 87 80 79 79 74 73 73 71 67 64 63 
48 49 50 49 50 50 50 50 105 150 136 136 138 157 161 169 175 175 178 179 178 177 164 149 154 186 189 178 166 150 139 123 108 112 119 109 109 107 113 125 141 156 163 157 153 158 157 150 163 170 165 129 99 90 82 80 79 79 76 72 69 68 63 63 
47 47 47 47 47 47 48 47 80 170 165 152 163 178 187 191 190 186 184 185 188 179 147 81 89 152 188 191 185 172 160 138 104 99 105 110 112 109 110 114 130 155 167 166 161 154 142 133 139 160 169 138 105 92 81 80 81 77 78 71 67 67 64 61 
45 45 44 44 44 45 45 45 77 178 195 187 187 194 200 199 194 191 195 194 191 181 125 35 30 67 130 188 202 189 172 149 121 111 103 109 112 112 109 105 115 137 158 165 160 159 158 153 140 135 146 141 109 100 84 83 82 80 79 72 68 67 66 64 
42 42 41 42 42 43 43 45 74 176 206 202 201 207 207 203 196 192 194 191 182 172 134 47 17 31 93 174 211 197 182 167 148 139 128 122 113 109 102 97 100 111 129 142 150 152 159 166 163 146 133 118 103 96 84 83 83 81 77 75 73 72 68 66 
39 39 38 39 40 42 42 54 134 201 213 214 215 217 216 211 207 204 206 200 187 172 157 85 27 48 101 172 209 209 193 178 161 155 149 134 116 104 98 96 95 98 104 117 139 148 156 168 161 146 125 104 89 85 86 82 79 79 77 78 73 71 67 64 
33 33 33 34 35 36 37 82 182 215 224 225 225 222 218 215 213 211 205 193 179 164 154 149 114 91 119 164 197 202 197 184 172 164 155 135 121 102 95 98 93 93 96 105 127 151 159 163 156 139 112 106 88 103 93 83 79 75 75 74 70 69 65 63 
27 28 28 28 29 30 39 124 205 221 231 235 233 228 225 222 218 215 212 203 192 180 166 161 171 176 170 177 184 184 180 177 169 164 162 140 124 103 95 98 93 92 94 100 117 148 164 162 150 125 131 114 92 131 111 80 78 75 75 74 71 70 64 62 
22 23 23 23 24 23 53 168 217 226 229 231 231 230 229 229 228 222 214 210 207 206 200 192 188 182 176 174 173 170 163 152 140 130 137 137 123 106 94 99 96 91 95 100 113 146 163 154 138 129 164 123 92 126 125 86 77 74 72 72 70 69 64 63 
17 17 17 18 20 21 72 185 219 227 224 223 225 225 226 224 221 216 209 203 200 202 202 202 200 192 180 190 194 189 182 170 157 137 106 95 111 103 86 95 101 94 95 100 113 143 160 151 136 130 164 131 96 122 138 96 78 75 73 72 73 69 66 63 
15 16 16 17 18 36 136 207 219 222 220 223 225 225 223 222 218 210 200 189 180 180 183 186 188 186 182 185 187 184 179 168 156 138 109 76 83 84 79 103 111 102 96 102 115 139 161 159 136 130 165 146 115 136 141 111 80 78 73 70 69 68 65 62 
17 15 15 15 19 84 192 216 216 213 211 217 222 220 217 213 216 208 194 179 168 165 169 177 182 183 180 177 174 173 160 149 139 119 100 107 99 78 84 108 111 103 98 106 122 145 159 162 142 146 170 147 131 141 142 132 91 77 72 70 67 69 67 63 
17 16 14 14 24 124 215 227 209 198 202 213 216 214 210 204 198 191 182 175 157 119 100 107 124 155 185 191 189 184 177 163 149 155 151 134 111 88 94 115 116 103 103 123 142 156 160 159 147 163 169 138 129 141 146 146 111 78 72 69 67 66 65 64 
17 17 15 17 74 179 206 200 182 176 189 203 208 205 204 205 205 197 186 156 75 29 54 77 124 168 203 207 202 198 190 184 179 168 145 133 106 88 106 115 106 102 123 159 163 162 164 158 148 169 171 129 139 143 145 147 133 91 73 70 70 65 65 64 
18 18 28 83 155 169 157 148 145 151 172 187 196 198 196 205 207 196 173 93 37 20 33 78 142 196 215 209 200 191 182 177 168 156 139 125 105 95 107 104 110 111 140 175 175 168 163 155 152 168 164 130 139 146 144 144 143 113 78 70 67 63 63 61 
19 27 100 149 141 132 125 129 130 148 164 173 183 189 192 198 199 189 159 49 20 23 46 110 176 208 210 200 197 185 171 171 167 144 133 113 100 99 112 127 153 160 151 169 177 171 159 148 156 171 146 123 122 132 145 148 147 136 95 70 67 65 62 61 
62 101 130 129 135 118 125 137 140 151 157 166 175 182 185 192 192 186 166 101 95 114 143 176 195 204 199 190 177 167 158 154 155 137 128 110 107 115 134 159 175 177 164 169 173 169 158 145 149 169 140 106 105 107 146 149 144 121 88 71 66 63 61 62 
126 130 129 125 116 97 124 140 136 133 148 162 172 179 185 193 192 188 185 179 192 194 190 190 193 189 183 171 150 138 143 136 136 137 138 133 130 137 159 176 182 174 170 167 164 167 160 149 140 162 149 109 94 90 132 147 136 94 73 69 66 65 63 62 
124 125 120 104 104 104 124 143 139 128 131 140 169 185 195 199 197 196 196 196 198 193 187 185 180 172 171 154 125 117 125 150 159 158 149 136 145 165 172 177 181 176 174 167 157 164 163 152 130 154 142 113 89 78 111 144 125 84 73 68 67 66 62 61 
108 112 122 118 123 132 141 150 141 142 150 147 166 196 204 204 204 202 195 190 192 190 183 176 169 165 157 147 128 130 154 169 164 156 146 146 167 178 179 179 180 178 174 165 156 160 164 156 130 144 143 120 85 75 118 140 105 79 75 83 99 91 65 61 
81 86 93 97 104 105 103 115 125 140 138 135 148 181 197 200 199 198 191 185 186 180 174 169 169 171 164 155 139 153 160 160 163 150 153 167 177 177 181 176 175 173 170 164 157 161 165 158 141 136 128 119 100 85 131 128 83 78 97 128 128 102 69 60 
47 47 47 47 47 48 49 55 66 81 93 107 121 146 179 187 182 186 189 186 178 173 175 177 181 177 167 151 147 155 157 162 158 156 173 177 179 179 179 174 173 165 167 165 162 166 169 159 146 130 108 118 116 106 136 114 74 72 81 112 103 71 63 62 
55 56 55 54 55 55 56 58 66 79 93 105 116 126 139 149 154 181 189 182 174 182 187 185 183 171 161 152 152 158 160 157 161 173 181 178 178 176 168 171 171 163 159 164 166 169 164 159 150 125 102 120 120 128 129 96 73 70 69 73 73 69 64 62 
60 60 60 60 59 60 61 62 67 78 92 104 115 123 126 128 136 152 164 170 176 181 178 176 170 161 156 154 154 151 158 166 170 177 179 176 174 166 164 167 163 163 158 165 169 165 161 160 152 119 107 110 129 129 94 76 68 69 69 65 63 64 59 59 
64 64 64 64 64 64 65 66 69 78 90 103 113 121 124 126 128 132 138 148 159 165 168 166 164 162 159 158 163 165 172 173 172 172 174 171 168 161 158 160 157 158 163 167 165 159 159 163 147 119 118 98 114 95 79 72 69 67 65 64 60 61 58 56 
66 66 66 65 65 65 66 66 69 76 87 99 110 120 124 125 126 125 123 127 136 150 163 171 174 176 176 177 179 175 181 178 173 174 172 167 161 160 156 159 162 165 169 169 164 160 160 161 141 136 118 91 87 85 78 71 88 102 88 66 60 57 57 55 
66 67 66 65 66 66 66 66 68 75 85 96 108 119 124 126 127 122 115 110 111 125 143 159 167 172 175 179 178 175 177 173 169 170 168 161 158 158 159 164 170 169 168 164 164 164 162 148 122 138 106 94 87 84 77 67 103 137 119 76 62 62 63 60 
66 67 67 66 65 66 67 67 67 72 80 91 103 115 122 125 126 120 113 102 94 96 111 131 149 163 169 171 168 169 169 166 164 161 160 161 160 162 165 169 173 172 167 162 160 159 155 124 118 120 91 101 91 87 82 71 88 127 110 74 84 107 106 93 
66 66 66 66 66 66 67 67 67 69 77 86 98 111 119 123 125 118 110 98 87 80 83 100 125 146 158 163 165 168 167 165 162 162 162 162 163 166 168 170 171 169 165 161 157 151 140 104 122 101 76 89 90 87 81 74 80 95 71 67 101 114 116 104 
66 66 65 65 66 66 65 66 66 69 74 84 95 107 117 123 124 118 108 94 84 76 71 79 97 120 139 153 162 167 168 168 167 166 165 164 167 173 173 171 168 163 159 157 151 137 110 91 98 98 75 84 95 92 78 73 67 70 63 64 67 68 82 102 
65 65 65 66 66 66 66 67 66 67 72 79 91 104 114 122 123 117 107 92 78 71 67 68 75 90 111 133 150 161 167 169 169 168 169 167 168 172 172 167 162 158 154 150 143 114 103 94 78 81 72 66 78 85 71 69 66 65 61 59 56 54 55 58 
65 65 65 65 66 66 65 65 65 66 69 77 88 101 111 120 122 116 104 88 75 69 67 66 66 71 83 101 120 139 158 167 167 168 170 170 168 167 166 162 159 156 154 146 131 100 106 120 76 77 102 98 71 68 68 65 61 59 58 56 53 50 49 56 
64 64 64 65 65 65 64 65 65 65 68 74 84 97 108 116 119 115 103 88 73 66 65 65 65 66 71 78 88 105 133 153 160 165 167 168 169 165 163 162 159 156 154 145 114 87 103 116 77 78 92 121 80 70 72 63 59 54 53 54 52 52 61 93 
61 62 63 63 64 64 63 64 64 65 67 73 83 94 104 114 119 115 104 89 73 64 64 64 65 68 70 73 74 78 97 120 139 150 155 157 161 158 157 161 161 156 149 125 85 83 89 92 90 91 91 123 85 66 68 63 59 55 57 60 61 64 87 101 
61 61 61 62 62 63 62 63 64 64 67 72 81 91 102 113 118 116 106 92 74 64 64 65 66 66 68 69 68 72 83 101 119 131 134 137 142 142 145 150 152 143 124 99 85 81 78 86 87 92 81 103 85 66 61 59 57 64 87 92 88 87 85 87 
60 60 60 60 61 61 61 62 63 65 66 69 78 88 98 108 115 116 108 94 76 64 64 65 66 66 67 66 70 82 96 105 110 112 113 118 121 120 121 126 130 115 90 113 90 70 76 114 117 91 64 67 89 107 78 63 63 77 95 92 89 87 83 82 
59 59 59 59 60 60 60 61 62 64 65 67 75 84 94 104 114 115 109 95 79 65 64 67 67 67 68 67 70 76 83 84 83 86 95 105 109 111 114 123 116 103 103 121 91 69 67 112 125 76 58 59 90 119 81 60 61 68 87 92 93 88 81 65 
57 57 57 59 59 59 60 61 63 64 64 66 72 80 91 100 110 114 109 96 80 67 66 67 67 68 69 69 71 72 73 79 90 102 111 115 115 120 129 124 107 92 96 115 82 65 64 69 105 89 62 73 108 116 77 54 58 65 94 88 78 82 72 49 
55 56 56 58 58 59 58 60 62 63 63 63 67 75 85 96 107 111 108 98 82 72 71 70 69 69 69 70 73 81 94 107 116 120 120 120 125 131 126 111 99 73 76 92 74 63 62 62 80 109 87 90 86 74 59 51 51 67 90 86 66 65 69 59 
54 55 55 56 57 58 57 59 62 63 63 61 64 72 81 91 103 108 108 100 89 78 74 72 70 70 71 79 95 110 118 121 121 122 123 127 132 126 116 109 96 76 73 71 70 63 59 59 60 74 75 61 61 50 50 49 48 49 48 51 54 57 75 75 
53 54 54 55 55 56 57 58 61 63 62 59 60 68 76 87 99 105 107 101 91 81 78 75 71 73 89 107 119 122 121 121 123 123 125 133 131 127 119 84 81 74 80 72 65 57 53 54 59 59 71 66 60 49 47 43 44 42 41 44 57 57 72 76 
52 53 54 55 55 55 55 56 59 61 61 59 57 62 70 83 95 103 104 101 92 82 75 72 74 90 110 120 120 119 119 122 122 120 127 131 125 129 109 93 71 64 74 73 71 64 63 68 61 60 60 60 50 47 42 38 41 44 51 66 85 73 64 72 