


30 35 34 22 21 22 22 13 27 33 20 14 15 14 26 46 41 18 22 26 21 19 24 26 31 42 54 52 43 38 24 23 34 43 49 55 25 18 41 38 24 33 30 40 48 39 48 44 49 46 37 49 48 36 50 41 23 19 35 59 45 51 53 41 
33 39 40 35 25 22 16 15 34 26 17 12 16 17 27 50 35 24 31 26 16 14 21 21 30 43 54 45 36 32 25 31 40 41 32 46 23 19 40 27 18 26 34 36 43 44 47 43 44 46 44 52 47 37 54 45 22 11 31 56 46 53 50 39 
42 34 32 38 40 33 19 29 32 23 20 20 22 21 37 53 36 26 31 23 11 23 33 28 25 40 51 43 34 33 34 35 35 38 26 54 39 23 45 27 22 29 40 31 35 47 44 44 40 45 51 52 44 38 56 48 20 10 29 48 47 52 48 43 
40 28 23 20 27 37 41 38 25 19 15 17 20 23 42 47 22 14 27 19 14 29 23 23 27 42 51 48 40 22 18 31 25 38 28 48 53 40 51 29 28 40 44 36 31 45 45 41 34 43 57 52 38 37 57 48 20 11 26 42 52 53 47 43 
33 22 17 10 15 24 35 34 29 10 11 22 26 32 39 34 13 13 25 18 19 18 11 15 25 48 52 42 31 16 11 28 28 39 23 32 60 57 62 36 23 32 38 38 40 38 44 35 32 41 58 52 37 41 60 43 24 18 32 53 63 56 49 45 
35 27 16 11 17 30 22 22 26 14 21 27 29 34 37 29 15 14 25 24 21 13 12 12 18 42 48 39 32 21 16 22 31 43 24 19 54 41 59 48 30 28 33 38 49 39 46 34 28 41 53 49 37 39 57 36 25 19 37 60 65 59 50 43 
36 24 14 14 24 27 18 21 24 22 30 26 20 28 36 21 14 13 24 29 21 18 14 15 17 42 45 31 32 36 32 31 29 40 29 13 45 53 56 47 37 32 35 44 53 44 54 31 22 41 47 47 39 36 52 33 29 21 39 51 56 62 52 41 
36 19 12 22 24 19 15 23 30 28 28 15 13 26 30 14 15 10 19 28 22 17 14 16 20 43 44 24 27 32 35 33 29 34 36 22 32 69 66 53 47 41 44 52 49 43 58 39 26 39 42 48 42 33 48 34 29 21 43 46 56 58 44 38 
33 23 17 19 23 13 17 28 32 24 21 8 14 31 27 16 12 7 20 30 25 20 17 14 24 41 38 20 23 36 33 23 21 27 34 25 24 64 81 48 36 31 43 59 55 49 53 52 33 36 44 48 40 29 40 28 31 27 49 50 57 54 40 34 
26 24 17 19 18 11 20 28 28 21 17 9 15 32 24 15 8 10 28 31 18 23 21 19 30 37 33 21 20 36 31 20 18 24 35 23 29 50 92 50 33 42 49 57 58 48 46 38 49 44 45 47 37 29 31 21 39 43 51 38 49 48 34 25 
19 21 17 20 10 11 22 31 27 20 21 15 24 47 31 17 9 18 35 26 18 26 23 21 32 35 32 21 26 37 33 22 21 21 32 24 31 43 84 75 58 60 53 54 55 43 47 27 34 53 50 53 35 30 26 25 45 49 46 31 44 42 26 16 
15 22 21 19 9 14 27 33 34 45 63 52 59 92 78 45 18 30 31 23 18 28 29 24 28 34 35 25 27 30 27 30 22 13 28 24 29 45 74 92 56 54 51 58 47 28 46 34 20 41 57 57 33 33 33 42 46 36 40 36 44 32 19 10 
27 41 45 36 14 17 28 31 58 90 100 90 101 122 108 85 52 32 21 19 16 30 40 29 24 30 28 26 22 22 20 31 24 19 34 36 38 49 64 78 55 52 48 58 40 21 46 43 30 30 49 53 36 42 48 44 40 26 29 32 44 32 20 8 
62 64 71 70 43 35 27 40 78 91 98 98 117 130 118 103 78 38 21 20 18 26 46 27 21 27 26 30 18 18 20 28 37 36 38 41 46 49 60 56 56 49 50 59 41 30 49 47 41 31 37 49 46 48 38 47 40 29 26 29 39 34 24 13 
69 60 76 96 89 76 57 65 79 79 85 94 118 130 121 113 96 61 31 25 18 25 41 29 28 39 37 27 15 17 26 22 30 34 31 40 46 48 60 51 40 40 47 50 30 31 52 44 28 36 50 57 44 38 38 48 43 33 25 26 35 39 37 39 
80 61 87 120 117 111 96 80 75 72 75 85 114 127 116 114 102 78 42 37 32 37 45 63 83 94 67 26 12 19 30 25 26 24 30 42 45 45 58 55 43 41 43 37 14 16 46 43 33 53 63 41 28 38 46 41 46 38 25 26 44 56 55 56 
89 70 93 131 120 119 114 97 79 72 72 76 102 115 108 110 102 81 45 37 36 41 78 106 113 116 89 26 9 24 33 35 24 21 37 45 48 40 54 65 49 49 38 37 13 11 43 56 58 56 52 30 32 47 45 36 46 44 33 34 44 47 38 42 
91 78 86 128 116 115 116 109 91 75 74 70 78 102 99 106 96 80 37 21 21 51 100 112 113 113 95 32 16 32 37 30 25 34 42 44 51 28 47 74 55 63 41 35 25 18 48 60 45 41 47 35 60 57 40 33 45 43 44 42 41 42 31 37 
84 78 72 111 116 110 113 112 102 82 72 61 61 99 95 97 91 75 26 16 27 84 110 111 110 106 89 35 31 38 30 22 34 40 33 38 51 26 44 74 47 46 43 33 30 27 48 50 33 37 41 37 64 58 35 38 45 35 43 40 35 44 30 30 
86 78 61 75 113 110 109 113 110 94 75 50 48 97 96 96 91 68 28 32 63 108 114 113 107 102 67 28 39 41 24 27 34 38 22 36 45 27 40 65 27 35 46 41 34 40 44 36 37 45 44 47 63 72 32 40 45 24 32 40 32 41 27 28 
95 87 52 40 77 108 109 108 112 104 86 52 32 81 96 99 93 74 60 66 95 114 116 113 106 98 66 40 37 33 31 30 33 29 25 46 35 27 46 60 29 35 45 40 38 39 42 29 43 51 50 46 51 72 30 36 46 28 22 39 33 29 32 37 
108 104 68 48 47 84 110 111 106 105 99 74 35 60 93 104 100 77 70 78 105 115 120 111 107 95 82 67 41 22 32 34 27 18 33 47 27 23 52 63 36 32 42 43 33 38 51 44 48 56 54 40 42 61 37 31 43 35 28 36 37 26 30 44 
118 113 98 81 72 90 114 117 105 94 105 115 93 87 104 121 115 87 77 85 110 120 115 107 94 80 77 82 61 26 27 34 25 17 32 37 27 19 43 65 36 29 37 41 35 35 44 66 67 61 50 29 33 46 45 29 40 35 27 33 39 22 18 35 
86 81 79 75 81 108 125 125 116 106 112 129 126 112 104 105 100 98 92 90 120 129 107 92 77 73 80 93 59 28 24 26 26 25 21 29 28 25 44 62 26 27 32 32 38 36 38 37 63 62 43 23 32 30 44 29 37 34 25 26 37 32 18 27 
77 79 84 86 93 102 105 111 105 103 109 97 87 80 78 80 84 99 127 130 134 123 91 78 77 84 90 66 35 25 20 26 23 25 21 25 32 27 42 53 16 24 33 40 41 31 40 40 55 68 55 30 33 21 37 33 37 30 31 27 38 37 20 17 
82 88 91 88 84 68 64 90 93 87 80 77 84 87 89 91 101 122 143 144 148 142 119 91 77 73 44 27 30 19 18 27 21 16 27 33 31 26 42 52 17 25 41 45 44 34 39 47 51 56 66 52 35 19 33 39 46 35 39 36 41 33 27 17 
85 88 86 81 71 42 35 79 93 92 90 90 95 95 98 100 103 109 113 118 131 145 149 128 92 84 88 72 55 20 18 25 23 22 30 31 29 29 42 49 25 39 47 44 44 36 39 51 45 44 60 61 53 45 46 45 43 35 42 38 39 32 31 29 
80 83 81 66 43 28 27 92 107 102 99 96 99 97 100 96 94 85 66 96 106 110 139 175 189 200 204 192 171 106 49 59 70 50 31 24 33 32 37 39 28 46 45 37 36 41 29 33 42 43 46 54 61 50 47 57 51 48 46 46 44 42 43 52 
81 78 57 35 46 52 40 101 126 111 107 99 96 96 102 98 76 42 35 84 115 123 179 212 220 222 217 209 204 200 182 180 181 164 114 45 30 38 40 31 27 49 50 32 28 47 40 42 53 53 48 54 61 51 44 52 52 53 49 50 48 57 59 55 
74 60 39 44 77 60 43 56 95 103 110 106 97 91 88 76 43 31 28 57 120 180 218 223 228 228 222 216 216 224 222 220 221 215 202 164 117 118 110 79 58 53 60 38 23 32 40 38 45 34 33 46 50 45 48 54 54 39 29 40 49 64 58 41 
68 61 50 76 84 59 57 62 65 72 87 86 83 80 73 73 44 30 26 48 152 209 226 232 233 232 227 227 233 237 233 226 227 224 216 208 205 206 196 186 141 58 52 57 26 18 33 39 38 24 21 38 27 20 38 44 41 36 27 41 55 55 57 79 
97 93 94 105 106 103 103 103 98 94 85 80 79 80 78 79 45 23 25 78 201 225 232 236 237 235 234 240 240 232 220 212 214 219 215 210 209 215 218 213 205 136 74 67 51 19 29 40 41 33 25 38 28 24 40 39 31 34 48 63 56 50 49 72 
117 113 110 100 93 90 82 68 55 60 85 79 78 81 81 80 47 26 38 134 221 231 236 237 236 235 238 239 226 216 205 199 203 206 213 211 214 219 220 225 224 220 198 139 89 37 30 38 32 20 23 33 28 32 46 43 34 42 58 49 44 50 37 42 
96 91 76 51 53 54 46 34 27 51 83 81 82 84 83 82 58 33 45 160 230 235 234 233 233 232 237 226 211 206 204 210 215 202 205 205 215 224 227 229 227 226 226 213 164 73 32 32 29 19 27 43 42 45 53 49 51 52 48 35 36 47 23 28 
94 86 63 53 40 37 35 31 33 61 89 89 86 84 84 85 68 56 85 199 235 234 232 230 228 225 219 212 214 220 227 232 230 229 219 211 217 223 228 228 225 215 215 225 206 123 49 31 35 37 48 50 43 51 55 54 52 32 36 50 46 46 21 36 
78 55 42 42 33 41 42 45 55 62 91 93 91 88 88 90 79 67 129 227 233 230 227 224 221 214 210 214 220 227 234 235 237 234 231 216 212 219 223 225 220 176 190 219 218 160 69 47 50 48 47 52 54 50 55 54 40 27 37 44 49 47 30 44 
37 30 45 50 49 48 49 54 44 43 89 101 97 96 97 95 86 113 190 230 228 223 219 218 218 222 224 222 222 233 235 238 234 235 230 208 206 215 219 222 216 169 167 201 214 164 66 62 49 47 54 65 61 60 62 53 38 38 51 37 42 49 44 48 
28 43 40 27 32 36 50 51 43 48 81 118 113 110 106 107 143 212 228 228 224 221 224 229 231 228 217 214 226 230 231 235 234 230 230 218 207 211 215 218 204 123 99 161 206 175 72 70 60 62 66 59 52 53 57 48 34 44 51 41 47 49 42 40 
36 33 23 20 27 43 54 39 40 41 60 125 133 130 96 93 196 230 228 223 226 233 237 238 230 220 223 229 232 229 231 233 231 233 230 225 222 212 212 216 214 150 115 155 199 195 96 63 69 63 66 52 43 41 45 46 37 38 33 24 33 39 27 35 
28 21 18 23 34 54 37 24 33 36 47 91 124 100 62 69 196 231 224 224 232 236 237 232 230 230 234 227 227 227 227 229 230 228 226 219 227 227 214 211 211 203 185 199 217 214 181 103 76 69 70 63 52 46 43 40 33 31 34 21 27 27 23 38 
36 23 29 32 52 41 18 23 29 41 43 46 56 61 53 56 119 196 221 228 233 237 235 229 229 234 235 229 227 226 228 226 225 228 226 217 221 231 230 217 206 207 209 216 222 222 221 190 85 78 80 69 44 45 52 53 57 47 44 25 31 29 31 45 
62 45 53 57 53 23 20 23 35 48 41 35 40 58 54 65 59 85 196 226 231 235 234 232 231 235 233 232 229 226 229 225 223 227 226 221 221 227 233 231 211 202 206 211 220 223 226 224 141 67 82 74 58 50 54 54 58 43 43 35 43 40 39 54 
85 63 66 66 42 24 27 25 44 48 35 31 40 64 68 61 45 77 199 222 227 233 231 228 231 231 231 229 225 228 231 227 224 226 224 222 222 224 231 232 219 203 206 212 219 224 228 227 162 58 70 80 74 52 43 35 48 39 43 49 47 31 38 55 
90 74 64 55 34 28 25 35 54 49 35 33 55 69 56 44 45 112 218 221 225 231 228 227 228 228 227 227 225 230 231 226 222 223 223 222 221 224 229 228 224 211 209 215 218 225 227 219 122 54 59 74 72 63 55 42 40 35 41 47 37 24 32 51 
65 84 64 47 26 25 27 47 58 52 45 53 58 64 53 33 39 110 215 219 225 228 226 226 227 226 224 225 227 229 230 225 219 220 221 222 220 223 228 227 223 209 206 220 224 228 222 159 56 43 45 53 68 72 65 50 33 32 39 44 36 31 43 57 
48 75 76 51 27 21 30 55 58 57 59 45 42 61 45 29 40 95 212 218 221 225 224 225 225 225 224 225 226 228 229 224 220 220 222 221 220 222 227 224 219 182 98 141 163 151 109 50 34 39 35 34 65 69 55 56 53 53 47 35 36 41 51 55 
45 47 77 47 34 31 43 59 59 49 48 31 40 61 38 32 40 74 194 217 219 221 222 223 223 222 222 224 227 228 229 226 221 220 221 221 219 221 225 222 220 194 69 60 46 31 32 29 37 36 26 42 58 68 56 40 53 68 62 41 37 44 49 40 
39 33 52 35 20 33 56 60 45 33 47 28 37 61 37 32 39 59 171 213 212 217 218 220 221 221 221 224 226 227 228 225 220 220 221 220 219 219 222 222 221 209 92 57 39 29 29 27 40 33 33 50 37 47 56 49 47 55 69 64 54 42 36 37 
49 38 30 19 19 38 61 57 37 26 40 24 39 61 37 32 39 48 105 190 210 210 212 213 215 217 219 222 224 225 227 224 219 219 220 219 216 218 218 216 223 216 102 52 39 31 29 34 47 44 50 38 27 30 49 47 43 53 58 63 66 57 43 37 
65 60 33 21 27 52 65 52 31 29 39 27 45 63 46 36 42 42 51 118 189 198 203 204 207 211 216 220 222 224 225 220 218 217 218 216 213 215 217 215 220 202 86 43 37 34 40 45 50 47 47 39 56 46 51 45 38 50 53 54 56 63 58 44 
70 58 51 32 42 64 65 43 27 33 41 34 42 60 56 40 44 41 41 59 82 101 152 199 206 211 212 219 221 226 223 212 212 212 211 211 208 208 212 208 211 157 63 36 32 41 46 42 47 37 40 46 59 52 52 44 40 53 51 42 46 62 53 50 
66 56 44 52 57 70 61 32 25 33 43 38 33 51 60 45 43 41 45 54 55 64 104 198 213 216 215 217 223 227 215 205 206 204 203 205 200 201 206 202 183 98 58 48 48 44 35 43 46 30 39 50 57 53 43 38 44 52 46 44 44 66 45 41 
48 50 42 64 68 72 53 25 27 34 47 36 25 42 60 51 44 42 50 50 62 70 73 168 214 218 215 212 215 217 206 206 210 207 205 205 190 187 201 172 124 99 76 58 47 42 46 49 43 30 48 60 53 40 38 43 54 59 52 55 50 70 63 66 
38 41 52 65 74 71 45 27 33 39 49 36 24 39 57 57 46 48 53 58 64 69 64 89 153 186 198 175 124 182 202 211 220 214 213 182 99 98 111 82 76 91 103 100 65 46 42 35 43 47 59 54 40 38 41 49 52 51 45 51 56 60 59 66 
36 39 58 68 76 67 46 40 38 31 43 38 29 36 54 63 51 54 63 63 52 59 65 61 62 72 86 76 55 95 152 199 210 208 176 105 59 61 64 66 72 67 72 90 89 53 51 51 64 63 55 46 46 60 55 51 48 51 46 46 55 46 40 52 
41 39 56 76 79 63 47 42 36 24 41 37 37 38 46 59 64 64 67 51 42 52 67 63 60 62 62 58 56 55 64 86 92 91 61 67 59 59 66 71 70 62 57 60 62 55 61 67 67 55 53 48 50 59 58 45 50 50 54 58 62 55 50 56 
44 42 63 82 79 62 51 36 35 27 41 38 43 45 44 52 75 73 61 47 44 58 68 66 61 60 59 58 55 47 54 59 51 54 51 67 64 62 65 73 59 59 51 58 57 59 51 44 58 51 51 36 40 59 52 47 55 48 55 63 60 57 56 56 
54 55 75 83 72 47 47 49 42 31 40 38 41 51 49 60 67 76 61 51 53 69 69 58 50 58 57 60 54 46 49 60 53 61 61 66 54 48 63 72 58 58 49 56 58 53 45 42 60 58 52 32 44 56 46 55 61 48 52 56 47 54 65 59 
86 84 82 83 64 38 38 51 54 39 39 34 41 52 62 62 67 73 65 56 64 72 69 52 57 53 53 61 54 52 55 59 61 64 62 64 48 30 57 70 57 58 47 50 61 51 42 48 51 62 50 33 51 50 47 61 65 44 45 54 43 50 66 62 
72 84 85 80 62 46 41 56 60 43 38 38 47 62 70 64 70 57 61 68 68 72 69 57 60 43 50 61 51 55 63 65 65 63 66 62 59 44 66 70 50 55 45 47 56 58 48 42 45 66 52 42 57 51 49 55 63 46 39 55 45 48 53 59 
59 81 85 73 61 58 41 42 48 48 52 58 63 67 54 63 67 65 67 57 58 72 69 62 55 41 49 61 52 56 63 62 65 61 62 57 63 69 70 68 54 53 49 48 45 60 49 39 58 75 54 56 60 54 46 49 57 38 29 52 43 42 38 46 
68 86 86 70 64 64 59 57 55 54 56 67 62 57 49 65 63 58 51 56 63 68 70 65 52 41 50 61 54 54 52 52 61 60 53 59 63 74 65 64 57 48 55 47 47 56 58 57 67 78 59 66 58 48 44 46 53 36 33 47 31 29 33 34 
81 89 84 72 70 64 71 72 59 46 53 55 47 55 65 70 62 48 47 59 58 65 70 67 56 49 58 63 56 48 44 54 57 63 56 60 49 62 67 65 59 43 55 49 53 51 59 65 65 76 61 62 50 44 45 42 55 47 51 48 32 34 41 38 
86 91 80 73 70 56 57 52 52 53 62 45 41 67 64 62 61 50 49 57 50 64 70 64 57 56 62 61 55 51 40 57 57 65 65 57 45 58 60 62 61 46 58 50 46 42 50 62 63 73 54 59 47 45 44 38 58 61 60 56 47 46 50 47 


58 65 63 45 45 45 44 30 52 58 39 32 35 34 52 77 69 39 45 53 45 40 47 50 59 75 90 88 77 71 51 48 64 76 74 79 51 43 73 68 51 62 59 71 80 69 83 77 84 81 70 84 79 66 87 74 42 36 65 94 79 87 87 71 
62 69 69 62 50 46 35 33 60 49 35 29 38 40 55 81 63 49 59 51 34 32 45 44 58 77 91 81 69 61 51 60 74 72 55 70 49 44 71 54 42 52 65 64 73 77 82 77 78 79 79 87 79 68 92 80 42 26 59 91 80 90 85 69 
74 63 60 65 67 61 41 54 58 47 40 42 47 47 67 85 65 51 58 46 25 44 61 54 53 73 86 78 67 61 62 65 65 69 51 75 65 48 76 55 47 54 71 60 62 81 76 78 72 76 86 89 78 71 93 83 41 25 57 83 81 89 84 74 
70 55 48 37 47 64 70 65 51 38 30 39 46 49 74 76 41 31 52 40 32 53 43 45 54 74 88 83 69 41 35 59 49 67 55 67 78 72 86 59 55 67 74 65 59 78 76 73 66 74 92 88 70 69 94 82 41 27 54 76 87 89 82 76 
60 46 36 23 32 46 61 61 54 23 27 48 55 61 70 58 28 31 50 40 39 35 25 33 49 80 89 74 56 32 24 54 55 68 47 46 77 90 99 68 49 59 67 68 72 70 77 65 63 72 91 86 68 73 96 76 47 39 60 86 98 92 83 79 
63 52 33 25 34 54 45 45 50 32 47 57 58 63 66 54 34 32 49 49 43 29 29 28 39 74 83 69 60 44 37 49 58 74 46 31 64 67 96 83 60 55 60 69 84 73 82 63 56 74 85 83 69 72 92 67 50 42 66 94 100 95 84 77 
64 47 29 30 45 52 39 44 47 44 60 53 43 54 62 41 30 29 46 55 43 39 32 33 37 73 79 58 59 67 63 61 58 70 54 29 58 73 92 82 71 63 66 78 88 77 89 58 46 74 81 83 72 67 86 64 58 47 71 86 92 96 84 76 
64 39 27 40 49 41 33 46 56 55 54 32 28 50 53 30 31 23 39 54 47 39 34 35 42 74 76 46 52 61 65 63 58 63 65 48 53 85 100 89 80 72 76 87 84 76 94 69 52 70 77 84 75 61 82 67 57 46 77 83 93 91 75 72 
61 44 35 38 46 28 36 54 60 51 41 18 29 55 50 35 27 17 41 57 49 43 38 34 50 71 68 43 48 65 60 47 45 54 63 52 50 83 108 81 66 59 75 94 90 85 88 82 58 66 78 84 74 58 71 58 60 55 85 84 91 88 70 62 
51 46 35 40 34 22 41 55 56 42 33 19 31 57 47 32 19 22 54 59 37 48 45 42 58 67 62 46 43 65 57 40 40 49 63 48 58 78 114 81 65 75 84 92 93 84 80 64 78 74 78 83 70 58 59 43 72 77 85 67 82 81 61 47 
40 42 36 41 22 26 45 59 54 40 36 29 42 66 49 33 21 37 63 52 40 53 49 44 60 62 59 45 51 66 60 43 47 45 58 48 60 77 109 104 94 97 87 87 90 78 82 49 56 85 84 88 66 60 52 49 81 83 79 61 78 72 49 31 
32 41 42 38 22 32 54 62 61 61 77 70 77 112 102 64 36 56 59 46 41 54 54 49 56 62 61 49 54 58 53 57 46 30 54 48 59 81 106 116 88 90 84 91 80 55 80 62 39 67 91 92 63 64 63 73 79 65 71 67 77 61 42 21 
39 55 61 47 23 36 54 57 78 107 125 116 121 150 140 114 78 61 46 40 36 56 69 56 49 58 53 52 46 44 41 59 47 40 62 67 72 85 100 103 78 85 81 92 72 44 79 79 59 53 80 88 64 74 80 79 72 53 57 61 76 62 42 20 
74 83 89 81 54 56 50 59 97 121 130 130 141 160 151 137 109 65 45 42 37 49 76 54 46 56 52 57 39 38 44 55 64 63 68 73 80 83 96 85 74 78 81 93 73 59 83 81 73 58 66 84 79 80 70 82 73 57 53 57 70 64 48 29 
86 87 95 109 110 104 83 86 107 113 120 127 144 162 155 148 131 92 57 50 40 48 72 57 55 65 63 55 35 35 52 45 55 61 61 72 79 84 98 84 64 69 77 81 56 57 87 74 54 67 82 91 76 68 70 83 77 62 51 52 64 69 66 68 
103 87 105 142 148 145 130 113 108 106 109 118 139 159 152 149 140 113 72 63 60 66 75 86 104 113 86 51 24 37 59 52 51 47 61 75 77 80 94 90 73 71 71 63 28 31 79 76 61 85 98 72 55 69 82 75 80 68 52 53 75 89 88 90 
121 98 110 154 154 155 151 136 115 105 105 110 131 151 146 146 140 118 74 61 63 70 107 134 143 145 111 47 20 46 62 64 46 42 70 79 80 71 88 102 80 78 67 65 27 23 76 91 91 90 87 57 59 81 80 68 81 77 63 62 74 80 69 77 
125 108 104 150 153 152 153 148 130 110 105 102 109 139 139 142 135 118 61 38 40 80 133 145 145 146 122 53 35 60 66 56 51 66 76 77 84 56 80 111 86 88 71 65 48 38 82 95 76 72 81 64 84 91 71 63 79 78 77 71 69 73 59 67 
121 112 99 131 151 149 151 151 142 121 106 92 90 135 135 134 130 111 45 29 48 117 145 145 144 141 118 60 60 67 55 42 63 73 61 65 82 53 75 110 76 74 73 60 60 56 83 83 62 66 75 70 91 88 63 69 79 66 76 70 63 75 56 56 
122 113 90 95 141 148 148 150 149 135 114 81 76 133 135 133 129 103 50 54 94 144 149 145 141 138 96 52 68 70 47 52 66 69 42 61 75 53 68 98 50 64 76 65 65 72 78 65 68 78 78 81 92 92 58 74 77 46 59 73 62 68 49 51 
127 116 78 65 101 140 148 148 149 142 126 85 58 116 137 135 128 107 88 97 130 150 150 146 141 134 94 63 64 60 58 58 61 52 47 75 62 51 76 94 57 65 79 69 68 69 73 53 75 86 85 79 79 88 51 69 81 53 46 72 63 54 54 60 
127 115 80 65 66 107 144 149 146 142 135 105 55 91 133 138 133 110 102 112 142 151 152 146 143 128 112 94 62 43 60 62 49 33 58 77 50 42 82 101 67 61 78 74 62 67 75 60 78 92 89 69 69 77 53 61 77 65 55 70 68 48 50 69 
121 115 104 93 87 99 126 146 143 134 137 130 103 105 132 147 137 114 109 118 146 153 149 144 127 113 111 111 78 48 54 61 46 32 54 65 50 38 73 104 65 56 70 73 67 69 71 74 89 96 84 53 58 60 58 56 73 66 53 63 72 44 35 60 
108 108 107 105 108 119 125 134 134 132 134 138 134 129 125 127 121 120 117 118 146 154 142 126 109 107 114 116 78 53 46 49 48 46 37 51 54 50 78 98 48 52 62 63 71 67 68 55 89 96 73 44 56 47 57 56 70 64 50 54 72 59 35 48 
113 115 118 119 122 122 119 126 122 120 122 117 115 112 112 115 119 129 141 143 147 143 124 112 110 114 112 83 59 48 36 47 42 44 38 48 60 53 72 85 29 46 65 74 74 61 72 67 88 96 79 55 59 38 49 58 69 60 60 58 74 68 40 34 
119 123 125 122 116 94 89 115 115 112 111 112 120 123 125 128 135 148 156 158 162 159 141 120 106 99 61 46 56 34 31 48 37 30 48 61 59 51 71 83 31 48 77 80 75 63 71 81 87 87 87 72 61 38 49 64 76 65 71 71 78 63 50 35 
121 123 123 117 95 53 51 105 120 127 127 126 131 132 134 135 137 142 142 146 154 161 162 143 114 102 97 86 70 29 31 45 41 42 56 58 54 55 73 80 47 70 85 77 72 64 67 80 80 75 82 80 80 72 72 69 71 64 74 73 75 64 61 57 
116 119 116 91 50 31 38 111 139 138 137 133 135 134 136 134 133 120 99 132 129 126 151 182 194 204 206 193 171 107 58 73 86 69 51 43 57 59 66 66 52 80 82 66 63 68 52 57 77 75 75 82 89 74 69 76 73 69 78 82 82 77 78 89 
116 110 78 42 49 51 55 122 157 148 145 139 136 135 140 135 111 72 63 117 131 135 177 215 223 225 218 207 201 197 180 175 179 164 121 58 50 65 70 58 53 85 85 59 51 74 68 72 90 86 79 84 90 78 73 81 82 81 81 85 86 90 93 91 
104 88 49 54 93 71 69 83 121 136 146 145 137 131 126 112 71 59 54 82 134 186 219 226 231 229 222 214 214 223 222 219 218 210 196 163 121 124 121 99 90 89 92 63 42 55 67 69 80 59 56 75 79 72 79 83 83 69 56 70 85 97 90 69 
100 88 68 101 111 86 89 90 94 99 122 125 120 116 111 110 75 57 49 68 156 210 228 235 236 233 229 229 237 241 232 218 222 219 209 201 199 198 187 180 148 84 82 85 45 33 57 68 69 47 42 64 48 36 67 73 66 61 54 71 91 89 82 91 
126 121 121 132 133 130 129 127 121 115 119 118 116 117 115 115 74 45 48 96 203 227 234 239 240 238 237 245 245 227 204 196 202 210 206 203 202 209 214 206 198 142 92 92 75 33 52 69 72 59 47 65 51 45 71 71 58 61 79 95 91 84 76 93 
136 137 136 125 119 118 111 95 81 88 120 117 116 118 118 114 75 46 63 149 222 233 239 239 239 237 242 244 223 199 186 181 186 188 198 204 209 215 217 223 219 215 195 143 110 57 50 67 59 41 43 58 54 58 79 80 67 76 92 77 74 83 65 68 
112 120 108 83 84 85 77 63 53 80 118 119 120 121 121 118 90 59 73 171 231 237 236 235 234 234 240 219 201 192 189 192 195 187 193 197 210 223 229 230 227 224 222 208 163 94 49 54 51 39 50 71 73 76 86 87 86 87 85 66 66 76 45 51 
123 117 96 87 69 65 65 60 62 93 121 126 124 122 122 120 104 90 106 196 234 234 231 230 228 223 215 203 199 203 209 212 205 199 198 201 210 223 229 229 226 211 206 220 199 134 69 49 61 64 78 81 76 84 91 94 85 60 66 87 81 76 43 63 
110 85 75 76 62 71 75 79 88 93 119 130 128 126 125 124 115 101 138 221 231 227 224 221 218 211 203 201 203 209 215 220 215 206 201 200 206 218 223 224 219 166 179 211 211 163 93 73 80 81 81 85 88 84 92 92 70 54 67 78 82 78 58 77 
62 56 78 81 80 81 85 89 75 73 112 135 134 134 131 126 119 133 188 224 223 216 213 212 212 218 218 209 209 213 215 216 216 210 204 194 199 211 218 220 212 159 157 190 205 168 97 96 82 80 88 101 97 95 101 89 66 68 85 68 73 83 77 82 
51 71 69 49 59 68 88 87 76 83 104 145 148 145 134 127 156 215 224 222 213 212 220 224 228 224 212 207 212 216 216 216 213 212 208 205 200 206 212 216 197 107 94 150 195 173 103 104 95 97 101 94 86 87 93 82 61 75 85 71 79 84 76 72 
64 60 46 42 55 77 90 71 71 77 94 146 163 157 120 110 201 232 225 215 220 231 238 233 223 217 211 214 217 217 214 215 214 212 210 213 218 207 208 213 209 134 107 144 184 188 116 96 106 98 100 88 76 72 80 78 65 65 62 48 61 73 55 63 
50 41 37 49 66 89 66 48 62 72 87 112 143 128 97 98 202 232 220 217 227 234 237 229 221 222 220 221 221 219 213 212 213 218 213 210 224 225 211 207 206 196 175 192 211 210 187 127 111 102 101 98 86 80 79 70 60 59 60 42 54 56 47 68 
61 43 52 62 87 70 38 48 60 81 83 68 81 99 91 90 141 200 219 226 231 236 232 223 224 230 227 223 224 221 212 215 217 223 219 215 219 231 230 213 201 203 203 211 218 219 222 198 112 108 104 101 74 76 87 85 88 77 72 52 61 58 60 77 
93 75 82 91 87 47 42 49 71 90 74 57 69 97 91 102 91 106 198 225 230 234 230 224 226 231 227 221 220 221 221 220 221 227 225 219 219 226 234 230 207 198 203 208 217 223 229 228 157 100 107 104 89 82 87 84 89 71 75 66 77 71 67 86 
113 95 100 101 70 47 52 53 85 90 67 58 71 103 108 96 75 99 202 221 225 230 228 223 224 228 226 222 221 225 228 223 222 226 223 220 220 223 231 231 217 201 205 210 218 226 232 232 177 92 96 107 106 84 74 64 77 68 77 83 80 59 65 87 
112 103 99 91 61 54 51 69 96 90 67 61 90 112 94 74 74 131 221 222 223 227 225 223 224 225 224 223 223 226 228 222 218 220 221 219 220 223 228 227 225 211 210 216 220 227 232 226 144 86 84 103 107 96 88 71 68 62 73 81 67 50 61 83 
91 106 96 82 51 50 55 89 100 91 78 86 95 105 87 57 67 128 218 221 223 224 222 222 222 222 221 221 222 226 226 220 215 217 220 220 219 221 226 225 223 210 209 223 227 232 227 170 83 74 72 81 104 106 99 82 60 60 71 76 66 59 74 92 
78 96 97 83 52 46 63 99 100 94 94 77 75 100 74 54 69 117 217 222 219 221 219 221 221 220 220 220 222 225 226 220 215 216 219 220 219 220 225 224 218 187 116 158 175 160 123 71 61 69 63 62 100 103 87 88 86 87 80 65 67 73 86 91 
76 73 88 67 63 62 82 104 98 82 82 60 70 98 65 57 70 100 200 219 217 218 217 218 219 217 217 218 222 223 224 221 217 217 219 220 218 219 224 222 221 200 94 91 71 47 53 51 66 65 48 70 92 103 88 69 88 104 97 73 68 76 81 69 
70 63 72 50 44 66 100 103 82 60 80 53 66 98 63 57 70 88 181 214 210 213 212 214 215 215 216 219 221 223 223 220 216 216 218 218 216 217 221 223 225 215 117 88 64 48 52 50 73 63 58 79 64 77 90 82 83 90 105 100 87 67 60 63 
81 70 56 41 44 74 106 99 69 53 71 45 68 99 62 56 70 78 124 195 210 208 208 209 209 211 214 217 219 221 223 220 215 214 216 216 213 215 217 218 228 223 127 81 65 57 56 63 84 76 79 61 45 56 83 81 77 88 95 99 97 83 64 63 
98 87 56 44 58 93 108 90 61 59 71 51 76 100 69 60 75 72 79 139 196 201 202 201 204 207 210 215 218 220 221 215 212 211 212 212 209 212 216 218 225 210 116 71 62 63 72 79 86 79 76 65 80 77 88 80 73 87 92 85 82 89 86 75 
97 84 70 59 79 107 107 77 55 64 74 61 71 95 79 67 78 69 72 96 112 129 163 196 205 210 211 217 219 224 220 207 206 205 205 206 204 206 212 212 215 173 96 64 60 73 79 73 76 63 70 78 95 89 88 79 76 90 85 71 66 71 77 83 
87 80 67 81 98 113 101 63 52 63 76 66 59 84 89 74 75 72 82 91 89 102 131 201 213 218 215 216 222 226 212 201 202 201 200 203 199 201 207 204 192 129 93 83 84 78 66 71 70 54 71 85 94 86 74 72 83 88 77 73 61 63 63 72 
77 81 74 96 111 115 90 52 54 64 82 64 45 73 95 83 70 73 88 85 99 110 111 180 217 222 218 212 214 216 205 206 211 208 207 207 196 193 204 185 152 134 112 95 82 76 79 74 61 55 84 97 87 68 66 78 94 95 84 85 66 70 87 97 
71 77 89 103 117 113 82 55 63 71 83 62 42 65 91 91 68 81 92 96 103 109 106 119 167 196 206 187 142 186 202 212 223 219 218 193 127 127 137 116 115 129 138 128 93 79 72 54 62 79 95 89 69 62 73 86 88 88 80 84 76 70 88 100 
69 74 96 110 120 108 81 72 70 58 76 66 50 60 89 100 80 93 104 103 89 99 106 101 98 105 118 111 87 118 165 205 215 213 186 133 95 98 105 105 110 106 111 125 117 88 84 80 94 99 91 78 75 88 90 86 84 87 82 82 84 70 70 84 
75 74 95 118 121 104 82 72 64 46 74 64 61 63 79 94 103 105 107 89 76 91 107 104 101 102 98 93 91 88 97 115 117 108 85 102 94 94 106 109 108 101 97 99 99 91 97 100 94 89 88 78 81 95 96 80 87 85 91 95 96 89 84 88 
77 77 103 123 120 103 85 64 62 51 72 64 66 74 74 89 115 113 99 84 80 98 110 107 102 100 94 94 91 79 87 94 82 79 81 103 97 90 102 111 96 97 86 97 96 96 85 70 75 80 84 63 70 96 90 84 95 83 93 101 95 93 92 91 
90 93 116 125 115 86 81 80 70 58 69 63 65 83 85 99 107 115 99 87 90 109 110 97 90 96 92 98 90 77 81 95 86 90 96 103 85 73 96 110 95 96 83 93 96 89 76 64 75 89 85 58 75 94 83 96 102 82 87 92 79 87 101 95 
120 121 123 124 105 74 72 76 75 63 66 61 68 87 101 101 107 109 99 93 102 112 109 88 95 84 86 99 90 84 86 95 99 96 91 97 74 48 89 108 92 95 82 83 98 86 69 71 74 94 83 59 84 89 84 100 104 77 78 90 74 80 100 97 
106 122 125 120 99 78 72 72 76 61 58 67 79 98 108 103 111 95 99 106 105 112 107 93 95 66 82 100 89 89 95 101 103 91 85 94 83 66 99 108 83 92 79 77 92 97 78 68 73 100 84 72 94 90 86 93 100 77 71 89 76 78 86 92 
95 120 124 115 97 88 74 62 69 68 71 90 101 101 83 98 106 103 103 91 94 112 109 101 87 61 81 99 90 93 96 95 103 93 84 89 93 96 105 107 89 89 82 79 81 99 83 64 83 109 88 91 100 92 83 86 93 65 56 86 73 71 68 74 
108 126 126 113 100 100 97 90 84 78 82 103 100 89 77 100 100 92 83 88 100 109 110 102 79 63 84 100 92 90 82 80 97 95 84 94 95 94 99 103 94 84 90 82 82 92 92 79 95 112 93 101 96 84 80 81 88 64 61 79 58 56 61 62 
120 128 124 113 109 104 110 108 91 70 81 88 79 87 99 107 97 80 79 91 94 105 108 99 81 75 93 102 94 83 70 86 93 99 92 92 81 89 94 102 96 79 93 85 84 77 92 95 99 112 94 97 87 80 81 74 89 79 84 82 62 64 71 68 
126 129 121 111 110 96 95 87 85 84 85 70 71 100 99 96 97 84 81 91 88 103 107 97 83 84 96 100 94 85 62 90 93 102 102 85 76 92 90 100 99 82 98 83 76 66 79 97 99 109 90 96 85 82 80 70 93 97 97 92 81 79 83 81 


15 21 18 8 5 3 2 3 12 13 8 4 3 2 8 19 17 7 12 12 7 7 11 11 13 19 16 14 13 13 8 5 10 16 18 19 5 3 21 19 6 7 8 9 13 10 9 13 16 18 13 16 19 13 10 10 8 4 10 38 24 21 24 17 
17 21 23 18 11 4 3 6 13 9 7 3 4 4 10 21 15 12 16 10 5 7 11 8 10 18 16 11 8 10 8 9 12 14 10 16 7 3 21 12 3 5 8 9 9 9 9 13 14 17 15 17 20 12 13 15 7 2 7 32 22 23 21 14 
20 14 15 20 21 11 7 11 11 7 5 6 6 6 17 23 16 10 12 8 5 12 14 9 7 16 15 11 11 11 11 11 9 12 6 20 18 9 27 11 5 9 12 9 7 7 9 13 14 15 19 19 19 14 15 19 8 2 5 22 20 22 18 15 
17 9 8 8 10 16 20 14 8 5 3 3 3 8 20 20 8 3 9 5 7 13 7 6 7 16 15 16 15 8 6 10 7 13 6 16 26 24 34 12 8 15 13 10 5 7 11 13 14 16 23 20 16 14 16 19 8 2 5 16 24 22 16 15 
15 7 5 3 4 7 12 15 12 2 1 3 6 13 18 15 4 3 7 5 10 9 3 3 7 19 16 14 12 6 2 6 9 14 7 11 27 33 42 18 6 10 11 10 7 6 11 12 13 17 21 20 15 14 17 16 8 5 13 24 32 25 17 17 
17 12 5 3 5 7 5 9 10 3 3 5 6 12 18 12 3 3 6 10 11 4 3 2 5 17 14 12 10 6 2 4 10 16 8 7 23 18 37 26 8 7 8 9 11 11 14 12 11 19 18 19 15 13 17 11 6 7 19 31 33 27 18 16 
17 10 4 4 8 5 4 8 9 7 10 8 5 12 20 9 3 3 6 13 9 4 4 4 5 17 12 9 11 10 6 9 9 14 9 4 17 22 37 27 11 7 8 10 19 15 20 12 7 19 16 19 17 11 14 7 6 6 19 24 24 29 20 15 
19 7 4 8 6 2 3 8 12 9 9 6 4 14 17 5 4 2 5 11 6 4 3 4 6 17 12 7 10 10 8 10 8 9 11 7 10 31 44 29 16 10 10 12 20 13 25 18 7 17 16 19 18 11 17 7 5 4 19 22 26 30 17 14 
15 8 6 5 3 2 4 10 9 5 6 3 6 18 13 5 3 2 6 9 6 5 3 4 6 15 10 4 6 12 10 7 5 5 9 7 7 25 52 28 11 7 9 16 21 16 21 25 14 15 17 19 18 11 18 7 4 6 26 29 28 30 18 16 
11 8 6 3 2 2 5 6 5 6 6 4 6 16 8 3 2 4 10 7 5 7 5 4 7 12 7 6 7 12 13 9 4 4 10 9 10 14 53 29 11 14 15 19 22 14 16 17 24 20 18 21 18 10 14 4 7 18 32 19 24 25 15 12 
6 6 3 2 1 2 3 5 7 7 6 4 11 17 6 3 2 6 10 8 7 8 7 4 8 12 8 8 10 13 17 10 4 4 7 9 10 11 47 42 27 28 20 21 21 13 15 10 14 24 22 26 17 11 12 7 11 22 25 12 19 19 11 7 
4 5 3 2 1 3 3 8 15 21 22 13 27 38 22 7 3 7 8 9 5 11 14 6 7 10 11 10 10 10 13 13 5 3 6 6 6 14 42 53 27 27 23 24 19 10 16 9 5 15 24 27 14 12 18 19 14 13 16 14 20 15 8 4 
10 14 13 10 2 3 3 10 26 44 48 36 56 78 51 24 10 6 5 9 4 15 21 7 6 7 9 10 8 7 6 9 11 9 10 9 9 19 38 48 27 23 22 24 19 9 18 12 5 10 17 23 15 20 30 17 11 8 8 12 19 14 8 3 
27 23 27 26 10 6 4 15 32 35 42 46 72 89 69 45 21 6 6 8 5 15 21 6 4 5 9 11 5 5 4 7 20 19 12 9 11 20 35 40 26 21 20 25 19 14 19 20 11 8 13 23 26 25 18 14 10 11 10 12 14 14 9 4 
24 18 30 43 35 26 13 22 28 23 29 42 74 86 75 65 38 15 12 10 7 12 16 6 7 12 15 7 3 4 5 6 14 18 7 6 12 19 36 37 17 16 17 20 13 13 20 18 8 10 22 31 23 15 11 16 13 15 11 12 12 16 16 17 
28 17 46 73 67 60 40 24 22 20 21 32 65 81 72 70 53 25 13 16 15 19 19 26 45 52 29 7 3 4 6 8 10 8 4 7 15 17 37 41 20 12 14 13 5 5 17 17 16 31 35 19 9 12 14 16 16 17 10 10 17 23 25 26 
37 24 55 88 74 76 66 42 23 21 21 24 48 66 61 63 54 29 13 16 17 19 31 51 64 71 47 9 2 5 10 13 9 3 6 11 17 15 34 48 24 16 10 11 3 3 16 25 34 33 27 11 9 17 17 14 16 17 11 12 18 21 16 17 
37 28 45 85 70 72 72 60 35 24 24 19 31 49 45 54 46 29 12 8 8 18 39 51 57 62 53 13 4 9 14 10 4 4 10 12 16 8 28 51 24 25 12 7 5 4 19 28 20 18 21 12 21 22 16 11 14 15 16 18 20 20 14 17 
35 29 28 66 72 62 64 64 46 26 21 16 24 47 42 45 38 23 8 6 8 33 45 48 48 49 46 15 9 15 12 6 5 7 10 13 15 8 26 45 19 17 9 7 7 9 18 19 10 14 16 12 23 26 13 11 14 12 12 16 16 19 14 12 
38 30 17 36 67 59 55 60 53 35 20 12 19 46 44 42 34 19 6 7 21 45 50 48 42 43 29 9 15 20 8 5 5 9 7 13 14 9 19 36 11 10 7 10 10 15 16 11 11 19 17 19 25 38 13 11 16 9 7 9 11 17 13 9 
44 35 14 14 39 59 55 48 54 46 27 12 12 33 38 40 32 19 17 21 35 48 52 47 39 39 21 10 16 15 11 6 7 8 7 16 12 9 19 35 10 8 5 8 12 14 15 8 12 23 23 21 18 36 14 8 18 9 3 6 10 15 17 14 
52 44 21 12 15 39 54 48 45 45 40 23 8 21 34 45 36 20 22 26 40 49 52 42 42 42 31 16 13 5 10 10 8 6 10 16 8 7 22 40 15 9 5 7 11 13 18 18 17 25 26 16 16 28 18 6 14 11 5 5 10 15 16 17 
55 47 35 22 17 28 48 54 43 35 46 48 27 26 39 56 43 26 23 28 43 52 45 42 37 29 24 26 20 4 6 12 10 5 10 10 9 6 19 41 16 10 6 7 9 9 14 28 29 28 22 10 12 20 21 8 12 11 6 3 6 8 7 12 
27 23 22 18 24 41 55 59 51 43 48 56 49 36 31 33 24 23 22 25 48 58 41 35 26 22 30 45 24 5 5 9 9 9 6 8 9 8 20 36 11 9 7 8 8 8 10 12 28 27 18 7 12 10 19 7 9 11 7 2 4 8 5 9 
19 21 26 29 34 40 47 54 46 40 38 27 18 11 10 12 16 27 41 45 46 45 34 28 29 38 50 33 7 4 5 9 9 10 7 8 10 8 18 30 7 7 7 9 10 8 10 12 22 26 22 7 12 7 16 11 10 9 8 2 3 8 6 6 
23 28 29 27 25 22 25 37 36 23 15 12 15 17 19 22 29 46 61 63 62 52 38 30 31 35 19 5 3 4 5 8 7 5 8 11 8 5 18 29 7 5 8 13 13 11 11 16 18 19 25 17 13 8 15 17 19 10 9 5 4 7 8 5 
24 26 24 22 20 13 13 28 26 27 24 24 28 26 27 25 27 33 44 44 56 60 56 38 23 24 23 12 8 5 3 7 6 4 8 11 10 6 17 26 9 10 11 14 17 12 12 19 11 14 22 24 26 26 26 21 18 9 10 8 4 5 6 6 
19 21 23 19 13 8 10 43 39 37 36 30 31 27 28 23 24 23 20 27 37 36 50 69 68 68 54 27 10 8 7 12 12 8 8 7 13 11 11 15 7 12 10 10 15 16 10 9 8 12 18 26 33 28 22 27 21 15 12 11 6 8 11 17 
21 21 15 9 19 19 12 63 73 52 48 37 30 28 31 28 21 9 7 29 54 40 63 92 83 63 32 8 2 6 15 20 20 14 14 8 7 14 12 9 6 9 15 11 9 17 13 9 14 20 21 25 29 21 15 23 21 18 15 15 11 19 33 32 
18 12 8 18 41 22 10 26 52 51 54 46 33 25 21 14 8 4 5 22 60 84 103 87 55 25 12 5 14 34 41 29 26 25 12 13 9 9 13 18 13 13 28 21 7 13 14 8 10 12 15 21 24 18 18 27 25 16 10 12 12 25 34 20 
15 13 15 38 42 20 21 26 27 28 26 20 15 9 8 10 7 3 4 17 67 97 91 59 35 37 32 46 76 74 36 9 30 34 16 10 9 5 10 43 45 15 22 37 12 7 13 8 7 7 8 15 13 7 13 21 18 14 9 16 21 21 27 38 
48 48 53 63 66 64 65 64 60 49 20 12 10 10 11 13 7 3 5 31 89 85 42 30 46 54 59 90 74 27 5 2 8 16 11 9 8 7 9 28 67 53 30 41 37 10 11 9 9 10 8 15 10 7 14 13 10 11 22 39 28 20 21 38 
72 72 69 59 56 51 45 35 28 24 20 11 9 11 12 13 7 6 11 62 73 32 27 41 46 44 70 64 25 3 2 2 3 3 3 6 9 18 20 22 46 92 107 67 54 25 11 12 9 6 7 13 11 13 17 10 8 14 29 29 19 25 15 19 
53 58 42 18 21 23 19 13 9 15 19 12 12 14 12 12 6 5 8 52 26 14 29 37 42 40 47 14 4 3 3 2 4 2 2 3 4 21 41 42 35 47 99 107 71 45 16 10 9 5 12 24 22 20 18 12 26 26 12 9 14 27 11 8 
59 51 26 18 15 17 14 11 10 20 24 17 14 14 13 15 8 4 9 21 5 12 22 30 30 20 9 3 4 3 4 5 3 3 3 2 3 18 38 43 33 23 47 101 97 58 32 12 16 18 27 27 16 17 18 16 30 19 8 9 14 29 12 10 
41 24 15 16 12 14 12 13 15 17 28 21 18 17 17 19 13 7 17 7 2 6 15 19 21 9 3 3 3 3 4 4 6 5 5 4 3 13 35 42 35 29 21 43 92 76 43 27 29 27 20 19 16 20 22 16 19 12 14 15 17 27 12 16 
13 8 16 22 22 16 16 18 14 13 37 30 23 24 25 24 18 40 30 4 2 3 3 5 7 4 4 4 3 5 6 5 3 4 5 4 2 9 31 42 41 35 28 18 48 77 37 39 28 22 21 29 27 32 30 18 18 15 25 18 21 27 15 17 
8 16 17 12 12 10 16 16 13 16 42 61 44 44 39 42 65 92 35 5 2 4 7 5 4 4 3 3 3 4 4 4 4 2 5 4 3 6 23 34 34 30 54 49 20 60 32 44 38 34 37 34 29 30 27 20 16 20 28 23 26 24 14 13 
10 12 9 7 7 13 17 11 13 10 23 82 81 77 45 42 104 100 42 9 17 13 8 9 14 11 7 4 3 2 3 3 2 3 5 3 2 5 15 25 27 27 55 47 22 41 33 30 38 32 41 34 25 21 17 19 17 17 16 10 14 15 7 11 
6 5 5 6 10 18 11 6 12 5 5 53 78 45 17 28 105 102 45 22 27 13 6 14 22 20 14 5 2 3 3 6 5 3 4 3 5 5 6 10 15 19 24 14 9 25 59 43 42 39 39 39 28 22 12 15 14 10 11 6 8 9 6 17 
4 4 7 8 18 13 5 5 5 2 2 13 19 6 10 22 50 71 49 46 29 12 7 19 33 42 22 11 5 2 3 3 3 3 7 12 19 16 9 8 5 7 10 6 7 24 71 88 42 44 41 42 24 20 21 28 35 21 17 9 9 11 12 25 
16 12 18 20 19 7 4 5 2 2 4 7 6 5 12 20 17 24 51 49 23 7 13 25 42 52 38 25 17 5 2 2 3 10 22 34 38 27 11 12 6 3 7 9 12 35 77 109 71 34 45 43 33 19 22 30 39 22 15 13 18 21 23 34 
35 18 25 25 13 9 9 5 2 2 4 7 6 9 20 27 16 19 57 48 18 5 15 29 41 47 41 39 35 11 1 2 11 31 40 47 45 35 13 7 16 6 8 13 21 50 90 117 86 23 32 45 47 25 14 14 30 17 14 20 21 13 22 33 
44 22 21 18 9 11 8 2 2 4 7 9 10 12 22 21 17 38 78 54 20 5 14 30 36 42 46 48 38 8 1 9 26 44 48 50 43 34 11 8 36 21 15 26 35 64 102 119 64 17 20 41 48 39 25 20 24 16 14 16 13 5 14 25 
28 33 17 14 8 7 4 2 2 10 12 12 14 11 22 15 13 38 78 55 20 4 13 26 32 36 42 41 22 2 2 12 31 43 48 47 36 24 8 16 42 38 40 51 67 91 108 86 21 9 13 26 43 46 38 29 19 17 16 13 8 6 16 23 
17 33 24 15 6 4 2 1 3 15 19 10 11 10 18 12 11 35 83 61 19 4 11 20 27 33 32 26 7 1 2 12 27 37 45 42 30 15 6 21 37 43 31 53 67 69 54 23 8 8 9 13 38 43 30 33 34 36 31 12 8 10 16 21 
11 18 28 11 8 5 1 1 10 19 17 6 14 12 14 13 11 29 68 64 24 4 8 15 20 22 15 9 2 2 3 13 24 33 40 35 25 12 5 19 44 57 21 27 16 9 11 10 6 9 7 16 30 42 32 20 28 44 43 21 10 12 14 13 
5 9 18 9 3 3 1 2 9 12 16 7 16 16 15 15 12 27 70 64 26 6 12 17 11 9 5 2 2 1 2 9 20 27 32 29 21 13 6 25 56 72 37 27 15 7 9 7 5 7 9 22 15 26 30 22 20 32 45 36 23 14 9 11 
6 9 6 3 2 2 1 3 9 8 11 8 19 20 13 15 13 23 44 58 37 16 17 13 7 5 4 3 2 1 4 7 14 18 24 25 20 13 10 32 69 86 49 24 14 7 7 6 6 9 18 16 9 12 21 18 14 26 30 30 33 27 15 11 
17 27 10 2 2 2 1 5 10 7 11 11 24 24 14 14 14 18 22 37 47 44 36 13 8 8 7 6 6 7 5 4 6 8 15 22 16 11 20 49 76 81 43 18 13 6 6 8 9 13 15 14 25 18 21 16 7 17 20 20 22 30 29 20 
18 23 24 8 2 1 2 7 10 9 15 15 21 26 16 16 14 15 11 10 25 36 29 17 21 26 20 20 23 27 20 4 3 3 7 16 13 13 27 52 72 64 28 10 6 6 11 10 11 10 8 16 28 24 22 13 7 16 18 14 15 21 26 27 
19 13 19 22 4 1 3 7 9 9 18 16 15 23 15 17 14 15 7 14 17 11 19 41 45 55 42 37 45 46 23 10 11 9 11 25 29 27 36 55 60 36 18 9 7 8 7 10 13 6 7 19 26 23 16 8 6 18 18 18 18 20 18 20 
11 10 12 29 5 1 2 5 10 9 19 15 11 20 16 19 16 12 7 14 12 16 14 52 67 75 57 42 47 35 26 34 43 37 41 56 67 45 52 61 46 33 19 9 9 7 10 15 16 8 18 30 27 17 12 8 11 25 25 29 26 26 30 34 
4 7 12 18 3 2 4 6 9 9 21 15 9 18 20 18 15 6 6 7 16 27 11 26 53 73 71 54 26 27 37 56 83 79 82 74 38 27 36 22 28 36 41 37 18 10 12 12 17 19 29 30 18 15 12 13 18 21 16 25 33 27 29 36 
4 8 12 5 2 3 10 10 8 9 19 16 10 17 25 17 10 4 5 10 17 21 11 13 12 16 21 20 15 27 53 76 95 94 81 46 17 15 11 15 29 22 22 38 41 18 19 24 32 29 21 23 19 25 16 17 16 19 16 18 32 24 14 23 
5 9 10 4 2 4 9 12 11 7 15 12 13 14 22 17 5 5 10 9 10 10 11 14 7 3 9 16 21 18 21 34 41 42 24 26 19 17 11 23 34 20 13 11 15 17 29 36 38 21 16 23 20 19 14 11 11 18 22 26 31 25 19 26 
5 7 5 4 2 8 14 10 11 9 13 8 15 20 18 9 8 11 13 7 6 11 8 7 4 4 12 16 22 15 17 18 18 19 15 25 25 23 13 30 26 15 12 10 9 17 20 19 28 14 16 17 15 15 12 8 12 17 24 32 29 25 27 26 
14 10 3 2 2 6 15 16 13 9 11 7 16 26 13 7 13 15 14 10 12 15 6 7 3 9 17 17 21 18 16 19 19 24 24 27 22 22 16 29 20 13 13 12 9 12 14 16 26 16 20 14 12 13 10 9 18 23 24 28 21 22 36 31 
49 25 3 3 1 2 5 13 15 11 11 7 16 23 13 15 17 20 23 12 5 8 11 9 5 12 17 17 22 23 20 20 22 25 24 27 16 11 17 23 21 14 13 12 11 7 13 19 19 17 20 13 10 10 10 12 25 22 18 25 17 20 34 34 
36 15 3 2 2 2 4 13 18 13 13 10 12 15 21 23 17 11 8 9 16 18 14 8 8 11 15 17 20 25 27 26 25 25 25 26 17 9 24 23 13 12 13 15 14 8 11 14 15 19 24 18 16 11 13 14 27 24 15 24 18 17 24 33 
11 4 3 2 7 8 4 9 15 17 22 17 13 23 22 26 12 5 11 17 20 24 14 8 13 12 15 17 19 23 28 28 26 24 24 24 17 20 31 20 11 11 13 16 9 10 8 12 21 26 27 23 18 14 12 14 28 22 9 21 19 16 15 21 
4 4 4 4 17 17 12 15 17 19 22 18 18 24 14 12 8 14 20 26 24 21 11 10 16 13 16 17 15 19 26 24 23 23 18 20 17 25 22 17 16 12 15 12 10 15 11 20 28 28 27 23 16 14 9 14 27 20 9 18 14 10 10 11 
4 6 4 13 22 17 22 29 20 11 11 16 16 14 10 13 20 20 20 29 22 16 10 13 20 17 22 19 17 18 23 30 24 25 16 19 12 19 19 16 18 9 10 11 18 20 15 23 23 26 28 21 14 12 9 13 27 23 16 18 13 13 14 10 
4 7 4 20 17 9 12 14 13 9 15 12 10 12 14 20 24 24 19 27 13 11 11 13 21 22 24 18 18 21 19 35 26 26 23 21 10 18 15 17 17 7 12 16 18 16 13 17 16 24 22 20 14 12 9 10 27 28 25 24 24 22 22 16 