


140 143 144 142 144 146 144 146 146 147 147 150 150 150 151 152 151 151 154 155 157 159 162 165 168 168 169 172 175 179 180 184 202 213 215 204 198 189 182 185 187 189 181 142 165 164 157 161 160 160 159 135 134 153 152 152 148 117 126 124 106 102 88 111 
139 142 143 143 144 145 145 146 146 147 148 149 150 150 150 152 152 152 153 155 157 160 163 166 168 169 169 171 175 179 179 181 201 211 214 205 199 190 183 184 186 189 163 146 175 174 169 174 178 183 183 171 165 188 190 196 196 170 159 150 99 99 75 115 
139 142 144 144 145 146 146 147 147 147 150 150 150 150 150 151 152 152 152 154 157 161 163 166 169 170 170 172 175 179 178 180 200 210 215 207 199 190 184 183 186 182 146 174 196 198 197 199 204 207 201 194 180 203 204 207 205 188 180 168 107 100 77 116 
139 142 145 145 145 147 147 148 148 147 150 150 151 151 150 151 151 151 153 155 156 159 162 166 169 171 171 172 176 180 179 180 199 209 215 208 199 190 183 184 186 161 160 183 196 198 197 199 203 207 201 193 178 203 202 201 201 189 179 165 106 106 87 134 
139 141 144 145 146 148 148 149 148 148 150 150 151 151 151 151 151 151 153 154 156 159 163 167 170 172 171 173 177 181 179 180 199 209 215 208 199 189 183 184 179 145 181 181 175 189 198 199 200 202 201 195 177 202 201 200 201 192 164 149 116 105 104 138 
141 141 144 145 145 148 149 149 149 149 149 150 151 151 152 152 152 153 153 154 157 159 163 166 170 173 172 174 179 180 177 181 197 207 215 207 199 190 182 184 153 143 185 144 104 160 196 197 197 198 198 194 171 200 202 200 202 192 163 170 121 86 76 172 
141 141 145 145 145 147 149 150 150 149 150 150 150 151 152 153 152 153 153 154 156 159 163 167 170 172 171 174 178 179 177 180 196 205 214 206 198 188 181 179 128 116 171 158 137 174 195 195 196 197 198 195 158 197 201 199 199 190 161 198 129 86 72 177 
141 142 145 145 145 147 149 150 150 150 151 152 151 151 152 153 152 153 153 154 157 160 163 167 170 172 171 174 178 181 178 180 195 205 214 206 197 187 181 183 148 102 148 152 148 196 192 197 199 201 201 201 178 201 191 168 167 156 111 185 122 85 69 173 
142 142 145 146 145 147 149 151 150 151 152 152 151 151 152 152 153 152 153 156 157 160 163 166 171 173 171 175 179 182 179 180 195 203 212 197 194 186 182 182 161 126 138 102 86 135 150 162 173 170 169 169 158 167 162 108 116 133 105 192 118 89 75 172 
142 143 145 147 146 147 149 151 151 151 152 153 151 152 152 153 153 153 153 155 157 160 163 166 170 174 172 174 179 183 181 179 194 202 200 179 184 171 162 162 106 120 125 87 66 93 119 101 98 98 97 97 97 109 129 109 106 132 105 198 117 90 76 172 
143 144 146 147 146 146 149 151 152 151 153 153 152 151 152 153 153 153 153 155 157 160 163 166 170 175 173 173 180 182 183 180 188 203 181 182 169 165 149 156 110 96 91 74 61 96 135 118 114 118 120 123 122 141 103 104 101 131 104 201 117 87 73 172 
145 144 146 147 146 147 149 151 152 153 153 153 152 151 152 153 152 152 154 155 157 161 163 167 170 174 174 172 178 182 198 179 184 183 174 177 169 164 158 153 108 116 107 68 51 70 99 105 120 126 87 81 80 82 64 102 99 131 107 201 106 79 64 155 
144 146 146 147 148 148 149 151 152 154 153 153 152 151 153 153 152 153 153 155 156 160 164 167 170 175 174 173 184 192 184 176 190 157 183 166 149 154 158 125 133 151 111 65 67 75 105 142 144 131 55 51 52 74 98 116 99 124 104 183 88 66 49 128 
145 146 145 147 148 148 149 151 152 152 153 153 152 152 153 153 154 154 154 155 157 161 165 167 172 182 173 183 202 188 178 182 174 145 140 130 126 153 157 115 83 61 59 60 85 125 95 94 106 110 110 115 122 153 89 94 74 87 73 171 97 74 57 144 
146 147 146 147 147 147 149 152 152 153 153 153 152 152 153 153 154 154 154 158 162 170 172 170 180 193 180 165 206 176 171 180 175 149 137 129 146 174 162 96 62 51 50 41 70 130 128 118 119 118 118 117 116 129 74 83 69 87 82 194 111 83 68 165 
146 147 147 147 147 147 149 151 152 153 153 154 153 152 153 153 154 155 158 174 178 176 165 161 178 189 181 161 172 158 165 173 156 150 150 156 165 172 163 89 81 88 63 39 52 82 59 47 47 46 44 42 38 69 87 111 101 112 112 202 111 86 70 172 
147 147 147 148 148 148 149 151 152 153 154 153 152 152 153 154 154 165 169 170 175 169 158 159 177 179 157 153 149 148 146 153 157 157 160 175 163 171 165 108 133 124 65 48 38 44 41 43 44 44 45 44 42 79 92 120 112 114 120 200 100 80 65 155 
148 148 148 148 148 149 150 151 152 153 154 153 152 152 153 155 171 176 185 185 163 144 146 161 185 167 145 140 136 137 144 164 155 157 159 184 160 161 126 118 150 116 62 59 73 57 57 58 59 59 59 58 56 97 91 120 114 107 118 185 82 72 56 120 
148 148 148 148 148 148 149 151 151 154 156 158 159 158 164 162 179 176 177 154 127 130 156 168 169 168 148 156 156 139 169 183 149 143 157 163 127 155 107 80 68 64 60 64 127 111 88 89 92 96 101 104 113 133 77 98 86 80 89 167 79 68 49 112 
148 148 148 149 149 149 149 151 152 158 165 172 174 170 162 159 155 153 162 152 142 140 166 165 165 169 157 170 173 168 190 163 140 138 155 165 142 152 99 91 117 89 54 57 136 147 143 144 144 145 145 145 146 131 65 87 72 73 75 151 74 68 50 110 
148 149 148 149 149 149 150 156 161 156 174 167 163 171 155 159 149 149 161 167 153 155 169 172 185 173 180 195 167 164 174 157 146 140 143 145 142 134 120 139 158 109 53 54 118 102 77 73 72 71 70 67 65 87 66 88 70 74 67 131 72 68 50 109 
147 149 149 149 148 149 149 156 159 172 171 151 159 159 153 161 168 164 167 162 152 150 159 179 170 163 201 181 147 146 168 158 145 135 126 120 127 133 136 136 157 113 54 52 73 55 52 52 52 52 52 51 47 72 67 88 70 75 67 126 71 69 50 110 
147 149 149 152 140 141 142 162 166 177 163 155 158 170 163 165 172 178 150 125 124 137 154 169 154 154 197 189 154 145 159 165 171 180 158 143 138 148 122 71 106 86 54 51 52 51 51 51 52 52 52 51 47 70 67 89 69 80 88 102 71 84 78 103 
146 148 149 152 156 151 148 153 159 156 168 166 163 190 190 181 159 176 148 122 125 150 158 152 149 140 164 186 152 142 151 175 161 167 151 146 145 147 127 52 52 52 54 51 52 50 51 51 52 52 51 51 47 69 67 89 67 76 68 107 63 70 58 107 
147 149 150 150 156 176 160 150 154 163 165 167 177 166 166 161 146 170 160 136 119 143 154 147 145 132 131 158 146 139 146 155 151 152 140 136 140 140 129 53 51 52 53 50 51 51 51 52 52 51 51 51 47 69 67 89 66 75 62 110 62 66 46 104 
148 149 150 151 154 179 161 154 155 152 150 143 159 145 140 160 164 163 158 143 142 146 147 136 135 136 150 150 145 134 143 154 144 137 131 127 136 124 131 54 51 51 53 50 50 50 51 51 52 51 51 50 47 67 68 89 65 74 60 109 61 66 45 102 
148 149 151 153 161 152 139 152 158 150 138 132 146 140 139 160 147 145 150 144 139 138 146 142 140 140 143 145 139 140 130 139 141 136 129 121 117 112 130 55 49 50 53 48 48 48 50 51 51 50 50 48 45 65 68 88 63 73 58 109 61 64 43 101 
148 150 153 169 190 150 136 148 160 140 133 134 147 148 128 140 145 154 153 135 122 126 142 155 145 144 138 138 137 138 127 136 139 133 127 119 112 109 128 55 47 48 50 45 44 47 48 49 48 49 49 47 44 62 66 86 60 72 54 102 60 59 38 99 
150 151 155 197 210 179 134 129 141 148 145 140 158 159 151 140 133 129 139 130 119 112 126 142 135 131 111 122 137 132 121 130 132 126 121 113 106 102 125 52 45 45 46 37 51 44 43 44 43 43 43 41 38 57 61 78 53 66 49 101 65 63 43 106 
134 154 148 200 213 185 137 129 137 148 161 143 157 146 143 137 122 119 128 121 111 104 122 138 135 120 102 107 112 112 109 122 123 118 112 105 101 99 122 58 58 55 43 33 94 84 57 51 52 53 53 52 50 75 60 75 54 72 58 113 69 66 47 107 
116 137 131 183 188 156 136 134 151 150 165 145 157 163 118 109 99 113 122 111 103 120 147 165 154 144 133 131 133 128 125 149 131 120 116 113 125 122 129 69 81 72 53 45 116 146 137 134 137 138 138 137 136 131 71 86 62 77 60 114 69 68 50 103 
148 146 150 159 142 130 134 144 157 149 149 155 161 148 134 155 149 149 141 123 118 152 165 164 153 143 152 167 156 149 158 164 153 143 142 139 146 137 132 102 155 133 60 48 110 119 89 79 80 79 78 78 77 95 70 88 62 78 59 114 69 70 54 102 
153 154 155 140 134 131 132 155 168 152 148 139 144 141 133 155 148 154 156 126 109 137 155 155 152 145 127 156 153 154 144 155 157 147 141 130 141 133 145 136 161 141 62 49 72 59 52 49 49 49 50 50 46 61 69 88 61 78 59 114 71 67 45 106 
153 154 149 142 139 131 133 152 146 143 148 139 133 139 122 139 143 154 165 144 132 152 154 153 152 144 124 144 150 151 140 157 155 142 134 121 133 127 139 80 123 118 61 50 51 51 50 67 116 102 97 94 91 91 70 87 62 78 59 113 71 67 45 105 
154 155 154 154 150 147 145 130 125 126 142 133 126 137 121 136 157 160 174 155 148 158 151 145 150 147 126 166 150 144 144 168 151 137 132 114 133 136 145 70 56 56 54 51 51 52 100 143 152 111 79 78 77 77 60 83 60 78 58 113 70 67 44 104 
153 155 154 154 155 167 185 140 130 151 155 136 139 143 128 138 163 152 151 153 143 151 152 141 148 147 133 168 159 158 159 169 152 156 167 146 158 165 155 73 52 52 53 51 52 62 134 157 154 96 43 42 40 37 33 80 60 78 57 114 67 68 45 102 
153 155 154 154 156 172 162 140 143 152 140 132 139 149 138 138 148 144 162 152 136 156 150 136 144 146 124 145 156 157 155 180 161 155 167 160 162 168 157 76 53 52 53 52 52 83 147 158 155 98 39 39 38 34 29 79 61 79 56 113 64 66 45 102 
153 155 154 154 156 158 163 153 149 148 126 130 144 150 140 137 140 140 156 161 149 142 138 133 143 147 126 138 151 153 150 160 157 149 137 151 162 168 158 78 53 53 54 52 52 58 129 155 154 101 43 45 44 39 28 78 60 80 55 113 62 66 44 101 
153 155 154 154 155 158 159 160 158 155 154 138 138 145 162 142 125 133 140 135 128 117 121 147 154 153 133 138 152 150 150 158 161 153 162 155 155 165 158 82 52 52 53 51 51 51 76 114 148 123 102 100 99 84 51 80 59 80 59 110 62 67 46 96 
154 154 154 154 155 158 159 159 156 162 155 151 144 143 151 137 141 139 134 127 110 96 106 139 152 153 133 136 149 151 149 152 160 161 168 152 144 152 148 83 49 50 54 50 49 55 52 55 92 78 56 52 49 54 69 81 59 81 76 97 68 81 77 99 
152 153 154 154 155 157 159 160 158 156 155 159 163 157 145 128 144 149 152 140 115 102 111 129 137 143 142 158 153 154 150 152 160 155 145 141 143 148 144 83 75 102 66 51 64 100 78 67 68 69 71 73 70 75 73 80 59 81 55 108 61 68 47 97 
151 152 154 154 155 157 159 161 159 157 157 158 158 159 160 147 161 153 164 159 129 119 126 143 132 131 138 147 152 145 144 147 158 154 149 144 144 142 139 113 142 162 86 51 73 143 141 134 135 135 135 136 133 128 80 78 57 81 53 108 60 67 42 94 
149 152 155 155 156 157 159 161 161 158 157 158 158 157 159 159 168 168 167 159 147 144 142 165 156 147 153 151 147 143 142 135 147 150 145 138 128 127 135 130 145 163 89 48 69 122 90 69 70 68 66 66 63 73 74 77 57 81 52 107 62 65 41 91 
148 152 156 155 156 157 158 160 161 158 158 158 158 158 158 158 160 160 169 162 152 141 140 149 136 140 147 130 138 141 140 127 136 144 135 127 115 116 125 116 81 101 66 46 55 64 49 47 47 46 46 44 43 45 66 72 55 80 50 107 67 65 42 90 
148 152 156 156 156 158 158 159 161 159 158 159 158 157 157 158 160 161 167 165 164 150 148 143 139 151 150 142 129 109 110 113 124 132 123 113 102 104 114 124 54 52 51 48 46 48 48 47 47 46 46 46 44 44 67 69 53 75 45 101 69 66 40 87 
149 152 156 156 157 158 158 159 161 160 158 159 158 157 158 158 159 161 161 167 170 164 165 162 159 156 153 162 140 132 126 130 145 139 128 123 121 134 130 131 58 55 52 50 47 49 48 48 47 47 47 46 44 44 69 70 54 76 46 96 67 66 40 87 
149 152 155 156 156 158 159 159 161 160 159 159 158 157 158 157 159 161 162 164 164 164 166 168 171 172 162 161 155 155 155 149 153 147 141 135 129 144 133 135 60 56 54 52 48 48 48 48 47 46 45 45 43 44 69 68 56 77 47 95 65 65 39 86 
148 151 154 156 156 158 159 159 160 162 160 160 158 158 158 158 159 161 163 164 164 164 166 168 175 181 182 183 189 160 162 149 159 152 155 134 122 131 132 141 61 56 53 51 47 48 47 47 47 46 45 45 44 43 69 66 56 77 46 96 67 67 51 85 
148 152 155 157 157 159 159 160 160 162 161 160 158 157 157 158 158 161 163 163 164 164 167 168 174 181 185 187 204 174 166 152 172 163 158 160 160 153 145 146 61 55 53 50 44 47 47 47 47 47 46 45 44 43 69 66 56 76 46 96 69 64 39 85 
148 152 154 157 158 159 160 160 160 162 161 161 158 157 157 159 158 161 162 163 165 164 166 168 173 180 184 185 190 180 174 168 170 176 169 169 161 161 157 146 62 75 72 51 45 70 63 56 53 53 52 52 51 50 72 65 56 75 46 95 71 64 39 85 
150 154 156 158 158 159 161 160 159 161 162 160 158 157 157 159 158 160 162 163 164 164 166 167 173 180 185 187 189 194 196 189 172 178 175 165 156 165 161 147 105 160 133 56 48 107 124 120 118 118 117 116 114 110 90 64 56 75 46 94 73 62 39 85 
150 155 157 157 158 159 161 161 159 161 163 161 158 157 157 158 158 160 162 163 164 164 166 168 173 181 187 189 190 195 197 189 182 181 188 206 191 187 160 160 146 169 140 57 42 105 103 77 75 76 77 78 77 81 86 63 55 73 46 93 71 61 39 83 
150 154 156 156 158 159 159 160 159 161 163 161 158 157 158 159 159 159 161 162 163 163 166 169 175 182 188 191 189 194 195 187 184 182 187 227 202 188 178 171 102 125 114 51 38 66 45 40 40 40 40 39 38 35 66 59 54 71 44 91 69 60 39 80 
149 152 154 155 157 157 158 160 160 160 162 161 159 158 159 159 159 159 160 162 164 163 166 170 175 183 189 191 189 192 190 186 183 180 182 207 197 181 193 181 100 62 60 46 39 40 40 40 40 40 41 40 38 35 65 58 56 68 40 87 67 57 38 79 
147 152 153 154 156 156 158 159 160 160 162 162 160 158 159 160 159 157 159 163 165 163 165 169 175 184 189 193 190 190 188 185 183 180 181 188 174 150 200 190 110 63 62 52 45 40 41 40 40 39 40 40 38 34 64 59 57 69 47 86 70 61 43 82 
148 151 152 154 155 157 158 159 160 161 162 163 160 158 159 158 159 158 159 162 164 165 166 169 176 184 188 194 189 188 186 186 183 181 182 185 177 172 205 199 118 65 77 112 73 39 40 42 62 89 67 63 60 52 69 58 57 69 61 87 76 67 53 78 
148 149 150 152 154 156 158 160 161 161 162 163 161 158 159 158 159 158 159 162 164 164 167 169 176 185 186 192 187 185 185 185 183 181 180 186 190 195 201 199 125 70 140 165 88 40 43 92 115 124 93 81 82 77 77 57 58 68 41 77 66 52 34 72 
147 147 149 151 154 156 159 161 162 162 162 163 161 158 158 159 159 158 158 162 164 165 167 170 177 185 186 190 185 183 185 184 184 181 179 186 192 185 190 200 132 138 213 167 80 37 67 126 128 123 67 39 37 33 62 57 59 67 40 77 67 52 35 71 
146 146 148 150 154 156 158 160 161 162 162 163 162 159 158 159 159 159 159 161 165 165 167 171 178 185 187 187 183 183 186 184 184 181 179 185 192 185 188 202 177 233 222 161 72 35 76 126 125 121 67 37 36 33 60 56 59 65 41 75 69 51 35 69 
145 145 146 149 153 156 158 160 162 162 163 163 162 160 158 158 159 158 158 161 165 166 168 171 179 187 188 185 183 184 186 184 184 182 179 186 192 186 190 200 215 246 210 161 68 34 51 117 127 120 73 50 49 44 62 55 58 64 42 73 72 51 34 69 
144 144 145 149 153 155 157 160 162 163 163 163 161 161 159 158 159 158 156 160 164 166 168 171 180 189 189 184 182 184 186 183 183 182 179 186 193 187 197 188 225 243 204 154 61 33 35 60 97 115 87 71 73 69 71 54 57 63 42 71 72 51 34 68 
142 142 145 148 152 156 157 159 161 162 162 163 162 161 159 158 159 158 156 160 164 166 167 172 182 188 188 184 183 184 185 184 183 182 179 187 193 203 217 199 232 238 199 141 51 32 33 33 44 80 46 35 34 31 53 52 56 60 41 67 70 50 33 66 
142 144 145 147 152 155 156 159 161 162 162 163 162 162 160 159 159 158 157 160 163 167 167 171 182 188 188 184 183 184 186 185 183 181 180 187 195 211 206 206 239 239 193 134 44 32 33 33 33 34 33 33 32 30 51 49 54 56 39 63 68 50 41 66 
142 144 145 147 151 154 156 158 160 161 162 163 162 162 160 159 159 158 157 160 163 167 167 171 182 188 187 184 183 184 185 186 183 179 180 187 197 178 190 216 249 236 192 121 38 38 38 40 40 41 43 44 44 41 54 48 54 53 38 60 65 49 40 61 


172 174 175 175 176 177 178 177 179 181 181 181 181 182 182 183 184 185 185 186 187 189 191 193 194 194 194 196 199 200 200 203 211 216 217 212 209 206 203 204 205 207 195 147 170 169 161 165 163 162 159 130 128 152 151 148 144 108 120 122 104 99 90 105 
173 174 175 175 176 177 177 178 179 180 181 181 182 182 183 183 184 185 185 186 187 189 191 193 194 194 194 196 198 200 200 201 211 216 216 212 209 206 203 204 205 206 175 150 182 181 175 181 184 186 187 170 162 189 191 195 195 167 157 151 100 101 81 108 
173 174 175 176 176 177 178 178 179 180 181 181 181 182 183 183 184 184 186 186 187 189 190 192 194 194 195 196 198 200 200 201 210 215 216 213 210 206 203 205 205 199 158 184 209 210 210 210 212 211 209 197 179 206 205 207 205 188 182 172 112 104 84 109 
173 173 174 176 176 178 178 178 179 181 181 181 182 182 183 183 184 185 185 185 187 189 191 192 194 195 195 196 198 200 200 201 210 214 216 213 209 206 203 204 205 175 170 195 209 210 209 210 212 211 209 197 177 206 205 205 204 190 181 169 113 109 86 126 
173 174 175 176 176 177 178 179 180 181 181 181 182 182 182 183 184 185 184 186 187 189 191 193 194 196 196 197 199 201 200 201 210 214 216 213 209 205 203 203 196 156 196 193 184 199 209 210 210 209 209 198 176 206 205 204 204 193 165 153 122 108 98 130 
173 174 175 176 176 177 178 179 180 180 182 182 182 182 183 183 183 184 184 185 186 189 190 193 194 197 196 198 199 201 200 201 209 214 216 213 209 206 203 203 167 150 201 149 95 165 207 208 207 205 205 196 170 204 204 203 204 194 162 168 126 92 86 162 
173 174 175 176 176 177 178 179 180 180 181 182 182 182 183 182 183 184 185 185 187 188 190 192 194 197 196 198 199 200 199 200 208 212 215 212 209 206 202 198 134 112 182 160 136 182 205 206 206 204 205 198 157 200 204 203 202 190 163 187 132 93 84 169 
173 174 175 176 176 177 178 180 180 180 181 181 182 182 183 183 183 184 185 186 187 188 190 192 194 197 195 198 199 200 200 201 208 212 216 211 201 201 202 201 158 100 134 134 153 206 195 206 209 207 207 204 174 203 186 171 169 153 120 174 127 92 81 167 
174 174 175 176 176 177 178 180 180 180 181 182 182 182 183 183 184 185 185 186 187 188 190 192 194 197 196 198 200 201 200 201 208 211 209 190 180 170 184 177 147 113 125 101 93 144 135 148 167 163 160 156 142 151 141 111 118 131 116 179 124 96 88 167 
174 174 175 176 176 177 179 180 181 181 183 183 182 182 183 183 183 184 185 186 187 188 190 192 195 197 197 198 200 201 200 200 207 209 177 141 143 126 120 124 98 114 114 87 74 86 93 82 86 88 89 91 91 101 116 113 111 129 118 184 123 97 90 167 
174 174 175 176 177 178 179 181 182 182 183 183 182 182 183 183 183 184 185 185 186 188 190 192 195 197 197 198 200 201 198 190 193 196 154 142 127 124 116 125 100 111 105 80 71 83 98 96 100 104 108 114 113 126 99 108 106 125 118 187 123 96 88 165 
174 175 175 177 177 177 178 181 182 182 182 183 182 182 183 183 184 184 185 186 186 188 190 192 195 198 197 196 199 201 199 164 162 148 135 136 127 124 123 123 103 119 110 77 59 63 79 88 101 108 83 83 81 84 70 105 107 126 120 186 109 87 78 148 
175 175 176 176 177 177 179 181 182 182 183 182 182 182 183 183 184 184 185 186 187 188 190 192 194 197 196 196 200 193 171 156 168 122 142 119 107 125 133 112 120 127 101 74 71 78 94 114 116 111 55 55 56 73 96 118 108 119 117 166 89 71 59 121 
175 175 176 177 177 178 179 180 182 183 183 182 182 182 183 184 184 184 185 186 186 187 190 192 195 181 160 178 189 176 165 166 159 123 111 102 99 132 134 103 95 71 68 69 82 103 84 84 93 97 94 98 103 128 86 94 79 80 81 153 102 77 62 136 
175 176 177 177 177 177 178 181 182 183 183 183 182 182 183 184 184 184 185 184 177 169 167 182 186 179 164 147 188 163 155 164 160 130 115 112 130 154 133 80 75 64 58 49 66 98 98 95 98 99 100 97 95 105 68 80 72 82 92 178 118 90 80 158 
175 177 177 177 178 177 179 181 182 183 183 183 182 182 183 183 184 184 174 168 140 137 126 132 157 174 164 144 155 141 148 156 137 128 128 133 143 147 133 75 96 104 71 46 48 64 52 48 49 49 48 46 44 66 88 110 106 109 124 186 120 94 86 166 
177 177 177 177 178 178 179 181 182 183 183 183 182 182 182 184 184 176 140 133 130 123 117 132 160 167 141 133 128 128 126 132 130 127 129 143 130 141 134 98 130 121 72 56 42 47 49 53 55 56 57 57 55 80 96 120 117 112 131 185 108 88 80 150 
177 177 177 178 178 178 179 180 182 182 183 183 183 182 182 182 189 173 163 148 115 100 118 140 166 145 123 120 116 117 123 135 117 116 122 151 130 127 106 111 129 106 69 65 77 69 71 73 74 75 75 75 73 99 97 119 118 108 129 167 88 80 70 118 
177 177 177 178 178 178 178 180 181 181 180 181 177 170 166 156 175 158 156 128 98 100 133 139 139 136 113 124 124 115 147 164 123 111 124 136 105 126 93 94 81 73 68 72 111 98 89 94 99 101 104 104 113 118 83 97 89 80 97 151 86 76 64 111 
177 178 177 178 179 179 179 180 180 173 161 154 150 155 149 140 134 130 136 123 114 114 136 132 121 129 115 149 155 150 176 146 119 113 129 139 121 124 87 93 98 80 63 66 114 113 117 125 131 131 127 122 128 108 70 85 73 74 83 138 83 75 63 109 
177 178 178 178 178 179 180 179 156 149 150 132 140 150 131 133 122 118 126 130 120 123 141 150 154 134 145 180 152 149 162 138 125 119 122 124 117 111 100 111 114 88 62 62 100 88 77 77 78 77 75 73 68 79 71 86 73 74 77 122 82 75 62 109 
176 178 178 177 174 176 175 174 144 136 124 119 133 125 117 121 133 128 126 119 113 116 139 164 153 140 183 168 134 132 157 137 119 108 104 102 105 107 106 104 114 91 62 60 73 65 65 66 66 66 66 65 60 71 71 86 72 74 77 117 80 76 63 109 
177 179 178 173 138 141 137 160 167 153 124 125 129 129 123 131 142 147 117 91 96 118 137 154 139 136 182 175 140 131 148 141 136 140 121 113 106 110 94 72 90 78 62 59 64 65 65 65 65 66 66 65 60 71 71 87 71 79 91 97 76 87 84 101 
177 178 179 175 150 138 133 133 139 128 135 133 142 165 161 163 138 154 118 97 106 132 140 137 132 120 147 171 137 128 140 144 123 126 111 109 108 109 97 63 65 63 63 59 63 64 64 65 66 66 65 65 60 70 70 86 70 74 77 101 71 77 69 106 
177 179 180 180 173 169 141 128 129 124 128 135 160 151 150 147 126 141 120 103 97 122 134 132 129 111 111 140 123 122 134 135 126 121 115 117 118 111 99 63 65 63 62 59 62 63 64 65 66 66 65 64 61 69 70 87 69 73 72 103 70 74 59 104 
177 179 180 180 180 180 144 126 121 110 115 121 142 129 124 145 136 126 118 110 113 118 123 120 115 105 118 114 104 110 130 138 123 117 114 112 120 107 102 63 65 62 61 58 61 61 63 64 65 65 65 64 60 68 70 87 69 73 71 103 69 72 58 102 
177 179 180 180 170 142 125 127 127 113 105 114 129 124 118 137 117 113 112 110 110 112 122 120 107 102 101 103 99 114 117 127 121 115 113 108 105 99 104 63 64 61 60 56 58 60 62 63 64 64 63 62 58 66 69 85 67 71 69 102 68 70 54 100 
178 180 180 185 182 140 122 130 134 102 100 114 128 128 100 107 111 121 118 107 102 109 119 124 109 105 95 96 99 112 115 125 120 112 110 106 101 96 103 61 62 60 58 52 54 57 59 60 61 61 60 60 55 63 67 82 63 68 64 96 66 64 46 99 
178 176 179 194 197 166 117 111 121 113 110 115 134 129 117 100 100 104 116 108 102 98 110 125 115 97 77 88 96 105 108 120 114 105 104 100 96 90 98 57 57 56 53 44 52 50 53 54 55 55 54 53 49 57 60 75 55 61 57 96 71 70 55 106 
136 145 141 186 199 172 120 113 120 119 126 116 127 111 108 98 92 101 110 100 94 90 105 121 120 99 80 84 84 87 95 111 104 95 95 91 89 86 93 62 71 66 50 38 74 68 53 52 54 55 55 53 52 67 59 72 56 68 69 106 75 74 60 107 
106 120 118 169 173 141 120 117 132 122 132 124 133 138 90 85 83 95 103 89 85 105 129 149 140 126 119 116 118 110 112 136 115 101 99 100 112 106 101 75 84 73 60 53 91 104 101 105 108 107 107 106 106 103 70 85 66 73 72 106 74 73 61 102 
172 165 168 155 129 120 119 125 130 117 124 135 141 131 117 137 130 131 119 101 101 133 146 147 137 125 138 152 140 135 146 149 134 125 125 125 131 122 105 91 118 102 63 58 87 90 77 76 76 75 75 74 72 80 70 85 66 73 71 106 74 74 63 100 
179 180 170 128 119 120 119 128 132 115 115 117 129 127 122 141 129 136 127 101 93 120 137 137 137 127 117 144 136 140 135 141 136 125 122 114 125 118 113 105 117 106 65 58 68 64 62 60 58 60 63 62 58 62 68 85 66 73 70 106 76 74 58 105 
180 181 171 145 131 121 120 123 111 107 114 114 119 125 111 128 123 130 128 104 103 123 131 136 138 127 115 135 134 137 131 144 132 119 115 105 118 111 108 76 99 94 63 58 61 62 59 66 92 84 84 83 80 78 69 84 66 74 69 106 76 74 57 105 
180 182 181 180 165 148 135 114 105 98 109 111 114 124 110 126 134 128 135 115 114 118 120 129 137 129 114 156 134 130 134 154 128 110 104 96 113 115 111 70 68 66 61 59 61 61 84 104 111 86 69 70 69 69 60 81 65 73 68 105 75 73 57 104 
181 182 181 181 182 183 177 126 114 125 118 113 126 128 115 127 137 117 114 112 109 117 129 127 136 131 119 155 144 141 146 152 122 121 130 109 118 126 116 72 67 65 61 60 61 63 100 110 113 78 51 52 51 47 42 79 65 72 67 106 74 73 56 103 
180 182 181 181 182 174 149 126 123 121 104 103 120 131 118 125 128 123 131 110 103 125 134 124 134 130 111 136 140 140 141 152 122 113 126 115 118 126 117 73 67 65 61 59 60 75 106 111 115 80 47 49 48 44 38 78 65 73 66 105 70 74 56 102 
180 182 181 181 182 171 165 148 130 120 95 100 122 120 103 102 104 109 125 127 118 117 124 121 132 130 113 132 137 137 135 140 122 112 98 107 119 127 119 74 66 65 61 59 60 63 97 110 112 80 45 48 48 44 35 77 64 73 66 105 68 73 56 101 
181 182 181 181 182 184 184 180 147 134 124 110 117 118 130 107 93 99 108 111 104 99 107 133 140 135 119 132 136 135 135 145 137 128 128 120 122 128 120 76 66 65 62 60 60 61 73 90 109 94 84 86 84 73 55 79 64 73 69 102 69 73 57 97 
181 181 181 181 182 184 185 185 180 170 142 139 128 126 130 111 115 106 100 101 89 81 93 124 137 136 118 130 135 136 135 141 140 136 137 127 126 131 119 76 63 63 62 58 55 61 61 63 81 72 65 63 60 59 66 80 64 74 81 90 72 83 82 100 
179 181 181 181 182 183 185 186 185 183 177 175 171 147 130 111 126 124 121 110 92 86 97 114 122 124 115 145 138 133 133 140 141 134 123 122 128 130 117 74 74 87 66 59 61 78 70 68 70 70 73 74 72 71 68 79 63 73 65 101 68 75 58 99 
179 180 181 181 182 183 185 186 186 184 184 185 184 180 158 140 152 132 137 121 95 94 102 122 114 101 96 107 109 104 118 133 140 133 128 125 128 125 114 91 108 117 75 59 69 99 101 102 106 106 108 110 106 101 72 78 62 73 63 101 67 73 54 96 
178 180 181 182 182 183 185 186 186 185 184 185 184 184 181 182 173 147 131 118 107 107 108 134 123 109 112 107 99 99 117 120 131 128 122 121 113 111 111 98 109 118 76 54 64 88 73 65 66 65 65 65 62 65 67 76 61 73 62 100 68 72 52 94 
177 180 182 182 183 184 185 186 187 185 185 185 185 185 185 185 184 173 159 129 109 103 111 125 117 119 112 98 98 99 113 112 122 122 113 110 101 102 104 90 76 85 65 51 56 62 57 57 57 57 56 55 53 52 62 70 57 72 60 100 71 73 52 93 
177 180 182 183 183 184 184 186 187 186 185 186 185 184 184 185 186 187 170 142 133 129 130 127 125 136 126 116 99 81 89 98 109 109 99 94 87 89 95 97 63 63 59 55 53 58 59 59 59 58 58 57 55 53 63 69 57 66 53 95 72 72 51 91 
178 180 182 183 183 184 185 185 186 186 185 186 185 184 184 185 186 187 187 178 166 183 185 174 155 142 134 139 115 107 108 115 131 118 107 105 106 118 111 103 68 66 61 57 54 59 60 59 59 58 58 57 56 53 64 70 59 68 54 89 70 72 49 89 
178 179 181 183 183 184 185 185 186 186 186 186 185 184 185 185 186 187 188 189 188 190 191 192 185 173 156 155 147 136 138 136 137 122 115 112 111 125 114 105 68 68 62 58 54 59 59 59 59 59 58 57 56 53 65 70 59 69 55 89 68 70 46 86 
178 179 181 182 183 184 185 185 186 187 186 186 185 185 185 185 186 187 188 189 190 190 191 192 197 200 197 192 184 146 144 136 140 119 116 101 98 106 106 106 67 68 63 58 54 58 58 59 58 59 58 57 55 53 65 69 59 69 56 91 69 71 57 83 
178 179 182 183 183 185 185 186 186 186 186 186 185 185 185 185 185 187 189 189 190 190 191 192 196 200 202 203 201 158 148 138 151 124 114 115 117 111 108 108 65 67 63 58 51 55 57 58 58 58 57 57 56 52 66 68 59 68 55 92 70 69 48 86 
178 179 181 183 184 185 186 186 185 186 187 186 185 184 185 185 185 187 188 189 189 190 192 192 196 200 202 203 200 176 167 164 153 146 133 124 122 132 124 108 63 74 70 58 51 62 61 61 61 61 60 60 59 56 66 66 59 67 55 90 72 69 49 86 
178 181 181 184 184 185 186 186 185 187 187 186 185 185 185 185 186 187 188 189 189 190 192 192 196 199 203 204 206 208 207 200 166 157 140 127 120 141 131 111 87 118 100 59 54 80 89 90 91 92 92 93 92 88 74 65 59 67 54 89 73 68 49 85 
179 182 182 183 184 185 186 185 185 187 187 187 185 185 184 185 185 187 188 189 190 189 190 192 196 200 204 206 206 208 210 205 197 190 182 189 163 166 132 123 109 122 103 58 46 77 73 62 63 64 64 65 63 65 70 64 58 66 53 89 70 67 48 83 
179 181 182 182 184 185 185 186 185 186 187 187 185 185 185 185 185 186 187 188 190 189 190 193 196 201 205 207 206 208 208 204 202 201 204 221 182 167 152 131 85 101 91 53 41 57 48 47 48 48 48 47 45 41 57 59 54 63 52 87 68 65 48 82 
177 180 181 182 183 184 185 186 186 186 187 187 186 185 185 186 185 185 187 188 189 189 190 193 197 201 205 207 206 208 206 203 202 200 201 210 183 164 170 141 86 72 68 52 44 46 47 49 49 49 49 48 47 43 57 59 56 58 45 82 67 62 47 81 
177 179 180 181 183 183 184 185 186 186 187 187 186 185 185 186 185 185 186 188 189 189 191 194 197 202 205 207 205 206 204 203 202 200 201 203 177 145 178 152 93 74 73 57 48 45 47 48 47 46 48 49 48 43 58 59 57 60 52 82 69 66 52 81 
177 179 179 180 182 183 184 185 186 186 187 187 186 185 185 185 186 185 186 188 190 189 191 193 197 202 204 208 205 205 203 203 202 200 200 203 190 167 183 161 99 78 87 109 69 43 45 46 55 69 58 59 58 51 59 59 57 61 62 81 73 68 55 76 
177 178 179 180 181 183 184 185 186 186 187 187 187 185 185 185 186 185 186 188 190 190 191 194 198 203 204 207 203 203 203 203 202 200 200 203 204 186 183 163 103 82 142 151 77 41 44 68 80 84 68 65 66 62 63 58 57 59 47 75 64 57 41 72 
177 177 178 179 181 183 184 186 186 186 186 187 187 185 185 186 186 185 186 188 190 190 191 194 198 203 204 206 202 202 203 203 202 200 199 203 204 176 175 165 107 144 204 151 72 38 54 82 84 83 56 45 45 41 55 56 57 58 46 74 65 57 42 72 
175 176 178 179 181 183 184 186 187 187 187 187 188 186 185 186 186 185 186 188 190 191 192 194 199 203 204 204 202 202 204 202 202 200 199 204 206 195 192 170 150 228 213 146 65 36 56 81 80 81 56 45 45 41 54 55 57 56 45 73 67 56 41 71 
174 175 177 179 182 182 184 186 187 187 187 187 187 186 185 185 186 185 186 188 190 191 193 195 199 204 204 203 202 202 204 202 202 201 199 204 207 203 200 170 193 239 197 144 58 36 43 77 84 79 57 51 50 47 54 54 56 55 45 71 68 57 41 70 
173 174 176 178 181 182 184 185 187 187 187 187 187 187 185 185 186 185 186 188 190 191 192 195 200 205 205 203 201 202 203 202 202 201 200 204 207 204 200 163 212 235 192 137 52 35 36 48 66 76 62 57 59 56 57 52 55 54 44 69 67 56 41 69 
173 174 176 178 180 182 183 185 187 187 187 187 187 187 186 185 186 185 185 187 189 191 191 194 202 205 205 202 202 202 203 202 202 201 200 204 207 211 203 178 223 230 185 126 47 34 35 35 39 57 41 39 39 37 47 50 54 52 43 65 66 54 40 68 
173 174 175 177 179 182 183 185 187 188 187 187 187 187 186 186 186 186 185 187 189 191 191 194 201 205 204 202 202 202 203 203 202 200 200 204 208 206 188 186 231 232 178 118 40 34 35 36 36 36 37 38 39 36 45 48 52 49 41 62 64 54 46 67 
173 173 175 177 179 181 183 184 186 187 187 187 188 188 187 186 186 186 185 187 189 191 191 194 200 204 204 202 202 202 202 203 202 200 200 204 203 169 172 198 241 229 178 108 38 37 38 41 42 43 45 47 48 46 49 46 51 47 39 59 62 52 44 62 


201 203 204 204 205 206 206 206 207 209 209 210 210 211 211 212 214 213 214 214 215 217 218 219 221 220 219 220 221 221 221 220 220 220 220 219 218 219 219 219 220 219 203 141 168 167 154 158 156 154 151 118 113 143 141 139 133 93 104 110 91 87 76 88 
201 203 204 204 206 206 206 207 208 209 210 211 211 211 211 212 214 213 214 214 216 217 218 220 220 220 219 219 220 221 221 220 220 220 220 219 219 219 219 219 220 219 183 150 188 188 180 185 188 189 190 171 157 192 193 193 194 166 152 148 89 88 67 89 
201 203 204 205 206 206 207 207 208 209 210 210 210 211 211 212 213 213 214 215 215 217 217 219 219 220 220 220 221 221 221 220 220 221 221 220 219 219 219 219 219 210 164 188 215 217 217 216 215 213 212 198 172 209 207 206 204 186 177 169 100 88 67 89 
201 202 204 205 206 207 207 208 208 209 210 210 211 211 211 212 212 213 214 214 215 216 217 218 219 219 219 220 220 220 220 220 220 220 220 219 219 220 218 219 219 183 176 201 215 217 217 216 215 213 212 198 171 208 206 205 204 189 175 165 100 92 67 100 
201 202 204 205 206 207 207 208 208 209 210 211 211 211 211 212 213 213 213 215 215 216 217 218 219 219 219 220 219 219 220 219 219 220 219 219 218 219 218 219 209 162 205 198 182 202 217 216 215 212 211 200 170 208 206 205 204 193 156 146 114 98 84 102 
202 203 204 205 205 207 208 209 209 209 210 210 211 211 212 212 213 213 213 214 215 216 217 219 219 219 220 220 220 220 220 219 219 219 220 219 218 218 219 219 174 147 212 145 75 160 214 213 211 209 208 198 161 205 206 205 205 195 156 157 117 89 82 128 
202 203 204 205 205 207 208 209 209 209 210 210 211 211 212 212 212 213 213 214 215 217 217 219 219 219 219 220 220 219 219 219 219 219 220 219 218 218 218 213 135 97 186 162 134 184 212 211 210 209 208 201 151 202 205 204 203 191 157 155 121 91 84 133 
202 203 204 205 205 207 208 209 209 209 210 211 211 211 212 212 212 212 213 214 215 217 217 218 219 219 219 220 219 220 220 219 218 218 219 217 208 213 219 217 167 96 133 133 151 212 198 210 214 212 211 207 167 202 186 163 155 154 117 136 117 91 81 132 
202 203 205 205 205 206 208 209 210 210 211 211 211 211 212 212 212 212 213 214 215 216 217 217 218 220 219 219 219 219 220 219 219 218 210 190 182 172 191 181 147 116 128 100 88 142 132 144 168 164 160 157 141 151 143 100 101 133 113 139 115 94 88 132 
203 203 204 206 206 206 208 209 210 210 211 211 211 211 212 212 212 213 213 214 215 216 216 217 218 220 219 219 219 220 219 218 218 213 167 136 135 115 105 114 97 116 114 83 72 86 92 82 88 92 93 94 96 107 120 98 98 131 115 144 115 94 89 131 
203 203 205 206 206 207 208 209 210 210 211 211 210 211 212 212 212 213 213 214 214 215 216 217 218 219 219 219 219 219 210 193 185 183 130 130 114 119 97 114 102 114 108 77 70 84 100 100 106 110 112 117 118 130 100 92 98 127 114 145 114 94 87 129 
204 204 205 206 206 207 208 209 210 210 211 211 210 211 212 211 212 212 213 214 214 215 216 217 218 219 219 219 218 217 189 124 132 140 127 124 117 123 120 121 107 124 110 74 59 64 81 91 106 109 85 88 86 89 74 88 101 128 116 144 98 84 78 113 
204 205 205 206 207 207 208 209 210 211 211 212 211 211 211 211 213 212 213 214 214 215 216 217 218 218 215 218 211 178 136 117 140 112 136 108 97 103 115 111 122 129 98 70 70 81 97 119 121 108 56 58 60 76 98 98 104 122 109 119 78 67 58 91 
205 205 205 206 207 207 208 209 210 210 211 211 210 211 211 212 212 212 212 214 214 214 215 217 218 188 154 169 167 138 126 124 122 86 76 77 78 91 106 105 97 73 65 66 81 103 87 88 96 97 99 104 110 134 88 73 76 83 70 102 94 73 58 102 
205 206 206 207 207 207 208 209 210 211 211 211 210 211 211 212 212 212 213 210 197 181 176 198 184 152 128 106 153 121 111 123 123 91 75 79 96 106 109 81 78 69 58 49 67 97 98 98 102 102 103 102 99 111 73 60 72 87 83 133 112 88 80 122 
205 205 205 207 207 207 208 210 210 211 211 211 210 210 211 211 212 211 195 180 139 134 124 125 122 135 124 102 114 102 104 116 94 83 83 91 102 93 109 77 101 108 70 45 48 63 52 49 52 51 50 49 46 68 89 88 105 113 114 142 114 92 86 128 
206 206 206 207 207 207 209 210 210 211 211 211 210 210 211 212 212 194 140 131 126 116 108 116 126 132 96 96 92 89 83 102 101 99 100 121 120 119 124 101 134 122 69 56 43 48 52 57 60 62 63 63 62 84 97 98 118 116 121 142 103 86 79 117 
206 206 206 207 207 208 209 210 210 211 212 211 210 210 209 207 202 159 140 137 105 93 94 106 129 108 82 86 83 81 84 117 111 111 114 137 119 120 102 114 130 104 67 63 77 73 76 79 81 82 82 82 82 104 95 97 120 111 117 126 83 79 73 95 
206 207 207 206 207 207 208 209 209 208 205 206 197 176 159 142 159 118 118 94 76 85 99 116 114 103 88 111 110 88 115 130 94 83 100 107 86 120 93 98 83 72 65 71 105 99 93 98 103 105 109 110 118 124 79 76 91 84 86 110 82 75 66 91 
206 207 207 207 208 208 208 209 208 195 175 162 144 125 113 102 103 96 111 85 69 72 97 112 114 123 105 123 125 110 140 111 81 74 99 115 101 114 88 97 103 81 61 67 107 108 115 122 127 127 125 121 126 113 68 66 78 80 76 101 82 76 66 90 
207 207 207 208 208 208 208 203 167 160 155 119 108 113 97 105 102 103 114 114 97 102 109 111 132 114 126 147 115 111 128 103 90 84 89 101 95 97 102 114 119 89 60 63 93 83 75 76 78 77 75 73 71 84 69 66 76 79 73 89 80 75 65 90 
206 207 207 205 199 203 198 195 153 136 117 97 107 108 93 110 129 126 122 113 105 107 103 128 119 100 151 132 100 97 126 105 89 88 79 75 76 96 106 105 118 92 60 59 71 67 68 69 71 71 70 69 65 76 69 66 76 80 74 87 78 74 65 90 
206 207 208 190 120 127 118 146 163 130 99 94 97 117 119 120 120 125 97 70 67 90 97 115 104 93 147 139 106 96 122 114 122 141 119 106 97 103 94 76 93 79 61 58 65 68 68 68 71 70 71 69 65 76 69 66 75 83 84 74 67 79 80 86 
206 207 208 197 129 104 98 98 106 96 115 105 103 132 142 134 101 122 86 64 73 96 100 101 97 78 112 136 101 92 117 135 118 121 105 107 105 104 95 68 70 66 61 58 64 67 68 68 69 70 70 69 65 74 69 66 73 79 72 75 69 77 70 90 
206 207 208 208 187 143 96 85 100 111 121 106 123 117 116 117 95 126 106 83 71 95 94 97 96 79 85 112 97 89 107 108 95 106 89 93 89 97 97 69 70 66 60 58 64 66 68 69 69 70 69 69 65 74 69 66 72 78 70 75 68 74 62 86 
207 207 208 208 206 166 106 110 116 105 109 88 108 97 92 117 120 120 115 107 109 105 81 87 95 93 111 109 97 82 96 105 80 73 75 79 85 87 101 69 70 65 60 57 62 63 65 68 68 68 68 67 64 73 68 65 71 78 69 75 68 72 60 85 
207 207 208 207 168 111 98 111 126 111 97 85 97 94 100 123 108 104 104 102 97 97 88 100 104 99 99 103 101 88 83 96 78 69 74 75 76 78 102 69 69 65 59 55 60 62 64 67 68 67 67 66 64 72 69 63 69 77 67 74 66 69 56 83 
206 208 209 198 154 108 91 99 116 98 93 85 94 107 96 110 114 115 99 72 67 77 94 113 102 103 87 96 100 87 81 95 79 67 71 73 74 76 102 67 68 62 56 52 54 58 61 64 64 64 64 63 59 68 67 61 66 73 62 70 63 63 47 81 
205 198 202 180 163 127 77 74 95 105 106 86 103 120 117 99 97 84 83 65 64 67 75 89 91 84 65 87 96 85 74 89 73 61 66 67 68 70 98 62 63 58 50 43 52 51 55 57 57 57 56 57 53 61 61 53 57 66 56 71 68 69 57 88 
130 111 117 150 163 132 80 76 90 97 118 88 112 101 106 93 70 66 73 59 59 60 69 81 90 69 63 73 74 68 63 82 63 53 57 61 62 65 91 65 76 68 47 38 75 69 55 56 58 59 59 58 58 75 60 53 59 73 66 77 70 73 62 88 
91 78 88 134 133 101 81 81 99 90 112 85 94 102 70 67 57 64 68 50 51 71 87 107 105 85 88 89 88 78 80 104 75 63 63 70 79 83 101 80 88 75 58 55 90 103 103 108 113 113 113 114 115 113 71 61 67 77 69 77 69 71 60 82 
197 182 184 132 94 91 90 100 111 90 91 92 103 96 86 106 95 100 83 65 68 93 101 108 102 81 105 119 104 99 114 115 94 88 90 95 96 96 106 94 121 103 61 59 86 87 75 77 78 77 76 77 76 85 70 62 68 78 68 76 69 71 62 80 
208 209 179 96 83 90 95 119 131 109 101 86 95 93 92 112 96 110 95 69 68 86 98 100 101 84 87 115 99 106 106 110 95 84 88 85 90 90 110 105 120 108 62 57 66 63 64 63 61 62 65 65 62 67 69 62 67 78 68 75 71 72 60 88 
209 210 189 139 107 91 97 113 112 109 116 95 87 94 80 101 91 114 123 94 99 98 94 98 103 87 86 110 97 102 100 111 91 78 81 78 83 82 105 78 101 96 62 57 60 63 62 71 97 85 87 87 86 86 70 61 66 79 68 76 71 73 60 87 
209 209 209 207 175 138 103 79 87 96 108 88 84 93 78 101 112 116 135 111 114 109 97 92 106 88 82 125 95 93 101 121 91 80 81 71 88 96 109 73 72 68 59 58 61 62 87 109 114 84 69 72 72 73 62 59 65 78 67 75 70 73 59 85 
209 210 210 210 209 196 147 90 88 117 114 90 95 96 81 104 123 112 114 109 108 108 102 92 106 92 86 123 109 104 114 121 100 119 127 100 114 126 117 75 72 68 58 58 61 67 104 116 117 76 49 54 54 51 45 58 65 78 66 77 69 74 59 84 
209 210 210 210 209 164 115 98 105 116 102 92 89 100 93 104 100 100 117 106 99 100 101 91 105 92 79 107 105 103 111 139 119 114 126 112 118 128 118 76 72 68 59 58 60 78 110 116 119 78 46 51 50 46 41 58 65 78 65 75 67 74 58 85 
209 210 210 209 209 179 157 134 116 120 93 89 96 103 96 94 97 104 113 109 104 86 90 88 100 92 80 108 102 98 101 121 105 102 96 105 117 128 118 77 72 69 59 57 60 66 101 114 116 79 47 52 51 47 38 57 64 79 64 77 65 72 58 85 
209 210 210 209 210 210 210 204 156 139 123 103 93 103 119 103 92 99 100 76 69 67 79 98 105 94 83 108 99 96 99 116 96 91 121 104 107 121 118 78 72 69 59 58 59 64 74 93 113 94 86 89 89 80 58 59 63 79 68 76 63 71 58 80 
210 210 210 210 209 211 212 212 205 187 150 146 116 98 100 94 110 105 92 64 53 54 65 90 103 97 81 109 100 99 99 111 98 99 114 101 93 93 108 77 69 66 59 57 54 63 63 65 84 74 67 66 64 64 68 60 62 79 78 67 61 74 77 85 
209 209 210 210 210 211 213 213 212 210 202 197 183 130 100 81 107 107 106 76 58 59 69 82 91 95 91 121 106 103 98 110 102 93 84 86 95 91 106 77 79 90 65 58 61 79 73 71 73 74 77 79 78 79 71 59 60 78 64 73 62 73 60 84 
207 209 209 210 211 211 212 214 213 211 211 212 210 201 159 131 128 102 116 108 82 80 89 89 89 90 87 97 102 100 89 99 101 87 82 85 91 86 102 92 110 120 74 58 68 99 103 105 109 110 111 112 111 110 77 58 59 78 62 72 62 72 56 81 
207 208 209 211 211 211 212 213 213 212 211 212 213 212 207 207 168 129 126 118 108 107 106 115 115 102 108 97 97 98 90 86 96 82 73 79 79 76 96 96 110 121 74 51 63 86 71 65 66 67 67 66 63 69 70 56 57 78 62 71 63 72 54 79 
207 209 209 210 211 211 212 213 213 212 213 213 213 213 213 212 207 189 161 118 103 98 101 95 91 99 103 78 95 96 86 79 90 76 65 69 69 69 85 87 78 88 64 48 53 61 58 59 59 58 58 57 55 55 63 51 52 76 60 71 64 71 54 79 
207 209 210 210 211 211 212 212 213 213 213 211 212 213 213 212 213 213 184 142 129 129 125 112 94 103 97 98 90 69 62 64 76 61 52 55 57 58 74 93 66 64 59 52 51 58 59 60 60 60 60 60 58 56 65 53 52 70 52 67 64 71 52 78 
206 209 211 210 211 211 212 212 214 213 212 212 212 213 213 213 213 214 212 197 178 204 207 182 137 109 94 122 105 88 76 83 96 74 66 67 75 81 87 98 70 68 61 53 51 59 60 61 60 60 62 61 58 56 67 53 53 73 54 64 61 71 50 76 
206 208 210 210 211 212 212 212 214 213 212 212 212 211 212 213 213 214 213 213 213 214 215 214 193 163 137 144 125 100 100 105 107 85 82 76 80 88 90 101 71 69 62 54 52 59 61 61 61 60 61 61 59 57 68 54 53 73 55 63 58 67 46 71 
206 208 209 210 210 211 212 212 213 214 213 214 212 212 212 213 213 215 215 214 214 214 215 215 217 217 210 193 159 111 103 103 116 102 104 79 78 84 90 100 70 71 63 55 52 59 60 61 61 61 60 60 59 55 66 54 53 73 56 65 59 67 54 67 
206 208 209 210 210 212 212 213 212 213 214 213 212 212 212 212 212 214 215 214 214 215 215 215 218 218 218 217 184 117 106 103 129 116 111 111 114 103 101 100 68 70 64 55 49 56 59 60 60 60 59 60 59 56 67 54 52 72 56 66 59 67 49 71 
206 208 210 210 211 212 213 213 212 213 213 214 212 212 212 213 212 213 214 215 214 215 215 216 218 218 218 219 203 156 145 144 124 115 113 112 104 100 103 101 66 77 70 55 50 62 61 62 63 63 64 64 63 62 69 52 51 71 55 65 61 66 49 71 
207 209 210 211 211 212 213 213 212 213 213 213 212 212 213 213 212 213 214 214 213 214 214 215 217 218 219 219 219 218 215 206 144 123 116 109 99 103 105 104 86 118 100 56 54 80 87 92 95 96 97 98 98 96 79 52 51 70 55 65 61 65 50 70 
207 209 210 210 210 212 213 213 212 213 213 213 212 212 213 213 212 214 215 214 213 214 214 216 218 218 219 219 219 219 219 218 208 198 183 165 133 124 101 114 106 120 102 55 45 75 71 61 63 64 65 66 66 68 74 51 49 69 55 63 59 63 50 67 
207 209 210 211 211 212 212 213 212 213 214 212 211 211 213 213 213 213 214 215 214 213 214 216 218 218 219 219 220 220 219 218 218 218 217 205 144 116 100 111 81 100 89 48 39 55 46 47 47 47 48 49 48 43 59 46 43 66 53 63 59 62 50 66 
206 208 209 210 211 211 212 213 213 213 214 213 212 212 212 212 213 213 214 215 215 214 214 217 218 219 220 219 219 220 219 218 219 219 217 206 149 124 120 119 83 72 66 48 42 45 45 47 48 49 50 50 49 45 60 46 43 61 46 60 56 59 48 65 
205 208 209 210 210 210 211 212 213 213 214 214 212 212 212 213 213 213 213 215 215 214 214 216 217 219 219 219 219 219 219 218 218 219 218 215 173 127 129 129 88 75 71 51 43 43 46 47 47 47 49 49 49 45 59 48 45 63 52 62 57 61 51 66 
205 208 208 209 209 210 211 212 213 213 213 213 213 212 212 212 213 212 213 214 214 215 216 217 218 219 219 219 219 219 219 219 219 218 217 217 199 145 133 135 93 78 83 86 55 40 43 45 55 69 58 60 60 55 62 48 45 63 62 64 60 61 50 60 
206 206 207 208 209 209 211 212 212 213 213 213 213 212 212 212 213 213 213 214 215 215 216 217 217 218 219 219 219 219 218 219 218 218 218 218 211 157 137 137 96 82 126 117 58 37 42 65 78 84 67 66 68 66 66 48 44 62 49 56 51 54 41 59 
205 205 207 208 210 211 211 212 212 213 213 213 213 213 212 212 213 213 214 215 215 215 215 217 218 219 219 219 218 219 218 218 218 217 218 218 210 145 131 139 99 134 177 115 54 35 49 77 82 83 55 46 46 42 56 47 44 60 47 55 52 55 43 59 
203 204 206 207 210 210 211 212 212 213 213 213 213 213 212 212 213 214 213 214 214 214 215 217 217 219 219 218 218 219 218 219 218 217 218 217 215 195 183 147 136 208 187 112 48 33 51 75 78 80 55 45 46 43 55 46 43 58 47 53 53 54 43 59 
203 204 205 207 209 210 211 212 213 213 214 213 213 213 212 213 213 213 213 214 214 215 216 217 218 219 219 219 219 219 218 218 218 218 218 218 216 216 204 143 175 217 166 112 44 32 40 72 81 79 57 51 52 48 56 46 42 57 48 53 54 54 42 58 
203 203 205 207 209 210 211 212 213 213 213 213 214 214 213 213 213 212 212 214 214 215 216 217 218 219 220 219 218 218 218 217 217 218 218 218 216 216 192 125 189 210 160 105 40 32 33 45 63 75 61 56 60 57 58 45 41 56 46 51 52 53 42 57 
202 203 205 206 208 209 210 212 214 214 213 213 213 214 213 212 213 213 213 214 214 215 215 217 219 219 219 218 217 218 219 218 218 218 217 217 216 209 171 130 194 203 154 95 38 31 33 34 39 56 41 38 39 37 48 43 40 54 45 49 50 52 42 56 
201 203 205 206 208 209 210 211 213 214 214 214 214 214 213 212 213 212 212 214 215 215 215 217 219 220 219 218 218 218 219 219 218 217 217 217 214 189 154 139 201 209 144 88 34 30 32 35 35 34 35 37 38 37 46 42 39 51 43 49 49 52 45 56 
201 203 204 205 208 209 210 210 212 214 213 215 215 215 214 213 213 212 212 213 214 215 214 216 219 219 219 218 218 218 218 219 218 217 217 217 198 150 137 156 221 207 146 79 32 31 32 37 38 39 42 45 46 44 49 41 37 49 41 46 46 49 43 53 