


29 51 88 87 85 100 86 90 90 87 101 94 92 93 61 31 64 84 103 101 92 101 94 91 94 46 4 6 8 1 18 119 169 137 117 144 120 130 139 134 101 39 45 109 133 148 112 72 21 81 142 130 102 119 102 118 141 130 142 117 101 110 95 128 
46 39 79 91 88 101 96 106 101 92 102 97 101 106 87 50 35 74 108 105 97 105 102 101 103 48 5 5 6 3 2 36 138 159 126 146 118 120 166 109 103 131 42 64 113 139 147 104 61 23 96 135 99 112 98 129 139 129 139 125 99 110 104 131 
59 44 37 67 94 103 92 92 91 90 100 98 92 97 95 83 47 37 81 101 100 110 105 97 99 61 11 6 7 7 3 3 40 136 162 130 84 133 165 105 109 160 133 43 64 116 143 150 100 53 26 91 109 116 116 112 129 136 126 110 115 114 111 107 
70 56 52 40 73 98 88 109 100 81 95 86 96 103 95 86 81 46 46 90 89 105 99 104 112 60 9 6 7 8 7 2 3 42 144 134 77 161 178 113 73 94 100 107 31 74 112 144 141 92 51 31 98 112 105 118 138 135 137 118 105 107 99 118 
83 73 71 57 52 95 88 93 91 88 99 94 86 91 93 98 106 77 41 44 90 111 108 97 99 52 10 10 8 10 9 7 2 4 61 148 96 143 164 144 85 82 76 93 98 28 84 119 140 138 89 56 45 105 95 132 145 125 141 134 100 106 98 129 
96 86 71 68 56 61 99 85 81 104 104 109 92 83 93 110 108 109 71 40 61 106 119 100 86 42 12 11 11 11 10 12 10 2 6 70 123 163 142 176 121 79 81 86 108 91 29 100 125 143 136 86 53 41 104 111 132 136 129 110 116 114 112 107 
43 81 88 76 72 51 60 90 91 95 105 105 93 96 96 104 109 103 96 66 41 69 105 96 97 54 12 14 14 14 14 13 16 10 6 15 77 115 117 194 162 88 87 88 95 119 88 40 115 127 144 129 88 53 56 105 125 140 121 103 120 108 119 103 
27 43 83 88 82 70 48 58 81 104 105 108 95 88 94 114 110 113 94 85 62 42 80 97 84 63 46 47 50 45 43 45 18 15 9 2 14 97 152 195 181 144 103 91 96 111 168 98 79 121 130 147 131 85 47 50 112 135 118 141 183 159 154 104 
69 28 50 88 101 78 70 45 61 100 110 113 100 96 95 111 114 109 101 100 90 62 49 75 99 97 106 107 99 91 92 84 24 18 18 8 1 27 128 179 192 195 166 119 93 101 156 153 93 91 123 128 148 118 76 40 77 136 134 112 122 131 120 110 
103 66 26 60 89 100 73 67 45 69 105 100 92 96 100 99 114 95 107 105 101 94 70 51 74 103 97 109 90 101 97 79 24 19 22 20 7 2 38 128 123 139 175 163 136 118 115 103 124 99 89 108 126 145 111 74 43 83 132 112 119 131 124 109 
90 105 59 23 68 102 85 71 66 42 84 102 103 113 108 102 111 106 117 112 107 112 96 70 54 90 104 109 105 113 109 90 32 21 25 28 25 7 4 38 113 165 171 175 195 170 167 152 156 142 70 68 107 132 143 105 67 33 105 146 172 159 152 116 
48 93 104 53 31 89 99 91 76 68 53 91 96 100 101 107 115 103 105 107 108 119 113 86 67 52 98 114 102 105 108 94 32 24 26 24 27 20 5 3 47 136 125 114 119 133 147 149 141 129 128 44 65 112 139 146 100 60 29 108 154 143 141 119 
35 54 99 101 48 32 81 117 100 79 68 58 99 119 112 101 116 100 124 116 105 116 112 107 92 62 56 102 99 121 115 90 34 26 24 24 21 20 16 5 5 67 169 150 113 137 141 137 138 124 125 97 39 72 116 141 145 95 54 29 106 129 132 118 
106 43 63 104 96 43 33 94 103 90 87 73 61 98 106 109 120 104 110 111 112 122 119 108 111 83 61 70 102 108 110 103 46 29 25 27 25 23 27 18 7 12 79 168 182 161 160 151 152 133 136 122 103 27 85 115 144 144 92 54 35 104 108 140 
67 65 35 66 106 88 36 45 85 111 99 100 79 65 99 125 121 123 100 97 122 125 128 118 105 100 88 63 84 99 96 113 51 37 40 41 37 35 34 27 17 4 9 98 181 171 155 139 138 129 141 131 139 76 40 113 121 147 138 91 58 68 111 139 
39 41 58 34 76 107 81 33 52 103 114 93 108 75 72 111 117 110 106 107 113 120 121 114 114 109 108 84 69 86 114 115 105 105 111 116 107 104 74 30 27 16 6 17 111 185 162 146 145 145 150 142 152 130 98 69 110 128 152 134 90 47 63 115 
45 44 47 60 37 84 112 76 31 69 113 113 100 110 71 86 111 117 101 101 119 121 124 118 104 107 128 111 93 80 90 125 133 131 126 111 116 138 91 36 31 29 17 4 32 111 166 159 154 154 133 135 150 133 132 56 51 118 137 160 132 85 38 60 
103 56 41 83 78 43 92 114 68 31 83 116 104 96 108 70 89 112 98 101 108 115 118 113 111 109 123 124 104 105 84 107 131 130 124 125 125 130 93 46 38 33 30 33 27 27 124 145 138 153 137 119 134 126 124 93 47 65 123 140 157 128 81 36 
106 110 69 75 89 50 48 97 111 60 31 83 91 96 98 107 109 117 121 118 102 94 97 99 106 116 122 127 139 140 122 123 133 124 120 114 115 104 91 78 76 72 67 84 91 21 38 116 125 140 148 138 130 122 136 112 119 42 68 119 141 165 120 78 
100 101 123 105 95 107 51 59 106 108 55 34 96 126 109 113 174 134 130 139 134 139 147 154 164 171 178 184 187 185 162 161 162 161 167 165 162 156 152 147 148 147 147 139 121 77 15 59 124 146 151 127 125 135 144 122 125 109 33 76 123 146 153 111 
73 78 65 103 114 108 87 41 69 111 103 48 40 97 107 102 116 121 82 104 111 123 127 123 129 131 135 140 140 145 149 135 130 111 136 142 139 135 113 69 62 55 52 46 45 67 25 15 61 158 170 141 129 152 153 141 142 157 117 28 88 122 146 155 
15 91 117 113 111 106 91 69 40 76 114 97 42 49 112 105 111 128 128 88 112 124 128 132 147 151 142 149 157 176 185 183 166 171 143 158 158 137 117 77 59 47 40 32 29 32 22 7 7 83 169 175 149 161 151 143 168 150 108 90 32 100 125 150 
10 19 100 118 98 90 97 100 84 36 78 116 92 38 57 106 131 111 141 125 91 132 135 132 144 150 152 160 176 194 204 210 201 204 180 123 150 146 127 96 73 67 57 56 51 36 25 19 4 13 105 170 157 166 138 134 191 133 122 165 99 49 105 123 
71 12 30 114 113 100 99 107 111 75 39 89 118 85 38 80 136 137 114 151 125 114 143 148 140 144 169 163 196 213 224 225 215 181 167 141 113 148 143 133 102 101 107 122 120 58 28 27 13 2 20 114 172 154 86 148 197 131 100 148 148 82 45 108 
105 66 10 38 106 109 102 93 104 98 54 46 97 121 82 38 100 133 124 121 168 124 117 138 137 140 155 160 184 190 210 214 205 171 149 153 128 112 133 125 108 109 110 122 131 59 31 29 23 10 1 23 117 168 112 153 194 139 90 86 80 111 63 42 
108 105 55 6 39 97 110 90 87 93 88 61 50 104 119 70 45 108 120 118 132 177 128 119 136 138 156 157 188 206 230 220 195 154 152 136 128 100 108 135 112 103 114 130 134 62 29 25 22 19 8 2 33 132 122 166 181 186 108 85 76 82 107 53 
111 110 104 47 6 61 124 98 99 105 105 104 56 58 109 114 69 52 104 118 118 148 199 140 122 139 152 155 177 193 207 207 196 160 162 156 138 101 83 107 117 116 114 123 133 62 28 25 23 20 22 7 4 52 127 155 139 188 153 88 85 80 78 113 
110 110 110 102 38 12 79 126 110 113 114 105 84 49 69 114 113 64 59 104 122 123 179 212 123 124 136 146 163 184 197 187 168 149 135 136 134 109 83 71 100 114 112 110 126 54 29 29 23 19 22 21 9 9 51 119 136 208 186 116 89 76 76 86 
110 111 111 111 97 31 14 89 126 82 121 102 95 116 54 85 121 111 59 79 123 125 138 186 183 121 123 139 149 156 159 158 151 141 140 148 142 127 106 80 89 104 118 118 129 61 30 29 19 18 20 21 12 3 6 67 155 190 204 195 140 91 82 93 
108 107 107 109 110 88 21 19 100 75 129 105 58 71 81 51 90 125 106 65 87 128 131 121 175 162 102 131 144 142 147 146 146 144 139 143 133 129 132 102 85 85 107 122 129 65 35 42 27 26 25 20 13 10 2 9 78 159 157 155 179 154 107 84 
109 109 109 110 111 110 80 16 29 82 112 117 78 53 68 77 60 108 126 98 62 107 125 115 131 167 143 105 116 134 142 136 127 136 130 149 141 124 128 114 88 86 85 103 130 98 100 101 87 99 95 55 13 14 9 2 12 86 129 160 181 189 192 155 
108 109 110 111 112 110 109 69 15 30 76 127 115 62 57 66 88 78 109 129 96 59 93 109 120 118 153 119 96 119 123 124 126 135 124 128 132 130 132 123 113 89 82 89 129 123 120 122 123 128 122 68 14 14 12 7 2 21 100 155 124 146 170 166 
107 109 111 111 112 110 111 108 61 11 45 133 151 118 75 63 123 89 68 116 129 85 47 98 108 106 120 146 108 99 110 118 135 134 137 113 113 139 135 136 116 102 76 85 99 131 109 108 132 128 131 76 13 11 11 11 5 2 32 119 163 123 90 125 
107 109 109 109 110 110 111 111 107 52 13 59 92 118 122 95 99 95 67 71 113 124 75 43 95 113 118 117 134 98 103 117 130 134 129 122 124 127 132 128 116 117 105 82 91 98 117 120 122 127 120 68 13 12 9 8 9 6 8 46 130 175 166 154 
107 108 108 109 111 110 111 111 111 104 52 26 57 108 109 132 127 127 120 55 72 121 121 61 43 94 124 124 118 139 100 108 134 130 134 113 114 133 131 132 119 104 112 121 86 89 88 102 127 124 127 78 16 15 11 8 8 12 9 5 51 143 174 141 
108 109 110 110 111 109 110 109 111 112 99 43 24 77 94 88 119 128 116 99 44 81 127 111 49 47 113 129 122 118 132 93 121 129 127 118 122 130 129 126 114 111 114 123 114 90 91 96 121 126 116 68 17 13 10 8 9 14 12 4 8 75 157 183 
108 109 109 111 111 109 109 109 111 111 111 96 42 24 103 132 123 124 114 110 90 45 87 126 100 43 55 121 122 110 127 124 96 119 106 121 118 113 122 113 107 109 111 102 127 111 93 90 87 122 110 73 14 13 9 7 8 10 11 9 3 16 84 159 
107 108 109 110 110 110 111 111 111 112 111 114 89 27 25 113 128 108 107 117 117 84 42 92 125 93 39 73 121 124 120 121 120 93 112 130 123 115 121 118 115 120 116 113 126 117 101 97 87 106 118 78 26 24 22 27 26 27 13 9 8 3 22 94 
106 106 106 107 109 109 111 111 112 112 111 112 112 81 20 37 122 125 119 106 126 122 83 46 101 127 85 35 84 113 123 110 116 109 94 115 123 119 124 122 112 119 117 123 131 115 117 104 102 92 110 107 103 99 105 114 100 93 25 6 8 6 2 21 
106 107 107 108 110 109 110 110 111 111 110 112 115 123 74 14 43 104 121 113 113 116 105 62 53 106 128 79 37 95 129 120 99 114 105 115 128 117 120 116 114 127 119 109 127 107 128 120 109 105 83 106 126 120 106 121 103 114 27 7 6 7 5 2 
106 105 106 108 109 109 109 109 109 109 109 113 114 117 115 59 8 45 117 124 107 108 110 105 64 55 110 123 67 36 91 114 113 105 113 101 102 122 130 124 107 110 116 121 130 116 112 115 119 114 103 84 104 115 119 125 109 96 23 7 5 5 8 7 
104 104 105 106 108 108 109 110 110 111 112 115 116 115 114 108 45 9 77 133 114 121 117 121 116 50 65 116 118 60 39 94 132 122 112 121 93 117 133 134 117 103 108 133 130 133 106 101 126 128 110 99 77 99 127 123 122 88 23 9 6 6 6 9 
105 104 106 106 106 106 109 109 110 110 112 116 118 115 113 113 103 40 13 89 130 127 109 122 83 94 54 79 121 113 50 42 117 129 120 110 119 95 113 127 113 113 112 122 126 116 110 110 113 125 122 106 100 87 113 119 108 91 21 5 5 5 4 6 
105 104 105 107 107 108 108 108 109 110 110 112 112 112 113 113 113 98 26 15 100 119 71 131 82 87 98 45 84 123 105 46 64 116 130 104 117 115 84 120 119 102 107 130 124 130 104 97 117 120 132 117 114 103 99 114 115 82 22 6 6 7 9 7 
104 105 106 106 106 106 107 108 109 109 110 111 112 112 113 113 112 115 90 19 22 100 74 121 94 44 48 66 40 86 124 98 44 72 118 109 112 119 109 93 108 115 115 124 126 119 109 107 110 119 128 115 114 124 100 93 103 91 24 7 5 6 8 7 
104 104 105 105 105 105 106 107 108 107 108 110 112 112 112 112 111 112 111 79 14 33 88 99 125 65 48 61 67 43 95 124 90 40 62 111 108 111 116 104 87 113 116 106 123 104 120 111 101 114 120 115 121 124 123 89 83 117 80 51 52 63 76 81 
106 105 105 105 105 105 105 105 107 108 107 109 110 111 110 110 110 113 113 112 68 9 30 82 144 112 64 60 71 82 47 98 123 79 34 87 117 115 119 122 105 96 114 112 120 111 117 115 109 119 119 114 121 116 116 117 82 99 111 99 107 108 116 116 
111 108 106 105 105 105 105 105 106 106 106 109 108 110 110 109 109 112 112 113 109 54 5 49 125 136 122 83 70 121 64 47 101 118 66 31 84 108 119 113 117 91 91 113 122 111 111 110 106 115 111 106 114 109 109 120 107 75 93 106 113 106 99 106 
103 103 103 103 104 103 103 102 104 105 105 109 110 110 111 111 109 111 112 112 112 103 44 6 46 83 123 128 111 93 89 60 56 104 111 57 38 79 108 104 102 118 85 81 115 102 123 112 101 111 107 105 116 106 92 113 114 113 92 94 111 99 110 115 
101 102 102 103 103 101 102 102 104 105 105 106 108 109 108 108 107 109 109 110 110 109 100 38 11 60 87 83 108 121 120 99 50 63 106 106 51 35 98 114 102 122 120 81 105 109 105 105 108 115 113 98 99 100 104 113 109 121 122 87 101 99 89 88 
99 100 101 101 102 100 102 101 103 103 103 105 106 107 107 106 104 107 108 108 108 107 107 95 31 10 81 103 107 117 115 99 82 39 68 107 101 44 43 109 106 97 112 111 87 107 94 90 112 115 117 103 86 93 115 111 116 95 124 138 116 99 87 85 
98 98 98 98 99 98 102 101 102 102 100 103 103 104 105 105 103 105 108 107 107 105 106 107 89 22 14 96 122 110 106 94 96 89 37 73 110 92 41 55 94 99 103 125 111 78 90 98 99 108 112 100 98 95 102 107 102 97 99 118 147 133 116 112 
97 96 97 97 97 97 99 99 100 100 98 102 102 102 104 103 102 104 105 106 106 103 104 105 104 79 16 22 105 111 94 92 96 107 73 37 80 110 84 36 51 83 91 117 127 101 66 79 105 106 114 102 82 89 110 104 111 87 85 103 101 108 97 96 
95 96 96 97 97 97 98 98 98 97 97 100 100 100 100 101 100 102 102 103 103 101 103 103 103 102 71 13 27 103 102 96 81 98 95 61 37 84 107 74 29 62 94 103 120 124 97 73 91 101 108 97 91 93 101 105 98 92 93 92 96 92 80 80 
94 94 94 94 94 95 96 96 96 96 95 98 99 99 98 99 98 99 101 102 102 100 103 102 102 102 99 56 6 32 83 95 89 84 86 74 56 41 87 108 66 25 62 85 101 111 120 91 62 94 98 93 93 95 84 101 83 98 94 82 90 88 101 108 
92 92 92 93 93 94 95 96 94 95 94 95 97 97 97 97 96 99 100 100 99 99 99 101 100 99 98 94 48 6 39 101 92 82 92 85 85 58 42 89 106 59 26 73 96 94 114 114 91 84 96 91 92 93 92 99 90 94 93 89 95 90 87 95 
90 91 92 91 91 90 94 94 94 93 92 92 94 95 95 94 94 97 99 99 99 97 98 99 98 98 97 96 94 42 6 56 108 93 98 89 104 76 43 47 92 102 50 28 84 94 101 103 126 93 81 86 93 91 87 96 90 95 91 82 90 91 85 90 
91 92 92 92 90 88 93 93 94 93 92 94 96 96 94 94 92 96 98 98 98 96 98 98 98 98 97 95 97 89 35 7 62 106 84 73 107 63 96 46 50 98 87 28 61 88 109 100 124 141 89 75 91 89 80 96 82 98 89 78 88 87 83 87 
89 90 91 91 90 89 91 90 91 92 89 91 94 95 93 92 89 92 93 95 94 93 97 98 98 97 98 94 96 99 91 30 8 69 74 72 114 48 67 80 35 90 93 32 67 96 95 94 99 116 128 88 75 85 94 99 91 85 83 88 96 96 85 84 
89 89 91 90 90 88 91 91 91 92 89 91 93 93 93 91 90 92 92 94 94 92 95 96 96 96 95 93 95 95 95 82 22 12 67 79 102 42 32 60 34 89 93 32 65 105 85 82 99 104 113 141 113 82 95 97 100 77 72 93 97 100 87 72 
88 88 88 88 89 86 90 89 90 90 88 89 90 90 89 89 89 92 91 92 92 91 93 93 94 94 94 93 93 94 93 93 52 3 73 125 92 40 39 56 31 84 93 35 61 93 90 91 90 96 99 112 129 133 105 87 82 82 84 84 89 92 84 80 
87 86 86 86 86 83 88 86 87 87 85 86 87 87 87 88 89 90 90 89 89 89 91 91 91 90 90 90 91 92 91 91 53 2 56 93 103 45 40 56 31 80 89 32 51 97 78 74 94 97 100 92 93 124 147 159 145 119 91 100 92 93 90 70 
84 84 86 86 86 82 85 84 86 85 83 82 84 84 85 85 83 85 86 86 86 84 87 88 87 86 86 85 87 88 88 88 51 2 45 75 96 51 46 76 30 75 85 34 48 83 81 82 85 95 91 78 75 84 111 160 193 189 148 157 139 112 105 103 
83 83 84 84 85 82 84 84 84 82 78 80 82 82 84 83 81 86 86 85 85 83 85 85 85 85 85 84 85 85 84 85 50 2 50 60 105 74 65 86 29 73 85 31 47 69 90 85 77 81 78 77 79 85 69 92 87 130 143 155 137 126 127 123 


13 36 58 79 92 108 82 60 73 89 110 100 73 58 36 19 67 76 62 78 91 112 95 61 55 41 4 6 9 1 19 123 173 148 125 144 147 152 138 138 122 43 55 133 122 120 108 92 24 85 152 144 126 129 125 138 149 141 151 134 116 116 120 141 
20 15 41 82 96 108 85 66 80 95 113 104 81 76 75 30 26 61 75 90 104 115 105 81 72 45 5 5 6 3 2 38 142 166 142 156 144 112 94 96 128 137 45 82 133 121 120 108 78 26 106 148 115 96 106 144 150 138 151 139 101 92 117 142 
37 22 22 73 104 109 101 85 91 102 110 109 96 89 102 78 31 32 75 100 111 117 112 98 86 56 10 6 6 7 4 4 46 145 167 141 114 116 118 122 135 170 137 46 83 135 120 120 107 69 29 105 131 133 133 132 140 141 139 130 134 131 129 130 
67 27 24 28 80 108 70 54 75 85 109 90 57 57 84 97 74 27 21 71 93 113 98 67 64 49 8 7 8 9 8 4 6 53 150 146 106 132 136 122 103 122 127 115 35 95 127 120 120 104 66 35 114 124 126 138 148 141 146 134 124 121 120 136 
95 74 40 29 41 100 102 93 97 102 111 107 94 92 104 111 113 66 24 38 100 119 116 106 102 58 9 8 9 9 9 9 4 8 68 155 120 106 100 110 114 116 111 123 103 31 105 129 119 117 105 71 47 82 101 145 152 136 150 141 98 85 110 141 
105 94 47 34 30 53 107 84 82 115 114 118 102 75 102 122 118 114 56 24 59 111 122 107 78 45 10 10 11 10 10 12 11 4 9 76 126 103 94 99 122 111 112 117 130 93 35 122 133 120 116 105 65 46 124 136 145 143 143 133 135 129 134 131 
47 93 90 68 39 29 58 96 100 111 113 116 109 104 110 117 118 117 103 50 27 67 111 108 104 58 11 12 12 12 13 14 15 11 8 20 82 114 90 109 110 111 116 121 125 137 89 47 135 130 120 114 109 63 62 123 141 146 133 114 107 95 120 117 
36 48 84 96 68 37 26 50 84 114 114 119 106 88 106 122 120 122 96 77 44 29 79 104 79 66 46 48 49 39 38 44 17 15 12 5 18 99 131 117 105 114 123 123 127 137 172 104 93 144 127 119 114 107 54 57 129 141 116 87 94 90 117 98 
69 36 43 97 108 59 35 21 57 113 118 122 112 97 109 122 121 120 106 106 93 43 38 78 101 109 115 113 109 99 100 94 23 17 18 10 4 30 113 136 122 117 117 128 125 128 172 167 111 107 144 117 118 108 97 47 83 141 139 116 104 104 119 126 
82 68 34 66 100 102 44 35 30 75 115 110 85 74 96 110 121 96 78 88 102 89 50 37 57 96 107 117 85 70 81 81 25 18 21 21 9 6 40 126 119 103 105 115 138 139 136 123 144 111 106 127 119 120 108 98 49 86 140 131 124 122 131 129 
87 83 64 27 75 109 75 43 35 30 91 106 78 69 94 110 120 100 79 91 110 121 86 48 33 81 112 118 99 83 95 94 31 21 25 27 23 9 7 40 113 122 111 136 157 139 112 120 156 135 84 91 132 122 122 109 85 33 101 112 110 104 134 120 
61 88 82 60 35 93 108 81 42 38 41 98 102 90 106 119 123 114 102 106 120 129 119 72 45 48 105 119 109 96 103 101 33 22 23 24 25 18 8 7 49 136 138 134 129 134 122 155 165 153 137 54 87 137 125 122 106 76 27 77 102 94 121 115 
37 65 90 82 58 36 65 65 61 45 37 39 60 65 94 111 123 86 71 88 105 127 115 80 59 44 54 109 87 74 88 86 34 23 22 23 21 21 18 7 8 69 173 164 135 158 165 164 167 156 153 117 45 92 137 123 119 104 69 31 113 139 149 141 
108 47 74 88 80 52 34 89 102 83 52 41 45 90 112 121 128 116 111 114 123 130 129 117 108 67 42 66 112 114 116 112 45 27 26 27 23 24 26 18 10 17 83 169 188 175 169 160 172 149 146 153 108 30 109 131 118 119 106 64 37 109 130 153 
87 80 40 77 86 77 46 45 83 117 83 61 50 56 108 132 130 131 102 97 131 133 136 127 96 99 68 46 79 96 93 119 52 37 41 43 39 34 32 26 18 6 13 98 188 182 165 150 147 143 160 165 161 83 43 131 129 127 120 108 66 65 123 153 
65 71 74 41 85 87 75 41 57 115 119 74 70 44 71 121 126 125 117 117 127 129 130 127 122 123 108 65 52 85 124 129 109 110 119 125 115 112 74 31 27 18 7 20 113 191 177 156 142 149 164 170 168 145 100 70 130 132 128 121 110 54 71 133 
61 73 82 73 45 91 89 75 40 75 119 116 76 69 46 87 122 126 108 103 130 130 132 127 102 116 135 104 73 59 83 135 139 141 139 117 127 145 91 35 30 27 18 5 34 116 180 174 169 170 157 156 167 161 149 56 55 138 136 132 123 106 43 67 
63 70 73 98 81 53 93 88 71 37 87 123 110 65 68 49 89 114 98 97 117 119 122 119 109 116 125 122 90 78 62 106 133 136 136 133 134 137 93 41 34 28 28 24 25 30 133 166 160 166 156 148 158 160 158 122 50 71 143 132 128 118 98 39 
46 59 80 90 100 56 57 93 89 68 37 90 91 65 60 74 87 89 93 96 84 80 84 86 92 102 107 111 118 116 102 104 118 113 114 109 105 96 80 64 62 58 53 60 71 20 41 127 146 161 168 154 131 144 141 146 134 41 76 141 128 132 119 98 
64 60 103 80 65 104 49 69 97 90 66 36 64 72 88 84 149 92 92 107 107 112 118 128 136 147 161 163 164 158 138 137 131 131 143 139 137 134 130 124 123 120 117 108 92 62 15 65 141 174 173 137 127 154 163 151 154 111 33 86 138 130 127 114 
72 88 75 96 110 122 103 47 79 98 87 59 43 90 110 99 84 83 58 103 126 134 135 133 126 132 141 145 142 139 138 120 112 85 130 134 140 139 108 63 55 48 44 38 37 61 30 19 68 170 187 163 150 159 171 168 167 149 112 31 98 137 128 131 
14 88 120 122 118 120 107 93 47 86 95 87 55 37 92 111 102 88 89 65 114 140 139 120 117 139 147 162 153 146 164 174 158 149 108 133 153 144 117 71 58 46 39 33 27 29 24 9 10 84 180 192 166 170 170 160 134 126 131 93 33 110 136 130 
12 18 101 126 107 97 106 121 95 45 90 97 88 50 59 118 136 99 108 95 85 145 148 146 150 162 165 171 187 196 205 215 196 190 162 113 165 160 125 91 75 69 58 58 54 34 24 20 5 16 107 183 176 178 154 130 116 117 143 170 96 51 121 138 
85 14 29 115 122 108 113 123 124 87 49 97 97 86 51 90 143 148 103 120 96 107 154 160 142 153 180 173 206 219 226 229 218 177 160 128 112 161 147 139 112 97 116 130 126 55 27 26 15 2 21 115 174 161 113 138 150 141 128 162 159 85 51 127 
127 80 11 37 114 121 118 114 123 120 72 59 102 99 87 52 112 146 137 101 138 94 115 151 148 154 169 172 195 201 216 219 211 178 144 143 113 111 140 136 126 122 123 130 135 57 29 27 23 11 2 23 113 174 135 135 144 130 121 121 121 134 67 47 
129 126 68 7 41 109 124 104 97 107 111 70 64 102 99 80 59 120 132 112 102 144 96 120 142 149 167 170 199 214 233 225 201 163 156 126 110 78 105 143 120 100 124 138 141 59 27 24 22 19 9 1 33 133 137 118 109 118 126 121 120 124 126 60 
131 132 126 57 6 61 130 111 107 121 125 112 61 72 103 97 81 66 114 119 119 118 173 115 121 150 163 165 189 203 215 214 200 167 170 156 130 84 63 108 126 119 127 132 139 59 25 23 22 18 20 8 5 53 126 117 108 115 125 118 118 116 112 127 
131 132 133 122 46 14 79 131 119 125 106 88 96 55 84 106 100 78 67 103 123 118 153 188 95 122 147 155 176 185 196 193 180 157 131 114 123 100 65 52 73 84 107 122 135 55 25 26 22 18 20 20 12 10 52 125 116 132 115 113 119 113 115 118 
131 132 133 133 117 38 14 90 131 97 91 90 112 121 63 102 107 101 70 76 118 131 126 156 148 85 129 153 159 150 147 159 162 150 131 117 130 132 98 57 51 77 115 128 133 59 25 26 19 18 18 17 13 4 7 66 140 133 118 113 126 124 118 122 
127 129 130 130 132 105 25 19 102 92 98 91 85 97 98 63 104 108 103 78 100 136 134 108 139 123 89 137 156 148 143 154 154 148 145 137 132 138 135 89 62 70 110 130 132 62 27 35 25 25 23 18 12 11 3 11 76 144 116 100 105 120 127 115 
131 132 132 133 134 132 94 18 30 85 68 61 87 86 98 93 74 120 109 102 77 118 131 91 77 126 99 94 119 96 100 126 136 142 116 108 115 124 137 111 69 61 66 111 133 83 62 76 85 104 93 43 12 13 10 3 13 83 131 112 104 125 146 136 
131 132 132 133 134 131 129 83 18 32 75 70 77 85 93 101 101 92 116 110 102 74 106 119 114 92 107 81 92 123 120 130 137 142 137 134 140 144 139 133 122 75 59 80 131 132 122 123 130 133 132 71 13 11 13 9 3 22 99 140 116 134 142 131 
131 131 132 133 134 132 133 130 73 13 45 94 83 77 92 92 131 95 83 118 107 92 62 111 109 101 92 108 74 95 101 126 144 143 146 112 114 149 142 140 121 82 60 60 89 133 101 102 137 134 139 77 11 10 10 11 7 3 34 118 172 141 116 150 
129 129 130 131 132 131 134 134 128 64 14 55 75 63 78 103 109 103 74 88 111 106 88 57 103 123 124 89 97 68 96 131 141 143 141 133 134 139 138 135 128 124 113 67 63 92 126 128 131 130 129 71 13 11 10 9 8 6 10 47 130 181 173 168 
130 130 131 132 132 131 135 134 135 126 62 28 56 80 91 112 83 106 117 64 90 113 107 76 50 101 135 122 85 98 72 113 143 138 141 115 116 142 136 139 126 97 120 121 65 61 70 96 134 129 132 76 13 12 9 8 7 12 11 8 53 140 177 160 
131 130 131 132 133 131 133 133 134 135 120 50 25 79 105 100 126 139 137 118 57 97 110 98 61 51 126 138 117 86 91 72 126 138 137 125 130 140 135 134 126 115 126 132 112 63 59 91 128 130 125 74 14 10 8 8 8 11 11 5 12 73 152 185 
130 130 131 131 133 132 132 132 133 134 135 116 48 24 100 138 133 132 126 123 108 54 100 106 92 57 68 131 126 77 78 86 81 125 101 85 97 113 131 117 82 72 103 113 132 85 57 62 84 126 108 55 11 10 8 7 6 9 10 10 6 20 83 156 
130 130 131 131 132 132 133 134 134 135 136 138 109 32 24 113 138 118 113 130 136 96 51 101 102 91 52 81 121 93 76 83 78 80 99 87 101 115 132 121 94 85 109 124 132 111 82 65 64 105 118 71 26 25 26 27 25 25 11 8 9 6 28 93 
127 127 128 128 128 129 132 133 134 134 134 135 138 97 22 37 124 137 132 126 138 137 91 56 106 102 88 48 91 121 108 83 74 68 85 104 112 126 132 129 113 101 120 133 136 120 98 74 68 71 111 100 81 99 115 117 97 70 15 6 8 10 6 27 
128 128 128 129 130 130 132 133 133 134 134 136 140 148 89 16 43 117 133 130 126 130 121 77 68 106 101 85 43 60 71 97 74 72 60 49 87 105 128 116 75 71 101 119 133 91 70 85 84 73 61 66 71 97 113 126 83 60 14 6 5 7 8 5 
127 128 129 128 130 128 129 130 131 130 131 137 140 143 138 72 9 51 128 134 108 116 125 125 69 69 104 103 78 39 90 122 120 84 74 59 94 131 135 132 117 112 123 132 135 127 119 121 127 97 70 71 106 121 127 129 121 101 21 5 4 5 8 10 
126 127 129 128 129 129 131 131 132 133 133 139 142 140 140 132 56 9 77 140 124 126 137 133 110 54 77 106 102 76 46 103 139 124 86 78 64 116 136 139 123 87 113 139 135 137 100 94 135 131 89 65 55 103 133 129 127 83 17 5 5 4 4 10 
124 126 127 127 128 128 130 132 132 133 133 140 142 139 138 137 124 48 14 88 137 136 125 84 69 101 59 90 108 98 63 49 125 136 120 81 78 71 113 132 125 121 124 131 131 127 124 123 126 131 123 83 67 80 121 124 117 99 19 4 3 3 3 7 
125 126 126 126 126 127 130 131 131 132 132 134 136 136 137 138 137 120 33 15 100 126 84 108 91 100 107 51 93 103 93 57 68 126 137 97 76 77 68 123 122 87 109 137 133 136 102 90 125 128 138 115 90 74 93 119 120 79 16 5 5 6 7 7 
126 127 127 127 128 126 129 130 130 131 131 134 135 135 136 137 137 140 110 23 22 103 80 86 78 70 78 81 47 95 104 92 57 79 128 118 102 83 73 79 117 113 123 131 133 128 115 110 120 124 134 124 110 100 72 88 110 93 17 4 5 5 6 5 
125 127 127 127 127 126 127 128 129 129 128 132 135 135 135 136 134 137 137 98 16 34 79 57 63 71 78 95 83 51 101 103 90 50 61 76 79 80 81 67 56 68 97 111 130 94 74 82 97 121 118 82 72 94 90 62 59 66 50 45 60 60 44 43 
126 127 127 127 127 125 128 129 129 129 128 131 134 134 134 134 133 137 137 136 85 12 33 74 82 71 83 91 100 90 58 102 100 83 36 49 89 110 103 83 57 56 104 120 128 108 88 95 112 126 122 97 86 106 107 85 47 62 87 102 116 107 81 71 
127 126 125 124 124 124 128 128 129 128 127 129 131 131 132 132 132 136 136 137 132 66 7 45 92 70 70 92 91 127 69 57 99 97 72 37 84 118 124 90 77 58 89 123 127 112 93 96 114 125 118 98 87 105 115 104 72 53 83 109 118 108 92 82 
124 126 126 127 126 124 127 127 128 128 126 130 133 133 134 134 131 134 135 135 135 124 53 5 49 68 55 91 102 76 92 60 64 98 90 67 39 77 119 106 77 77 53 87 125 86 66 78 97 123 109 68 63 89 100 120 98 79 56 83 117 93 70 64 
124 124 126 126 126 123 125 125 126 126 125 129 130 131 131 131 128 130 131 133 132 131 121 46 12 59 83 83 95 86 124 110 56 74 98 89 61 41 106 124 109 94 78 56 106 122 112 109 121 125 122 111 103 112 116 121 118 106 89 67 94 105 98 91 
123 123 124 125 125 123 126 127 126 126 125 127 129 130 130 129 128 131 132 132 133 130 132 117 37 10 83 113 120 129 130 119 102 46 80 94 86 57 49 118 115 78 77 70 63 111 91 81 122 126 125 110 74 99 123 121 123 89 107 116 90 77 73 57 
120 121 121 122 122 122 125 126 126 126 125 126 127 128 128 127 127 130 130 131 132 129 130 130 108 27 14 96 131 117 112 103 116 101 42 83 94 86 51 60 108 108 97 89 69 60 101 109 113 117 119 112 108 108 113 115 113 108 107 123 140 110 84 77 
119 119 120 121 121 120 123 124 124 124 123 125 126 126 127 127 125 128 128 129 129 127 128 129 128 98 19 22 107 125 103 103 118 121 84 43 88 93 79 45 54 71 92 102 83 60 47 73 111 114 120 107 71 94 116 112 115 81 76 110 109 111 90 67 
119 119 120 120 120 119 121 122 121 121 120 123 124 125 126 126 123 125 125 125 126 124 127 128 128 126 88 15 29 110 118 114 104 114 113 72 45 91 89 72 36 62 103 110 96 79 54 62 102 109 116 107 94 103 109 111 106 96 93 101 103 100 90 83 
118 118 119 119 119 117 119 119 120 120 119 121 123 123 125 124 122 125 124 125 126 124 126 127 127 126 122 69 7 34 95 110 105 92 97 97 66 48 89 84 69 33 56 94 105 82 76 53 57 102 100 62 48 76 90 107 68 49 62 77 101 87 64 58 
116 117 117 117 118 117 119 119 120 120 119 119 121 121 121 121 121 124 124 125 125 122 124 124 124 124 122 116 59 6 42 112 104 89 104 108 101 59 50 89 88 66 30 80 107 95 85 71 59 83 103 82 71 89 101 106 92 75 81 95 105 98 81 73 
113 114 115 115 115 115 119 119 119 119 118 117 118 119 119 119 119 122 123 124 124 120 122 123 123 123 121 120 116 52 7 59 116 104 110 105 84 77 48 58 90 84 59 34 93 97 73 62 87 60 78 77 69 88 98 106 88 67 76 90 102 96 71 63 
116 116 116 117 117 115 118 118 118 119 117 119 120 120 120 119 118 121 123 123 123 119 123 123 123 123 121 119 122 111 44 7 63 115 98 72 59 71 103 51 63 88 75 38 71 78 60 65 95 102 53 41 53 79 91 105 72 55 68 79 101 92 59 51 
114 115 116 116 116 113 115 115 115 115 114 118 119 119 119 118 115 118 119 119 119 117 122 122 122 122 120 118 121 123 111 36 8 70 84 64 78 64 81 87 45 88 74 42 76 109 101 100 102 86 81 58 71 98 106 107 104 93 92 102 104 107 98 89 
112 114 115 115 115 112 115 116 116 115 113 116 118 117 117 117 115 118 119 119 119 117 120 120 120 121 119 118 120 119 119 101 28 12 73 52 54 62 62 72 42 86 73 41 73 113 83 74 107 103 83 102 79 67 97 105 107 76 70 104 104 107 93 63 
111 111 112 113 112 110 115 115 116 115 111 113 115 115 115 115 114 118 118 118 118 115 117 118 118 118 117 117 118 118 118 117 65 3 64 66 56 61 69 73 40 86 75 43 67 102 99 99 103 109 100 86 94 98 73 75 86 93 95 99 100 102 96 93 
110 111 112 112 111 108 113 114 113 113 110 112 113 113 114 114 113 116 115 116 116 114 116 117 116 116 115 114 116 116 116 116 67 2 56 49 52 66 71 75 39 81 71 40 60 106 75 66 103 109 108 95 68 90 108 127 119 101 70 84 87 92 86 55 
111 112 112 111 111 108 110 111 110 110 109 111 112 112 112 112 109 112 112 113 112 110 114 114 114 113 112 111 113 113 113 114 66 2 48 42 41 65 71 88 37 76 65 43 58 96 88 88 97 104 101 91 82 90 102 137 166 157 109 121 100 76 69 69 
110 111 112 111 110 107 108 109 108 109 108 109 110 110 110 111 108 111 112 112 111 110 113 112 112 112 111 110 111 111 111 112 67 3 57 52 76 78 82 93 37 74 63 41 56 62 45 55 71 95 85 45 38 65 76 97 68 75 95 114 107 92 88 85 


5 28 38 55 88 106 69 38 44 72 108 90 46 26 8 8 59 57 30 39 68 109 88 37 29 25 6 11 25 29 41 120 171 157 126 137 163 163 131 110 97 58 74 155 122 98 118 129 44 91 155 156 142 123 136 155 155 145 151 147 119 105 134 151 
3 4 14 45 84 104 61 33 41 71 109 91 48 40 50 13 11 36 44 56 84 113 96 57 45 32 7 8 14 27 33 55 137 165 151 158 157 102 39 51 110 138 67 102 153 113 100 126 113 46 113 153 108 60 96 149 157 147 153 144 87 62 115 149 
20 3 11 68 102 105 95 72 77 100 109 107 86 72 91 63 10 20 64 82 104 115 108 86 68 47 10 8 9 17 31 36 63 144 164 124 98 73 34 106 140 164 141 64 105 155 107 98 127 103 49 118 146 140 148 150 150 143 149 149 147 139 149 151 
56 9 4 13 70 102 45 19 33 58 106 77 25 21 40 80 57 8 7 29 61 110 85 32 24 23 9 9 10 10 19 33 38 72 142 129 57 52 40 110 122 141 146 124 54 117 148 107 106 131 99 53 126 124 135 150 155 146 154 151 135 122 140 152 
98 73 16 5 27 96 102 88 93 106 111 107 95 90 103 112 110 49 6 27 99 117 115 104 97 55 10 10 9 10 10 23 35 41 80 146 76 32 25 79 140 142 141 146 113 50 125 146 106 104 134 98 51 53 88 145 154 150 157 145 82 56 110 149 
104 95 34 8 6 40 106 81 80 116 114 117 101 64 102 120 119 111 36 7 48 108 118 104 65 43 9 10 10 11 10 14 27 38 42 81 101 31 33 37 119 106 131 145 149 103 52 140 146 106 106 137 86 51 136 153 151 148 154 153 152 143 156 154 
50 99 92 61 10 7 49 98 106 117 114 116 115 104 117 121 119 122 102 29 9 55 110 114 107 62 12 12 13 13 14 16 16 29 38 43 74 81 43 22 56 83 117 144 151 154 101 66 153 140 102 108 141 79 69 130 145 149 140 113 88 81 106 127 
52 55 82 98 54 8 8 47 85 116 113 118 109 79 110 124 122 123 89 60 20 11 68 104 70 68 48 48 48 34 34 45 16 18 29 34 42 86 92 24 37 68 109 142 153 158 173 118 113 162 134 99 108 135 68 53 119 150 99 33 16 26 38 54 
81 50 42 103 107 43 5 5 53 116 117 120 114 93 113 122 122 122 104 105 85 17 19 72 98 113 115 114 113 102 103 100 24 17 20 30 37 47 75 60 34 33 77 136 152 137 177 170 125 123 165 119 94 106 126 60 83 143 137 107 73 66 98 125 
71 80 46 71 100 100 24 7 15 72 115 107 71 55 73 104 119 80 51 56 80 72 21 20 39 62 99 115 69 41 50 60 22 17 21 25 34 40 51 106 79 47 34 58 113 139 120 93 126 124 122 144 118 97 112 127 59 84 145 140 116 104 127 143 
89 73 78 34 68 108 58 18 5 14 86 93 44 33 57 97 118 77 42 51 82 117 68 19 13 48 101 113 77 48 60 74 26 19 24 26 30 36 41 52 89 60 34 48 67 63 49 87 135 115 100 111 155 116 101 118 111 39 85 57 29 35 68 73 
72 87 75 76 43 97 107 66 11 7 28 94 96 77 98 119 121 108 84 86 113 126 112 41 15 35 101 116 99 73 78 90 30 20 22 22 26 27 38 43 57 118 102 76 84 114 99 155 180 167 145 75 110 159 116 101 120 100 30 49 46 46 70 97 
40 76 87 77 76 42 42 22 18 9 8 22 24 21 44 92 120 59 25 38 67 120 101 39 19 15 40 103 60 30 37 52 27 21 22 23 24 21 27 41 47 75 162 149 118 161 180 181 184 178 174 141 69 114 157 112 98 120 91 36 112 146 159 162 
104 50 85 82 77 69 38 82 93 70 15 6 27 82 106 122 129 118 104 107 122 129 129 116 97 39 14 54 113 110 111 114 43 27 27 28 26 24 25 30 39 48 89 159 187 180 170 160 180 155 147 180 126 55 131 150 99 100 130 85 42 98 133 160 
105 97 48 88 81 80 66 50 81 117 65 14 14 46 109 132 130 130 90 85 131 132 134 124 79 86 33 17 66 83 82 116 50 37 42 43 39 34 32 27 30 40 49 98 184 187 170 156 148 148 170 188 179 105 61 142 139 111 108 133 81 58 121 163 
86 105 90 48 94 79 85 56 64 120 118 53 19 14 67 126 129 130 120 120 133 130 130 132 123 128 101 27 22 75 129 134 108 111 122 124 115 114 72 30 28 32 42 51 108 181 180 158 130 148 173 187 176 156 107 76 145 138 109 117 139 70 78 149 
49 93 114 84 57 100 79 86 56 83 121 114 46 18 19 83 125 130 105 97 132 132 131 128 91 115 135 90 31 29 76 138 142 144 143 109 125 146 90 35 29 28 36 44 53 101 173 179 174 177 175 168 173 179 162 75 71 152 138 111 121 135 57 75 
31 76 110 114 84 68 98 76 84 51 92 126 110 37 19 23 85 110 93 89 115 115 115 115 98 111 120 114 69 33 33 100 131 134 140 130 133 139 89 36 32 25 25 27 36 51 131 172 171 169 166 168 173 183 180 153 71 79 158 130 107 119 125 54 
13 40 85 96 88 54 72 96 80 86 51 95 82 44 16 25 56 43 44 46 37 35 39 41 46 57 64 72 81 66 54 65 83 82 82 72 69 63 49 33 32 28 28 28 43 35 60 131 155 170 177 161 127 157 132 174 147 55 84 159 123 103 127 130 
27 15 34 36 42 86 51 83 94 84 85 43 32 29 52 40 95 30 38 52 49 50 54 61 68 81 97 101 105 93 77 75 68 77 86 77 74 72 68 59 57 55 52 46 38 44 37 77 147 179 177 139 124 167 171 173 176 115 46 94 152 120 108 128 
62 57 45 89 111 127 115 58 91 92 84 79 52 80 99 84 36 29 33 91 122 133 133 127 108 119 136 139 134 121 116 80 72 54 118 120 125 128 95 51 43 38 35 28 23 37 39 51 83 155 183 173 160 156 181 185 181 126 106 44 105 155 116 112 
14 81 110 123 117 128 113 113 61 98 85 88 74 29 41 86 84 35 36 29 82 138 137 93 77 100 131 164 138 111 129 143 120 104 60 106 127 130 114 67 54 47 39 32 26 28 35 41 47 86 162 187 173 167 181 167 108 85 89 95 47 118 153 120 
14 18 98 126 107 96 107 133 105 61 102 86 92 66 58 120 133 78 53 38 65 147 150 149 146 160 171 174 187 191 197 210 177 147 118 88 170 166 121 85 73 67 61 57 53 34 27 38 42 48 104 171 182 172 153 117 35 68 135 170 106 62 133 155 
90 17 31 108 122 107 120 134 131 98 67 107 86 95 71 99 144 147 74 61 45 91 155 162 137 152 183 176 205 215 221 225 212 154 118 83 97 160 145 138 111 79 117 127 126 55 28 28 39 39 51 107 158 141 79 80 49 120 139 163 168 99 63 141 
134 87 15 36 116 129 129 127 131 130 93 79 107 84 95 73 119 149 139 68 77 43 104 157 153 158 175 175 194 198 211 215 208 174 128 90 65 100 140 141 137 129 131 131 136 57 30 27 28 36 37 47 102 158 85 50 40 101 152 152 159 159 85 61 
136 135 73 9 47 118 129 105 101 112 130 82 82 103 84 97 77 127 133 97 56 77 46 114 142 151 173 174 199 211 229 221 198 163 154 100 57 36 96 144 120 89 124 136 140 57 29 25 25 26 35 34 53 124 100 34 32 52 148 148 157 163 147 78 
138 139 134 63 9 62 127 116 109 130 137 107 65 90 101 89 100 81 117 110 113 66 112 67 110 152 166 168 191 202 211 211 198 168 169 150 105 35 32 104 129 118 132 134 140 57 27 24 25 20 25 34 37 64 104 56 45 31 86 91 131 154 155 152 
141 140 142 131 51 21 79 131 122 130 102 59 72 64 98 99 92 95 78 93 108 98 104 137 57 109 146 158 178 177 185 179 178 156 117 88 95 63 22 30 53 51 74 117 133 52 26 24 23 21 20 25 36 43 65 99 70 27 46 74 92 137 163 156 
139 140 142 143 125 43 17 90 126 85 45 48 111 120 77 116 96 96 86 65 81 120 101 100 86 34 114 158 158 133 121 139 159 148 108 81 95 111 73 18 16 40 86 123 131 54 24 24 21 20 16 17 26 38 41 72 97 43 24 33 104 158 158 144 
135 138 139 140 140 111 31 23 96 50 22 55 109 121 113 78 114 92 101 91 107 139 134 78 67 54 66 137 154 136 123 145 154 150 141 122 116 135 131 58 16 41 98 126 128 58 24 29 22 25 22 15 13 27 38 43 76 106 51 37 37 91 146 137 
139 141 142 144 145 142 103 25 32 61 17 27 92 102 127 108 87 121 93 107 94 122 126 57 22 55 35 73 103 51 48 82 124 142 89 66 64 94 135 91 32 17 30 96 126 65 37 41 66 99 83 35 12 16 29 37 43 80 97 42 27 34 54 79 
139 141 142 144 145 140 138 89 26 30 45 17 35 67 115 132 109 101 119 95 110 91 116 119 101 60 43 28 79 117 110 124 137 145 140 129 136 146 138 132 120 44 21 61 124 131 117 119 132 128 131 74 12 12 15 31 37 47 86 102 56 52 62 72 
138 139 143 143 145 141 143 141 82 20 37 33 20 40 107 121 134 98 97 119 92 105 84 123 104 91 58 51 32 81 84 123 141 145 145 103 105 147 141 137 120 60 31 21 69 125 91 90 132 131 133 76 11 9 9 15 32 37 52 109 150 96 74 155 
137 140 140 141 144 140 144 145 138 71 20 42 38 18 43 89 98 84 77 105 112 94 105 80 112 127 125 53 44 28 85 136 143 144 146 138 138 146 138 136 137 127 114 36 22 78 127 131 135 129 128 74 13 12 12 9 15 32 41 60 120 171 162 173 
137 138 140 141 143 140 145 145 145 135 69 32 45 39 27 46 39 88 103 74 107 107 98 98 64 103 141 115 42 34 36 111 142 141 142 108 110 143 137 140 126 87 121 110 30 24 56 89 132 128 130 77 14 14 11 8 8 18 34 39 65 132 179 174 
138 139 143 143 144 139 144 143 144 146 128 56 28 71 77 82 125 143 146 131 75 111 101 95 82 63 134 140 105 37 27 43 121 140 140 125 129 143 135 136 131 112 131 134 101 25 19 79 129 128 127 78 13 11 10 8 8 11 21 35 42 74 139 181 
139 138 140 141 143 139 141 142 144 144 145 124 54 28 96 135 133 130 130 126 123 68 114 93 97 82 83 133 120 46 21 28 54 122 90 60 66 94 130 112 61 47 71 106 128 51 11 25 71 120 96 38 10 9 9 8 7 8 12 26 36 48 80 145 
139 139 139 140 140 139 143 144 146 145 146 148 116 38 27 112 138 116 109 133 147 107 64 110 94 101 76 90 108 55 33 28 21 59 75 46 59 90 128 114 65 50 76 116 131 91 53 20 27 95 108 58 23 24 26 26 26 25 12 11 26 39 54 87 
135 136 135 136 136 136 142 144 144 145 143 145 148 103 30 40 120 139 135 138 144 145 100 71 114 93 101 65 97 110 86 44 20 19 69 88 92 120 133 125 100 79 101 125 133 108 74 33 16 39 100 83 56 75 103 111 83 48 13 6 12 30 39 52 
134 136 136 136 139 137 141 143 142 142 142 147 151 158 96 24 45 125 140 142 131 135 133 94 85 112 89 98 56 33 28 44 33 17 13 13 33 67 125 103 40 29 52 99 128 66 31 38 40 17 26 31 30 48 94 122 63 30 10 5 6 12 31 38 
133 136 135 136 136 135 136 139 139 140 138 146 149 152 148 80 17 59 136 137 99 118 130 139 76 88 105 94 98 49 87 119 118 49 16 16 79 131 135 132 119 109 123 133 133 128 116 118 126 58 15 46 99 121 127 128 124 101 20 5 6 5 14 32 
132 134 136 136 135 134 137 140 141 143 142 148 151 149 148 141 62 16 79 139 125 121 145 138 89 60 94 106 98 96 59 105 136 116 42 14 29 107 134 136 121 72 109 136 133 134 94 85 131 122 48 15 35 99 130 128 125 79 16 6 6 6 6 15 
130 130 132 133 134 133 137 140 140 141 141 148 150 147 146 144 133 56 19 87 136 134 130 62 42 92 69 106 103 96 85 64 128 136 112 35 14 39 112 133 132 122 129 134 131 132 128 127 132 131 115 40 19 67 121 125 122 105 20 5 5 5 4 7 
131 131 132 132 134 135 138 140 141 141 140 145 146 147 147 147 147 128 37 17 97 112 56 42 77 109 114 64 106 95 95 77 77 129 135 81 18 17 46 120 121 76 108 135 133 133 97 82 124 126 134 101 42 29 80 121 120 74 12 5 6 6 6 7 
132 133 134 134 135 132 136 137 138 138 138 143 145 146 146 147 144 148 117 28 23 92 39 30 69 108 116 102 62 106 96 98 77 87 130 119 81 25 17 59 119 109 123 131 132 129 114 109 126 125 133 125 92 46 31 78 114 92 16 4 4 4 5 5 
134 133 134 134 133 131 134 135 135 133 133 141 144 146 146 146 143 148 148 106 22 36 57 19 31 68 98 127 99 65 110 94 98 67 62 53 48 29 16 16 39 42 56 98 127 78 43 47 73 116 108 55 38 32 29 28 44 33 15 22 59 49 15 13 
133 133 133 133 132 131 135 136 136 136 134 139 143 144 145 143 144 148 148 146 92 18 30 52 24 37 66 117 126 93 74 108 89 94 47 27 53 80 63 14 7 21 67 108 124 92 58 63 93 122 114 72 54 75 74 33 14 30 57 87 114 95 54 42 
130 130 129 130 130 129 134 134 135 135 132 135 138 139 140 140 141 146 147 148 142 72 10 34 42 17 44 106 108 123 72 73 104 89 91 52 78 108 117 48 8 15 73 116 124 102 72 71 99 122 116 83 63 82 107 73 22 27 65 96 115 101 73 56 
129 131 132 133 133 130 134 134 134 134 131 138 141 140 142 141 140 144 146 146 146 132 58 9 42 37 14 33 63 51 68 56 76 100 87 87 40 49 114 95 26 9 10 70 121 65 30 36 63 117 101 41 30 47 89 114 59 25 16 56 111 81 35 28 
131 132 132 133 133 128 131 132 131 131 130 135 138 139 139 139 137 141 142 142 142 139 129 51 16 51 51 28 56 70 119 107 60 86 99 88 81 48 109 125 102 40 14 28 98 123 110 107 123 124 124 115 100 115 121 122 114 67 36 41 85 104 99 88 
131 131 132 132 132 129 132 133 132 133 130 135 135 137 136 137 137 142 143 142 141 136 140 124 44 14 78 95 115 130 134 128 115 57 90 91 86 74 57 116 112 55 29 12 34 105 86 74 120 124 123 110 66 98 122 120 120 79 69 67 43 45 50 29 
128 127 129 129 130 128 131 132 132 132 129 132 133 134 134 134 135 140 142 142 140 137 138 138 115 32 17 94 129 113 111 102 125 109 48 91 88 90 68 65 115 111 83 32 13 43 103 111 118 117 119 118 110 114 116 114 117 114 109 114 111 65 33 28 
127 127 127 127 128 127 131 131 131 132 131 132 132 134 134 134 135 137 139 139 139 136 138 136 134 105 23 25 103 125 98 102 127 126 93 49 97 87 88 63 61 66 92 73 20 11 34 68 108 113 118 106 65 94 115 113 113 77 69 107 106 101 73 40 
127 127 128 128 128 127 128 129 129 129 128 130 132 132 133 133 131 134 134 136 137 132 136 136 135 134 94 22 32 108 123 122 119 122 125 84 54 98 82 84 49 64 107 108 58 13 8 50 105 108 114 108 93 104 110 110 108 97 92 104 103 103 95 83 
125 126 125 125 127 126 127 129 128 128 126 129 131 130 132 131 130 131 132 133 134 131 134 135 134 134 129 75 12 39 106 118 113 95 101 113 74 56 94 77 82 43 41 82 100 34 14 12 48 100 91 40 26 41 80 105 55 26 28 52 97 76 32 22 
123 124 124 124 124 124 127 129 128 128 126 127 129 130 130 130 129 131 132 133 133 130 131 132 132 132 130 123 63 10 46 112 107 91 110 119 108 54 59 93 80 80 35 73 106 81 39 11 16 73 96 67 52 70 95 105 85 59 61 84 103 92 65 50 
119 121 122 122 122 122 126 127 127 127 123 124 126 126 127 127 128 131 132 131 132 129 130 131 132 132 130 128 123 56 11 59 114 107 109 112 75 55 46 67 91 77 76 43 93 86 46 13 29 25 71 63 46 63 91 105 76 47 52 76 99 92 54 40 
122 123 123 124 125 121 125 126 125 126 124 126 127 128 127 127 125 129 130 130 131 128 130 131 132 132 130 127 129 118 48 8 64 114 92 60 22 60 99 56 76 82 71 54 71 62 32 31 46 45 17 20 31 48 84 104 59 34 41 63 100 87 43 33 
123 123 123 123 122 119 121 121 122 123 121 124 126 127 127 127 122 125 128 126 127 124 129 130 130 130 130 125 128 131 117 39 9 69 67 19 25 73 94 90 57 88 67 59 77 110 96 95 93 41 22 23 63 100 107 106 107 93 92 106 106 110 102 85 
121 122 121 121 121 119 122 122 122 123 122 123 125 126 127 126 122 126 128 127 127 123 127 128 129 128 127 125 126 126 127 109 30 15 59 16 31 76 94 87 54 84 63 57 73 109 78 67 106 90 35 42 38 48 89 106 108 75 67 104 107 109 95 59 
117 118 119 119 118 116 122 122 121 121 119 120 123 123 122 122 120 125 127 127 126 122 123 125 127 125 123 123 125 125 126 125 70 4 38 15 29 55 96 88 51 85 63 57 69 106 104 100 107 107 90 50 42 42 36 56 86 97 97 105 103 105 104 94 
118 119 119 120 118 115 120 120 120 121 117 119 122 122 121 121 119 125 126 127 125 123 124 124 124 124 123 122 125 124 124 123 72 2 45 17 27 69 97 90 48 84 62 57 62 105 74 61 100 108 108 91 41 39 45 64 72 64 42 63 74 84 79 43 
118 120 119 119 118 114 116 117 117 117 116 118 120 121 121 121 119 121 121 121 122 121 124 124 122 123 121 119 121 121 122 121 71 3 39 15 20 82 90 92 46 81 58 59 60 98 88 86 98 104 102 93 81 86 75 81 100 88 36 47 33 23 20 19 
117 118 118 117 117 112 114 116 117 118 116 117 119 120 122 120 118 120 121 121 121 118 123 123 122 121 120 119 120 120 120 121 73 5 53 21 13 53 84 90 45 81 55 57 59 55 25 26 43 90 81 30 20 30 64 93 46 34 33 37 40 28 23 19 