


110 120 128 133 136 139 138 138 142 143 142 143 139 120 108 102 104 106 109 108 109 110 107 107 108 106 108 107 107 107 109 111 111 110 112 121 68 94 53 48 61 79 77 76 81 89 83 63 77 75 67 52 56 50 59 66 70 70 80 60 41 22 33 81 
132 144 159 167 170 179 180 181 182 185 186 186 178 107 63 27 28 34 36 38 39 42 44 46 47 46 46 46 45 44 44 44 43 41 42 51 42 46 40 30 29 30 29 28 27 28 28 24 28 38 56 72 84 39 54 81 102 111 105 57 48 12 9 76 
135 146 163 173 177 188 190 191 193 196 198 197 190 113 62 23 22 24 24 27 29 33 35 39 44 47 51 52 52 54 53 53 53 51 50 49 46 48 45 40 37 39 38 40 41 42 47 55 74 104 128 136 138 64 110 147 157 159 152 91 103 27 11 79 
134 146 166 181 189 194 196 197 198 202 204 203 197 123 64 24 24 24 22 24 27 30 35 43 54 60 66 73 75 79 81 79 81 79 76 75 72 68 64 69 73 74 67 64 61 59 64 71 101 147 167 175 162 79 135 162 169 172 167 102 103 45 11 83 
134 146 167 187 195 195 195 200 201 206 208 207 203 130 67 25 24 25 23 27 32 39 49 60 66 69 73 87 100 101 103 105 105 102 108 125 151 116 66 86 94 88 74 75 81 88 85 78 103 131 124 117 120 83 94 117 129 137 138 82 77 65 13 85 
132 147 167 188 196 193 190 197 203 207 209 210 206 132 68 26 23 27 30 33 40 53 82 73 63 63 76 102 119 126 128 129 135 128 149 168 172 169 82 99 103 92 69 60 64 63 64 63 70 110 111 115 122 95 70 114 149 167 172 126 75 86 23 94 
129 143 166 186 193 190 187 190 205 208 209 211 208 133 69 28 23 29 37 42 68 117 129 97 59 55 50 64 84 104 125 150 167 155 150 194 167 170 76 92 97 68 56 54 58 58 56 56 63 64 58 62 54 53 82 86 131 163 175 141 75 87 33 97 
128 141 163 184 188 188 185 186 204 210 211 212 210 138 70 28 23 34 42 58 136 163 143 121 99 127 121 114 111 100 120 164 202 210 163 164 183 142 80 94 86 60 52 50 52 53 54 53 55 53 53 51 45 47 60 73 116 147 160 140 94 79 38 99 
129 139 160 179 184 188 183 185 203 211 212 213 212 144 72 33 43 81 82 76 117 137 151 157 165 168 154 142 138 128 112 131 192 218 200 130 173 141 63 91 87 61 63 64 67 67 63 48 55 55 64 50 53 55 62 69 94 122 137 125 102 76 40 104 
126 136 158 175 183 186 182 188 203 209 212 213 212 150 81 74 117 122 102 70 82 124 165 170 168 157 147 112 93 79 83 97 102 185 223 172 171 157 93 149 140 116 108 86 69 62 56 45 46 43 48 45 49 54 55 73 122 141 154 140 110 85 51 98 
126 137 155 173 182 184 183 188 205 210 213 213 202 144 113 100 88 95 91 67 94 168 204 195 166 127 146 64 37 42 37 44 67 125 189 181 156 178 90 146 161 172 195 200 184 169 151 116 91 73 64 70 78 85 92 92 147 175 173 145 105 105 38 83 
127 137 152 172 180 184 183 186 205 211 212 213 177 140 121 147 165 157 159 158 172 218 248 233 182 147 138 70 46 43 35 40 103 182 156 153 147 173 81 129 138 159 189 213 222 218 216 209 188 150 97 59 68 85 92 100 165 193 187 150 110 119 29 80 
126 137 150 169 179 183 183 189 204 210 211 213 175 147 200 208 235 213 177 133 156 192 215 190 180 168 154 131 107 78 57 52 142 163 147 116 140 184 92 107 100 124 145 153 167 171 158 153 169 164 139 99 81 85 86 95 133 158 158 126 99 110 29 89 
129 136 149 169 181 185 185 191 204 211 212 214 191 143 199 169 202 185 168 88 97 139 165 175 185 165 140 134 103 56 46 50 90 133 141 118 123 151 73 91 103 101 93 89 98 99 94 99 117 122 120 111 105 101 99 138 135 169 184 141 83 102 27 104 
131 138 153 173 185 188 187 191 205 210 214 216 208 165 118 80 65 79 96 95 95 128 150 161 154 136 113 91 55 50 54 62 117 146 117 87 100 82 80 102 101 83 67 55 57 62 62 64 65 71 80 85 84 89 81 130 161 171 179 142 98 104 49 106 
134 140 156 174 186 190 189 192 206 212 214 216 215 170 96 42 30 58 82 85 102 130 185 209 181 157 124 80 65 101 138 167 177 172 132 112 116 111 109 134 126 111 85 71 70 78 75 68 83 83 85 83 75 79 95 152 185 191 193 148 118 119 92 108 
136 141 156 177 189 190 191 193 207 214 216 217 215 174 98 44 32 57 79 86 103 108 173 214 203 177 163 114 75 83 134 177 179 171 162 152 144 134 96 107 127 158 145 125 111 109 90 62 76 119 132 130 128 96 106 143 164 165 165 114 116 92 40 113 
135 141 158 179 192 191 193 195 207 215 217 219 218 181 101 47 33 54 75 86 99 102 125 157 178 180 162 132 126 92 71 99 138 159 159 157 158 157 105 111 130 127 120 123 127 129 125 122 132 129 121 131 151 104 105 146 170 171 165 114 105 73 33 118 
131 142 160 183 195 191 193 197 208 215 218 219 221 184 102 49 34 52 72 83 93 100 118 138 146 158 170 172 160 138 117 112 106 119 126 148 152 156 130 142 143 135 111 119 136 141 130 133 134 131 121 122 137 127 110 120 133 138 142 115 105 66 61 136 
134 143 162 186 195 190 193 197 209 216 219 219 221 186 103 50 36 53 71 81 83 97 115 132 146 160 170 169 163 161 157 143 141 134 100 108 127 149 131 137 132 129 111 117 122 135 125 122 128 129 121 119 122 118 111 106 105 100 99 94 93 62 71 132 
129 138 156 182 191 189 193 197 205 214 218 218 219 187 103 50 34 48 67 71 77 92 110 133 150 161 166 161 157 156 153 155 165 169 157 140 119 132 108 110 115 115 102 110 110 115 116 106 116 110 115 106 106 104 106 99 96 94 99 92 97 66 72 127 
121 130 149 173 187 190 193 195 199 209 213 214 215 185 102 51 33 48 60 55 71 89 110 134 148 157 155 147 149 157 146 145 152 156 158 164 189 210 110 111 116 120 107 113 121 127 117 107 120 123 119 109 113 117 107 100 103 103 99 90 97 68 74 126 
116 123 143 167 181 186 189 188 193 201 207 209 209 180 100 51 32 46 60 54 69 87 108 128 139 141 150 144 150 155 139 135 141 149 146 142 156 201 151 141 142 135 113 120 132 140 134 131 134 130 130 127 126 121 119 116 113 104 105 96 92 65 77 138 
113 118 140 165 178 182 185 185 190 194 200 202 204 176 97 50 30 34 42 45 54 70 87 98 110 111 124 125 124 119 115 112 113 119 115 112 113 161 119 108 110 104 87 90 93 98 96 96 97 96 95 94 93 91 87 85 83 78 69 67 54 53 69 133 
105 112 133 159 174 178 177 176 183 186 190 192 193 169 95 55 34 34 36 38 43 50 56 60 64 67 68 70 69 68 68 68 66 65 65 71 86 93 107 55 55 57 73 93 73 62 66 57 58 61 67 58 59 59 60 63 63 66 71 76 46 45 54 130 
139 143 158 171 179 182 178 177 183 185 185 186 187 181 168 161 158 160 163 164 166 169 170 172 174 175 176 177 176 177 177 177 177 177 179 181 160 149 157 113 114 129 142 157 149 141 152 149 155 157 161 152 158 159 164 164 169 174 179 161 115 107 131 163 
208 211 213 215 216 216 218 218 217 218 219 221 223 225 227 230 230 233 234 235 236 240 237 238 238 239 242 241 242 240 240 240 241 240 242 243 240 237 236 227 217 214 218 223 228 231 234 235 237 238 236 230 229 226 228 226 224 227 230 226 219 205 187 193 
208 213 213 216 216 217 219 222 220 221 223 225 227 230 230 231 231 236 238 239 241 242 239 241 241 243 245 245 245 242 242 243 244 244 243 244 240 239 239 235 228 225 229 233 238 239 240 241 244 242 237 233 233 234 232 230 232 231 231 233 230 229 212 188 
211 214 215 216 217 218 221 225 223 223 226 228 231 231 234 233 233 237 239 241 241 240 239 243 241 244 247 246 246 245 244 244 245 246 243 243 242 245 240 238 233 232 234 238 241 244 245 245 245 242 238 238 236 237 234 232 234 234 233 234 234 235 227 213 
211 214 215 216 219 220 221 225 226 226 228 231 232 232 234 235 236 238 240 242 243 242 241 245 244 244 247 247 247 247 246 244 247 247 246 242 242 243 241 238 234 236 241 243 246 248 250 248 246 245 242 241 239 236 236 237 236 236 234 234 234 235 231 227 
212 214 217 218 220 221 220 225 227 227 230 232 233 234 235 237 238 241 242 243 243 243 243 246 246 246 248 248 249 248 247 246 247 247 247 244 244 242 240 238 237 238 240 245 249 250 249 250 250 247 244 240 237 238 237 236 236 237 235 237 237 235 232 211 
211 213 215 216 220 220 220 225 227 228 231 232 233 236 238 238 238 239 242 243 244 245 242 246 246 247 247 249 249 248 247 247 246 247 248 247 246 245 244 243 241 242 241 245 249 250 250 249 249 246 243 240 236 237 236 235 234 236 238 240 239 237 231 207 
210 212 213 216 218 220 222 224 226 227 231 234 234 236 237 239 238 237 241 243 244 245 243 245 244 245 246 248 248 246 246 246 244 247 248 248 247 247 246 244 243 242 243 246 250 251 248 249 249 245 241 235 237 238 237 234 234 236 240 242 243 243 232 215 
209 211 212 215 217 220 221 224 225 226 231 232 234 235 236 237 236 238 239 241 243 243 240 242 243 243 244 245 244 244 244 244 243 244 247 248 247 245 245 244 242 241 243 247 249 250 248 248 247 240 236 233 234 235 234 235 236 236 238 239 239 240 232 219 
209 211 211 215 217 219 219 223 226 226 229 231 234 234 233 233 234 236 239 240 240 241 239 242 243 243 244 244 243 243 241 241 243 244 245 248 245 244 242 243 241 240 241 245 247 249 246 247 246 241 236 234 232 234 233 235 235 236 236 237 237 240 234 219 
209 210 212 213 215 217 220 224 227 227 229 231 233 233 232 231 232 234 236 239 239 239 240 241 241 241 242 242 240 239 238 238 242 243 242 244 243 243 243 243 242 238 240 243 244 244 242 244 243 239 235 234 232 234 233 234 233 233 231 231 235 239 234 215 
208 210 212 214 216 217 221 226 225 226 227 228 231 230 229 226 227 230 234 236 236 235 240 239 237 238 239 236 238 238 237 238 243 243 242 244 242 238 236 238 236 238 238 238 238 238 239 239 238 236 234 230 227 229 230 231 229 225 223 222 224 225 214 200 
199 202 203 206 210 211 213 217 217 218 219 218 218 217 214 212 215 216 220 223 222 223 224 223 219 222 224 224 224 222 224 226 228 228 224 225 224 210 204 196 198 205 207 207 208 209 211 206 208 208 208 208 205 205 209 211 209 207 206 196 177 175 175 174 
136 141 147 153 165 169 173 177 182 186 185 187 185 174 131 101 79 84 90 90 90 89 88 89 91 95 98 99 99 98 97 98 98 96 93 92 127 94 117 75 83 98 109 99 104 113 120 106 100 101 120 109 107 107 108 121 117 122 130 127 79 79 89 127 
137 142 154 167 181 184 188 188 194 202 204 208 211 198 119 63 27 32 29 29 30 31 34 38 44 51 57 61 63 65 64 64 64 63 64 66 83 71 81 71 72 73 77 73 73 77 79 78 70 69 73 67 62 62 60 61 61 60 64 73 63 60 65 118 
140 149 161 176 188 190 190 192 202 210 212 216 216 203 123 65 27 32 24 26 29 33 38 45 57 67 70 77 83 85 86 85 87 88 89 90 91 95 96 88 92 94 93 92 91 91 91 90 88 87 86 84 79 79 77 73 74 74 72 74 77 72 73 117 
141 151 162 180 190 191 191 196 208 215 218 220 222 209 124 64 26 32 27 32 37 42 51 64 77 81 89 83 100 110 112 110 113 115 112 114 116 150 169 131 110 113 113 108 110 112 108 109 109 104 106 103 100 99 96 93 92 91 93 91 92 84 74 116 
141 147 158 178 191 195 198 200 212 217 220 222 224 209 122 61 25 31 35 40 48 56 67 87 100 94 99 106 121 131 131 126 137 141 133 143 151 192 132 93 102 108 110 103 106 113 110 99 101 100 109 89 91 94 98 98 94 100 99 97 108 96 71 118 
142 147 157 177 193 196 198 201 212 218 222 223 223 210 122 59 24 31 41 50 59 67 80 97 109 122 116 123 135 145 146 153 170 175 182 184 184 188 118 112 128 120 115 118 122 126 123 124 126 124 126 118 119 120 116 116 118 116 115 110 114 97 68 118 
143 148 156 174 193 197 194 198 212 220 222 222 223 209 121 57 23 30 46 56 67 79 90 108 134 159 135 134 126 165 183 210 222 205 193 178 157 136 134 123 129 122 115 116 117 121 125 130 135 132 129 136 127 123 129 124 119 124 122 112 112 103 67 116 
142 146 154 173 190 193 189 198 210 217 220 221 222 212 121 55 23 32 52 67 76 84 99 139 136 167 172 178 178 178 174 180 194 179 156 137 123 119 123 115 126 118 107 110 111 121 126 131 130 133 134 133 131 132 130 126 127 126 125 121 120 105 64 111 
140 143 151 172 189 190 190 199 210 218 219 220 221 209 136 104 101 128 109 95 91 93 115 177 179 179 165 154 164 217 182 130 123 122 119 124 118 110 113 78 104 99 91 95 106 110 110 106 106 110 119 106 100 103 110 113 105 108 114 107 108 101 59 100 
137 141 151 170 186 189 189 202 217 219 220 220 219 206 157 185 175 197 201 175 109 92 140 194 200 186 171 165 161 201 169 117 116 123 115 115 112 109 116 92 102 104 96 98 101 111 115 112 110 114 123 120 116 121 122 118 122 123 119 112 112 104 55 95 
135 141 154 173 185 187 189 205 217 218 220 220 222 211 177 166 192 211 207 163 129 116 165 201 202 182 161 157 167 192 174 126 89 88 79 67 69 89 92 75 86 92 94 89 82 87 93 91 86 77 59 92 116 112 112 115 113 111 114 111 101 87 49 90 
136 140 153 173 185 187 193 208 215 214 219 218 220 211 196 162 162 171 156 161 162 182 203 207 199 188 176 169 157 197 177 117 93 90 21 13 30 55 56 58 100 109 101 89 97 101 106 112 96 84 55 28 63 96 97 91 94 99 97 92 89 74 37 81 
136 140 152 172 186 191 195 205 213 214 217 217 218 196 145 163 185 175 185 144 120 193 197 206 172 161 163 165 164 215 189 120 90 73 27 19 42 43 60 53 94 99 85 71 92 83 90 94 71 83 77 60 66 91 93 98 95 97 98 103 80 66 38 80 
139 141 152 169 184 188 193 202 212 216 218 218 218 193 105 58 94 154 205 197 146 183 196 157 179 174 181 177 184 223 179 115 76 82 64 25 27 34 62 46 61 84 69 45 65 53 62 72 76 96 116 151 150 128 103 101 99 105 107 104 86 75 47 84 
142 143 151 166 182 188 194 201 212 216 217 218 219 195 106 47 25 51 131 184 155 212 185 191 223 221 225 233 222 202 142 105 84 85 112 54 23 28 50 42 31 38 19 10 22 32 48 46 54 53 118 190 189 163 134 109 100 107 115 122 121 149 97 81 
141 143 151 169 183 188 195 201 212 214 215 217 219 191 108 48 25 43 84 95 123 197 165 213 216 223 222 220 194 155 142 132 137 125 112 40 23 29 45 51 54 51 36 19 26 24 23 29 48 53 39 129 187 183 171 149 120 98 95 98 94 120 97 75 
137 142 153 173 186 191 196 200 210 213 215 216 219 190 107 47 24 39 71 82 95 127 153 155 172 177 175 173 169 157 147 161 177 171 84 33 43 64 69 46 59 52 54 47 44 49 56 57 65 65 57 104 132 133 146 146 134 127 112 97 90 97 98 76 
134 142 155 174 186 194 197 200 208 211 215 217 217 189 108 48 23 37 69 75 82 87 103 123 128 135 150 154 153 150 157 158 126 127 70 76 100 105 98 79 80 62 42 38 42 49 66 73 59 61 69 106 125 124 111 103 133 153 146 134 114 121 82 69 
133 141 154 172 188 194 195 200 208 211 213 215 214 185 105 45 23 35 61 70 68 80 96 114 129 144 154 151 143 142 137 153 145 67 54 65 86 100 102 80 66 56 53 62 72 85 94 94 97 98 101 102 105 102 101 97 106 120 87 82 85 77 54 84 
129 139 153 173 188 189 192 198 203 206 208 211 208 180 104 46 23 33 55 56 61 74 91 117 133 142 147 142 137 135 132 130 138 119 97 87 82 96 106 97 96 103 87 88 94 103 112 113 114 111 110 111 108 110 106 99 96 99 89 92 87 83 53 74 
126 137 151 171 182 181 183 191 196 199 202 204 204 181 102 43 20 32 52 46 55 72 90 113 130 139 142 131 133 143 132 124 131 134 134 129 122 114 114 79 94 106 94 87 98 108 106 98 92 107 105 95 87 98 97 90 88 95 92 95 88 87 53 69 
120 128 144 164 173 174 176 182 187 190 193 196 197 172 97 44 19 27 47 47 51 65 84 105 121 120 134 136 134 137 123 118 119 128 129 122 118 114 103 88 117 119 104 91 101 112 114 110 106 108 109 107 99 94 93 96 91 93 93 105 95 87 52 63 
109 119 136 156 165 168 171 175 179 181 185 186 186 161 89 39 18 20 26 30 32 41 52 61 72 76 82 86 86 81 80 80 76 81 80 76 76 76 69 70 84 82 71 68 71 73 73 77 79 82 81 77 75 77 74 71 71 74 81 82 81 68 46 56 
102 114 133 151 161 164 168 170 171 173 176 174 163 136 76 32 16 16 16 19 21 26 31 36 40 42 44 43 44 44 44 43 42 43 41 39 38 37 39 40 36 33 32 33 33 33 32 32 31 32 31 31 30 30 29 29 29 30 32 33 44 32 33 47 
87 103 125 141 148 152 154 155 156 158 160 157 146 139 109 95 89 94 92 97 102 108 111 115 119 121 124 125 126 127 129 128 129 128 126 124 114 61 74 66 79 85 86 79 79 79 77 72 65 73 71 62 57 59 60 62 58 59 60 60 55 58 58 65 
122 130 137 144 138 142 156 158 162 165 166 168 168 171 174 176 178 179 181 187 190 191 190 192 193 191 193 194 196 196 198 198 195 197 196 195 184 135 143 116 112 129 137 139 144 143 145 140 130 144 143 132 123 127 131 132 126 129 131 130 90 86 97 105 


76 88 98 102 106 109 109 110 113 114 115 116 112 89 81 78 78 81 83 83 83 83 83 82 82 82 82 81 81 82 84 85 85 87 89 114 69 86 50 46 57 71 68 68 75 87 84 57 69 66 68 51 53 46 55 60 65 65 78 56 34 18 25 67 
94 109 126 134 137 146 148 149 151 154 154 155 147 69 35 18 19 22 25 25 26 28 30 32 33 35 35 35 35 35 34 34 33 32 31 43 38 42 37 25 25 24 24 22 23 24 24 23 26 32 51 64 74 38 47 69 97 104 97 58 52 11 6 63 
95 110 131 141 146 157 158 159 161 164 166 166 158 75 33 14 14 17 20 22 24 27 31 35 40 45 48 50 53 54 53 54 54 52 50 50 48 51 49 43 42 43 46 49 55 63 76 86 89 93 118 127 129 67 106 140 154 156 150 109 128 30 8 64 
93 110 133 149 157 164 165 166 167 170 173 172 167 86 35 15 15 18 20 23 25 30 36 45 54 61 69 76 80 83 85 84 85 84 80 79 76 72 75 87 94 96 91 93 93 92 101 108 118 142 159 167 160 102 138 152 162 169 166 122 139 55 9 65 
91 110 133 154 162 164 163 168 170 174 177 178 174 93 35 16 15 19 21 25 30 37 51 61 50 52 60 84 102 108 109 110 110 106 104 103 102 67 73 108 116 109 94 95 101 108 106 101 120 123 125 118 123 100 104 111 126 132 135 94 108 86 12 66 
89 109 133 155 164 161 158 165 173 175 179 183 178 95 36 16 16 22 27 32 41 55 91 61 29 35 47 85 105 118 126 125 125 101 109 98 106 96 82 121 127 115 94 85 90 91 95 90 92 103 109 107 118 102 84 96 139 152 158 127 96 112 25 70 
87 107 134 154 160 157 156 161 173 175 179 185 181 99 37 16 16 24 34 41 66 107 113 72 37 47 41 47 69 91 106 121 119 86 76 109 90 114 71 113 119 89 73 69 75 75 75 74 84 83 77 79 71 71 97 74 107 142 155 134 89 115 40 72 
88 106 131 151 156 156 154 157 173 178 182 185 182 103 38 16 15 28 38 55 125 145 127 99 78 115 117 113 111 100 99 111 123 114 66 89 100 92 76 111 102 72 61 61 66 68 69 70 72 72 70 68 65 67 77 63 97 129 137 128 103 106 50 76 
87 103 127 147 153 156 152 155 172 179 182 185 184 108 40 21 29 52 51 68 108 144 158 155 143 144 129 121 124 114 97 108 119 117 103 67 95 72 56 101 99 71 69 74 81 82 78 62 69 68 77 64 69 72 79 73 88 118 134 125 112 103 57 82 
85 100 124 143 151 155 151 158 173 179 182 184 184 119 57 58 78 83 62 53 68 129 167 164 150 135 125 94 66 44 49 76 90 114 117 82 90 74 63 107 98 68 64 55 55 62 62 57 60 58 61 62 67 72 73 71 111 139 149 138 117 111 68 82 
87 99 121 141 151 153 151 157 175 181 182 184 175 135 108 83 64 85 70 49 72 149 187 183 159 127 142 70 46 50 42 59 93 108 119 92 88 92 45 74 83 61 76 84 81 77 80 76 79 80 80 87 97 101 108 94 133 169 167 146 119 134 52 72 
85 98 119 141 150 152 153 157 174 181 183 183 162 140 115 127 130 118 118 118 126 173 212 205 174 149 137 72 51 52 42 56 86 91 77 89 88 94 50 82 57 43 54 66 76 73 80 95 99 86 68 61 85 103 108 93 149 184 183 152 134 151 42 68 
85 97 115 137 149 152 153 158 173 179 181 183 160 140 186 175 188 154 126 95 122 164 196 187 180 162 140 106 69 49 36 42 77 52 56 45 83 109 65 87 76 85 85 71 75 81 76 66 80 88 97 77 77 88 96 93 121 154 160 128 121 137 41 73 
86 95 114 137 150 154 154 160 172 179 180 183 165 125 168 136 164 138 129 73 93 141 172 179 178 148 115 98 68 31 27 33 55 55 60 52 61 83 64 95 100 92 88 84 84 81 80 71 66 67 78 74 70 73 90 115 111 155 175 137 101 122 37 78 
88 98 118 141 152 155 156 161 173 179 182 184 175 126 78 54 45 61 86 92 95 141 170 173 158 125 92 68 45 49 56 63 110 114 46 29 31 37 76 102 110 100 86 73 74 79 79 82 83 85 93 98 99 105 92 109 145 155 159 135 119 128 62 83 
91 101 121 141 154 157 158 161 174 180 182 185 183 134 54 26 21 52 74 71 76 110 177 194 165 139 107 64 51 99 131 164 168 159 94 53 32 34 57 62 62 61 57 60 68 84 87 84 101 101 100 99 96 101 106 131 163 171 176 146 142 137 95 86 
92 102 122 143 156 158 160 162 175 181 184 187 184 136 56 28 22 52 70 53 57 73 152 191 181 160 146 97 66 62 103 150 152 157 152 134 105 80 55 51 74 79 60 51 51 60 62 55 69 109 124 127 131 113 122 132 154 154 158 119 143 112 46 87 
91 104 123 144 158 158 160 163 175 183 186 189 187 144 58 29 23 46 61 49 54 73 114 146 160 163 147 138 144 104 67 84 106 145 154 147 152 150 95 99 121 101 80 74 70 70 68 55 51 51 69 114 143 107 126 137 160 163 152 121 134 97 35 94 
89 105 125 148 159 156 160 164 175 183 187 190 191 146 59 30 23 41 55 48 50 76 110 130 133 142 152 158 160 153 139 132 110 109 114 137 143 151 123 136 143 130 92 95 104 104 109 118 119 114 109 119 133 121 118 123 136 137 135 120 125 77 46 102 
90 104 125 151 159 156 159 164 174 183 187 190 191 148 59 29 22 40 50 42 52 80 107 127 141 150 146 141 143 146 154 152 151 139 102 96 113 143 123 127 120 116 92 99 111 108 120 126 136 138 131 129 132 127 122 118 117 110 111 104 102 65 50 100 
85 96 119 147 155 155 159 163 172 180 185 187 189 148 58 29 22 35 42 40 57 78 103 127 145 157 159 145 135 135 133 139 153 164 158 138 116 118 95 97 99 101 89 96 102 107 125 115 123 112 126 117 115 111 118 112 108 105 111 102 107 71 49 97 
76 86 110 137 150 155 158 159 166 175 180 184 185 146 56 28 22 36 43 38 55 79 103 129 143 153 148 133 135 145 133 131 142 146 146 153 170 181 93 107 106 111 94 103 117 132 126 116 127 132 129 117 122 128 116 105 112 114 107 99 107 73 52 100 
71 79 103 131 146 151 154 154 160 168 175 178 178 142 55 28 21 33 44 39 54 77 99 122 133 132 142 134 140 147 128 124 130 138 136 130 140 170 127 131 136 128 99 104 119 128 124 136 139 135 136 134 133 125 127 125 123 110 111 103 99 65 55 109 
68 76 100 127 142 146 147 148 154 159 167 170 171 135 51 27 19 23 31 32 43 60 75 87 100 100 114 114 108 102 101 98 98 104 102 98 98 133 95 96 104 98 78 78 85 84 87 95 95 93 95 93 93 93 88 84 83 76 67 67 55 51 51 105 
62 71 96 125 138 139 139 141 146 150 156 160 161 129 52 32 24 25 27 29 31 35 41 45 49 51 52 52 51 51 52 51 50 50 50 58 80 76 91 46 50 49 68 94 72 57 62 54 53 53 63 55 55 54 56 58 57 60 66 70 36 34 41 102 
96 104 120 135 142 143 141 140 144 148 149 151 151 146 132 129 129 131 133 135 136 137 138 141 142 143 145 145 145 144 145 146 146 146 147 151 145 128 136 94 96 106 122 143 133 118 132 129 130 129 139 130 133 134 137 140 143 147 153 141 97 83 105 132 
162 165 166 169 170 171 171 172 170 174 176 178 180 182 185 185 185 186 187 188 189 193 190 192 194 195 197 195 196 194 194 195 195 195 197 199 196 193 191 184 175 172 175 178 181 184 186 186 187 187 185 184 185 181 181 181 181 183 185 184 181 170 154 159 
167 169 170 174 174 171 173 175 174 178 180 183 185 188 187 187 187 191 192 194 195 196 191 195 197 200 203 202 201 200 200 200 200 200 199 200 196 195 196 194 188 184 186 186 190 191 193 193 195 192 187 188 190 191 191 191 192 192 193 193 191 191 181 158 
168 171 173 174 174 170 173 177 178 181 183 185 186 187 186 188 189 193 194 195 196 195 192 196 196 199 202 202 201 203 200 200 203 202 200 198 196 199 198 197 194 192 193 193 193 194 196 197 198 192 188 191 190 193 192 191 194 196 194 194 194 195 190 181 
169 171 174 174 174 174 173 178 180 182 182 186 186 185 189 190 191 193 193 195 195 194 193 198 197 199 201 201 202 204 201 199 203 204 204 198 195 199 199 199 195 196 200 200 198 198 200 201 200 194 191 194 195 195 195 195 194 194 194 194 194 194 192 190 
170 172 177 178 177 175 172 178 181 183 185 187 188 187 188 191 194 195 194 195 194 194 193 196 197 200 202 203 204 202 201 203 203 204 204 198 196 197 199 199 197 197 200 201 202 204 203 205 203 197 193 195 197 197 196 196 193 192 194 196 196 196 193 188 
171 171 174 176 178 177 175 179 183 186 187 189 190 189 193 196 196 196 197 197 196 195 193 197 199 203 204 202 203 204 203 205 204 206 206 201 198 202 204 202 200 201 200 202 203 203 203 203 204 197 192 196 196 196 196 196 194 194 195 196 196 196 192 188 
171 172 172 175 177 178 177 179 184 185 187 189 188 191 192 194 196 194 197 200 200 198 194 196 198 203 203 203 203 205 205 205 203 206 207 203 201 204 206 204 202 201 201 202 204 204 203 203 203 195 191 192 195 196 197 194 194 194 194 194 195 197 194 188 
171 171 172 174 176 177 176 178 183 184 186 187 187 188 189 191 192 193 195 197 198 196 192 193 194 199 201 203 203 202 203 201 202 202 204 202 200 202 205 205 201 199 198 201 201 200 199 199 197 192 190 192 194 194 193 193 192 192 193 193 193 194 194 188 
170 171 171 174 176 177 174 175 180 182 184 185 188 190 188 190 193 194 195 197 196 194 192 193 194 199 201 202 201 199 198 199 202 202 202 200 197 198 200 201 200 197 196 198 199 199 198 197 195 191 190 193 193 194 193 193 194 194 192 192 193 194 194 189 
169 170 171 173 175 176 175 177 183 185 187 188 188 188 188 188 191 193 195 197 197 195 194 195 196 200 201 200 199 198 195 196 200 200 198 195 193 196 197 197 196 194 193 194 195 194 194 194 193 188 188 191 191 193 192 193 192 192 190 190 192 194 193 187 
167 168 169 171 175 176 176 178 181 183 183 184 186 188 189 187 187 188 192 194 193 194 195 194 193 196 198 195 196 197 194 193 199 198 198 195 193 193 193 193 191 193 191 190 190 188 190 191 190 186 183 185 186 187 186 187 185 185 184 184 185 186 178 173 
156 158 158 161 164 165 167 170 171 173 174 173 174 176 175 173 175 175 178 181 180 181 181 180 179 181 181 181 181 179 180 181 183 183 180 180 181 170 166 158 159 162 163 164 164 164 166 164 164 163 162 165 165 166 167 168 169 168 169 166 150 146 148 153 
94 101 108 117 127 131 134 139 144 149 149 152 150 138 89 73 62 66 68 69 70 70 70 71 72 74 77 78 78 76 76 77 77 76 74 73 120 85 104 65 70 84 93 83 88 98 109 95 85 88 104 97 93 92 94 105 100 105 114 120 68 64 74 108 
90 100 116 130 144 149 152 154 159 167 169 174 176 159 68 32 16 20 20 22 23 25 28 31 39 46 51 55 57 58 58 57 56 57 57 58 82 69 79 68 68 71 73 69 72 77 78 77 67 67 70 67 61 60 57 59 56 55 61 71 60 56 52 92 
96 108 122 139 153 156 157 160 168 175 178 183 183 165 72 33 17 21 20 22 25 29 34 41 54 63 69 76 80 83 85 83 84 87 86 88 89 90 91 87 92 93 92 91 93 92 90 91 89 87 86 83 80 79 78 76 76 76 75 78 79 75 59 91 
97 110 125 145 156 158 159 164 175 182 185 188 189 172 75 34 17 21 23 27 32 38 48 62 75 78 87 83 99 109 109 108 111 111 109 113 113 131 135 111 109 113 112 106 109 109 106 110 110 104 105 103 100 99 95 94 96 95 96 98 94 90 58 93 
97 108 123 145 159 163 166 169 180 185 189 193 196 174 74 32 17 23 30 36 42 52 63 83 96 88 96 101 120 127 125 118 126 130 120 131 132 154 97 80 104 108 110 102 107 111 115 109 105 105 114 99 98 101 101 103 101 106 105 105 109 101 56 96 
98 107 122 146 162 164 167 170 180 188 192 197 198 180 76 31 16 22 35 44 54 62 76 86 100 101 104 116 135 142 138 137 146 155 165 169 154 151 83 96 118 110 106 109 119 118 119 125 125 124 127 120 121 121 118 119 120 118 118 117 115 102 53 95 
100 108 121 144 162 165 164 169 181 189 193 197 199 180 74 29 15 23 41 51 62 73 83 97 112 83 77 88 115 150 167 189 204 193 187 170 143 108 105 105 114 104 95 103 118 120 122 129 134 131 129 135 129 124 132 127 123 128 127 117 116 111 54 94 
101 108 120 143 160 165 161 169 180 186 192 197 198 184 76 28 15 23 47 60 69 80 91 130 120 114 132 153 147 125 127 148 185 171 147 125 113 105 112 99 107 97 92 96 109 113 122 132 131 135 138 136 134 135 134 128 134 133 129 127 124 115 53 89 
97 105 118 140 158 162 161 169 180 188 192 197 198 182 99 75 76 100 84 76 80 84 102 160 160 161 150 138 141 164 120 82 111 113 109 117 113 102 106 74 96 89 86 89 99 101 113 117 112 119 126 117 110 114 119 124 113 116 122 116 110 108 50 78 
96 103 118 139 155 159 160 171 187 189 192 197 199 185 141 164 146 165 158 142 87 80 118 174 182 172 156 143 135 167 122 76 97 110 102 103 99 93 107 81 83 93 81 85 95 109 121 119 117 121 128 126 120 127 129 123 126 131 124 118 114 110 47 71 
94 105 122 142 156 158 160 175 188 190 193 197 201 194 171 156 173 181 175 137 101 93 154 194 194 171 146 124 116 165 153 91 67 65 65 59 58 71 85 63 68 86 89 93 95 102 115 115 112 103 74 97 122 120 119 124 121 117 120 120 104 92 41 66 
96 106 122 143 156 159 164 179 187 188 194 196 199 192 190 158 135 144 137 144 143 166 190 190 181 168 154 143 128 177 164 86 58 40 13 15 28 54 62 60 104 127 128 115 124 131 134 138 128 113 72 39 68 102 102 97 100 105 104 97 94 79 31 62 
96 105 122 143 158 162 166 175 187 189 193 195 198 170 126 160 177 166 175 137 111 183 187 190 157 147 147 147 148 201 177 88 59 43 28 32 57 62 82 67 114 122 112 94 113 112 115 118 97 104 94 72 71 98 102 107 103 106 108 114 87 70 30 61 
96 102 118 137 153 157 162 170 182 188 191 193 193 161 63 41 96 155 204 194 143 178 188 150 165 162 165 156 164 208 171 94 60 67 50 35 47 59 86 66 86 109 99 73 88 75 78 90 92 112 119 149 149 128 102 108 106 113 116 114 94 80 41 68 
101 104 116 135 149 156 163 168 181 187 190 192 192 161 63 24 17 47 132 183 154 211 188 183 210 207 210 213 207 190 131 90 65 68 93 51 38 50 76 72 52 58 40 27 39 41 50 58 68 65 120 188 187 163 130 108 101 113 121 127 122 148 104 71 
99 103 118 137 150 156 163 169 182 187 191 191 192 159 64 24 15 35 76 70 91 192 161 200 202 209 206 202 174 134 118 108 121 103 98 44 36 46 73 83 86 75 56 35 47 46 46 50 72 77 52 127 185 186 172 149 118 94 95 103 98 123 109 71 
95 103 120 140 154 159 164 169 182 187 190 191 190 159 66 25 15 30 57 49 52 104 144 143 156 157 153 156 141 132 130 147 165 153 81 46 59 82 97 70 90 80 81 68 67 76 84 82 88 88 74 110 139 140 155 157 141 131 113 101 92 101 109 77 
94 105 122 141 154 162 165 168 180 184 188 190 189 158 66 25 15 29 53 43 42 58 94 117 119 121 124 126 130 128 137 143 118 122 78 93 120 130 124 101 111 90 66 59 65 75 90 97 78 76 80 111 129 132 120 109 136 158 155 147 125 138 101 65 
92 105 121 142 158 163 165 168 178 182 187 188 186 154 65 25 14 26 43 37 41 61 86 106 124 139 141 127 119 120 116 138 133 67 66 80 105 120 120 102 93 77 73 76 85 88 104 103 107 110 113 115 119 114 115 109 120 134 108 101 99 89 49 68 
89 104 120 142 159 161 163 168 176 181 183 185 182 149 63 23 13 23 38 33 42 59 81 110 129 138 141 131 117 116 113 116 128 112 96 83 77 90 99 95 86 89 75 76 87 91 120 123 125 119 122 124 124 120 120 113 112 117 104 105 100 94 44 55 
86 100 118 141 153 153 157 164 171 175 178 180 177 149 60 23 12 22 40 30 39 59 81 108 126 135 137 121 119 134 123 110 121 126 126 120 113 99 102 83 89 100 85 80 95 108 117 110 103 121 119 110 103 114 111 103 99 112 107 105 97 97 45 50 
79 91 112 136 146 146 148 156 164 168 171 172 169 140 55 23 12 18 37 31 39 55 76 98 116 112 126 127 123 128 113 106 107 118 118 111 107 99 95 85 117 122 104 83 96 101 102 115 116 118 119 118 111 106 102 110 105 102 102 115 103 97 44 46 
69 81 104 127 138 142 144 149 155 158 161 163 160 129 48 19 10 13 19 19 23 33 45 55 66 68 76 80 76 70 69 71 67 73 72 70 70 66 64 68 82 84 72 63 69 74 74 81 86 89 90 88 84 86 84 80 81 82 89 90 87 75 39 42 
60 76 100 121 133 138 141 144 146 149 151 150 139 108 41 16 9 10 10 10 12 16 21 24 26 29 30 31 31 31 30 30 30 29 28 27 28 28 32 36 26 25 25 24 24 24 24 24 24 24 24 23 22 23 23 22 24 24 25 28 42 26 25 36 
48 65 91 110 118 123 125 127 127 129 130 128 120 110 75 65 64 66 67 70 73 78 82 86 90 94 95 94 95 96 97 99 99 99 97 96 96 62 68 59 65 70 70 65 65 65 66 62 54 58 57 54 47 49 49 50 47 48 48 51 51 45 44 51 
87 93 101 111 105 110 122 125 127 128 132 133 132 137 138 139 142 142 144 149 151 151 152 154 154 156 156 156 158 159 160 160 159 162 162 160 157 120 123 96 88 102 110 111 115 118 123 121 107 117 116 113 102 106 109 112 107 111 112 117 82 68 77 86 


28 35 47 51 55 61 62 62 64 64 66 69 67 52 48 51 50 51 53 52 53 51 51 52 51 51 50 49 50 51 53 54 55 55 56 86 53 64 34 28 37 48 47 49 57 69 70 44 54 55 55 40 40 39 46 44 43 41 57 34 14 9 17 46 
31 46 69 81 85 98 101 101 102 107 108 110 103 40 9 7 7 8 8 9 9 9 9 10 10 10 9 9 9 9 10 11 11 11 11 28 22 25 19 8 9 10 10 8 10 12 14 8 10 11 18 21 27 15 16 25 47 50 47 31 27 5 3 45 
34 49 74 91 96 113 118 120 122 126 127 128 121 44 5 2 2 2 3 3 3 3 7 8 12 14 16 18 21 22 23 24 25 23 23 22 21 26 23 18 18 18 20 24 31 39 54 65 55 41 59 66 72 36 62 90 106 110 105 88 106 17 3 42 
32 48 76 101 113 125 126 129 130 132 137 137 132 56 5 3 1 3 3 5 6 9 15 20 28 33 40 50 52 57 60 60 60 62 58 55 55 52 52 63 73 74 70 73 77 78 88 91 85 90 106 116 112 77 103 110 121 126 126 105 132 37 3 41 
29 47 78 108 122 125 124 130 134 136 142 143 140 64 6 2 1 3 4 7 10 14 24 34 28 29 37 57 77 86 87 89 88 85 81 75 67 37 53 91 103 92 74 74 80 87 89 88 99 87 93 87 91 76 82 75 89 96 100 67 99 65 5 40 
28 48 76 109 124 122 118 126 135 138 145 150 145 67 6 3 1 4 7 12 16 25 56 37 8 12 21 44 59 86 105 101 99 79 80 62 75 52 58 104 113 100 78 70 77 78 83 77 77 67 72 65 80 73 62 52 89 94 97 81 79 92 14 41 
27 44 77 107 120 116 114 118 134 139 144 152 149 73 6 3 2 5 13 18 28 51 56 25 9 27 23 26 42 56 66 78 76 54 48 77 62 87 55 101 105 69 51 47 55 55 58 56 66 65 60 59 55 59 80 41 63 89 102 90 67 98 24 44 
26 42 72 103 113 114 113 114 134 142 146 152 151 77 6 3 2 8 15 22 64 82 64 36 24 74 89 90 94 82 64 75 84 76 36 65 72 72 61 93 82 51 40 40 46 50 54 54 57 57 56 54 51 54 63 31 53 77 81 84 70 92 32 46 
28 41 68 97 108 114 111 111 132 142 146 153 155 81 7 6 10 25 23 33 65 106 118 102 66 65 54 67 100 103 75 82 84 78 69 44 71 54 41 83 78 48 47 48 57 62 60 45 51 52 59 48 52 55 63 46 50 78 91 88 76 87 39 52 
27 39 65 92 107 112 110 113 132 142 147 153 154 91 20 27 44 51 31 20 27 92 127 118 89 68 54 37 22 15 23 52 67 81 79 49 65 51 40 73 57 28 27 25 33 43 45 41 45 43 48 48 54 57 55 40 67 91 102 95 80 93 49 52 
26 38 62 90 106 109 110 113 134 144 148 151 147 107 71 36 23 50 35 13 21 87 127 127 112 83 89 44 28 29 23 41 72 80 89 61 64 63 27 50 50 15 17 23 21 26 34 42 53 61 63 68 75 77 82 62 90 122 122 106 90 115 35 47 
25 38 60 87 103 109 110 113 133 145 150 151 136 116 78 63 52 40 41 38 41 89 135 138 125 112 94 38 28 31 27 38 58 52 41 65 65 66 31 58 31 13 17 26 28 26 31 40 50 46 41 45 72 86 87 59 105 139 142 115 116 138 27 45 
25 37 55 84 102 108 109 113 132 143 148 150 135 105 122 105 105 67 42 24 47 94 137 141 137 111 73 29 11 11 13 19 43 24 29 22 56 74 46 68 51 56 56 41 42 44 39 26 35 50 66 52 58 69 76 60 87 122 130 97 101 116 24 44 
27 35 53 84 104 110 111 116 132 142 143 148 136 90 109 76 102 78 67 33 54 100 137 141 131 86 40 21 15 7 6 10 29 29 33 25 38 57 46 74 73 68 67 64 63 61 58 46 37 39 49 42 41 45 61 68 61 113 129 91 78 93 20 44 
29 36 58 87 106 112 113 115 133 141 146 150 139 86 38 26 20 30 54 58 57 108 146 145 122 73 32 20 17 22 25 36 91 93 25 10 10 21 57 81 89 79 65 54 56 63 63 67 66 70 77 79 80 86 70 67 99 104 106 87 95 97 34 46 
32 38 60 88 107 114 114 118 133 142 146 152 149 98 14 5 2 27 48 44 37 69 127 129 99 75 50 22 20 73 108 149 159 146 74 29 8 11 32 31 33 39 42 44 49 67 71 65 81 82 77 74 75 84 83 86 110 120 124 100 120 106 56 47 
33 40 62 91 110 114 116 119 133 144 147 153 149 99 15 6 2 26 44 21 13 35 106 125 111 92 83 47 37 42 86 136 135 142 137 119 85 55 33 24 45 41 26 24 28 39 45 38 49 76 87 89 96 93 104 96 113 113 116 87 128 84 29 49 
32 41 63 92 112 114 116 119 133 145 149 154 155 110 16 6 2 21 35 13 12 39 98 125 121 114 98 108 124 83 46 61 83 132 146 135 142 137 73 76 104 79 53 46 41 41 44 32 28 26 45 84 103 75 110 94 118 119 106 85 121 73 20 56 
28 40 66 97 114 112 116 120 133 145 151 157 159 113 18 7 2 16 29 14 10 45 98 122 123 129 139 144 142 134 123 115 89 86 100 125 132 139 108 120 132 117 69 72 74 66 89 104 105 100 98 103 111 92 106 102 118 114 107 95 116 53 17 58 
29 41 65 101 115 112 115 119 133 146 152 155 159 116 16 6 2 16 22 10 21 58 98 124 139 143 131 124 129 130 137 134 129 116 79 71 96 132 106 112 103 97 71 78 97 78 108 119 131 131 125 122 126 119 114 110 108 102 102 89 90 43 12 56 
22 34 58 97 111 112 116 119 130 143 150 153 156 115 14 5 2 11 14 12 32 62 93 121 143 157 160 138 120 116 114 123 135 137 129 108 87 86 75 72 74 75 67 78 87 88 115 107 115 102 116 107 105 100 109 101 98 96 102 88 96 46 11 53 
12 24 49 84 105 110 114 117 122 136 144 150 151 113 15 5 2 12 17 13 30 64 92 122 139 151 145 122 122 135 126 123 137 140 135 131 121 112 64 92 85 87 74 86 103 119 115 105 117 123 119 106 113 118 107 96 101 104 97 85 96 47 11 56 
7 16 42 75 97 105 109 110 117 128 137 143 145 108 13 5 2 11 20 16 33 63 89 114 125 121 137 124 133 144 125 119 127 136 132 121 112 105 90 119 125 113 81 86 103 105 105 129 133 129 129 127 127 117 119 116 115 101 103 90 85 39 14 62 
6 11 39 71 91 98 101 102 110 117 127 133 135 100 12 5 2 5 10 10 22 43 60 69 84 85 104 102 93 83 84 82 83 92 87 78 75 84 59 77 89 82 57 57 68 64 69 79 80 79 81 81 80 79 74 71 69 60 49 46 29 21 15 62 
5 10 35 71 88 92 92 93 101 106 113 120 123 93 15 10 8 7 8 9 10 11 13 15 17 20 20 20 19 19 19 21 20 21 21 28 54 46 61 20 23 22 43 69 46 32 38 30 26 27 39 32 31 30 29 32 31 34 40 42 9 7 14 61 
38 42 58 77 88 89 85 84 90 94 98 100 102 95 82 83 84 85 87 88 89 89 91 92 93 94 95 96 98 96 96 99 99 98 98 103 107 84 93 57 57 62 80 106 92 73 86 83 82 81 93 86 88 86 88 93 98 102 108 96 55 44 60 85 
95 100 101 106 108 108 106 106 105 111 112 116 120 120 123 123 122 123 122 123 125 129 127 130 134 133 135 133 134 131 132 134 134 132 134 136 135 130 130 123 116 111 112 117 118 120 123 122 122 120 119 120 123 120 119 121 121 122 126 125 123 114 99 108 
103 107 107 112 112 107 108 109 111 118 119 123 125 127 127 127 125 129 130 131 134 133 128 133 137 141 143 142 143 140 140 141 142 139 137 139 137 136 136 134 132 127 125 124 126 127 130 130 131 127 122 126 131 131 131 132 133 135 136 134 133 136 127 107 
106 111 112 114 113 105 108 112 115 120 123 125 125 125 124 126 128 133 132 132 135 132 128 133 136 137 140 140 140 141 138 139 142 142 140 137 136 139 138 138 136 134 134 131 129 131 133 134 134 127 125 128 131 133 133 132 134 139 138 135 135 137 136 127 
107 111 113 114 114 111 110 112 117 122 122 125 123 123 126 128 128 130 130 132 132 130 130 135 133 135 138 139 140 142 139 137 142 145 145 138 134 138 143 142 140 140 142 139 134 135 137 139 136 128 127 133 136 136 137 138 136 137 135 137 136 137 137 135 
110 110 116 117 116 113 109 114 120 123 125 125 126 125 126 129 132 133 131 132 129 128 129 133 135 138 139 141 142 141 139 141 142 145 144 137 135 137 141 144 142 140 142 140 138 141 141 143 140 131 129 135 138 138 139 138 135 133 135 137 138 140 139 145 
110 111 114 115 118 117 113 116 122 126 128 129 128 128 132 136 137 135 135 134 133 130 129 133 137 144 143 140 140 143 142 146 145 149 150 142 137 142 145 145 144 146 143 142 141 139 138 140 141 131 128 136 138 138 140 140 137 135 135 137 137 139 137 152 
111 113 112 114 119 118 117 116 123 125 127 129 126 130 132 136 137 135 137 140 140 134 129 131 136 145 145 144 142 145 146 146 145 148 151 142 139 144 148 148 145 146 143 140 139 140 139 141 141 130 128 133 137 138 139 137 136 135 133 133 136 138 140 143 
111 112 112 114 116 118 116 114 122 124 126 126 126 128 128 130 133 132 133 138 137 133 130 129 130 136 140 143 142 141 143 141 142 142 145 140 138 142 148 148 145 142 137 138 137 137 136 136 134 129 130 134 135 135 136 135 134 134 133 133 134 135 137 139 
111 112 112 116 117 118 114 112 120 122 123 124 127 129 128 129 133 134 135 137 136 133 129 130 131 136 143 142 141 139 138 139 142 143 142 138 135 137 139 140 141 138 135 135 135 134 134 133 131 128 131 136 136 136 137 135 134 134 133 132 132 134 136 140 
110 111 111 113 115 117 113 112 123 125 127 127 127 127 128 128 132 136 135 138 138 135 132 133 134 141 142 142 140 139 137 137 140 141 137 131 130 135 135 136 138 134 132 132 131 129 129 131 130 124 125 131 133 134 134 133 131 132 132 131 132 134 137 137 
107 107 108 110 115 115 113 113 121 123 124 125 127 128 130 128 127 128 132 135 134 133 133 133 132 136 136 135 137 138 134 132 137 137 136 131 128 131 130 130 131 133 130 129 125 124 126 127 126 122 119 125 126 127 126 127 125 126 128 129 129 128 126 124 
91 94 96 99 102 104 104 106 110 110 112 112 115 118 117 115 117 116 117 120 118 118 119 118 118 120 120 119 119 120 119 119 121 121 120 118 119 111 107 99 99 100 102 103 101 102 104 101 101 100 98 103 105 105 106 108 110 112 113 113 99 92 98 107 
39 45 52 62 75 80 83 86 93 101 102 106 107 96 45 38 36 36 38 38 37 37 37 37 36 37 38 38 38 38 37 38 40 40 39 39 88 54 68 37 40 48 55 47 49 61 74 59 48 49 65 59 55 53 56 67 62 67 76 81 33 28 38 69 
28 37 54 72 91 99 105 107 112 123 128 133 138 121 23 6 2 2 3 3 4 5 7 10 13 18 23 26 30 30 30 30 30 32 31 34 58 49 56 44 43 46 47 44 46 51 54 51 41 41 45 41 35 35 32 35 31 32 36 45 34 30 16 55 
33 44 62 85 105 111 113 117 126 136 140 147 146 129 27 6 2 2 4 5 6 8 12 18 27 37 43 49 57 58 61 60 61 63 63 65 65 67 68 64 68 68 68 69 71 70 69 68 65 62 61 58 58 57 54 54 54 54 53 55 57 49 18 52 
33 48 65 92 110 114 116 122 136 144 149 153 155 137 31 6 2 3 5 7 11 15 22 38 49 54 63 56 75 87 88 86 89 91 88 92 92 96 84 75 87 90 90 84 85 82 86 89 90 84 84 81 78 75 71 73 75 74 76 76 74 61 18 56 
35 47 62 93 114 122 126 128 140 147 153 160 164 143 30 6 2 3 10 12 18 25 35 54 67 63 73 78 102 113 108 94 103 106 90 103 97 98 51 56 85 86 89 79 86 84 95 89 86 86 96 80 80 81 82 84 82 89 88 87 91 74 17 60 
36 45 61 92 117 124 127 130 142 150 159 166 168 151 34 6 2 4 14 19 27 34 47 54 76 77 83 94 122 132 125 110 100 107 115 117 95 92 47 70 91 82 77 83 101 95 101 110 110 110 114 106 107 108 102 103 106 105 104 100 101 77 15 58 
37 46 62 90 119 124 123 129 142 152 161 167 168 151 34 5 2 4 18 24 33 44 55 72 90 49 47 50 88 114 114 124 137 136 133 113 80 52 65 66 83 68 61 75 103 104 106 116 120 117 115 122 116 112 119 114 111 117 114 102 103 87 15 57 
38 46 60 90 117 123 121 129 143 151 160 166 168 156 41 6 3 6 23 33 44 52 64 94 79 62 71 89 90 64 62 81 124 111 86 69 73 77 86 64 73 58 58 68 94 96 108 119 119 123 128 124 123 125 123 117 123 123 118 115 112 91 14 57 
34 41 57 87 113 119 121 129 143 153 159 165 168 155 63 39 39 61 50 44 49 57 64 97 97 96 81 64 68 92 48 29 64 66 77 101 100 87 91 52 65 58 62 65 79 80 96 100 96 103 113 99 94 99 104 108 98 101 108 100 96 83 13 47 
33 40 58 85 110 116 117 131 152 156 158 166 170 155 99 111 94 99 93 80 38 47 56 105 116 107 86 64 53 101 59 29 63 81 77 85 78 66 85 54 49 69 51 58 73 89 102 101 97 101 112 110 105 113 115 109 114 118 111 103 100 85 11 42 
32 42 63 91 112 116 117 135 155 157 161 168 172 161 129 108 117 113 106 69 37 44 104 146 141 117 94 67 50 105 94 31 17 17 25 28 30 37 52 32 35 60 58 61 61 70 81 85 78 69 50 80 105 104 103 106 105 102 105 102 88 68 9 38 
34 43 62 90 111 116 122 138 153 155 162 165 169 158 142 116 89 90 80 83 78 108 133 127 110 90 74 59 56 112 98 30 11 6 4 5 14 30 33 35 74 98 99 82 93 100 108 115 96 85 44 17 49 85 87 79 83 90 89 82 80 57 7 39 
35 42 60 89 112 120 124 134 150 154 162 165 168 140 79 112 128 119 123 89 52 120 125 117 83 75 66 58 61 133 119 34 13 11 10 13 29 32 56 45 83 93 82 65 83 78 87 95 70 82 70 51 50 74 82 90 87 89 94 97 70 48 6 36 
36 41 56 82 105 112 119 128 144 152 158 163 165 132 27 17 62 106 150 148 100 127 136 93 102 99 95 82 92 135 104 32 8 17 16 11 15 23 53 37 54 80 68 41 53 39 45 63 67 86 95 116 113 86 63 87 92 101 106 99 83 65 21 44 
37 41 56 80 100 109 119 127 145 153 158 162 163 132 26 5 3 20 85 127 102 172 144 122 142 139 136 136 136 116 51 17 13 9 37 17 13 18 40 38 24 33 16 6 14 15 26 37 44 37 86 144 145 118 84 67 74 88 98 103 99 122 75 49 
35 40 57 83 104 111 120 127 145 154 158 161 162 129 27 4 2 14 44 31 40 140 104 124 131 136 125 125 90 49 43 52 72 36 37 17 13 16 35 50 52 41 28 12 18 19 25 27 42 35 22 90 138 145 138 112 76 52 54 65 62 86 78 52 
30 40 58 86 107 116 123 127 144 155 159 161 160 129 27 5 2 10 28 17 10 55 93 82 92 94 90 97 69 64 77 92 107 90 36 24 34 48 58 45 60 48 51 40 39 50 62 61 56 52 49 85 101 101 118 124 112 102 89 83 76 88 93 57 
33 42 61 89 109 119 125 129 143 151 158 160 159 126 26 5 2 9 26 12 7 26 73 99 104 106 101 99 102 91 85 93 75 69 49 67 85 92 88 74 78 52 31 29 33 42 62 70 48 50 62 91 103 105 93 88 113 131 127 118 104 116 73 46 
31 41 60 88 115 122 124 127 140 148 154 157 155 122 26 4 1 7 16 6 13 36 72 96 117 132 133 112 97 95 85 95 94 44 49 54 67 76 80 66 52 37 36 42 56 56 85 94 98 98 103 106 110 103 106 104 108 111 86 88 86 68 17 45 
25 41 61 89 116 119 121 127 139 146 151 152 151 117 26 4 2 6 14 8 19 41 68 98 120 132 136 118 95 92 91 95 105 101 88 77 69 74 71 70 59 59 50 55 73 75 112 115 117 114 116 117 117 117 114 107 107 108 97 99 91 79 12 28 
24 39 60 89 111 111 114 124 135 140 144 146 145 116 24 4 1 6 17 9 15 43 67 94 115 125 129 108 103 124 116 101 112 119 118 113 102 79 81 68 69 77 63 62 80 88 99 95 92 109 109 96 92 104 101 95 92 102 98 96 88 82 11 23 
15 29 52 83 102 103 105 114 124 129 135 137 135 106 20 3 1 4 13 10 15 36 59 80 99 93 116 117 109 112 100 95 95 107 107 95 88 74 72 72 106 111 86 63 79 76 73 103 109 109 109 108 104 96 94 102 98 93 95 102 90 82 13 21 
7 18 44 74 91 96 99 107 115 120 124 126 124 92 16 3 1 2 3 3 6 12 22 27 37 40 49 50 44 36 37 40 36 44 44 40 39 35 35 43 56 56 43 36 46 51 50 57 62 66 68 64 61 63 61 58 60 62 68 69 65 51 11 21 
3 13 41 69 87 93 97 100 103 107 109 109 96 66 13 3 2 1 2 2 2 2 3 4 5 6 6 5 6 6 6 6 6 7 7 6 7 7 11 15 4 3 4 4 4 4 4 4 3 4 4 3 3 3 3 3 3 3 4 7 20 4 3 21 
6 13 33 56 68 73 77 77 79 82 82 81 74 69 49 45 48 50 51 55 57 59 62 66 71 72 74 73 74 77 77 79 79 80 79 79 83 51 54 44 44 47 50 48 44 46 49 48 37 42 42 38 30 33 33 36 33 32 34 38 33 27 25 36 
52 56 61 68 65 66 77 81 84 87 89 92 92 96 96 99 101 99 102 107 108 106 107 109 111 112 112 113 115 116 118 118 116 118 120 118 120 101 95 74 65 69 74 78 77 81 86 86 76 80 79 77 72 73 75 78 76 77 78 85 61 46 47 58 