


99 98 96 98 102 98 96 95 95 95 95 95 92 89 86 85 82 75 67 65 60 70 84 100 104 108 108 109 109 109 108 110 114 114 113 115 115 115 117 115 116 116 119 121 119 118 116 113 112 112 109 110 109 112 112 112 114 116 116 114 111 108 109 108 
105 101 95 93 93 96 97 97 99 98 97 101 103 99 94 93 91 87 81 78 77 74 63 72 85 103 108 106 107 107 103 109 112 115 113 114 114 114 115 116 114 116 114 117 116 117 118 117 115 116 117 116 116 115 112 110 115 115 116 114 111 111 109 109 
98 94 89 90 89 90 91 91 93 94 98 101 107 108 103 100 99 95 90 90 88 89 84 76 69 73 82 96 106 110 104 105 109 115 115 114 113 115 113 114 115 115 113 118 119 117 117 117 118 120 116 115 118 117 113 115 115 117 117 116 116 114 116 112 
91 87 83 85 83 85 87 87 93 98 106 108 107 103 103 101 102 103 94 89 87 87 90 88 86 80 71 70 85 92 89 84 87 92 107 113 111 112 115 114 119 118 118 120 117 116 118 118 119 121 119 121 123 121 119 118 117 118 117 119 117 117 116 113 
92 89 89 88 86 89 93 97 105 111 112 110 105 105 107 102 105 110 103 97 95 97 96 94 94 91 88 91 98 102 105 112 109 84 80 98 103 108 114 117 119 120 119 119 119 118 119 118 118 120 117 120 120 121 120 121 118 119 119 117 118 117 112 111 
93 95 94 88 86 90 98 104 101 99 99 102 102 104 108 110 112 112 111 106 103 103 101 97 96 103 110 128 134 133 134 140 138 123 94 87 87 81 87 103 113 118 120 119 119 116 109 100 92 94 101 110 117 119 118 120 120 121 121 116 116 119 118 116 
97 98 95 95 100 102 106 106 106 101 99 101 102 104 109 114 116 113 112 115 110 110 112 103 101 115 139 147 150 151 154 149 146 138 121 114 104 95 79 76 81 99 110 106 101 96 99 104 95 77 60 73 109 122 120 123 123 122 122 118 117 122 122 121 
102 105 103 106 108 112 114 116 115 107 110 111 107 101 105 110 116 111 109 120 121 116 116 112 114 127 153 163 166 159 154 149 141 134 123 118 108 105 94 87 76 79 106 120 126 130 134 138 138 134 93 56 106 121 122 122 123 124 124 120 120 122 118 118 
105 110 112 115 117 121 128 132 129 122 124 126 126 122 117 118 125 125 122 125 129 125 120 123 125 138 158 169 170 161 153 144 134 124 120 115 115 110 96 104 117 125 139 139 140 140 142 144 141 138 108 65 110 121 118 120 124 121 123 124 123 122 120 121 
107 114 118 121 124 124 129 136 140 138 136 136 135 130 129 127 125 132 132 130 134 137 129 131 133 145 163 172 167 161 152 142 136 124 122 115 101 92 110 136 141 142 144 147 147 142 142 140 138 134 99 95 119 125 120 122 122 123 123 123 125 122 121 125 
115 125 131 138 143 141 142 142 140 132 125 126 132 128 127 131 131 135 139 134 138 140 137 137 140 154 171 172 164 158 143 136 130 124 125 127 116 96 109 131 140 144 147 147 144 142 139 136 132 113 98 121 124 121 124 123 125 124 127 126 126 124 123 121 
125 133 137 142 145 142 141 139 137 134 130 126 132 134 132 128 128 132 139 139 140 143 140 142 147 166 177 170 159 151 142 133 125 125 131 132 131 124 112 122 137 143 139 139 141 139 136 129 116 104 117 125 128 122 126 124 123 125 128 128 126 122 126 126 
120 124 130 133 134 135 134 130 129 134 138 138 138 138 138 135 130 130 133 139 143 144 143 148 163 178 182 177 163 149 140 132 131 122 133 135 136 136 129 122 136 138 134 136 137 136 127 106 108 122 125 126 126 126 125 125 126 128 129 131 130 125 127 129 
111 118 123 124 125 125 127 128 130 133 136 138 142 142 142 141 138 137 132 136 143 143 147 162 180 188 184 178 165 151 137 134 136 120 121 130 132 130 128 128 135 136 139 134 130 129 106 80 115 128 131 126 126 130 130 126 127 125 129 134 131 126 125 125 
109 111 115 123 131 131 131 131 126 125 125 124 128 133 140 138 135 137 134 137 147 154 163 185 189 187 184 179 168 153 137 141 143 133 115 111 126 128 128 128 135 137 138 133 123 111 94 70 105 126 132 129 130 129 128 125 125 128 129 130 132 127 125 129 
117 115 110 108 119 132 136 137 130 123 121 118 114 120 139 141 132 133 137 148 166 180 185 194 192 189 186 183 179 163 141 141 147 144 131 108 117 129 126 131 140 142 139 134 120 90 88 74 88 125 129 129 130 127 128 129 129 132 134 132 132 126 128 130 
114 114 115 113 113 122 133 140 142 141 138 134 123 119 133 142 132 129 136 160 187 198 200 198 197 192 190 192 192 176 143 135 149 146 140 118 104 120 125 129 138 139 135 131 121 98 83 78 76 103 122 128 130 130 131 131 132 134 134 134 132 128 128 129 
114 114 113 109 110 113 115 128 139 144 148 146 140 124 129 138 139 135 141 166 189 197 199 200 200 195 191 198 199 179 147 129 147 146 141 125 113 108 125 128 134 140 138 132 127 109 85 91 86 87 93 117 130 130 132 132 134 131 133 133 133 132 131 131 
115 115 115 111 105 106 107 112 129 137 141 143 142 132 140 152 153 152 162 179 190 197 194 196 197 192 195 200 200 181 154 138 139 147 140 126 127 123 133 134 127 133 138 133 126 103 93 101 85 96 91 89 114 130 133 136 133 134 134 132 135 136 134 136 
123 125 127 128 122 108 105 110 118 128 133 140 141 137 140 155 163 171 181 192 199 201 196 191 187 189 192 202 202 190 164 149 137 143 136 122 119 131 129 132 124 130 133 129 115 102 102 102 79 73 78 84 88 106 127 130 131 135 135 137 137 134 132 131 
134 137 137 136 134 128 116 114 117 124 129 136 144 144 144 159 175 183 191 198 202 201 197 185 178 180 181 193 199 195 173 156 146 136 133 120 117 123 115 139 127 120 129 126 117 110 112 99 89 100 115 124 124 117 112 109 111 123 130 136 136 138 136 131 
148 144 141 139 132 129 126 119 118 124 135 138 141 143 149 163 180 189 200 207 205 200 195 175 170 168 173 178 184 185 179 165 156 145 130 118 117 116 107 141 117 131 134 126 124 121 114 103 101 109 126 138 139 140 138 133 125 116 113 128 133 136 137 136 
164 150 143 141 137 130 121 116 115 122 132 140 147 152 159 170 184 194 199 202 201 198 194 174 170 172 171 172 176 174 179 175 175 168 157 140 115 110 129 162 157 157 154 147 127 123 118 116 115 116 128 141 145 146 146 140 141 138 131 114 129 134 136 136 
180 173 165 156 146 142 133 120 109 114 126 133 146 157 172 182 190 196 198 199 200 199 193 175 177 188 175 168 171 171 180 192 196 198 200 184 142 123 171 192 199 202 196 162 129 119 120 119 123 126 126 132 140 139 134 133 139 138 135 128 135 137 138 137 
182 187 192 190 180 168 158 148 135 121 123 129 139 157 178 190 198 201 203 204 201 198 193 177 186 200 188 170 169 171 184 192 189 189 196 195 186 180 200 206 209 201 185 154 134 122 120 113 120 132 130 129 135 135 133 134 139 142 142 138 135 135 135 137 
178 185 195 199 200 199 192 187 177 162 149 136 135 153 180 197 202 201 205 206 199 196 190 178 192 210 199 173 169 171 172 160 143 143 150 158 181 191 190 184 168 151 146 132 129 121 112 116 129 139 138 137 134 134 137 139 141 145 145 142 140 137 135 135 
175 181 191 200 201 202 203 202 196 189 183 170 153 154 178 192 196 199 201 201 194 192 186 178 192 204 200 180 169 170 165 148 134 134 144 173 184 188 172 132 131 138 134 135 127 115 111 128 135 141 140 142 140 140 141 142 142 141 142 141 142 139 137 139 
178 175 182 195 200 203 205 204 200 196 195 190 178 166 172 180 184 195 197 196 191 187 182 168 180 180 179 181 180 170 165 156 145 139 136 168 176 172 138 134 137 125 123 124 125 116 123 135 132 135 138 141 138 138 138 139 139 140 139 137 139 143 141 138 
191 177 175 188 204 205 205 206 205 202 200 195 186 170 163 169 176 184 190 191 185 179 178 159 159 162 160 168 183 175 166 159 150 139 130 142 153 157 146 150 137 131 129 122 120 129 131 135 133 135 137 141 135 134 139 140 137 138 138 138 139 143 138 135 
202 191 177 182 200 206 205 205 206 204 201 198 190 178 155 165 166 170 170 173 174 168 164 160 157 162 160 162 163 163 157 153 152 150 135 132 147 161 149 139 132 132 129 130 136 139 136 138 137 139 139 139 135 137 138 139 138 138 141 142 141 141 141 140 
199 195 185 179 195 205 205 206 207 205 203 199 194 184 153 143 143 148 150 152 155 154 151 154 158 160 161 161 158 157 153 150 151 152 146 145 145 147 142 140 132 135 137 141 143 140 141 141 139 142 140 139 138 144 141 140 141 145 143 142 143 143 142 143 
200 196 186 177 190 204 206 206 206 205 200 199 195 182 147 125 128 137 144 148 150 154 156 152 153 156 156 157 156 156 153 150 148 149 148 147 147 146 150 151 143 141 142 147 144 142 141 143 140 141 145 144 141 145 142 140 138 142 142 141 140 141 138 140 
195 192 185 176 181 196 205 207 208 207 201 197 194 179 134 119 112 93 92 103 120 137 149 151 148 153 154 155 152 151 150 150 149 150 148 148 147 147 154 150 145 147 149 153 151 147 146 142 146 144 144 142 138 140 139 139 140 138 139 141 145 143 140 144 
193 188 183 175 172 184 198 206 209 208 204 195 192 175 125 110 128 120 108 89 80 83 102 126 144 154 153 153 152 151 152 152 151 153 152 150 147 149 150 147 147 147 145 148 150 150 145 144 145 141 143 142 142 143 143 140 141 140 139 140 143 141 142 142 
197 194 188 174 163 177 193 204 209 209 204 195 191 171 129 137 142 144 142 136 132 112 84 78 112 144 152 152 153 151 151 151 152 148 149 150 148 147 150 150 147 150 148 147 147 146 144 142 144 142 143 143 142 142 142 143 145 144 142 142 143 143 146 139 
200 200 196 182 162 170 189 202 206 207 201 194 186 165 129 128 143 152 151 149 153 158 149 105 76 89 117 142 151 155 156 150 153 150 149 150 147 150 152 150 152 151 150 150 150 148 145 145 146 146 144 142 143 144 144 143 145 144 145 143 142 146 147 143 
199 200 200 188 172 186 199 204 205 203 196 187 172 147 129 126 136 149 149 146 152 153 164 161 134 99 76 90 130 149 155 153 152 151 148 148 150 149 148 151 152 151 149 149 151 150 148 146 147 148 143 142 142 143 145 145 144 145 146 146 143 147 147 146 
199 196 191 178 180 198 206 205 204 197 185 175 157 133 143 137 130 149 156 159 161 157 161 159 162 160 134 75 70 97 124 130 135 141 145 147 151 147 144 148 150 150 151 152 149 146 145 145 145 145 143 141 140 144 147 145 146 145 145 145 148 149 149 147 
188 181 177 181 195 204 204 202 199 189 173 161 140 144 150 146 128 139 156 164 158 156 150 143 144 143 145 112 71 63 64 65 76 105 136 144 149 148 147 148 150 149 148 152 147 143 146 141 144 147 145 140 140 143 143 143 145 145 143 142 146 146 145 146 
157 166 180 194 201 203 201 198 191 180 161 144 141 149 150 151 131 115 127 143 145 150 153 149 140 128 107 82 83 89 88 80 68 70 103 133 146 146 147 147 147 147 144 150 152 147 147 146 147 147 148 145 144 146 150 147 144 145 144 144 146 145 145 145 
149 177 192 200 199 197 198 189 179 167 139 139 146 152 152 143 98 101 103 126 131 121 121 117 106 100 105 97 93 85 92 98 113 82 71 92 121 136 141 147 148 147 147 149 147 147 147 145 148 148 144 146 147 147 150 148 146 143 143 143 145 146 144 141 
170 193 199 199 191 192 194 180 161 142 136 145 150 152 145 97 49 82 101 104 98 105 109 100 88 94 103 104 82 80 104 137 157 142 102 93 89 100 131 145 150 150 150 152 148 146 147 142 146 147 146 145 146 147 148 146 148 147 144 149 146 141 141 141 
181 192 201 198 196 194 182 162 140 139 146 151 150 144 84 45 51 64 71 95 110 113 91 84 97 118 114 115 129 119 114 148 156 159 142 132 118 88 87 119 144 146 146 148 150 148 147 145 146 151 148 144 144 146 142 143 144 144 142 148 148 146 146 143 
191 192 195 193 185 171 156 135 140 151 153 152 148 98 30 28 42 53 63 89 116 104 115 116 145 131 94 105 151 135 110 144 132 163 161 143 142 135 107 89 119 143 148 148 149 150 146 146 147 146 146 146 146 148 143 143 146 144 141 146 148 142 143 147 
189 192 190 182 175 153 150 136 146 150 149 142 118 45 29 24 42 68 90 97 119 88 76 117 165 91 99 115 116 147 118 124 143 174 168 156 158 153 139 116 92 123 145 146 143 146 144 145 146 144 145 146 147 147 144 145 144 143 143 143 147 146 147 147 
157 172 177 174 178 164 150 134 144 145 142 108 57 38 41 35 50 57 95 111 101 113 94 73 147 102 97 94 122 148 122 127 164 179 178 172 171 164 150 137 117 90 115 119 120 124 126 126 131 142 141 145 149 149 146 146 146 145 150 144 148 144 146 140 
155 167 174 165 162 158 124 105 111 109 91 71 64 73 60 60 79 82 72 91 107 119 149 138 169 117 115 103 170 137 139 145 175 182 186 183 173 164 152 141 136 115 116 125 112 110 136 127 119 116 116 133 137 139 147 148 149 147 142 144 144 142 144 138 
144 143 162 156 143 127 106 100 106 110 108 101 100 95 86 82 97 107 100 89 107 138 153 152 163 133 48 102 162 146 137 140 165 172 183 184 177 164 150 138 131 140 134 145 150 113 156 148 135 122 122 121 108 124 139 142 146 145 140 141 142 140 143 143 
120 122 124 127 125 128 132 138 142 137 131 114 117 100 106 114 102 99 107 116 139 143 149 152 152 156 110 90 117 143 132 155 169 168 176 179 178 168 151 136 131 141 137 144 153 124 146 157 137 114 101 128 120 104 113 126 135 141 140 138 137 136 141 143 
123 105 129 136 139 142 148 156 160 160 148 137 128 100 109 103 109 91 71 117 158 162 160 156 145 135 127 109 104 140 181 181 189 173 168 177 180 169 153 145 139 142 131 133 133 117 146 160 143 119 92 110 130 118 123 108 117 132 140 137 137 137 140 140 
135 136 138 134 136 143 150 158 161 159 153 154 143 111 107 85 111 145 136 126 151 152 135 146 144 123 109 110 105 95 181 208 195 171 166 177 167 152 152 145 126 124 113 116 116 131 147 153 139 132 99 96 116 100 122 118 108 111 129 135 139 143 139 133 
140 153 158 148 136 140 153 160 155 163 157 155 151 116 99 89 122 139 112 82 108 128 64 82 108 108 108 115 116 115 148 192 172 161 165 171 144 131 117 107 122 132 139 141 131 129 131 137 129 137 115 108 95 110 117 116 119 113 110 127 132 137 135 133 
156 152 155 160 149 136 150 156 159 160 153 144 148 123 100 95 123 94 110 107 89 104 149 140 118 117 111 101 121 124 97 112 134 164 163 146 110 88 100 118 120 130 126 120 133 131 129 134 135 134 127 116 96 112 120 94 125 140 117 109 120 132 133 132 
171 162 159 156 148 137 145 149 152 151 157 146 123 112 110 105 102 126 129 120 124 142 145 145 134 144 170 176 186 172 122 95 142 166 144 98 88 95 97 102 103 108 113 109 106 114 115 111 128 134 135 115 102 106 104 88 124 149 138 122 107 119 123 119 
177 162 152 144 144 145 147 143 146 146 152 150 121 104 98 91 92 134 145 139 133 129 144 152 134 143 171 194 196 177 151 158 160 138 100 83 76 66 67 80 84 85 81 83 83 98 101 98 113 132 140 134 112 100 102 96 128 142 124 132 126 109 107 105 
151 146 147 147 150 146 147 144 146 145 145 141 114 100 91 87 81 118 134 137 146 155 142 160 168 162 172 177 164 145 135 128 111 103 83 60 48 48 63 83 93 96 80 64 70 76 86 97 104 118 140 142 130 122 112 103 126 129 124 120 130 125 120 126 
151 151 148 148 149 143 147 148 143 137 144 143 136 104 87 89 119 158 163 150 160 161 166 179 179 164 140 128 120 113 111 110 100 93 69 56 49 53 64 74 87 92 80 73 76 96 89 89 100 109 128 143 144 150 137 104 110 120 111 119 111 142 128 126 
150 150 146 144 147 141 144 143 142 142 147 142 141 124 89 94 128 154 166 161 164 176 170 153 142 124 114 116 117 112 103 95 90 88 82 75 71 69 76 79 103 115 108 105 88 95 98 95 107 110 121 134 146 149 129 98 92 122 112 109 116 133 113 109 
146 150 144 143 144 142 143 142 145 142 142 144 144 142 126 91 91 108 124 125 126 137 115 110 113 106 108 100 99 100 95 92 95 86 71 66 65 89 104 106 107 118 132 126 118 110 117 112 106 111 106 122 151 148 123 93 85 113 112 104 109 104 102 108 
144 146 146 143 142 142 145 142 143 141 141 141 141 141 141 125 74 68 75 96 111 102 97 101 89 92 96 96 94 94 97 98 89 69 70 77 83 92 79 76 73 83 114 122 118 115 134 124 121 118 108 112 131 145 128 102 92 98 100 102 97 92 87 88 
149 146 145 144 145 144 143 141 143 141 140 142 143 144 144 137 98 68 74 93 93 72 86 87 86 85 93 89 92 89 91 87 84 86 79 84 84 69 54 61 78 100 115 132 136 136 136 126 134 124 109 106 109 121 124 101 90 93 87 90 91 96 92 85 
146 143 144 145 144 142 144 144 143 144 145 147 146 142 140 139 114 53 68 89 79 80 88 81 81 78 83 87 85 84 89 93 79 58 54 72 69 44 28 45 73 84 96 102 118 138 144 131 118 109 104 98 100 108 112 98 86 92 88 83 83 83 88 81 
145 145 144 144 144 146 147 146 143 144 141 147 145 142 143 132 85 45 75 84 76 79 78 77 76 82 91 80 80 91 88 62 42 58 78 71 58 44 35 63 68 67 57 61 67 84 98 87 77 84 96 97 68 76 92 81 55 57 65 40 37 57 60 65 
142 145 146 144 148 149 146 146 148 144 140 143 148 145 129 85 46 61 81 78 81 81 79 73 74 81 80 78 91 88 62 63 75 88 76 53 40 32 57 66 47 38 24 27 46 62 55 40 49 64 64 44 29 41 56 57 52 43 55 30 13 35 45 48 


85 84 82 83 85 80 76 75 73 74 74 75 73 69 64 63 61 56 49 49 47 63 80 98 102 106 105 106 107 108 105 106 112 113 112 114 114 114 116 113 114 114 117 119 117 116 113 111 109 107 104 108 107 110 111 110 111 115 115 111 106 103 106 106 
92 87 79 75 75 75 76 76 78 78 78 83 85 79 72 71 71 69 63 59 59 59 51 65 81 102 106 104 106 105 99 106 111 114 112 113 113 112 113 114 112 115 111 115 113 115 115 115 114 115 116 115 115 114 111 107 114 114 114 112 108 107 106 108 
85 79 70 70 68 70 69 68 71 74 80 84 91 92 87 84 82 79 74 73 72 74 65 59 57 67 78 94 105 108 102 102 107 114 114 112 111 113 110 113 114 114 111 116 117 114 115 116 118 119 115 114 117 115 111 113 112 114 115 115 113 110 113 110 
73 68 61 61 58 61 64 64 71 78 88 92 90 86 86 84 85 86 73 70 69 69 73 71 69 66 58 61 80 87 84 80 84 89 106 112 110 110 112 113 117 117 117 119 115 112 115 117 118 119 118 120 122 119 117 116 115 117 116 119 115 115 114 111 
72 67 65 64 61 64 69 76 87 93 95 92 86 86 87 81 85 92 84 80 77 79 79 76 78 78 74 80 89 94 99 111 108 79 75 97 102 107 112 116 118 118 117 116 118 115 117 116 117 118 115 118 118 119 118 119 117 117 118 115 116 114 108 107 
71 72 71 63 60 64 78 86 83 76 76 83 80 82 87 90 94 95 94 89 84 85 82 76 79 91 102 128 138 138 138 146 144 125 90 80 80 75 83 102 112 115 117 116 116 115 105 97 88 90 98 107 115 117 114 117 116 119 119 113 111 115 114 112 
74 74 70 70 75 78 84 88 87 80 78 83 82 84 91 96 98 95 94 98 91 91 96 85 82 104 140 153 158 158 164 158 152 141 119 107 96 86 70 68 74 97 108 102 94 86 87 92 83 64 48 65 107 120 117 121 120 119 118 115 113 120 119 119 
79 82 79 82 86 91 94 97 95 84 88 94 88 79 86 91 98 90 87 103 104 96 100 94 97 116 157 170 175 167 162 154 142 131 114 109 97 94 82 75 62 66 94 106 112 119 125 130 130 123 77 44 104 119 119 119 120 122 121 117 115 119 114 114 
84 89 91 95 97 102 109 115 111 99 103 109 110 103 96 95 106 108 100 106 113 108 103 106 106 127 162 177 179 168 157 139 122 110 104 102 102 96 79 85 97 108 126 129 134 136 139 140 135 128 93 55 107 118 113 117 121 117 120 123 120 118 116 118 
84 93 99 102 105 103 107 119 126 122 117 119 119 111 111 106 104 116 115 110 118 123 112 112 115 136 167 178 172 163 150 130 119 105 104 99 85 71 85 120 128 134 139 144 145 139 138 133 128 120 85 89 116 121 117 118 118 118 119 120 122 119 116 121 
93 105 114 122 128 126 127 128 126 114 100 105 115 109 109 113 111 118 123 114 120 126 120 119 123 148 176 177 166 155 133 123 112 102 106 109 97 75 87 118 133 140 144 145 143 137 132 122 114 98 91 117 120 116 121 119 121 120 124 123 121 118 117 117 
104 114 119 126 131 128 125 121 119 115 106 102 112 116 113 105 104 112 121 120 123 126 120 125 133 165 183 176 158 143 128 116 101 101 113 113 113 107 94 113 131 137 134 135 138 132 122 109 100 97 114 122 124 117 121 120 119 121 126 126 121 116 121 122 
96 100 107 113 114 116 114 106 104 114 119 117 118 120 122 116 108 105 110 118 125 126 122 130 155 182 188 182 160 136 123 110 110 99 114 117 117 117 111 108 128 131 124 124 125 122 109 90 102 119 121 122 123 122 121 122 122 124 125 128 125 119 122 124 
84 92 96 97 98 98 101 103 106 113 116 119 123 124 127 124 120 115 107 111 124 124 127 153 180 193 190 182 162 138 117 115 120 97 99 111 114 110 108 112 125 127 128 118 111 109 89 69 112 124 127 122 122 128 126 124 124 121 126 132 127 120 119 120 
86 88 93 99 106 105 108 108 98 97 96 97 102 110 121 121 115 116 108 114 129 139 150 186 194 193 190 184 167 141 117 127 130 114 89 83 104 107 107 112 121 123 125 119 105 93 75 55 102 123 129 124 126 125 124 120 121 123 125 126 128 120 118 125 
94 93 87 85 97 111 117 117 106 94 92 90 82 88 117 124 115 112 112 129 156 179 186 198 198 195 191 187 181 154 124 126 133 129 112 79 91 109 107 115 124 126 122 118 103 69 66 54 80 123 125 124 127 121 122 122 124 128 131 128 128 121 123 126 
88 89 91 90 89 96 112 121 123 121 118 114 97 88 111 126 115 104 111 150 189 202 204 204 203 198 196 198 197 176 129 115 136 132 126 94 74 96 105 110 121 122 117 114 103 75 59 55 60 97 117 121 125 125 125 125 127 129 130 131 127 122 121 124 
88 87 85 80 84 86 86 104 119 127 131 129 120 95 103 120 122 114 121 162 193 202 203 206 206 201 197 205 206 182 135 109 134 134 128 102 87 82 106 110 117 123 121 116 110 89 61 69 64 68 83 112 126 126 126 126 128 126 128 128 128 124 123 126 
88 88 88 82 75 76 78 84 106 115 121 126 123 105 116 136 140 140 154 180 194 203 200 202 201 197 201 207 207 184 143 121 123 136 126 104 106 103 118 118 106 114 122 118 110 82 68 78 63 75 70 75 109 126 129 130 127 129 128 127 130 131 128 132 
95 99 103 103 96 78 73 81 89 102 109 119 120 111 116 139 155 168 184 198 206 209 203 196 191 194 196 208 209 196 159 139 120 130 119 99 96 114 113 115 101 112 118 113 96 79 77 77 55 49 52 58 69 99 124 126 126 129 129 132 132 129 127 126 
111 114 112 111 110 104 86 85 89 95 101 112 125 123 122 145 173 186 197 205 208 209 203 189 179 180 180 195 204 202 173 148 134 119 115 98 94 107 101 126 110 99 111 108 99 90 89 74 64 78 97 107 107 101 98 98 103 118 124 132 131 133 131 126 
133 124 118 113 105 103 101 92 90 97 113 120 123 125 129 149 181 195 207 214 212 208 202 178 171 165 168 175 184 188 181 160 147 131 110 94 95 98 91 130 96 115 121 110 108 102 94 80 78 92 116 131 133 132 127 119 110 102 104 124 128 131 131 130 
157 131 119 117 113 102 91 87 87 94 108 122 132 139 147 165 186 200 207 211 208 205 201 176 172 170 166 167 173 175 183 174 171 161 148 124 95 89 112 156 149 150 147 139 111 103 98 98 96 102 119 135 141 143 141 132 131 127 119 102 123 127 129 130 
183 170 155 139 122 118 106 90 78 86 102 111 131 148 169 183 194 202 205 206 205 205 200 177 179 192 173 165 170 172 185 198 202 204 205 184 132 103 166 194 204 209 202 160 114 100 102 101 106 114 114 123 136 134 127 125 129 129 125 119 129 130 131 131 
187 192 196 191 175 155 140 127 112 95 97 107 120 148 180 195 203 207 210 210 207 206 199 181 190 206 190 167 167 173 189 196 191 191 201 198 188 181 205 214 218 209 189 149 121 106 103 97 110 124 122 121 129 130 127 127 133 136 135 130 129 127 128 130 
183 191 202 206 207 203 193 187 175 153 133 117 117 145 183 203 209 208 212 213 205 203 197 183 197 215 203 172 168 171 173 151 126 126 135 145 180 194 194 188 169 146 137 118 114 105 93 103 120 130 129 129 126 126 130 133 134 140 139 136 134 130 128 127 
182 187 197 207 209 208 208 207 201 193 184 166 145 149 181 197 203 207 209 208 200 198 191 181 196 209 205 182 169 168 161 135 113 113 125 163 182 189 173 123 114 121 118 122 110 97 96 119 125 132 131 135 132 131 133 136 134 133 137 134 136 132 130 132 
185 180 187 202 207 210 212 211 206 201 201 195 182 168 177 185 191 203 206 205 198 193 187 171 184 185 183 184 182 169 162 152 134 119 104 150 171 172 131 122 120 103 101 103 107 102 112 126 122 127 130 134 130 130 130 132 132 134 133 129 131 136 134 132 
200 183 181 193 210 212 212 213 212 208 206 202 193 175 167 175 183 191 198 199 192 184 183 160 159 162 159 169 186 177 166 158 149 126 100 113 141 157 140 144 123 113 111 104 107 120 122 126 123 126 129 135 128 127 132 132 130 131 132 131 131 135 130 129 
210 198 184 187 206 213 212 212 213 211 208 205 197 184 160 171 172 175 176 178 177 171 166 160 154 157 155 157 162 161 152 150 152 150 127 122 142 164 149 135 122 122 119 123 129 131 128 130 130 131 131 131 126 129 131 132 131 132 135 136 133 133 133 132 
206 203 193 185 201 213 212 213 213 212 209 206 201 189 157 146 145 149 150 151 155 153 149 151 152 154 155 155 154 152 147 144 146 149 143 141 140 142 138 137 126 127 129 135 137 133 133 132 130 133 132 130 130 136 134 134 135 139 136 136 136 135 135 136 
206 203 193 183 196 211 213 212 212 212 207 206 202 188 150 125 124 134 138 141 145 148 150 145 146 150 151 151 150 150 147 144 141 143 142 142 141 140 146 146 139 135 136 141 138 135 133 135 131 134 138 136 134 139 134 133 129 133 134 134 132 133 129 134 
202 199 192 182 187 203 212 213 215 213 207 204 201 186 136 116 105 84 82 92 112 130 142 144 140 146 147 147 145 145 143 144 142 144 143 142 141 141 149 145 139 141 143 147 145 140 137 134 137 135 136 136 131 133 132 132 133 130 131 134 137 135 132 138 
201 196 190 181 177 189 205 213 216 215 210 202 199 181 126 106 126 117 104 81 68 70 89 117 136 147 146 146 146 145 146 146 144 146 146 144 140 142 143 139 139 140 139 141 141 143 138 135 137 134 136 136 135 135 134 132 133 131 130 132 137 132 134 136 
204 201 196 181 168 181 199 210 216 216 210 202 198 177 127 135 144 148 145 139 132 106 73 64 102 137 146 144 145 144 144 144 144 140 143 142 140 140 143 143 140 144 141 139 140 137 137 135 138 136 136 137 136 136 135 135 139 137 133 134 136 135 137 131 
206 206 203 190 169 175 194 207 213 214 209 201 193 171 127 125 144 156 157 156 160 160 146 98 64 77 107 135 144 148 150 143 145 142 141 142 139 144 146 144 147 145 143 143 144 141 138 139 140 139 136 134 136 138 137 135 137 136 136 134 133 139 139 136 
206 207 208 196 176 190 205 211 212 212 205 195 179 151 126 122 135 151 153 149 158 155 162 159 130 90 63 78 122 144 151 148 145 144 140 141 143 142 140 144 146 145 140 141 145 144 141 139 141 141 134 134 134 135 139 139 137 137 137 137 135 140 139 139 
206 203 197 185 184 203 211 212 211 205 194 183 164 132 138 133 129 151 160 163 166 159 158 158 152 155 131 64 57 86 117 124 128 134 138 141 145 139 136 139 143 144 145 146 143 138 137 136 137 138 135 132 130 136 141 137 139 136 138 137 141 141 140 139 
194 187 182 186 200 210 211 209 206 198 182 170 143 140 145 142 127 140 160 167 161 159 149 142 135 136 144 110 66 54 55 55 65 96 129 138 143 142 140 140 144 143 140 144 140 134 137 132 135 139 137 131 130 134 135 135 138 138 136 135 139 137 137 138 
160 170 184 198 207 209 208 205 199 189 168 147 140 145 145 146 130 114 127 143 146 151 155 151 141 126 105 80 81 86 84 75 61 59 95 126 140 140 141 140 140 141 138 143 146 138 138 137 138 140 141 137 136 138 144 140 136 137 136 135 137 138 137 136 
151 181 197 206 206 205 206 197 187 176 141 136 141 148 147 139 97 100 102 127 132 120 121 118 105 100 105 96 91 82 88 93 110 76 62 82 115 131 135 142 143 140 141 142 141 139 140 138 142 142 135 137 139 139 144 141 138 135 135 135 137 138 135 132 
174 199 207 206 200 202 203 189 169 145 133 140 144 147 140 96 48 81 100 105 99 105 109 100 87 92 101 101 79 77 100 134 156 140 99 88 82 93 125 139 143 144 144 145 140 138 139 134 139 140 139 136 138 140 140 137 140 138 135 142 139 132 132 133 
188 199 208 206 205 203 191 171 142 136 142 147 144 139 81 45 53 65 72 94 110 113 90 81 95 117 110 111 127 115 111 147 153 157 142 133 117 80 77 112 138 139 140 142 142 139 139 136 139 143 140 136 137 138 134 135 137 137 134 141 140 137 139 135 
199 201 203 202 194 180 163 136 137 147 148 147 143 95 30 28 42 54 64 89 116 105 117 117 146 131 92 101 150 132 105 143 124 160 163 145 143 133 103 80 112 138 141 142 142 142 138 139 138 137 137 137 138 140 134 134 138 136 133 138 141 134 134 139 
196 200 197 188 182 160 158 137 144 145 143 138 116 43 29 25 42 68 91 97 119 88 75 117 167 94 110 122 113 146 116 121 140 177 170 156 163 156 140 112 84 117 139 140 135 140 136 139 139 137 136 136 140 140 136 137 136 135 136 137 140 137 139 140 
160 176 180 173 180 169 156 134 142 141 138 106 56 37 40 36 50 57 95 112 100 113 94 71 145 110 120 108 122 147 119 122 166 186 181 174 178 170 153 138 115 83 111 113 114 120 121 119 124 136 134 139 142 141 140 138 138 137 143 136 142 136 139 131 
156 169 179 165 161 162 126 103 107 104 88 71 64 73 61 60 79 83 73 90 107 117 148 137 171 118 121 103 168 136 137 144 181 189 189 184 179 171 156 143 138 113 115 125 111 108 135 124 116 111 111 127 130 131 141 140 143 141 134 135 135 133 136 129 
144 143 165 159 143 127 105 98 103 108 107 102 102 96 88 83 97 107 100 88 106 136 153 154 165 135 44 92 157 144 133 140 169 179 188 190 184 171 154 142 133 141 133 146 151 112 156 148 135 120 120 118 102 117 134 136 140 137 132 132 132 129 134 135 
115 115 120 126 125 128 134 141 146 141 134 117 119 101 106 115 101 98 106 115 139 143 149 152 153 156 104 80 109 137 127 156 172 174 183 187 185 175 157 141 135 142 137 145 153 123 147 158 137 112 102 129 118 99 108 119 129 134 132 129 127 126 133 136 
118 94 128 140 144 148 154 163 167 166 154 141 132 102 111 104 111 94 70 115 160 166 163 157 141 127 116 97 91 131 183 186 197 181 175 186 188 176 159 148 141 143 132 134 132 116 147 161 144 118 92 111 130 118 121 103 109 125 133 129 129 128 130 134 
133 133 140 137 140 149 157 166 168 167 159 158 148 115 109 86 110 148 139 126 154 154 135 145 138 110 93 92 91 83 186 218 205 179 173 186 174 156 153 144 124 122 111 117 115 131 148 155 139 132 98 97 117 101 123 117 104 106 124 127 131 134 130 124 
141 155 161 152 139 145 160 167 159 168 162 159 156 120 101 89 123 140 113 95 126 136 61 73 99 97 94 100 104 92 148 203 182 169 174 180 148 130 114 104 121 131 138 140 129 127 130 138 129 138 115 110 96 112 120 119 120 112 105 121 124 128 125 125 
160 156 158 166 156 138 152 158 162 164 153 143 151 127 102 94 125 93 114 119 103 107 146 134 113 109 100 89 105 103 90 116 141 173 170 151 109 85 97 116 118 128 123 118 131 129 127 134 135 134 127 117 97 117 124 96 130 144 117 106 114 124 125 124 
177 167 163 162 153 136 144 149 152 152 153 144 124 113 111 106 101 124 130 121 126 143 144 146 131 139 169 183 196 182 130 100 149 174 149 98 86 92 93 101 103 108 112 109 105 114 116 112 129 134 136 116 104 111 107 92 131 157 143 125 104 114 115 111 
185 167 155 143 142 142 144 139 142 143 152 152 124 105 98 89 90 135 145 139 132 130 144 153 132 144 174 202 208 188 161 168 168 143 100 80 72 63 65 78 82 85 80 83 83 100 103 101 115 135 143 135 113 103 105 102 137 147 128 139 129 108 104 104 
151 145 145 144 146 141 143 139 142 141 141 139 113 101 91 87 77 117 135 138 147 156 140 164 173 165 179 186 172 152 141 132 112 103 82 57 46 47 61 82 93 96 79 63 70 77 87 101 108 123 146 147 134 127 117 108 133 135 129 127 137 130 124 130 
146 146 144 145 144 138 143 142 138 131 139 138 132 103 87 87 117 158 164 149 162 163 168 184 187 171 145 130 121 114 111 110 100 93 69 55 48 52 63 72 86 93 83 75 77 99 92 93 103 113 134 147 148 155 142 107 115 125 117 127 117 150 133 131 
144 144 141 139 142 136 139 136 136 137 143 137 138 123 89 93 127 154 165 160 164 177 173 157 144 124 113 117 118 112 104 96 91 88 83 76 70 70 75 79 104 117 111 108 90 97 100 99 110 114 125 139 150 152 133 101 96 129 119 116 123 140 119 114 
139 144 139 138 137 137 138 136 139 135 137 139 140 139 124 91 91 107 122 125 125 137 116 110 113 106 109 102 101 101 96 93 95 86 71 66 65 89 104 107 108 120 137 131 123 115 122 118 110 115 109 127 156 152 127 97 88 118 118 110 115 109 108 113 
138 141 141 138 136 136 140 137 138 135 136 135 135 137 138 124 74 69 76 98 112 101 97 102 91 93 98 97 95 94 98 100 89 69 70 78 83 91 79 75 73 84 117 127 123 120 140 130 128 124 112 117 137 150 133 106 96 103 104 107 101 95 90 91 
143 141 140 139 139 139 139 135 138 135 135 137 139 140 140 135 96 67 74 93 94 73 87 88 88 87 94 90 93 90 91 88 85 88 80 85 84 69 53 60 79 102 118 136 141 141 142 132 142 130 114 112 114 125 127 103 92 94 88 91 90 95 91 85 
140 137 138 140 138 137 140 139 137 139 141 142 141 137 134 136 113 52 69 91 80 82 90 82 81 78 84 88 86 84 90 94 79 57 54 72 69 43 27 46 73 84 97 103 119 141 149 135 122 112 108 101 101 109 112 97 85 91 87 81 81 81 85 77 
140 140 138 139 139 141 142 142 137 139 136 142 139 136 139 129 84 46 78 86 78 80 79 77 76 82 92 80 82 93 89 62 40 59 80 72 58 44 35 63 68 67 56 58 67 84 97 86 76 84 95 95 65 75 91 80 54 57 64 39 36 56 59 64 
137 140 140 138 143 144 141 141 143 139 136 139 144 141 124 82 47 65 83 78 83 82 80 73 74 81 79 79 94 89 61 64 76 90 76 53 40 33 58 66 46 37 24 26 45 62 54 40 48 63 62 42 28 40 56 56 53 43 56 30 13 35 44 47 


60 59 55 56 57 51 47 45 43 43 43 43 43 39 33 34 33 30 28 30 34 56 78 96 100 105 104 104 107 106 103 105 111 112 110 112 113 113 115 111 113 113 117 119 119 116 111 109 108 106 104 106 106 108 109 108 111 113 113 110 105 102 106 107 
69 62 50 47 45 45 46 46 47 46 49 54 55 48 40 40 44 43 37 33 36 39 38 57 78 100 105 103 104 103 96 104 109 112 110 111 112 111 112 112 110 113 110 113 113 114 114 114 113 113 114 113 113 112 109 106 112 112 113 110 107 106 105 107 
59 52 42 41 39 39 38 37 40 43 50 55 63 64 57 55 54 51 47 47 48 50 39 36 39 58 74 91 103 106 99 99 105 112 112 110 109 112 108 111 112 112 109 114 115 112 114 114 116 117 113 111 115 114 110 111 111 113 114 113 111 109 112 108 
44 40 32 31 28 31 33 33 41 48 58 62 62 57 56 54 56 58 45 42 40 43 47 43 44 46 44 52 74 81 75 74 80 85 104 110 108 108 110 110 114 114 114 117 114 109 113 115 116 117 116 118 120 118 115 114 113 115 114 117 113 113 114 109 
40 35 34 33 30 33 38 45 58 64 66 65 56 56 56 47 53 64 54 50 47 51 52 48 51 54 55 62 75 83 86 104 105 73 70 94 99 104 111 114 117 116 114 113 115 113 116 115 115 116 113 116 116 118 117 117 115 115 116 114 115 114 108 107 
41 41 39 33 31 35 49 58 53 45 45 53 48 49 54 58 63 65 65 61 53 55 54 46 51 72 89 124 137 139 139 148 146 124 81 66 67 64 76 99 109 112 114 114 114 113 103 93 83 87 95 105 113 115 112 116 115 116 118 112 110 113 113 111 
41 42 39 38 42 46 55 59 57 49 48 53 53 54 61 67 69 65 62 69 59 59 67 55 53 86 139 156 161 163 167 161 155 140 108 89 77 66 51 54 67 93 105 97 88 77 76 81 69 52 36 58 104 118 115 120 119 118 117 114 112 118 118 118 
47 50 48 51 56 62 65 68 64 50 56 64 58 47 55 61 70 58 53 73 74 63 71 65 68 98 157 174 179 170 163 150 135 117 92 86 76 71 57 53 44 54 83 96 104 114 123 129 124 111 61 35 101 117 117 118 118 120 121 115 114 117 113 114 
51 59 61 65 66 71 80 87 81 66 72 80 80 74 65 61 77 77 67 76 87 80 74 77 75 108 161 180 182 169 153 120 96 81 75 76 79 71 52 64 83 98 122 128 135 140 142 143 134 119 76 45 105 116 111 116 119 115 119 121 119 117 115 118 
52 63 69 71 76 71 76 93 101 94 86 88 90 81 83 75 72 88 85 78 91 96 84 82 85 118 166 180 171 156 135 104 88 73 73 70 56 41 67 115 125 133 143 148 148 143 139 130 122 109 69 85 115 120 115 117 115 116 118 119 122 118 116 120 
62 78 87 95 102 100 100 102 100 84 66 72 87 78 78 83 79 89 95 82 90 98 89 87 92 134 176 177 160 138 107 95 82 69 75 77 66 48 69 110 138 145 151 151 147 138 131 114 101 82 84 116 119 115 119 118 119 119 123 122 121 118 117 116 
75 87 92 101 107 102 97 92 91 87 73 68 81 86 82 73 70 80 91 88 93 98 87 95 106 158 183 174 147 120 99 87 70 69 83 81 80 76 71 109 129 137 134 136 138 130 114 93 84 90 111 121 123 116 120 119 117 119 125 125 120 115 122 123 
66 68 76 84 87 87 84 73 72 85 89 85 87 91 93 86 76 72 79 86 95 97 89 103 139 179 188 181 145 110 95 78 82 68 85 88 86 86 81 87 114 123 116 117 120 113 93 75 98 119 119 120 122 120 118 119 121 122 124 127 125 118 122 125 
52 60 62 63 64 63 68 72 74 83 85 88 94 95 98 96 91 83 73 78 95 93 96 133 175 191 188 179 147 114 86 88 95 64 66 80 85 79 76 87 108 118 115 101 95 90 69 60 111 124 125 119 121 126 125 122 123 119 125 131 126 119 119 120 
55 60 63 68 75 72 76 76 62 62 61 62 70 77 91 94 86 85 74 82 101 112 127 180 192 191 190 181 156 117 89 104 106 85 57 48 72 76 76 87 101 104 106 99 86 71 51 42 100 122 128 123 125 124 123 119 120 122 123 125 127 120 119 126 
65 66 58 55 68 80 86 87 73 58 58 57 45 52 86 99 89 81 79 101 139 170 179 195 196 193 192 189 178 138 98 102 111 105 84 46 59 79 79 90 99 100 97 95 81 46 42 33 74 122 124 124 125 121 122 122 123 127 129 127 127 120 123 127 
55 57 60 60 58 65 81 89 95 93 90 85 67 53 82 101 90 73 80 134 185 201 203 202 201 197 197 199 198 169 107 89 116 109 103 64 40 65 77 84 96 96 91 89 78 49 34 31 45 93 117 121 124 125 125 125 127 129 129 130 126 122 122 124 
56 53 51 46 52 55 52 72 91 100 103 102 93 61 71 95 98 88 94 150 191 201 203 204 205 201 198 207 208 178 113 81 112 112 103 73 58 51 80 85 94 100 96 92 87 65 37 45 41 48 74 111 125 125 126 126 128 125 128 128 128 124 124 127 
56 55 56 49 42 44 46 52 75 86 93 97 95 71 84 110 117 118 138 174 194 203 199 200 200 197 202 210 211 182 125 96 96 116 102 76 78 79 97 96 80 90 100 95 89 58 43 53 39 50 45 63 106 126 129 130 127 129 127 126 129 131 129 133 
63 68 72 72 67 46 40 49 57 71 78 88 91 78 85 114 138 158 181 199 208 210 204 196 188 192 194 210 214 199 148 120 94 106 94 71 67 94 97 94 75 90 96 91 72 54 51 51 31 25 29 36 54 94 123 126 126 129 129 131 132 129 127 126 
84 85 81 80 80 74 54 53 56 64 69 80 96 95 89 120 164 186 200 209 212 212 207 190 176 172 172 191 204 206 169 132 115 94 90 70 66 88 89 110 89 75 90 86 75 67 64 46 38 56 78 90 90 86 86 89 99 117 125 131 131 133 131 126 
111 98 87 82 73 72 71 63 59 67 84 92 97 98 98 126 175 197 213 220 217 211 205 177 166 152 155 164 177 187 180 149 129 110 85 67 69 80 78 116 74 94 104 92 91 80 70 54 53 75 107 123 126 126 118 108 98 91 98 122 128 132 133 132 
147 106 90 88 85 72 59 57 57 65 79 96 110 117 126 151 185 204 212 215 212 208 205 175 169 162 156 157 165 172 184 169 163 150 136 107 74 72 98 148 138 140 140 134 95 81 75 74 72 89 114 132 139 145 142 130 129 120 107 93 123 128 130 132 
185 166 141 117 95 90 76 60 48 57 73 81 106 129 155 179 198 208 211 210 209 209 204 178 179 191 166 155 163 170 189 204 209 211 211 185 123 90 160 197 209 215 211 159 98 79 82 79 87 101 106 119 133 135 127 122 129 124 120 115 128 131 132 133 
192 197 201 194 170 140 118 104 87 66 68 79 93 133 177 198 208 213 216 216 211 211 204 183 192 209 189 159 160 171 197 204 195 196 207 205 194 185 215 226 229 219 195 142 106 89 85 82 102 119 118 119 126 130 127 127 133 136 136 130 129 127 129 131 
189 198 208 213 214 209 195 185 171 142 113 91 92 128 183 209 215 214 218 220 210 209 202 186 201 221 206 167 161 168 177 140 107 107 118 136 184 204 204 197 172 142 127 100 95 85 75 94 119 130 130 129 124 126 130 132 135 140 139 136 134 131 129 127 
187 194 203 214 217 217 217 215 207 195 182 158 130 137 182 203 209 213 216 216 206 205 197 186 204 218 212 182 165 164 162 121 90 91 113 164 190 201 181 118 97 102 101 104 91 77 83 117 125 133 132 135 132 132 133 136 135 134 136 134 136 133 131 132 
191 187 193 208 216 219 222 220 215 208 205 199 183 168 181 191 198 212 215 214 205 201 194 176 191 193 190 190 186 168 162 151 123 102 96 153 180 181 129 109 102 80 76 79 85 89 108 125 122 126 130 134 131 131 130 132 132 134 132 129 131 136 134 132 
208 191 186 200 218 222 222 223 221 217 213 208 198 180 173 182 190 200 206 208 200 192 191 165 162 165 162 174 193 182 169 161 153 125 91 104 142 161 135 137 107 93 89 84 96 118 123 126 122 124 129 135 127 126 132 133 130 130 132 131 131 135 130 128 
221 209 192 193 214 223 222 222 223 219 215 211 204 189 164 179 180 182 183 185 185 178 172 164 153 157 155 158 164 164 155 153 155 153 121 113 141 170 150 131 112 110 111 119 128 131 129 130 128 129 129 129 124 128 131 132 130 131 134 135 134 134 135 134 
215 213 202 191 207 222 222 223 223 221 217 213 208 196 162 151 150 153 154 156 158 156 151 152 152 153 155 155 153 152 147 145 147 150 145 142 142 143 141 138 125 127 130 135 137 133 133 133 130 132 131 129 129 136 134 134 135 140 137 136 136 136 136 138 
214 212 202 189 202 220 223 222 222 222 216 213 209 195 155 127 125 136 140 143 145 148 150 145 146 150 150 151 150 151 148 144 141 143 142 141 141 141 146 148 140 137 136 141 138 135 132 135 131 132 138 137 134 139 135 133 130 134 135 134 133 134 129 134 
208 206 199 189 193 209 219 223 225 223 216 210 207 192 140 116 105 81 79 89 110 129 142 144 140 146 148 147 145 145 144 144 142 144 143 142 141 142 150 145 141 142 143 147 145 140 137 133 137 135 137 136 129 131 131 133 133 130 131 132 138 136 133 140 
207 203 196 187 182 194 210 221 226 225 219 209 205 188 128 103 127 117 103 77 63 65 86 116 137 148 147 146 146 145 146 146 144 146 147 144 141 142 143 139 139 140 138 141 142 143 138 134 137 134 136 135 133 134 135 133 133 131 130 132 138 133 135 137 
212 210 204 189 174 184 202 216 224 225 220 209 204 184 127 131 151 164 158 150 139 108 68 58 99 138 147 145 146 144 144 145 145 141 144 143 141 139 143 143 140 144 140 139 140 137 136 135 138 135 136 136 134 135 135 135 139 137 133 135 136 136 138 131 
217 218 214 199 174 176 197 211 219 223 218 209 200 179 126 124 155 177 179 179 182 174 155 97 57 72 105 135 145 149 151 145 146 143 142 142 140 144 147 144 146 145 143 144 144 140 137 139 139 139 136 133 136 139 137 136 138 137 138 135 134 140 141 136 
217 219 219 206 182 193 208 216 220 220 214 203 187 158 126 121 141 164 169 167 178 172 176 173 131 86 57 72 121 145 152 150 146 145 141 141 143 142 141 144 146 145 140 143 145 144 142 139 140 141 135 134 135 136 139 139 137 138 138 138 135 141 141 141 
217 215 208 193 189 208 218 219 220 215 203 193 171 134 140 131 131 157 169 174 179 177 172 174 155 156 130 58 53 83 117 122 127 134 138 141 145 140 136 140 144 144 144 146 143 139 138 137 137 138 136 131 131 137 141 137 139 137 138 138 141 141 141 141 
202 197 191 191 204 216 219 217 215 207 191 178 148 143 147 141 126 143 166 174 170 172 158 150 140 139 144 107 60 46 49 49 60 94 129 138 143 142 141 142 144 143 140 145 140 134 138 133 136 139 137 132 131 135 135 134 137 138 136 135 140 138 138 140 
163 175 189 202 212 217 216 214 208 198 177 153 142 147 146 146 127 112 128 146 149 154 156 150 140 127 105 76 74 79 77 68 56 54 92 125 141 140 141 141 140 140 137 143 146 138 138 138 139 141 141 137 137 138 144 140 136 138 136 136 139 138 139 139 
152 187 203 212 214 214 215 206 195 184 147 138 143 150 148 140 94 96 97 123 130 119 119 114 102 96 99 90 84 75 81 83 102 71 57 80 114 131 135 141 143 141 141 142 141 140 140 138 142 142 135 139 141 140 144 141 139 135 136 136 138 139 136 133 
177 209 216 216 209 211 212 197 177 152 136 142 148 149 141 96 47 76 95 100 96 100 105 95 82 85 93 94 71 69 90 124 148 134 94 86 81 92 124 139 144 145 144 145 141 138 139 134 139 140 139 136 138 140 141 138 141 139 136 142 140 133 132 133 
193 206 218 215 214 213 201 179 148 139 145 150 147 142 82 45 51 62 69 90 106 111 88 75 87 113 103 101 119 105 101 140 143 149 137 131 113 76 74 111 139 140 140 142 143 140 139 136 139 144 140 136 137 138 134 136 137 137 134 141 142 139 140 137 
209 211 213 211 203 190 173 142 140 150 152 150 146 96 30 29 44 54 62 85 113 103 115 113 141 127 82 91 143 124 95 137 113 155 164 144 141 130 99 77 111 138 142 143 143 143 139 139 139 138 138 138 138 141 134 134 139 138 132 139 142 134 136 141 
207 210 206 195 190 169 168 142 147 147 146 140 117 43 27 24 42 65 87 92 114 85 72 114 165 87 99 110 109 139 107 112 136 179 171 152 166 157 137 110 82 116 139 140 136 141 137 138 140 137 137 137 140 139 136 137 137 136 135 137 140 138 140 142 
160 179 185 177 185 178 165 139 145 144 141 106 53 35 39 35 49 54 92 107 94 106 90 63 138 104 114 97 118 143 111 113 167 190 181 169 183 176 154 137 111 79 109 113 113 118 120 118 125 136 135 139 142 141 139 139 138 138 143 137 143 138 141 132 
154 169 181 168 164 167 131 105 108 104 86 67 59 66 59 60 77 80 71 88 102 109 141 129 166 111 107 94 163 131 132 142 185 196 191 182 185 177 158 143 137 108 111 122 107 104 131 120 111 108 109 127 130 131 140 140 143 140 135 136 136 134 139 131 
141 141 166 161 144 125 101 94 100 106 103 97 96 90 85 81 94 102 95 85 101 129 148 150 162 134 42 81 147 137 123 136 170 184 193 192 190 177 156 143 132 137 127 142 147 108 151 143 129 115 117 115 99 116 133 135 139 137 131 133 133 130 135 136 
114 115 116 121 123 130 137 146 152 145 136 116 115 98 103 111 99 94 99 107 134 137 144 148 147 149 94 64 96 126 118 153 175 178 191 192 192 181 160 143 133 138 132 140 148 118 142 152 129 106 99 126 114 95 106 119 129 133 131 128 128 127 134 138 
117 94 127 146 158 163 166 173 178 176 162 144 130 99 107 101 109 92 66 108 154 163 160 151 131 112 98 78 73 117 180 189 206 190 182 191 196 182 162 149 137 138 127 129 127 111 142 157 138 112 89 107 125 113 118 101 109 125 134 129 129 128 131 135 
132 132 142 146 156 169 175 181 183 184 169 161 147 113 105 81 105 146 137 119 148 150 134 140 125 93 73 71 72 72 193 231 219 191 182 195 180 156 150 138 116 115 104 111 111 126 142 149 131 126 92 92 112 97 119 115 101 104 123 128 132 136 131 125 
139 153 163 157 148 162 180 182 174 183 172 165 157 119 97 84 119 138 105 88 117 122 57 63 83 79 74 81 91 80 155 217 195 181 181 186 147 124 105 96 112 123 129 130 119 118 124 132 123 131 109 104 92 109 119 119 118 111 104 122 125 129 126 126 
161 155 159 171 164 145 161 171 178 181 161 151 156 127 98 89 121 88 99 108 93 99 137 121 102 94 84 78 96 95 93 126 151 185 180 153 102 77 87 107 109 119 115 110 122 120 120 127 128 128 120 113 95 117 126 97 131 145 117 106 115 125 125 125 
182 170 167 168 160 140 147 152 157 159 153 145 126 109 106 100 94 115 125 116 122 140 139 141 120 127 163 190 209 196 141 108 158 183 154 95 78 82 84 92 96 102 106 104 100 110 113 108 123 128 130 111 102 112 109 93 134 160 145 127 105 116 117 112 
193 174 162 149 146 145 147 141 143 146 154 155 124 102 94 83 83 129 139 133 127 126 139 149 124 138 173 211 222 202 173 179 176 147 97 72 63 55 58 71 75 80 76 79 81 98 102 102 116 134 139 131 110 102 106 105 142 152 131 144 134 110 107 106 
156 150 149 147 149 144 147 142 143 143 142 140 113 98 87 80 68 110 129 132 144 152 133 165 175 165 183 194 182 159 144 134 110 99 75 50 40 42 54 74 86 92 76 61 70 76 87 102 111 125 147 146 132 126 119 113 138 140 132 133 144 135 129 133 
150 150 148 149 148 140 146 146 140 132 140 140 134 103 83 82 109 151 158 142 159 159 167 189 193 175 148 130 120 109 105 104 93 87 64 51 44 48 57 64 80 89 82 74 77 101 93 94 106 117 137 150 149 154 144 111 120 132 123 133 124 157 139 135 
149 148 145 143 145 138 141 140 137 138 145 140 140 125 90 89 121 149 159 154 160 176 176 158 145 120 109 113 113 107 100 92 87 84 78 71 65 65 71 73 100 116 111 109 92 100 103 101 114 118 129 141 153 153 135 106 99 134 125 122 131 149 126 120 
144 149 142 140 139 140 139 137 140 138 140 142 143 141 128 94 90 103 118 122 124 139 115 107 109 101 106 100 98 98 93 90 93 83 67 62 61 84 99 102 105 120 139 136 128 121 127 122 114 119 114 132 160 155 130 101 91 123 124 117 123 117 115 121 
141 145 144 139 139 140 144 138 139 138 138 137 139 140 142 128 76 67 74 98 114 101 96 101 89 91 97 95 93 91 95 97 87 65 67 75 81 87 74 70 71 82 118 130 127 126 148 138 137 132 119 124 142 153 136 109 97 105 108 112 105 100 94 97 
147 145 143 141 143 142 141 137 141 139 138 139 143 143 143 138 99 66 75 96 98 73 88 87 86 84 93 89 91 88 89 84 82 86 77 81 80 65 49 56 75 99 117 137 145 147 150 141 152 139 122 117 119 127 127 102 88 90 85 88 86 90 87 83 
143 141 142 143 142 141 144 143 140 144 145 147 146 141 138 138 116 52 72 95 82 82 91 81 79 75 82 86 83 82 88 92 76 54 51 69 65 40 24 42 69 80 94 100 119 144 153 139 127 116 110 101 99 105 105 89 78 83 80 76 75 75 78 71 
145 145 143 144 143 145 146 146 141 143 141 148 145 142 144 132 86 47 82 89 77 79 78 75 74 81 91 78 80 92 88 59 38 56 78 69 55 43 33 61 64 62 52 54 63 82 94 83 73 80 91 91 60 70 85 74 49 52 60 36 33 52 54 59 
141 145 146 143 149 149 145 144 147 143 141 144 150 147 129 85 48 68 88 78 82 82 80 71 71 79 78 77 92 87 60 61 73 87 74 50 38 31 57 64 43 35 21 23 41 57 50 36 44 59 57 39 25 36 51 52 48 39 52 28 12 33 41 44 