


242 237 229 215 225 246 233 208 217 230 234 247 244 242 244 242 196 92 82 66 47 18 20 105 119 145 212 204 220 237 232 225 221 215 177 159 147 172 145 92 70 87 120 211 194 169 166 152 147 146 59 27 26 30 27 14 7 7 9 10 11 17 37 64 
224 232 231 227 222 213 220 227 233 243 244 248 245 239 228 177 63 32 42 51 64 56 47 118 141 183 195 175 181 198 196 182 205 213 207 206 202 194 172 108 41 39 87 172 124 116 107 114 141 157 127 61 24 24 22 10 8 8 9 10 14 31 49 51 
83 114 167 190 176 73 82 152 189 198 177 172 167 134 94 56 21 18 18 13 7 42 104 156 171 178 158 163 153 147 143 140 170 186 193 205 213 217 215 212 162 69 101 193 201 206 102 96 127 165 192 190 91 28 25 12 6 8 9 11 27 58 72 74 
72 64 75 85 78 51 40 37 46 46 36 33 34 35 59 66 38 43 81 100 83 64 157 168 159 161 147 135 124 120 106 102 128 145 179 189 214 213 215 211 203 171 148 234 236 233 127 91 114 162 201 225 203 92 33 20 8 18 48 71 94 104 104 81 
96 75 68 71 62 41 34 36 33 26 26 27 30 33 49 69 87 121 132 130 153 157 180 162 156 136 133 108 95 99 79 67 86 123 151 154 181 191 192 192 206 215 224 235 230 207 118 103 126 154 196 226 229 187 55 57 105 176 218 230 226 221 212 180 
67 71 42 39 35 50 70 78 56 38 35 34 34 78 125 167 165 178 188 190 204 184 182 166 141 117 104 94 71 75 60 53 69 126 202 223 235 240 224 196 214 231 233 228 215 179 118 125 131 156 189 222 226 215 179 207 231 241 243 240 237 241 243 243 
27 60 119 118 85 108 127 124 125 121 106 69 55 122 115 162 222 225 209 188 179 172 166 150 120 99 79 72 55 59 52 51 133 212 245 250 252 251 239 220 227 232 243 245 243 243 233 226 203 168 189 216 230 234 236 237 240 236 237 237 235 240 245 248 
28 42 93 105 97 106 120 133 137 137 151 163 150 111 82 169 246 234 170 152 144 116 122 116 109 80 68 52 43 48 45 79 205 240 245 248 248 247 227 213 213 235 250 252 249 238 229 223 212 170 199 229 240 240 239 234 238 219 232 228 211 225 222 219 
91 96 99 80 91 106 109 120 123 114 126 155 165 103 60 148 232 245 146 108 108 79 97 105 95 74 58 45 31 35 60 162 220 231 223 232 234 228 200 188 224 244 243 237 224 198 176 170 186 178 215 234 241 241 232 225 223 213 203 173 163 179 191 203 
152 123 109 90 77 87 91 94 98 112 111 136 147 119 54 154 246 244 114 42 75 61 65 83 97 87 55 46 29 36 127 198 206 209 201 202 195 180 181 206 241 228 205 186 168 130 113 180 220 202 216 231 234 230 217 206 187 160 128 123 124 142 155 164 
143 108 100 91 68 63 61 61 68 89 103 128 118 133 83 141 242 233 153 82 104 110 74 92 101 89 62 41 31 43 143 188 184 191 192 185 152 152 166 231 248 223 165 121 101 90 136 201 219 209 209 213 215 205 180 150 121 98 91 90 103 122 138 155 
144 112 83 74 62 55 59 54 52 58 65 89 96 116 131 135 234 241 200 132 122 160 136 113 103 94 66 34 26 34 103 168 164 176 172 144 121 119 160 248 252 224 134 77 69 100 146 168 182 186 185 181 169 131 113 95 82 81 85 94 105 117 138 160 
147 121 98 79 65 57 57 61 61 53 49 51 61 89 122 186 244 251 236 176 122 141 187 197 157 123 85 46 39 64 100 152 143 147 124 100 81 79 150 251 251 212 127 68 67 114 134 149 164 149 139 124 93 80 86 90 92 93 104 108 119 139 164 186 
168 126 110 91 81 70 59 51 55 56 61 58 47 48 69 134 231 249 239 212 195 218 243 247 225 170 114 81 72 75 98 137 123 97 73 72 64 73 140 250 249 199 120 72 96 129 131 145 139 125 120 103 86 82 97 108 118 132 146 159 171 184 200 216 
181 143 141 130 117 97 77 69 59 49 47 58 57 51 60 75 175 238 236 235 240 249 251 245 233 195 137 79 74 88 107 108 97 63 56 57 67 77 122 234 251 211 113 69 103 132 146 184 214 222 157 73 87 118 159 190 208 219 224 229 234 239 243 246 
200 210 220 222 212 197 174 160 136 106 79 58 70 69 84 70 116 206 227 242 253 248 240 226 211 196 148 87 64 63 70 73 76 54 47 59 88 126 160 223 251 221 126 88 110 136 183 218 236 236 199 125 156 182 187 185 184 179 177 191 211 210 196 188 
237 239 242 237 232 232 225 219 216 207 191 161 131 118 109 100 112 173 234 249 248 236 218 206 197 190 178 120 87 81 73 70 69 59 78 123 170 195 224 241 250 232 166 143 123 136 178 195 209 221 208 122 93 76 66 60 57 56 56 60 72 78 87 108 
249 246 246 239 232 232 227 217 218 218 213 200 164 135 117 108 125 204 248 249 246 244 240 235 237 240 247 243 231 206 152 107 91 117 160 191 211 227 234 244 245 244 223 206 183 175 167 162 162 186 206 140 115 110 105 88 73 68 63 66 71 78 92 110 
250 243 235 231 228 214 211 212 207 202 195 177 137 119 117 135 190 249 252 253 253 253 252 250 241 228 239 248 253 253 251 235 194 185 194 207 215 225 224 220 210 212 241 249 243 230 209 175 143 128 160 217 207 229 229 215 189 161 125 106 105 111 124 139 
214 193 183 195 193 183 171 165 154 148 141 112 98 116 180 232 247 253 253 253 251 244 221 206 189 164 186 217 234 241 251 253 252 246 227 196 160 154 134 126 140 161 193 233 251 251 242 208 188 173 166 224 166 155 222 246 247 240 227 209 176 161 169 178 
193 159 123 133 129 118 115 111 103 123 152 164 209 235 249 252 253 253 251 240 230 209 177 141 135 125 135 166 180 213 230 246 249 253 253 237 167 122 150 175 170 163 167 191 234 253 253 244 232 210 201 232 234 140 124 202 244 251 249 250 242 224 209 202 
159 122 103 104 108 98 97 118 186 233 249 251 253 252 248 252 251 237 229 201 186 162 140 112 96 84 90 108 136 155 172 202 225 240 251 253 252 243 246 252 250 241 224 214 227 243 246 247 237 215 195 172 226 234 169 144 190 228 247 252 251 241 234 231 
179 148 145 137 131 125 138 214 251 251 250 251 245 243 245 248 239 197 170 170 145 127 104 81 66 59 61 68 90 109 127 148 188 227 245 249 252 249 245 236 219 231 239 234 230 228 197 122 85 80 78 60 110 219 244 212 185 197 220 244 246 243 236 242 
206 198 212 204 189 187 229 250 249 235 220 222 209 193 232 244 225 184 152 146 128 99 77 55 39 47 50 54 70 86 108 166 226 247 252 253 253 253 250 237 171 121 118 113 143 117 64 20 25 39 42 44 67 190 244 248 236 223 230 245 241 228 227 241 
80 165 242 232 228 235 245 250 247 225 186 152 151 154 207 239 213 174 141 134 114 87 63 46 34 40 84 157 179 181 199 222 231 241 248 248 251 253 252 253 252 236 181 167 135 60 64 83 104 107 124 135 168 192 204 225 250 249 247 251 247 203 131 159 
7 35 177 243 250 244 242 245 235 207 172 135 113 109 164 208 180 150 124 116 109 96 70 49 54 74 142 193 212 215 211 213 210 237 243 244 243 249 251 253 253 253 248 234 185 63 118 194 235 219 191 184 184 178 183 204 243 249 250 249 245 169 66 65 
2 6 75 216 250 247 242 242 226 210 187 157 127 107 113 176 199 190 172 156 151 138 114 99 106 114 122 140 174 189 184 189 196 206 192 188 197 229 243 249 253 253 254 250 214 131 200 223 191 126 98 93 92 99 113 148 195 229 241 247 210 92 65 65 
9 11 33 128 227 249 236 238 230 219 184 152 138 124 107 113 193 227 223 216 205 190 169 113 113 122 127 123 121 127 132 113 114 103 103 121 142 160 176 223 251 253 253 252 230 173 123 72 43 26 26 34 47 63 79 114 164 201 231 241 232 111 59 47 
22 21 32 71 115 159 225 244 238 229 204 172 147 138 119 106 114 187 221 222 227 226 185 107 109 119 123 112 119 113 87 59 61 63 68 84 101 117 140 175 222 250 252 241 132 65 64 63 53 50 49 61 72 85 110 151 202 223 233 236 207 70 25 13 
16 12 21 52 49 62 193 247 244 231 216 207 194 182 165 153 145 155 165 195 204 200 166 126 110 110 137 115 111 108 106 75 62 65 66 76 93 118 159 203 220 240 244 216 155 61 74 78 88 112 125 140 147 154 168 211 236 243 245 240 157 15 12 12 
18 4 7 31 55 52 129 234 247 244 235 220 221 215 200 194 200 197 205 203 194 178 143 104 80 90 108 115 113 96 113 134 109 101 82 80 101 140 194 197 183 211 222 181 106 69 82 108 145 171 189 203 214 225 232 243 251 252 248 229 92 15 19 26 
105 17 10 52 72 48 53 130 224 247 250 242 243 244 230 230 239 240 236 220 199 171 117 72 66 74 97 126 137 97 133 184 184 161 145 139 148 166 196 170 192 194 95 35 23 56 99 145 188 208 220 232 245 250 250 250 251 248 240 219 174 109 48 26 
139 64 91 156 174 105 53 51 102 204 247 250 250 250 246 245 243 244 234 216 196 154 92 69 68 65 91 139 173 177 186 207 208 203 223 224 214 220 241 220 188 85 29 25 27 33 54 87 142 193 225 239 248 251 244 243 243 240 238 204 194 205 158 64 
161 171 194 202 198 166 79 53 48 69 135 199 230 244 247 248 244 240 221 202 156 105 83 74 75 81 112 186 203 217 223 219 221 228 244 248 251 250 245 201 146 76 58 54 57 70 79 95 142 188 210 223 235 236 204 223 235 246 244 166 158 195 202 152 
164 185 195 197 195 186 112 61 54 47 44 60 144 232 243 240 230 215 202 163 108 85 74 82 77 105 149 202 221 232 235 211 217 230 239 242 243 245 240 211 188 136 112 93 91 130 167 189 209 228 235 240 242 221 194 233 241 244 224 163 174 198 201 197 
143 156 167 165 168 179 164 90 63 56 52 135 224 238 240 236 225 205 159 111 92 79 85 82 80 113 181 196 226 241 236 208 197 224 231 231 233 239 235 229 222 206 182 166 162 212 240 249 247 248 249 248 236 172 190 225 226 220 207 202 204 204 207 210 
196 164 153 147 143 155 177 120 65 55 83 221 244 243 242 236 229 181 136 110 96 98 97 81 99 134 184 217 231 243 242 229 203 211 212 211 222 233 225 222 232 230 224 229 241 248 253 254 252 253 253 241 235 211 203 208 202 198 195 204 203 202 198 209 
216 211 190 172 144 144 159 107 71 57 107 242 247 247 247 242 211 186 161 135 120 121 110 101 127 167 208 239 239 239 240 200 202 221 207 199 197 168 104 129 175 216 236 242 247 251 253 253 241 231 212 184 193 201 184 189 190 186 184 185 186 181 180 192 
200 221 226 217 178 135 110 73 64 70 102 231 247 250 251 244 227 213 173 149 150 146 128 136 162 191 240 236 236 224 227 165 180 222 209 193 179 84 28 78 134 144 168 196 216 213 225 235 159 131 127 123 148 162 163 171 176 159 154 153 158 144 139 140 
189 202 205 200 188 119 69 61 66 78 99 194 244 251 252 250 241 232 200 179 188 167 150 170 211 238 250 247 237 225 221 187 187 202 199 179 103 21 18 31 75 121 139 124 108 78 109 204 129 104 101 96 144 159 183 199 197 177 141 120 103 91 89 89 
155 152 148 147 130 92 72 65 68 113 154 170 235 250 252 251 251 250 238 236 235 198 202 220 240 249 249 251 244 235 221 227 227 196 164 108 18 8 8 14 19 30 65 108 126 105 102 208 141 100 113 156 197 219 230 230 220 177 85 62 54 53 54 58 
92 84 87 101 91 88 84 82 113 156 182 191 205 239 251 249 249 250 251 252 249 245 247 243 242 245 248 250 234 203 200 217 226 226 206 149 65 17 14 15 17 18 22 41 99 89 87 208 139 132 166 180 189 202 214 217 191 86 43 43 44 45 44 40 
76 73 83 88 88 93 91 102 137 155 170 177 179 194 224 228 237 244 249 252 251 251 250 249 251 245 219 174 153 148 149 171 198 215 217 216 205 114 23 16 24 26 21 33 53 45 76 196 143 142 160 164 160 168 181 202 131 42 39 37 37 35 33 31 
74 75 78 78 82 79 79 81 113 162 190 201 202 195 188 179 205 223 243 241 238 242 244 251 248 198 109 79 82 98 103 138 148 178 190 218 231 219 119 19 80 80 19 18 24 47 115 212 170 134 133 135 128 125 132 182 130 64 68 70 68 62 55 50 
116 88 72 68 67 59 43 46 90 132 150 171 188 193 192 200 183 161 169 173 182 212 211 204 198 157 123 106 90 89 84 108 103 140 180 211 230 232 208 56 120 159 71 50 61 85 166 233 210 175 154 132 95 75 72 129 169 138 141 141 135 129 121 118 
175 149 93 65 57 49 52 61 68 70 86 101 112 119 156 209 221 215 200 188 173 155 136 130 134 166 190 192 193 180 117 97 93 137 156 182 209 220 217 155 148 194 189 182 189 199 217 238 250 248 242 223 182 138 93 99 172 145 144 151 164 168 171 172 
207 197 162 106 70 76 78 76 69 62 58 59 76 150 221 235 208 180 143 120 107 94 91 96 96 119 133 147 157 185 190 178 154 140 132 154 185 198 201 191 166 179 178 189 181 190 193 205 223 237 246 248 249 231 173 113 169 150 139 140 156 180 195 203 
166 204 193 139 74 127 157 154 157 147 115 98 184 244 240 192 146 123 104 94 85 81 73 74 76 89 106 123 107 141 175 196 208 187 135 141 153 156 156 154 156 160 153 151 136 140 144 167 165 181 209 233 241 247 226 122 168 180 123 116 132 159 174 164 
144 204 198 161 81 98 180 190 194 204 205 208 240 239 205 144 123 104 90 79 70 65 61 63 67 69 73 79 90 126 143 172 214 212 134 124 128 132 135 135 121 107 96 84 82 93 105 118 129 156 180 211 230 240 238 212 213 219 130 64 58 71 64 43 
208 217 211 162 81 57 138 191 199 206 218 235 237 201 166 125 98 88 82 74 63 56 50 47 48 43 45 44 62 84 115 149 200 215 187 120 113 99 79 67 54 60 56 50 54 60 74 94 112 136 158 191 227 238 240 234 237 232 166 108 50 39 39 34 
232 228 214 155 100 67 68 114 160 189 216 241 238 190 140 115 96 82 70 61 52 41 32 31 30 30 27 23 30 50 72 98 128 150 158 120 91 83 67 48 43 47 51 50 51 50 58 82 107 122 148 185 204 212 232 235 233 230 212 183 123 41 29 30 
237 238 226 182 120 91 78 75 92 117 191 245 237 192 160 130 107 90 74 64 50 40 33 34 32 34 34 30 30 48 71 86 101 113 116 101 90 96 90 70 52 57 59 55 49 48 57 80 102 115 134 163 196 224 237 235 217 157 176 202 216 143 44 38 
241 243 227 191 157 124 100 122 132 156 220 242 229 205 165 121 92 75 63 53 42 34 32 32 33 37 33 35 45 80 97 99 107 113 106 96 89 91 108 119 107 122 121 104 91 81 87 97 110 122 141 161 184 223 232 224 181 154 71 63 174 194 124 63 
238 245 232 216 211 166 139 172 184 185 226 243 228 186 142 110 78 67 60 51 43 36 33 37 43 44 50 62 86 109 110 106 117 119 112 80 98 88 125 132 160 175 185 169 151 143 131 127 134 145 156 178 191 215 228 200 156 160 121 26 38 64 67 69 
214 237 234 229 221 187 197 220 191 192 217 240 234 196 168 137 105 97 93 82 69 57 47 47 53 67 95 101 136 142 137 129 129 135 137 80 63 102 166 174 194 206 212 210 188 157 160 167 171 168 174 195 206 221 231 183 155 168 161 48 29 55 62 67 
171 206 231 235 220 198 211 173 121 192 208 220 236 232 222 196 163 144 122 106 92 87 88 97 84 90 85 119 142 163 156 154 154 157 165 123 47 102 196 199 215 229 229 226 218 199 189 206 215 203 206 212 215 214 184 154 175 192 185 78 30 58 64 65 
157 149 155 162 182 193 180 109 47 121 149 139 170 225 236 219 199 171 154 146 136 129 123 133 142 140 132 150 156 179 176 178 180 179 182 158 53 61 167 199 201 209 214 212 195 165 155 210 225 213 208 195 168 132 117 136 172 212 216 170 46 55 62 63 
100 73 42 42 66 91 93 80 57 39 31 34 37 95 180 223 209 193 183 181 165 169 170 170 188 202 204 207 197 183 185 207 209 206 202 147 66 65 126 200 211 208 204 189 170 116 101 145 158 143 130 109 98 101 133 166 177 200 207 175 40 51 59 60 
116 49 47 56 39 26 74 86 50 26 15 10 6 4 30 128 209 231 233 230 210 193 192 193 206 216 218 227 237 203 201 215 218 204 141 63 57 71 98 181 219 216 216 212 205 182 149 139 139 139 134 159 145 144 175 185 195 199 196 114 20 42 55 56 
43 14 60 72 43 26 47 88 56 19 8 6 7 8 15 34 79 109 126 141 148 128 140 141 134 138 172 195 201 199 207 210 181 91 19 24 43 55 61 142 211 218 226 222 219 223 189 196 175 168 156 177 177 171 184 161 151 136 73 16 4 22 40 46 
23 20 58 81 50 39 41 73 50 17 12 8 16 23 32 45 40 32 29 13 10 13 33 29 11 31 120 162 166 153 138 93 44 28 8 15 31 45 49 91 192 219 223 225 227 230 217 211 210 196 200 198 195 178 115 28 13 12 1 0 0 5 23 43 
17 19 28 61 78 89 82 69 50 42 30 21 24 36 51 63 53 35 29 22 13 9 34 43 19 12 30 53 43 27 15 5 7 8 6 10 19 32 43 49 81 132 185 218 220 224 229 227 224 222 218 209 188 133 27 2 0 0 0 0 0 5 28 46 
12 29 60 89 104 70 52 63 81 62 37 46 44 56 68 62 67 67 35 22 28 19 21 53 48 28 40 59 46 31 16 10 8 5 5 5 6 12 27 40 47 53 64 108 155 193 214 220 218 215 202 168 76 20 3 0 0 0 0 0 1 17 43 44 
57 93 114 114 96 75 57 30 26 16 11 24 47 51 43 40 43 27 14 20 29 29 24 27 26 23 21 39 42 50 28 11 15 12 7 3 3 7 14 24 40 47 45 60 88 95 85 86 89 97 84 51 24 14 9 5 0 0 0 0 1 18 46 53 


110 60 44 31 35 64 45 18 22 36 34 42 45 52 77 147 148 41 13 15 20 7 9 47 38 45 71 47 34 35 37 29 38 41 52 47 46 77 81 64 38 16 61 114 66 30 22 14 12 32 66 59 62 65 66 34 20 25 32 40 47 54 80 117 
169 148 94 73 75 119 100 62 65 81 88 92 113 123 139 125 42 13 11 12 15 11 16 34 37 51 26 22 16 13 14 15 19 19 18 30 52 70 75 56 17 4 35 75 22 22 5 5 8 20 63 68 57 63 57 27 23 30 36 42 51 74 96 101 
85 104 125 126 111 60 77 104 121 129 118 128 136 114 69 31 8 9 8 4 3 7 21 25 18 14 10 8 8 12 13 8 10 12 11 15 19 38 61 91 80 22 35 95 86 90 15 3 8 17 52 101 87 65 61 34 25 28 28 32 61 107 126 127 
73 63 70 76 69 60 70 71 74 73 66 68 69 68 47 29 17 19 33 44 39 21 19 12 8 6 7 6 7 11 12 7 4 6 10 10 13 18 17 39 74 76 52 81 88 71 16 5 9 14 24 81 138 97 70 47 20 28 55 81 115 134 148 129 
77 60 53 52 52 54 62 71 70 62 63 66 70 72 62 28 37 55 61 61 71 43 10 7 7 7 4 4 3 7 9 4 3 4 13 24 34 39 20 15 54 108 107 90 87 34 7 6 6 9 16 45 117 142 77 81 103 151 176 175 170 165 180 171 
50 61 39 38 48 69 85 90 71 55 57 65 69 54 32 36 61 108 109 84 79 25 9 7 6 5 3 2 2 4 7 3 5 49 146 174 184 187 151 74 91 132 112 77 60 51 37 29 14 7 13 45 104 148 158 182 183 161 130 104 93 104 118 155 
36 64 108 107 87 93 91 81 88 92 81 65 49 15 7 29 79 140 130 93 69 15 8 6 5 3 2 1 3 2 4 13 95 159 172 155 151 137 131 103 92 118 163 181 152 134 129 135 97 15 15 71 147 174 177 159 118 58 56 49 40 40 43 59 
55 58 82 85 68 50 41 49 62 58 39 36 41 9 4 28 64 140 80 80 84 26 10 4 5 2 1 2 3 3 3 40 129 113 77 88 75 57 39 54 58 142 170 131 72 44 40 46 47 17 54 136 158 147 106 56 34 19 28 34 17 15 17 24 
30 18 17 22 15 10 6 6 6 18 11 9 26 18 5 42 86 174 68 28 33 13 6 4 4 2 1 3 3 3 21 96 82 46 28 34 30 25 22 27 87 136 63 32 20 16 12 17 61 57 122 141 122 80 32 15 16 12 13 10 8 8 9 10 
8 6 5 7 8 4 4 3 4 5 4 5 11 26 6 26 94 187 64 9 18 10 10 4 3 3 4 3 4 9 79 89 33 18 15 11 13 10 17 53 127 50 15 11 11 8 7 44 130 122 131 107 71 25 15 10 9 8 6 5 6 7 7 10 
6 6 4 3 4 6 4 3 2 2 3 4 6 27 19 17 75 143 34 12 35 12 7 4 3 2 3 5 5 12 74 61 17 10 7 8 9 6 22 134 107 29 12 8 5 3 7 35 116 121 102 68 43 18 8 7 5 4 3 4 6 6 6 9 
6 5 3 2 2 3 2 2 2 2 3 4 3 7 28 40 89 119 91 12 40 40 12 7 4 3 4 4 4 5 40 41 12 9 8 6 5 5 71 186 107 31 12 7 3 5 14 35 67 69 61 43 34 8 4 4 3 3 3 5 4 5 7 9 
6 6 4 3 2 2 2 2 1 3 3 4 3 4 17 94 148 166 170 52 13 58 77 91 35 13 9 7 8 19 37 45 16 8 7 4 4 3 81 167 79 24 13 7 9 27 34 44 46 35 20 12 8 3 2 2 2 3 14 13 6 8 8 10 
9 9 5 3 2 1 2 4 3 3 2 3 4 4 5 35 79 114 141 47 58 144 152 129 82 45 24 18 14 10 22 36 14 6 4 3 2 2 69 151 69 23 13 9 27 39 35 36 35 40 17 7 7 3 3 5 8 11 16 18 19 19 22 26 
13 20 28 38 35 22 11 7 4 3 4 3 2 4 5 5 23 51 100 112 115 113 87 58 46 38 39 9 16 11 19 23 10 6 3 3 2 3 39 160 91 30 16 9 24 49 62 93 127 136 80 6 9 21 39 47 55 61 71 68 81 85 101 123 
51 110 156 161 146 120 101 95 77 51 30 11 13 8 11 3 13 39 122 102 65 40 30 16 13 12 23 10 5 9 10 17 9 4 4 4 4 6 18 127 128 34 19 11 31 66 88 111 110 95 84 38 55 80 96 97 111 111 113 125 160 159 131 97 
169 163 139 124 104 77 88 97 114 127 119 84 39 15 14 25 33 55 131 63 34 25 22 24 29 38 55 49 33 34 25 23 14 7 20 13 10 15 30 75 133 51 24 14 13 37 53 51 52 58 77 43 31 21 13 8 7 5 4 8 17 15 7 6 
115 81 52 37 33 27 36 48 59 77 97 101 70 38 28 30 70 149 138 95 122 123 110 116 115 116 135 153 157 149 99 58 33 40 56 45 57 62 84 97 139 113 55 32 21 21 20 21 24 27 64 58 37 26 15 7 3 2 2 2 1 2 3 4 
60 40 27 16 12 13 12 14 20 38 52 60 33 24 33 73 128 160 155 142 123 82 56 47 36 30 39 58 77 114 142 163 136 122 112 99 104 141 135 124 104 92 117 86 50 30 24 14 7 8 42 104 136 148 107 66 28 12 9 5 5 5 5 6 
58 36 16 10 10 10 7 6 10 18 27 16 17 35 113 167 142 116 81 52 33 20 17 12 8 8 9 13 22 36 57 97 146 172 167 136 97 94 58 22 10 10 50 127 117 68 44 24 14 10 27 83 42 87 166 158 108 57 35 26 18 15 11 12 
59 40 21 12 7 7 5 4 10 44 72 92 130 146 150 163 117 58 36 21 13 11 9 8 4 6 8 8 8 10 16 27 47 102 155 162 106 52 69 93 75 41 15 25 111 134 111 72 41 21 32 111 87 31 47 144 185 149 96 67 55 35 25 19 
49 31 25 14 5 7 4 35 128 167 137 135 126 95 111 159 76 27 17 14 11 9 6 5 3 4 4 8 9 7 10 10 14 33 74 125 156 152 147 172 187 184 144 75 55 112 152 142 115 76 45 81 143 101 48 39 92 154 168 147 116 60 46 46 
46 27 17 9 5 7 47 142 147 110 61 47 42 42 135 126 37 14 10 9 8 5 7 4 2 2 2 4 6 5 6 9 29 62 80 91 110 129 108 107 116 137 152 164 132 89 100 77 67 84 74 59 84 156 129 68 40 35 74 140 162 121 81 87 
89 45 19 13 15 38 151 149 68 29 19 14 11 24 154 127 39 12 8 7 6 4 4 4 5 3 3 8 10 9 20 62 116 138 135 140 146 159 161 147 118 67 32 40 50 26 26 24 42 75 82 77 66 100 130 123 73 45 40 68 120 139 142 152 
53 46 39 22 40 101 148 84 41 16 12 10 8 11 121 124 38 12 7 6 5 4 3 4 4 5 33 89 97 89 93 78 59 70 72 76 81 107 106 144 180 183 113 48 52 8 9 9 30 67 84 89 77 32 26 76 112 85 68 95 143 155 136 159 
12 12 32 47 77 101 123 58 23 11 9 5 5 6 74 95 27 10 8 5 5 4 3 6 6 11 60 101 99 78 45 20 19 37 34 46 50 45 50 85 128 174 198 127 101 9 8 31 98 107 66 52 41 35 33 58 133 147 149 154 166 149 111 112 
2 9 57 94 108 143 139 64 20 12 11 8 6 5 25 91 81 34 9 9 7 5 6 8 12 25 48 63 58 35 11 8 11 20 16 17 14 18 35 45 92 144 190 192 139 26 37 94 126 45 15 15 16 18 20 28 50 91 141 156 153 119 114 115 
18 20 53 119 176 215 146 65 25 13 10 8 7 4 3 32 121 112 48 34 33 34 32 18 26 48 67 63 58 52 15 6 6 11 12 13 14 12 13 21 55 111 167 190 142 58 35 28 14 5 5 4 3 2 3 5 8 18 57 116 146 121 105 86 
53 45 58 95 115 150 149 90 29 18 11 8 8 4 5 4 27 109 129 123 133 132 90 22 20 37 66 48 63 75 38 5 4 7 9 11 10 9 8 12 27 75 147 145 50 5 2 3 4 4 4 3 3 3 4 10 12 27 60 102 125 72 47 19 
36 24 38 67 65 67 140 114 49 24 13 10 11 7 7 7 7 15 47 97 117 112 64 24 20 31 82 45 59 66 36 11 4 6 9 10 11 11 11 29 48 96 150 73 52 5 2 2 4 5 6 6 7 8 11 14 26 49 79 118 89 14 15 14 
19 8 14 42 77 63 107 148 99 60 37 21 16 13 10 11 29 75 94 78 64 54 30 18 8 16 28 18 43 34 33 30 12 7 10 13 17 13 47 86 45 48 105 68 36 4 3 8 17 24 29 21 35 35 40 55 73 94 123 135 57 13 21 28 
60 14 16 58 78 64 65 104 143 131 98 62 58 50 27 51 131 152 124 79 62 46 16 5 3 6 11 29 52 33 57 55 23 12 15 18 17 17 63 34 21 50 29 10 4 5 10 35 65 74 82 77 97 105 117 128 133 134 142 114 88 72 39 30 
37 32 77 136 134 93 75 69 94 160 177 152 126 114 107 134 159 130 79 41 28 24 6 2 1 2 10 34 65 101 116 90 58 33 39 35 37 44 90 78 52 23 5 4 4 5 7 17 44 76 100 121 140 148 146 142 126 88 101 82 53 91 87 48 
25 95 144 130 82 61 76 78 71 80 121 164 180 184 178 165 126 66 24 12 11 4 2 2 2 4 11 35 73 121 167 139 129 103 104 118 154 139 133 73 16 5 4 3 3 3 5 6 9 22 47 75 99 129 61 45 50 66 117 66 25 42 80 91 
26 114 121 88 65 54 72 83 79 72 64 70 120 166 151 120 64 33 19 9 4 3 2 3 3 6 8 16 52 101 173 146 141 127 138 148 176 166 145 61 20 9 4 3 3 6 10 15 20 39 59 83 119 120 35 61 78 111 129 88 91 107 119 124 
25 73 87 64 36 27 40 86 85 79 73 117 161 149 131 104 66 26 10 5 4 3 3 3 3 4 8 12 47 102 161 138 51 61 59 68 110 136 129 87 44 18 9 9 14 26 51 71 72 58 75 112 116 48 31 75 112 133 128 109 90 74 76 70 
110 84 76 50 29 22 28 80 83 79 92 177 178 144 102 86 46 13 7 6 4 4 3 3 5 14 14 19 71 108 161 162 41 35 40 43 85 108 87 100 93 64 46 41 54 62 109 147 123 122 127 100 85 69 79 118 123 95 54 47 51 33 22 27 
76 103 98 85 38 23 25 21 27 56 112 199 173 125 100 79 23 9 8 7 7 4 5 5 14 26 18 42 92 161 179 113 28 54 44 39 53 74 58 43 70 112 124 117 108 112 130 167 136 114 95 57 86 107 102 101 77 40 16 20 15 11 10 11 
24 56 68 105 92 31 11 2 2 29 100 185 173 138 105 58 19 9 10 6 8 7 5 6 6 16 40 47 113 163 172 71 22 47 39 32 44 39 45 49 37 36 75 115 134 134 140 143 66 29 20 20 58 76 65 53 39 15 8 9 8 8 8 7 
20 33 45 66 98 38 2 2 1 12 59 153 183 149 125 99 33 20 15 11 9 7 7 8 12 38 76 89 122 158 151 73 42 35 36 32 29 21 34 44 54 57 41 28 27 23 59 79 13 10 10 15 50 71 98 117 112 88 21 6 4 4 3 3 
28 23 25 46 48 14 3 1 2 13 53 108 181 176 158 105 76 54 29 29 24 11 14 21 41 67 90 146 181 171 91 98 121 80 34 20 15 16 18 27 36 41 49 46 37 25 51 81 10 12 36 75 102 113 114 114 109 98 18 2 2 2 2 2 
13 19 20 20 9 6 8 16 40 72 95 113 143 183 185 152 114 100 72 70 52 39 44 53 70 75 126 191 172 87 23 36 68 110 94 68 44 24 22 28 34 35 36 29 36 30 46 78 12 35 57 53 44 45 40 60 77 23 4 3 3 2 2 3 
19 26 29 33 14 12 29 42 71 83 91 97 72 85 154 157 155 153 134 115 94 105 77 114 155 155 144 101 34 8 7 10 20 46 62 92 123 90 26 23 26 27 28 20 10 7 26 65 14 23 21 16 12 11 15 62 48 3 3 4 3 4 5 5 
29 45 39 45 27 30 33 31 60 100 127 135 121 85 81 96 110 147 170 152 139 154 151 189 206 140 33 5 4 4 5 6 9 13 20 49 104 153 98 27 32 22 20 19 17 9 40 65 14 10 9 9 7 7 7 63 38 5 4 4 4 4 4 4 
66 56 40 28 36 35 20 18 47 75 81 105 127 124 111 83 36 48 94 98 105 125 110 113 122 87 60 44 31 19 3 3 4 5 7 34 67 132 156 45 38 55 37 33 37 45 91 107 76 55 34 17 6 3 3 42 45 30 18 10 9 7 7 7 
90 58 40 35 35 25 17 14 16 14 11 13 23 40 89 125 122 98 77 60 48 28 14 11 16 38 73 93 103 112 53 15 5 7 7 12 42 106 136 85 19 28 33 42 47 56 71 83 96 109 123 116 82 38 13 24 61 43 38 28 30 31 26 26 
88 56 27 23 29 30 23 15 8 5 2 2 22 107 146 117 50 18 9 7 7 7 7 6 7 6 8 13 21 60 100 104 71 29 7 8 27 68 93 91 27 12 11 14 10 13 14 16 23 36 55 87 142 145 83 38 70 43 49 44 58 85 103 116 
67 73 31 9 13 77 94 71 39 28 11 26 141 147 59 17 9 6 4 3 5 7 8 8 7 6 5 4 6 9 17 47 95 111 13 7 11 29 35 18 8 9 8 11 11 10 11 7 10 12 15 23 60 119 137 92 81 39 49 55 62 100 134 133 
36 60 30 9 11 63 135 89 59 55 43 110 153 74 19 9 5 4 4 4 6 7 10 10 8 7 5 5 5 6 7 12 84 146 50 13 19 33 26 13 7 8 8 9 11 10 8 6 7 8 11 15 22 53 104 126 113 62 34 60 69 79 76 52 
92 53 34 18 15 22 102 133 100 83 91 153 87 23 7 6 6 5 5 7 8 8 9 8 7 7 6 5 4 4 4 11 58 127 122 41 27 25 9 4 4 4 5 5 5 4 4 4 5 6 8 13 17 28 63 108 144 100 31 44 70 78 73 64 
107 48 22 11 13 12 25 76 110 128 147 135 52 15 8 5 6 6 6 6 8 8 8 6 5 5 5 5 4 4 3 9 37 67 86 50 30 26 8 3 4 3 2 3 2 3 3 3 3 6 7 9 13 19 52 117 148 138 69 40 50 63 62 63 
110 53 24 12 9 10 10 7 15 33 119 123 47 14 10 6 6 5 6 6 5 5 5 4 4 4 4 4 4 5 8 17 29 33 38 26 26 31 22 11 5 4 2 3 3 4 3 3 4 5 5 7 14 36 67 135 145 88 115 95 73 76 60 69 
137 66 26 11 6 9 10 13 5 24 152 92 28 13 10 9 8 6 7 8 6 5 4 3 3 4 4 4 4 14 29 33 27 23 24 36 45 35 37 42 23 13 7 5 4 4 5 4 5 6 5 7 17 43 82 135 63 43 48 61 122 153 126 111 
164 99 46 22 21 10 10 13 14 28 153 117 35 13 10 7 6 5 6 7 7 5 4 4 3 4 4 3 10 24 31 32 32 35 48 56 70 61 58 59 57 48 43 20 8 7 9 6 4 8 8 11 15 24 89 109 16 32 46 36 65 106 120 128 
140 131 77 42 37 14 30 63 40 37 127 157 70 18 9 8 7 10 12 13 13 12 12 13 10 4 2 3 16 40 41 41 46 56 73 69 68 91 103 99 113 116 106 76 29 15 11 9 8 9 17 30 34 50 134 88 18 40 67 39 61 108 119 126 
82 124 148 120 83 39 47 44 36 64 78 151 147 72 45 22 14 12 9 8 8 11 17 14 13 9 4 5 10 37 46 60 61 67 97 100 57 93 140 132 165 181 163 144 122 92 51 28 30 37 54 60 95 119 112 23 13 39 84 54 57 108 118 116 
83 67 104 115 98 81 64 31 17 71 90 78 126 153 98 31 14 10 10 9 9 9 11 9 11 17 10 11 11 28 52 63 74 99 125 130 62 65 125 135 134 139 143 147 132 109 74 95 117 120 125 114 86 42 12 8 13 34 100 124 63 104 108 93 
23 14 9 8 24 41 31 17 4 6 9 6 11 61 106 91 43 24 15 11 11 11 12 13 22 40 22 32 50 36 40 92 122 155 167 136 83 82 109 150 153 104 45 29 15 9 8 55 82 58 35 20 7 5 7 8 17 44 90 113 51 99 107 95 
8 5 9 6 3 5 25 22 4 4 2 2 3 3 21 93 141 128 88 70 39 26 37 50 69 78 90 105 149 90 72 121 162 174 124 71 79 91 103 158 161 110 60 46 19 13 6 6 6 5 5 6 7 7 13 24 38 68 110 75 27 81 105 104 
6 4 20 10 4 4 15 27 7 5 5 3 3 4 6 9 35 72 93 103 82 51 71 93 103 104 95 103 121 116 137 165 149 75 22 32 64 81 86 140 173 138 112 73 38 36 18 13 11 9 10 7 15 21 38 54 56 66 44 10 6 43 83 95 
7 5 20 23 8 10 12 27 9 9 8 4 5 7 8 6 5 5 7 7 6 4 7 9 5 16 66 97 104 104 111 78 28 13 12 21 47 71 79 105 174 179 173 145 108 78 57 22 19 16 19 28 53 67 46 14 7 7 0 0 0 8 46 81 
7 4 9 26 30 39 28 16 14 13 9 7 9 12 9 6 7 8 5 5 3 3 6 9 5 3 13 23 25 19 14 7 4 8 12 17 28 49 72 79 100 134 170 184 162 138 110 62 49 54 68 83 101 88 19 2 0 0 0 0 0 6 41 70 
10 21 38 51 51 27 16 28 49 31 12 7 9 14 15 8 8 15 7 5 6 5 5 11 9 5 4 3 6 8 14 16 12 9 9 9 10 18 43 68 78 80 74 72 98 139 164 154 131 127 130 124 57 16 3 0 0 0 0 0 1 23 60 68 
34 65 80 67 45 33 27 10 11 6 2 7 16 24 23 7 3 4 3 5 8 8 5 5 5 4 4 3 4 7 14 19 21 13 7 3 3 9 19 36 60 68 54 14 14 37 63 78 84 101 89 53 26 16 9 5 0 0 0 0 2 22 53 58 


241 210 191 148 169 224 192 121 137 173 174 206 205 209 227 248 206 72 43 39 35 11 16 103 105 131 192 163 147 160 157 137 158 168 156 144 131 161 134 84 50 43 97 206 162 108 91 72 68 87 32 4 3 4 4 6 5 4 4 6 6 4 16 57 
239 245 227 215 210 216 215 197 206 233 238 243 245 240 236 183 62 23 25 32 43 37 40 100 107 132 110 85 64 68 69 60 113 136 136 163 180 183 167 111 33 7 57 139 57 50 24 29 53 90 106 52 8 4 6 6 5 4 4 5 9 20 32 31 
72 117 179 209 192 65 72 155 198 209 186 178 171 138 95 50 15 14 15 9 4 25 80 89 56 50 30 31 25 26 26 21 50 75 80 100 128 173 191 209 169 51 70 174 176 184 41 15 35 88 153 188 90 8 8 6 4 4 5 7 25 48 53 63 
44 30 40 51 44 17 8 11 24 31 24 21 25 26 51 52 32 36 70 91 79 53 78 39 22 22 14 11 11 18 18 12 13 23 51 59 105 123 134 168 205 180 133 203 206 183 55 12 20 68 123 201 218 90 12 10 8 19 52 78 92 85 100 74 
50 36 29 23 19 14 11 6 6 7 9 14 20 25 40 51 73 105 117 120 152 121 59 28 19 11 10 8 6 12 15 7 5 16 34 48 85 104 110 119 189 231 234 223 209 128 30 15 23 41 96 172 224 202 44 51 113 189 232 244 244 240 231 195 
23 34 23 23 28 39 48 43 21 9 9 16 22 38 47 107 149 192 191 173 186 104 49 28 14 7 7 6 6 8 10 5 10 73 182 211 225 233 216 168 209 245 230 199 174 111 60 51 35 40 82 163 209 224 194 226 249 247 242 224 216 233 240 248 
9 23 70 72 57 62 55 41 44 46 49 41 28 23 16 88 203 240 195 168 160 76 41 22 10 4 5 4 4 6 7 18 129 227 252 248 246 239 235 226 228 238 250 244 232 229 221 218 171 68 92 167 231 249 253 249 232 182 191 183 170 183 193 207 
5 14 52 63 57 41 26 35 50 64 78 100 107 22 8 104 204 238 118 120 145 69 29 11 10 5 4 5 4 5 6 66 220 233 207 218 205 199 164 183 189 232 247 237 195 156 141 140 144 90 133 220 248 250 225 179 172 118 149 150 88 120 106 108 
23 16 21 27 23 17 8 11 12 36 27 37 85 44 8 111 215 243 90 51 81 39 16 12 10 6 4 5 4 4 38 178 206 172 137 148 144 132 116 121 193 234 178 136 100 64 46 52 128 144 207 239 238 210 155 115 117 86 79 39 23 35 43 65 
23 8 6 9 12 6 5 4 5 8 9 18 39 69 14 95 220 241 82 15 45 29 20 10 12 9 6 4 5 14 136 201 147 112 86 76 64 45 63 116 228 157 74 44 28 14 17 114 225 211 228 225 198 145 105 76 49 30 13 7 8 14 18 23 
16 6 4 4 9 10 8 5 6 7 8 15 16 79 56 68 198 219 61 22 84 57 26 16 16 11 7 6 6 20 143 168 111 88 68 52 26 19 49 200 230 128 40 10 6 7 28 116 219 218 206 177 157 110 62 26 13 5 4 8 9 6 10 17 
16 7 5 4 5 4 5 5 5 5 6 11 12 36 87 99 197 225 145 31 86 120 61 35 22 19 12 6 6 8 92 138 84 80 56 26 10 11 102 246 233 133 32 9 5 14 48 111 165 169 155 133 115 42 18 6 4 4 6 7 5 6 11 21 
16 10 6 6 7 4 5 4 4 5 4 5 6 18 56 181 247 251 231 97 37 120 172 174 102 66 46 18 13 33 87 135 84 61 35 11 7 9 114 248 213 104 30 11 21 67 94 122 137 108 74 58 29 8 6 4 3 6 26 22 9 13 23 43 
37 22 9 5 5 4 5 6 5 6 5 5 5 6 17 96 201 237 226 125 126 211 241 243 204 146 89 47 34 29 57 112 77 32 12 6 5 6 108 246 198 84 25 18 60 94 96 111 101 89 54 32 23 12 12 18 23 29 38 43 47 53 68 91 
63 66 57 60 55 37 20 15 8 6 6 5 6 7 14 27 104 185 216 215 228 235 222 194 169 155 129 50 38 35 51 78 55 20 8 6 6 9 66 227 213 103 29 17 57 109 129 164 200 217 137 26 36 66 105 133 144 152 160 164 178 183 197 214 
119 172 214 232 226 208 180 167 133 91 55 23 31 23 32 21 46 127 221 227 208 176 161 123 96 104 109 62 31 28 23 37 39 15 7 13 22 38 71 198 235 125 37 21 60 115 172 202 207 203 178 103 141 179 184 173 170 161 159 175 202 198 163 134 
239 247 242 239 230 212 217 220 227 227 208 159 98 60 49 55 53 106 222 207 171 141 113 108 102 113 133 102 67 60 40 31 31 22 38 66 108 112 163 217 241 159 55 29 27 78 140 153 160 171 178 106 67 41 25 14 11 8 7 12 22 20 12 15 
238 220 202 176 159 156 163 169 189 201 209 205 156 105 73 57 89 191 240 217 212 220 220 217 219 223 236 239 230 206 147 85 61 97 127 153 187 196 223 236 250 224 140 84 53 51 59 81 91 112 159 120 83 72 53 31 11 6 6 4 3 4 6 8 
207 176 155 136 123 98 110 127 136 151 151 154 105 86 87 115 186 249 251 246 237 212 189 170 148 127 147 178 208 232 245 234 199 206 214 220 227 246 239 219 192 185 217 197 151 99 81 59 40 32 87 200 198 230 216 176 112 63 38 16 11 11 14 16 
176 133 84 68 64 53 49 55 57 68 80 63 58 88 170 233 249 244 222 194 157 119 82 67 51 25 37 78 118 146 186 225 244 250 245 219 164 146 96 49 37 57 121 211 229 185 148 98 76 72 96 193 101 115 215 245 228 187 155 125 82 49 41 53 
152 106 60 32 13 15 10 13 24 65 112 144 204 234 246 252 239 199 160 104 77 52 28 15 11 10 13 23 32 64 90 138 171 225 250 238 160 98 122 142 111 72 58 99 208 247 230 196 168 138 150 221 196 78 65 179 245 245 232 217 200 154 112 86 
113 70 57 33 10 16 8 53 167 230 245 248 246 223 220 248 205 131 94 43 28 18 12 8 6 6 7 13 17 22 30 53 86 139 199 235 246 243 244 250 247 231 192 151 174 227 246 245 236 202 165 160 222 202 103 63 121 197 238 249 242 204 184 167 
128 70 44 23 15 19 75 206 244 233 204 188 167 168 223 236 159 64 30 28 15 10 9 7 5 5 4 7 9 8 11 21 67 137 182 199 220 231 220 207 194 214 227 229 218 206 185 119 84 84 76 49 96 218 227 150 83 81 140 224 244 234 219 226 
191 129 92 72 65 88 215 247 206 140 94 96 69 69 213 236 149 53 19 15 9 7 6 6 5 4 5 14 20 18 39 106 190 223 227 233 239 249 245 229 166 107 80 85 113 68 35 12 21 43 49 50 64 179 226 233 182 131 137 200 244 244 243 249 
75 119 162 120 147 210 248 223 182 111 53 27 24 29 172 228 142 56 19 13 9 6 6 4 5 7 52 139 160 158 169 166 158 176 188 190 204 232 238 251 252 235 161 126 111 16 15 33 69 97 120 130 139 123 143 201 240 215 197 227 253 224 151 176 
5 24 119 185 223 233 243 204 142 80 39 15 10 13 125 186 98 41 17 11 10 7 5 11 15 27 104 171 186 174 134 106 95 147 150 165 168 177 188 225 250 253 248 219 180 26 46 137 215 203 153 134 127 120 130 171 244 251 248 251 251 188 86 83 
2 5 56 196 237 240 247 201 126 81 49 26 11 9 45 155 169 119 67 47 42 30 35 38 43 50 64 87 117 110 63 58 69 95 68 62 55 101 155 176 231 251 254 249 213 88 148 213 194 98 52 51 50 49 50 68 122 187 232 251 222 112 87 84 
6 7 23 128 234 251 247 197 143 98 48 23 18 13 7 50 189 216 161 140 125 112 109 52 49 67 76 64 58 59 45 22 17 19 19 21 27 32 50 118 205 245 254 252 227 152 101 57 26 7 5 5 5 4 6 13 56 112 187 236 242 128 74 58 
9 9 21 60 103 155 238 223 160 130 77 44 25 18 10 8 45 166 219 217 223 224 170 59 55 72 76 48 53 51 31 11 8 11 13 15 16 17 25 57 135 224 252 234 119 25 15 13 5 6 6 6 6 6 15 45 108 159 202 231 220 76 24 8 
8 7 14 27 10 32 198 239 189 143 99 81 62 49 39 32 34 59 105 173 190 190 140 80 57 58 74 43 60 69 62 33 14 13 14 14 18 21 38 107 152 217 241 184 131 24 24 18 19 35 45 45 41 44 53 115 170 200 225 239 163 13 7 8 
18 5 5 18 23 15 118 241 236 201 159 118 111 96 77 78 105 143 175 172 159 141 93 54 28 39 39 43 78 61 83 95 47 22 18 21 28 34 103 159 124 161 206 164 90 34 34 52 88 114 133 129 145 155 164 192 225 241 248 239 103 11 15 21 
123 19 9 49 61 15 20 123 232 246 229 197 192 189 145 166 228 245 231 194 162 126 55 17 14 23 34 74 122 78 126 157 113 62 53 51 47 57 139 106 115 155 74 22 7 30 58 113 170 191 207 209 233 240 245 248 248 248 245 228 194 131 51 23 
127 69 120 204 220 100 25 30 95 209 249 247 245 243 231 244 253 246 202 153 118 87 25 8 7 11 43 100 163 197 208 205 177 146 165 153 144 151 216 189 151 58 8 4 5 9 21 46 103 169 218 239 248 251 241 239 231 215 230 183 153 209 180 68 
119 192 244 242 211 153 48 29 27 55 130 200 233 250 253 253 242 204 136 99 58 16 7 6 8 12 50 136 185 235 249 241 239 231 230 233 243 246 243 172 75 13 6 5 6 8 11 17 54 127 181 211 232 241 151 162 187 211 241 128 77 141 194 168 
118 207 227 208 187 166 75 33 27 23 21 47 149 243 250 236 190 145 106 53 11 5 5 5 8 17 57 114 178 226 251 224 227 229 230 237 243 248 241 177 110 34 17 9 7 29 58 92 125 181 209 232 250 212 115 188 209 235 232 151 161 201 213 214 
87 151 182 165 136 133 113 57 36 29 28 136 239 252 246 227 185 116 42 9 5 5 4 4 5 11 69 90 177 236 251 204 146 183 188 194 224 244 232 210 173 122 77 55 64 131 189 216 210 206 223 242 230 112 105 188 217 233 229 216 204 191 190 185 
201 169 164 138 113 108 123 87 47 34 70 229 254 251 233 215 173 65 13 8 5 4 3 4 10 29 72 134 203 240 253 223 134 141 146 146 196 226 204 214 222 202 173 173 200 213 245 252 248 248 249 220 203 173 175 214 218 202 162 172 173 147 116 142 
200 217 201 173 119 102 108 42 21 25 97 246 253 246 238 208 108 52 21 11 7 5 5 6 27 65 117 192 226 251 253 172 124 170 150 137 146 145 93 108 160 220 245 246 247 251 253 254 235 219 192 144 163 202 196 202 187 151 118 113 100 80 75 91 
132 192 206 220 183 95 55 8 5 22 84 237 253 249 241 197 123 90 34 15 15 13 7 11 27 75 182 187 237 246 242 112 87 167 147 127 125 61 22 69 105 108 146 193 218 219 230 230 131 89 79 78 128 165 160 155 143 84 61 47 47 28 22 27 
116 147 161 181 196 84 14 5 4 19 60 198 253 250 248 232 164 132 70 43 48 29 18 32 79 166 226 231 239 246 229 141 120 149 144 122 71 14 15 28 69 115 117 92 75 52 103 181 64 37 36 43 92 138 169 193 192 149 56 19 11 7 5 4 
113 101 102 128 109 42 18 11 13 60 129 173 247 253 252 241 224 202 152 144 135 65 74 109 170 217 228 251 253 244 196 213 224 178 128 76 12 4 4 7 11 29 64 101 109 86 94 179 53 41 70 129 172 194 200 208 212 173 35 5 4 4 4 4 
53 45 49 65 42 36 41 44 87 150 194 213 225 244 254 253 245 238 220 221 199 171 183 205 220 226 244 250 224 148 118 151 191 221 193 136 62 12 4 7 10 16 18 28 89 83 82 180 53 84 133 141 136 146 147 166 170 53 5 4 3 3 4 4 
39 34 49 56 38 41 66 92 145 168 184 186 165 176 227 240 250 253 249 245 236 240 232 239 250 248 220 134 62 32 38 56 107 164 180 201 212 123 14 6 13 15 9 13 28 16 49 160 51 81 102 99 77 83 101 160 105 6 4 5 4 5 5 5 
40 44 46 49 47 57 62 66 124 186 222 234 228 202 197 193 212 221 246 247 246 253 251 252 249 192 61 11 7 7 10 27 39 77 99 169 228 237 126 12 65 57 7 6 8 14 83 168 65 45 58 56 43 34 44 140 95 20 17 16 14 10 8 7 
121 69 42 33 45 49 30 34 93 145 156 184 213 219 215 204 138 102 140 160 182 219 200 186 189 144 95 70 50 29 9 12 12 33 66 142 205 240 227 55 98 145 63 44 53 71 161 215 155 106 85 63 27 15 8 84 126 107 95 73 54 43 34 39 
196 148 72 41 40 32 31 42 50 43 45 57 71 84 148 209 210 192 162 133 110 79 53 40 51 99 160 180 188 179 83 25 11 32 40 88 159 220 232 154 85 126 134 129 134 147 174 194 219 225 227 207 152 110 48 52 141 132 125 121 129 121 113 115 
207 177 122 64 41 62 62 54 41 24 12 8 29 132 214 211 135 82 39 20 16 12 13 13 15 23 40 58 77 147 180 168 117 57 32 50 115 170 192 179 99 82 82 99 73 85 85 95 122 154 185 207 244 233 168 91 146 122 138 136 163 195 213 225 
121 187 145 68 36 154 188 166 140 113 51 46 178 243 197 87 29 16 10 10 11 12 14 12 11 11 20 27 18 52 92 149 193 174 50 52 72 94 114 89 58 49 47 52 33 32 30 45 40 48 85 136 184 231 226 123 160 121 105 118 140 183 212 202 
74 177 144 77 31 109 231 213 187 190 170 186 245 205 104 28 14 10 8 8 9 11 13 14 11 11 9 12 12 37 46 78 192 227 99 64 72 89 88 72 41 20 16 15 15 15 14 14 16 24 45 90 135 189 224 216 217 182 71 49 57 76 70 45 
186 181 155 81 28 37 168 239 226 220 218 247 214 100 42 18 12 9 8 11 11 10 10 9 8 9 7 7 10 18 28 55 164 227 193 82 68 56 33 24 9 8 8 7 7 8 7 8 10 15 24 59 123 161 203 223 247 219 90 48 44 47 44 38 
231 187 138 52 26 22 44 130 192 222 240 245 191 81 26 14 12 10 10 9 10 8 8 6 5 6 6 6 6 13 20 40 88 125 138 77 42 38 22 9 5 7 6 6 5 6 5 7 8 11 20 56 82 103 182 232 246 239 173 108 80 43 30 26 
238 202 147 73 22 20 20 17 31 67 189 245 181 69 35 18 11 8 9 9 7 5 5 5 5 5 5 5 5 11 26 40 56 62 61 41 36 46 42 29 13 12 7 6 6 6 6 7 8 10 14 30 72 156 212 249 231 158 184 189 187 132 41 23 
248 214 150 78 40 25 23 31 27 74 214 223 159 97 46 23 15 10 9 9 6 4 5 5 5 5 5 6 9 41 62 67 60 61 46 41 43 44 67 88 71 73 52 19 12 9 8 9 10 12 20 34 65 172 225 233 152 125 62 60 184 206 135 58 
252 238 180 128 122 57 40 75 85 110 224 239 167 78 29 16 10 9 8 9 8 7 5 5 4 5 8 11 42 73 79 79 67 90 93 47 72 56 98 115 152 155 143 83 40 36 26 21 21 27 34 53 76 137 213 192 99 123 106 19 31 62 66 66 
229 247 213 178 165 94 135 191 148 147 212 249 204 93 49 27 16 19 20 20 18 16 15 16 14 8 15 28 83 118 116 113 117 133 147 64 37 94 173 179 213 219 220 192 121 69 56 55 63 56 66 116 141 168 232 158 100 141 157 48 19 47 56 64 
178 217 246 239 217 152 177 147 99 172 193 231 244 202 175 114 60 38 22 17 15 19 26 25 23 19 11 37 72 137 139 153 152 162 191 139 23 99 226 222 242 251 248 242 228 191 148 136 153 149 161 179 209 215 161 67 95 153 191 88 22 48 57 56 
165 144 161 172 195 194 170 90 38 128 158 141 177 240 233 152 95 47 31 29 27 25 24 27 37 47 49 71 90 142 156 171 180 199 219 197 33 39 183 228 227 223 211 215 197 169 145 215 238 233 227 203 155 78 23 26 71 163 222 196 44 45 48 31 
48 38 20 21 53 85 72 45 26 18 17 18 26 102 194 205 136 98 70 63 41 49 64 69 103 131 122 145 161 145 147 215 229 243 246 174 31 17 121 240 246 220 170 133 81 29 16 96 126 99 67 39 15 12 27 60 89 157 200 189 37 42 47 31 
63 20 18 23 14 10 48 44 19 10 7 5 4 4 35 138 217 230 208 197 145 113 131 140 179 187 209 217 242 192 193 236 248 241 170 52 12 17 69 208 250 234 199 183 138 95 43 33 26 26 20 55 44 38 81 114 147 180 201 125 17 32 46 42 
24 7 34 33 16 7 24 44 25 9 7 4 4 5 9 18 62 105 131 156 157 120 138 153 149 152 185 206 220 222 239 247 210 103 21 15 11 9 14 148 252 249 239 215 179 185 110 113 71 55 44 78 85 83 129 142 138 133 78 18 3 15 28 30 
9 7 32 48 23 19 20 41 25 11 9 5 8 11 14 18 16 15 17 10 10 8 20 18 8 32 131 182 189 179 171 117 45 20 5 9 16 10 8 78 226 252 253 246 237 225 186 149 137 99 120 133 157 160 103 24 12 12 1 0 0 3 12 22 
7 7 14 39 48 54 45 37 26 24 16 11 14 19 22 28 27 18 13 9 5 4 22 25 9 6 23 46 42 27 14 5 5 4 3 4 11 15 9 11 63 135 204 245 252 247 232 205 188 193 204 205 197 153 31 2 0 0 0 0 0 4 18 27 
9 20 40 62 73 42 27 36 57 42 20 23 21 31 39 27 29 38 18 10 11 10 14 35 29 15 17 27 24 17 7 5 4 2 2 3 4 7 9 8 8 14 37 93 158 222 244 244 236 232 227 198 86 21 3 0 0 0 0 0 1 13 31 29 
34 60 76 69 50 34 26 10 11 7 4 12 26 32 25 15 12 8 7 12 18 19 13 13 11 10 11 19 21 26 15 5 6 5 3 3 2 3 5 9 11 11 9 17 39 68 89 99 94 86 69 41 14 8 7 4 0 0 0 0 2 12 36 42 