


217 219 220 221 222 222 224 225 223 221 218 216 216 215 212 209 206 204 202 199 193 187 183 182 187 191 195 195 186 169 83 66 53 36 36 29 29 40 22 40 34 24 32 65 101 53 21 9 9 47 70 76 155 97 50 36 50 45 43 35 34 31 28 47 
220 222 222 223 223 224 226 227 226 224 220 218 218 216 213 211 208 205 203 199 193 187 183 181 185 190 192 192 185 170 95 71 69 43 26 22 27 48 20 30 62 58 85 98 61 35 28 22 22 68 74 91 154 109 33 24 32 32 42 45 42 45 43 38 
223 224 225 226 226 226 228 227 226 224 221 219 219 218 215 213 211 207 204 200 193 187 183 181 184 189 191 191 185 174 159 126 101 30 19 18 20 39 27 31 101 97 101 93 33 15 15 20 38 92 84 104 136 61 40 81 94 79 88 56 45 31 28 24 
226 226 228 229 231 230 229 228 227 225 224 220 220 219 217 213 213 210 206 201 195 188 184 182 184 186 189 190 185 175 166 147 138 58 29 26 68 133 70 30 109 103 100 104 78 34 20 21 52 106 76 89 86 56 87 98 71 64 74 56 46 35 38 24 
229 229 230 233 234 235 233 231 229 227 225 223 220 221 220 216 213 211 207 202 196 189 185 184 185 185 188 189 186 176 166 148 151 108 53 44 71 150 65 35 104 124 101 109 110 68 34 31 46 67 51 48 43 57 101 91 83 93 87 65 46 37 49 34 
233 233 234 236 237 237 236 234 231 229 227 224 221 221 222 219 215 211 207 202 196 190 185 185 186 186 188 188 187 179 168 150 151 142 92 83 80 143 96 33 71 116 131 117 106 78 50 39 35 38 36 21 50 79 64 46 58 88 110 80 43 38 37 35 
237 237 238 238 240 240 238 237 233 230 228 224 221 221 222 221 216 213 208 203 197 192 187 185 186 185 187 188 188 182 170 153 150 155 156 157 155 169 133 48 59 111 170 161 94 70 47 46 54 66 32 19 39 51 57 57 68 74 71 56 45 38 33 36 
240 240 240 241 242 243 241 239 236 232 228 225 221 220 222 222 217 213 209 204 199 194 189 185 185 184 186 185 186 182 173 157 150 159 165 162 157 165 159 85 37 99 172 170 90 60 49 34 38 42 26 18 28 45 56 45 42 41 65 127 107 58 51 41 
243 242 242 242 245 245 244 240 236 233 228 225 222 219 222 222 220 216 211 206 201 196 191 186 185 186 186 184 186 184 177 161 152 162 170 164 156 157 160 79 42 98 155 173 141 61 33 30 33 28 19 18 24 26 29 28 27 20 35 137 127 61 75 57 
247 245 244 245 246 246 246 242 238 234 228 225 224 220 220 223 222 218 213 207 202 197 192 187 186 186 187 184 185 183 177 165 155 167 172 166 157 150 147 65 43 91 140 159 149 65 41 44 32 34 24 21 24 24 26 27 27 23 28 122 98 33 33 50 
249 248 246 247 247 246 246 244 239 235 230 226 224 221 221 223 222 219 214 209 204 199 195 190 186 184 186 185 184 181 179 169 160 172 173 169 159 148 160 122 47 62 102 107 142 121 107 100 54 53 57 56 57 29 25 27 28 25 19 109 122 53 52 50 
249 248 248 248 247 247 245 244 241 236 231 227 223 220 219 221 222 220 216 211 206 200 197 193 186 185 185 185 185 182 181 174 165 175 174 170 161 148 161 159 68 80 127 96 87 75 122 109 65 96 71 76 107 97 42 28 32 47 71 136 153 83 77 51 
249 248 248 248 248 246 243 243 242 238 233 229 225 221 219 220 220 220 217 214 209 203 198 194 188 186 185 185 185 183 182 178 167 178 175 172 163 150 157 168 75 90 130 97 103 85 97 87 105 105 62 77 127 129 63 39 68 92 105 150 134 79 82 82 
250 248 248 248 248 246 243 242 240 237 235 232 227 222 219 217 217 220 218 215 211 205 201 197 190 186 186 187 186 182 181 179 168 180 177 173 165 153 155 170 86 82 96 84 85 74 72 104 113 101 60 74 128 127 88 59 67 101 123 124 69 54 86 104 
250 249 249 250 249 247 244 242 240 238 236 233 228 224 221 218 216 219 219 216 213 207 203 200 192 185 186 190 187 183 182 180 168 181 179 174 168 158 155 163 79 81 108 95 71 52 89 108 102 93 49 58 120 121 102 58 77 102 118 85 45 42 83 104 
251 250 249 251 251 250 248 245 241 238 236 235 230 225 223 220 216 217 219 217 214 209 206 202 194 186 190 193 188 185 184 181 171 181 181 175 170 163 159 165 102 69 108 98 69 56 89 94 89 69 37 51 82 94 64 43 72 90 113 92 85 68 84 132 
252 251 250 251 252 251 249 246 242 239 237 236 231 227 225 223 218 216 218 218 216 212 207 203 195 189 195 196 192 189 187 184 174 181 184 177 168 165 162 165 103 81 136 105 83 83 98 107 107 111 88 100 85 121 140 111 88 85 100 72 62 68 79 133 
253 251 249 250 251 251 251 249 244 241 238 237 233 228 226 224 221 217 217 218 217 213 209 203 196 193 199 199 195 193 192 188 177 180 183 177 169 164 159 158 93 96 130 136 101 88 93 71 97 126 64 50 87 112 149 128 78 55 66 53 55 59 57 86 
254 252 249 249 251 251 251 250 246 241 239 238 234 230 228 224 222 218 216 217 218 215 210 204 197 195 202 203 200 198 196 194 183 180 183 176 168 161 153 166 122 104 122 143 114 73 83 70 70 79 36 44 86 94 131 140 106 85 99 110 119 86 79 126 
254 252 251 250 250 251 251 251 247 241 239 238 234 232 231 226 222 218 215 215 218 216 211 206 199 196 204 210 208 205 201 198 189 184 187 176 168 158 149 166 133 108 167 187 129 69 67 63 88 120 39 54 76 63 66 110 99 87 114 127 131 94 77 144 
254 252 251 249 250 251 251 251 247 242 239 238 236 234 233 229 223 218 214 216 219 217 213 208 200 197 211 218 217 215 205 200 195 188 187 178 166 154 149 165 153 105 121 152 118 99 84 110 96 133 41 64 74 61 70 89 86 86 111 130 130 82 54 135 
255 253 252 250 249 250 250 250 247 242 239 238 237 236 235 232 226 218 215 217 219 219 214 209 201 200 214 220 218 214 207 201 197 189 187 178 165 153 149 161 157 113 119 143 99 81 119 144 95 140 41 56 66 75 79 103 108 98 115 124 121 81 51 126 
255 253 252 251 250 250 250 251 250 245 241 238 238 239 236 232 228 220 217 218 219 220 216 210 203 204 216 220 216 211 208 203 197 184 189 177 165 152 148 162 160 119 129 149 106 95 133 129 99 140 40 59 75 87 77 95 97 82 106 120 121 98 65 106 
255 253 253 252 251 251 250 249 249 248 243 239 241 240 239 234 228 222 219 219 220 221 218 211 207 207 216 223 217 212 208 203 198 178 191 181 167 154 148 164 168 123 115 156 123 109 110 75 91 137 39 40 67 82 69 95 96 83 114 132 132 113 82 67 
255 254 254 252 251 251 250 250 249 249 246 240 241 243 240 235 228 224 222 221 220 221 218 212 210 212 217 224 219 212 207 202 196 176 189 184 169 154 147 164 172 124 96 132 114 108 144 67 70 87 39 62 74 97 83 108 91 87 111 130 128 113 79 79 
254 254 253 252 251 251 251 250 248 249 247 241 240 243 240 236 229 226 224 222 222 223 220 215 212 215 220 223 220 213 207 202 194 176 185 182 168 155 145 162 178 131 98 151 119 77 105 76 85 105 37 59 59 72 65 61 50 85 100 129 136 125 67 81 
255 255 253 251 251 250 250 250 250 250 248 243 240 242 238 234 229 226 224 224 224 224 222 216 214 217 220 223 220 214 207 201 193 177 183 183 166 152 145 160 180 140 97 148 133 78 62 48 51 85 52 53 37 51 92 109 125 106 103 128 137 130 70 68 
255 254 253 251 250 250 251 250 249 250 248 243 240 241 236 232 229 227 225 224 225 226 226 217 214 218 225 224 221 214 204 199 191 176 180 182 164 151 147 159 179 141 119 150 147 92 74 47 45 58 35 35 34 48 77 85 114 70 73 86 99 86 56 57 
255 254 252 252 250 251 250 251 251 249 247 243 243 242 235 231 230 228 227 226 228 229 227 219 215 218 228 226 221 215 205 197 188 175 175 180 162 152 147 156 175 139 127 164 138 103 85 58 51 54 32 41 40 38 39 38 78 69 70 89 111 99 62 43 
255 253 252 251 250 250 251 250 251 250 248 246 245 242 235 230 231 230 228 228 231 232 227 221 217 219 228 225 221 216 208 198 187 173 170 170 158 153 148 153 171 143 141 183 130 97 94 74 61 58 29 47 37 34 33 57 90 52 51 84 137 134 74 40 
255 254 252 251 250 251 251 251 251 251 249 249 245 243 236 230 230 230 231 229 233 238 229 222 221 223 227 225 220 216 209 200 188 172 167 167 157 153 148 151 172 154 132 162 116 95 82 58 49 49 23 42 45 50 60 84 138 76 79 117 149 138 85 50 
255 254 253 251 251 251 251 251 251 251 251 249 245 244 237 231 228 230 234 231 232 237 229 223 221 221 226 226 221 216 210 201 188 172 166 166 156 153 148 149 171 170 135 144 124 93 73 70 59 46 26 60 57 66 54 69 120 90 94 123 132 137 97 61 
255 254 253 251 251 251 251 251 250 250 252 251 247 244 238 233 229 229 233 232 232 235 229 223 222 223 227 224 220 215 209 201 188 172 166 170 157 155 147 148 171 173 131 137 126 92 72 65 35 42 40 112 70 68 71 101 146 116 97 103 121 118 89 54 
255 254 254 252 251 251 251 251 249 248 251 251 249 244 239 234 232 229 233 236 237 236 230 224 224 228 229 225 218 214 209 202 192 174 163 169 159 157 146 147 165 148 116 145 128 97 79 71 34 44 36 63 100 75 69 110 150 140 100 94 120 125 89 47 
255 255 254 253 251 251 251 251 249 249 250 251 248 244 239 236 234 230 234 239 240 239 229 225 226 229 228 224 218 213 209 203 193 176 162 166 164 160 146 141 132 83 94 135 156 122 100 83 53 45 23 40 99 74 62 87 133 137 77 72 96 105 75 46 
255 255 254 254 252 250 249 250 249 248 249 250 248 244 240 237 233 230 234 234 235 236 228 224 224 226 225 222 216 212 208 204 194 177 162 167 165 159 144 119 76 76 88 142 151 135 88 70 45 41 48 132 115 72 51 72 120 100 49 57 76 81 89 64 
255 255 254 254 252 250 249 249 248 247 248 249 248 243 240 237 232 231 234 234 233 233 229 225 222 225 224 222 216 211 207 203 195 178 161 167 163 156 136 76 59 94 126 166 145 125 91 87 34 27 49 117 61 68 58 77 116 144 110 115 139 134 116 56 
255 255 254 254 252 250 249 249 249 247 247 247 247 242 239 238 234 234 233 236 235 233 229 225 222 225 224 221 214 210 206 203 196 181 161 164 161 154 133 92 114 158 189 163 123 108 80 92 43 28 31 74 52 81 66 74 88 97 95 106 130 141 126 55 
255 255 254 254 253 251 250 249 248 246 245 244 245 241 239 238 238 236 233 233 234 232 229 223 220 223 221 216 211 208 204 202 194 181 162 160 158 151 144 129 120 140 150 126 115 82 75 88 67 41 33 56 62 93 64 56 53 49 77 98 112 131 125 56 
255 254 254 254 253 252 251 250 249 246 243 240 240 239 238 238 238 236 232 231 231 230 228 223 218 220 219 212 204 203 202 199 192 180 163 155 154 147 141 121 136 150 133 138 115 83 81 98 104 60 38 56 59 85 59 60 104 134 99 101 121 131 129 50 
255 255 254 253 251 251 252 250 248 245 242 238 236 236 237 238 238 236 232 232 232 232 228 222 218 219 218 212 201 196 196 194 188 178 164 151 149 142 136 112 155 184 118 105 145 99 83 93 90 41 50 59 50 74 57 53 91 120 93 85 96 110 126 55 
255 255 254 252 251 250 250 249 247 243 240 237 235 234 236 238 238 237 233 232 231 231 229 223 219 219 218 212 201 193 188 186 181 174 162 147 144 127 98 132 167 160 105 76 103 62 51 66 50 27 58 56 61 76 55 49 75 89 59 43 34 45 74 47 
255 255 254 252 251 250 250 249 246 243 240 238 236 234 235 237 238 240 234 232 230 229 229 224 219 217 215 209 200 189 183 179 173 167 158 142 138 81 55 80 146 147 117 97 48 32 42 58 32 29 56 73 90 79 51 46 60 58 44 35 23 36 66 47 
254 255 254 252 252 251 251 250 247 245 241 238 236 234 237 239 239 242 238 232 229 228 227 223 219 216 212 205 197 188 181 175 168 162 155 140 131 64 53 88 99 96 112 118 66 43 36 55 39 24 50 139 138 91 59 52 60 41 23 28 24 27 41 53 
255 255 254 253 252 252 252 250 248 246 243 239 237 233 234 239 240 241 239 233 229 228 226 223 220 215 209 202 193 187 183 176 166 156 148 138 136 103 111 125 141 137 141 142 126 92 68 62 41 22 51 114 85 97 64 64 78 51 37 31 28 29 50 71 
255 255 254 254 253 252 251 249 249 247 244 240 237 234 235 238 239 239 237 232 229 227 226 222 219 213 207 200 191 188 186 178 166 152 146 138 121 78 79 89 115 129 154 169 163 124 69 60 42 21 48 68 59 74 59 60 72 60 46 45 40 53 93 92 
255 254 254 253 252 251 250 249 248 246 243 239 238 236 237 237 237 236 237 234 230 228 224 222 217 212 206 198 190 189 188 179 167 152 148 140 110 77 79 92 144 157 179 181 164 112 109 84 50 27 43 47 67 80 53 49 47 56 40 45 48 56 64 71 
254 253 253 253 253 250 249 249 247 246 242 238 236 237 237 237 237 236 237 237 234 229 223 219 215 210 204 200 192 192 189 180 169 153 150 143 131 141 171 126 149 146 147 113 109 108 135 130 55 34 51 94 106 82 50 57 79 74 61 56 61 68 71 94 
254 253 252 252 251 249 248 248 246 246 242 237 236 238 239 240 238 235 234 236 236 231 223 219 215 209 205 202 198 196 191 180 170 156 150 146 141 151 164 163 153 151 130 94 97 121 124 150 84 34 49 99 108 75 54 52 52 50 40 42 55 76 98 111 
254 253 251 250 250 248 248 247 246 246 243 239 237 238 239 244 245 239 233 235 236 231 224 220 216 213 209 206 203 199 193 182 171 159 155 151 153 162 152 166 132 113 97 90 98 100 100 154 93 40 57 82 99 80 59 59 60 46 48 40 59 54 73 97 
253 252 251 249 249 247 246 245 245 245 243 239 237 238 238 246 248 241 238 239 236 229 224 221 220 219 215 210 205 200 194 184 171 162 159 151 156 167 168 171 180 165 127 91 111 89 80 128 79 34 52 65 102 82 64 51 57 67 69 64 95 105 124 128 
252 251 251 251 249 247 246 242 242 241 240 237 235 235 236 242 244 241 237 235 230 225 222 221 223 222 218 215 208 201 194 185 172 166 163 153 152 164 164 174 184 139 108 89 91 94 74 74 45 30 50 62 96 70 65 57 67 82 82 77 85 81 111 134 
250 248 250 249 247 247 245 242 239 238 238 235 233 233 231 236 239 238 234 229 226 224 220 219 223 221 219 217 209 203 195 185 174 170 171 152 111 117 118 119 120 101 79 91 85 83 92 60 24 30 52 54 77 71 61 49 53 72 79 49 31 28 49 74 
247 246 247 247 245 245 243 241 238 235 235 233 232 231 230 231 235 235 232 225 224 225 217 213 217 219 218 214 208 203 196 188 180 177 177 153 76 69 77 75 84 93 85 92 88 82 87 40 21 24 45 51 72 70 63 47 58 89 92 51 25 17 27 35 
246 247 246 244 242 241 240 238 236 234 232 230 230 231 229 228 230 232 230 224 222 221 214 211 213 216 214 210 206 202 197 192 187 185 184 172 98 102 104 91 104 104 98 87 89 79 85 49 32 25 43 52 68 57 74 60 57 83 74 57 48 33 32 42 
245 245 242 240 240 239 238 236 234 233 230 230 231 231 231 229 227 228 227 222 218 215 212 208 208 209 208 206 203 201 198 194 192 191 189 186 152 177 169 126 120 119 102 92 87 61 69 60 40 39 59 50 70 49 73 53 37 24 40 81 78 53 36 56 
240 239 237 236 238 237 236 234 232 231 230 231 232 231 229 228 226 226 225 221 219 217 214 209 205 204 203 202 201 199 198 196 192 193 193 201 176 175 160 141 130 120 106 143 104 62 104 64 38 40 36 41 70 48 63 54 66 89 125 110 103 101 109 108 
235 234 234 234 235 233 233 231 229 230 232 232 232 232 229 226 226 225 224 222 224 222 217 213 207 203 201 198 198 199 199 195 194 200 199 171 151 153 147 132 111 90 71 124 110 73 131 72 28 44 44 40 64 57 59 50 56 98 130 109 100 115 123 128 
231 230 230 232 232 231 230 228 228 230 232 233 233 232 230 227 225 223 222 224 227 223 217 211 207 204 200 196 194 198 198 198 203 206 209 156 134 130 104 121 113 114 80 90 88 68 119 71 35 48 49 37 67 60 47 50 57 70 76 83 75 76 74 79 
228 227 227 227 229 228 227 226 226 229 231 232 232 234 233 230 227 222 219 219 221 220 216 211 206 203 201 199 199 202 199 200 211 211 218 158 130 129 119 129 114 133 122 128 95 54 78 59 22 51 58 47 57 52 46 48 53 57 49 59 63 54 49 59 
226 225 224 225 225 224 223 224 225 227 228 230 233 234 233 231 227 220 219 221 223 221 216 212 208 204 203 203 207 206 202 212 221 222 224 146 134 134 125 109 104 144 158 151 113 65 72 58 25 53 55 55 54 45 31 26 35 60 64 70 73 73 81 88 
222 222 221 222 221 220 219 221 223 224 226 231 234 230 228 228 224 219 219 221 221 221 218 213 210 208 208 209 211 209 210 222 229 227 229 159 117 103 86 96 99 141 156 151 119 73 74 55 37 58 55 54 58 47 33 31 37 46 63 70 77 104 120 117 
218 218 219 219 217 216 216 216 216 217 219 225 226 223 225 224 220 218 219 219 219 220 216 212 210 210 213 214 212 214 226 225 226 232 230 155 100 98 123 114 103 145 159 124 95 91 87 51 70 87 91 62 46 40 31 33 42 47 37 48 68 90 106 107 
214 216 217 215 214 213 213 212 212 213 215 219 222 222 223 222 218 216 217 217 218 216 213 211 211 212 218 218 212 222 241 248 240 240 227 113 100 115 146 119 90 161 186 120 98 96 89 53 84 99 92 52 42 48 42 43 38 36 25 39 78 99 105 108 


218 221 222 223 224 224 225 226 225 223 219 217 218 216 213 209 207 205 203 199 193 188 184 184 189 193 197 197 189 174 91 72 60 43 43 35 34 43 28 45 38 29 31 58 98 55 28 15 12 39 61 68 129 78 46 39 54 48 42 33 31 30 24 36 
221 224 226 226 227 228 229 229 227 225 222 220 219 217 215 212 209 207 204 200 195 189 187 185 189 194 196 195 189 176 101 75 76 48 33 27 34 52 24 36 64 56 70 78 62 37 30 29 27 58 67 80 126 86 34 26 29 26 38 39 36 38 36 32 
224 227 229 230 230 230 231 231 229 227 225 222 221 219 216 215 212 209 205 201 196 191 188 186 188 192 194 194 189 179 164 131 109 37 26 24 27 42 32 36 94 85 90 85 40 19 19 29 38 82 76 90 109 55 43 75 79 68 69 48 40 29 28 26 
227 230 232 234 235 234 233 232 231 229 227 224 221 221 219 216 214 211 207 202 196 191 188 186 188 190 193 194 189 180 172 154 147 67 36 34 73 133 77 38 96 90 93 97 77 39 29 30 49 98 68 73 74 56 78 85 67 59 60 49 40 31 34 26 
232 233 235 237 238 239 237 235 233 231 228 225 222 223 221 218 215 212 208 203 197 191 188 187 189 188 191 193 190 181 171 154 158 117 60 50 77 153 74 41 97 110 92 100 100 66 41 36 43 62 45 41 41 52 82 80 79 84 71 53 40 33 42 32 
236 237 238 240 241 241 240 238 235 232 229 226 222 223 223 220 216 213 209 204 198 192 188 188 189 188 190 191 191 183 173 156 158 149 99 88 84 143 101 39 72 102 111 101 95 71 51 40 35 36 31 20 47 67 59 48 55 81 89 60 36 31 33 30 
239 240 241 243 244 244 241 239 236 233 229 226 222 221 224 222 217 213 209 205 199 193 188 187 188 186 188 189 190 184 175 159 157 162 162 161 159 170 136 55 64 99 134 127 85 60 45 43 49 57 29 19 37 45 51 55 64 65 58 42 33 29 31 33 
242 243 244 245 246 246 244 240 237 233 229 226 222 221 224 222 219 215 210 205 200 195 190 187 187 185 187 187 188 185 177 162 157 165 170 167 163 168 162 93 46 92 137 133 80 56 44 33 36 38 25 19 26 37 47 51 53 43 61 114 76 34 41 36 
245 246 246 246 246 247 245 242 238 235 230 227 224 220 222 223 220 216 211 205 201 196 192 188 187 187 187 186 188 185 179 166 158 168 173 168 162 162 162 85 49 99 139 136 113 54 34 30 32 27 19 19 24 28 44 48 45 29 39 132 97 37 52 43 
247 248 248 247 247 247 247 244 240 235 230 227 224 220 220 223 221 218 212 207 202 198 194 189 188 187 188 187 187 185 181 169 160 171 174 170 163 157 150 71 49 96 130 130 119 59 41 42 34 35 25 20 26 28 45 48 47 35 32 119 89 32 29 38 
249 251 250 249 248 248 248 246 241 236 231 227 224 221 221 223 221 219 214 209 204 199 196 192 187 187 188 187 186 185 182 172 163 175 175 172 164 155 163 126 56 69 99 100 123 110 97 88 54 45 39 41 45 31 42 48 48 38 23 106 106 44 44 44 
251 252 251 250 249 248 246 245 241 236 232 228 224 220 219 221 221 219 215 210 206 200 197 193 188 187 187 186 187 184 183 177 167 177 176 172 165 155 165 160 76 83 124 93 86 75 106 94 53 55 42 46 64 57 47 48 53 58 68 131 137 54 53 47 
251 252 252 251 250 247 245 244 241 237 234 230 225 221 219 219 220 220 216 213 209 203 199 195 188 188 187 187 187 185 184 180 169 180 177 174 167 156 161 168 81 88 126 92 95 72 86 65 59 56 37 45 67 68 53 49 73 90 101 144 116 45 53 68 
252 252 252 252 251 247 245 242 240 237 235 232 227 222 219 217 217 219 218 214 210 205 201 197 190 187 187 189 188 185 183 181 169 182 179 177 169 159 159 170 91 76 89 78 79 65 59 62 61 56 37 42 67 68 58 47 60 89 107 107 57 32 54 84 
252 252 252 252 251 249 246 242 240 238 235 233 228 224 221 218 216 219 218 215 212 207 203 199 192 186 188 192 189 186 184 182 170 182 181 176 171 163 160 164 84 72 96 90 70 51 69 63 58 58 35 34 63 64 58 41 64 89 98 72 41 31 59 87 
252 253 253 253 253 251 248 244 241 238 236 235 229 225 223 220 217 217 218 216 213 209 205 201 194 187 192 195 191 187 186 183 173 182 182 177 172 167 163 166 88 65 102 91 68 51 72 67 58 54 39 46 58 53 39 33 60 76 91 79 71 45 67 110 
253 253 253 253 253 252 249 246 242 239 237 236 230 226 224 222 218 216 217 217 215 211 206 202 195 191 197 197 193 191 189 186 176 181 184 177 171 168 165 155 79 79 129 103 78 66 78 93 96 100 76 84 73 63 72 71 67 75 86 64 53 43 61 109 
253 253 252 252 253 252 251 248 244 240 238 236 232 227 225 223 220 216 216 217 216 212 208 203 196 193 199 199 196 194 193 190 178 180 184 179 171 167 163 144 75 92 128 129 91 67 79 76 94 112 59 56 82 64 77 77 56 51 59 49 48 40 45 74 
254 253 253 252 253 253 252 250 245 240 238 237 233 229 227 223 221 217 214 216 216 213 209 204 197 195 201 203 200 198 196 194 184 181 184 178 171 165 158 149 83 96 107 121 100 66 74 75 78 71 41 56 80 59 73 82 71 76 87 93 92 56 53 97 
254 254 252 252 251 252 252 250 245 240 238 237 233 231 230 225 221 217 214 215 217 215 210 205 198 195 204 209 207 204 200 197 189 184 187 179 171 162 156 157 95 100 150 164 119 74 72 74 74 70 36 59 67 46 43 65 64 77 100 110 102 63 49 106 
254 254 253 252 251 251 251 250 246 241 238 237 235 233 232 228 222 217 214 216 218 216 212 207 199 197 210 217 216 214 204 199 195 188 187 180 170 161 157 166 145 108 116 139 109 96 79 75 53 67 33 65 61 48 46 55 56 73 97 111 103 65 38 101 
253 253 253 252 251 250 250 250 246 241 238 237 236 235 234 231 225 218 215 216 219 218 213 208 200 200 213 219 217 213 206 200 197 189 188 180 169 158 154 164 158 119 100 131 97 79 85 75 41 62 31 67 65 58 49 59 64 80 97 103 93 65 36 94 
253 254 254 253 252 250 249 249 248 244 240 237 238 238 235 231 227 220 216 217 218 219 215 209 202 203 215 219 215 210 207 202 197 184 189 179 168 157 153 163 161 125 106 134 103 88 85 72 50 65 28 61 67 66 50 54 57 69 87 96 95 77 44 81 
254 255 255 253 252 250 249 248 248 247 242 238 239 239 238 233 227 221 218 218 218 220 216 210 206 206 214 221 216 211 208 203 197 178 191 182 170 159 153 165 167 128 103 129 108 97 79 57 63 75 29 41 60 63 53 55 56 70 92 106 106 91 57 56 
254 254 254 253 253 251 250 249 248 248 245 239 240 242 239 234 227 223 221 220 219 220 217 211 209 211 216 222 217 211 207 202 195 177 188 184 172 159 152 166 171 130 94 103 110 93 87 58 62 64 36 68 69 73 64 63 55 70 95 109 106 90 55 57 
254 254 253 254 253 252 250 249 248 248 246 241 239 241 239 235 228 225 223 221 221 222 219 214 211 214 218 222 219 212 206 201 194 177 185 183 171 159 151 164 177 136 93 130 115 72 78 68 81 97 40 65 56 60 57 43 35 66 86 107 109 98 50 55 
255 255 253 253 252 251 250 249 249 250 247 242 238 240 237 232 228 225 223 223 223 223 221 215 213 216 219 222 219 213 206 200 193 178 185 184 168 157 151 162 178 144 102 137 124 76 59 50 60 83 49 59 41 51 78 70 75 74 85 100 105 100 54 45 
255 254 253 253 251 250 251 251 250 249 247 243 239 239 235 231 228 226 224 224 224 224 225 216 213 217 223 223 220 213 204 199 191 178 181 183 167 156 151 161 177 145 114 132 130 85 72 47 53 71 37 43 41 55 75 63 70 52 62 70 80 69 46 39 
255 254 253 252 251 251 252 252 251 248 245 242 241 240 234 230 229 227 225 225 227 228 226 218 213 217 225 224 220 214 205 197 189 177 176 181 166 157 152 159 173 144 120 147 124 92 82 59 56 64 36 51 51 46 45 38 55 54 64 76 91 78 50 35 
255 253 253 252 252 252 252 252 251 249 247 244 244 241 234 229 230 229 227 227 230 231 225 219 216 218 225 224 220 215 207 198 188 176 172 173 162 158 153 157 171 146 135 169 122 92 94 76 65 69 32 53 49 44 38 47 63 49 52 74 111 104 58 36 
255 254 253 253 252 252 252 252 250 250 248 247 244 241 233 229 229 229 229 228 232 236 227 221 220 221 226 224 219 215 208 200 189 176 169 170 162 158 153 154 171 155 128 151 110 91 80 57 51 56 26 47 51 53 60 66 84 61 72 94 117 104 66 35 
255 254 253 253 251 251 251 251 250 250 250 248 244 241 235 230 227 229 231 229 231 236 228 222 220 220 225 223 220 215 209 200 188 175 168 170 161 158 152 152 170 169 133 139 119 90 71 67 62 53 27 59 57 66 57 57 72 61 82 102 111 107 75 40 
255 254 254 253 251 251 251 251 250 249 250 250 246 242 237 232 228 228 232 231 231 235 228 222 221 222 226 223 219 214 208 201 189 175 167 171 161 158 151 153 171 172 131 125 118 89 71 67 41 48 37 93 66 68 75 88 89 71 82 89 101 92 69 40 
255 254 254 253 251 251 252 250 248 248 250 250 247 243 237 233 231 228 232 234 235 235 228 222 223 227 228 224 217 213 208 201 192 177 165 171 162 160 151 152 165 149 114 126 118 95 75 72 38 49 37 63 83 72 76 95 93 83 84 83 100 101 80 45 
255 255 254 253 251 251 251 250 248 247 249 250 247 242 238 235 233 229 233 237 238 238 227 224 225 228 227 223 217 212 208 202 193 178 165 169 166 163 150 147 136 99 102 136 148 117 97 81 60 56 26 43 78 69 70 82 86 84 66 65 81 86 70 45 
255 255 254 254 252 250 249 249 248 247 248 249 247 242 239 236 232 229 233 233 234 235 227 223 222 224 224 221 215 211 207 202 194 179 165 169 167 162 150 126 82 95 101 136 134 127 87 69 51 46 45 113 89 64 60 70 81 66 45 53 67 67 69 42 
255 255 254 254 253 250 248 248 247 246 247 248 247 242 239 236 231 230 233 233 232 232 228 224 221 224 223 221 215 210 206 202 194 180 164 169 166 160 141 82 61 94 129 158 128 115 87 88 69 62 46 103 56 62 68 77 83 87 84 99 118 109 87 40 
255 255 254 254 253 251 248 248 248 246 246 246 246 241 238 236 233 233 232 235 233 231 228 224 221 224 223 220 213 209 205 202 195 181 164 166 164 158 139 97 113 154 190 166 123 102 75 90 71 55 30 68 50 67 73 74 65 59 75 93 112 116 99 41 
255 255 254 254 253 251 249 249 247 245 244 243 244 240 238 237 237 235 232 232 233 231 228 222 219 221 220 215 210 207 204 201 193 182 165 161 161 155 149 130 106 141 159 143 127 80 69 86 68 41 32 51 52 71 70 58 45 35 66 87 97 109 101 43 
255 254 254 254 253 253 251 250 248 245 242 239 239 238 237 237 237 235 231 230 230 229 226 221 217 219 218 211 204 202 201 198 191 181 166 159 158 152 147 125 122 134 143 154 117 78 80 99 101 58 38 48 52 68 56 57 73 79 78 90 104 108 108 45 
255 255 254 254 253 252 251 249 247 244 241 237 235 235 236 237 237 235 231 231 231 231 226 221 217 218 217 211 202 197 197 194 188 179 166 155 155 149 143 102 115 136 101 104 137 94 81 94 89 40 47 52 48 62 48 43 62 70 74 81 87 95 108 49 
255 255 255 254 253 251 250 248 246 242 239 236 234 232 235 237 237 236 232 231 230 230 228 221 218 218 216 211 201 194 189 188 183 176 165 152 151 135 106 115 126 122 94 75 98 62 52 65 50 27 58 57 58 61 45 39 51 59 64 55 45 46 66 46 
255 255 255 254 253 251 250 248 245 242 239 237 235 233 235 236 237 239 233 231 229 228 228 223 218 216 213 208 200 191 184 181 177 172 163 148 145 89 61 73 114 113 110 103 51 36 44 58 31 29 63 65 73 60 43 38 50 56 55 49 35 38 57 46 
254 255 255 254 254 253 252 250 247 244 240 237 235 233 236 238 238 241 237 231 228 227 226 222 218 215 211 204 196 189 183 178 173 167 161 146 140 71 59 92 95 88 110 134 69 46 38 55 35 24 58 119 109 71 52 47 66 56 36 41 32 30 40 47 
255 255 254 254 254 254 254 252 249 246 242 238 236 232 234 238 239 240 238 232 228 227 225 222 219 214 208 202 193 187 184 178 170 162 157 145 145 111 117 119 126 121 131 143 122 88 66 59 38 22 61 104 78 81 69 66 77 62 49 37 31 30 44 57 
255 255 254 254 254 254 253 252 250 247 244 239 237 234 234 237 238 238 236 230 228 226 225 221 218 212 206 200 191 188 186 180 170 159 155 145 129 84 85 86 112 122 144 158 152 114 65 59 44 24 59 72 63 66 65 63 68 58 51 47 44 51 77 74 
255 255 254 255 254 254 253 252 250 247 243 240 238 236 236 237 236 236 236 232 229 227 223 221 216 212 205 198 191 190 188 181 170 159 155 145 118 81 78 89 142 153 168 170 151 100 99 79 55 32 54 52 65 64 61 56 51 50 39 45 47 53 54 57 
254 255 255 255 255 253 253 251 249 247 243 239 237 237 237 237 237 235 236 236 233 228 222 218 214 209 204 200 194 192 190 182 172 160 156 148 138 141 159 119 145 146 144 108 98 91 120 119 55 36 61 83 89 69 60 65 79 71 56 56 56 61 60 76 
254 255 254 254 254 253 253 250 248 248 244 239 237 239 240 240 238 235 233 235 234 229 222 218 214 209 205 202 198 196 192 183 174 162 158 151 149 162 175 162 147 145 128 91 77 90 114 145 83 34 56 87 89 68 61 58 53 51 49 48 57 70 85 93 
254 254 253 254 253 252 251 249 248 248 245 240 238 239 241 245 245 238 233 234 236 230 223 219 215 213 209 206 202 198 193 184 175 165 161 156 161 172 160 161 121 103 91 86 85 84 92 149 92 38 57 76 80 73 67 67 62 50 49 46 60 56 68 83 
254 254 253 253 252 251 249 247 247 246 244 241 238 239 240 246 247 241 237 237 235 228 223 220 219 218 214 210 205 200 194 185 176 167 164 155 148 156 157 156 164 150 119 94 106 82 73 123 78 34 53 66 79 72 65 61 60 66 62 64 85 91 104 102 
253 254 254 254 252 251 248 246 246 244 242 239 237 237 237 242 243 241 236 234 229 225 222 220 222 221 217 214 208 201 195 186 176 171 168 158 143 149 149 160 168 128 106 89 89 91 71 69 44 29 51 65 78 61 56 59 65 75 67 72 80 71 91 105 
253 254 254 253 252 251 249 246 243 240 239 237 235 234 233 237 239 238 234 229 225 223 220 219 222 221 219 217 209 202 196 188 179 175 174 157 117 124 124 123 115 92 74 90 85 82 89 57 24 28 53 61 68 58 45 41 45 52 54 55 39 33 46 62 
252 253 252 251 249 249 248 245 241 239 236 235 234 233 231 232 235 235 232 225 224 225 218 214 217 219 218 214 208 203 197 190 184 181 180 155 112 124 124 115 90 89 80 90 88 81 80 36 21 23 46 61 68 58 46 40 49 61 61 55 34 23 31 36 
251 253 251 248 247 246 245 243 240 238 235 234 233 232 231 230 232 233 230 224 222 221 215 212 214 218 214 210 206 203 199 194 189 188 186 168 109 129 122 108 110 106 97 88 89 76 77 42 29 25 46 66 72 60 59 57 50 61 50 55 57 39 36 41 
248 249 247 245 244 243 242 241 239 237 235 233 233 233 233 230 230 229 228 223 220 217 214 210 209 211 209 207 205 202 200 196 194 193 192 185 136 153 150 125 122 119 100 89 76 55 64 52 37 38 59 65 71 56 66 62 44 24 28 67 78 58 41 52 
244 245 243 242 243 242 241 240 237 235 234 234 235 233 231 229 228 228 226 223 221 219 216 211 207 205 205 204 204 201 201 198 196 196 196 201 161 155 150 132 124 115 100 127 86 56 95 58 36 41 38 53 71 56 67 65 72 71 74 81 92 88 91 87 
240 241 240 240 241 239 238 237 234 234 236 236 236 234 232 230 228 227 226 224 226 224 219 215 210 205 202 201 200 201 202 197 196 201 200 163 133 133 134 121 100 84 70 113 91 70 116 64 28 52 51 47 66 62 61 54 61 78 82 80 91 97 104 104 
236 237 237 238 238 236 234 233 232 234 236 237 236 235 233 231 229 226 225 226 228 225 219 214 211 207 203 200 198 202 202 201 205 207 208 147 117 111 89 108 99 103 67 78 75 68 105 64 36 60 62 50 68 55 46 47 63 72 67 69 70 69 67 65 
234 234 234 235 234 233 232 231 232 234 235 236 237 238 237 234 230 226 223 223 224 224 219 214 210 207 205 202 203 205 203 205 213 212 218 159 132 124 110 127 111 125 116 124 90 53 72 56 25 63 72 61 66 57 51 48 66 69 56 57 60 54 51 54 
230 231 231 231 231 230 229 228 230 231 232 235 238 239 237 235 231 225 222 225 226 224 221 217 211 208 207 207 211 210 206 215 222 223 224 155 152 146 129 116 107 137 150 145 110 64 67 57 30 67 68 69 64 51 42 36 48 68 66 65 70 70 76 76 
225 227 228 228 227 226 226 226 227 228 230 237 239 234 232 232 228 223 223 225 225 224 221 217 214 212 211 213 215 213 213 222 229 228 229 164 130 113 92 101 98 134 148 144 116 72 76 57 47 72 67 64 63 49 41 39 46 51 56 61 75 97 105 97 
221 224 225 224 223 222 222 222 222 223 225 231 232 229 230 229 225 222 222 224 224 224 220 217 214 214 217 219 217 217 227 226 227 232 229 157 96 100 127 119 102 138 153 121 94 91 84 50 70 87 89 65 51 42 36 42 50 50 36 45 64 83 92 89 
218 221 222 221 219 218 218 218 219 220 222 225 226 227 227 226 222 221 221 221 222 221 218 216 215 217 222 221 216 224 242 248 239 239 225 111 90 118 157 144 104 151 176 120 100 97 82 51 81 90 89 59 52 53 48 53 50 44 29 36 71 90 92 90 


223 226 227 227 228 228 229 229 228 226 223 221 220 220 217 213 209 208 207 203 197 192 188 189 193 196 198 199 191 175 84 66 49 28 29 25 22 36 19 31 26 18 18 44 84 47 18 8 7 26 47 50 88 48 25 24 40 37 27 15 17 15 11 18 
226 228 229 229 229 231 232 230 229 227 224 222 221 219 217 214 211 209 207 203 197 191 189 188 192 195 197 197 190 177 97 73 70 37 19 17 20 44 19 25 51 41 54 61 50 29 21 15 13 40 53 56 87 56 18 16 20 18 25 19 19 21 17 15 
229 231 232 232 232 232 233 232 230 228 226 223 222 221 218 217 214 211 207 203 197 192 189 187 191 194 196 195 190 180 167 133 106 26 15 14 16 36 28 31 78 70 76 67 25 11 11 13 21 61 61 65 76 35 28 48 45 40 43 24 20 15 12 10 
232 233 235 236 236 235 234 232 231 230 228 225 223 222 220 218 216 214 208 203 197 192 189 187 189 191 194 195 190 181 173 156 148 56 23 22 64 129 71 28 72 75 80 85 64 27 15 13 31 73 51 49 50 39 54 47 33 33 34 25 21 17 16 10 
236 236 238 240 239 240 238 236 234 232 229 226 224 223 222 219 216 212 208 204 198 193 189 188 190 189 192 193 190 182 174 156 161 112 48 42 67 147 68 36 83 96 79 85 86 55 26 17 25 40 31 26 25 34 51 47 45 49 42 29 22 19 22 12 
239 240 241 243 243 243 241 239 236 233 231 227 224 224 224 220 216 212 208 204 198 193 189 189 190 189 192 193 191 183 175 158 160 150 95 85 80 138 98 37 66 82 82 77 78 54 32 21 19 21 21 13 31 45 34 23 29 50 58 37 19 17 16 12 
243 244 245 246 246 245 242 240 237 234 231 227 224 223 224 221 217 213 209 204 198 194 190 188 189 187 190 191 191 186 176 161 160 164 164 163 160 168 134 51 59 78 89 86 69 44 27 24 30 35 19 11 22 28 31 32 40 43 40 30 19 16 14 14 
247 247 247 247 247 247 245 242 239 235 231 227 224 222 223 222 218 213 208 204 199 195 191 188 188 187 188 186 188 186 178 163 159 167 170 168 163 166 159 92 42 75 97 89 56 37 26 19 22 22 16 11 15 22 31 38 42 32 46 98 53 21 21 17 
249 249 248 247 248 249 247 243 239 235 230 226 223 220 221 222 218 214 209 205 199 196 192 187 187 188 188 185 188 187 180 167 160 169 173 169 164 161 158 81 43 91 116 91 74 34 19 17 19 16 13 10 12 17 32 38 37 23 31 115 69 20 28 22 
251 252 250 249 249 249 248 243 239 234 230 226 224 219 219 221 219 216 210 206 200 196 193 188 187 187 188 185 186 185 181 170 161 172 173 169 164 158 147 67 44 91 113 93 76 33 23 24 17 18 15 11 12 15 34 38 38 28 25 102 60 14 14 20 
253 254 253 251 250 248 246 243 239 234 231 226 223 220 220 221 219 217 213 207 202 197 194 191 187 186 187 186 185 184 182 173 164 175 174 170 164 158 161 124 50 62 91 89 95 85 70 58 35 22 25 22 21 15 31 37 38 31 17 90 80 23 21 21 
253 254 254 251 249 246 244 243 240 235 231 226 222 220 218 219 219 217 213 209 204 198 195 193 187 186 186 186 186 184 182 176 167 176 175 172 165 157 162 156 72 75 118 88 79 62 74 61 32 32 29 26 34 34 34 37 41 46 53 113 118 36 28 22 
254 255 254 252 251 246 243 243 240 236 232 227 223 220 218 217 218 218 214 211 207 201 197 193 188 186 185 186 185 184 183 179 167 179 177 174 167 158 160 164 78 75 115 83 80 56 56 38 34 32 25 26 37 39 35 37 58 72 80 125 97 29 31 41 
253 254 254 252 250 246 242 240 238 235 233 230 225 220 218 217 216 217 216 212 208 203 199 195 188 185 187 188 187 184 183 182 168 180 178 174 169 160 160 166 85 64 77 69 66 50 38 37 37 33 26 24 36 38 32 28 44 65 78 77 37 19 32 54 
254 254 254 252 250 247 243 240 238 236 234 231 226 222 219 216 214 217 216 213 210 205 201 197 190 185 187 190 188 185 183 181 168 180 179 174 170 163 160 160 79 62 78 79 60 38 47 38 36 35 24 19 34 35 32 22 46 63 67 42 23 17 39 59 
254 254 253 253 250 249 246 242 239 236 234 233 227 223 221 218 215 215 216 214 211 207 203 199 192 186 191 192 190 187 185 182 171 180 180 175 171 167 162 162 85 57 89 75 56 40 47 40 32 28 21 27 27 27 21 18 41 53 58 48 45 28 49 78 
255 255 254 253 251 250 247 244 240 237 235 234 228 224 222 220 216 213 215 215 213 209 204 200 193 190 195 195 192 189 186 183 174 179 182 176 170 168 164 152 74 68 115 91 67 53 51 54 57 59 52 58 42 35 38 38 44 54 57 37 31 25 42 76 
255 254 254 253 251 250 249 246 242 238 236 234 229 226 223 221 218 214 214 215 214 210 206 201 194 192 197 197 194 192 190 188 176 178 182 177 171 167 163 143 69 76 108 115 80 51 47 30 46 65 37 23 43 34 40 40 35 36 37 29 28 23 24 41 
255 255 254 253 252 252 250 248 243 239 236 235 230 227 225 221 219 215 213 214 215 211 207 202 195 193 199 201 198 196 194 192 181 179 183 176 171 165 160 149 80 81 88 100 88 53 45 33 28 32 19 17 40 35 36 41 45 57 63 65 60 35 32 60 
254 254 254 253 253 252 250 248 243 239 236 235 231 229 228 223 219 216 212 213 215 213 208 203 196 193 202 207 205 202 198 195 187 182 185 178 172 163 157 156 93 86 124 140 108 66 61 75 36 46 21 22 32 28 24 31 39 57 73 81 71 40 29 66 
254 254 253 254 253 251 250 249 244 238 235 235 233 231 230 226 220 215 212 214 216 214 210 205 197 195 208 215 214 212 202 197 193 186 185 178 171 161 156 163 144 105 100 119 95 85 61 64 34 42 20 27 31 27 26 29 33 53 71 80 71 40 23 64 
254 254 254 254 253 251 250 250 244 239 236 235 234 233 232 229 223 216 213 215 217 216 211 206 198 197 211 217 215 211 204 198 195 187 186 178 169 160 156 161 155 120 87 108 88 65 56 50 27 37 18 19 26 33 27 30 38 58 68 71 63 40 21 60 
254 254 254 254 253 250 249 250 247 242 238 235 236 235 232 229 225 218 214 215 216 217 213 207 200 201 212 217 213 208 205 200 195 182 187 178 169 160 156 162 158 126 92 108 96 76 59 50 32 40 20 27 38 40 28 30 35 52 60 65 63 50 26 50 
254 254 254 253 251 250 249 247 248 245 240 236 237 237 235 230 225 219 216 216 216 218 215 208 204 205 212 218 213 209 206 201 195 177 189 181 170 161 155 164 164 129 96 101 83 82 59 36 38 50 22 23 36 39 29 31 33 53 63 66 68 59 31 27 
254 254 254 253 252 251 250 249 246 246 243 237 238 240 236 232 225 221 219 218 217 218 215 209 207 209 213 219 215 209 205 200 193 176 186 182 171 161 155 164 167 131 94 98 101 81 60 39 36 37 21 25 29 43 37 35 31 52 67 71 67 56 30 32 
254 254 253 253 252 252 251 249 248 248 243 237 237 239 237 233 226 223 221 220 219 220 217 212 209 212 216 218 215 209 204 199 192 175 183 180 170 162 154 163 171 136 94 124 108 67 61 50 45 61 22 24 25 35 32 24 19 46 61 73 70 65 31 34 
255 255 253 252 252 251 250 249 249 249 244 239 235 237 235 231 226 223 221 221 221 221 219 213 211 214 217 220 217 210 204 198 191 177 183 182 170 160 154 161 172 144 102 124 116 71 50 33 26 47 35 23 18 23 43 37 38 47 60 65 66 69 32 27 
255 254 253 252 250 251 252 250 248 247 244 240 236 236 232 229 226 224 222 222 222 223 223 214 211 215 221 221 218 211 202 197 189 177 180 182 168 159 155 160 172 146 113 115 116 75 62 36 25 27 22 20 19 21 33 31 37 32 41 43 50 42 25 25 
255 253 251 250 249 250 251 252 251 246 242 238 237 236 231 228 227 225 224 223 224 224 224 215 211 215 224 222 218 212 203 196 188 176 175 180 167 159 155 159 169 145 118 129 110 75 73 51 32 26 21 23 20 20 20 18 29 32 45 49 62 52 31 21 
255 252 251 250 251 250 250 252 250 246 243 240 240 238 232 227 228 227 225 225 226 227 223 217 214 216 223 221 217 213 205 196 187 176 171 175 165 160 156 157 167 146 125 155 114 84 89 72 41 25 19 29 21 18 18 24 31 25 31 44 75 72 40 19 
255 252 251 252 251 251 251 251 250 248 245 243 240 239 232 227 227 227 228 226 230 233 224 219 218 219 224 221 216 212 206 198 188 175 168 171 163 160 156 156 167 152 118 138 99 84 74 53 31 22 15 25 24 22 25 32 40 32 47 54 74 69 46 19 
255 253 251 251 250 250 250 251 248 248 246 244 240 239 233 227 225 227 230 228 229 232 226 220 218 218 222 220 217 212 207 198 188 176 168 170 163 160 156 155 167 164 125 134 115 85 65 57 40 22 17 35 29 23 21 25 35 38 62 68 72 72 51 23 
255 254 252 250 249 249 250 251 249 247 247 246 242 239 235 230 226 226 230 229 229 231 225 220 219 219 222 219 216 212 206 199 188 176 168 173 163 160 155 155 167 167 129 118 114 85 66 56 25 22 22 59 37 21 21 41 41 42 57 55 68 61 45 22 
255 254 252 250 249 250 251 250 247 246 248 248 244 240 236 231 229 226 230 233 233 233 226 220 221 223 224 220 215 211 206 199 190 177 166 172 165 162 154 153 163 146 108 113 107 89 71 59 32 34 21 31 47 24 21 46 43 45 59 52 67 66 43 19 
255 255 253 251 250 249 249 248 247 246 247 247 244 240 236 233 231 227 231 235 235 235 224 222 222 224 223 220 215 210 206 200 192 179 165 169 167 164 154 150 137 113 114 138 136 108 91 74 59 54 17 23 48 26 20 34 40 46 47 44 54 54 35 19 
255 255 254 252 250 248 247 247 247 245 246 247 244 240 237 234 230 227 231 231 232 232 224 221 220 222 222 219 213 209 205 200 192 179 166 170 168 164 153 129 82 113 120 134 121 115 81 65 55 47 34 86 62 27 20 30 38 35 29 34 44 42 45 26 
255 255 254 252 250 248 247 246 245 244 244 246 245 240 237 234 229 228 231 231 230 230 225 221 219 222 221 219 213 208 204 200 193 180 165 170 168 162 145 82 59 93 114 143 117 102 78 85 100 97 34 77 35 26 23 35 41 45 56 71 84 74 59 25 
255 255 254 254 251 249 247 246 246 243 243 244 244 239 236 234 231 231 230 233 232 229 226 222 219 222 221 218 211 207 203 200 193 182 166 168 167 161 142 95 111 142 175 154 111 92 69 83 93 82 19 42 27 29 25 29 33 32 53 69 82 81 69 27 
255 255 254 254 251 249 247 247 245 243 242 240 242 238 236 235 235 233 230 230 231 229 226 220 217 219 218 213 208 205 202 199 192 182 166 163 164 159 152 134 111 132 146 127 113 73 63 79 66 38 16 32 31 32 23 22 24 19 49 65 67 74 72 28 
255 254 254 254 252 251 249 247 245 242 240 237 237 236 235 236 235 233 229 228 228 227 224 219 215 217 216 209 201 200 199 196 190 181 167 160 161 156 151 132 119 122 127 134 103 70 74 92 93 51 17 29 31 33 24 23 39 41 53 68 73 74 77 27 
255 255 254 253 252 250 249 247 245 242 239 235 233 233 234 235 234 233 229 229 229 229 224 219 215 216 215 209 199 194 194 192 187 179 168 157 158 152 147 105 107 121 92 92 121 84 76 89 84 35 16 28 27 31 25 23 36 37 42 49 53 60 78 32 
255 255 254 252 252 249 248 246 244 240 237 234 232 231 233 234 233 234 230 229 228 228 226 219 216 216 215 209 199 191 188 187 182 176 166 153 155 139 107 109 114 110 82 62 80 48 43 61 48 23 18 24 25 30 25 22 32 30 20 17 14 22 41 22 
255 255 254 253 252 249 248 246 243 240 237 235 233 231 233 234 235 237 231 229 227 226 225 221 216 214 211 206 198 191 185 182 178 172 164 150 150 89 61 70 103 101 91 80 33 22 34 54 28 22 20 35 45 32 23 21 26 19 16 12 11 19 38 23 
254 255 254 253 253 252 251 249 246 242 238 235 233 231 234 236 236 240 234 229 226 225 224 220 216 213 209 202 195 190 184 179 174 168 163 148 143 69 57 91 87 79 92 102 47 28 27 49 31 19 26 84 78 37 26 21 20 13 9 11 11 13 24 27 
255 255 254 254 253 252 252 251 248 244 240 236 234 230 232 237 237 238 235 229 226 225 223 220 217 212 206 200 193 187 185 179 172 165 159 147 149 112 117 116 112 104 112 119 102 71 55 51 33 17 24 69 44 38 24 22 29 17 15 15 13 15 28 38 
255 255 254 254 254 252 253 253 250 245 242 238 235 232 232 236 236 235 233 229 226 224 223 219 216 210 204 199 191 188 186 179 172 163 158 147 133 84 85 84 102 107 122 133 128 100 60 51 41 21 23 34 27 27 23 22 28 22 18 22 19 30 50 50 
255 255 254 254 253 253 253 253 250 246 241 238 236 234 234 235 234 233 234 231 227 225 221 219 214 210 203 197 190 188 187 180 173 163 159 148 120 72 69 82 133 141 147 149 133 86 79 69 53 29 24 25 33 31 21 20 21 21 18 26 25 33 35 39 
254 254 254 254 253 254 254 252 248 245 241 237 235 235 235 235 235 233 234 234 231 225 220 216 212 207 202 198 192 191 188 181 174 162 160 150 142 131 138 106 136 139 136 98 88 78 97 101 50 32 29 45 52 37 22 21 30 25 21 27 30 37 36 52 
254 254 254 254 253 254 254 252 248 247 243 238 235 238 239 238 236 233 231 233 233 227 220 216 212 207 203 200 196 194 190 182 175 165 160 153 145 145 157 146 135 132 121 84 71 79 99 132 74 30 29 48 50 33 23 20 20 20 16 21 28 42 53 62 
254 255 255 254 253 253 252 250 249 247 245 240 237 239 242 244 242 235 231 232 234 228 221 217 213 211 207 204 200 196 192 183 176 168 164 157 152 153 141 142 105 87 81 80 80 77 79 138 84 31 34 39 40 31 23 21 24 20 19 23 36 30 41 54 
255 255 255 254 253 252 250 249 249 247 245 241 239 240 241 246 244 238 236 236 233 226 221 218 217 216 212 208 203 198 193 185 177 170 167 157 131 130 128 126 130 119 102 92 91 75 63 115 74 30 36 34 41 31 23 19 24 27 26 40 61 62 71 68 
255 255 254 254 253 252 250 247 245 243 242 240 237 237 239 242 241 239 234 232 227 223 220 218 220 219 216 212 206 199 193 186 177 173 170 158 123 119 119 132 137 107 98 85 83 85 65 65 41 22 29 28 39 29 26 22 26 32 32 47 53 45 60 70 
254 254 254 253 252 252 250 246 244 242 240 236 234 233 233 238 238 236 232 227 223 221 218 217 220 219 217 215 207 200 195 187 179 176 175 157 107 107 106 107 98 78 63 78 80 79 81 56 23 20 28 24 32 30 28 22 23 29 28 22 16 14 26 37 
254 253 253 252 250 250 248 246 242 240 238 236 233 232 231 234 235 233 230 223 222 223 216 213 215 217 215 212 206 201 196 189 183 180 179 156 115 129 127 117 84 78 68 80 80 75 71 36 20 16 24 23 30 28 28 21 25 34 30 22 13 10 15 17 
252 253 251 249 247 247 246 243 240 238 236 235 233 232 230 229 232 232 229 222 221 221 214 212 214 216 213 208 204 201 196 191 188 186 185 167 109 126 116 99 99 93 87 80 88 69 70 41 28 20 26 23 27 24 30 24 24 33 26 26 21 14 17 19 
249 250 247 246 245 244 243 241 240 238 235 235 235 233 232 230 229 229 226 222 218 216 213 210 209 211 208 206 203 200 197 194 192 191 189 182 125 133 130 108 108 104 89 81 69 47 59 49 36 29 37 23 32 23 31 20 16 13 16 42 41 21 15 27 
245 245 243 242 243 243 241 239 238 235 235 235 236 234 232 230 229 228 225 222 220 217 215 211 208 207 205 204 202 199 198 196 194 193 193 196 151 138 129 115 108 100 88 107 73 48 86 54 34 34 25 22 32 22 32 22 25 37 38 53 66 53 54 51 
241 241 240 240 241 239 238 237 234 235 237 237 238 235 233 230 229 227 225 224 225 223 218 214 210 205 203 201 200 200 200 195 193 198 197 159 122 117 118 107 89 75 71 105 77 60 106 62 24 46 42 26 30 25 31 24 23 36 37 48 67 67 73 71 
237 237 237 238 238 237 235 233 233 235 237 238 238 237 234 232 230 226 225 226 228 225 219 214 210 206 203 200 199 201 200 200 202 204 205 142 109 102 81 102 95 98 63 72 65 62 96 60 31 54 47 20 29 26 23 24 22 22 15 25 36 39 39 43 
234 234 233 235 234 234 232 231 232 235 236 237 237 237 237 234 231 226 224 224 225 223 219 215 211 208 205 201 202 204 202 202 208 208 214 152 121 115 103 124 107 112 103 112 82 49 66 51 18 34 36 19 21 20 21 22 17 14 11 17 24 22 22 29 
231 231 230 231 231 230 229 229 230 232 233 235 237 239 237 234 230 225 223 226 226 224 220 216 212 209 207 206 210 209 205 211 216 218 218 146 138 137 128 119 106 120 133 128 101 59 62 53 18 23 20 17 18 18 15 12 12 19 17 18 26 37 40 45 
226 226 226 227 228 226 225 226 227 229 231 237 238 234 233 232 228 223 224 226 226 224 220 216 213 211 211 211 214 212 211 218 223 223 224 157 119 107 90 102 97 120 133 128 106 62 61 45 20 20 19 19 22 20 15 13 15 19 19 23 35 65 74 65 
222 224 225 225 223 222 220 221 222 222 225 231 231 228 230 229 225 222 223 224 224 224 219 216 215 213 215 216 214 214 222 220 221 226 225 160 90 94 119 112 95 120 135 109 87 81 75 43 42 43 49 30 20 18 15 14 18 22 16 23 42 58 66 61 
219 222 221 219 218 216 216 217 217 218 220 225 227 226 226 225 221 219 221 220 221 220 216 214 213 214 219 218 214 220 233 235 231 230 218 113 84 110 152 131 93 131 157 109 91 90 78 45 56 57 50 24 19 20 19 21 15 15 11 20 49 64 65 62 