


200 207 217 219 217 210 192 193 215 195 195 215 192 156 200 211 182 197 210 184 125 95 158 182 120 67 104 131 112 84 71 91 89 87 82 68 86 84 85 82 65 76 84 86 85 85 89 101 100 100 104 101 80 91 99 100 96 93 82 86 94 98 99 98 
205 209 215 219 218 212 198 203 217 195 193 215 194 161 203 210 181 195 209 184 127 93 154 178 115 68 94 123 111 85 71 89 88 86 84 70 88 87 85 82 65 79 85 89 86 82 86 101 101 101 106 97 79 91 99 101 97 95 85 85 94 97 102 102 
208 209 210 218 217 213 206 213 217 193 189 214 196 167 208 210 180 194 210 185 126 88 145 176 114 72 87 119 110 88 75 96 97 86 84 70 85 88 84 79 67 78 86 90 87 78 82 99 103 107 109 97 80 94 101 103 99 96 85 84 95 98 101 106 
204 206 207 215 217 212 210 217 216 188 176 212 195 162 205 209 175 190 209 188 123 80 134 170 113 71 82 125 121 91 74 99 103 88 87 68 82 85 82 80 69 81 83 88 88 77 82 98 101 102 100 93 83 96 101 101 97 97 84 85 94 98 100 101 
205 206 205 213 219 212 209 217 216 185 162 209 194 152 197 208 176 181 196 181 124 82 122 152 105 72 76 129 116 91 74 92 95 89 89 68 85 86 81 74 61 81 81 87 87 78 82 94 97 95 94 89 83 96 99 99 97 99 85 87 96 99 99 96 
212 210 206 212 220 214 210 217 216 185 154 206 195 152 198 212 182 184 207 181 119 87 145 152 92 79 83 130 99 91 73 90 95 89 89 69 91 87 81 80 67 79 79 88 86 75 80 91 94 94 96 88 82 96 99 99 98 100 88 86 93 97 97 93 
207 210 208 214 221 218 216 217 216 183 144 203 195 166 205 212 186 183 212 188 125 95 152 158 93 79 78 95 87 93 71 90 95 88 88 68 88 84 80 85 71 81 78 86 88 74 79 89 97 95 99 88 81 98 101 99 98 100 88 85 92 96 97 93 
205 211 209 214 221 221 221 221 216 183 150 205 200 177 210 213 185 181 211 184 123 95 149 156 89 77 76 84 85 93 73 90 94 88 89 69 85 83 80 85 68 80 78 85 89 75 78 88 100 95 94 86 80 99 99 97 99 98 85 88 95 97 101 94 
207 213 211 217 222 223 223 222 216 182 151 208 204 181 213 213 182 186 211 181 117 83 148 158 89 78 74 85 86 93 73 92 94 86 87 66 85 83 81 84 68 80 80 84 85 77 81 92 97 96 94 87 82 99 101 98 97 96 86 92 97 100 105 99 
207 212 215 220 221 224 221 223 217 181 152 208 204 184 213 211 177 191 212 181 117 86 153 162 93 74 70 83 91 94 72 92 93 88 89 67 85 84 82 85 68 77 76 81 81 75 82 94 96 98 96 89 84 101 102 101 97 95 85 90 100 100 104 97 
205 210 217 220 218 222 218 224 217 179 153 209 205 186 214 211 169 182 212 181 119 89 156 164 99 72 69 79 87 92 71 88 89 85 88 67 87 84 82 87 64 75 74 77 77 72 81 96 96 94 95 88 83 101 104 101 97 99 84 87 101 103 105 99 
204 208 216 218 218 219 212 223 215 178 155 210 203 176 210 209 163 162 209 178 116 85 153 161 104 71 75 80 84 93 71 85 84 83 86 65 85 82 84 87 65 74 74 75 80 76 86 98 95 96 98 89 84 101 108 98 99 100 85 86 100 103 104 101 
201 203 213 217 217 218 210 222 215 181 159 212 199 165 209 208 162 143 203 174 113 82 146 147 87 68 81 87 89 96 71 83 86 85 86 64 85 83 83 89 66 74 74 79 85 77 82 94 95 99 102 95 84 99 103 95 97 98 84 87 103 104 103 102 
199 198 208 216 217 218 211 221 215 180 161 214 200 168 209 207 162 129 198 175 112 82 135 130 71 70 80 80 84 93 70 85 86 84 82 61 81 81 80 89 68 67 69 77 86 76 77 90 93 96 99 95 82 99 101 95 96 93 82 86 102 102 105 101 
195 188 200 214 218 219 216 220 214 177 162 214 204 178 210 204 157 111 187 177 111 82 120 120 78 75 72 71 83 91 69 88 85 81 78 62 79 78 77 87 75 70 72 78 85 75 76 87 89 93 94 90 84 101 100 96 99 92 82 85 103 102 106 106 
196 190 196 211 218 220 218 220 212 172 157 214 206 181 210 199 142 81 168 177 113 77 105 115 87 80 69 70 84 89 68 88 88 88 90 78 86 81 79 87 69 75 77 81 83 77 74 85 86 92 91 88 79 94 96 97 101 94 85 82 100 103 107 110 
199 191 198 210 217 218 212 219 210 168 154 213 202 174 208 198 137 75 156 176 114 74 80 84 81 73 69 74 84 88 68 98 117 116 114 102 99 99 101 103 90 88 82 82 82 79 72 82 87 94 92 91 80 94 96 100 100 96 87 82 98 104 109 110 
202 198 199 208 217 217 202 215 210 170 161 214 200 157 198 201 143 82 159 175 113 74 83 69 73 77 73 79 89 100 100 118 94 86 86 71 65 77 92 103 96 97 101 93 87 83 76 97 110 112 100 94 81 91 99 104 103 100 86 85 105 105 109 111 
205 204 201 209 217 217 197 215 214 177 168 216 199 146 188 202 148 93 170 175 116 74 86 67 78 84 88 108 113 106 107 102 77 75 73 65 64 67 77 79 75 72 78 92 106 108 106 126 129 128 128 115 93 94 96 105 104 96 84 86 105 108 110 112 
204 202 196 209 217 218 198 217 216 183 176 217 202 152 192 200 146 97 173 175 119 74 92 79 97 119 120 108 86 84 75 65 51 77 101 69 78 82 86 81 73 72 65 68 78 93 93 103 103 105 120 130 127 125 113 108 102 97 85 89 106 109 109 105 
201 199 190 207 217 220 205 218 217 185 177 217 203 165 197 197 143 99 174 173 124 80 122 138 136 127 101 81 74 91 53 58 55 70 105 93 99 101 95 86 77 68 56 49 50 55 55 71 76 84 102 114 116 122 129 129 119 106 90 91 103 110 131 118 
204 196 189 207 216 218 210 218 216 181 169 215 205 178 205 194 142 99 173 171 142 131 147 143 119 112 87 77 86 62 53 67 73 71 92 105 114 114 98 96 78 70 52 39 31 36 53 65 59 70 91 106 109 109 112 120 125 121 94 92 104 120 154 124 
205 192 191 205 216 219 216 220 214 176 157 210 202 172 207 196 148 121 146 139 137 136 135 135 126 111 85 91 93 55 70 85 85 75 88 109 122 111 104 101 90 85 68 42 31 38 51 67 60 61 85 103 106 108 109 112 113 117 103 96 114 139 143 110 
202 193 193 202 216 220 221 221 213 175 143 202 183 156 187 178 131 108 97 99 106 106 128 140 130 114 84 91 72 62 88 80 87 90 98 114 116 104 100 97 95 94 87 67 58 44 52 57 52 57 83 98 102 106 108 110 108 105 115 133 143 144 127 103 
202 196 192 201 215 220 222 221 212 177 141 171 110 110 110 94 72 76 76 90 92 101 111 133 131 122 82 82 72 78 83 69 80 93 103 110 106 100 100 99 98 96 98 85 82 71 78 56 46 63 88 97 101 103 107 109 108 103 104 123 124 122 114 88 
207 201 197 201 213 221 222 222 212 181 148 185 101 92 92 79 69 65 64 79 99 109 109 121 128 125 80 76 84 87 91 78 76 93 100 103 97 97 100 102 100 101 99 85 83 78 77 61 48 66 85 94 95 98 103 106 104 101 103 111 112 109 104 71 
208 204 199 199 209 221 222 223 212 182 152 210 152 77 72 65 66 55 57 63 116 129 111 116 126 127 92 81 99 118 111 76 73 90 99 99 99 98 99 97 96 97 92 85 75 69 67 67 61 72 81 88 94 96 99 101 101 98 102 104 107 105 97 74 
208 203 201 200 205 220 222 223 213 176 154 216 199 103 63 66 65 63 52 71 119 127 118 119 125 124 107 95 121 140 108 70 71 90 98 99 100 99 94 93 93 94 83 74 63 53 51 55 49 67 78 84 96 99 95 96 96 97 98 102 106 104 94 79 
208 202 200 199 200 218 223 223 214 171 166 220 207 126 68 72 67 68 58 76 111 112 114 118 123 123 121 125 136 96 82 66 74 91 97 95 94 97 96 90 86 82 73 61 46 36 41 42 47 60 70 76 88 98 97 100 99 103 98 98 99 102 96 86 
210 201 202 200 197 218 225 225 216 179 193 223 207 129 75 75 70 63 82 88 80 84 106 117 122 125 126 139 88 33 50 66 79 92 92 93 96 100 99 93 88 82 59 41 38 40 43 45 54 54 56 64 81 94 96 104 108 111 92 86 97 99 95 85 
211 203 205 200 195 217 225 226 218 195 211 223 208 125 78 84 56 55 70 96 55 63 100 116 122 125 132 131 52 36 45 71 82 86 87 93 97 96 97 86 77 75 44 34 39 38 45 45 48 47 50 59 74 88 87 95 99 105 96 92 98 100 90 83 
209 206 208 200 194 216 223 226 222 212 220 223 211 126 74 79 66 56 71 70 85 103 101 118 121 125 133 117 44 36 54 56 56 70 86 95 90 91 94 91 73 53 27 27 36 40 45 43 49 52 47 62 72 81 85 86 84 92 109 108 107 104 94 98 
205 209 212 205 199 216 220 226 225 220 222 223 215 137 71 61 76 68 65 60 93 113 110 118 122 126 129 126 73 46 65 68 55 58 78 95 94 96 94 85 66 39 26 23 25 32 35 34 42 49 47 59 69 77 82 82 75 86 112 113 112 113 113 115 
205 207 213 210 206 220 224 226 221 218 221 221 215 146 75 56 58 66 46 59 87 119 111 111 121 127 124 118 118 92 44 44 72 61 64 90 99 99 94 80 57 33 24 18 23 33 36 41 49 46 52 57 67 66 73 75 65 84 110 115 110 112 113 116 
204 200 213 214 214 223 225 226 220 210 217 218 210 151 71 55 49 51 43 56 81 115 109 107 120 126 117 96 112 101 39 20 68 67 57 82 87 94 88 52 37 25 21 23 23 29 34 40 55 47 53 59 62 56 59 66 62 80 110 117 112 116 118 118 
206 203 213 218 219 225 226 226 221 206 212 215 193 114 69 65 53 61 58 61 88 97 102 104 106 116 108 88 114 90 35 19 71 72 52 80 74 75 73 36 24 25 23 27 34 31 32 38 54 63 57 50 50 50 47 38 48 81 113 118 117 122 122 111 
206 207 212 218 220 225 226 226 223 210 209 209 156 83 83 74 60 59 63 77 91 90 92 102 96 100 107 87 107 114 48 44 92 66 44 73 64 54 48 24 18 30 22 25 38 30 33 33 46 57 50 51 55 49 37 36 43 78 119 112 104 98 91 80 
208 206 211 218 221 224 226 226 221 207 202 200 128 95 94 81 66 74 86 85 87 92 107 100 97 96 102 87 90 128 108 101 118 79 55 74 53 42 36 25 28 37 27 37 38 37 44 45 63 63 61 61 55 43 38 53 64 100 112 92 89 88 83 79 
204 200 209 215 216 220 225 224 215 200 190 190 154 127 149 151 132 113 128 122 115 123 144 129 114 104 105 95 83 108 117 104 86 61 50 60 47 47 49 44 43 45 53 52 52 60 70 72 72 66 65 60 59 66 69 88 105 101 89 81 79 85 82 78 
199 196 206 209 216 221 225 223 208 194 183 178 190 175 206 190 147 131 189 174 119 95 183 182 149 123 136 137 114 111 111 96 80 69 61 73 79 78 78 79 82 85 89 82 84 76 78 87 77 71 72 68 70 85 94 89 88 58 89 88 80 77 79 77 
193 195 202 204 216 221 222 220 203 191 177 168 191 168 203 190 145 134 183 172 119 88 186 190 142 82 129 160 124 97 100 101 97 102 98 79 84 85 93 99 83 73 75 82 85 78 79 91 92 93 91 76 63 55 55 44 41 46 82 85 75 73 81 80 
198 198 203 204 215 221 221 217 202 186 170 154 188 166 201 190 149 138 185 178 123 95 189 185 131 70 100 150 104 73 69 86 90 89 88 60 73 77 79 91 74 66 75 84 87 78 78 90 89 98 106 96 77 80 66 54 41 44 72 77 66 70 82 81 
191 193 204 204 211 220 220 211 199 181 160 137 181 172 203 193 154 144 194 183 122 99 189 182 121 72 86 134 87 74 71 85 88 85 88 59 75 82 81 92 71 71 78 85 87 79 80 92 93 100 102 94 82 105 95 62 48 43 61 62 56 65 80 83 
180 185 203 202 208 220 215 200 191 176 153 129 174 180 206 196 156 144 194 182 122 102 187 179 115 71 84 133 84 72 70 86 89 87 90 58 75 81 82 87 74 75 78 84 84 78 81 92 93 102 104 94 79 106 105 75 35 27 48 47 49 65 82 87 
177 178 203 203 207 219 210 190 177 168 144 128 165 184 208 196 155 137 186 172 117 99 182 173 117 73 90 143 97 74 69 88 90 90 91 60 73 77 79 85 72 75 80 85 87 80 83 92 90 102 106 95 78 102 102 83 31 23 50 38 47 67 83 86 
174 171 201 205 208 216 204 179 159 158 137 133 167 182 205 200 159 133 184 170 117 95 176 170 118 74 92 146 107 77 66 88 90 88 90 60 73 74 76 84 69 75 80 85 86 79 83 87 92 103 103 95 80 104 103 90 32 11 42 30 51 75 86 87 
176 170 199 203 207 215 201 169 146 150 133 137 172 184 205 204 169 153 196 179 122 92 173 169 120 73 99 146 111 77 67 88 90 89 90 61 73 74 74 81 67 72 76 81 84 81 87 92 93 103 105 99 80 104 101 95 53 15 41 37 57 80 90 92 
178 172 198 200 205 216 201 166 139 146 130 139 170 173 199 204 166 163 203 187 132 89 168 161 114 74 103 152 119 77 66 84 90 89 89 59 73 77 74 83 68 71 76 80 83 80 90 96 96 106 105 99 79 102 101 101 51 10 43 48 65 83 91 92 
182 180 198 199 201 216 203 168 138 138 127 142 169 163 188 204 162 155 205 193 146 86 159 141 92 69 104 163 127 79 67 81 87 85 87 59 75 77 76 84 70 75 75 78 82 84 94 100 96 100 101 100 81 105 103 106 64 18 55 62 76 89 94 96 
185 188 199 196 194 212 203 174 141 134 129 148 166 158 180 203 160 149 205 197 152 89 156 129 80 72 110 170 133 83 67 82 90 84 87 59 76 79 80 86 69 76 75 80 83 84 93 100 94 94 95 96 83 108 103 106 91 58 77 73 87 94 96 101 
174 185 202 193 186 208 203 178 147 137 135 154 164 154 174 202 155 132 203 197 153 107 161 122 77 79 123 173 125 82 71 84 91 87 88 58 77 81 83 86 69 73 72 82 86 80 88 98 94 94 99 97 81 109 106 106 106 102 86 80 95 98 100 102 
168 185 205 192 177 202 204 185 159 143 134 154 161 147 173 201 148 114 197 196 153 114 162 122 76 78 128 174 113 77 69 78 85 86 86 60 80 78 75 80 69 72 73 85 85 79 87 96 92 94 97 94 80 111 109 106 103 104 87 86 97 96 102 99 
174 193 204 192 164 197 208 196 178 150 132 149 156 131 168 200 150 108 190 193 149 105 154 125 78 78 122 173 110 78 72 79 85 86 84 59 78 76 70 78 69 72 76 89 91 79 86 96 94 95 97 91 76 107 109 104 102 103 87 86 98 100 106 102 
185 200 203 193 164 199 209 204 193 159 131 142 158 131 174 202 158 105 175 187 142 88 145 125 76 77 115 171 103 75 72 81 85 85 83 58 77 74 73 84 71 70 73 90 95 80 85 92 94 96 97 92 72 100 105 101 102 103 85 86 97 102 106 105 
185 199 204 194 168 199 210 210 200 169 135 140 170 145 185 204 162 101 161 179 126 75 137 129 78 82 107 168 99 74 69 78 85 82 85 58 75 75 76 90 72 71 69 81 88 81 85 91 95 101 97 92 74 103 103 98 101 102 87 88 98 102 106 103 
174 194 205 196 177 199 211 215 205 182 138 151 194 166 191 202 161 100 150 177 112 67 124 132 83 80 98 161 97 80 70 76 83 84 88 61 78 77 78 90 75 75 67 76 84 79 87 94 96 99 99 95 77 104 104 96 101 99 85 89 98 102 106 103 
167 189 204 199 189 208 215 216 207 189 135 169 201 156 184 196 154 90 133 170 113 67 112 130 82 79 96 160 97 83 70 75 81 86 90 63 77 75 78 91 80 78 68 73 85 78 98 99 99 99 100 94 73 99 103 94 103 104 87 91 98 101 103 104 
168 190 204 200 198 211 215 215 208 184 133 188 196 137 165 183 147 90 116 158 117 70 91 107 77 79 92 156 98 84 66 73 80 83 88 61 78 76 82 92 76 75 68 73 82 78 100 102 102 103 104 95 72 98 104 97 103 105 88 92 102 103 102 100 
176 195 207 206 206 212 214 214 208 177 132 195 190 132 153 186 153 95 110 142 96 75 82 83 76 81 89 153 94 84 66 74 80 79 84 58 80 76 84 91 75 77 70 71 80 77 87 96 98 105 105 95 73 99 104 100 104 105 89 93 104 102 103 104 
191 199 206 209 210 211 213 214 207 171 125 197 190 133 156 195 160 98 108 128 78 77 86 80 78 83 87 153 94 80 64 75 78 76 81 57 79 77 83 90 74 78 71 70 80 75 80 91 95 102 103 93 74 100 107 102 102 103 88 94 102 103 102 104 
194 197 205 211 212 210 209 206 205 171 132 197 189 144 173 198 152 98 109 122 80 76 79 80 86 85 88 155 101 78 64 76 79 75 81 61 79 79 84 89 71 78 72 71 84 73 78 94 99 97 99 93 74 97 104 105 101 103 89 95 100 102 104 107 
193 196 205 209 213 214 209 202 207 180 162 203 193 159 185 198 157 104 112 122 91 78 83 89 105 83 85 152 99 76 63 74 80 80 82 60 76 79 85 89 69 75 73 71 80 74 81 94 93 96 100 92 73 96 103 106 105 107 90 94 103 102 105 111 
187 197 206 206 213 217 213 209 210 195 191 212 195 161 190 202 166 103 113 126 98 78 84 100 116 84 88 153 101 75 65 72 76 79 81 61 74 80 84 93 70 72 73 71 75 71 84 94 93 96 101 94 75 98 103 105 106 106 89 94 104 104 106 112 
188 199 207 210 214 218 217 214 211 204 208 215 194 164 198 201 165 105 114 135 103 76 77 108 127 84 90 155 107 73 64 71 74 73 79 63 76 84 85 93 70 73 74 73 72 67 88 94 93 94 100 95 74 97 102 103 108 107 90 94 103 105 107 112 


212 219 229 230 230 224 204 205 226 207 207 225 204 169 210 221 193 209 221 193 134 101 167 191 129 72 111 140 122 90 73 93 91 89 83 69 86 85 86 82 65 76 83 85 83 82 87 99 98 100 103 99 78 90 96 98 95 92 82 85 95 98 99 97 
218 222 227 230 231 225 210 213 228 207 204 226 205 172 211 219 191 205 220 194 136 98 162 187 124 73 102 133 120 90 74 91 90 88 84 71 88 88 86 82 65 79 85 87 85 81 85 98 99 100 105 96 77 90 96 98 95 94 83 83 94 97 101 102 
219 222 224 229 230 225 217 222 228 204 200 226 207 177 216 219 190 203 221 195 133 92 153 186 123 75 92 128 119 92 78 97 99 87 84 70 85 89 85 79 65 77 83 88 87 77 80 97 101 104 106 94 79 92 97 99 97 96 83 82 94 97 100 105 
213 219 222 228 229 225 221 226 227 198 188 223 206 173 215 219 186 200 220 198 131 84 143 181 123 73 85 134 130 95 76 100 104 90 87 68 83 85 83 79 67 80 82 87 87 77 80 96 99 100 98 91 81 95 98 98 94 96 82 84 93 97 99 100 
215 219 220 225 231 225 221 227 227 194 174 220 205 164 208 219 187 191 206 191 130 85 131 163 116 75 79 136 123 93 76 93 97 91 90 68 85 86 83 75 61 80 81 86 86 77 80 93 95 95 94 89 81 94 96 97 94 97 83 85 95 98 98 95 
221 224 221 225 232 227 222 227 227 195 165 218 205 164 211 223 192 194 217 190 125 91 154 162 101 82 85 135 105 93 74 91 98 91 90 69 91 88 82 80 67 78 79 86 85 75 79 90 92 94 94 87 81 95 97 97 96 98 85 84 92 96 95 90 
218 225 224 227 233 230 228 228 227 194 157 215 206 177 216 223 195 192 221 197 133 100 161 169 101 82 82 100 92 95 73 91 98 90 88 69 89 86 82 85 70 79 78 85 87 74 78 89 97 95 96 87 80 97 98 98 97 97 84 84 91 95 95 89 
216 225 224 228 233 233 233 233 227 195 163 217 211 189 221 224 194 192 221 194 132 99 158 167 100 84 81 89 88 95 76 92 96 90 89 71 87 85 81 86 67 79 78 84 88 75 77 88 99 94 93 86 80 98 97 96 98 97 83 86 94 95 98 91 
217 227 227 230 235 235 236 234 227 194 163 219 215 194 224 225 193 198 222 192 126 88 158 170 98 85 79 89 89 96 75 94 97 88 88 69 87 86 83 86 68 78 79 83 85 77 80 91 97 95 94 87 82 99 100 97 97 95 83 88 96 96 100 95 
218 226 231 233 235 236 233 234 229 193 164 220 216 195 224 223 188 203 223 191 126 90 162 172 99 80 73 86 93 97 75 95 96 90 90 70 88 86 83 86 68 76 76 80 81 75 81 93 96 98 96 89 82 100 102 100 96 94 83 86 97 96 101 96 
215 224 230 232 230 234 230 235 229 191 165 220 216 197 224 222 182 194 222 190 128 93 165 173 107 78 73 83 90 95 74 90 92 87 89 70 89 85 84 87 64 75 75 77 77 71 80 94 95 93 95 88 82 100 103 100 96 98 82 84 96 98 101 98 
214 222 228 231 229 230 224 234 227 190 167 221 214 189 223 221 175 174 220 188 124 89 162 170 112 76 79 84 87 96 74 87 86 85 88 67 87 83 84 87 65 74 74 75 80 76 84 96 94 95 97 89 83 99 104 96 98 100 83 83 95 97 100 99 
211 216 225 231 231 230 222 234 228 192 172 223 211 178 220 220 173 155 215 185 122 86 154 156 95 72 83 90 92 98 74 85 88 87 87 66 86 84 83 89 67 74 74 80 85 78 81 92 94 98 101 93 82 97 101 93 96 98 82 83 96 97 99 99 
208 209 219 228 231 230 224 235 229 191 173 226 212 181 220 219 173 142 209 186 122 88 143 139 79 74 83 83 87 96 74 88 89 87 84 64 82 81 80 90 69 67 69 77 86 77 77 87 91 95 99 93 81 98 99 94 96 93 80 83 96 97 100 98 
205 200 212 225 230 231 228 235 228 189 175 226 215 190 221 217 169 124 199 189 122 87 128 132 89 80 77 76 87 94 74 91 87 83 80 65 80 79 78 87 74 70 71 78 85 76 76 86 88 93 94 89 83 100 99 95 97 91 80 82 97 97 101 101 
206 202 208 223 230 232 229 233 225 185 170 226 217 194 222 211 154 92 181 189 122 82 112 129 100 83 74 76 87 93 73 90 90 90 89 78 85 82 81 86 69 75 77 81 83 77 74 85 86 92 91 87 78 94 96 96 98 93 83 81 94 96 101 102 
209 202 208 223 229 230 224 231 223 180 167 226 215 188 220 211 149 86 168 189 124 79 84 96 91 77 73 78 88 92 71 99 114 112 109 97 96 97 99 101 88 86 80 82 82 79 73 82 87 94 92 89 78 93 96 99 97 95 84 79 93 98 103 103 
212 210 210 220 229 229 214 225 221 182 174 227 213 171 211 214 154 92 169 187 123 80 87 77 80 81 76 81 91 101 99 114 89 83 83 68 65 76 90 98 92 92 95 90 87 82 76 95 108 110 100 92 78 89 98 102 100 97 83 81 97 100 103 103 
215 215 212 221 229 229 210 227 226 189 181 227 211 159 202 214 160 104 180 187 126 79 90 74 84 88 90 109 113 106 105 100 76 73 72 65 64 67 77 78 74 69 75 87 100 102 100 119 120 121 124 112 91 93 95 104 101 95 82 82 98 101 103 103 
214 214 208 220 229 230 210 229 228 195 189 229 213 164 205 212 159 109 183 186 129 80 96 85 100 119 119 108 86 84 76 66 51 78 102 71 80 84 87 82 74 72 64 65 72 86 85 93 91 94 112 125 124 122 112 108 101 96 83 85 99 101 102 96 
212 211 202 218 229 232 217 230 229 197 190 230 216 179 209 209 156 111 184 183 133 85 123 140 136 127 102 81 75 91 54 59 56 72 107 95 102 103 98 89 79 69 56 48 48 52 51 64 67 73 94 108 111 116 126 129 119 104 87 86 99 104 126 114 
216 208 201 218 228 230 222 230 227 193 182 225 217 190 215 206 153 110 183 179 149 133 148 144 120 114 88 79 86 63 54 68 75 73 95 107 117 116 100 100 81 72 54 40 33 37 51 60 54 59 82 102 107 106 108 118 123 118 90 88 101 117 154 124 
216 205 203 217 228 230 228 231 225 188 169 221 213 186 219 207 157 125 149 140 138 137 136 137 128 112 86 93 94 56 71 86 87 78 91 112 125 114 107 105 93 88 70 43 32 38 49 62 55 51 75 99 104 105 107 111 113 112 99 93 111 136 143 111 
212 204 205 214 228 231 232 232 224 187 156 213 191 163 195 183 133 109 97 101 108 108 130 143 135 118 86 93 73 63 89 82 90 93 101 118 120 107 103 100 98 97 90 69 59 43 51 56 49 49 78 96 100 103 107 109 109 102 110 131 140 141 127 104 
212 208 205 213 227 232 234 233 224 189 154 179 103 100 98 87 72 76 78 93 97 105 114 137 136 127 84 84 73 79 85 71 83 96 107 114 110 102 103 102 101 99 101 87 83 72 78 56 40 52 81 94 97 100 104 107 106 98 98 119 121 120 114 89 
219 213 209 213 225 233 235 234 224 192 161 193 97 88 85 74 68 65 66 82 103 113 112 125 133 130 83 79 86 88 94 81 79 97 105 107 99 99 104 106 104 105 102 86 84 80 77 60 41 55 78 88 89 92 98 102 100 95 96 105 109 107 103 70 
220 215 211 211 221 232 234 235 224 192 165 219 158 76 70 65 67 57 61 66 119 132 114 120 132 134 96 84 100 119 113 80 75 94 102 102 102 101 103 103 101 101 96 87 77 69 63 64 56 64 74 81 88 87 90 94 94 90 93 97 102 102 94 70 
219 215 213 212 217 231 234 235 225 186 166 227 208 105 64 68 67 67 56 74 123 131 121 123 129 132 113 100 123 141 110 74 74 93 101 103 104 104 99 98 99 99 87 77 65 54 50 54 48 61 73 77 89 92 86 86 86 87 88 92 100 98 88 74 
220 214 213 211 211 230 235 235 225 181 178 231 217 129 69 74 70 71 61 78 116 119 119 122 127 131 129 131 139 98 85 69 76 94 101 99 98 102 103 95 91 86 76 64 49 38 42 43 47 56 64 67 78 94 92 95 92 94 90 92 95 96 90 79 
222 213 214 211 208 230 237 236 228 190 203 234 217 132 77 79 73 66 84 89 83 92 111 121 126 132 135 144 90 36 52 69 81 95 97 98 101 105 106 99 95 87 62 43 41 42 45 45 53 52 53 54 69 88 90 99 105 106 88 82 92 95 89 80 
223 215 217 212 206 229 236 237 230 205 221 235 217 127 82 88 60 57 73 100 56 69 105 119 126 132 139 135 56 42 49 74 84 89 91 97 102 103 104 91 81 79 48 37 41 40 46 46 49 47 50 53 65 84 82 88 94 103 94 89 93 95 85 76 
221 218 220 211 206 228 234 237 233 221 230 234 220 128 77 84 71 59 74 74 95 113 106 122 125 131 141 121 46 40 57 59 58 73 89 99 94 96 100 97 77 56 32 31 39 43 47 45 50 52 46 58 65 78 81 81 80 89 108 104 101 98 89 93 
217 221 224 217 210 227 231 237 234 230 233 233 224 139 73 66 81 73 71 66 105 123 114 122 126 131 137 134 76 46 67 70 58 62 82 100 99 101 100 91 71 44 30 26 28 34 37 36 43 50 47 57 64 74 79 79 73 83 111 112 108 107 109 113 
217 219 225 222 218 232 235 236 231 230 232 232 227 150 75 59 62 72 53 65 97 129 117 116 127 134 134 127 124 94 45 46 76 64 68 95 106 104 100 86 61 37 29 22 27 35 37 43 50 48 54 57 67 67 73 75 64 83 110 116 109 110 114 119 
215 212 225 225 225 234 236 237 231 222 228 230 220 153 70 56 51 55 48 60 88 123 114 112 126 135 125 102 118 103 40 22 71 70 61 88 94 100 93 56 41 29 24 26 26 29 35 42 56 48 54 60 62 57 60 67 62 81 112 119 113 117 120 122 
215 215 225 227 228 235 237 237 233 218 224 226 202 115 69 66 55 64 61 65 95 103 108 111 113 126 114 93 119 91 38 21 73 76 58 87 80 80 78 41 29 29 26 30 37 33 34 40 55 63 57 51 51 51 48 39 49 83 115 120 118 123 124 112 
217 219 224 227 229 235 238 238 235 222 221 220 161 82 84 74 62 62 66 81 98 98 99 110 102 108 115 92 112 118 50 45 95 71 49 79 68 58 52 27 20 33 25 27 41 33 34 34 47 57 50 52 55 49 37 36 44 79 121 113 102 95 86 74 
218 218 223 227 230 234 237 237 233 220 213 210 129 94 92 76 67 78 90 90 92 98 113 107 104 103 107 91 97 136 112 104 124 83 57 76 56 44 38 27 30 40 29 39 40 39 45 46 63 64 62 62 55 44 38 53 64 101 112 89 83 81 73 71 
215 212 221 225 227 232 236 236 227 212 203 202 157 128 150 153 136 118 132 126 118 127 149 134 119 110 110 100 90 116 122 109 90 63 52 62 49 49 51 46 45 46 55 53 53 60 70 72 72 67 64 59 59 66 69 88 106 99 84 76 74 77 72 72 
211 208 218 221 228 232 236 235 220 205 196 191 200 185 216 199 157 143 199 183 127 104 192 190 155 127 141 141 119 114 114 98 81 70 63 74 80 79 79 80 83 86 90 83 84 76 76 85 77 70 71 67 70 85 94 89 88 54 78 81 74 69 70 70 
205 207 214 215 228 232 233 232 216 203 190 180 200 178 213 200 156 146 192 182 128 98 195 199 152 90 137 169 131 100 102 102 99 103 98 80 85 87 94 99 83 75 76 83 85 77 77 88 89 89 87 73 61 54 54 44 38 40 72 77 67 62 70 70 
208 210 215 214 224 231 232 229 214 198 183 167 197 175 209 199 158 149 194 186 130 105 198 195 141 77 108 159 113 78 72 88 92 92 89 63 74 78 80 91 75 68 76 85 87 78 77 89 87 94 102 93 72 77 63 52 38 40 62 67 58 61 72 73 
202 205 215 214 221 231 231 223 211 194 173 149 191 181 210 202 161 154 202 190 131 109 198 192 130 78 92 144 98 79 73 88 91 88 89 62 77 83 83 92 72 72 79 85 87 78 79 89 89 96 99 92 77 100 91 61 46 40 53 54 50 61 75 80 
192 197 215 212 218 231 226 212 203 189 164 139 183 189 215 205 164 154 203 189 130 110 195 188 124 76 88 141 93 77 73 89 92 89 91 62 77 83 85 88 75 76 79 84 85 78 80 90 90 99 101 92 74 101 100 74 35 28 42 42 47 62 78 83 
190 190 214 213 217 230 222 202 189 181 155 138 175 193 217 206 165 147 191 177 124 105 190 182 126 78 95 150 106 80 73 90 93 92 93 63 76 78 81 86 74 76 81 85 87 80 81 90 88 98 103 93 74 98 99 82 31 23 43 36 47 66 78 85 
184 182 211 215 217 228 216 191 171 170 148 143 175 191 214 209 169 143 187 174 124 102 184 179 127 78 98 153 118 86 71 91 92 90 92 62 75 75 78 85 70 76 81 85 85 79 81 86 88 99 103 94 76 100 99 88 32 11 37 29 52 74 82 86 
186 180 209 213 217 226 213 181 156 160 143 146 179 193 214 213 177 162 202 185 129 101 181 177 128 81 105 152 121 87 71 91 92 91 92 63 75 76 76 82 68 73 77 81 85 81 83 90 91 102 104 97 77 100 99 94 52 15 38 37 58 80 90 91 
189 184 209 210 215 226 213 177 150 156 140 148 179 183 208 213 175 172 211 195 141 99 176 172 126 84 108 160 130 86 71 86 92 90 91 62 75 79 76 85 70 73 77 80 83 79 87 94 95 104 104 97 76 98 99 99 50 10 42 49 66 82 90 91 
194 191 208 209 211 225 214 179 148 147 137 151 177 173 197 212 171 165 213 203 153 94 168 153 104 78 111 171 137 87 71 84 90 87 89 62 76 78 77 84 72 76 76 78 81 82 90 97 93 98 100 97 78 101 99 101 62 19 53 62 75 88 93 95 
195 198 209 206 204 222 214 184 150 142 137 155 175 168 189 211 170 158 213 206 160 97 165 140 91 80 116 178 141 90 72 85 92 85 89 62 77 79 80 86 70 76 75 80 83 82 88 96 92 93 94 95 79 103 99 102 87 56 75 73 86 93 95 101 
184 195 212 203 196 217 212 188 156 144 142 161 173 164 183 209 164 143 211 205 161 116 169 133 87 85 128 180 135 89 74 85 93 88 89 60 77 81 84 87 70 73 72 82 85 79 85 95 92 93 99 97 78 105 102 102 102 99 84 80 93 95 99 101 
178 195 215 203 188 212 213 194 168 149 143 160 169 156 182 208 156 124 205 204 162 124 170 132 84 85 135 182 123 84 73 80 87 87 87 63 81 79 76 82 70 72 73 85 85 78 83 92 90 93 96 93 78 108 105 102 101 101 85 85 95 93 99 97 
185 203 214 203 175 207 218 206 187 158 140 156 163 139 177 208 158 116 198 201 158 113 162 134 86 85 129 181 119 83 74 81 86 87 86 62 79 76 69 78 71 72 76 89 89 78 81 91 90 94 97 90 75 105 106 101 100 101 85 85 97 97 103 101 
194 209 216 205 176 208 218 213 202 168 139 150 164 139 182 210 165 112 183 195 151 97 154 134 85 85 121 178 112 79 74 83 86 87 85 60 78 75 74 85 71 70 73 89 93 79 81 89 92 95 96 91 72 100 104 100 101 101 84 85 96 100 104 104 
193 209 216 206 180 208 220 220 209 179 143 147 177 154 193 212 168 108 169 187 133 82 145 137 87 87 111 173 105 77 71 80 86 83 87 61 77 74 77 91 73 71 69 79 88 80 81 89 94 101 96 91 74 103 103 97 100 100 85 87 98 102 105 101 
183 204 216 207 189 209 221 225 215 191 145 156 200 173 198 210 168 106 157 185 120 73 132 139 88 83 102 168 104 81 71 78 86 85 89 64 79 77 79 90 75 75 67 76 84 77 81 90 93 98 98 94 77 104 103 95 100 99 83 88 98 101 104 102 
177 201 216 210 200 218 224 225 216 196 143 175 207 164 191 204 163 96 139 178 120 72 118 135 86 82 99 165 104 85 71 77 83 88 92 65 78 76 79 91 80 78 68 73 84 78 91 92 95 98 99 94 72 97 102 93 103 103 86 88 97 100 102 102 
177 203 215 212 209 223 224 224 217 191 141 194 202 145 173 190 154 94 122 165 123 75 95 113 81 81 96 162 104 86 68 76 81 83 89 62 79 77 83 91 75 75 69 73 81 77 92 96 98 102 102 94 72 97 103 96 102 104 87 91 101 102 101 99 
184 207 219 217 217 224 224 224 217 185 141 203 197 139 161 192 160 98 113 148 102 78 83 86 78 83 93 159 101 86 68 77 81 80 86 61 80 77 84 91 75 76 70 70 79 76 82 91 94 102 104 93 73 99 103 100 103 103 88 92 104 102 101 101 
200 210 219 221 221 222 222 223 216 179 136 205 198 141 162 200 166 101 111 134 83 80 88 82 81 86 91 160 101 82 67 77 79 77 82 60 80 79 83 89 74 77 70 69 78 73 77 88 91 99 102 92 73 99 106 101 100 101 87 94 101 103 100 102 
204 208 218 223 224 222 219 216 215 179 143 205 198 154 179 204 159 101 111 127 84 79 82 81 88 86 91 161 107 80 66 78 80 76 82 63 80 80 84 88 71 77 71 70 81 71 76 91 95 96 98 92 74 97 104 104 100 100 88 94 100 102 103 106 
203 207 219 221 225 225 219 212 215 188 170 212 202 168 191 204 163 109 113 127 95 80 85 90 106 84 88 157 105 78 65 76 81 81 84 62 77 78 85 88 69 74 71 69 79 73 79 91 91 95 99 92 73 96 103 105 104 105 89 93 103 102 104 110 
197 209 218 217 223 226 222 217 217 199 196 218 201 168 196 208 172 108 115 130 101 80 84 101 118 85 90 156 107 76 66 73 77 79 82 62 75 79 83 90 69 71 70 68 73 70 80 90 90 94 101 93 74 98 102 104 105 105 89 93 104 103 105 110 
197 209 217 220 224 226 225 222 218 209 212 221 199 169 202 206 170 109 115 139 106 79 78 111 129 86 92 157 112 74 63 71 75 74 81 64 76 82 84 91 70 71 71 71 71 66 82 90 89 92 99 94 73 96 101 102 105 104 89 93 102 102 106 110 


226 232 242 246 249 243 219 219 243 225 224 244 222 186 229 239 209 226 241 211 145 105 182 208 142 71 113 153 134 89 65 84 85 80 77 60 74 70 67 62 55 68 77 81 78 74 79 92 92 95 98 94 72 85 88 91 89 86 76 79 90 93 94 92 
235 237 241 247 251 246 228 230 247 225 223 246 224 191 231 237 209 223 240 211 146 100 176 204 136 72 104 145 133 90 65 83 84 77 78 63 77 74 69 63 55 70 79 83 80 75 78 93 94 96 99 91 72 85 89 91 90 89 78 77 89 92 96 95 
236 238 239 246 249 246 236 240 247 222 219 246 226 194 236 238 207 222 241 212 145 94 166 203 136 75 92 140 131 92 70 91 92 74 75 59 73 75 66 58 54 70 76 81 80 71 75 92 97 100 101 89 72 87 91 92 90 88 77 75 89 93 96 98 
230 235 238 245 250 244 239 244 247 216 207 244 224 189 234 238 203 218 240 216 142 83 154 198 136 75 84 145 142 93 68 93 99 77 77 58 70 70 64 60 57 71 74 80 81 70 73 91 94 96 94 86 74 90 93 92 89 88 74 76 89 92 95 93 
233 236 236 243 251 243 239 244 246 211 191 240 222 179 227 237 204 207 223 208 141 85 143 179 128 76 78 147 133 87 66 82 86 77 79 57 74 71 64 57 51 70 73 78 80 69 71 87 90 90 89 83 74 89 91 90 87 89 75 76 88 92 93 89 
240 241 237 241 250 246 239 243 244 209 181 236 221 179 229 242 208 210 235 207 135 92 166 178 111 83 81 144 109 83 64 77 82 76 79 58 81 72 63 62 56 68 70 79 80 67 70 83 87 89 88 81 73 89 91 91 88 90 76 74 83 89 89 85 
237 242 240 243 250 248 243 243 244 207 171 233 222 192 233 240 209 208 239 213 143 101 173 184 112 85 77 106 89 83 63 78 82 75 79 59 80 72 65 69 59 68 70 80 82 67 69 82 90 90 89 79 71 90 93 94 92 89 75 74 83 88 89 84 
233 242 241 244 250 249 248 249 243 206 176 233 226 204 238 240 207 207 238 208 142 99 168 180 111 89 75 92 81 80 64 75 79 74 79 60 78 71 63 69 59 67 68 77 82 68 69 80 91 89 87 79 72 92 93 92 93 90 75 76 86 89 91 83 
232 241 243 245 251 252 250 250 242 206 177 237 230 209 242 242 208 214 239 206 134 85 168 183 105 88 74 90 79 79 63 76 80 73 77 58 77 71 66 69 59 68 68 76 78 70 73 84 89 89 88 80 74 93 96 93 91 88 75 77 87 89 93 87 
230 239 246 248 251 252 247 250 244 205 177 236 231 210 241 239 202 219 240 205 133 86 172 184 105 82 68 86 82 79 62 77 80 76 78 58 73 69 65 71 60 68 67 73 75 68 72 84 88 92 89 81 75 94 95 94 90 88 74 75 87 87 92 90 
229 237 244 246 246 249 244 252 244 203 177 236 231 210 241 238 193 209 240 205 136 87 174 185 115 79 63 75 75 76 63 75 77 75 77 57 74 65 64 74 58 68 67 70 71 66 72 84 87 88 88 80 74 95 95 92 91 91 74 73 85 88 91 92 
228 235 243 246 244 245 239 252 244 202 181 239 230 203 240 238 186 188 237 203 133 83 170 181 121 75 63 70 71 77 63 73 73 73 74 56 74 63 66 75 56 65 68 68 74 71 75 85 85 87 90 82 74 94 97 89 91 92 74 72 84 87 91 93 
224 231 240 247 247 245 237 251 244 205 186 241 227 194 238 236 185 168 232 198 130 81 163 166 102 69 67 74 75 79 61 72 74 73 72 54 70 66 66 79 57 63 68 74 80 72 71 82 85 87 91 84 74 93 95 86 90 90 71 72 86 88 90 91 
221 222 233 245 247 245 239 252 245 203 188 243 226 196 237 235 186 155 226 200 131 86 152 151 85 69 65 70 68 75 59 72 73 72 68 50 66 64 62 79 59 56 61 71 81 70 68 78 84 87 88 84 75 94 93 87 90 86 70 72 85 87 90 88 
217 212 225 242 247 246 242 251 244 201 189 243 230 205 238 233 180 135 214 202 130 84 136 144 96 75 62 69 67 72 58 75 72 69 67 52 64 62 59 76 65 59 64 72 80 69 66 77 79 84 84 80 77 96 94 89 92 83 71 72 85 87 91 90 
218 214 221 238 247 247 244 250 239 196 184 243 232 208 239 227 165 99 192 203 131 78 113 140 108 79 64 72 69 71 57 76 77 77 78 65 70 65 61 75 61 66 69 75 78 70 65 76 77 84 82 77 70 89 91 91 92 86 73 70 84 86 91 90 
221 215 219 236 245 245 239 246 234 192 181 243 229 201 237 226 158 89 178 202 132 72 76 102 98 73 62 75 73 71 57 86 104 101 99 87 85 84 85 92 79 77 71 76 76 71 63 73 78 86 80 77 67 87 92 93 90 86 73 68 85 87 92 89 
224 223 222 235 243 244 229 238 232 194 187 243 227 184 228 229 164 96 179 200 132 72 72 79 82 77 67 78 81 86 89 105 81 77 75 57 55 66 80 89 81 81 84 82 79 74 66 86 100 102 91 82 68 83 93 96 91 88 73 71 87 89 92 91 
227 228 224 234 243 245 223 242 241 201 194 244 226 171 218 229 169 109 191 199 134 71 72 74 84 84 83 105 108 100 99 95 71 69 67 55 54 56 66 68 62 58 61 74 88 92 89 109 110 110 116 104 82 86 89 95 92 88 74 71 88 92 93 91 
226 226 219 234 245 246 223 244 243 207 201 245 228 177 221 226 169 116 195 198 137 72 78 81 99 117 115 104 81 79 69 59 45 71 97 62 70 73 75 72 62 59 50 51 56 71 70 79 76 78 98 113 114 115 105 98 92 89 74 73 89 91 92 84 
224 223 214 232 245 248 232 245 243 209 202 244 230 191 223 222 166 119 195 194 141 80 113 137 134 125 98 77 69 84 47 52 50 64 97 86 93 92 84 76 65 54 41 32 31 34 34 47 50 55 76 93 96 103 115 118 110 98 76 74 88 94 121 107 
230 220 213 232 244 248 238 247 243 205 195 239 231 204 230 220 164 119 193 190 155 132 146 143 117 109 83 72 79 55 47 61 66 62 80 93 106 105 85 86 64 54 39 22 14 17 31 41 35 40 63 85 89 89 93 105 111 109 80 76 92 110 152 118 
230 218 215 231 245 248 245 249 242 200 183 236 227 199 235 222 166 128 151 141 136 133 132 134 125 107 79 82 85 50 64 77 73 63 73 96 113 98 89 88 75 70 53 26 13 17 28 43 36 30 54 81 86 87 89 95 98 98 89 82 104 132 139 102 
226 218 217 228 245 249 250 249 239 199 170 228 201 172 207 192 134 106 94 96 104 105 125 137 131 111 77 81 67 58 82 70 71 73 82 101 105 87 81 79 78 79 71 49 39 24 31 36 28 27 56 77 81 84 89 91 92 85 96 122 132 133 119 95 
227 222 218 228 243 250 250 250 240 203 168 186 95 91 89 78 67 73 74 87 91 100 109 127 128 119 73 74 66 73 78 58 62 75 88 96 90 76 80 81 80 80 82 65 63 52 60 37 19 28 60 74 77 79 84 88 88 81 81 104 107 108 104 79 
234 227 222 227 240 250 252 252 241 207 175 205 90 78 73 64 62 61 62 78 97 105 104 113 120 120 70 69 79 81 85 67 58 74 84 86 74 73 82 89 88 89 85 64 63 58 56 39 19 32 56 65 66 69 76 82 81 77 78 89 93 94 92 58 
236 229 225 225 236 250 252 252 241 205 178 236 160 67 62 59 63 51 56 64 115 125 102 105 115 122 84 74 95 114 103 63 54 71 82 81 79 80 84 85 82 85 79 69 56 48 42 44 35 43 52 58 64 63 65 72 74 71 73 78 85 88 84 57 
234 229 226 224 230 247 251 252 240 197 179 242 220 100 59 65 64 57 46 71 119 124 108 107 112 118 101 91 116 134 98 54 51 70 79 82 82 83 77 77 79 81 70 59 48 34 29 33 27 41 53 57 68 70 63 65 67 67 68 74 86 88 78 61 
235 229 224 223 224 244 251 252 240 193 192 246 229 130 67 73 65 60 52 73 111 113 107 104 109 116 116 123 128 82 66 48 51 70 78 77 74 77 81 74 71 66 60 47 36 20 20 22 25 36 45 46 56 74 72 76 74 77 73 79 83 85 79 66 
235 226 226 224 221 244 253 254 242 201 217 249 230 134 78 80 69 60 77 84 79 88 102 102 108 117 124 135 73 24 36 45 54 71 74 75 78 82 85 80 76 71 48 29 28 27 23 24 32 32 32 32 46 68 70 80 87 91 74 69 81 84 78 66 
237 227 230 225 220 245 253 254 245 217 236 251 231 130 83 88 58 56 69 97 52 66 97 100 107 117 130 124 40 29 32 48 58 66 69 74 79 82 84 71 62 65 38 25 28 25 26 26 28 27 29 32 44 64 63 69 76 87 80 76 81 83 74 64 
235 231 233 225 219 243 252 255 249 235 247 252 233 130 78 84 69 57 71 72 93 108 96 105 106 115 132 110 32 25 39 36 34 50 66 75 69 73 81 81 62 43 24 20 27 29 30 28 33 32 25 38 45 59 62 62 62 72 93 91 89 87 79 79 
231 234 237 231 224 242 249 255 251 245 250 251 238 143 74 66 80 67 65 64 103 120 104 107 110 116 127 127 59 30 45 48 35 39 59 77 71 77 80 76 59 32 21 17 18 22 23 24 32 36 29 39 47 57 62 62 56 66 97 99 94 93 97 102 
231 233 239 236 232 246 252 254 246 246 250 249 240 154 76 58 61 63 41 62 96 126 107 104 112 121 125 120 116 79 27 28 53 42 45 75 85 84 84 76 51 27 19 13 17 24 24 30 41 39 42 43 54 54 59 62 51 68 98 105 97 98 104 109 
227 226 238 239 239 248 253 254 246 239 246 246 234 153 64 54 49 49 40 58 87 119 108 103 114 125 117 95 113 87 22 12 51 50 42 68 79 88 83 47 32 19 14 16 16 19 22 29 48 39 43 49 54 48 47 56 52 69 102 112 105 109 114 116 
229 228 238 242 242 250 254 255 249 233 241 241 212 110 61 59 52 61 58 63 92 99 104 107 106 120 107 85 114 75 22 12 56 59 46 74 68 70 71 32 21 20 18 22 27 24 23 30 47 57 51 45 43 43 38 29 40 73 107 114 114 121 122 110 
232 232 237 242 243 250 254 254 251 237 238 235 163 75 76 65 57 60 65 79 95 96 97 108 99 104 111 86 110 107 32 29 82 61 43 72 61 50 45 20 15 26 19 22 33 24 23 25 41 52 45 47 48 40 28 26 35 71 115 108 95 87 77 61 
232 230 236 242 244 250 254 254 248 234 229 224 126 87 86 67 62 77 91 91 92 98 114 108 105 101 105 89 96 134 102 97 123 81 55 74 50 37 32 22 24 34 24 34 34 30 34 38 60 61 58 58 49 37 32 48 57 94 108 83 71 67 60 56 
228 224 235 240 241 248 254 253 242 227 219 216 159 127 151 155 139 121 136 129 120 129 153 137 122 111 109 100 89 118 123 109 90 61 50 59 45 43 46 40 40 42 50 48 46 52 62 68 68 62 60 53 53 60 65 85 104 94 75 66 61 63 57 58 
223 220 232 235 242 248 254 251 234 222 211 206 211 195 228 211 167 153 210 193 135 111 203 201 161 128 145 146 121 115 115 96 77 67 59 69 74 73 73 75 78 81 85 77 77 66 64 78 69 63 65 61 64 80 90 85 84 41 65 69 61 53 52 54 
216 219 226 228 242 247 251 248 230 219 206 195 213 189 225 211 166 158 206 194 136 105 210 214 162 89 142 181 138 94 92 90 85 90 87 68 71 72 82 90 72 65 68 77 79 67 64 78 79 80 78 63 52 45 43 30 23 22 58 65 51 46 52 54 
220 222 227 226 239 246 249 244 228 214 199 181 210 187 222 211 168 161 207 198 139 112 212 209 151 73 108 171 121 67 52 69 73 75 73 46 55 59 65 79 61 55 68 79 81 69 64 77 77 84 94 85 62 66 52 39 24 21 47 52 39 43 57 58 
214 217 227 226 235 246 246 238 226 209 188 159 203 192 223 213 172 165 215 201 139 118 211 205 140 71 86 154 104 71 55 67 70 70 75 47 57 65 67 80 59 60 71 80 80 70 66 78 78 86 91 84 67 89 82 51 34 26 37 36 31 45 61 66 
203 208 227 224 231 246 241 226 217 203 177 149 195 201 227 216 175 165 215 200 137 117 208 200 134 70 79 149 97 70 56 67 68 69 77 46 59 66 65 73 62 63 70 78 77 69 67 79 80 88 91 84 64 90 92 65 27 17 26 24 29 49 65 71 
200 200 226 225 230 246 237 217 203 194 165 147 186 205 230 219 177 159 201 185 132 110 201 193 136 76 89 160 113 75 57 70 71 73 78 48 58 61 60 69 61 63 70 77 79 70 68 78 76 88 94 85 64 88 91 74 24 14 28 18 32 53 66 74 
195 192 222 227 231 242 232 207 186 182 157 152 186 203 230 224 180 155 197 181 132 107 196 191 135 76 93 163 126 85 53 70 70 70 76 47 56 56 57 68 58 62 71 77 78 69 68 74 76 89 93 86 67 91 91 81 27 7 27 16 42 65 72 77 
197 190 221 225 230 241 228 196 168 172 152 155 191 205 229 227 188 173 214 194 138 109 192 190 138 82 101 161 129 88 55 69 70 70 74 47 54 55 55 66 57 62 67 73 77 71 71 79 80 92 96 90 67 92 92 86 48 10 29 24 49 73 82 85 
201 194 220 222 228 240 227 190 160 168 149 158 192 196 222 228 186 184 225 206 149 107 188 184 136 87 108 169 138 85 55 65 70 69 71 44 54 58 55 67 58 60 67 72 76 70 75 83 86 95 97 90 64 89 91 89 47 7 34 37 58 77 84 86 
204 201 220 221 224 240 228 191 158 159 148 161 190 185 211 227 182 177 228 215 162 100 179 165 114 79 111 183 146 87 55 63 70 67 69 43 55 56 56 66 60 62 67 71 75 71 77 85 83 91 95 91 68 91 90 91 58 14 44 52 69 82 87 89 
206 209 221 218 216 235 228 196 160 152 148 166 187 180 202 226 181 172 228 221 170 103 178 153 100 82 118 191 151 91 57 66 76 69 70 45 57 58 58 66 59 63 67 74 75 71 75 85 83 86 87 91 69 93 90 90 79 47 65 64 80 87 90 93 
196 207 224 216 208 230 226 201 168 154 152 173 185 175 196 224 175 157 226 220 173 125 182 145 96 90 133 193 145 91 59 66 78 71 71 45 57 61 66 68 60 62 64 74 77 69 72 84 82 86 93 92 69 95 93 91 92 88 74 73 87 88 93 93 
188 206 227 215 199 225 228 207 179 161 154 172 181 168 195 222 167 136 221 218 174 135 183 144 92 91 141 194 133 83 60 62 71 70 69 48 63 62 60 65 59 61 64 76 77 69 70 81 81 88 92 87 68 99 96 91 91 91 76 77 88 87 94 90 
195 212 226 216 188 221 233 219 199 170 152 167 175 152 190 221 168 126 213 216 169 123 175 146 95 90 133 193 128 80 59 62 68 70 68 47 61 58 57 65 59 60 67 81 81 69 69 81 81 88 92 85 66 98 98 93 92 92 78 77 89 91 98 93 
205 220 228 218 189 223 234 227 214 180 151 161 177 152 195 223 176 119 197 209 162 105 167 146 94 88 123 191 119 74 57 64 69 73 69 47 60 59 61 71 60 58 65 81 85 70 68 79 82 89 92 88 65 94 98 94 92 92 77 77 89 94 98 96 
204 221 230 220 194 223 235 234 221 190 154 158 189 165 206 226 181 114 181 200 144 90 157 148 96 86 111 186 111 68 54 63 71 72 71 49 60 59 62 77 62 59 61 73 79 71 68 78 84 95 92 88 68 98 98 92 91 93 78 79 91 96 99 95 
194 216 230 222 201 221 236 240 229 204 156 168 212 184 212 225 181 112 168 199 131 79 141 150 96 78 99 181 109 67 55 63 70 74 73 51 64 62 64 79 66 63 59 70 76 70 69 79 83 92 93 89 71 100 99 90 92 92 78 81 92 96 99 96 
187 212 230 225 212 230 238 239 228 208 153 187 220 175 205 218 175 101 150 194 131 77 126 146 92 74 96 177 106 66 55 63 69 75 75 53 62 59 63 80 69 66 61 68 77 70 78 81 86 92 93 88 65 92 98 89 95 96 80 82 93 95 97 97 
187 213 228 225 222 236 239 237 229 203 153 208 215 155 186 204 166 98 130 180 135 80 101 124 86 73 92 174 104 64 52 60 69 71 74 51 62 59 66 81 66 64 62 68 76 69 80 84 89 95 97 88 64 90 99 92 95 97 81 83 96 98 96 95 
194 218 233 231 231 238 238 237 229 196 153 216 208 149 173 206 171 102 120 162 113 83 86 92 82 75 88 171 100 65 52 62 71 69 69 48 62 58 66 81 66 65 61 65 73 67 72 81 86 96 100 87 65 92 98 94 95 96 82 85 99 98 97 96 
210 221 232 233 235 237 237 236 228 190 147 218 210 152 175 214 177 104 117 146 90 86 94 87 84 76 84 171 103 66 52 64 71 68 66 47 61 58 66 78 64 65 61 64 73 68 68 78 81 93 98 87 67 92 100 96 93 93 82 88 97 99 96 95 
214 220 231 236 238 236 232 230 227 190 154 218 210 165 191 217 169 104 116 138 91 83 86 84 91 79 83 172 114 65 52 66 71 67 67 50 62 59 68 77 61 65 62 64 76 67 68 81 85 88 93 87 66 89 97 99 95 93 83 88 95 98 99 99 
213 219 232 235 240 240 233 226 228 200 182 226 215 180 205 217 174 113 118 137 103 86 88 94 111 80 79 169 113 63 52 64 71 73 70 49 60 59 70 78 59 62 61 63 74 68 70 81 82 86 94 86 65 88 97 100 97 96 82 86 98 98 100 106 
208 222 232 232 240 244 238 233 231 213 209 234 216 181 213 224 185 115 121 143 112 85 88 107 126 80 81 169 117 63 52 61 67 70 68 51 60 65 70 82 61 60 60 63 69 65 71 82 84 87 95 86 66 90 98 99 98 98 82 87 99 99 101 106 
207 221 230 235 239 244 242 237 232 222 226 237 213 182 218 222 184 117 123 152 117 85 81 119 140 80 83 169 122 62 50 59 63 62 67 54 62 69 72 81 62 59 60 64 66 61 74 82 83 87 95 88 65 89 96 96 97 98 83 87 98 99 101 104 