


133 163 171 180 199 189 156 103 149 186 186 183 182 201 161 137 132 147 143 103 97 101 116 113 113 99 104 104 112 109 105 122 129 125 128 126 128 131 129 130 123 131 135 156 153 161 160 142 125 136 165 161 159 137 127 133 130 153 147 160 119 104 107 191 
127 154 163 158 189 184 140 105 136 171 183 192 187 185 137 127 147 141 136 129 126 104 108 121 114 99 104 93 113 121 132 147 153 134 133 140 148 143 141 135 126 135 132 153 146 158 164 160 138 136 156 147 153 132 137 138 142 159 162 165 121 105 141 226 
132 149 157 170 169 166 135 109 135 161 190 194 191 176 138 134 159 137 152 156 157 125 108 111 123 118 93 91 115 118 136 145 146 138 138 139 143 143 141 133 118 132 134 157 156 163 159 153 138 144 162 152 151 142 135 138 136 141 131 116 104 94 187 235 
128 148 161 178 171 169 137 108 134 157 174 186 177 171 136 143 155 135 160 173 157 148 130 110 109 125 129 111 120 129 142 152 155 140 133 134 142 144 138 138 130 129 126 132 127 126 129 127 119 119 124 120 113 110 106 112 111 112 110 111 98 101 200 230 
123 152 153 164 155 156 135 101 129 156 182 176 189 178 137 142 153 134 171 151 145 148 137 133 120 116 109 106 113 126 132 127 130 125 116 118 120 121 119 124 124 118 117 123 124 125 122 121 118 125 129 129 117 121 115 106 108 105 108 102 91 99 190 231 
127 163 167 157 183 181 136 102 131 159 182 181 189 174 135 131 126 112 126 123 119 109 109 108 107 102 108 99 109 110 119 113 116 115 112 115 116 117 121 126 129 126 125 133 134 129 130 126 130 143 141 130 125 127 118 107 110 101 106 103 89 91 189 233 
126 162 175 183 202 192 155 115 135 154 170 185 179 168 133 129 123 109 108 102 103 103 108 114 124 115 114 106 105 105 106 108 108 101 109 112 114 114 127 147 146 145 143 150 153 154 152 152 157 155 153 149 114 106 104 106 117 115 109 108 94 96 191 234 
123 154 160 167 200 187 145 109 130 152 183 195 188 169 133 125 111 106 110 105 115 129 138 150 150 151 153 152 151 157 150 154 132 93 98 108 109 107 128 157 159 176 179 159 152 154 157 164 189 170 163 151 122 154 162 168 169 174 135 112 101 102 195 235 
127 150 146 153 170 163 137 98 127 152 183 191 191 176 137 113 117 118 118 121 137 159 167 187 167 155 154 160 170 188 173 159 131 136 163 177 180 164 126 160 177 184 183 180 156 149 165 191 170 187 180 162 120 166 178 182 178 177 133 99 100 102 190 237 
120 147 142 166 164 159 143 97 130 153 168 181 173 172 133 136 163 169 175 169 143 168 187 168 190 158 148 166 190 164 194 170 130 155 173 186 181 176 123 162 192 184 183 196 160 151 175 190 184 183 190 160 128 166 176 177 177 177 132 98 99 102 191 233 
125 145 145 170 166 162 145 91 131 163 178 173 184 182 123 135 169 176 175 168 142 176 183 174 193 170 151 178 189 184 187 179 140 156 180 181 188 183 131 177 190 184 184 187 187 170 185 181 170 177 170 182 123 169 181 180 185 186 135 113 104 105 196 231 
156 154 145 152 174 170 147 96 131 159 174 179 189 177 128 131 170 175 179 168 148 177 177 176 182 188 172 179 175 170 170 182 148 165 186 171 185 184 136 183 172 178 179 178 186 173 189 186 178 186 183 172 117 163 171 180 180 178 137 104 86 96 195 228 
151 141 159 166 197 188 152 99 129 150 163 183 176 169 128 135 176 177 176 166 147 178 181 179 187 184 165 186 185 179 186 178 138 160 183 189 175 173 128 166 193 183 183 195 161 153 178 190 179 185 188 153 121 162 169 178 179 178 130 102 90 103 195 228 
133 132 163 170 192 180 153 90 128 155 181 193 184 167 126 135 170 175 173 165 142 171 187 178 193 165 150 174 189 172 190 163 126 159 182 193 180 173 119 164 189 177 173 186 157 145 166 190 169 187 172 154 120 158 167 176 175 173 133 110 94 107 196 228 
121 137 147 149 176 167 150 111 138 156 188 195 188 174 126 132 170 172 171 164 140 164 188 174 185 156 149 161 180 177 172 152 127 136 159 167 154 143 126 155 169 183 182 164 152 156 154 163 188 168 158 154 123 123 124 128 127 120 115 110 95 105 199 233 
119 141 142 155 154 152 155 123 153 154 166 185 173 173 128 120 145 144 143 135 139 162 173 187 166 161 160 160 166 177 156 155 138 112 117 123 122 118 131 164 167 173 170 162 164 166 159 157 161 159 155 160 132 117 121 115 111 107 111 108 97 106 199 224 
127 151 147 170 158 157 143 130 156 157 179 177 188 174 126 112 116 122 124 131 139 155 155 150 144 147 142 138 132 127 128 130 121 121 123 121 124 119 119 132 138 140 138 135 128 130 126 127 130 128 133 131 126 126 117 109 100 102 106 107 91 104 199 221 
137 155 141 162 156 151 137 115 131 151 178 173 186 172 127 116 117 117 109 110 103 108 110 107 100 107 99 98 97 94 95 98 96 100 97 94 90 91 91 95 100 99 98 85 81 85 90 96 88 89 87 83 84 79 76 72 74 72 76 113 100 110 203 228 
141 160 153 150 183 176 137 101 124 143 167 181 171 164 128 125 111 94 86 85 87 81 82 78 64 63 65 66 73 70 71 72 74 72 74 75 73 76 77 75 73 76 75 78 77 76 81 84 80 83 86 86 90 87 82 85 84 83 83 101 100 98 192 229 
152 168 168 176 195 183 143 90 116 143 179 191 187 165 121 119 121 105 116 97 100 115 90 78 68 74 75 84 92 88 93 92 93 95 99 101 100 100 102 104 99 105 105 109 110 105 105 109 106 108 113 112 115 116 111 105 105 111 114 113 80 66 110 200 
184 160 153 151 185 176 133 91 115 142 180 193 190 167 123 118 111 92 128 125 116 114 80 78 86 88 87 89 77 82 96 99 93 80 88 98 109 104 103 91 83 92 97 103 100 96 75 72 68 78 105 102 97 75 73 72 77 99 94 97 73 61 67 158 
175 159 140 146 159 158 138 102 117 138 152 178 174 168 123 118 128 116 127 144 129 95 90 94 87 81 74 76 77 82 102 102 96 93 105 106 111 104 108 91 96 108 103 108 95 96 80 86 82 81 110 100 101 80 84 82 84 101 94 102 78 72 76 163 
176 161 144 165 157 154 143 110 124 142 155 156 177 166 125 124 131 116 120 131 111 89 84 87 86 76 81 81 77 87 103 106 100 88 95 103 111 111 105 90 86 97 104 105 96 101 80 80 79 93 107 104 105 88 88 81 91 110 115 111 92 78 77 173 
168 158 136 152 146 144 136 96 137 163 160 163 163 170 129 112 119 139 118 96 93 85 82 94 84 77 82 84 92 81 70 69 69 73 76 74 74 77 73 74 74 83 78 65 73 73 65 72 74 76 76 75 72 77 81 76 81 99 87 103 90 79 80 182 
171 168 139 134 168 164 133 105 158 153 148 145 154 173 122 110 116 140 117 103 90 83 96 88 101 91 81 77 85 89 100 93 83 89 102 95 78 83 104 113 94 96 95 101 107 90 84 93 98 81 67 74 103 101 70 66 83 94 100 98 92 80 81 186 
171 170 158 163 193 181 140 115 157 144 145 116 127 164 116 123 129 126 107 93 79 89 101 104 96 93 102 84 62 107 137 104 85 90 135 112 81 82 137 133 89 84 96 134 112 78 77 121 121 88 87 81 127 115 75 78 87 97 92 98 97 81 80 189 
167 167 165 172 199 187 139 118 164 142 143 150 137 164 104 117 139 118 100 85 84 82 95 97 95 111 124 91 66 118 135 117 107 103 132 113 101 96 143 127 101 104 108 129 115 100 94 132 120 96 97 92 130 116 83 87 94 91 98 100 97 88 86 192 
149 156 151 143 174 167 122 104 156 137 140 153 165 169 106 119 124 94 89 76 91 85 92 96 94 121 137 95 76 117 142 110 87 97 128 114 82 88 136 132 96 84 102 133 119 81 83 115 120 98 88 95 121 117 86 84 84 86 93 95 92 83 85 195 
144 150 143 160 147 145 126 104 156 145 147 145 160 178 112 119 109 89 78 82 87 96 106 101 128 84 64 118 131 93 80 110 142 114 83 89 136 130 90 84 126 142 107 82 92 143 135 84 83 116 140 125 79 79 127 114 97 100 89 102 96 90 89 202 
148 155 154 163 159 160 133 101 159 158 159 155 163 186 126 120 112 101 82 90 85 95 108 113 140 84 53 125 128 105 107 118 139 118 105 100 138 125 107 103 134 132 114 110 106 144 128 103 108 123 131 121 103 98 127 105 103 114 131 123 102 89 88 205 
161 162 148 155 159 160 122 94 157 157 151 146 158 185 129 119 112 107 87 92 95 101 102 133 146 86 62 119 133 101 88 111 138 114 83 90 130 127 91 85 125 141 107 82 91 146 140 88 85 117 145 127 82 81 121 121 111 123 132 117 96 91 92 207 
164 170 155 155 195 182 118 83 153 144 152 133 161 188 127 127 125 104 84 92 93 111 113 97 89 127 127 94 88 122 138 105 85 104 141 123 80 87 141 141 110 84 106 140 121 85 91 135 138 104 83 95 137 131 81 76 98 125 134 123 95 89 98 217 
149 175 173 180 201 187 124 92 154 142 143 142 162 189 120 122 126 88 94 97 100 104 116 90 76 137 131 104 101 130 137 113 109 115 142 127 111 104 153 138 166 116 121 141 124 105 102 145 130 108 107 102 118 121 98 99 119 144 162 140 113 105 114 226 
153 162 157 158 188 171 107 86 151 163 155 148 164 187 140 127 126 82 99 118 116 109 123 93 79 129 134 96 85 124 144 111 91 106 146 126 84 92 151 149 174 106 113 149 130 89 90 142 144 106 91 97 134 135 85 86 119 142 136 136 117 115 119 227 
151 159 149 159 143 141 113 86 155 166 160 148 160 181 123 120 124 82 100 103 114 101 87 137 142 97 91 122 128 102 96 116 138 115 89 99 144 136 96 95 138 136 105 91 97 126 124 95 98 111 126 118 93 99 124 123 133 138 140 125 113 116 118 224 
157 157 154 167 156 152 127 91 156 151 155 171 166 184 117 111 124 82 107 107 124 97 74 141 150 115 107 137 131 110 115 123 137 119 111 112 153 137 112 111 143 141 112 110 109 151 138 103 110 128 137 124 97 98 136 117 115 128 134 127 124 110 120 223 
161 154 140 158 159 153 119 88 156 152 150 138 141 181 122 110 113 80 100 103 115 94 76 143 154 109 96 133 138 105 101 121 145 122 95 103 156 144 100 99 139 150 111 99 106 156 143 97 105 127 142 128 97 99 140 128 114 120 124 131 132 103 118 223 
152 159 145 143 184 175 117 85 156 149 147 134 150 182 123 100 93 83 95 118 118 99 111 96 94 127 127 100 96 123 137 114 103 112 136 120 93 98 126 127 105 106 113 124 121 112 119 115 112 117 135 115 103 110 110 115 119 117 126 141 142 108 125 224 
142 165 165 171 199 186 133 92 159 138 132 147 155 182 130 102 97 84 85 98 102 99 112 87 81 140 127 103 102 139 141 124 111 121 145 125 105 102 151 134 103 103 130 149 139 102 106 158 142 122 112 110 154 145 96 96 113 128 120 151 131 114 128 226 
127 157 164 171 199 183 123 87 159 133 126 149 155 184 124 102 94 86 79 95 94 99 100 83 79 136 136 100 97 138 149 113 101 122 153 130 96 99 155 145 109 114 142 159 146 114 116 161 143 126 125 131 156 142 110 120 121 141 158 147 123 110 128 226 
131 154 144 143 164 156 113 86 157 145 138 150 155 175 114 109 97 84 78 93 103 101 93 122 135 100 97 119 126 110 107 119 130 119 107 112 127 127 119 128 125 128 131 137 131 115 123 142 147 130 116 126 158 158 105 103 127 148 160 138 119 115 130 228 
130 147 144 159 139 136 121 89 157 135 136 136 146 178 118 116 98 82 75 86 97 105 98 115 143 90 72 129 124 107 104 128 137 122 106 109 144 137 106 109 152 142 123 101 117 158 153 104 96 140 158 148 93 108 156 154 137 145 159 139 117 110 129 227 
125 147 151 166 156 149 122 87 152 132 133 139 148 180 117 114 105 87 76 75 94 104 97 98 133 83 63 131 138 106 101 125 148 121 105 109 151 146 118 124 158 143 131 122 131 157 149 123 120 144 146 140 113 125 155 132 131 150 163 141 120 109 128 226 
128 157 150 150 171 166 117 82 154 148 152 156 155 179 109 112 107 95 84 69 93 100 105 97 103 116 124 101 98 120 131 117 118 118 121 113 113 131 135 141 142 150 136 118 128 155 157 118 118 142 166 154 105 120 162 156 140 141 128 131 122 109 131 226 
146 163 165 167 197 185 121 88 157 156 154 147 151 169 109 111 120 112 95 76 85 97 109 107 98 117 134 82 57 130 158 122 96 118 138 127 92 113 160 147 107 99 141 154 143 94 106 155 152 124 99 121 159 157 117 125 132 131 137 124 121 107 125 224 
139 165 170 173 201 185 126 79 156 157 151 140 132 169 113 117 112 116 109 87 76 98 111 114 100 99 112 73 52 124 154 116 100 122 144 128 100 113 157 143 117 117 140 147 141 117 122 157 135 125 117 130 149 145 110 119 141 133 129 125 119 105 118 223 
131 160 151 147 185 170 116 82 158 171 162 156 150 172 119 122 126 143 119 88 78 89 101 101 116 100 88 87 85 114 141 122 105 121 142 125 95 113 164 175 124 111 140 180 156 119 122 165 164 131 116 131 167 164 117 130 140 133 134 132 119 101 119 224 
147 151 143 157 151 142 121 88 142 149 161 168 165 167 119 117 128 135 118 97 89 77 88 101 99 93 97 91 90 102 128 129 119 119 113 105 101 109 112 123 123 128 121 138 120 131 131 126 135 128 118 127 150 153 121 121 127 135 139 131 114 103 122 225 
140 154 151 166 162 154 123 89 134 147 170 174 162 155 116 122 140 116 116 113 98 93 88 100 95 97 104 101 119 131 143 146 146 137 138 138 142 139 138 135 126 136 135 135 123 126 115 109 112 112 107 104 106 101 98 93 106 131 126 139 115 102 111 225 
130 154 147 159 151 148 123 82 130 150 164 174 164 154 114 132 147 129 132 149 128 102 102 97 96 95 94 109 123 126 131 135 138 137 139 126 145 138 147 128 118 126 128 153 149 153 126 123 117 132 148 142 140 121 122 115 127 152 160 151 116 98 126 227 
127 151 156 156 182 166 117 84 137 165 169 168 173 155 118 139 149 128 143 161 156 139 108 106 111 119 116 111 121 129 142 146 148 139 137 131 147 141 147 123 128 134 131 151 141 150 135 136 124 122 147 139 134 118 125 117 123 155 148 149 114 93 122 227 
123 160 171 177 198 183 126 82 136 162 165 169 181 164 115 127 139 138 162 148 149 151 124 102 103 120 127 132 139 148 161 168 174 173 173 172 170 170 168 153 152 158 157 166 166 176 152 137 121 137 151 149 142 123 129 123 133 156 156 149 116 103 117 226 
128 159 158 165 199 185 125 82 130 147 157 173 175 165 121 118 126 125 141 145 143 133 130 119 97 104 109 123 127 115 114 116 122 126 127 129 130 141 142 142 147 145 144 153 162 166 167 164 158 166 166 166 175 163 161 164 170 171 177 160 123 106 125 226 
137 160 140 145 174 163 130 88 129 154 176 184 181 163 119 117 117 120 121 147 132 128 127 123 125 125 123 136 136 114 112 113 111 117 114 118 115 126 121 122 115 111 108 107 111 108 116 116 112 113 115 119 126 124 124 137 143 144 149 145 134 132 204 232 
133 154 149 166 164 160 145 95 105 110 124 145 141 134 117 119 115 110 106 104 113 106 103 99 105 107 106 116 125 115 111 115 120 120 115 119 119 133 143 145 140 135 134 135 136 126 129 117 111 117 119 119 112 116 115 117 121 114 106 109 103 112 228 237 
166 163 156 165 155 154 131 96 97 95 93 108 116 100 122 92 128 101 124 96 132 108 115 104 104 110 105 112 110 115 106 115 108 112 107 105 107 116 125 129 127 125 125 126 131 128 135 126 128 137 131 123 123 120 117 119 125 128 120 115 101 116 228 242 
183 157 148 150 176 163 118 94 109 102 101 105 113 93 117 82 114 78 107 75 104 82 96 88 88 97 87 107 95 111 87 112 87 119 95 122 104 127 112 123 111 116 106 104 121 115 125 121 124 125 125 113 105 100 104 107 115 119 110 108 98 110 227 240 
129 142 167 179 201 182 116 84 97 94 118 123 121 130 125 136 126 128 131 121 127 112 118 109 105 112 96 112 102 113 81 105 78 105 78 109 80 103 93 111 88 104 89 101 110 103 107 103 119 96 132 107 125 134 135 136 127 119 116 118 104 116 228 240 
119 147 166 180 201 183 117 83 88 83 99 99 85 100 80 115 79 115 88 125 101 116 102 105 104 111 117 112 128 124 126 118 118 134 118 131 118 131 115 130 102 114 99 107 107 99 98 90 107 84 122 93 143 173 176 181 181 148 108 113 101 123 228 239 
108 138 147 151 184 166 117 83 109 123 126 129 124 130 121 131 114 132 106 127 105 112 96 96 94 89 91 81 102 81 100 74 104 87 114 88 117 95 121 111 134 118 126 123 129 138 132 138 140 137 143 105 142 172 175 183 183 151 105 104 93 116 226 239 
125 140 147 158 159 154 124 82 88 86 90 94 111 89 120 90 127 99 131 109 131 115 126 119 128 123 126 121 128 110 122 103 127 101 124 94 116 85 107 88 115 88 100 90 96 99 99 113 91 120 93 116 142 174 173 182 183 152 108 108 102 115 228 239 
133 143 156 166 166 161 125 81 101 110 122 119 130 99 118 87 124 90 120 92 110 84 93 90 90 96 87 106 93 110 89 118 100 124 111 129 127 136 131 133 143 128 130 124 131 123 119 122 101 124 90 118 143 183 178 187 190 159 111 123 105 114 230 240 
127 148 146 151 162 158 125 87 85 86 108 120 108 121 121 115 126 124 131 114 131 106 109 106 105 110 92 108 90 111 82 107 83 112 87 111 89 119 79 113 94 119 98 122 113 123 122 119 129 120 141 108 148 184 179 178 177 153 108 111 96 108 228 241 
122 143 148 152 189 172 122 82 83 79 94 95 79 105 117 113 112 115 115 114 113 115 107 109 109 113 107 116 106 126 108 126 105 129 113 132 113 141 90 121 93 117 87 105 90 101 99 90 97 83 119 88 144 175 180 177 172 151 101 108 104 114 228 241 


150 153 152 159 173 166 156 130 149 176 182 178 179 191 180 136 122 138 147 123 134 149 131 110 113 109 112 119 133 134 137 156 155 154 154 152 150 150 147 144 137 145 146 153 157 157 160 149 144 149 158 165 155 147 143 150 147 153 150 157 157 149 149 171 
139 155 156 154 171 169 151 128 139 154 168 173 174 175 164 128 130 135 142 140 136 144 151 135 114 105 109 103 118 127 134 152 154 146 147 156 152 147 145 143 140 151 149 157 157 159 166 164 151 149 157 159 154 149 153 151 152 158 160 166 161 141 160 201 
146 156 154 165 163 167 147 132 140 145 170 171 174 168 166 131 137 130 152 156 156 137 141 155 148 123 99 99 116 121 135 152 153 151 150 150 150 150 146 146 142 151 152 161 166 166 171 169 159 163 170 170 169 166 169 170 170 170 162 168 163 146 186 201 
147 154 160 180 164 168 146 132 141 143 158 166 162 164 159 132 134 129 153 167 157 151 140 135 147 157 150 129 128 135 145 163 165 161 158 160 165 169 167 167 165 167 166 168 168 166 167 165 160 159 159 157 154 151 151 152 150 146 143 158 140 133 194 194 
137 157 152 161 157 162 147 128 136 139 163 156 169 170 165 133 134 129 163 154 149 151 143 138 131 139 149 152 154 162 164 163 163 158 154 155 158 156 152 154 153 149 148 149 151 150 145 143 143 148 150 154 150 155 152 146 150 148 151 156 145 139 188 196 
146 157 160 153 167 166 150 130 137 142 166 161 170 168 167 130 113 113 132 133 130 124 123 123 123 126 132 133 138 140 144 144 145 147 148 152 155 156 156 159 165 161 160 166 169 168 162 161 163 175 169 165 160 164 155 147 146 139 142 156 137 129 189 199 
143 155 157 163 175 168 154 133 137 140 155 165 162 162 167 144 145 143 146 145 147 150 152 154 159 159 158 153 150 148 147 149 147 144 148 148 151 151 154 162 164 160 158 161 160 160 159 159 161 157 153 149 143 149 148 150 155 156 154 159 139 131 191 200 
138 151 152 158 175 170 153 132 133 137 165 173 170 162 165 148 145 144 144 137 142 151 154 161 161 160 155 155 153 160 152 155 146 148 154 157 160 160 151 152 148 172 177 148 150 145 152 159 190 172 153 150 161 180 178 180 178 180 174 161 144 136 193 201 
149 151 144 144 164 163 148 123 132 136 163 169 172 168 165 141 153 156 156 152 137 153 163 185 162 153 147 151 165 186 167 153 148 174 185 191 192 188 158 151 167 185 185 172 146 147 152 188 179 189 172 154 160 177 179 179 178 178 170 155 142 136 190 204 
136 148 145 169 159 164 149 125 134 136 152 163 157 165 166 152 173 176 176 170 139 158 184 172 185 149 145 156 187 166 190 161 148 183 181 186 184 192 156 154 187 184 183 191 156 143 169 187 187 184 187 158 162 177 175 175 176 177 170 154 149 142 189 200 
145 146 149 173 162 165 145 122 134 143 161 156 167 175 160 149 172 176 173 166 140 172 183 176 190 165 143 175 187 181 187 179 153 182 183 181 188 196 160 174 190 183 183 188 184 162 185 181 169 178 174 178 158 179 178 179 181 185 171 159 150 142 194 197 
154 153 146 147 166 166 146 124 134 139 155 162 173 173 162 146 172 175 175 166 145 180 177 174 183 187 166 179 174 168 175 184 161 187 185 171 182 192 160 181 176 176 177 180 185 166 188 184 175 184 183 168 155 173 170 178 178 178 172 158 134 130 194 193 
142 144 150 160 175 171 149 125 132 132 145 167 162 168 162 149 176 176 174 167 147 180 181 177 188 183 159 185 184 176 185 179 154 187 186 187 174 186 156 163 190 182 183 192 159 146 173 186 178 182 181 146 157 173 169 177 178 177 171 158 143 140 193 191 
121 135 151 157 172 166 149 119 131 135 159 174 170 166 159 148 172 174 173 166 142 170 186 179 189 160 146 167 187 172 187 159 146 189 185 191 179 187 154 152 181 180 177 179 148 144 154 184 171 185 161 146 156 171 169 176 175 175 173 161 147 145 194 191 
116 135 149 149 165 163 144 127 135 138 170 177 172 168 160 146 170 172 171 165 139 155 185 176 179 149 145 150 175 177 169 148 144 178 186 189 182 180 154 151 158 182 182 153 148 147 148 154 184 163 147 149 155 168 166 168 167 163 158 160 143 138 197 196 
135 136 145 157 154 157 144 138 143 135 152 169 158 167 163 146 171 172 170 162 140 155 167 182 161 156 151 150 158 173 155 153 145 156 158 155 157 154 147 160 165 169 167 163 161 163 161 160 165 162 164 166 151 145 149 145 142 140 146 159 146 137 196 188 
139 148 152 175 158 161 146 138 142 136 162 158 168 167 160 138 144 147 147 151 151 166 166 165 165 168 162 160 157 157 159 160 153 151 154 154 157 155 154 164 165 167 167 164 160 161 158 158 161 160 163 159 155 157 155 150 142 144 150 158 146 139 196 184 
150 153 144 157 155 158 146 133 131 135 160 154 166 166 158 145 152 149 145 149 143 147 144 142 138 142 135 132 128 126 128 128 126 127 125 123 118 118 116 117 116 116 114 104 101 104 108 110 106 105 102 101 104 103 101 98 100 102 104 155 144 140 197 193 
158 155 151 151 170 167 148 123 125 129 151 162 153 159 156 122 107 99 99 99 97 93 90 87 80 81 89 100 104 104 107 105 107 108 111 113 112 114 116 115 117 117 117 119 118 120 124 129 128 127 125 126 128 128 129 130 131 130 124 152 154 141 189 198 
156 159 152 160 176 168 154 122 123 128 160 169 163 158 154 120 115 108 118 106 107 118 101 95 107 121 125 131 131 127 127 126 126 129 132 133 132 131 131 131 131 134 134 134 134 130 130 131 129 129 128 127 127 127 125 121 121 121 122 120 110 104 122 176 
183 160 151 152 170 166 149 124 123 124 157 170 169 161 154 119 111 103 129 128 123 120 105 123 130 120 111 101 88 88 96 99 96 93 101 108 107 106 102 100 97 105 106 99 98 95 83 82 80 84 100 102 94 82 81 83 85 95 96 96 101 90 82 139 
177 160 142 144 157 161 144 128 122 120 130 156 156 163 158 122 122 118 138 147 138 123 140 133 106 89 84 84 84 88 102 105 102 103 114 114 113 112 109 105 108 115 113 105 97 97 90 94 89 88 107 105 100 90 92 89 91 99 99 102 109 104 92 145 
176 156 147 171 157 161 146 131 124 123 132 135 157 161 160 127 123 122 134 140 131 146 125 101 88 82 90 91 88 93 104 108 106 106 111 115 112 114 109 108 108 112 116 107 105 108 97 97 93 103 111 112 111 105 103 97 107 108 109 106 120 112 96 153 
173 155 143 161 150 156 140 123 135 151 151 152 155 168 160 120 117 136 133 120 139 126 97 92 90 87 95 105 115 114 113 112 114 117 118 119 119 118 119 124 125 131 125 117 128 128 118 117 119 121 122 123 120 125 126 124 143 124 103 105 121 114 97 161 
171 163 143 138 165 163 143 127 151 151 147 143 149 165 153 121 115 135 126 137 134 103 95 90 100 108 118 122 123 119 124 118 117 119 125 120 112 113 127 135 125 127 123 127 130 124 117 118 121 112 107 106 120 118 102 99 127 118 109 106 124 111 98 163 
173 162 150 159 175 168 150 133 151 142 147 123 128 154 141 124 121 127 127 141 107 95 97 104 114 126 121 105 88 104 121 103 91 96 116 105 86 86 120 117 98 92 101 115 106 90 88 112 107 99 92 90 109 102 85 82 129 121 109 108 128 118 101 167 
171 158 153 161 178 170 149 134 158 143 147 153 138 155 130 118 128 120 137 123 97 85 96 113 122 117 111 104 89 116 120 112 99 105 112 106 96 95 122 111 105 99 108 109 109 100 97 120 106 106 96 101 111 104 92 88 134 115 108 110 130 125 105 169 
155 157 151 145 166 163 140 130 155 140 146 158 164 162 133 120 119 111 139 105 93 91 104 124 109 112 125 109 104 118 131 113 97 104 120 111 93 95 125 123 106 100 108 121 116 99 99 116 120 108 105 105 118 115 97 96 124 108 101 108 128 119 103 171 
158 154 145 161 150 152 140 128 154 144 151 153 164 174 146 122 107 116 120 99 88 98 124 117 115 98 93 117 121 107 97 113 125 116 98 102 122 120 106 100 122 126 109 93 100 127 123 104 99 118 121 122 100 97 119 105 134 118 102 112 132 124 106 179 
156 156 153 168 158 163 144 126 155 154 162 162 167 183 160 122 109 134 111 96 88 106 127 110 122 100 85 121 112 111 102 115 117 116 104 108 120 115 111 101 124 115 113 103 106 122 115 110 104 120 113 119 106 101 116 98 143 127 123 121 135 128 108 182 
168 162 145 151 160 163 140 127 154 153 155 153 163 183 157 120 116 134 106 93 97 118 116 118 129 102 93 118 121 109 101 115 124 117 102 106 123 122 107 102 122 128 110 93 100 129 126 104 102 118 128 123 103 102 118 117 148 135 133 122 133 127 111 186 
174 162 148 152 176 172 143 124 155 145 156 141 163 184 155 123 128 125 101 92 100 125 116 102 101 120 120 107 102 119 125 112 99 110 128 120 100 103 131 131 113 99 111 127 117 100 102 124 126 111 100 107 125 122 103 98 139 138 137 128 134 125 116 202 
154 161 155 164 178 169 145 128 156 141 146 145 163 185 154 122 128 113 104 96 105 121 112 100 95 124 115 109 99 122 118 116 105 114 121 121 109 107 133 120 140 108 117 121 118 102 102 127 113 113 102 107 99 106 106 97 157 154 152 142 153 150 136 213 
162 157 153 158 172 163 135 122 153 159 158 151 163 182 166 125 128 108 102 107 116 123 112 103 101 122 121 108 99 122 127 117 103 112 129 123 104 105 134 131 147 108 114 129 124 98 98 128 126 116 102 109 116 120 102 100 163 158 146 145 156 157 140 215 
163 160 150 156 148 149 135 120 154 161 162 152 160 178 151 120 130 97 97 101 122 118 93 124 130 105 101 117 121 109 108 119 128 118 105 109 135 129 110 110 128 127 109 103 104 122 120 108 113 116 125 119 109 110 121 126 167 153 146 138 152 148 136 213 
162 157 157 176 157 158 141 125 153 149 156 168 164 181 150 117 129 100 101 103 123 103 85 127 132 112 103 122 115 113 109 120 119 118 108 114 131 126 116 111 133 123 117 107 111 129 123 112 110 126 117 121 104 102 123 108 149 144 143 136 141 148 137 211 
170 158 145 159 159 160 140 125 158 149 152 144 146 178 155 119 122 95 100 100 124 118 91 129 137 111 102 122 122 111 105 122 127 121 103 113 137 133 112 108 132 131 116 103 111 133 128 109 109 126 121 124 105 105 127 118 155 141 135 138 125 143 136 210 
160 157 148 144 172 170 141 124 158 146 150 142 153 178 155 110 118 109 102 108 121 124 109 104 108 121 121 110 109 120 128 118 112 115 128 121 114 113 125 126 110 112 116 124 121 116 118 120 120 119 125 114 113 115 115 124 159 137 133 149 160 142 139 211 
150 158 154 160 178 171 150 127 159 138 137 151 157 178 158 108 116 110 100 98 108 125 113 98 101 127 113 109 100 127 120 122 107 119 124 125 109 110 134 119 109 102 130 127 136 107 111 144 126 131 110 117 135 132 114 105 155 143 133 159 165 151 142 213 
146 154 155 163 178 170 143 121 157 132 132 152 158 178 152 110 111 113 98 94 100 124 112 95 102 126 123 110 103 127 128 119 106 122 132 128 108 112 136 128 116 113 140 136 142 113 119 145 127 134 117 132 134 128 121 117 155 145 151 151 160 154 144 213 
147 156 146 140 159 156 136 120 155 143 142 155 160 174 150 115 109 124 100 94 103 123 116 114 126 111 114 119 123 113 112 119 126 119 116 118 126 126 122 130 128 131 133 140 134 124 129 142 149 139 131 136 151 151 120 120 166 157 162 149 158 153 144 214 
147 151 149 164 140 144 136 123 155 135 140 144 152 175 153 120 105 127 104 94 96 115 128 113 126 107 97 122 111 113 102 123 118 122 106 117 126 126 116 113 145 126 128 105 125 140 140 124 111 143 140 145 112 118 145 144 170 154 161 150 156 142 141 213 
142 151 154 172 153 155 137 124 153 133 138 145 152 178 150 118 105 120 112 96 94 104 126 118 122 103 94 125 123 114 106 122 127 124 109 118 131 133 125 122 147 126 133 114 132 136 135 128 114 142 124 136 114 120 142 121 167 154 156 149 160 153 143 212 
141 157 148 146 164 163 136 119 155 147 153 158 156 176 141 116 108 118 126 99 97 104 118 130 113 111 121 112 115 120 130 120 122 121 125 118 119 132 138 143 142 146 138 127 134 149 150 130 129 143 149 148 120 128 151 144 170 154 144 146 159 153 142 210 
158 156 156 161 176 171 145 124 159 153 155 146 153 168 148 116 116 121 142 111 100 98 110 124 131 122 121 102 88 129 141 125 99 121 121 125 101 120 146 135 120 106 140 139 142 107 116 147 143 135 120 134 150 150 132 141 169 151 147 141 155 143 133 204 
151 155 151 153 177 167 143 118 159 155 153 143 138 169 151 120 109 119 146 132 106 102 107 115 128 134 124 97 82 123 139 121 105 122 125 125 105 120 142 130 124 114 138 126 138 113 121 143 122 133 113 136 131 133 125 122 175 150 143 141 153 146 130 203 
144 152 144 141 167 162 137 122 158 164 160 157 153 171 154 124 120 134 134 141 117 106 100 101 115 127 131 127 122 131 149 140 132 139 146 133 119 131 162 169 138 129 147 168 158 129 130 157 152 141 124 141 149 151 131 132 176 148 144 146 156 146 130 204 
160 152 138 148 152 152 139 126 142 139 154 164 160 166 147 117 121 130 127 136 140 109 100 99 105 105 116 123 129 137 158 166 162 164 158 149 147 157 158 165 169 176 169 181 172 175 172 166 168 162 157 160 171 173 158 157 166 149 144 145 153 142 131 204 
150 150 151 168 157 159 140 124 131 137 162 168 159 155 148 121 127 119 126 128 142 138 114 106 100 104 110 108 123 131 146 152 154 151 156 157 153 154 152 159 159 171 167 166 161 165 162 154 156 156 153 153 152 154 155 154 179 154 140 147 153 145 126 205 
145 152 146 154 154 156 137 120 127 140 159 172 166 157 149 128 131 123 138 148 142 146 148 128 113 101 100 112 121 125 135 137 143 142 146 138 145 146 145 139 134 141 139 148 148 152 139 138 137 143 150 149 144 137 140 139 152 149 151 152 153 147 135 206 
144 148 151 151 167 160 139 121 132 151 162 165 171 158 153 131 130 121 141 158 155 149 148 155 148 138 124 113 118 127 142 145 151 148 145 140 146 148 147 139 142 141 141 148 143 153 144 146 134 133 149 146 137 126 131 126 132 148 146 152 151 137 129 205 
138 151 152 158 174 166 145 118 134 149 158 163 175 164 146 122 126 129 154 148 148 152 134 136 149 161 167 163 164 165 174 180 185 183 178 176 174 173 168 161 161 164 162 164 165 172 158 147 131 139 147 148 140 133 136 129 136 149 152 153 151 136 124 204 
145 151 150 155 175 169 145 120 127 140 154 168 170 164 152 120 118 120 142 146 143 139 135 127 114 128 144 153 158 156 157 159 163 165 167 168 169 174 173 174 177 178 178 182 187 187 185 182 177 179 177 177 181 173 172 173 174 171 174 165 156 144 131 204 
147 155 139 141 164 158 144 124 126 145 169 177 175 163 169 152 155 152 156 158 156 155 154 151 146 142 141 146 146 134 133 131 133 137 138 142 140 145 144 146 145 146 147 149 151 150 156 158 156 157 160 162 167 167 168 174 176 175 176 178 178 158 197 202 
143 151 151 165 159 157 147 127 114 113 133 149 144 143 145 143 141 141 140 137 144 145 145 145 148 148 151 159 162 159 155 158 157 155 155 155 151 157 157 159 155 153 150 149 147 142 145 136 134 139 140 143 143 144 144 146 148 146 143 156 160 143 218 204 
167 155 153 163 153 154 142 127 120 133 139 150 153 145 150 139 150 143 146 139 149 141 140 135 132 137 133 134 132 133 131 135 139 139 141 138 142 147 151 157 157 159 159 162 164 164 168 161 165 168 165 159 161 160 157 153 155 155 151 156 143 135 219 211 
178 154 144 142 165 159 139 123 127 136 145 147 153 141 156 136 153 130 151 132 152 137 145 137 142 145 136 149 145 147 138 145 140 149 143 148 143 147 143 140 141 136 136 128 140 136 140 143 144 148 148 145 144 143 143 143 151 155 154 155 142 131 217 208 
124 138 153 163 177 168 140 121 124 131 155 157 159 165 165 168 162 162 160 156 160 153 155 149 150 151 138 149 151 155 138 151 137 154 136 156 133 149 141 150 142 151 145 147 151 142 145 144 149 139 149 141 160 164 163 159 158 153 151 161 155 139 220 211 
110 136 147 158 176 166 140 121 121 126 145 144 135 148 132 156 130 156 137 161 148 158 150 147 145 151 152 154 163 163 161 156 157 165 159 165 160 162 155 161 152 155 150 152 147 143 144 139 151 132 163 134 156 170 171 175 177 161 159 162 148 139 220 211 
106 132 138 143 165 159 136 120 129 150 163 163 160 162 159 161 155 165 150 160 152 154 146 142 142 142 143 136 150 139 147 130 151 142 154 143 157 145 156 153 165 158 159 160 161 166 165 168 169 168 169 144 155 168 171 177 177 161 157 157 138 130 217 209 
130 136 141 149 155 154 137 118 116 131 140 143 152 139 158 141 160 147 163 151 164 156 161 158 162 161 160 158 160 155 155 149 162 151 158 146 156 137 151 135 154 139 147 139 141 144 142 156 139 160 144 147 154 170 168 175 177 161 160 159 154 134 217 208 
136 140 152 161 154 153 136 115 122 143 160 160 164 146 150 137 157 138 155 138 155 140 145 140 142 144 136 148 145 152 142 156 149 158 156 161 165 168 165 164 170 164 163 161 162 157 154 157 145 161 142 150 155 177 173 181 183 167 163 164 152 134 219 209 
135 143 139 142 155 154 138 121 117 130 153 160 153 149 141 140 137 145 141 139 148 142 141 141 138 143 135 146 141 152 135 149 138 156 140 155 135 158 127 151 143 154 144 157 153 157 159 157 162 160 167 145 157 179 174 174 173 161 159 159 138 126 218 210 
133 140 142 143 165 162 138 120 116 126 144 147 131 143 164 155 151 153 151 147 148 147 140 141 138 138 135 136 131 138 134 137 136 140 147 151 151 156 134 150 141 151 133 149 138 148 148 140 148 132 163 135 156 172 176 174 169 161 157 157 151 132 218 211 


168 136 123 132 140 136 142 150 158 172 184 179 183 189 188 128 118 137 155 152 171 180 133 98 104 112 110 119 139 144 154 173 168 169 163 162 155 155 147 142 139 144 146 139 155 148 159 156 157 160 152 171 150 159 160 164 160 153 159 159 182 183 185 167 
160 144 141 144 144 144 146 146 154 146 156 156 160 172 184 127 117 132 154 158 157 176 175 136 105 106 113 111 117 124 126 151 146 154 155 162 149 150 147 148 151 162 161 157 170 159 168 167 163 161 158 172 157 163 166 164 162 154 162 169 188 178 185 178 
163 149 144 152 149 154 147 148 158 119 109 111 116 157 185 125 118 131 154 159 160 162 175 181 154 118 102 106 118 120 131 158 153 160 160 159 152 155 148 151 154 164 165 157 172 164 176 177 174 175 171 178 176 184 189 192 190 185 189 205 198 186 195 165 
168 148 146 161 147 151 143 150 157 115 101 104 107 154 173 114 115 129 155 163 162 160 163 167 172 173 157 135 131 135 141 166 163 171 173 175 172 178 178 182 183 186 189 190 190 189 190 187 186 184 182 182 185 186 185 187 181 176 179 195 179 170 196 156 
160 149 142 148 144 150 148 149 156 109 102 100 111 158 182 118 118 131 158 162 162 161 158 158 160 167 179 182 180 181 182 184 181 179 181 183 185 180 177 179 177 176 175 177 175 172 170 169 170 172 171 175 180 184 182 182 183 181 187 192 187 186 201 159 
166 144 142 142 139 139 146 151 154 112 109 100 109 159 190 124 115 130 158 164 164 160 159 162 169 177 174 178 172 168 168 172 171 174 180 184 188 187 183 181 184 179 181 185 186 184 178 178 178 186 178 177 176 181 179 180 177 171 177 193 181 179 203 164 
162 141 127 133 141 135 138 147 151 112 100 101 105 155 192 153 163 174 183 184 186 188 183 184 188 190 187 185 178 177 174 174 172 178 183 178 180 185 178 163 166 162 163 158 153 154 155 156 163 152 143 143 172 186 187 189 187 188 190 193 180 179 205 164 
160 138 126 136 143 146 146 148 148 110 105 107 109 153 193 171 174 177 177 169 162 161 157 165 162 157 150 149 149 161 144 144 161 193 194 191 193 197 173 140 130 168 177 131 138 128 137 152 196 174 134 144 188 195 189 188 184 186 197 192 182 182 206 165 
171 141 130 134 144 149 147 145 150 102 96 102 111 154 192 176 184 186 185 182 144 134 154 185 147 138 128 134 158 188 157 134 160 199 202 201 202 201 179 137 153 191 194 164 127 133 136 188 198 198 162 142 188 187 183 181 180 182 194 191 180 183 205 169 
161 139 133 151 146 155 146 148 148 104 95 101 102 152 195 178 181 180 178 176 143 139 183 182 179 131 127 140 185 175 188 143 161 204 199 195 194 203 177 143 185 192 191 192 148 130 166 193 197 192 189 157 187 186 180 179 179 181 194 190 188 188 203 164 
169 134 138 157 148 153 138 146 147 106 102 102 108 162 192 174 178 177 172 170 146 166 188 184 192 160 127 172 189 186 193 179 163 201 197 190 194 204 177 174 195 189 189 196 185 155 190 188 178 186 187 183 184 185 182 181 182 185 194 191 189 189 205 161 
154 136 135 138 147 146 137 145 147 97 90 106 114 165 192 173 177 177 174 171 159 187 185 182 191 191 163 188 182 177 188 193 174 200 193 180 186 196 177 184 189 184 185 192 187 160 192 191 182 187 192 170 180 181 175 180 182 182 196 196 179 178 204 154 
121 128 128 139 146 142 134 147 147 95 82 107 111 164 192 173 177 175 175 174 160 186 186 184 194 185 152 187 188 183 191 182 165 203 195 192 180 194 174 158 192 190 190 192 155 136 168 189 184 186 178 141 181 180 174 179 182 182 198 198 186 185 204 150 
99 119 126 134 143 137 132 147 146 100 94 114 116 164 189 173 173 174 175 174 148 165 189 186 189 153 135 159 190 181 188 148 159 205 196 195 186 195 178 135 171 190 189 172 133 135 137 178 183 186 146 134 180 180 174 179 180 181 199 197 189 191 205 151 
103 119 139 144 141 141 128 141 142 110 118 122 113 159 188 172 171 173 173 173 144 137 183 185 171 136 134 134 170 185 163 133 155 200 202 201 197 199 174 139 138 181 183 136 135 131 134 142 183 157 128 141 178 195 192 192 193 193 191 194 188 186 207 157 
147 122 139 149 144 146 126 145 138 104 104 115 103 157 191 176 185 185 186 183 147 136 154 178 147 142 134 133 146 170 143 140 153 189 190 184 186 188 169 148 152 158 159 155 149 153 153 152 162 156 161 163 171 173 175 176 173 173 181 195 188 183 206 148 
163 135 142 159 143 145 138 143 138 101 111 104 103 156 190 172 171 171 171 174 164 166 167 172 173 173 169 170 171 175 175 176 174 174 178 180 182 183 179 177 175 174 175 174 169 171 170 168 172 171 173 171 169 172 172 174 169 174 183 192 189 184 204 145 
169 141 140 149 142 147 143 147 142 104 101 99 106 159 184 167 171 166 168 173 168 171 163 165 163 164 161 159 152 154 154 151 148 148 148 147 144 143 141 139 131 132 128 123 122 123 128 128 126 123 122 123 128 132 126 127 128 134 138 186 183 178 199 156 
177 140 136 145 145 143 145 144 139 103 98 100 97 153 176 115 108 115 120 121 116 115 110 111 114 115 121 132 132 133 137 134 137 140 139 140 137 141 144 148 149 146 145 148 149 149 153 157 157 154 155 155 155 158 159 161 163 161 159 189 183 174 193 164 
169 141 125 134 147 141 148 149 140 100 98 103 99 153 177 119 114 118 123 122 122 127 121 129 146 154 155 155 149 143 143 144 143 146 146 146 144 145 144 147 147 145 144 143 144 139 140 138 137 135 132 131 130 130 129 125 124 120 123 121 127 128 133 151 
180 146 132 139 143 143 147 149 140 91 92 103 104 156 173 119 117 123 134 135 136 136 142 159 155 131 114 96 84 81 89 95 90 98 102 104 96 105 94 101 102 105 102 88 93 88 89 89 88 88 92 102 89 90 91 93 92 89 101 95 121 116 108 126 
179 147 133 137 141 147 141 149 139 86 72 92 97 158 185 124 122 130 150 153 154 160 175 149 107 84 85 87 85 87 102 109 103 107 115 111 108 121 108 109 112 115 113 99 99 96 97 101 97 94 104 114 100 99 102 100 98 98 109 104 131 129 121 132 
176 138 136 154 144 149 139 148 136 93 76 83 101 159 190 126 115 130 154 156 160 182 145 98 80 82 94 95 88 89 99 106 103 111 113 114 102 112 102 109 112 114 112 97 104 103 105 106 102 105 105 113 107 113 112 106 110 98 104 102 141 139 127 138 
179 141 135 149 141 147 136 147 143 150 151 148 155 177 183 125 121 135 152 156 175 148 98 81 86 89 96 108 118 129 140 141 141 144 143 144 146 142 147 150 150 153 152 145 152 153 147 142 143 146 147 150 151 154 152 149 161 129 119 110 144 142 131 145 
175 146 132 133 144 141 141 146 150 156 154 148 150 165 176 128 121 134 144 169 155 104 84 88 90 108 137 146 138 132 132 129 132 132 134 131 131 128 133 140 136 137 134 136 136 137 131 125 128 126 127 123 127 125 118 115 150 130 121 117 149 141 134 146 
177 143 126 137 144 138 142 147 152 149 159 141 141 154 158 120 121 131 152 171 115 86 85 95 115 140 124 109 100 94 97 93 87 92 92 94 85 86 96 93 93 87 94 90 94 88 87 92 86 96 87 90 86 86 85 79 147 132 128 120 151 148 138 149 
175 140 125 134 144 137 142 145 157 151 163 165 151 157 152 117 122 131 167 140 93 81 88 114 136 110 89 102 98 106 98 99 83 97 86 95 85 90 95 89 97 85 97 84 97 88 90 98 85 101 86 97 87 87 91 81 150 129 123 120 154 154 141 152 
168 144 137 138 141 138 143 149 160 152 165 172 170 164 153 119 120 137 168 113 85 88 103 137 110 93 103 107 113 108 111 103 94 100 104 102 96 97 107 106 103 101 103 104 106 101 100 104 107 104 106 103 106 104 98 99 149 126 114 120 155 152 142 152 
173 142 132 146 137 138 141 150 160 153 165 172 175 179 171 122 117 144 142 100 81 91 127 121 95 100 105 104 102 103 96 103 101 107 97 100 100 102 104 100 107 104 105 96 101 104 105 105 98 106 97 107 101 98 103 92 154 130 117 122 157 155 145 163 
171 143 140 153 145 149 144 150 160 158 175 179 180 189 189 123 116 148 118 88 82 103 130 98 97 105 100 102 90 103 88 101 90 105 90 101 94 98 100 91 105 93 106 90 100 95 97 103 91 104 90 105 94 94 99 86 157 126 116 120 159 158 148 165 
182 150 139 146 146 149 147 155 160 158 171 172 178 190 181 119 124 138 107 85 91 120 120 96 106 106 107 103 100 104 99 107 103 108 103 105 107 108 105 104 109 107 108 97 103 106 106 103 102 107 103 108 104 105 105 104 163 137 138 127 159 158 149 170 
185 145 134 141 144 145 151 156 165 155 169 161 175 190 177 118 127 126 101 85 94 125 108 98 106 102 101 103 101 106 105 107 98 103 106 108 103 103 111 112 109 105 109 109 108 107 105 104 103 104 103 104 103 101 106 104 160 141 146 134 162 161 157 192 
167 139 127 137 146 140 149 156 165 150 161 159 172 188 179 118 126 121 97 86 99 125 98 101 103 99 92 98 88 104 92 105 90 103 93 107 97 100 104 96 110 96 108 95 107 93 95 100 91 104 88 102 75 84 102 89 174 153 143 144 182 186 178 207 
173 140 134 145 144 140 145 152 163 161 170 166 171 185 181 117 125 119 94 88 105 124 94 105 111 103 98 103 97 108 103 109 99 105 104 110 103 104 110 107 115 105 110 105 113 99 100 105 100 110 97 108 92 97 105 101 181 163 159 153 185 189 180 208 
176 147 140 146 137 139 145 151 161 164 172 166 169 186 173 120 128 105 88 94 117 122 91 105 114 100 97 103 104 103 105 109 108 110 105 106 116 113 108 108 111 113 108 108 106 114 112 106 112 108 114 109 110 108 109 118 180 159 156 155 185 183 180 204 
173 142 144 160 145 147 145 154 158 156 168 175 172 186 177 123 128 107 88 96 115 105 88 106 110 97 90 98 93 102 94 105 94 107 93 106 102 107 105 100 111 100 111 95 108 102 103 105 98 111 92 108 96 96 104 93 164 150 158 152 160 182 179 203 
180 145 138 149 150 151 149 155 169 153 161 163 163 184 179 127 127 102 90 95 120 126 94 109 117 102 96 102 100 104 98 110 101 110 100 110 110 113 107 104 113 106 113 99 111 105 107 105 101 113 95 110 99 100 107 101 172 150 150 149 126 172 177 202 
172 143 138 138 146 146 151 155 167 153 163 163 168 184 178 124 137 116 94 89 112 135 97 104 113 105 105 105 105 107 111 109 107 107 112 111 114 111 113 115 108 110 114 119 117 116 113 112 113 110 109 104 109 110 110 120 178 148 143 156 178 177 180 202 
167 140 129 136 146 141 148 155 167 149 156 166 170 184 178 120 135 123 100 87 104 137 102 102 110 104 93 101 89 106 95 109 92 107 97 112 100 105 108 99 107 94 121 102 126 103 110 120 103 126 97 112 111 112 119 101 173 147 145 164 193 188 180 205 
173 139 131 141 149 144 147 153 165 143 151 166 169 184 176 120 133 128 104 86 95 136 112 99 112 106 101 102 96 109 102 110 98 111 104 114 103 109 110 107 112 105 129 109 131 105 114 120 103 127 98 123 108 108 119 104 171 140 144 152 190 189 179 204 
173 145 135 134 140 139 146 152 163 151 159 170 175 184 179 121 127 145 106 85 95 128 125 99 110 111 116 106 109 107 107 109 112 110 111 110 114 115 115 122 126 131 131 136 133 128 130 129 137 136 131 135 137 135 122 123 182 155 167 158 188 184 179 204 
173 141 139 151 132 136 142 151 161 146 158 164 169 185 179 123 122 153 113 88 89 111 144 101 104 113 110 105 92 105 93 109 94 113 95 110 99 107 110 107 129 105 129 103 127 117 122 124 109 135 118 134 118 118 130 128 183 152 165 160 187 177 177 203 
169 141 143 157 141 143 143 154 161 144 156 165 169 188 176 122 117 148 130 99 86 98 141 124 103 110 112 108 100 108 98 110 101 115 99 113 103 113 117 112 128 103 129 101 127 109 115 118 98 129 97 122 104 106 121 103 179 147 149 152 189 186 178 200 
169 144 139 139 144 145 145 153 164 155 165 169 168 186 169 122 119 142 152 110 89 102 119 146 112 98 110 109 117 112 119 112 114 113 116 111 113 123 133 137 136 137 136 132 135 137 136 127 126 135 127 136 122 124 133 123 180 157 160 157 187 188 175 197 
176 138 135 141 146 146 151 154 168 160 169 155 164 181 179 121 118 134 173 127 98 96 104 128 146 113 101 109 106 121 121 116 92 113 99 114 97 116 124 116 125 106 132 118 136 115 120 129 125 132 124 131 133 134 133 143 185 158 157 158 184 180 168 187 
172 134 121 125 144 139 148 155 170 161 168 159 157 183 183 123 119 130 171 153 114 96 97 106 135 151 123 108 101 115 120 114 96 112 101 114 99 116 119 112 122 102 128 102 129 103 114 120 102 128 100 128 106 114 124 112 185 156 160 159 183 181 166 184 
167 134 125 125 139 141 148 158 168 166 173 171 170 185 184 126 123 132 153 176 132 102 92 100 103 138 159 151 142 137 146 144 143 142 137 129 125 132 151 155 145 139 144 147 152 134 134 138 131 139 119 138 122 129 131 123 187 155 156 160 188 184 165 186 
179 140 123 131 140 143 147 158 155 153 172 182 181 180 172 118 122 130 147 170 169 121 100 91 103 108 122 138 149 156 174 189 189 189 183 172 171 181 189 191 199 203 195 202 198 200 196 191 185 179 177 175 175 179 176 174 186 158 152 158 187 181 165 183 
171 136 135 149 143 145 147 155 146 147 170 177 176 173 172 119 121 127 148 155 176 164 123 99 99 107 112 110 119 123 144 150 155 159 163 164 153 157 157 171 176 188 180 178 178 184 188 184 183 181 180 181 179 187 192 190 202 163 155 158 186 183 166 186 
171 139 136 142 145 146 144 154 140 150 169 181 184 178 177 121 119 125 147 156 161 178 170 138 111 98 102 113 117 120 143 143 150 151 158 155 147 157 145 153 150 154 149 139 147 146 153 150 149 147 147 151 140 148 151 151 158 139 142 153 185 183 161 184 
169 133 136 138 141 140 149 153 142 155 170 175 183 180 182 120 115 124 144 159 162 163 178 181 163 139 117 107 112 119 139 143 152 155 155 154 146 157 147 155 157 154 152 145 151 155 154 156 145 144 153 158 140 138 143 141 142 142 146 156 184 177 152 182 
163 132 123 129 145 141 150 152 150 153 165 172 182 180 177 118 119 127 151 157 158 160 157 170 180 181 183 172 167 164 173 176 181 180 174 172 165 165 160 162 161 165 161 153 157 161 161 152 142 143 143 150 137 141 144 140 143 142 151 158 182 171 152 183 
169 134 134 137 150 149 151 155 145 154 168 176 179 182 177 121 119 130 157 162 159 161 158 157 153 160 172 172 175 182 185 184 183 184 188 190 189 192 192 192 192 195 193 193 195 195 190 185 181 181 178 176 179 176 173 174 170 164 166 169 184 178 158 182 
167 139 137 137 148 146 148 155 144 156 176 182 182 181 200 173 179 175 184 174 178 180 183 180 173 168 169 162 162 163 160 158 160 162 167 168 167 169 170 170 171 178 177 179 181 185 187 187 187 189 191 194 197 198 198 199 197 197 201 205 201 193 200 169 
163 137 141 149 148 146 143 154 131 122 147 159 157 163 169 163 165 170 171 167 170 179 182 181 182 179 184 184 186 187 183 185 182 181 184 181 177 178 170 167 169 172 167 168 166 169 168 165 165 167 170 175 181 180 178 178 179 180 185 196 193 186 213 167 
172 134 140 150 146 145 144 154 123 115 127 135 135 136 131 137 133 140 132 141 141 148 143 148 147 155 154 149 148 148 151 155 168 168 171 166 172 172 171 173 172 180 178 178 179 185 186 181 183 182 186 186 192 192 189 183 184 183 181 187 184 178 212 178 
166 134 134 135 147 148 149 149 122 114 127 128 131 129 134 128 131 122 131 123 138 128 131 127 131 131 124 128 128 125 130 128 137 135 145 139 145 138 147 143 153 149 154 148 161 161 160 167 162 167 170 174 178 180 176 174 180 181 182 188 183 178 213 176 
106 119 128 138 150 148 150 153 125 111 129 131 137 140 141 141 137 133 130 129 134 131 130 128 131 129 120 123 129 131 129 131 129 137 130 141 127 133 130 131 130 133 132 129 135 130 130 135 130 136 130 164 186 187 184 179 183 181 180 190 194 183 216 179 
90 115 123 134 149 144 148 153 124 111 127 127 126 133 125 137 124 134 126 138 134 137 134 128 125 130 127 130 133 137 132 128 130 135 136 138 137 133 135 132 133 131 130 128 129 127 128 128 131 121 139 159 176 177 176 178 181 180 190 193 186 179 217 181 
103 114 128 135 142 144 146 152 124 119 138 135 134 132 136 133 135 138 132 135 136 134 131 127 128 129 129 127 132 128 128 121 133 133 133 131 130 130 130 134 136 134 128 131 131 132 135 136 135 137 133 163 174 176 175 177 179 178 191 193 182 171 213 178 
139 119 132 138 144 146 144 152 119 115 128 131 130 127 136 131 135 134 136 133 137 136 133 135 136 136 132 132 131 133 124 128 132 134 131 131 132 127 130 125 133 125 128 126 125 129 127 138 128 135 132 163 174 176 173 175 178 178 194 193 192 173 211 176 
146 124 139 144 141 141 141 148 117 116 136 138 137 133 132 131 135 128 133 126 138 132 133 129 131 131 126 130 133 131 129 133 134 132 138 137 142 140 136 134 135 133 131 133 132 132 128 131 127 132 130 164 172 181 177 182 184 180 196 190 189 176 213 174 
150 129 135 137 143 145 145 152 117 114 136 140 135 142 157 160 149 158 147 152 147 145 139 139 133 134 128 132 133 133 127 130 129 135 131 139 128 137 117 128 133 131 129 131 132 130 133 133 132 134 134 165 173 183 180 181 181 179 193 190 180 171 212 176 
149 126 133 132 139 143 145 153 116 112 130 132 122 145 191 181 177 180 175 176 178 176 170 171 167 164 165 159 157 153 151 142 148 136 152 141 144 126 118 122 130 128 120 129 125 133 134 127 133 121 141 162 175 179 181 180 177 178 193 189 187 174 212 179 