


74 79 85 79 70 119 143 146 128 73 65 104 81 101 118 98 95 81 101 130 119 129 149 151 141 190 223 212 154 128 111 128 132 139 141 132 126 130 151 142 153 154 124 92 100 75 54 55 59 70 70 78 86 93 100 104 99 95 92 99 103 99 81 71 
96 90 84 93 69 134 139 126 107 59 35 84 50 104 117 77 75 73 105 122 132 132 122 143 125 166 159 203 223 172 115 126 153 107 148 138 127 131 129 141 145 68 115 77 93 37 21 34 10 15 20 56 87 75 86 96 100 106 105 103 102 104 105 105 
145 166 143 108 93 155 131 98 92 106 116 114 85 70 119 111 126 131 116 69 84 158 130 112 117 164 161 144 151 157 138 143 177 132 128 135 116 120 117 128 107 40 103 70 63 12 10 11 1 1 4 22 48 104 93 76 106 102 80 109 116 114 118 114 
103 143 129 129 125 157 185 138 124 174 180 161 118 66 96 98 108 122 103 58 78 105 90 89 93 149 163 145 122 150 152 144 146 135 125 114 102 115 103 93 92 68 71 79 33 10 6 2 0 1 16 56 50 94 97 78 97 94 138 114 69 79 146 131 
82 90 59 96 94 139 185 146 112 127 130 85 69 78 103 74 98 126 118 107 72 41 21 45 69 112 123 140 122 144 145 154 150 105 106 96 121 120 83 78 92 94 72 67 30 25 8 23 24 23 57 121 89 68 99 98 94 121 142 94 53 37 49 42 
89 87 74 82 89 150 110 87 113 132 145 99 83 129 180 209 216 211 178 189 129 104 70 77 105 123 130 142 123 135 141 142 151 136 124 135 182 146 100 113 121 81 70 101 91 36 16 46 78 96 85 99 156 113 84 94 76 83 100 98 43 15 6 7 
126 98 78 80 106 121 98 88 97 91 138 120 74 138 121 110 109 116 130 161 158 150 126 143 180 201 204 183 147 130 121 129 133 123 136 128 171 156 127 147 140 107 99 137 71 14 37 50 93 106 75 120 183 105 48 43 82 84 114 104 60 21 6 5 
90 79 102 119 105 66 76 127 130 141 104 65 48 90 81 78 51 81 128 116 99 139 150 141 128 136 167 162 145 132 147 140 128 113 112 96 100 125 132 162 157 153 97 121 43 22 44 91 94 85 127 159 186 124 50 17 76 89 118 116 129 75 59 48 
67 114 125 124 80 59 106 175 116 58 18 21 73 57 80 52 13 49 125 115 64 97 123 114 101 148 164 132 127 111 155 166 133 115 101 116 54 65 134 169 151 177 103 144 60 66 80 86 88 126 176 174 177 143 66 39 74 76 62 107 178 143 96 106 
115 164 163 122 111 96 69 34 34 54 18 26 65 56 65 64 88 67 94 134 79 97 117 136 99 130 148 135 131 102 122 153 151 122 106 138 40 24 123 181 161 184 115 167 86 94 71 109 168 186 154 109 133 149 124 119 168 99 54 117 168 125 46 77 
126 143 150 123 112 98 112 63 79 81 23 12 83 65 37 59 177 94 99 119 119 118 85 90 105 126 145 177 124 131 119 132 136 120 105 96 42 49 115 195 186 201 168 191 122 101 120 174 170 129 54 43 87 132 145 111 138 91 108 185 187 170 79 88 
97 88 150 163 122 100 122 123 109 84 80 28 117 79 23 45 145 107 111 58 125 96 34 80 130 136 156 185 135 130 126 122 122 136 94 82 93 136 157 194 223 207 212 166 95 99 118 101 100 102 79 75 67 142 116 109 143 148 105 156 167 131 59 78 
104 107 134 136 112 110 110 109 109 113 123 62 101 107 70 58 90 119 112 73 113 110 94 115 134 133 127 137 133 138 137 131 135 142 127 107 137 174 199 205 233 203 225 125 91 91 98 89 73 116 130 90 112 147 93 137 164 155 87 76 103 55 60 94 
109 110 142 144 146 137 128 144 144 143 182 87 111 121 61 62 91 84 98 90 106 129 114 101 118 123 112 139 139 145 142 140 149 163 135 136 143 157 203 208 238 191 211 131 107 103 156 124 107 143 118 72 109 124 132 151 126 112 103 77 75 76 93 93 
184 197 223 191 203 172 168 200 168 130 165 105 115 75 13 36 96 77 73 44 121 132 110 116 131 125 85 98 121 121 151 161 144 179 143 144 167 182 171 215 238 167 158 118 56 39 142 142 134 175 124 64 71 113 131 132 111 72 73 85 85 96 94 88 
161 131 189 187 146 162 146 130 106 139 157 93 102 117 61 59 110 100 74 60 140 132 141 140 130 121 87 98 97 137 194 207 176 208 167 159 150 144 100 191 220 125 142 87 38 12 88 95 107 176 110 62 87 179 132 138 116 89 63 89 97 92 86 106 
119 97 138 156 142 130 136 154 121 139 174 86 150 130 141 97 66 81 78 85 137 141 139 139 154 165 113 131 80 149 166 216 171 202 158 92 87 68 84 186 186 108 106 96 118 40 99 90 144 193 127 52 163 182 116 140 122 80 89 101 135 155 147 162 
103 96 94 150 138 128 156 152 112 102 140 112 174 159 205 197 121 109 108 98 135 144 174 212 229 228 144 106 132 148 178 199 163 160 172 77 49 45 93 193 152 85 55 180 161 142 146 114 160 173 100 102 195 130 108 119 92 93 96 110 176 198 191 189 
75 69 86 115 110 151 151 135 112 111 99 100 160 164 175 166 128 161 144 191 202 186 224 227 177 170 153 133 180 134 182 160 131 112 183 81 40 48 45 214 141 32 79 194 160 135 127 111 109 105 87 95 106 88 85 89 93 96 79 85 163 197 186 212 
80 84 99 90 75 127 157 143 135 89 90 104 136 174 150 104 138 221 183 191 179 168 174 158 123 110 121 161 112 112 176 164 154 81 161 59 15 37 70 229 114 21 94 105 94 94 92 93 91 90 91 86 76 90 113 122 137 114 72 112 191 189 142 134 
156 102 71 83 105 138 184 150 112 78 93 116 124 165 160 152 208 144 85 125 156 165 138 103 66 51 85 101 77 164 172 177 165 112 126 88 42 32 88 228 94 41 130 123 156 161 109 64 42 70 94 103 111 125 140 176 209 90 95 185 189 143 111 85 
130 108 80 112 129 116 150 179 181 154 137 181 186 151 147 128 137 90 63 150 168 148 112 67 43 57 85 85 87 121 148 195 142 143 97 94 38 75 163 229 94 85 154 154 191 167 120 54 18 63 132 102 122 151 172 183 138 72 169 186 146 132 153 150 
114 115 114 113 115 116 136 184 227 229 218 214 216 180 138 115 114 88 89 142 138 167 126 95 60 57 66 67 74 149 184 182 151 142 138 128 48 58 162 225 87 98 175 196 171 177 135 59 62 117 106 128 177 193 191 178 108 98 147 135 115 117 127 149 
116 144 111 117 132 117 129 132 149 157 152 184 176 186 152 130 114 105 106 111 94 134 148 84 19 18 76 81 76 141 154 156 176 177 175 150 111 99 183 206 107 108 196 237 202 188 161 123 113 90 141 194 211 206 200 154 103 89 95 106 92 81 85 93 
117 135 117 89 136 115 103 79 111 147 171 204 169 114 136 162 164 143 104 107 104 95 148 161 78 36 108 143 123 125 150 178 159 175 187 148 161 141 199 189 160 112 157 235 246 231 201 133 100 149 208 217 222 213 193 118 87 91 122 111 65 105 86 82 
109 124 146 126 160 130 102 104 104 155 205 187 136 147 218 230 185 125 68 83 127 116 167 202 118 102 138 129 106 87 128 171 150 168 174 136 182 142 199 185 210 153 113 185 216 210 157 138 191 215 224 219 215 215 194 125 92 95 101 100 59 111 78 60 
106 129 159 142 129 111 118 156 142 157 201 176 158 190 222 194 164 137 105 102 145 139 179 114 47 80 86 79 86 70 117 137 86 58 61 75 137 125 194 183 182 162 170 191 177 169 181 221 238 243 228 207 196 176 151 113 70 50 75 92 88 102 55 85 
126 124 149 146 122 105 97 110 115 141 191 191 216 178 142 121 160 149 144 148 163 154 170 35 10 46 39 107 98 73 66 41 43 21 22 55 122 98 166 183 182 211 193 189 187 217 240 246 240 224 202 178 120 97 92 52 74 27 22 65 115 165 118 146 
145 117 132 150 137 120 108 107 110 103 135 170 220 197 140 133 149 111 93 134 176 177 169 74 39 17 24 83 52 52 30 19 50 36 17 58 65 65 121 170 198 224 219 222 241 247 247 241 223 195 153 101 87 106 116 70 19 9 8 30 126 151 161 148 
148 122 110 130 172 159 112 125 126 134 202 152 189 205 193 197 188 133 140 204 211 164 172 173 118 28 24 37 15 14 24 11 22 32 35 99 59 47 112 162 197 237 251 253 250 243 243 221 162 116 95 88 101 140 152 82 35 34 71 60 97 113 143 169 
112 100 114 135 165 167 115 110 118 150 181 116 153 197 178 212 220 175 181 186 192 212 205 202 140 48 63 42 27 23 56 54 20 17 49 66 47 46 73 159 232 254 253 242 224 226 197 163 108 84 105 112 98 126 156 128 123 130 127 102 121 137 136 159 
103 94 127 130 130 142 129 110 104 138 109 79 114 163 163 161 165 107 118 178 166 179 174 157 151 104 100 87 67 42 84 72 32 16 19 31 51 47 55 104 202 238 236 210 192 143 126 187 174 128 124 122 123 142 149 125 136 124 135 129 134 134 163 180 
87 89 115 105 125 147 169 133 119 154 107 78 84 127 177 158 138 104 101 138 152 152 146 143 130 151 117 69 38 44 48 38 45 26 23 27 32 35 49 92 152 213 220 208 148 131 194 183 149 123 132 104 91 144 136 110 67 82 132 142 120 148 175 191 
97 72 96 111 116 153 204 163 128 140 115 111 108 83 161 125 120 118 116 111 155 158 113 114 74 83 115 64 46 50 47 25 30 50 33 21 25 51 61 79 123 189 221 203 168 195 179 138 156 129 112 96 88 108 122 130 114 124 136 118 114 150 180 184 
108 64 112 148 142 193 175 135 134 146 166 135 114 103 126 105 115 121 120 100 155 162 138 130 98 87 66 58 54 55 40 36 20 19 26 28 28 57 71 89 147 151 193 205 204 178 132 121 152 116 114 87 84 73 114 184 179 142 111 123 149 168 190 146 
98 78 162 196 215 174 150 112 127 171 156 72 44 59 105 133 138 100 118 123 116 142 137 145 135 110 60 54 48 19 23 30 21 13 11 28 36 47 62 98 143 119 159 204 179 126 120 177 169 115 111 81 78 89 137 189 172 113 127 159 126 128 176 133 
95 91 152 226 205 181 143 133 133 171 138 49 18 24 97 139 150 111 135 131 127 137 159 138 103 100 99 98 58 41 87 80 41 28 20 64 30 22 40 79 110 46 44 90 105 127 172 144 169 165 131 108 103 122 154 193 140 93 145 111 53 88 129 82 
91 103 145 220 216 185 141 127 127 162 171 92 47 48 93 105 124 125 144 147 139 100 131 130 67 76 107 66 43 55 49 55 42 19 31 54 22 37 65 70 147 163 64 17 30 103 119 109 196 201 170 171 172 164 163 179 110 59 122 136 95 122 63 11 
106 134 187 216 181 139 114 124 148 145 192 168 149 145 142 113 124 155 149 157 142 142 142 134 105 108 106 48 27 55 52 14 11 37 44 28 19 80 141 146 161 226 203 89 21 24 58 137 179 162 144 140 134 121 154 139 131 118 128 122 76 83 31 4 
116 158 193 118 77 101 104 142 152 148 142 131 161 176 100 116 121 186 175 163 160 160 141 130 133 156 115 82 70 117 53 32 29 70 54 68 45 59 148 193 159 188 229 217 89 27 33 75 121 104 85 123 124 132 140 113 131 128 143 101 86 54 35 38 
128 170 158 42 29 105 148 144 128 123 119 114 119 149 62 82 121 139 144 117 143 161 152 111 134 151 101 81 113 125 29 46 44 71 46 98 70 42 104 141 130 146 208 234 195 67 52 73 97 81 77 105 107 142 132 143 122 113 146 122 80 45 58 86 
108 173 148 45 57 124 159 154 127 116 118 117 137 152 88 64 101 137 175 171 135 140 154 109 142 144 122 118 152 160 68 73 47 84 87 78 81 108 127 119 172 136 148 194 216 143 67 98 58 53 49 70 129 127 165 131 94 66 75 137 90 72 91 97 
59 144 173 150 169 199 206 179 126 139 137 113 123 102 39 47 68 133 163 194 156 135 149 152 167 145 154 155 153 201 93 80 66 98 126 154 154 143 121 82 143 146 121 164 195 207 109 50 64 46 33 87 118 137 137 104 136 57 56 123 93 96 95 88 
98 97 171 180 162 185 163 175 104 142 163 91 108 69 39 33 62 96 115 141 154 159 151 168 172 175 184 173 203 229 137 125 148 160 177 173 169 160 116 71 106 143 124 163 187 184 187 103 37 60 105 122 118 134 94 83 143 113 79 92 100 97 64 22 
93 109 160 140 113 122 160 160 101 122 132 76 71 31 13 14 67 105 127 185 182 142 150 170 179 193 198 188 221 239 193 181 195 195 185 198 171 147 134 91 116 115 122 174 174 187 174 190 128 46 86 96 107 118 84 93 106 101 91 100 90 80 37 17 
108 150 150 150 127 113 153 133 93 107 123 112 75 46 18 20 85 119 158 167 149 146 163 177 142 158 170 187 227 237 193 187 181 178 202 229 167 141 136 124 62 26 59 113 142 153 193 170 205 146 48 43 42 86 95 76 83 99 100 85 58 62 45 12 
153 153 114 143 128 127 138 138 124 110 133 132 115 99 83 82 123 110 146 171 187 135 133 139 128 152 155 190 228 239 207 189 167 222 245 211 154 129 145 107 17 2 20 84 110 137 190 190 178 188 102 41 28 65 79 74 95 99 83 60 41 56 73 50 
127 162 153 126 117 131 152 179 215 144 136 117 144 146 143 144 152 100 127 185 202 128 123 125 161 172 193 202 221 239 187 147 147 241 253 201 109 145 144 88 29 26 69 133 141 149 131 161 182 162 86 76 58 45 76 97 98 89 78 50 50 75 90 78 
156 144 160 143 116 129 150 188 233 198 156 133 185 160 146 145 148 142 120 138 183 146 150 113 147 193 215 217 241 219 123 123 158 246 251 167 47 134 133 108 109 129 156 150 136 120 95 129 126 90 65 67 83 68 62 100 105 72 65 45 23 66 117 81 
150 136 130 140 139 121 137 166 204 179 185 175 213 212 172 161 126 114 87 120 137 117 145 139 157 205 213 214 240 191 92 107 182 252 236 150 44 144 156 113 137 143 147 125 126 94 119 92 36 35 46 65 75 79 61 113 107 95 103 119 110 150 101 84 
116 118 137 118 116 141 143 134 143 137 139 182 187 174 170 179 121 93 96 150 109 121 120 156 189 222 214 196 235 182 109 105 182 230 185 128 72 129 181 111 53 106 115 114 120 129 111 47 15 26 38 73 79 58 70 88 108 123 112 161 197 120 108 106 
144 132 147 122 99 137 150 157 161 159 153 193 137 112 146 143 137 105 87 100 129 150 167 173 195 223 178 158 192 127 114 130 157 191 134 156 143 93 116 108 76 118 140 120 135 124 63 19 11 50 86 65 62 56 56 82 71 108 155 119 126 95 116 94 
156 131 125 139 132 152 159 184 118 139 218 220 182 159 133 161 149 89 79 142 173 179 198 213 185 182 142 117 134 98 131 132 129 140 157 183 119 72 91 139 134 122 101 117 142 96 45 20 60 99 97 81 65 63 64 55 92 96 94 56 84 111 109 71 
126 148 128 159 159 150 162 172 55 107 203 155 164 202 118 170 135 105 114 163 217 230 190 159 134 122 110 100 112 101 109 125 124 144 171 157 92 79 95 109 158 134 79 132 108 83 73 82 102 100 89 67 74 56 81 89 185 164 62 23 39 83 80 54 
136 158 157 170 117 129 144 171 119 108 162 139 164 182 144 203 135 113 122 176 234 228 163 112 67 58 56 68 103 104 110 144 150 147 171 139 92 72 89 104 159 130 121 120 66 65 95 105 102 89 55 22 18 70 122 101 71 139 139 59 9 39 44 53 
136 166 139 139 118 119 140 133 158 149 131 125 131 145 141 228 178 175 168 197 206 184 134 97 45 32 22 32 67 75 123 152 146 148 172 155 137 139 154 138 66 102 122 84 61 96 105 100 82 34 8 9 71 171 137 58 30 88 104 50 23 33 20 42 
129 120 103 122 152 148 130 115 99 125 119 126 133 160 162 240 190 166 216 234 219 195 123 112 46 36 22 23 29 63 147 150 117 137 119 143 187 175 164 121 37 98 102 82 99 103 102 79 40 54 50 99 169 98 25 63 79 105 74 24 65 87 74 26 
70 112 136 150 140 123 115 43 38 133 144 145 154 163 171 248 209 201 191 237 240 181 141 86 39 33 18 16 23 73 144 162 127 131 135 155 139 60 67 69 87 103 110 106 103 100 118 44 6 56 136 153 58 6 9 53 42 108 76 39 104 124 101 47 
53 176 176 138 134 109 68 21 83 176 141 151 121 97 160 248 245 218 186 226 241 196 147 84 68 40 14 20 21 70 127 177 176 166 206 146 56 42 49 76 106 105 107 101 92 104 97 25 52 120 111 97 40 5 12 37 40 93 106 85 137 126 97 34 
30 132 96 88 155 122 57 60 107 150 157 182 146 109 170 249 228 202 191 200 232 204 162 107 65 68 27 20 24 98 139 172 172 154 151 110 94 67 71 104 102 106 100 87 104 112 66 57 110 118 61 44 95 51 8 5 37 75 114 111 148 143 123 76 
16 90 61 43 126 143 127 129 106 136 184 224 212 186 227 251 209 170 153 149 183 185 162 126 98 96 41 41 68 115 125 129 134 131 126 108 111 95 105 96 101 82 71 94 104 104 93 70 60 31 14 6 35 96 48 10 70 60 103 112 136 138 122 99 
10 34 41 124 195 183 188 127 84 111 180 232 190 201 218 248 201 135 115 130 162 151 160 145 133 140 77 86 108 147 148 150 141 133 115 134 128 109 91 102 80 51 115 101 111 162 139 77 49 6 23 23 5 57 99 39 34 105 107 107 90 56 58 114 
8 17 22 129 153 165 151 125 89 83 128 185 171 191 195 243 180 121 85 151 126 93 149 147 175 173 138 132 146 156 120 188 153 144 150 135 121 104 111 104 84 113 131 126 104 142 112 68 34 4 19 49 33 72 78 106 115 112 73 93 100 46 32 120 
6 13 29 86 136 151 130 166 128 133 143 171 182 161 178 233 159 134 49 146 127 122 123 143 225 229 222 201 171 168 154 210 142 144 199 204 159 131 114 106 107 157 147 137 115 144 128 105 28 7 39 79 85 90 62 111 148 103 42 84 109 87 29 51 


133 142 151 155 144 170 184 188 175 137 124 149 119 151 165 154 148 136 147 168 154 165 188 187 182 219 238 227 182 167 162 175 177 181 184 182 171 160 177 176 193 201 167 143 145 126 95 91 100 113 115 120 123 124 127 129 125 121 119 126 130 130 122 121 
151 152 151 155 147 189 185 170 160 121 83 132 103 148 164 137 130 129 152 164 174 178 163 170 164 198 188 221 234 197 155 167 180 157 194 191 175 174 175 184 187 149 164 141 152 99 52 49 26 44 59 111 137 127 130 134 134 133 129 128 126 128 133 135 
189 205 191 166 161 209 186 149 145 156 157 162 141 131 165 155 163 170 163 129 140 199 170 144 154 196 191 176 188 195 177 185 205 173 176 183 169 175 173 174 154 124 169 145 140 66 29 21 2 2 32 93 125 168 148 133 155 146 119 137 143 136 139 137 
161 196 186 181 175 204 230 185 167 210 214 200 163 129 144 144 150 163 153 116 125 149 136 129 138 188 198 182 166 195 194 192 200 178 171 169 164 173 152 141 141 132 141 149 108 54 30 8 3 2 46 119 128 156 147 131 146 129 141 136 120 127 176 152 
144 154 141 160 158 189 230 202 164 175 174 141 130 143 152 125 141 154 152 144 118 91 74 95 126 161 164 177 170 196 194 197 192 156 153 147 177 179 139 131 146 150 136 137 108 85 61 67 60 55 95 153 135 125 150 149 132 132 157 134 108 95 108 104 
147 152 150 153 158 200 173 153 163 177 190 154 148 177 215 230 233 228 206 210 164 137 107 116 148 164 169 180 171 189 200 190 196 179 163 171 229 204 153 155 172 145 137 157 147 102 83 118 135 138 126 138 192 156 133 133 119 125 140 143 102 83 77 76 
186 156 147 149 163 168 149 137 145 145 179 167 143 183 171 163 162 161 176 200 189 178 155 170 212 232 236 221 189 174 168 174 180 169 176 169 218 207 171 187 189 159 155 187 138 99 117 130 150 145 120 164 226 153 107 103 133 131 151 146 118 91 80 77 
159 142 150 160 150 125 130 166 170 175 144 118 125 148 140 136 121 135 175 167 146 170 184 182 175 189 219 205 191 179 193 189 179 163 155 144 152 170 169 200 200 188 144 170 116 104 118 136 129 134 165 188 232 167 107 87 134 139 158 161 172 128 114 107 
138 166 170 159 129 114 147 213 175 126 65 68 143 132 134 116 63 96 170 161 119 136 157 159 152 183 213 178 172 167 207 206 187 169 151 162 113 116 173 208 187 206 141 186 122 123 123 119 131 156 179 189 219 185 121 103 136 140 131 166 218 185 142 150 
164 204 206 163 150 147 138 125 115 116 83 97 139 142 128 120 122 120 143 177 128 132 150 173 145 171 192 176 171 154 176 186 185 173 154 179 102 83 166 221 191 211 146 198 130 132 115 144 181 186 172 155 179 188 161 163 207 158 136 177 214 177 106 130 
170 190 200 168 154 154 175 136 138 137 98 98 149 141 101 77 177 140 144 162 157 155 134 140 148 169 179 191 165 175 172 173 171 173 159 152 105 105 165 232 211 221 191 210 145 134 152 188 185 167 120 121 141 175 184 165 196 146 164 228 231 216 131 137 
151 151 189 196 166 152 169 174 160 137 134 107 166 132 73 50 141 136 135 97 160 146 98 132 174 180 187 201 177 173 175 173 165 181 148 143 148 175 199 228 241 224 223 185 129 134 150 139 144 154 133 130 122 187 165 159 185 172 144 199 212 179 119 127 
149 151 171 176 155 153 148 149 150 152 166 142 155 149 114 92 115 139 134 102 145 146 133 152 171 169 163 173 169 170 176 171 172 178 166 148 184 220 233 236 248 218 233 158 131 132 143 136 127 166 167 132 160 194 139 171 189 177 127 129 151 113 109 126 
160 164 185 184 180 169 157 171 177 176 209 162 161 157 98 97 130 122 132 132 142 156 146 139 152 160 151 170 170 177 177 173 179 185 165 162 172 189 230 234 249 205 224 166 148 148 192 165 158 190 166 121 151 159 159 173 151 134 122 108 104 109 124 131 
215 225 240 221 228 202 196 224 202 170 203 165 170 110 45 65 138 123 125 103 153 170 146 156 172 163 132 144 158 167 196 203 182 200 173 173 191 203 198 235 246 189 185 155 106 78 182 183 173 215 165 113 109 143 156 154 136 100 100 101 107 124 132 134 
203 181 220 222 190 194 179 169 148 177 198 154 165 152 116 124 159 150 134 109 149 160 159 171 171 159 130 142 139 176 229 234 200 223 194 184 173 170 128 207 232 161 172 134 85 50 135 145 155 217 151 105 130 214 161 162 141 117 91 114 129 129 126 135 
167 151 190 203 194 181 181 191 162 180 211 155 197 172 177 152 141 145 139 130 150 165 166 170 184 190 153 162 122 177 194 230 194 218 183 125 118 99 109 203 207 153 149 145 151 88 149 150 193 233 169 98 205 215 143 166 147 112 117 134 172 190 175 162 
162 155 154 199 194 182 195 192 164 151 182 164 212 191 228 222 179 162 155 142 160 164 196 225 239 240 176 144 165 177 202 218 188 180 190 104 79 72 122 206 184 132 114 205 191 185 194 175 214 219 146 149 232 166 141 148 121 123 129 143 223 228 222 211 
149 134 144 165 170 206 194 171 160 156 153 148 200 198 210 202 180 198 180 213 213 188 227 232 187 192 178 162 209 169 205 188 166 145 198 109 67 74 64 222 177 93 132 213 196 177 171 159 155 149 131 139 149 132 126 120 123 132 120 125 197 195 206 237 
147 140 150 145 138 182 207 176 167 139 138 147 179 210 193 148 172 238 218 222 202 180 181 169 135 132 152 190 156 149 201 193 181 119 181 90 42 66 87 234 157 90 140 142 137 137 133 132 131 132 133 127 112 120 128 124 151 139 117 144 187 187 166 172 
193 153 134 143 162 186 220 183 149 130 139 161 172 206 199 181 228 193 148 171 177 168 138 111 88 84 121 140 120 191 198 203 193 146 155 123 74 58 107 237 144 108 168 160 195 196 151 115 102 123 138 138 135 144 156 173 204 119 121 178 188 168 150 132 
170 152 134 166 178 166 199 213 208 187 177 218 219 189 186 167 180 151 127 186 187 156 118 83 76 98 125 127 128 156 181 218 176 173 135 123 69 103 181 236 126 116 193 190 228 210 165 107 79 112 160 132 150 176 198 201 152 112 169 185 169 173 199 190 
155 157 155 155 156 156 176 211 240 243 238 242 239 214 187 163 159 141 135 177 165 174 133 107 98 101 112 115 119 182 211 208 185 173 167 152 82 84 175 234 124 129 200 218 210 220 177 107 99 140 133 154 199 216 216 198 134 121 159 159 154 164 173 190 
166 187 162 161 172 160 170 168 181 187 187 221 213 218 194 171 154 145 144 150 131 150 147 84 24 46 116 130 126 177 187 187 203 201 200 174 141 117 193 219 143 145 216 244 222 223 199 152 137 118 163 215 236 234 223 172 125 119 131 146 137 132 133 141 
172 180 170 145 174 161 157 144 164 191 209 232 205 155 173 196 201 182 147 147 140 117 148 138 66 58 139 177 158 158 181 204 189 200 212 175 187 159 209 206 188 148 186 241 250 245 224 156 128 171 226 238 245 239 208 133 119 130 162 149 127 158 138 130 
162 170 192 170 193 170 153 163 160 196 233 227 183 185 239 249 226 168 122 129 164 137 165 166 90 115 162 157 134 117 156 198 178 188 196 163 208 164 209 199 226 182 150 206 225 219 175 158 207 234 244 242 240 234 195 142 129 139 140 119 120 165 129 112 
151 172 203 183 168 153 160 196 180 191 226 215 198 221 244 228 192 154 131 133 171 136 151 81 26 59 90 104 107 95 137 163 117 81 88 111 168 150 206 202 202 187 194 216 200 191 198 233 248 251 245 233 216 184 165 144 124 106 125 135 139 152 112 128 
166 163 186 180 158 144 138 149 153 177 224 229 238 219 191 167 183 158 136 141 158 131 121 19 6 28 32 113 114 96 90 62 61 42 46 90 148 124 187 193 193 226 213 211 207 230 246 251 249 238 224 196 143 128 133 110 135 98 90 125 166 214 165 178 
182 159 168 181 165 152 149 160 159 144 162 208 241 239 192 181 197 156 128 154 173 141 111 41 23 10 20 91 68 72 41 25 57 41 32 81 93 102 145 166 196 236 232 234 247 252 252 249 240 210 170 130 123 147 165 120 88 102 83 98 177 195 200 175 
182 159 147 165 205 196 161 172 172 172 218 191 220 236 233 231 224 175 177 229 213 121 118 120 70 18 14 38 22 19 35 19 30 31 40 102 89 88 137 178 208 242 253 255 252 249 249 235 182 137 123 123 140 185 195 116 93 122 133 119 144 157 180 200 
153 144 152 169 212 209 163 152 159 188 210 158 189 229 214 235 240 208 209 222 200 163 158 156 102 38 42 35 31 28 62 61 27 21 55 73 83 79 97 173 236 254 254 248 234 237 214 185 133 118 136 147 149 177 207 162 173 181 173 149 161 175 177 200 
153 148 163 148 170 178 164 146 149 181 155 130 158 199 199 194 200 162 155 209 189 185 179 150 143 98 90 84 76 56 86 81 41 19 21 41 81 77 72 124 213 241 244 223 207 170 156 191 187 158 163 166 172 196 211 175 180 172 187 172 173 177 215 231 
141 146 156 143 165 186 200 170 158 197 157 130 133 162 212 191 181 157 135 163 179 176 168 162 149 152 130 78 46 57 54 45 57 28 24 31 43 59 67 120 173 220 231 209 178 160 201 198 175 159 170 153 144 199 194 157 121 137 176 180 164 198 230 241 
145 132 150 174 166 187 231 208 176 179 160 153 154 133 198 164 160 154 150 145 190 184 140 137 101 100 130 85 55 58 60 32 34 53 32 23 27 63 89 116 158 207 230 204 181 202 197 170 195 167 155 148 142 159 163 169 161 167 173 159 164 202 233 230 
150 127 163 205 196 221 219 185 183 189 207 176 153 143 165 143 150 157 159 134 182 176 157 144 125 110 84 80 68 64 53 46 23 21 27 30 36 76 109 129 180 193 222 214 209 197 166 166 196 164 156 137 136 133 166 221 225 184 153 164 181 211 238 187 
143 132 199 231 238 214 201 165 167 206 196 124 96 105 144 171 182 146 161 157 148 163 159 165 156 135 76 63 68 28 29 34 28 15 12 29 50 69 96 128 161 160 182 215 199 160 164 218 206 160 152 128 132 148 185 225 215 153 162 180 151 171 220 167 
137 137 188 243 232 214 186 177 170 204 180 104 73 76 141 183 195 154 174 170 159 157 171 158 133 130 114 105 71 47 88 84 48 31 22 69 34 32 59 100 134 95 96 132 144 169 201 184 203 200 169 145 143 159 187 219 167 139 185 148 99 131 165 114 
135 143 182 237 235 212 174 163 162 190 207 138 98 98 138 148 158 159 177 172 165 124 140 152 104 103 120 82 50 67 61 56 45 22 35 57 24 45 85 97 165 180 112 82 94 148 160 153 218 218 191 185 185 185 193 207 149 120 176 178 139 158 103 37 
146 171 220 237 209 174 154 165 188 169 213 201 182 175 180 159 153 187 186 182 165 158 158 154 131 126 115 71 37 64 68 19 13 42 44 32 22 90 155 154 175 232 213 131 89 96 122 164 190 175 168 172 166 159 182 172 177 168 183 178 134 123 73 28 
157 195 227 165 128 146 156 186 193 178 174 169 193 209 148 157 159 213 211 192 184 172 164 158 154 166 122 102 87 123 60 40 37 74 56 67 47 64 158 205 169 202 235 227 137 99 111 128 140 128 126 164 161 168 168 162 187 182 201 167 142 102 84 75 
169 208 201 105 92 145 189 185 160 143 159 159 159 187 111 127 158 175 187 158 171 183 172 144 155 160 109 98 123 134 40 57 53 68 46 92 76 53 121 165 145 170 223 242 213 125 118 127 128 117 120 144 142 173 168 197 183 176 205 180 137 100 100 117 
153 213 194 107 113 159 194 198 162 137 162 163 175 186 123 111 141 170 221 209 163 168 180 141 166 161 136 138 152 168 86 87 56 86 91 91 97 129 152 152 196 179 181 212 232 176 125 142 105 104 100 116 158 162 198 185 166 145 147 183 142 119 122 129 
107 183 215 191 202 229 231 220 152 173 188 155 157 143 78 95 126 172 215 228 185 165 175 173 187 169 165 170 162 209 111 101 81 106 139 162 168 167 153 134 181 192 168 196 216 227 150 108 116 94 71 124 153 174 173 155 188 136 135 166 130 126 130 128 
137 145 212 219 202 217 190 194 136 185 212 133 142 110 73 71 111 136 154 175 186 188 182 192 193 190 191 186 207 234 151 144 165 161 182 188 186 179 152 128 154 188 182 225 215 208 211 140 91 101 130 154 153 165 130 122 182 170 140 131 128 133 119 91 
138 161 212 194 166 169 196 180 144 169 177 117 109 70 44 51 109 146 171 220 217 187 193 195 199 212 211 199 226 242 200 192 201 195 193 217 196 177 173 143 158 158 180 237 218 208 201 211 158 94 126 135 140 148 122 130 158 152 126 128 129 130 109 99 
150 199 204 206 171 147 195 174 147 157 172 150 113 85 55 63 122 156 200 205 182 195 201 206 173 191 195 196 229 238 193 188 178 182 211 241 202 176 180 167 113 81 119 167 186 186 213 195 224 174 95 85 76 119 129 123 128 128 128 127 122 124 120 70 
189 206 166 195 171 140 162 175 177 160 183 175 152 137 119 119 156 147 182 212 222 179 174 183 168 195 193 209 234 240 206 194 180 229 249 231 196 165 187 158 80 53 82 142 159 178 215 213 204 215 136 86 75 105 119 117 125 130 123 113 115 124 139 108 
158 205 198 166 155 141 162 208 240 195 186 163 176 178 171 170 181 144 168 225 234 170 167 171 197 211 228 230 233 241 196 179 174 244 254 222 160 184 183 145 98 92 134 191 197 184 157 185 210 190 123 114 100 89 114 126 130 127 120 102 102 125 142 132 
153 148 191 166 146 132 175 225 249 239 198 180 214 193 175 173 182 187 167 190 231 193 196 165 188 230 242 237 245 228 164 183 189 247 254 199 108 188 175 149 149 170 209 194 180 149 122 152 155 126 107 109 121 105 94 134 142 122 122 104 89 134 161 127 
141 129 154 161 158 142 179 210 224 219 222 218 239 234 204 196 173 166 144 173 190 169 191 190 197 232 226 220 242 212 157 173 211 254 248 195 102 198 198 151 160 178 193 167 161 124 146 122 49 64 92 109 116 118 101 147 159 155 167 189 169 193 150 130 
136 133 162 147 139 173 195 187 183 182 189 227 227 203 202 214 171 146 150 195 164 171 164 191 213 231 218 206 241 207 166 157 210 240 212 175 128 175 215 162 127 151 155 159 159 153 144 70 25 42 78 115 115 98 110 124 160 180 166 215 224 153 150 139 
162 143 181 162 125 178 199 208 205 202 198 234 193 154 169 184 181 156 138 148 176 189 196 195 211 230 195 182 217 165 160 172 192 213 171 191 179 135 150 152 137 165 170 156 162 156 105 47 33 72 117 108 105 90 101 126 127 160 198 173 172 142 152 123 
125 137 145 176 169 195 199 220 162 178 237 241 228 205 188 199 172 135 131 175 203 209 224 227 207 203 171 150 174 142 170 173 170 179 196 213 151 113 128 177 186 170 146 169 174 136 88 60 89 122 129 115 101 102 96 112 154 147 146 130 146 155 136 115 
129 156 143 194 205 197 201 210 113 148 223 189 202 235 169 199 168 137 150 196 235 244 226 194 168 158 149 143 154 145 152 166 169 189 210 189 129 116 127 152 203 183 144 177 150 133 124 115 127 131 125 108 114 111 115 133 221 219 127 87 114 137 118 126 
147 169 197 212 171 179 186 208 167 152 197 174 199 223 175 219 169 150 155 208 245 245 205 161 124 116 111 122 145 145 151 185 193 190 206 171 131 115 126 145 198 187 172 156 138 135 132 131 134 118 98 92 104 135 163 143 141 215 213 121 69 91 93 114 
147 181 186 187 169 164 181 173 198 190 169 163 167 186 176 237 211 206 200 226 237 225 178 150 108 95 84 90 116 125 167 195 185 187 206 185 171 173 190 181 133 153 159 138 127 132 132 136 134 91 69 87 143 205 168 114 114 167 182 105 71 82 67 95 
179 172 154 168 199 181 170 160 145 165 157 163 173 193 191 245 221 199 235 248 243 232 172 161 100 91 72 80 90 120 192 197 164 178 162 178 218 205 193 171 117 144 144 132 130 134 142 136 124 134 134 164 204 145 77 118 146 176 151 71 99 131 137 104 
134 170 184 193 183 160 162 116 104 177 183 183 186 191 193 250 227 219 217 247 251 220 185 135 89 88 57 65 78 128 187 202 173 181 179 194 178 117 121 134 140 142 140 132 135 148 176 122 81 125 187 195 123 89 98 118 111 179 144 87 141 168 160 129 
113 214 215 184 180 164 148 123 142 212 176 188 160 140 189 251 249 231 214 241 252 230 193 136 121 84 58 59 73 118 166 207 212 208 231 190 124 107 117 135 144 136 132 134 142 163 161 122 127 164 158 163 131 103 112 115 104 158 162 124 191 188 166 120 
92 173 152 146 197 171 145 144 151 183 187 221 191 158 200 252 239 218 212 228 248 239 199 150 113 113 82 64 62 138 178 206 213 203 195 155 142 121 124 146 137 132 135 134 151 157 132 132 155 161 129 108 166 140 96 56 98 137 156 153 214 210 192 152 
93 147 136 113 170 188 182 176 153 178 210 243 238 219 239 253 230 191 185 186 214 221 203 163 139 139 85 93 116 154 161 169 176 175 168 154 153 130 138 136 134 134 129 140 146 142 141 128 121 111 111 77 106 171 109 44 121 116 137 169 198 202 193 171 
121 139 126 166 220 219 224 173 142 154 203 244 216 221 234 251 230 175 158 169 200 189 199 180 171 179 125 129 151 184 179 183 181 163 146 172 166 141 133 140 137 126 161 152 156 191 182 140 121 88 116 108 87 139 166 93 69 130 149 166 157 122 126 180 
120 133 124 179 184 190 193 167 145 139 173 209 197 217 218 248 213 168 133 189 170 135 188 183 207 206 173 167 190 196 170 218 191 174 168 151 143 136 145 150 149 168 171 171 155 182 165 133 105 56 102 132 125 148 153 171 148 141 136 156 161 109 98 173 
119 130 138 168 167 169 178 195 171 172 176 195 204 201 214 241 199 184 105 190 169 152 162 175 235 243 236 224 212 216 198 231 184 188 222 212 171 145 137 142 165 212 190 178 162 183 174 145 84 58 119 157 167 164 144 172 171 152 122 148 167 142 96 127 


44 29 38 21 5 71 124 163 126 43 43 34 71 101 71 26 45 35 88 124 124 132 143 110 82 164 218 195 100 92 74 66 97 128 113 73 77 74 99 101 122 107 50 39 57 44 48 42 49 59 57 71 77 82 79 75 63 56 49 69 81 84 80 73 
39 25 35 40 9 76 94 131 97 14 14 20 38 100 60 13 23 35 103 123 117 75 63 40 80 139 139 201 178 91 49 41 31 62 130 77 83 93 79 109 132 38 65 26 31 31 65 79 33 18 15 22 41 50 75 76 81 87 76 72 66 64 74 84 
133 151 105 37 48 93 50 77 87 76 96 90 76 68 95 90 110 113 105 65 67 118 80 32 81 145 139 128 124 125 90 63 55 54 101 96 64 53 49 105 92 23 74 22 3 22 37 40 7 2 3 3 13 66 86 34 86 98 65 102 114 96 94 79 
61 106 81 64 89 134 127 97 126 149 163 153 115 49 55 96 105 89 61 37 66 97 85 69 46 112 140 116 68 106 116 92 52 71 83 87 40 36 74 78 82 48 40 29 4 19 26 15 5 2 14 31 11 52 94 53 94 97 121 119 104 96 135 110 
19 36 9 34 25 114 149 95 103 86 85 59 48 40 43 58 86 90 77 77 58 29 17 27 23 48 60 95 57 86 88 94 106 62 64 77 68 45 58 70 63 42 28 21 23 23 13 21 27 24 49 94 41 35 90 70 100 100 129 116 91 60 44 30 
32 19 5 7 32 134 79 32 96 112 97 70 49 97 148 195 211 203 162 181 106 76 53 52 75 90 91 116 76 86 89 78 90 116 95 93 138 90 64 113 73 19 22 67 99 8 3 6 34 58 38 60 123 84 64 86 66 77 120 126 70 34 15 7 
95 27 18 30 72 111 92 86 95 90 115 101 46 120 94 62 59 83 84 112 138 131 115 129 155 175 172 143 118 101 85 82 79 85 121 99 133 113 102 158 94 50 50 118 74 3 3 6 40 51 32 92 118 47 15 22 63 88 128 126 83 42 15 6 
69 48 76 111 104 47 62 121 119 126 96 51 19 78 55 36 14 47 88 54 68 118 145 133 86 82 118 83 99 88 84 59 59 55 78 60 68 98 119 175 126 130 67 133 28 5 18 42 34 30 99 131 108 56 15 5 37 41 98 114 142 83 58 60 
38 58 92 117 74 58 90 156 99 47 14 10 16 17 45 24 5 20 91 71 21 69 116 104 58 46 120 73 75 48 69 55 73 58 57 59 24 63 130 185 143 191 108 160 29 33 39 26 27 86 149 132 117 85 23 14 38 18 20 83 163 114 62 98 
107 152 162 105 90 68 35 18 27 47 14 6 6 4 22 19 51 18 51 78 26 61 92 123 68 60 106 65 68 37 47 39 44 57 58 87 25 23 120 195 173 205 123 176 57 45 19 90 144 158 114 71 103 113 96 90 152 51 28 112 165 145 55 64 
118 112 143 97 64 16 37 38 67 66 14 3 5 3 8 7 39 22 35 77 83 84 39 55 74 75 62 21 36 58 43 21 33 58 48 21 15 50 114 202 211 215 177 187 60 43 104 171 149 92 28 12 43 99 137 99 111 84 102 188 181 179 99 90 
77 54 152 160 88 44 84 80 80 56 53 18 66 21 5 5 6 5 8 26 107 70 10 53 92 72 71 23 17 30 44 51 86 95 38 13 48 128 171 193 242 218 217 141 52 105 127 90 51 34 46 31 33 131 120 131 163 166 128 162 166 137 73 90 
98 98 129 114 111 109 112 109 106 105 109 29 59 44 54 63 69 69 72 78 119 102 88 111 122 105 101 89 74 64 82 82 116 134 110 66 99 158 217 190 246 207 227 130 104 96 80 75 35 70 103 41 62 146 120 193 227 215 132 86 103 64 78 115 
58 37 114 134 165 155 146 148 137 141 178 45 47 67 41 57 84 77 82 71 85 68 86 100 107 106 105 126 116 117 115 99 116 162 119 115 123 151 220 208 248 187 215 151 127 84 162 116 73 132 86 12 71 139 178 215 195 187 158 114 93 102 111 90 
172 176 219 194 208 185 182 190 155 112 142 45 50 47 4 23 59 43 34 10 46 30 18 90 100 63 55 78 101 91 123 116 104 183 147 144 171 202 196 233 244 158 168 145 61 41 161 119 96 169 72 32 88 155 178 193 165 142 144 132 117 108 87 89 
140 106 193 159 133 188 168 109 89 124 135 44 47 81 33 19 59 33 18 16 19 32 23 93 112 87 71 95 99 115 172 191 175 213 172 168 165 153 124 209 224 112 167 105 57 29 96 83 83 171 87 73 121 201 157 162 125 126 127 130 107 87 109 141 
86 36 108 121 115 136 149 151 102 119 162 61 126 111 112 61 13 7 11 65 86 107 107 132 156 170 118 155 99 148 171 219 172 206 161 102 107 81 107 202 187 112 136 92 150 64 80 55 115 180 107 71 175 205 159 140 140 123 129 108 121 162 169 175 
30 27 54 132 84 92 145 151 92 83 134 99 170 163 204 186 72 35 46 90 103 103 173 219 238 236 160 142 159 140 178 196 153 156 171 86 66 51 99 202 157 99 48 175 182 149 121 67 144 162 97 114 200 133 132 142 135 123 102 97 153 199 190 201 
15 19 41 68 33 107 135 130 98 94 88 91 150 155 170 158 81 67 101 184 193 164 222 236 201 181 185 176 205 135 186 150 105 99 181 83 49 60 47 219 139 27 52 177 145 118 103 84 91 84 66 72 81 59 79 127 122 95 59 61 139 187 175 213 
31 43 55 25 6 63 143 149 137 67 67 100 127 161 127 73 115 186 143 179 163 162 177 187 160 134 163 203 131 122 176 143 130 55 153 59 18 40 76 234 105 8 69 71 61 57 55 57 61 57 73 75 70 95 131 109 113 104 53 83 169 164 122 130 
106 58 24 30 54 97 182 165 115 46 65 126 108 133 131 133 198 74 27 110 136 158 136 137 130 104 131 138 89 184 169 143 126 73 112 85 45 30 92 235 82 17 99 82 106 102 61 35 26 53 102 128 154 170 177 161 165 102 120 171 159 122 84 67 
94 76 31 45 76 76 113 186 190 149 119 188 183 132 122 109 116 29 18 152 175 147 105 80 72 56 88 76 75 133 141 168 98 111 80 91 39 75 169 213 62 33 93 103 136 90 66 30 8 54 150 149 169 194 218 221 131 59 156 161 123 109 127 141 
76 82 84 78 74 62 81 161 218 225 209 194 198 172 115 87 88 42 58 137 136 155 89 43 24 26 46 44 59 167 186 169 119 120 118 126 35 60 164 184 55 66 165 175 120 106 82 34 57 139 149 170 214 227 232 224 124 109 132 117 102 107 121 149 
32 83 50 78 112 100 99 97 113 124 118 135 126 169 127 110 98 82 83 93 100 144 117 56 17 16 78 72 61 159 158 149 160 173 163 159 100 83 181 192 90 109 201 237 188 146 109 98 137 134 182 224 239 241 241 196 128 103 85 82 73 76 93 125 
75 97 73 37 101 97 74 34 59 114 150 175 101 70 116 143 143 109 67 80 134 142 137 91 42 46 137 169 144 154 157 180 161 182 185 170 158 136 212 185 159 109 158 240 250 223 176 150 134 183 234 241 246 246 230 144 99 78 79 55 28 95 94 89 
80 92 122 113 160 108 58 60 72 144 174 125 78 117 201 215 142 72 20 50 124 104 120 87 46 89 153 161 141 128 155 195 170 187 191 160 180 163 220 185 216 153 118 209 231 226 183 167 215 236 245 246 247 240 191 118 75 45 23 5 9 96 96 39 
58 81 132 150 127 96 90 138 124 132 172 133 138 182 192 162 108 81 47 54 109 86 78 32 13 32 80 99 129 109 165 175 143 131 122 96 135 183 217 183 183 161 190 220 212 203 209 238 249 250 248 247 228 177 131 91 43 15 30 27 32 111 70 47 
89 95 144 148 112 66 42 54 64 115 182 168 217 168 80 71 119 100 75 77 94 79 47 8 5 15 29 114 149 132 134 113 109 122 128 90 145 149 179 154 145 230 229 231 228 240 248 251 249 243 236 207 138 91 70 32 51 15 18 43 93 160 108 86 
122 94 123 140 112 68 56 61 72 36 80 134 216 146 70 100 117 76 53 98 126 76 47 25 18 10 22 120 129 131 84 94 95 82 118 92 98 70 124 125 149 243 246 245 250 252 252 248 241 220 177 122 90 81 85 51 10 4 5 22 112 135 134 87 
127 78 52 84 144 141 98 101 101 83 149 128 182 188 168 185 158 91 133 208 170 59 54 52 32 16 13 70 70 80 80 50 87 62 60 88 64 41 142 198 223 245 253 254 253 251 250 235 184 133 110 94 94 121 125 54 23 22 53 51 88 77 105 141 
52 48 81 106 132 152 85 94 100 135 161 96 140 202 175 204 209 142 170 176 113 64 80 82 67 35 30 71 58 78 108 76 94 60 86 78 37 48 122 198 244 253 254 251 246 239 191 155 123 95 101 97 92 112 120 77 90 109 99 76 95 88 108 149 
59 72 80 74 108 142 97 50 77 119 101 63 74 144 142 133 135 42 79 151 158 175 160 149 147 126 86 107 139 86 110 122 63 46 64 59 59 56 74 173 234 244 247 237 213 111 95 166 154 115 106 109 98 122 104 63 110 101 101 98 82 93 161 175 
48 60 61 43 72 108 161 111 94 111 66 60 44 92 179 140 111 67 79 146 164 175 179 203 182 185 142 105 134 85 82 111 63 42 45 45 69 62 68 160 204 226 220 152 108 96 165 153 127 105 117 91 59 105 87 75 50 52 103 97 49 111 179 184 
66 52 57 50 26 86 184 144 111 108 79 84 92 66 169 101 112 127 129 117 155 173 148 182 116 125 193 100 92 99 90 64 66 86 44 38 67 77 91 111 111 182 219 140 136 178 157 112 155 125 98 77 53 64 93 132 94 100 100 53 36 134 184 180 
113 42 96 91 50 143 125 82 119 115 149 126 114 102 145 111 124 117 86 84 183 198 208 218 150 124 133 100 76 112 82 50 46 57 36 41 61 76 48 74 124 108 199 207 192 157 107 91 159 99 90 66 64 37 88 199 158 122 63 79 123 169 195 156 
86 46 156 179 195 129 73 72 122 157 136 56 36 61 109 113 103 59 61 92 135 185 183 217 218 184 75 121 93 52 60 75 43 30 38 52 29 26 44 99 121 83 149 183 160 88 77 167 166 87 90 77 65 45 142 218 154 68 86 145 122 128 182 158 
73 60 147 220 208 163 103 131 132 154 108 32 9 14 66 88 111 62 79 77 133 161 187 175 169 163 110 162 109 55 97 109 59 39 52 96 42 35 31 106 104 31 26 66 75 85 145 132 160 150 122 107 102 114 187 222 113 37 113 95 56 94 146 128 
71 89 144 226 227 197 153 130 118 147 142 69 34 40 62 49 92 91 111 138 167 116 181 183 96 110 137 94 77 122 86 60 63 59 57 77 61 85 62 101 185 166 58 8 13 79 94 88 188 203 168 165 168 169 199 181 58 13 77 117 91 136 84 48 
102 144 191 212 162 98 98 111 112 113 174 155 136 146 144 61 73 121 111 166 171 177 201 194 115 134 175 66 65 140 113 32 38 86 57 49 65 122 139 145 180 235 206 83 9 4 27 126 179 159 138 126 122 128 167 92 63 67 88 83 52 107 51 21 
106 153 174 89 30 45 79 112 121 121 99 92 150 186 105 93 72 159 137 140 156 171 193 157 179 194 166 128 155 158 100 98 50 100 92 91 59 83 152 179 141 202 236 217 76 9 4 52 127 110 75 104 122 128 107 61 80 105 122 41 35 81 55 71 
121 139 106 17 4 44 102 120 109 68 45 46 90 164 72 89 118 99 87 73 132 177 219 153 200 180 105 148 189 145 84 119 72 83 72 110 96 58 108 130 117 156 220 245 201 55 31 55 98 74 50 82 116 104 105 123 81 105 131 65 41 86 97 114 
81 129 88 19 38 102 130 118 82 33 27 51 123 175 118 81 99 92 119 117 62 149 199 146 200 173 181 181 171 180 131 127 112 128 110 112 118 129 120 100 158 123 139 218 237 155 55 88 48 31 20 54 106 89 188 107 56 55 49 66 41 93 111 101 
38 116 128 130 159 192 177 129 70 72 56 83 152 144 90 73 43 94 104 163 137 146 165 178 224 184 215 215 174 217 164 139 134 149 164 169 175 154 125 51 132 139 96 156 224 231 127 38 26 33 35 56 66 144 190 105 112 41 9 55 94 109 94 74 
96 84 141 156 130 155 134 125 43 96 137 116 162 106 78 47 43 72 90 129 150 157 130 186 219 199 214 204 216 231 173 163 182 175 193 184 178 165 117 54 88 138 95 114 190 215 211 126 38 67 104 72 102 179 154 121 110 58 40 99 107 89 49 15 
67 80 111 71 38 52 107 116 44 85 108 112 121 69 46 44 64 92 77 155 153 93 100 193 190 210 226 206 231 232 191 204 213 197 193 202 179 145 131 59 100 93 78 109 142 201 196 208 152 51 64 73 141 178 146 123 67 74 102 108 83 47 13 3 
61 109 95 92 55 25 97 81 30 60 67 136 107 82 59 65 101 130 119 129 80 86 118 152 104 140 191 192 225 225 185 209 181 162 193 233 162 136 112 86 36 12 21 65 103 137 210 188 228 175 60 60 88 141 159 106 96 114 110 82 39 33 16 3 
74 77 46 87 60 32 68 81 64 45 57 123 127 124 119 120 154 100 97 131 145 86 87 77 72 132 167 185 224 235 220 211 155 199 243 212 147 113 111 51 5 2 3 23 43 118 222 217 213 225 162 72 58 129 135 99 111 107 110 81 25 32 38 20 
51 93 85 50 38 50 82 133 187 90 73 64 105 159 157 152 165 79 80 160 177 97 91 62 123 156 176 183 216 242 206 121 86 222 252 181 92 100 105 36 4 8 25 73 86 160 194 190 214 207 156 139 103 74 108 118 109 118 139 118 88 57 50 51 
9 40 94 54 33 33 55 112 197 164 89 51 166 166 145 145 143 113 69 96 148 113 91 37 114 165 190 220 244 215 106 56 97 241 247 145 36 82 117 68 54 81 97 85 111 169 149 105 141 141 131 136 147 123 85 107 134 116 97 78 54 58 97 75 
20 19 54 45 20 19 37 63 131 123 117 109 196 217 175 166 109 66 33 55 74 47 47 24 130 193 221 243 246 167 47 48 160 252 223 119 35 91 145 66 75 99 95 81 133 151 99 45 49 76 99 131 145 146 116 105 72 37 21 30 83 135 76 87 
46 59 81 32 11 49 62 23 66 71 45 108 137 149 140 167 86 55 48 107 40 46 61 101 177 234 238 208 228 143 40 51 180 230 142 57 46 110 179 78 12 59 77 92 114 137 56 65 56 76 80 123 131 98 121 107 43 39 27 108 184 74 36 111 
55 69 81 35 19 87 81 91 142 136 72 113 51 34 48 107 96 70 22 48 73 106 142 162 203 236 185 123 173 96 73 109 169 185 80 109 126 96 114 110 50 73 84 89 128 78 50 82 80 92 120 107 111 79 73 101 69 58 125 116 107 38 44 112 
33 30 45 65 78 110 114 135 96 107 192 191 128 110 74 135 101 35 24 103 139 145 162 206 175 177 123 69 119 57 109 134 140 95 100 167 118 73 85 145 111 69 47 59 87 63 102 104 118 125 113 99 97 109 85 51 88 104 84 22 51 64 92 92 
28 66 78 108 109 105 116 88 11 88 184 114 132 178 75 152 97 56 97 135 157 157 110 99 87 80 79 71 86 55 88 131 101 60 130 141 79 72 87 88 127 70 17 69 45 72 116 127 128 112 106 86 61 54 99 86 167 140 50 7 12 75 107 33 
36 97 140 146 46 62 107 114 73 73 124 91 120 155 105 183 78 71 72 118 166 126 48 20 17 11 21 29 58 57 92 133 103 84 146 114 73 61 85 88 147 71 38 57 17 46 119 129 107 85 56 21 7 37 126 115 56 76 70 46 11 52 60 6 
57 126 156 145 45 56 100 80 136 134 95 70 61 112 114 213 115 112 59 107 106 70 26 21 4 4 5 9 24 25 97 139 109 102 140 134 118 122 135 119 48 84 70 33 51 114 125 98 60 22 5 5 49 145 148 96 9 25 26 22 46 55 11 4 
98 87 123 158 106 99 91 56 60 75 48 74 88 134 154 234 154 128 121 126 87 71 20 30 9 14 8 5 4 18 121 132 77 104 95 127 166 151 107 69 16 63 55 75 125 124 91 43 12 24 22 72 146 95 37 105 24 46 19 12 100 69 20 6 
50 62 134 179 152 93 84 25 16 86 100 102 130 142 151 245 180 191 152 150 119 57 37 20 8 6 4 4 4 24 113 118 84 94 102 124 102 37 18 10 42 55 104 131 114 74 47 10 3 37 109 131 55 7 7 82 58 66 40 55 121 39 34 10 
54 160 173 158 161 82 35 4 52 151 133 134 100 55 145 248 248 230 145 150 128 76 35 10 7 5 7 11 5 24 96 154 148 131 163 93 32 39 19 32 56 80 125 102 61 31 17 4 35 98 90 76 32 4 3 29 73 53 72 117 104 58 36 8 
40 142 84 111 181 125 29 30 90 135 142 156 130 90 174 250 241 203 160 143 121 84 51 16 11 10 8 6 6 46 108 171 159 111 79 74 100 66 39 56 65 111 88 69 68 61 15 25 81 84 28 30 79 39 5 4 43 39 112 112 81 86 65 26 
20 97 23 36 138 162 128 126 70 90 156 211 216 202 238 252 196 116 95 97 102 73 52 34 25 36 13 9 17 42 73 129 139 73 90 112 123 92 63 47 92 60 35 92 85 66 59 52 26 11 4 3 28 77 40 5 38 56 128 66 55 88 90 53 
9 24 13 103 174 188 210 94 17 57 151 230 231 240 239 249 154 68 44 72 121 82 86 60 48 70 17 19 60 116 103 119 153 71 35 104 120 76 37 73 39 10 71 81 83 124 122 59 19 3 2 3 3 32 73 29 29 140 106 57 16 15 46 83 
5 7 16 119 105 135 151 53 22 25 91 223 223 218 192 238 102 43 54 106 117 81 115 109 107 93 44 60 90 136 108 171 148 108 40 21 32 26 65 80 12 48 87 86 84 126 94 52 22 3 2 3 5 23 37 83 133 156 48 59 61 12 27 83 
4 6 7 46 84 87 87 98 64 114 183 225 194 133 122 219 94 69 36 111 110 109 122 126 196 180 159 129 103 105 124 193 112 125 156 119 46 13 23 42 31 92 108 101 82 115 98 95 33 7 5 3 24 28 12 91 189 130 20 46 116 81 26 29 