


105 104 126 138 140 143 144 144 145 146 147 148 146 148 149 148 146 145 142 136 131 131 129 129 128 126 125 126 125 126 127 129 130 127 128 124 119 120 119 119 125 116 118 128 118 116 117 113 112 121 118 110 118 110 109 108 109 109 110 110 109 107 109 106 
105 108 127 139 142 143 144 145 145 146 148 147 148 150 151 149 146 145 145 138 134 132 130 128 126 123 123 123 124 125 124 129 128 124 124 120 118 119 117 119 122 115 119 127 113 115 116 112 113 127 112 115 115 107 106 106 107 108 108 107 103 104 105 108 
105 110 130 143 145 145 147 147 147 146 148 149 150 152 153 150 148 147 144 142 139 134 130 127 124 123 122 121 121 124 124 127 126 123 124 118 117 119 118 119 123 123 126 135 115 116 113 113 122 128 113 117 106 105 107 106 104 104 103 102 102 103 105 110 
105 115 135 144 145 145 147 147 148 150 151 152 151 153 154 153 152 149 146 145 142 137 132 127 123 121 120 119 120 126 126 128 131 128 126 120 116 124 125 124 133 136 140 147 126 118 125 128 146 132 120 122 107 111 111 102 105 107 102 101 106 104 112 119 
109 121 136 145 147 147 149 150 150 154 153 155 154 155 155 154 151 147 144 143 140 136 135 132 127 127 123 122 123 128 129 128 136 132 132 129 129 143 141 145 163 155 161 164 153 150 153 155 158 140 150 141 128 129 126 107 116 122 115 115 117 123 135 163 
112 125 139 144 147 149 150 150 153 155 155 155 155 156 156 156 154 149 146 138 131 140 142 140 138 137 134 132 133 137 134 132 139 140 148 154 163 170 168 185 182 174 178 186 183 183 174 184 170 178 186 162 159 162 155 127 152 147 150 148 148 165 182 210 
114 127 140 144 148 150 150 150 152 154 153 152 153 154 153 155 153 147 129 119 141 146 147 146 144 142 140 138 141 145 139 141 156 169 181 185 183 187 194 197 180 166 181 198 192 191 178 181 179 190 182 180 181 183 175 159 172 162 163 168 171 189 199 189 
122 131 141 145 147 149 152 151 151 151 152 151 152 153 152 151 143 126 107 135 146 146 146 145 144 144 142 140 144 153 152 159 193 199 205 197 177 191 185 174 155 162 183 196 193 175 169 169 174 171 167 178 174 179 166 160 160 156 146 161 163 173 168 162 
133 139 143 147 148 151 151 148 147 146 150 150 151 151 144 134 122 105 129 144 145 145 146 145 146 143 146 154 165 178 177 186 213 208 209 180 151 163 164 154 138 161 200 187 180 156 169 153 153 146 164 167 158 142 135 140 138 135 139 146 140 139 131 132 
140 143 146 148 152 152 152 147 145 146 149 148 148 142 136 133 106 114 142 145 145 145 144 147 153 156 173 189 197 198 194 197 209 193 188 151 114 132 148 139 127 174 193 171 157 168 149 137 151 160 167 157 136 111 112 109 110 120 131 129 118 114 103 110 
142 147 161 146 138 137 144 147 142 146 146 148 148 150 150 125 104 130 141 143 146 144 145 154 178 190 202 207 215 195 201 196 199 174 166 129 85 106 129 115 133 179 168 157 155 144 135 164 173 180 161 131 94 79 84 82 103 124 132 119 99 92 86 105 
144 156 157 78 72 77 97 92 111 118 128 142 147 154 148 112 121 132 139 142 148 149 147 171 196 204 204 200 190 174 185 182 183 147 135 117 68 82 107 98 134 166 145 151 143 142 182 186 182 173 141 100 65 66 69 78 103 124 116 91 82 80 85 94 
141 158 132 61 60 68 84 65 88 84 97 103 115 128 121 96 122 124 131 137 143 150 150 179 198 190 196 190 170 165 167 157 154 124 111 88 53 71 87 84 129 146 138 136 144 180 191 178 170 149 116 88 69 57 62 81 101 107 86 76 71 75 77 76 
140 146 160 81 55 69 81 75 98 91 102 101 110 107 92 77 91 95 89 101 102 133 156 173 184 184 191 181 154 150 135 113 112 94 91 69 44 69 70 76 127 132 141 141 169 182 176 165 158 123 98 71 55 52 62 70 85 89 81 71 69 68 64 70 
142 143 159 147 70 63 72 74 87 94 94 98 102 99 81 72 85 93 77 82 90 132 157 184 203 191 164 140 119 129 112 95 82 77 82 58 42 62 60 85 112 129 130 137 153 163 145 138 124 113 115 86 63 48 56 59 77 84 67 77 67 60 59 54 
139 141 143 150 122 66 62 67 73 85 88 92 92 92 78 72 80 93 93 92 104 134 173 205 201 175 136 105 104 109 109 100 71 71 80 52 48 59 55 91 93 103 113 127 144 127 117 126 108 115 122 108 74 49 46 52 65 69 80 86 62 48 35 34 
140 142 144 144 144 115 69 59 67 75 86 85 84 84 80 76 83 99 107 110 116 147 181 203 193 158 120 92 112 107 120 106 72 68 74 57 58 46 61 76 75 83 111 123 102 105 112 128 124 117 117 111 81 54 44 46 57 69 77 75 51 27 19 47 
139 142 145 145 146 142 124 73 59 71 77 83 80 80 82 80 92 108 117 122 127 144 172 214 194 149 119 102 127 121 111 93 70 78 68 62 60 48 69 61 58 95 111 91 89 94 107 134 120 111 105 92 76 46 40 49 67 75 70 49 20 15 35 57 
143 145 146 147 148 146 146 128 74 69 76 82 79 84 91 84 100 121 134 139 136 127 186 209 180 155 135 122 127 118 97 80 71 86 70 76 62 64 66 49 85 88 76 73 78 83 107 114 102 103 96 72 62 54 58 68 76 70 47 25 21 33 33 43 
155 158 158 156 156 155 153 148 134 87 76 78 82 85 94 96 97 130 146 143 113 105 167 181 175 165 153 139 121 99 76 71 78 89 80 87 73 73 50 79 79 57 54 64 69 80 92 86 82 86 75 65 59 60 65 69 77 71 58 48 51 60 48 48 
163 164 165 163 164 164 163 158 158 133 88 79 85 94 96 111 107 129 150 120 62 73 104 130 173 176 176 157 115 86 75 92 99 109 109 103 87 56 76 79 57 53 55 54 60 70 71 71 74 69 68 47 47 71 77 74 84 92 83 76 82 75 66 49 
162 163 165 164 165 166 166 164 158 149 115 93 85 97 110 121 125 134 138 77 29 62 73 98 156 186 163 163 113 94 99 111 151 130 144 101 82 75 74 48 52 61 47 45 45 48 59 67 84 81 68 56 49 81 97 92 85 85 78 75 71 69 63 39 
164 167 169 169 169 168 168 167 165 155 130 118 101 92 105 127 142 134 123 60 20 43 19 24 112 191 159 160 142 120 128 158 180 168 135 101 91 68 36 47 53 45 38 32 33 38 49 61 82 103 82 70 65 83 99 95 79 61 45 50 55 52 35 14 
167 169 170 172 172 170 170 168 165 154 121 111 109 92 92 127 136 127 108 61 18 74 42 17 73 204 176 167 174 166 181 195 179 178 136 114 82 44 41 42 38 32 31 25 25 33 41 58 76 84 83 77 83 91 95 91 81 73 72 73 68 37 18 22 
170 172 176 177 179 178 179 177 180 171 141 111 96 95 97 113 118 101 86 62 20 43 35 41 139 200 179 191 210 229 207 199 179 182 138 121 76 46 33 40 43 33 27 28 27 27 35 44 60 81 73 69 82 86 79 78 83 95 111 105 88 55 38 36 
178 180 182 182 183 184 186 185 182 177 157 129 110 100 117 119 113 89 62 55 38 23 66 139 196 177 197 217 237 237 216 207 166 179 126 108 53 32 40 52 48 41 30 35 30 23 24 30 52 70 63 77 86 77 72 83 94 110 119 115 85 45 37 48 
181 181 183 184 184 184 185 189 191 196 187 158 153 144 132 115 101 95 63 47 55 45 62 105 114 166 186 220 247 244 233 207 174 165 125 93 50 34 54 62 58 48 39 35 28 19 21 31 44 55 63 66 61 71 83 103 120 129 121 85 50 45 60 73 
180 179 180 182 182 183 185 185 190 212 225 191 176 150 126 100 92 88 57 42 58 96 125 144 156 164 164 202 222 205 227 195 181 146 108 88 55 51 68 69 62 60 45 36 26 18 17 26 30 40 52 51 61 76 94 108 111 96 60 41 44 56 72 87 
177 179 180 180 180 181 183 185 193 216 213 189 166 144 126 105 82 75 54 46 64 105 145 170 179 183 195 182 117 78 188 197 181 120 106 83 58 68 72 70 69 59 57 42 19 13 13 20 28 39 44 51 63 74 85 88 74 54 47 51 60 69 78 81 
180 182 183 183 182 181 187 192 211 214 192 170 153 145 127 110 95 83 71 65 79 95 114 133 158 193 191 142 71 19 100 192 173 110 77 55 64 80 79 75 69 62 57 34 13 9 11 20 23 33 38 42 50 53 57 56 61 62 62 67 73 80 90 96 
185 187 189 190 188 189 193 206 216 216 206 179 159 152 137 124 117 119 105 97 100 104 102 109 148 188 177 127 100 37 36 75 114 99 55 53 67 74 94 87 68 60 52 35 11 9 11 17 26 42 56 65 67 68 72 71 69 67 67 73 82 92 94 92 
182 184 186 186 187 189 193 201 229 230 209 183 159 151 138 129 120 124 128 129 134 123 94 99 137 174 175 127 101 43 28 49 93 95 49 59 65 79 84 84 74 62 55 44 20 12 12 19 30 41 56 67 80 97 102 99 99 93 76 63 70 76 74 71 
181 183 182 182 183 185 191 204 223 216 188 161 163 158 140 125 112 105 112 120 103 92 102 112 146 189 187 135 83 19 65 157 165 120 78 62 63 79 85 79 71 67 56 46 32 15 15 19 33 44 53 57 74 91 105 114 116 120 126 106 72 55 54 56 
180 183 183 183 184 186 190 197 209 209 193 166 148 133 132 112 86 70 66 71 77 90 110 130 154 184 198 156 77 38 156 210 190 130 101 83 62 71 73 69 66 61 46 36 26 22 16 18 34 49 62 62 61 76 95 105 114 130 136 139 128 102 87 78 
180 183 185 185 185 188 193 197 208 213 190 156 140 128 118 91 70 62 56 54 71 97 126 143 146 159 163 178 169 139 216 203 185 150 107 96 64 51 63 56 55 49 33 20 18 21 19 20 36 49 67 71 76 76 76 94 114 122 122 123 122 108 84 71 
175 178 180 182 182 185 189 191 196 219 211 171 156 134 108 90 75 66 55 48 58 97 136 122 116 124 135 163 233 236 232 196 177 163 109 97 70 39 52 55 46 40 21 18 15 19 24 24 34 51 65 73 74 81 80 71 73 80 87 83 75 71 65 59 
168 171 174 176 177 179 184 189 196 206 189 149 134 135 120 107 86 74 58 51 52 48 55 76 96 137 169 176 226 231 230 198 152 160 117 96 63 36 39 47 37 32 20 17 20 20 31 34 36 48 65 76 82 85 91 93 80 67 66 61 39 35 51 65 
162 165 170 175 175 176 183 192 201 191 146 118 106 109 118 119 92 73 61 53 33 19 56 128 180 156 156 164 203 225 209 191 177 156 132 112 76 56 41 35 28 25 19 19 21 26 35 39 43 48 59 72 86 87 88 100 108 94 78 72 68 47 41 55 
166 169 172 178 180 180 186 192 186 164 132 110 99 99 110 111 99 88 74 51 21 32 34 60 173 199 154 147 175 206 207 196 201 173 143 123 82 57 41 36 26 23 19 22 23 29 41 39 49 52 56 65 82 91 85 88 102 107 101 96 88 85 61 44 
181 185 185 190 191 190 192 185 171 151 119 103 93 89 95 115 113 100 76 51 25 87 48 17 84 203 165 155 155 157 166 191 196 157 153 108 102 74 46 47 40 25 18 24 23 32 44 42 54 52 56 67 79 94 94 82 86 103 95 92 93 88 77 74 
191 194 195 198 198 195 193 183 162 141 118 102 92 85 104 124 111 97 80 53 28 51 16 17 100 176 163 161 132 117 128 170 190 147 159 106 95 76 71 54 58 41 22 26 27 36 42 42 65 62 63 73 80 87 101 102 90 95 89 83 72 60 51 47 
189 190 191 193 193 191 188 178 161 139 112 93 89 95 121 113 107 107 94 57 25 46 52 79 145 153 148 150 120 100 103 123 134 143 143 133 98 80 81 76 63 55 32 36 35 44 37 32 63 76 69 73 84 90 97 107 107 99 89 71 62 58 55 48 
177 179 181 182 182 181 183 179 152 118 92 90 86 101 108 105 100 111 110 77 45 66 94 120 164 148 131 138 124 101 81 92 88 109 111 107 95 71 71 79 70 58 55 43 45 49 41 28 50 79 84 76 71 75 80 82 92 84 82 68 51 49 60 66 
169 170 173 176 179 182 181 168 129 87 80 80 82 89 93 87 95 110 123 108 87 89 104 146 164 146 127 109 111 117 86 71 72 79 99 83 62 67 55 67 64 57 66 61 53 53 49 40 34 64 94 97 84 66 70 77 74 76 62 61 56 50 59 68 
171 173 174 178 181 184 172 134 79 66 78 75 77 80 79 84 94 101 131 120 112 109 138 164 159 139 122 100 108 133 98 76 79 71 91 79 54 46 50 49 69 55 66 78 69 65 58 54 49 43 74 100 97 77 58 71 77 82 72 57 65 64 67 72 
170 170 171 172 175 169 139 78 53 74 76 77 75 72 72 80 87 100 126 110 116 129 164 174 161 139 112 86 103 117 99 89 89 75 83 72 61 24 43 43 60 68 67 88 88 79 75 65 66 48 54 82 100 92 70 54 61 68 74 63 62 73 75 77 
171 168 171 172 169 141 77 47 58 77 74 73 70 74 74 73 83 97 105 100 113 149 172 173 157 143 107 89 98 97 92 92 103 85 76 71 63 26 28 57 57 81 73 91 108 97 93 89 79 69 58 75 87 88 80 61 62 70 73 70 59 67 81 92 
174 175 174 173 151 85 47 51 64 81 78 74 74 77 73 70 72 82 86 92 101 158 181 183 161 155 124 107 96 92 86 87 108 93 89 74 66 42 24 47 82 78 105 91 116 125 111 102 105 102 78 69 91 96 85 79 69 73 77 70 67 70 80 86 
168 169 167 162 96 56 50 56 70 84 84 78 78 78 74 69 68 67 73 76 91 143 170 192 175 169 147 126 113 106 94 87 103 92 99 82 78 43 35 41 74 100 119 113 117 133 132 132 114 121 110 82 76 96 95 89 87 77 71 70 70 70 75 85 
163 167 174 123 55 57 61 60 72 83 99 89 84 83 76 72 68 62 59 65 81 120 149 173 177 181 170 143 127 132 125 107 103 98 110 100 91 42 44 49 60 94 133 141 131 144 137 131 136 134 134 115 85 86 94 82 82 79 73 72 72 71 76 82 
158 166 162 74 57 62 70 68 76 80 107 107 97 84 84 74 71 64 71 79 92 115 141 154 173 185 184 167 151 154 151 131 127 112 134 125 89 56 35 66 72 75 125 163 141 145 152 144 138 144 142 125 98 81 92 88 83 76 72 68 74 74 78 84 
155 166 140 60 55 53 68 64 68 66 91 99 98 101 106 97 96 104 128 133 145 146 154 156 168 184 185 181 168 160 159 156 161 131 146 146 97 73 47 63 97 91 99 159 173 157 160 148 146 139 143 145 115 82 80 88 84 81 75 69 76 84 81 86 
166 173 163 74 53 47 61 70 68 71 88 114 128 137 135 120 114 122 132 127 144 148 151 163 175 184 189 192 186 175 157 168 182 170 154 154 104 84 75 73 104 121 113 121 160 182 171 154 145 140 139 147 141 99 77 84 92 92 84 77 82 96 97 91 
170 173 175 153 132 133 137 145 145 140 149 154 143 137 134 124 116 114 113 108 123 131 136 153 185 195 203 198 204 195 175 179 177 187 166 161 122 89 100 85 113 135 138 132 134 160 185 170 158 157 138 139 146 120 93 86 94 99 98 91 97 111 110 109 
161 166 166 168 167 168 170 159 143 130 137 142 136 131 127 125 118 109 104 106 113 115 124 135 156 180 205 203 202 199 185 185 171 173 165 163 138 104 122 101 112 144 146 161 148 149 172 180 173 162 170 147 138 141 116 107 111 107 118 122 124 131 129 128 
153 158 159 163 165 167 173 167 148 136 144 143 126 122 124 123 115 112 99 100 110 116 119 131 146 174 203 211 209 205 199 190 184 177 171 161 150 135 142 140 126 147 162 156 168 163 173 178 185 175 171 172 158 154 144 131 142 137 145 155 151 156 151 146 
147 152 157 161 164 168 174 179 167 159 165 150 114 101 101 103 101 101 100 95 118 146 138 122 137 167 203 214 204 205 206 201 204 194 184 173 166 161 163 180 169 174 184 178 178 186 189 198 198 197 188 188 184 176 166 155 172 178 179 180 180 174 174 174 
141 146 152 156 160 162 168 177 169 164 168 141 109 90 89 90 90 88 93 101 129 171 159 120 124 163 205 215 206 204 205 205 210 205 200 193 182 183 186 193 201 199 198 196 195 195 197 208 209 211 207 199 189 184 176 155 162 189 192 195 197 183 166 168 
142 147 151 154 159 160 165 172 166 160 149 118 98 92 91 90 91 87 89 105 151 193 174 127 125 168 210 213 205 204 205 203 201 202 203 202 202 197 199 202 207 204 200 197 199 198 197 201 199 212 216 208 192 185 195 170 150 169 180 180 189 181 148 144 
143 148 151 157 159 161 164 169 161 155 130 100 92 97 97 94 94 89 85 95 148 198 177 125 122 159 204 213 204 201 203 203 200 199 199 203 203 203 202 201 202 199 198 196 196 197 197 196 191 188 204 216 212 195 205 205 185 178 177 171 171 172 150 139 
140 146 149 154 156 156 159 160 154 141 117 94 93 96 100 98 98 90 81 84 131 179 165 121 113 145 201 217 207 202 202 203 201 200 199 202 199 199 199 198 198 198 197 194 195 195 195 195 197 186 190 197 212 214 205 210 214 208 190 186 182 178 170 158 
139 145 148 152 156 158 159 158 147 127 104 99 100 103 104 104 106 96 85 86 110 145 131 103 112 143 197 221 213 205 203 201 199 201 201 202 200 200 198 196 196 196 196 196 194 193 195 196 200 194 190 190 193 211 214 210 208 206 200 198 191 188 187 180 
139 145 151 155 159 160 161 158 144 118 102 104 107 111 116 118 114 100 85 85 93 108 111 106 105 121 187 222 216 210 206 203 203 203 203 204 203 202 199 196 196 196 195 194 192 193 195 197 201 201 193 195 195 201 198 203 217 210 197 197 189 177 181 193 
140 147 151 155 158 159 160 160 144 119 106 112 117 121 127 131 124 101 79 75 87 112 125 118 98 102 180 222 216 212 208 204 205 204 202 204 203 201 197 195 194 193 193 192 192 194 195 197 199 203 195 194 195 201 190 187 197 206 202 199 190 180 168 178 


89 86 99 110 114 115 116 116 117 117 118 118 119 119 118 118 118 117 115 112 110 108 109 108 107 106 106 106 107 106 105 109 108 107 105 103 102 102 101 104 109 100 101 109 100 99 99 98 98 108 104 96 102 95 95 95 95 96 96 96 93 93 92 93 
87 87 101 110 114 115 116 115 116 116 117 118 119 119 118 117 116 116 113 112 111 108 108 106 105 104 104 104 104 104 105 107 106 105 104 101 101 101 100 102 104 99 101 109 98 99 99 95 99 112 96 98 98 92 93 93 93 94 93 92 91 89 89 92 
87 89 103 110 114 115 115 115 116 117 117 118 118 119 118 117 116 115 114 113 112 109 107 105 104 103 103 103 103 104 104 105 104 103 102 101 100 102 100 103 105 103 106 114 99 100 97 95 107 111 96 101 92 91 91 90 90 92 90 88 88 89 90 92 
87 91 104 112 114 114 115 115 115 117 118 118 118 118 118 118 118 116 114 113 112 111 107 104 104 103 102 102 102 103 104 104 106 102 103 101 100 105 106 106 111 113 116 124 108 101 104 107 127 111 103 105 92 94 95 88 89 92 89 87 90 89 94 98 
88 92 105 111 113 114 116 116 116 116 118 118 118 118 119 118 117 116 114 113 110 109 108 105 104 103 103 102 102 103 104 103 109 104 106 107 109 119 117 123 134 128 132 137 128 125 126 132 135 117 126 118 108 108 105 92 97 102 97 96 98 101 109 129 
88 94 105 110 112 113 116 117 117 117 118 118 119 119 119 118 117 116 113 107 102 110 111 110 109 107 106 105 105 108 105 105 112 113 119 125 131 138 136 153 148 141 145 154 151 151 143 159 141 147 153 132 129 132 124 106 122 117 118 117 117 130 142 163 
89 96 104 109 111 113 116 116 117 116 116 117 117 118 118 118 118 113 100 93 107 113 112 112 111 110 108 107 107 112 108 109 125 136 146 150 148 153 159 163 147 135 150 165 157 158 148 152 148 160 150 146 147 147 140 128 136 125 125 129 131 149 154 146 
96 101 107 110 113 114 116 116 114 115 114 116 117 117 116 117 111 97 85 103 112 112 112 111 110 109 109 107 109 119 118 125 158 162 169 162 146 157 150 142 125 132 152 162 157 142 141 137 142 144 134 141 139 141 130 126 124 118 111 123 123 135 130 124 
102 105 109 112 113 115 116 114 113 110 114 115 115 114 111 105 95 85 100 111 112 111 111 110 112 109 113 121 129 143 143 153 177 172 172 148 122 131 133 126 110 131 166 152 144 129 138 122 126 119 129 134 125 109 103 108 104 102 107 113 108 108 99 99 
107 109 112 114 116 116 116 113 112 110 113 112 112 108 105 103 86 89 109 111 112 113 111 113 118 123 139 155 162 164 161 164 177 160 154 124 95 107 122 114 105 144 160 136 125 139 119 111 126 127 132 126 107 86 85 84 85 89 98 98 90 88 80 85 
110 113 126 116 109 109 112 115 110 112 112 113 114 115 117 99 83 100 107 110 112 112 111 119 142 156 168 173 179 162 166 165 168 142 136 107 74 88 106 95 107 148 134 125 127 117 109 137 139 144 128 104 78 64 68 67 79 91 97 91 79 75 70 80 
110 123 137 69 62 66 81 76 92 94 100 110 114 119 114 89 94 103 106 110 115 115 113 136 161 170 168 165 155 141 149 148 151 118 108 98 61 72 90 83 108 137 114 120 116 114 149 152 143 137 112 82 57 54 57 65 79 91 87 73 68 67 68 71 
109 126 118 52 49 57 71 53 72 70 79 84 92 101 97 79 98 100 104 108 113 118 119 145 163 157 162 155 137 131 132 125 126 99 88 75 48 63 76 71 108 119 110 111 118 146 159 139 134 118 93 74 58 45 51 68 79 81 69 63 59 63 63 60 
108 114 141 69 44 55 66 60 78 75 80 81 85 85 74 65 77 79 76 82 84 106 126 140 149 149 155 144 124 119 106 91 95 79 75 60 40 60 61 65 108 107 115 115 136 151 142 129 124 98 81 63 47 40 51 59 70 74 67 56 56 55 52 56 
107 109 126 124 55 46 57 56 68 74 75 77 80 78 65 59 70 76 66 71 75 104 125 148 165 152 130 110 96 99 88 78 71 66 69 49 37 55 52 75 96 104 105 108 124 135 115 109 98 89 90 72 53 40 44 48 64 68 54 62 55 48 47 41 
107 107 108 116 98 52 47 51 58 68 71 74 74 73 65 59 68 77 78 78 86 107 141 167 164 139 107 86 85 87 88 83 61 62 70 44 43 52 47 80 81 85 90 103 121 100 92 99 86 91 94 85 61 41 38 44 54 57 65 70 53 40 28 27 
107 108 108 109 111 93 57 44 50 60 67 69 70 70 67 62 70 81 86 91 96 118 147 166 157 123 95 78 91 88 97 88 62 59 64 48 50 40 53 67 64 70 92 104 83 82 88 99 96 90 89 87 67 46 36 39 47 57 65 64 43 22 19 39 
106 108 109 109 109 108 99 58 44 54 61 67 66 66 69 67 74 86 94 98 104 118 141 175 155 118 95 85 100 95 90 79 62 67 58 55 53 43 60 52 48 81 92 77 74 76 85 100 91 87 83 76 63 39 32 41 55 63 59 42 18 14 30 44 
109 110 110 111 111 110 111 102 59 52 59 67 67 69 74 71 80 95 105 110 109 104 149 169 145 124 108 99 100 93 78 69 63 75 60 66 54 55 55 38 71 74 62 62 67 70 84 85 78 81 74 58 52 44 47 57 64 59 41 24 21 26 27 32 
122 123 123 123 122 122 118 116 107 71 60 64 67 69 76 78 80 103 114 113 91 86 131 144 142 134 124 111 94 78 65 64 67 78 71 76 64 61 42 70 69 46 44 53 59 67 75 68 66 71 61 54 48 47 53 57 65 59 51 43 43 48 38 37 
133 133 133 133 133 132 130 124 124 106 70 63 69 77 79 89 86 103 118 97 51 58 88 108 139 143 144 126 93 73 67 79 86 92 93 88 76 45 66 71 49 45 47 45 49 58 60 58 61 57 57 40 38 57 62 61 69 75 70 63 69 64 54 39 
132 132 132 133 133 134 134 131 122 113 89 73 70 78 88 97 99 106 108 64 27 61 77 108 137 149 133 130 92 80 85 95 126 110 120 87 70 63 62 39 45 53 42 36 35 39 46 54 69 68 56 45 37 64 74 72 67 68 64 62 58 58 52 32 
134 135 135 135 135 135 135 133 129 117 99 93 80 75 85 103 112 105 95 51 23 50 24 32 118 158 129 127 114 99 105 132 149 139 112 86 76 58 30 37 46 39 32 27 27 31 37 48 67 80 65 54 49 66 76 74 64 48 35 39 44 42 29 13 
137 137 138 138 139 138 136 133 127 116 92 88 88 77 76 101 107 99 86 52 20 82 50 24 88 180 141 134 141 137 150 165 149 147 113 95 71 38 35 34 32 28 26 22 23 27 32 45 61 68 66 60 64 71 72 72 65 59 58 58 56 33 18 20 
138 140 141 143 143 142 142 140 140 130 108 88 79 80 80 91 95 82 73 53 20 50 45 58 162 175 143 154 176 203 174 165 147 149 113 99 66 40 28 33 33 28 24 25 25 24 27 35 48 64 58 54 63 67 63 63 65 73 84 81 72 47 33 31 
146 148 149 150 151 149 149 146 144 137 121 101 88 83 94 96 92 75 56 49 34 29 80 157 191 142 161 180 211 214 183 175 137 147 103 89 45 27 34 43 38 32 25 29 27 21 21 25 39 54 46 58 65 61 58 66 73 82 89 86 68 37 31 37 
151 152 152 152 152 152 152 152 152 157 148 123 119 114 103 90 83 79 54 39 45 40 58 99 95 134 156 196 239 233 211 175 142 134 102 78 45 29 45 50 47 38 32 28 25 19 20 25 32 41 46 50 47 55 65 77 87 93 90 64 38 35 47 57 
150 151 151 151 151 151 151 152 154 172 186 153 140 117 99 81 77 75 49 35 50 81 103 117 128 136 140 187 216 196 211 166 148 121 91 76 50 43 58 58 51 50 36 30 23 18 18 22 25 31 39 39 49 60 73 82 81 73 50 35 35 46 58 68 
147 147 148 148 148 148 150 150 155 174 172 150 129 111 100 85 70 64 44 39 56 87 117 137 147 151 167 164 110 70 165 170 152 101 89 72 49 57 62 59 58 47 44 33 17 13 15 19 24 31 32 39 50 60 68 68 58 43 40 41 48 55 63 64 
148 149 150 150 150 150 154 156 168 169 151 131 117 111 98 87 77 70 61 57 68 79 92 108 128 161 167 128 67 18 88 174 150 93 68 46 53 66 66 64 58 49 44 27 12 9 12 18 22 28 32 35 42 46 49 49 51 52 53 55 60 66 71 74 
155 156 156 157 156 156 159 166 171 171 162 138 122 117 106 97 94 96 86 83 83 85 84 87 121 158 152 114 93 36 35 69 102 87 48 39 52 63 77 74 58 50 40 26 11 9 12 15 23 32 42 51 54 57 61 60 57 56 55 61 67 74 73 72 
157 158 157 156 156 156 159 167 183 183 163 139 120 115 107 101 95 99 102 105 108 98 78 81 112 145 148 113 95 42 28 44 83 84 44 43 50 65 70 72 63 52 41 32 16 11 12 16 25 32 41 52 64 74 79 78 76 73 59 52 56 60 59 57 
156 157 156 154 154 155 158 169 178 170 144 124 128 125 108 98 89 83 89 96 83 75 83 92 116 153 159 121 78 19 59 142 144 102 68 49 51 66 70 66 59 54 41 33 26 15 15 17 25 34 39 45 59 71 79 86 87 89 92 79 56 44 44 45 
154 155 154 153 153 155 156 160 166 163 150 128 115 103 100 86 70 57 53 58 64 74 87 101 122 147 163 136 70 34 136 183 160 109 87 72 51 59 62 56 51 48 33 26 22 20 16 17 26 37 48 49 48 61 74 78 84 95 100 103 96 79 70 62 
151 153 154 153 154 155 158 160 165 166 148 119 107 97 88 72 58 51 44 44 59 77 96 106 113 123 129 152 157 127 195 174 152 126 90 81 56 43 53 45 41 35 26 18 17 21 19 18 30 38 50 55 61 62 61 71 85 89 90 93 93 84 68 58 
153 155 156 156 156 157 160 163 161 179 172 133 120 101 83 71 60 52 43 39 49 76 105 94 91 99 107 139 223 232 219 166 144 132 90 80 59 35 44 44 35 31 18 16 17 19 23 22 28 41 51 57 59 65 63 56 58 63 69 67 63 59 54 48 
153 155 157 157 156 156 161 164 162 167 153 116 105 104 92 83 72 61 47 41 43 39 47 68 81 108 133 143 198 212 207 164 121 126 94 79 54 32 32 37 28 27 18 17 20 20 25 26 28 37 51 60 66 67 70 73 62 54 55 49 32 29 40 51 
149 151 154 155 155 154 158 162 164 152 112 92 86 87 94 96 78 62 50 43 28 21 67 140 172 123 121 131 173 194 173 156 143 126 106 89 66 47 33 29 22 21 18 19 21 22 27 28 30 34 44 57 68 69 69 76 80 72 62 58 54 38 31 40 
151 152 153 154 155 153 155 157 147 127 101 85 79 80 88 89 81 72 61 41 20 37 41 78 189 171 120 115 141 167 169 161 166 139 115 98 70 47 34 31 22 20 19 22 21 24 30 29 35 36 41 52 65 72 68 69 78 80 76 73 68 67 48 35 
160 160 160 161 162 160 157 152 136 115 93 82 77 74 76 90 89 79 63 41 26 97 54 23 97 177 130 119 123 126 135 158 160 127 124 91 83 61 38 39 33 22 18 24 22 26 33 31 40 39 42 51 63 72 72 65 68 79 74 72 73 69 63 60 
163 165 166 167 167 164 158 148 127 109 93 83 74 71 83 96 86 78 67 43 28 55 22 26 107 141 130 127 105 94 105 140 154 118 128 89 83 63 59 46 51 37 21 23 23 28 32 33 50 48 48 56 64 69 77 76 68 74 71 66 60 49 41 40 
162 163 165 164 163 161 156 145 128 108 89 75 72 78 97 87 83 83 75 48 23 48 59 92 129 120 121 120 96 83 85 101 110 116 116 106 82 65 66 65 53 48 29 29 27 32 29 27 51 61 53 57 66 71 76 81 81 77 69 56 50 47 44 37 
157 157 158 157 155 154 154 146 121 92 74 74 71 80 85 81 79 88 86 65 38 53 83 103 129 117 106 110 97 81 70 77 76 91 94 87 79 60 61 67 59 52 49 33 34 35 31 24 42 66 67 60 54 61 65 67 72 68 64 56 41 41 47 53 
150 151 152 154 154 157 155 139 105 72 65 65 67 71 74 70 77 88 96 89 72 70 84 116 129 116 102 91 90 94 71 61 65 70 84 71 54 59 48 61 56 50 56 51 42 41 37 32 29 54 75 77 66 53 59 63 60 61 49 47 44 40 48 56 
153 155 156 158 161 160 147 112 63 53 65 62 64 65 65 68 77 82 102 96 91 89 108 129 126 112 97 82 88 106 81 66 69 61 79 69 47 40 44 44 61 46 56 65 58 52 46 44 39 35 58 78 77 62 47 58 63 67 57 44 51 52 54 59 
155 155 156 156 156 149 118 63 41 60 61 63 61 58 60 67 72 80 99 89 94 103 128 137 128 111 90 74 84 95 81 77 78 64 72 63 54 22 41 37 49 57 56 73 74 66 63 53 54 42 45 69 80 74 55 42 49 54 60 49 48 58 62 63 
153 152 152 151 148 119 62 34 44 63 57 59 56 60 60 60 67 80 85 82 92 121 137 136 123 112 88 75 79 78 77 80 86 72 66 63 56 26 26 50 46 68 63 76 90 79 76 73 66 58 47 62 72 71 64 49 49 55 58 57 47 54 66 71 
151 149 150 148 127 68 33 36 50 66 62 58 59 63 59 56 59 68 70 78 83 126 146 147 126 119 97 86 78 76 73 74 87 75 74 67 57 38 23 39 68 65 93 76 94 102 87 81 85 82 64 56 73 76 68 62 55 58 60 57 54 55 63 69 
146 147 147 139 81 41 34 41 54 69 69 63 63 65 59 56 58 57 59 66 76 113 136 153 139 132 113 99 89 86 78 76 86 77 81 70 68 40 34 34 60 81 102 95 94 108 104 101 90 94 86 67 63 77 74 69 69 60 55 55 57 55 58 67 
149 152 153 105 42 41 43 46 57 67 79 74 70 70 64 60 58 52 48 56 70 96 118 137 140 144 132 110 100 104 97 88 86 81 88 82 78 36 41 42 51 77 109 119 104 114 111 105 105 104 102 90 69 70 75 66 64 64 58 56 58 58 61 64 
148 151 147 61 41 46 55 53 61 63 84 84 79 71 69 62 60 53 57 68 78 92 112 123 138 149 146 131 119 119 116 106 102 90 105 98 74 47 31 58 62 64 102 134 117 113 120 116 108 111 110 96 77 67 73 71 66 60 57 55 61 62 65 69 
140 146 127 51 43 41 56 52 55 52 73 81 81 84 86 83 83 87 109 112 121 122 125 125 135 151 149 145 134 126 123 125 128 105 116 114 79 63 40 55 85 76 82 129 144 124 126 116 118 107 111 114 92 68 66 71 68 66 60 56 64 68 66 70 
142 147 142 65 47 40 51 60 58 59 74 94 105 114 110 99 94 102 112 109 122 125 126 132 141 150 153 156 149 139 125 136 147 134 120 120 85 74 66 62 86 97 90 98 130 151 135 117 114 111 107 113 109 80 64 67 73 73 68 65 67 75 76 74 
141 142 144 126 108 109 111 115 112 105 113 117 108 106 104 96 89 90 91 90 100 107 111 125 152 167 171 163 165 157 140 146 143 149 131 127 98 76 86 72 90 106 107 103 106 133 148 131 121 126 109 107 112 94 74 68 73 77 78 74 74 82 82 82 
133 135 134 135 134 136 134 120 100 83 87 89 84 82 81 83 82 81 72 72 80 84 88 101 126 168 194 184 175 165 149 148 135 138 131 130 110 85 102 84 90 112 113 123 116 119 140 141 133 126 137 113 106 108 88 81 84 82 91 90 91 94 92 91 
128 131 132 133 135 136 139 129 108 92 96 91 71 62 63 64 66 77 71 67 74 82 84 94 111 162 219 226 214 196 171 156 148 140 136 126 118 105 114 115 102 120 127 123 133 130 143 141 145 136 136 138 123 119 110 101 108 102 108 112 108 113 110 105 
128 132 133 135 137 138 144 147 134 127 130 110 68 44 43 43 49 66 76 72 85 108 103 89 101 152 225 244 231 228 208 186 179 159 149 139 133 130 131 157 145 165 169 156 156 162 168 169 164 157 150 155 146 138 129 120 133 135 135 135 131 127 127 127 
125 129 132 134 136 136 140 148 140 137 136 103 63 37 36 36 40 54 70 76 94 129 121 87 88 145 224 246 237 237 234 219 213 190 178 170 158 165 167 180 191 197 210 204 196 193 197 203 195 181 172 165 153 144 136 117 126 147 148 149 150 137 123 126 
122 125 129 133 135 136 138 143 139 132 114 75 49 41 37 38 39 45 57 72 107 149 134 91 85 146 226 246 239 240 239 235 232 221 206 203 200 198 208 209 218 219 224 227 225 220 217 215 210 205 189 172 159 148 153 131 114 131 137 138 145 138 111 108 
122 127 131 133 136 137 139 141 138 126 91 52 40 47 44 42 44 46 55 71 110 153 134 89 81 132 220 248 242 240 239 239 236 235 227 227 224 224 227 230 231 229 231 231 231 231 229 225 215 208 202 192 181 158 166 164 145 138 137 132 130 131 113 104 
122 126 130 132 134 136 137 138 131 110 76 48 42 47 50 50 48 49 56 68 97 135 123 85 72 114 211 250 245 240 239 239 238 237 236 235 235 233 233 234 235 233 232 232 232 232 231 230 228 215 209 205 205 186 167 170 172 166 151 146 140 135 127 116 
121 125 130 132 133 134 134 133 122 90 59 50 51 51 52 53 54 51 53 57 79 105 92 72 77 115 205 251 248 242 241 241 239 239 237 238 237 235 234 234 233 232 230 231 231 231 229 230 233 228 218 216 216 210 194 180 169 166 162 157 151 148 144 137 
122 125 129 133 134 135 134 132 115 79 54 53 56 58 61 61 58 56 55 63 71 74 69 68 75 106 198 250 250 244 243 242 241 240 238 239 238 235 232 230 230 229 228 225 228 229 230 228 232 232 226 225 224 222 207 199 195 179 164 159 149 139 141 151 
121 124 128 131 132 133 134 131 112 77 57 60 63 65 70 71 67 59 57 62 68 71 72 71 69 96 193 250 250 246 242 241 240 238 235 235 234 231 229 226 225 225 224 221 221 225 227 226 229 231 225 224 223 223 211 203 202 200 190 171 156 143 131 139 


58 59 69 76 78 80 81 80 81 82 83 84 84 82 80 81 81 81 79 77 76 75 76 76 75 74 75 74 75 76 75 76 75 73 73 73 72 72 71 72 77 71 71 78 71 70 71 68 68 76 72 67 71 66 66 65 66 67 66 65 64 63 63 62 
58 60 69 75 77 78 80 80 81 81 81 83 82 81 82 82 79 79 78 77 76 75 75 74 74 73 72 73 74 74 73 75 74 72 73 72 72 71 69 70 73 70 71 77 67 69 69 66 69 81 67 68 68 64 64 64 65 65 65 63 62 62 61 62 
59 61 71 76 77 77 80 80 80 80 80 80 81 81 80 80 78 77 77 77 76 75 75 73 73 73 73 73 73 73 73 74 73 71 71 71 70 72 70 73 74 72 74 81 70 71 68 67 77 81 67 71 64 63 64 63 63 64 62 61 62 62 61 63 
59 62 73 75 76 76 78 78 78 79 80 79 79 79 80 79 79 79 77 76 75 74 75 73 73 72 72 72 72 73 73 73 74 71 73 70 69 74 75 75 79 80 82 90 77 73 76 77 94 79 72 73 65 66 66 61 62 64 62 61 63 62 65 68 
59 63 71 73 74 75 77 77 77 78 77 77 79 78 77 78 79 78 76 75 73 73 74 73 73 72 72 71 71 72 72 71 75 72 74 74 76 84 83 88 96 91 94 99 92 90 91 96 100 83 90 84 77 76 74 63 67 70 67 66 67 70 76 90 
60 64 68 71 72 74 76 76 76 76 76 77 77 77 76 76 79 78 74 70 68 72 74 73 74 74 73 72 72 73 72 71 76 76 83 87 93 99 99 111 105 100 105 112 109 109 103 117 102 106 111 94 93 94 88 73 86 82 82 81 82 89 98 112 
61 64 69 70 71 74 76 75 76 76 76 76 76 77 77 78 77 76 67 61 72 73 73 72 74 73 73 72 72 75 73 72 86 94 103 106 106 110 114 118 105 95 108 120 114 113 106 110 106 114 106 104 104 103 97 90 94 88 85 89 91 102 105 98 
64 66 69 70 71 74 75 76 75 74 74 76 76 77 76 77 74 66 56 68 73 72 73 72 73 72 71 71 73 80 81 86 113 117 122 117 104 113 108 102 89 94 111 118 113 102 103 98 102 104 96 101 97 98 90 87 85 83 77 86 86 93 88 84 
67 69 70 71 71 73 75 74 73 73 74 75 76 75 74 70 65 59 68 74 73 72 74 73 74 72 75 83 90 101 102 110 130 123 125 106 87 94 96 90 78 93 122 109 102 91 100 86 92 86 92 95 88 76 72 75 72 71 74 78 74 73 68 68 
69 71 73 72 75 76 75 74 72 72 74 74 76 73 71 71 58 62 72 73 74 72 73 75 80 83 97 111 116 118 117 119 129 114 110 88 67 77 87 81 74 105 116 97 90 101 85 81 91 92 95 89 76 60 60 58 58 62 68 69 63 61 55 60 
70 73 86 79 75 74 75 76 73 73 74 74 78 79 80 68 58 69 71 72 75 73 75 81 102 112 122 126 131 116 120 119 122 102 97 75 52 65 77 68 77 109 97 89 91 84 78 101 100 103 91 74 54 42 44 44 54 64 69 65 55 50 46 56 
70 82 97 47 43 48 58 53 64 65 69 76 79 82 78 61 64 71 71 73 78 78 77 95 117 124 122 119 111 99 106 106 108 83 77 69 41 52 66 59 78 99 81 86 82 82 110 111 101 97 79 57 38 35 38 43 55 63 60 48 44 43 44 49 
70 85 83 34 32 39 50 37 52 48 56 60 65 70 67 54 67 69 71 74 78 81 84 104 118 112 116 112 98 92 94 88 91 70 63 53 32 46 54 50 79 86 79 79 83 104 116 98 94 82 66 52 40 29 33 46 56 57 47 41 37 40 42 40 
68 73 100 46 27 36 44 40 55 51 56 56 61 60 50 45 54 55 52 57 59 75 91 102 109 107 111 103 87 83 75 64 67 54 52 41 26 46 43 46 81 77 83 82 95 108 102 91 88 69 56 42 31 26 33 39 47 50 45 36 36 35 33 36 
67 68 84 88 35 30 35 37 46 50 52 53 57 54 43 40 51 54 45 49 54 75 92 108 120 108 91 76 67 71 62 54 49 46 48 33 26 40 36 55 71 76 74 76 87 97 81 76 68 62 62 49 35 25 28 31 42 47 36 41 37 30 29 26 
67 69 69 77 67 33 29 32 38 45 49 51 51 50 42 40 48 56 56 57 63 78 102 123 119 99 76 59 60 62 62 60 42 44 49 30 31 39 32 59 59 61 64 73 87 71 66 69 59 63 65 60 41 26 25 29 35 37 45 47 35 26 18 18 
67 67 68 69 73 64 36 27 32 37 45 46 48 47 45 42 49 57 62 67 68 85 106 121 114 90 68 56 65 63 70 64 43 43 46 33 37 31 40 48 43 48 68 75 60 58 62 68 65 62 61 60 44 29 22 25 31 38 44 42 29 16 14 27 
67 66 67 67 68 71 68 36 27 33 39 43 43 44 46 45 53 62 67 70 74 85 102 129 113 85 69 62 72 68 65 57 43 48 40 39 39 32 45 37 32 59 66 53 51 52 58 70 63 60 57 51 42 25 21 26 36 42 39 28 14 11 20 29 
66 67 69 68 68 69 74 69 38 31 36 44 43 45 50 48 57 68 75 79 77 74 109 123 105 90 79 71 72 66 56 50 42 52 40 47 39 42 41 28 54 55 41 40 43 47 58 60 55 56 51 39 34 29 29 37 42 39 26 15 14 19 18 21 
77 78 79 78 78 78 77 78 73 45 38 41 45 47 52 54 56 74 82 80 64 60 92 101 100 96 90 80 67 55 45 45 46 55 49 53 45 45 29 53 52 32 28 33 38 45 50 46 44 48 41 35 31 31 33 37 44 40 33 28 29 32 25 24 
86 87 88 88 88 88 85 83 85 73 46 43 48 54 56 64 61 74 85 67 32 38 55 72 97 102 105 93 66 52 47 56 62 67 67 63 55 30 47 52 34 31 31 29 29 37 38 37 41 38 37 25 25 38 41 41 46 51 46 43 47 41 34 24 
85 87 86 87 87 88 89 88 83 79 62 51 48 55 63 69 70 75 76 42 14 35 45 67 93 106 96 95 69 57 62 70 92 80 86 62 50 45 45 25 30 37 28 25 21 24 30 35 46 46 36 29 24 42 50 48 44 44 43 42 39 37 32 19 
86 87 88 89 88 89 90 89 86 82 70 66 57 53 60 73 80 73 68 33 16 44 24 27 79 109 92 91 83 72 77 97 109 102 80 62 54 41 19 26 31 24 21 19 17 20 23 31 45 54 42 35 30 42 51 50 42 31 23 26 26 26 19 9 
88 89 91 91 91 91 90 88 87 83 66 63 63 53 53 72 75 70 60 34 16 79 50 27 63 124 99 95 101 101 107 122 108 108 81 67 49 25 25 22 20 17 18 18 17 19 21 28 40 45 43 39 41 45 48 48 43 39 39 40 36 21 12 13 
88 91 94 95 95 94 94 92 96 91 77 63 56 57 58 66 66 57 49 35 15 48 42 42 102 118 101 111 128 150 126 121 106 108 81 70 46 27 18 21 22 19 16 18 19 16 17 22 31 41 36 33 39 43 40 41 41 48 57 56 49 30 21 19 
95 97 99 100 99 100 100 99 99 97 86 72 63 59 68 69 64 50 36 31 22 17 48 90 109 96 116 132 157 159 134 128 100 107 74 63 31 18 21 28 25 21 16 19 19 16 13 16 25 34 29 37 42 38 37 43 47 55 60 60 46 24 19 24 
100 100 101 101 101 101 102 103 104 110 105 88 87 82 73 63 58 53 34 26 29 25 35 59 62 96 111 145 188 181 159 128 104 97 74 55 30 19 29 32 30 25 21 18 18 13 13 16 20 26 29 31 29 34 42 53 61 63 61 44 25 21 30 36 
98 99 99 100 100 100 102 101 103 120 136 111 102 84 70 56 53 53 32 22 34 57 73 84 92 97 101 145 181 156 158 121 108 88 67 54 35 30 40 38 34 33 22 20 16 12 10 14 16 22 25 25 32 38 48 57 56 50 34 23 23 29 39 46 
95 96 97 97 97 97 99 98 105 124 124 108 93 80 71 60 47 41 28 26 39 61 82 99 104 108 122 123 85 52 120 124 111 73 64 50 33 39 42 40 39 30 29 22 10 9 8 12 17 21 23 28 35 40 46 48 39 29 27 28 33 36 41 41 
98 98 99 100 100 99 102 105 115 118 107 94 85 78 69 62 54 48 42 40 48 55 64 77 91 116 121 97 54 15 65 131 111 68 48 32 35 46 46 45 39 32 28 17 9 7 8 12 15 19 21 25 31 32 35 35 35 36 36 37 39 45 48 49 
104 105 106 106 106 105 107 111 116 119 115 97 89 85 76 70 69 69 62 61 60 59 59 63 85 114 110 87 77 30 28 54 76 65 35 28 36 44 55 53 39 32 23 16 7 6 7 11 17 22 28 32 35 39 42 41 40 38 37 41 45 50 50 48 
109 110 109 107 107 107 110 113 126 128 114 98 88 84 78 73 70 73 74 77 80 70 55 58 79 103 108 87 78 34 24 37 63 62 32 30 33 46 50 52 45 35 26 19 10 7 8 12 17 20 27 34 42 51 55 55 53 49 40 33 38 41 40 38 
109 110 108 106 106 106 109 114 121 118 100 89 93 90 79 70 64 61 64 70 60 53 59 65 81 109 115 91 63 16 44 108 108 75 49 36 35 46 48 46 42 37 26 21 16 10 9 12 17 21 26 30 40 48 54 60 60 61 64 55 37 28 26 28 
106 106 106 104 103 105 107 108 114 113 105 91 82 73 72 60 47 38 35 40 44 51 62 73 86 103 116 101 53 27 99 136 118 80 63 53 36 40 44 39 34 32 22 16 13 13 10 11 19 24 30 32 32 42 51 55 58 65 68 71 66 54 47 41 
104 105 106 105 105 107 109 109 113 117 104 85 76 69 63 48 37 32 28 29 39 55 68 75 79 86 91 113 120 96 143 127 109 91 65 60 39 29 37 31 27 22 16 10 10 14 13 14 21 25 31 35 41 41 40 49 58 62 64 64 63 56 46 37 
108 110 111 110 109 110 112 112 112 127 124 95 86 72 57 47 40 34 30 26 33 54 75 65 64 71 76 101 178 188 167 122 103 95 65 59 43 24 31 29 23 20 11 10 11 14 15 15 20 27 33 38 38 42 42 37 39 43 48 47 42 40 35 31 
110 112 113 113 111 112 115 115 114 118 110 84 76 76 65 58 49 41 31 27 28 26 32 45 58 79 95 104 148 162 155 119 87 90 68 58 38 23 21 24 18 17 10 12 16 15 17 18 20 26 33 39 43 43 45 48 41 35 36 32 22 21 26 32 
107 108 110 110 110 109 112 114 116 109 80 67 62 65 69 69 56 42 33 28 18 14 39 79 102 85 83 94 127 143 125 113 104 92 76 64 46 34 23 19 13 14 11 15 17 16 18 20 22 23 28 37 45 44 45 52 56 49 41 37 35 25 20 25 
107 107 107 108 108 105 106 108 103 89 73 62 56 57 64 62 57 49 40 26 14 34 35 51 116 115 82 80 102 123 124 117 120 101 83 69 48 33 22 19 13 13 12 16 17 16 20 20 23 24 26 33 44 47 44 47 52 55 52 48 44 44 32 21 
112 112 112 113 111 109 108 104 94 82 66 59 54 53 54 64 62 55 41 25 19 90 54 27 68 122 92 83 88 91 98 115 117 93 90 67 59 45 26 29 24 15 13 16 15 18 21 21 26 24 26 34 43 49 50 43 44 54 50 48 49 47 41 40 
113 113 115 115 114 112 109 102 88 76 66 58 52 49 58 68 60 52 43 26 21 51 23 25 73 98 93 90 75 68 76 104 113 84 91 64 61 47 47 36 38 27 15 18 17 18 21 23 32 30 29 36 41 45 52 52 46 50 47 43 39 33 27 26 
112 113 114 114 114 111 108 99 87 77 63 53 49 53 67 61 57 59 52 30 14 27 35 58 87 82 87 86 69 61 62 76 79 83 84 75 60 48 49 51 41 37 22 21 19 21 19 20 34 40 34 36 43 48 51 56 56 52 48 38 33 31 28 23 
110 110 111 112 110 108 108 101 84 64 50 50 48 56 59 56 56 62 62 42 23 31 47 71 92 84 78 81 71 60 50 57 56 67 68 62 56 44 47 52 46 39 35 23 23 23 21 17 29 44 45 40 37 40 43 44 48 45 44 36 27 27 30 33 
107 106 108 111 111 112 108 96 73 48 43 43 46 48 50 47 54 63 69 61 49 48 61 85 93 85 75 65 66 68 51 44 47 51 61 50 37 44 37 47 43 38 42 35 27 25 24 21 21 38 52 53 46 36 38 41 39 40 33 30 28 27 31 36 
110 112 113 115 115 114 103 78 41 33 43 40 41 41 43 45 54 59 74 68 65 62 77 92 91 82 71 61 65 77 57 47 48 44 58 50 32 30 34 34 46 34 40 47 40 34 30 28 26 24 41 55 53 41 31 38 41 43 38 28 33 34 35 38 
112 112 113 113 113 107 84 42 25 38 39 40 38 38 40 45 51 59 71 62 67 73 93 97 93 81 66 54 61 69 57 56 54 45 52 47 39 16 32 28 36 42 40 53 53 45 42 34 36 27 30 47 55 50 38 28 30 35 39 33 31 38 40 42 
108 107 107 108 105 83 41 21 27 41 36 38 36 39 39 40 47 57 61 59 67 86 98 97 88 81 63 55 58 57 56 59 62 50 46 45 39 21 21 38 31 49 44 54 64 56 53 51 44 39 31 42 48 48 43 33 30 35 37 36 29 35 43 49 
103 102 103 102 88 45 20 21 31 42 40 39 39 44 40 37 39 48 50 56 61 92 105 105 89 85 69 61 55 54 52 55 64 53 51 48 40 30 17 28 47 45 69 53 67 74 61 58 60 58 44 38 50 52 45 41 35 36 39 36 34 36 42 45 
101 101 103 97 54 25 20 24 36 46 47 44 43 44 39 36 40 39 41 47 56 82 97 111 98 94 81 69 63 61 56 54 61 54 58 49 49 29 25 25 42 57 76 70 66 78 74 71 64 67 61 46 43 52 50 46 45 38 35 35 36 36 38 44 
107 109 110 73 25 25 27 29 39 46 55 50 46 46 42 40 38 35 31 39 51 69 85 99 100 102 94 77 71 75 69 62 61 57 63 58 57 26 31 31 35 55 79 89 75 80 78 74 74 73 72 64 47 48 50 42 41 40 38 35 36 37 40 42 
107 110 106 40 25 28 36 35 41 44 60 59 55 48 48 41 42 35 38 46 55 66 80 88 101 108 105 93 85 85 82 75 73 65 75 68 53 34 23 43 43 46 74 98 86 79 83 82 77 78 77 68 53 45 50 48 42 37 37 34 39 41 43 45 
100 106 90 35 28 27 38 34 38 35 51 58 57 59 60 58 58 61 76 80 86 87 91 91 97 107 106 103 95 90 88 88 91 74 83 80 55 45 26 37 61 54 57 92 105 88 87 81 84 75 78 80 63 44 43 46 43 42 39 35 40 45 43 45 
99 102 100 46 32 28 34 41 40 41 53 66 73 79 76 70 66 72 78 75 87 90 91 96 102 108 110 113 106 98 89 96 104 94 86 85 60 51 44 42 62 69 63 69 94 109 94 82 82 79 75 80 77 53 39 44 47 48 45 42 42 52 51 50 
96 98 101 87 74 76 75 77 74 69 74 78 73 72 71 66 63 64 63 61 70 75 78 89 111 125 125 117 118 111 99 103 101 107 93 89 69 52 62 50 64 75 76 73 76 99 106 92 85 91 78 75 79 65 48 45 49 51 52 49 51 57 56 57 
90 91 90 91 90 91 88 76 60 47 49 47 44 45 46 50 53 56 45 40 51 55 58 68 90 138 163 147 134 120 107 105 96 99 94 91 76 58 73 58 64 80 79 88 81 86 102 100 94 89 100 80 74 74 60 56 58 57 62 63 63 65 63 64 
87 88 90 91 92 92 95 84 67 55 58 50 28 20 21 24 29 49 43 34 41 49 52 63 75 137 207 214 195 166 129 114 106 100 98 90 83 74 81 82 76 91 93 88 96 94 105 102 104 96 97 98 86 80 75 69 73 71 74 78 74 76 74 71 
89 92 93 96 97 98 100 100 91 87 88 71 30 8 7 9 15 37 51 45 53 66 65 59 68 126 217 243 226 221 188 153 140 116 108 100 95 96 95 120 111 144 143 123 120 124 129 128 119 112 104 110 101 94 88 82 91 93 91 91 88 84 85 84 
88 91 93 95 96 96 98 101 97 95 94 67 30 6 5 6 9 25 44 49 59 77 75 55 59 119 216 246 238 239 230 207 195 160 140 133 121 135 136 150 163 177 200 188 177 172 175 176 159 136 122 116 108 101 92 79 86 101 101 102 100 91 82 84 
87 88 91 93 94 94 96 100 96 91 78 42 16 10 6 6 7 14 25 40 64 89 82 58 56 118 216 248 241 242 240 231 230 213 186 183 177 177 192 193 205 205 216 222 220 212 206 205 197 177 146 123 112 104 105 87 77 89 94 95 98 94 74 74 
88 89 93 95 96 96 98 100 97 88 58 19 8 13 10 8 8 13 26 42 68 91 81 55 50 105 213 250 245 245 243 241 238 238 223 219 215 216 220 224 227 224 227 232 231 230 227 221 209 199 179 150 134 113 117 114 99 94 93 89 88 89 76 73 
86 90 93 96 96 95 96 97 93 75 42 14 11 12 14 13 12 17 30 45 63 82 75 49 37 85 203 251 248 245 243 244 243 242 238 236 234 233 235 237 235 232 231 233 233 233 229 229 224 210 201 187 175 142 120 123 123 115 105 100 95 92 87 81 
86 89 91 93 93 94 94 94 85 59 24 16 16 16 16 16 19 19 24 31 49 67 56 40 47 85 194 250 250 245 245 244 245 244 242 241 240 238 237 237 236 234 230 232 231 231 229 228 228 224 211 209 206 186 156 136 122 118 115 110 104 101 98 95 
87 89 92 94 95 95 94 93 80 47 19 19 19 20 21 21 20 23 29 38 44 42 33 32 47 81 189 250 251 249 248 246 245 245 242 241 241 237 236 233 231 230 227 224 226 228 228 226 230 228 220 219 216 212 193 174 157 135 119 111 104 96 98 104 
86 88 90 92 92 94 94 92 77 46 23 23 25 27 30 30 27 26 31 38 41 37 33 31 37 74 187 250 250 249 247 245 243 241 235 235 235 231 229 226 223 223 222 219 219 222 223 219 226 225 220 218 216 214 204 194 187 175 160 129 111 100 91 96 