


29 33 46 43 28 37 46 32 14 12 27 38 35 49 52 47 26 8 4 33 83 89 83 104 101 82 91 108 105 100 93 89 66 44 21 39 61 67 66 64 61 57 47 27 26 35 42 51 51 43 36 22 5 14 37 47 24 3 4 15 37 37 30 18 
25 32 41 45 42 46 43 37 34 23 27 28 18 24 34 45 46 17 22 71 85 87 107 114 99 99 109 110 102 100 97 90 69 55 44 53 63 71 80 91 85 46 39 80 83 67 61 63 60 48 34 22 13 10 12 26 26 14 29 62 66 30 8 2 
67 51 47 54 52 49 53 54 54 49 30 17 15 20 29 48 42 24 62 81 57 86 118 111 105 114 113 106 98 98 97 84 69 61 56 56 60 70 80 86 88 69 56 76 85 80 76 74 66 58 47 30 19 17 14 30 38 34 39 39 18 4 3 2 
97 89 77 72 64 54 55 59 60 48 37 30 27 38 41 41 40 71 79 58 61 105 111 97 105 112 109 101 97 90 83 70 56 41 36 47 58 78 91 86 83 80 73 72 79 84 80 77 69 59 47 34 20 8 14 37 40 33 15 4 2 2 2 3 
103 102 106 87 75 74 67 55 40 38 51 45 34 32 37 32 67 81 50 57 92 119 81 65 94 104 102 96 92 80 65 53 31 10 14 47 62 70 83 93 89 95 85 78 85 82 77 72 67 62 52 36 32 31 36 39 36 22 3 2 2 6 8 7 
74 70 63 46 53 67 67 58 43 33 40 46 48 47 42 60 79 62 55 73 116 111 75 57 83 69 66 73 68 47 29 18 8 2 8 42 58 63 65 70 68 61 74 94 94 83 72 65 61 57 53 46 45 41 34 32 35 29 5 2 2 7 5 5 
41 39 42 43 49 41 45 58 58 47 41 38 45 57 72 75 58 61 66 98 120 109 106 96 87 49 33 52 48 15 9 11 8 5 6 29 48 58 60 63 58 36 46 71 86 93 85 70 62 57 58 52 38 26 18 25 37 36 11 3 2 3 2 2 
38 37 46 48 44 38 37 38 45 51 57 56 57 69 74 66 65 68 74 101 107 109 113 114 107 102 92 74 47 25 27 19 13 10 29 54 51 52 58 59 61 54 57 60 67 65 62 64 67 58 42 25 14 12 17 28 29 26 12 6 3 2 2 1 
40 40 41 39 42 40 34 34 38 57 67 61 65 68 61 56 65 68 84 100 108 115 118 119 118 117 102 103 82 51 48 26 15 7 26 51 52 53 58 68 79 77 63 61 47 48 40 46 48 35 21 9 6 15 26 20 8 6 3 6 10 4 2 2 
40 39 42 45 47 45 45 38 39 69 79 66 59 42 26 20 42 70 109 97 104 125 129 125 128 115 115 119 102 77 65 34 27 17 9 9 26 56 67 85 90 73 62 38 37 35 36 29 25 27 10 8 15 18 10 3 3 11 7 8 14 12 8 3 
51 40 39 36 34 42 53 48 56 70 74 67 58 29 9 11 48 91 117 96 85 107 123 123 126 120 132 127 109 105 101 73 62 69 54 18 17 42 67 91 76 62 36 32 35 26 14 21 30 9 2 3 6 4 2 2 3 13 18 10 11 18 17 15 
65 46 36 32 37 52 72 68 62 69 68 62 62 45 25 26 65 110 121 111 95 80 81 108 108 130 134 129 114 116 112 104 95 96 89 65 49 50 46 66 59 38 19 32 19 8 26 28 6 4 6 8 8 11 15 24 19 17 29 19 15 24 21 30 
62 48 39 40 53 67 79 67 52 43 39 47 49 41 29 60 101 120 119 115 104 83 73 96 83 92 102 95 90 92 88 90 86 88 66 64 81 68 61 56 62 33 25 19 16 46 45 25 30 25 22 28 31 39 38 29 20 15 36 38 36 49 60 76 
40 38 43 49 57 62 63 54 36 13 8 25 36 50 69 104 120 121 119 114 110 98 86 92 73 75 63 70 57 28 37 81 70 70 62 59 80 77 52 58 40 34 22 33 67 82 78 74 71 36 10 9 9 26 15 5 28 41 69 78 79 80 83 96 
29 33 47 56 58 57 53 45 28 12 29 55 59 76 99 115 119 116 115 111 109 97 89 93 50 76 41 56 69 54 57 83 78 55 51 56 77 86 64 51 12 18 43 67 61 62 68 70 48 11 2 3 5 30 21 38 67 63 47 38 42 24 35 52 
17 12 47 66 56 50 49 39 20 43 76 82 76 95 101 109 114 111 112 115 110 86 80 99 36 54 42 67 88 67 73 89 95 76 70 86 88 87 95 54 25 38 63 50 50 58 63 52 24 12 12 21 33 48 47 54 56 15 7 38 50 44 48 48 
13 11 46 59 40 27 43 53 59 75 77 79 85 101 107 108 116 117 115 116 110 92 102 112 34 37 69 104 121 86 85 70 81 65 87 103 102 121 128 104 66 57 39 42 46 54 62 67 60 41 30 22 38 36 24 40 61 28 42 57 64 53 51 48 
14 34 56 46 22 15 28 33 51 57 46 50 63 73 84 87 92 94 86 92 79 73 79 109 102 76 69 103 104 73 90 83 90 75 90 120 111 134 138 121 82 48 31 28 28 50 66 55 68 76 76 74 74 62 50 51 64 54 61 56 54 44 50 50 
24 33 33 38 21 23 13 13 36 47 42 46 64 78 76 57 67 83 88 93 69 71 83 90 121 78 57 99 99 84 68 78 93 124 127 133 111 131 135 114 101 73 62 62 73 85 65 52 72 86 89 97 92 83 76 72 71 64 55 60 47 47 51 51 
60 40 41 46 27 28 22 33 52 54 57 55 78 86 68 49 59 65 81 77 89 98 89 79 111 127 109 87 109 93 61 59 98 115 131 134 106 127 133 118 121 116 120 128 125 125 88 45 42 42 53 80 52 28 29 54 71 55 59 63 49 44 44 45 
76 82 79 75 59 49 40 46 57 59 67 71 80 82 73 60 55 51 61 77 72 75 78 72 85 132 155 98 113 112 86 87 87 90 113 127 123 130 134 131 134 134 122 121 131 132 82 43 22 20 32 62 34 3 10 60 66 64 71 50 45 52 62 62 
56 79 75 65 64 33 18 18 35 56 68 71 78 82 72 61 49 46 53 60 63 57 61 54 35 50 143 121 103 117 108 102 105 82 66 96 138 150 148 146 135 114 124 144 152 134 82 65 40 44 36 47 54 37 60 74 54 53 65 57 62 63 70 74 
8 14 57 68 54 51 39 12 15 51 70 71 74 83 64 58 59 59 50 41 54 71 68 63 34 28 106 144 109 113 108 101 125 139 122 133 178 171 160 153 128 122 149 161 164 134 82 70 60 57 61 61 70 73 67 64 50 68 68 62 61 62 67 70 
2 3 33 79 63 15 48 60 21 37 51 59 72 60 64 46 54 61 57 43 50 90 100 85 45 42 78 140 133 131 134 128 148 154 166 181 203 187 169 154 140 156 170 177 183 125 79 78 77 58 71 58 67 82 66 68 71 78 64 61 59 63 63 59 
9 14 45 67 56 32 5 24 59 40 14 52 50 19 64 46 45 42 42 66 73 49 62 89 82 62 74 112 151 137 116 122 141 155 176 178 180 156 146 151 162 166 173 190 197 135 87 83 73 66 91 72 83 86 87 76 84 79 72 69 66 63 64 60 
36 35 55 70 32 73 37 4 10 50 75 78 31 7 50 58 41 45 60 48 48 61 75 62 69 109 106 127 160 142 124 120 144 157 164 163 147 140 145 147 142 142 144 173 192 125 76 69 77 90 63 57 92 86 100 83 101 87 78 73 64 59 59 56 
61 62 71 76 26 51 57 38 3 7 80 91 24 8 43 91 63 66 56 41 69 81 95 123 114 124 153 158 160 157 152 140 156 163 159 148 140 143 142 146 143 130 122 133 180 100 52 54 91 77 50 70 124 100 122 98 100 77 66 52 40 42 57 65 
71 73 76 78 57 83 39 68 43 33 81 105 62 56 65 73 97 92 100 113 126 132 141 157 172 171 175 164 157 167 175 161 173 168 161 150 149 147 148 150 140 122 113 131 159 106 53 48 109 58 78 122 144 115 113 102 92 94 68 49 40 41 55 65 
71 67 76 87 71 59 61 74 108 98 91 97 113 79 60 61 99 127 112 109 108 115 126 142 146 133 147 154 159 167 161 142 163 174 179 159 153 162 168 166 141 128 132 139 155 157 112 120 168 141 133 101 91 91 90 93 99 93 86 65 60 56 54 57 
69 59 76 97 61 39 56 70 102 125 110 110 138 120 89 90 132 138 136 149 158 171 173 160 138 137 139 146 164 170 151 141 168 191 147 126 142 157 161 167 153 154 152 154 161 183 187 184 186 175 153 119 100 82 87 98 95 96 98 98 84 63 52 45 
58 62 82 96 74 59 69 88 108 100 89 114 130 135 140 145 160 160 168 184 193 209 212 168 151 147 155 152 155 148 149 114 116 119 103 116 136 147 136 137 163 175 169 170 172 173 163 157 155 151 141 146 124 95 99 79 80 91 101 103 98 71 54 44 
67 58 74 102 118 112 100 104 105 95 91 96 99 94 145 176 157 158 168 184 201 215 228 197 163 162 153 150 141 67 59 70 39 33 72 88 121 138 140 133 154 184 184 192 184 155 138 142 145 152 160 161 118 108 98 83 84 79 79 89 91 89 64 49 
57 38 62 99 121 127 133 122 110 106 99 94 102 126 153 134 125 126 138 155 178 190 189 173 169 176 138 131 119 50 11 11 13 11 63 70 74 99 140 163 168 198 208 226 232 213 174 171 171 168 165 128 91 87 84 91 89 85 81 79 96 91 88 81 
68 43 63 104 118 131 146 124 121 155 118 97 111 136 104 118 125 141 160 183 191 185 167 168 179 172 131 121 89 43 9 4 8 16 62 73 65 105 140 141 165 191 202 222 229 214 185 173 179 172 141 91 93 91 90 88 93 100 107 103 100 95 88 87 
92 83 90 96 75 83 127 103 106 176 123 118 165 111 66 103 149 176 191 212 218 212 176 161 169 161 150 127 54 17 17 39 74 78 71 47 72 109 139 144 156 166 176 194 195 178 175 172 174 141 102 85 86 82 86 86 87 93 103 98 92 87 84 88 
79 89 82 91 65 92 120 92 110 199 170 177 147 61 41 91 162 183 207 215 203 191 175 132 151 147 133 103 59 71 63 42 52 51 46 75 101 127 140 160 159 157 155 156 158 155 153 164 149 104 83 79 87 84 80 85 81 85 91 96 101 90 85 82 
87 91 90 95 91 109 105 108 145 219 196 178 107 71 83 146 160 156 159 162 177 185 184 145 149 143 118 115 122 88 77 55 43 58 84 116 115 126 143 172 187 188 182 176 164 159 158 166 158 124 48 61 87 91 79 72 73 83 91 88 99 93 88 76 
104 107 106 105 120 125 129 150 197 218 180 125 93 113 152 159 148 135 123 109 108 157 170 164 148 130 117 119 135 104 78 91 90 86 83 103 107 135 155 185 208 207 208 196 178 161 152 163 175 167 69 49 90 88 61 59 70 79 73 72 92 73 64 77 
125 127 120 118 137 146 135 118 173 197 155 103 94 154 166 144 126 115 104 90 129 180 176 163 141 121 113 105 109 117 120 126 106 113 111 105 97 117 147 177 221 229 217 205 173 150 155 167 173 178 118 46 85 71 45 48 63 68 52 57 71 72 65 82 
131 127 123 125 124 123 111 114 158 161 102 90 113 162 168 153 139 131 128 130 155 173 159 140 115 120 121 110 101 94 91 114 132 124 115 109 121 148 154 157 187 203 192 181 174 146 144 153 164 178 159 67 70 52 26 27 41 39 42 46 46 68 69 66 
130 125 126 117 103 108 110 121 145 129 89 80 87 105 139 162 163 167 165 162 160 141 134 120 110 134 145 129 118 99 97 107 118 131 127 132 150 165 180 186 174 168 169 171 170 167 159 151 149 160 175 112 59 34 28 30 44 38 40 31 33 48 41 35 
124 125 126 112 108 113 119 152 171 127 78 79 87 87 83 90 96 113 117 121 137 115 114 140 144 143 141 129 115 116 126 130 130 133 130 139 163 180 195 204 196 185 169 168 183 186 186 182 174 162 157 145 80 57 49 47 51 52 53 38 36 25 23 38 
118 125 113 105 106 112 131 159 156 108 76 65 72 79 84 95 96 94 93 62 56 46 72 115 130 117 105 103 92 108 150 161 154 122 96 131 154 178 201 207 187 168 173 181 189 193 193 192 195 192 172 142 106 89 74 61 56 61 59 41 29 19 11 22 
129 130 116 105 99 118 164 176 122 88 82 78 78 87 88 86 72 57 89 63 59 71 82 101 120 115 101 75 73 110 150 163 121 94 72 119 144 156 163 172 150 147 153 165 172 175 175 166 154 135 125 131 114 110 102 88 67 58 50 15 5 6 5 12 
173 178 157 116 96 132 183 142 60 49 26 45 86 102 108 69 86 103 112 110 91 92 92 117 128 110 86 48 64 110 120 129 124 102 64 104 139 153 159 159 142 136 80 78 88 84 78 73 59 67 116 126 111 111 116 113 84 55 35 5 4 15 15 7 
145 144 131 112 113 150 167 95 57 77 87 105 113 99 83 81 145 167 124 111 95 89 77 89 121 114 54 36 60 111 122 130 135 113 68 98 135 152 162 160 91 116 113 67 71 73 65 55 55 66 105 121 115 108 111 111 91 49 39 22 13 29 16 3 
181 180 177 140 160 189 140 105 113 144 157 160 158 125 69 38 82 94 96 92 87 80 82 112 142 103 69 46 56 106 136 141 143 126 80 97 140 155 167 146 31 40 130 82 55 52 60 69 62 64 98 121 115 108 111 111 94 42 28 46 36 27 21 16 
185 193 186 147 132 166 156 124 117 104 83 66 45 39 62 47 68 86 94 97 77 65 70 120 124 75 57 38 45 65 135 152 153 136 98 105 142 161 175 133 26 26 103 148 79 41 44 46 56 71 93 107 109 106 109 111 88 45 35 57 63 57 53 41 
76 85 96 135 110 103 129 84 43 24 16 29 44 57 82 91 100 96 90 81 73 80 118 113 58 58 43 44 44 37 78 158 163 147 116 115 145 167 178 118 64 77 115 135 116 81 74 54 43 42 67 95 103 102 107 105 76 41 41 52 34 32 43 38 
32 54 116 137 62 53 115 147 118 73 46 52 50 40 75 86 75 68 91 93 111 141 144 47 26 64 55 42 45 44 52 121 166 159 133 120 148 172 171 96 75 91 66 72 121 80 51 73 83 65 76 83 87 98 95 87 77 42 35 23 8 13 38 67 
38 64 123 98 27 29 68 135 175 139 72 43 36 51 84 89 92 93 95 107 119 124 113 33 37 80 56 41 47 43 47 72 138 171 146 124 148 164 117 48 84 62 40 41 103 111 78 75 90 84 82 81 89 86 72 65 64 63 60 48 57 76 91 98 
79 72 90 88 34 18 21 53 138 176 145 90 65 73 70 62 57 62 79 108 119 91 81 59 64 88 66 51 48 39 42 60 79 154 159 136 129 107 81 87 76 46 48 39 92 100 53 33 35 68 102 88 82 80 74 69 72 84 92 91 86 80 72 62 
51 37 43 77 26 12 33 52 84 118 118 73 32 33 51 46 56 73 87 95 89 69 46 62 62 75 76 53 53 46 41 62 75 96 98 117 88 88 94 101 80 73 62 81 85 93 82 56 48 45 79 84 86 91 88 94 93 88 77 67 59 43 32 24 
29 16 14 58 48 47 64 57 45 49 43 27 35 46 51 45 59 76 66 60 74 75 59 86 80 73 71 59 51 46 44 68 82 93 84 98 96 94 94 103 93 91 89 95 84 88 89 65 57 67 90 98 92 82 60 51 60 63 55 59 61 50 40 27 
24 21 28 59 83 57 32 13 8 29 47 46 43 53 61 65 66 66 47 33 72 91 85 90 93 87 71 75 65 56 48 75 96 99 89 100 92 92 98 105 104 105 100 96 90 89 91 96 99 98 91 75 84 79 44 21 15 19 48 71 73 70 56 39 
10 26 56 67 66 28 4 3 8 22 30 48 60 64 56 66 69 64 47 43 65 77 82 86 95 95 80 82 98 92 76 86 95 97 96 101 96 99 103 107 109 109 103 103 95 84 79 92 108 108 99 85 87 89 60 30 45 58 55 56 63 71 62 44 
37 44 44 27 12 8 18 33 36 42 50 64 72 70 60 62 49 43 29 22 33 59 85 87 89 95 88 79 108 122 107 101 102 97 103 107 107 110 109 107 105 106 99 94 85 77 72 87 104 109 105 93 85 85 89 84 78 61 52 58 54 53 51 49 
52 28 14 14 33 39 27 19 16 28 59 72 61 63 57 44 27 31 30 18 15 41 69 73 72 73 72 45 66 88 89 91 98 103 113 114 111 109 102 101 100 98 88 81 72 67 69 87 98 108 106 102 96 92 97 93 82 55 55 64 55 47 44 47 
34 29 30 34 37 20 6 15 28 34 38 26 14 28 34 20 15 31 50 55 42 45 58 66 69 47 34 14 21 39 36 53 74 96 108 102 100 102 98 99 102 90 82 74 67 65 64 78 80 97 112 117 113 102 95 79 80 63 52 57 57 68 59 48 
62 51 22 10 8 9 17 36 57 52 33 30 17 13 22 15 12 51 70 64 46 36 31 43 43 58 30 15 10 35 46 46 75 89 94 97 99 98 95 95 94 85 80 77 63 59 66 77 69 86 110 117 111 103 98 88 82 62 58 77 101 98 58 59 
42 30 19 12 12 20 28 37 54 48 46 47 17 6 23 19 22 58 80 70 41 15 25 52 59 65 45 42 45 51 72 68 88 91 96 103 105 99 92 87 82 82 89 105 71 71 85 82 91 109 114 114 110 107 104 102 98 82 95 145 131 81 51 64 
22 31 29 9 7 13 11 33 67 55 45 44 21 42 62 48 43 36 41 50 54 46 50 63 74 68 48 51 62 70 76 81 91 95 101 106 107 95 87 87 81 78 99 131 106 86 87 107 136 131 126 124 118 112 112 111 110 117 134 118 85 72 54 60 
42 38 41 31 7 5 2 15 44 40 32 52 60 85 89 74 70 64 59 60 60 61 60 58 69 70 63 63 64 67 70 75 84 95 94 92 89 86 82 82 81 79 73 95 99 102 122 140 152 147 138 132 122 108 102 106 107 90 84 81 75 59 50 59 
78 60 53 54 21 9 9 12 31 45 55 73 80 78 60 39 51 75 78 66 59 59 60 67 70 74 77 69 61 62 67 70 73 80 81 83 79 73 66 76 79 72 50 46 64 101 142 151 153 155 142 107 116 122 109 88 70 43 64 79 71 52 53 52 


108 114 121 110 95 98 105 113 107 106 115 117 117 130 134 126 88 38 28 92 156 166 161 175 175 161 164 175 177 174 166 162 150 132 106 122 148 157 153 134 100 77 67 57 101 129 140 146 144 137 126 106 88 95 116 119 94 62 45 62 88 87 96 75 
98 113 126 126 122 124 124 131 129 116 114 114 104 105 111 118 103 64 85 146 164 163 176 182 172 171 177 180 175 173 170 164 153 140 131 146 157 163 165 163 139 106 88 114 150 156 156 156 151 143 130 115 103 96 98 106 106 88 79 85 98 95 68 23 
136 126 129 136 135 130 136 142 143 136 119 107 100 97 104 114 96 78 131 158 146 158 185 180 173 176 180 176 171 171 165 161 156 149 146 152 156 161 165 169 167 149 141 154 165 165 165 163 157 151 139 119 109 105 99 110 116 108 105 93 64 61 64 24 
166 157 147 146 141 133 137 141 140 130 121 117 111 113 112 107 97 134 153 142 148 174 181 169 172 173 177 172 169 162 155 155 145 133 130 141 152 157 161 165 162 158 161 162 164 167 168 165 159 151 137 117 105 93 100 121 122 108 72 42 35 31 51 46 
171 169 168 154 144 145 141 135 120 120 129 133 126 117 114 104 133 154 136 145 170 186 161 149 163 171 174 167 162 155 151 144 122 102 108 137 154 158 159 159 149 149 152 158 161 166 167 162 160 154 142 121 112 115 120 122 117 89 37 48 69 67 72 66 
142 139 136 122 128 140 141 136 125 119 125 132 136 134 128 135 154 147 147 162 188 182 153 138 150 145 144 144 137 126 122 113 101 89 95 127 147 156 159 155 144 134 139 150 152 157 161 156 153 149 140 124 120 121 118 117 117 99 61 60 75 79 64 45 
117 119 119 120 127 126 129 135 133 126 124 125 130 139 150 150 142 150 156 175 190 181 175 168 154 125 112 124 116 94 97 102 103 99 93 111 134 149 154 146 142 123 130 146 151 151 147 140 140 141 136 126 116 108 105 112 120 109 79 69 74 58 35 22 
120 122 122 120 120 118 121 124 127 129 133 133 136 146 150 141 139 147 156 174 181 183 182 183 176 172 159 141 115 95 104 105 107 103 109 128 132 136 140 136 138 131 133 136 142 141 126 108 119 126 121 110 99 93 98 113 115 102 83 78 72 47 26 13 
126 127 124 120 119 112 110 117 123 130 136 139 143 144 137 131 137 142 158 173 182 189 187 186 187 187 171 172 148 116 118 109 106 100 109 124 128 130 132 137 147 147 133 129 120 119 106 104 115 114 107 93 86 94 104 105 97 86 70 76 79 63 37 16 
120 125 125 124 124 107 91 97 117 137 146 148 141 112 87 85 113 146 177 166 173 194 196 190 196 182 185 191 171 147 138 119 112 105 94 77 96 126 137 152 156 142 131 109 110 109 108 104 94 88 85 86 90 90 77 79 87 93 82 77 80 81 70 54 
92 115 125 126 126 118 104 111 138 153 158 156 146 102 55 52 106 165 185 161 156 177 191 187 193 188 203 194 177 177 171 150 138 140 123 77 77 108 135 156 142 129 106 105 110 102 78 75 80 49 46 59 64 43 23 51 79 93 100 89 80 86 85 84 
75 110 127 128 131 135 129 131 148 156 157 155 152 118 84 85 133 180 190 180 170 162 160 169 172 198 204 199 182 185 182 175 165 161 149 125 111 116 116 136 124 103 92 110 97 61 59 74 66 66 63 57 42 24 20 42 62 79 104 100 92 94 88 94 
72 106 130 135 140 147 147 140 140 130 124 132 131 118 110 134 169 190 191 187 179 164 154 162 152 161 168 159 153 152 153 159 159 156 135 129 143 131 128 124 128 106 101 95 87 100 98 81 85 69 54 43 32 35 42 43 46 55 93 105 99 97 93 103 
72 103 133 140 145 150 149 140 126 85 60 93 112 125 144 173 189 190 187 186 181 168 155 159 149 147 135 138 127 94 92 136 138 143 134 129 145 140 121 126 113 101 84 97 134 145 140 139 128 70 23 21 31 67 65 46 47 49 76 96 100 99 97 102 
69 100 128 141 147 149 145 135 112 69 75 118 135 149 168 184 189 185 183 181 177 167 154 157 125 144 108 122 140 127 123 144 146 131 128 132 144 148 132 118 81 86 111 135 136 139 143 140 109 54 38 50 62 97 88 76 85 61 59 84 95 90 92 97 
57 64 102 128 129 130 132 119 91 94 132 153 153 167 173 179 185 183 180 176 177 157 145 152 95 122 107 127 155 139 145 159 161 144 139 152 152 152 161 127 101 113 137 129 131 139 142 124 84 67 67 66 75 97 92 96 107 57 54 101 102 96 93 86 
52 57 91 101 86 88 101 105 122 145 155 156 159 172 177 176 184 185 185 183 178 165 166 160 90 107 136 169 185 154 152 137 146 131 153 168 162 181 189 167 138 133 120 122 128 134 139 141 130 116 103 88 95 95 89 107 123 82 91 106 105 94 95 91 
57 78 98 84 55 62 73 80 112 140 140 138 140 146 152 151 155 160 162 167 159 155 155 165 158 141 134 167 165 140 153 145 153 139 156 181 169 192 200 183 148 118 108 108 110 126 135 127 137 144 143 142 143 133 125 125 130 112 112 106 103 93 95 95 
72 84 96 95 58 62 59 44 80 128 136 136 144 144 134 111 113 145 156 166 153 154 160 160 173 135 122 162 157 149 133 143 158 185 189 194 170 191 198 175 161 137 127 127 140 143 129 123 134 141 144 151 149 145 145 142 140 133 123 125 114 109 110 111 
119 105 108 116 89 86 81 69 99 136 140 142 155 154 139 117 119 139 152 153 161 169 167 160 173 178 163 150 167 155 128 126 161 176 194 194 166 189 194 181 181 170 170 175 173 169 145 119 116 111 117 137 116 95 97 118 130 113 117 124 118 116 109 106 
131 137 134 140 122 115 109 97 113 141 148 152 158 155 152 141 139 143 147 154 151 154 155 153 153 184 203 161 178 175 152 152 151 151 173 181 177 190 193 186 185 180 169 167 177 178 145 112 100 94 92 115 86 63 67 116 113 111 124 114 105 103 106 101 
81 105 125 130 131 104 90 80 93 135 152 157 158 157 154 149 143 142 144 145 147 146 148 141 117 122 193 180 171 182 174 167 167 145 129 153 187 200 195 190 182 165 174 193 197 181 149 130 110 112 105 101 113 107 127 135 111 112 117 103 108 111 117 119 
34 40 108 132 123 116 99 71 78 131 155 158 154 156 149 144 144 144 142 137 143 154 151 144 113 103 162 194 171 179 169 161 182 195 180 187 226 215 204 199 178 175 201 212 212 188 148 135 121 124 132 132 139 143 133 128 110 119 107 104 116 127 134 136 
34 54 100 145 129 61 87 110 82 112 132 137 144 135 145 134 136 140 142 134 140 164 169 157 126 120 143 191 189 191 181 179 202 209 224 234 245 232 217 204 192 213 226 228 234 185 147 146 139 129 140 129 131 147 134 137 129 127 105 113 131 139 137 129 
70 88 117 133 116 57 18 71 122 109 85 119 121 102 143 134 132 130 131 147 152 134 140 161 157 142 146 171 203 188 166 177 199 213 235 236 232 208 196 205 218 225 230 242 243 194 157 152 142 138 158 143 149 152 153 145 145 130 119 123 132 135 133 127 
109 108 124 134 83 120 61 46 71 114 141 143 103 87 131 143 131 134 144 132 126 136 148 141 149 177 173 188 214 194 174 173 200 216 222 222 206 195 198 201 198 199 200 221 235 187 148 139 147 159 137 131 157 150 163 149 162 147 139 136 134 132 130 128 
131 128 137 141 73 96 93 72 43 70 146 158 103 91 126 166 146 147 135 116 132 145 162 186 180 187 207 214 215 208 203 193 211 218 211 201 195 196 194 197 195 186 180 182 220 162 125 123 157 149 129 140 183 163 179 160 161 146 135 127 118 119 125 131 
131 133 145 147 116 133 73 102 79 93 143 172 133 131 139 144 165 154 156 164 176 185 194 210 227 226 229 222 213 218 224 214 226 219 208 197 195 195 196 199 191 179 171 182 208 163 120 120 169 129 147 179 194 172 170 166 159 160 140 127 115 117 128 136 
131 131 147 158 136 117 120 128 164 155 155 162 179 145 129 125 149 167 158 160 161 171 185 198 198 178 197 215 217 220 214 198 223 232 227 207 204 216 217 214 194 185 187 192 205 209 174 179 218 197 188 162 153 157 157 160 167 161 156 141 132 128 131 135 
132 125 145 164 127 103 116 130 160 177 168 169 195 178 152 144 152 177 187 203 213 226 229 216 183 180 192 204 221 226 207 195 223 232 189 170 189 208 211 216 204 207 206 203 209 232 242 239 240 231 207 175 159 150 156 166 162 163 165 163 147 135 131 132 
122 125 147 163 129 110 125 149 167 160 150 169 183 188 192 192 194 207 225 241 247 252 249 220 207 201 209 207 207 196 201 159 159 166 155 165 179 192 184 187 211 224 218 219 223 229 221 216 213 206 193 192 176 161 165 154 154 159 165 165 164 141 129 127 
125 108 131 165 132 108 131 152 160 152 150 149 155 147 171 190 202 215 228 244 252 253 253 237 219 216 207 208 190 113 113 122 83 78 129 137 163 180 181 179 201 232 234 240 231 207 193 200 204 210 214 211 174 171 165 154 155 151 149 157 158 155 136 121 
115 89 125 165 143 143 154 160 161 149 140 135 147 163 172 170 173 181 197 220 239 246 240 226 225 231 193 186 168 95 29 28 32 32 116 122 127 143 178 211 216 246 252 254 254 245 229 233 232 227 221 185 155 156 156 161 158 157 157 156 163 155 154 146 
134 107 131 167 152 139 157 165 135 141 151 153 160 172 153 169 177 198 222 240 244 243 228 228 237 227 189 173 138 92 23 10 15 34 104 124 115 146 182 192 214 241 250 253 254 253 242 233 236 229 201 155 163 163 162 162 164 166 169 170 167 161 153 152 
154 147 155 165 128 114 169 147 117 146 133 138 166 143 128 164 202 231 247 252 254 252 231 218 227 215 207 177 99 44 35 70 120 124 118 89 124 149 185 195 205 216 233 247 249 241 236 226 230 199 162 150 157 160 162 162 162 165 169 167 161 156 153 152 
141 151 150 165 134 148 171 132 124 153 142 169 157 110 107 157 216 236 248 252 252 245 232 181 207 203 184 147 105 116 113 88 104 96 85 122 148 170 183 209 209 210 216 222 226 223 216 213 195 161 148 148 154 158 158 161 158 161 161 163 166 154 147 148 
149 154 157 167 160 166 140 119 129 160 172 176 136 111 132 201 213 208 208 215 231 239 239 199 205 201 163 160 169 136 121 106 95 112 130 161 161 169 180 218 235 243 244 242 233 224 214 213 203 180 116 127 146 155 150 147 147 151 156 154 163 157 147 138 
151 152 158 171 183 165 134 142 168 175 165 133 114 135 197 215 204 191 180 168 168 216 226 223 208 188 169 172 188 152 123 135 133 126 123 148 158 183 201 235 249 252 253 252 242 220 203 212 225 220 126 106 141 143 122 126 138 146 141 139 153 137 128 140 
134 135 145 177 181 158 133 116 148 170 150 114 116 197 218 198 184 174 164 154 192 242 239 222 197 176 167 164 167 168 169 175 151 158 159 154 149 168 197 228 251 254 253 250 231 203 208 221 229 234 168 95 137 126 102 116 134 135 124 128 138 134 130 146 
123 121 141 181 162 130 127 127 148 148 109 105 142 205 217 206 198 194 192 193 216 235 222 201 175 176 175 163 154 147 142 165 184 175 165 159 167 190 197 201 224 237 235 232 227 199 200 212 224 231 208 123 128 111 90 97 113 110 117 120 117 129 131 127 
118 121 156 179 146 107 110 135 155 148 123 115 126 146 182 205 216 224 226 221 217 192 191 181 172 194 203 186 172 156 151 158 167 179 173 178 191 207 226 233 226 225 230 229 222 220 216 208 203 212 224 170 123 94 88 96 113 109 117 104 101 111 101 96 
111 139 170 175 153 115 113 144 149 119 103 117 134 134 123 120 138 165 174 182 191 157 161 199 206 201 197 182 160 165 183 183 180 179 176 182 205 224 242 250 249 242 221 213 229 237 241 239 228 213 206 194 137 102 83 101 117 119 124 110 103 92 86 102 
110 146 146 162 152 127 142 155 137 102 77 72 93 110 116 138 147 150 149 124 111 98 132 179 191 172 157 151 126 143 205 219 205 170 143 175 199 226 246 250 239 215 214 225 236 241 243 243 243 238 219 186 157 142 129 124 123 127 125 104 86 76 70 85 
130 139 123 157 143 117 142 137 115 116 113 103 107 116 123 137 133 119 152 129 128 142 149 157 154 144 146 130 124 150 202 216 164 138 123 166 189 198 205 214 193 189 198 211 221 228 227 218 204 185 169 169 166 163 160 151 132 122 112 55 30 49 65 82 
145 125 116 155 144 125 143 111 87 95 67 74 132 146 153 107 133 149 165 159 160 166 154 146 144 149 137 115 126 150 161 170 164 145 118 155 186 196 202 202 184 180 139 135 143 141 134 129 116 124 163 175 167 168 170 165 140 118 98 47 44 76 88 77 
138 134 136 159 146 121 130 116 109 127 133 132 121 113 124 100 152 174 171 169 168 150 129 120 154 158 106 103 126 154 162 172 176 157 123 150 183 198 208 207 145 169 168 132 130 133 129 119 118 124 155 174 171 166 166 161 138 102 99 83 75 98 89 56 
124 136 143 161 153 123 133 146 152 160 160 158 153 129 113 68 106 135 161 161 153 137 138 161 186 142 106 107 123 156 177 185 186 172 135 152 191 204 217 198 95 108 184 147 122 119 129 136 130 129 148 168 168 164 166 162 140 89 83 107 102 95 91 80 
103 111 117 145 148 130 127 130 129 123 114 106 83 71 110 77 112 148 162 160 138 131 135 172 171 123 109 103 114 129 183 199 200 186 154 160 195 214 229 191 102 104 166 201 143 115 117 118 123 131 146 159 163 160 161 161 135 96 90 112 120 120 120 112 
113 123 135 152 131 103 104 98 88 83 83 89 88 95 138 143 161 160 155 136 134 145 175 166 117 117 111 111 113 110 142 211 212 201 172 171 201 220 233 182 137 145 176 191 175 147 138 117 103 98 122 149 157 156 157 152 127 100 100 88 76 91 108 109 
81 103 138 143 103 92 109 126 127 113 102 102 97 98 145 156 145 131 151 151 170 196 195 109 85 125 122 111 114 114 120 179 217 213 188 176 206 228 227 159 141 156 136 140 181 141 115 133 141 124 134 138 141 149 147 140 132 115 103 74 63 83 108 134 
57 78 117 106 64 63 80 113 138 126 108 103 102 117 152 157 158 159 159 167 174 180 166 101 107 144 127 117 121 117 119 140 196 226 202 180 207 223 174 112 144 131 112 112 166 169 139 135 152 144 138 136 139 136 129 124 127 133 125 117 127 146 158 163 
114 104 103 94 63 57 65 84 121 141 138 134 131 143 139 129 123 131 138 162 176 150 141 127 135 155 138 123 119 113 114 127 141 211 215 192 188 169 144 149 139 113 113 106 155 160 107 89 96 124 157 145 140 140 138 137 142 153 157 157 155 149 139 129 
114 106 98 97 75 77 97 112 126 135 128 110 101 108 120 112 121 139 146 154 149 131 110 130 136 147 143 115 120 122 115 130 137 160 163 174 149 155 159 164 142 134 126 142 145 155 141 114 102 100 140 148 153 157 155 156 150 136 133 133 133 114 97 91 
99 95 89 92 84 92 106 107 105 112 111 94 96 110 114 105 116 135 133 130 138 139 120 150 152 148 142 130 129 127 121 137 147 161 152 162 158 161 158 166 154 150 150 156 142 150 148 117 108 128 151 160 158 149 127 112 108 102 115 134 136 125 113 97 
98 99 100 103 104 86 66 47 55 101 124 117 115 123 124 126 133 135 117 99 133 152 145 155 159 158 145 145 137 134 128 145 160 166 156 163 158 159 163 167 163 162 162 158 150 150 149 147 155 158 148 138 148 143 110 83 71 76 116 142 142 137 132 113 
92 102 111 108 93 61 28 18 54 97 107 120 135 131 126 132 138 131 111 106 125 144 149 153 162 167 152 147 145 145 145 153 162 165 162 165 167 167 167 168 167 166 164 162 154 137 134 138 161 166 158 149 152 152 124 96 109 124 127 132 136 141 137 122 
112 113 101 72 46 41 42 52 86 115 126 140 145 132 126 128 120 111 96 89 98 125 150 150 156 164 157 135 132 135 155 164 166 164 168 170 168 166 165 165 166 166 157 147 138 128 136 142 160 169 167 157 150 148 150 145 142 134 129 132 129 128 126 127 
118 96 69 38 41 51 44 44 72 103 133 142 125 121 119 110 97 100 104 91 83 105 131 137 136 135 134 98 101 108 134 151 158 164 172 170 167 166 164 163 162 159 143 126 122 127 139 149 158 167 169 165 157 152 156 153 143 132 131 134 129 118 115 124 
88 72 60 54 62 60 64 84 102 109 109 87 68 91 101 91 85 104 126 130 116 114 120 127 130 102 89 62 54 86 96 115 136 159 168 164 162 164 161 161 162 151 138 133 126 130 130 132 139 157 170 175 171 162 155 140 137 133 126 129 128 128 122 122 
92 85 74 74 82 88 99 119 133 125 111 101 85 78 91 86 82 119 143 141 121 100 90 104 101 109 88 77 51 80 100 101 136 155 159 159 161 161 160 158 153 146 141 140 129 115 113 121 131 145 163 172 169 165 159 148 143 123 120 132 143 142 128 124 
110 106 99 92 97 104 108 119 131 127 127 124 88 70 96 92 90 123 146 144 114 76 84 113 118 123 114 117 111 111 121 109 142 156 159 165 167 162 156 148 143 142 142 141 118 105 119 129 127 125 132 144 163 168 166 164 156 136 131 148 153 135 120 113 
107 116 110 83 83 85 81 108 135 131 121 113 93 112 132 118 109 102 111 125 129 117 116 129 138 137 127 133 141 144 138 137 152 159 162 167 169 159 149 146 142 139 137 136 121 120 130 128 127 116 111 134 163 170 170 169 164 146 139 144 137 120 108 78 
113 121 126 109 77 62 42 75 116 120 110 119 129 151 153 138 135 131 129 133 137 135 133 133 136 142 141 141 142 143 136 138 149 157 156 153 151 147 145 144 143 141 125 127 132 129 137 149 148 129 113 116 136 149 153 157 149 119 130 141 134 120 97 51 
123 123 124 117 85 70 64 73 105 123 129 138 143 143 129 110 123 145 149 140 135 134 134 139 143 145 150 145 141 140 139 142 145 147 143 141 141 134 134 140 144 141 116 110 121 122 143 162 164 151 119 88 102 125 127 127 124 104 129 144 137 123 79 38 


2 2 2 2 2 2 2 2 2 2 3 4 2 2 2 2 2 2 2 2 2 2 7 35 46 19 7 17 54 60 13 5 13 8 2 6 23 36 41 33 24 12 4 8 10 13 13 18 20 10 2 2 1 2 2 2 2 2 2 2 2 2 3 3 
2 2 2 2 2 2 2 4 3 2 2 3 2 2 2 2 3 2 2 2 2 9 30 48 25 14 14 26 61 44 7 15 28 18 7 12 27 40 51 58 46 11 6 35 48 44 39 38 36 21 6 2 2 2 2 2 2 2 2 2 3 2 2 2 
6 3 2 1 2 2 2 4 11 11 3 2 2 2 2 2 2 2 2 3 3 27 55 40 17 26 22 34 58 24 7 21 31 22 9 10 17 29 42 53 50 24 23 35 47 52 53 52 42 28 13 3 3 2 3 3 2 2 2 2 2 2 2 1 
24 21 16 13 7 3 3 5 10 6 2 2 2 2 2 2 2 2 2 5 17 48 57 23 14 25 22 40 48 11 8 11 10 7 3 3 6 22 39 45 36 31 33 34 44 53 56 55 44 28 12 3 2 3 4 11 4 1 2 2 2 2 2 2 
29 32 35 31 36 30 19 14 3 2 2 1 2 2 2 2 3 3 4 16 44 62 32 8 13 19 17 38 34 5 4 4 2 2 2 5 10 21 30 36 23 29 30 34 42 48 48 47 44 35 20 7 3 3 4 8 3 2 2 2 2 2 2 2 
6 5 5 5 23 50 53 40 19 7 3 2 2 2 2 2 5 16 19 31 63 55 16 3 9 6 6 22 14 3 2 2 2 2 2 3 6 15 21 20 9 8 16 28 33 40 32 29 29 30 26 17 16 7 2 2 2 2 2 2 1 2 2 2 
2 2 6 7 12 16 27 45 48 36 24 15 9 4 2 2 7 33 38 50 60 34 21 9 9 3 3 8 8 5 3 2 2 2 2 2 2 7 15 8 4 2 5 13 28 32 23 16 17 22 25 20 11 3 2 2 2 2 2 1 1 2 1 1 
2 6 14 10 6 3 2 7 15 24 35 42 40 29 17 10 8 19 22 28 20 14 23 19 19 16 12 9 10 10 10 2 2 2 2 2 2 3 4 3 2 3 10 17 16 7 5 6 15 16 9 4 3 3 3 2 2 2 2 2 1 2 2 1 
4 6 12 15 18 9 2 2 3 15 23 14 14 16 22 24 24 16 19 15 10 23 34 31 28 26 16 19 13 8 16 2 2 2 2 2 2 2 2 2 2 8 15 19 3 2 2 2 5 4 2 2 2 2 2 2 2 2 2 1 2 2 2 1 
3 3 6 13 14 6 2 2 8 37 45 18 8 3 3 3 6 24 59 28 11 32 44 45 42 30 31 31 20 6 21 3 2 2 2 2 2 2 3 2 6 12 22 4 2 2 2 2 8 15 3 2 2 2 2 2 2 2 2 2 2 2 2 2 
2 2 2 3 3 2 3 5 21 43 43 32 23 4 2 2 12 51 62 30 15 18 34 50 42 40 49 41 24 18 28 13 4 3 3 2 3 3 3 6 13 26 10 2 2 3 2 14 22 8 2 1 1 2 2 1 2 2 2 3 2 2 3 2 
2 5 3 2 4 12 21 21 26 32 31 30 24 5 2 2 23 61 44 27 20 14 13 43 29 42 48 46 34 28 30 23 5 3 5 2 3 4 4 14 23 20 2 2 2 4 19 20 5 2 2 3 2 3 4 2 2 2 2 2 2 2 2 2 
2 3 2 3 13 28 42 35 19 11 9 12 9 4 2 8 41 54 34 29 22 15 17 44 14 16 21 22 24 16 17 26 6 4 2 2 5 6 15 18 24 4 3 3 5 23 21 8 6 3 3 3 3 8 8 2 4 3 2 2 2 2 2 3 
2 2 3 7 14 20 27 24 9 2 3 3 2 5 9 28 57 43 31 30 29 23 21 41 12 3 5 15 19 4 3 36 13 5 7 9 16 14 22 35 10 2 2 7 22 26 27 26 21 4 2 2 2 8 5 3 6 5 3 2 3 2 2 4 
3 3 3 8 9 11 11 10 4 4 9 11 4 7 17 38 49 33 29 29 32 27 38 57 6 2 3 14 19 11 9 28 28 2 4 8 17 27 30 25 2 2 9 20 8 6 8 10 7 2 1 2 2 8 3 3 5 4 2 3 4 2 3 12 
3 2 2 4 3 3 4 4 5 13 11 12 6 11 17 35 32 24 26 29 32 18 26 50 15 9 12 36 36 12 15 29 43 28 22 13 18 24 42 7 2 11 21 5 2 2 2 3 6 4 2 2 5 9 3 2 3 3 2 6 6 5 6 14 
2 2 5 3 3 2 5 9 10 10 12 20 19 24 33 39 41 40 40 48 51 44 56 55 15 7 16 55 77 39 32 21 53 23 22 35 40 60 47 18 18 24 5 2 2 5 17 30 29 14 9 6 10 8 2 2 4 3 9 11 15 12 5 5 
3 2 7 4 3 2 3 3 3 5 4 10 11 18 25 21 24 28 41 57 37 25 27 55 51 26 18 64 57 19 24 20 62 42 14 42 48 61 40 29 19 11 3 2 3 17 32 22 29 41 47 47 39 32 23 14 11 8 20 22 16 12 7 6 
5 3 3 3 3 2 2 2 2 3 4 7 21 40 26 9 18 30 46 53 29 25 28 33 71 43 33 65 49 35 20 24 44 79 53 47 43 44 44 39 23 14 21 30 46 56 26 13 20 37 44 50 40 42 41 34 25 24 25 15 10 9 11 12 
21 9 10 3 3 2 2 3 3 10 12 13 34 42 22 10 12 23 41 43 46 56 50 40 65 85 80 37 49 38 12 10 38 46 68 72 45 42 60 43 54 95 135 150 140 126 42 8 10 14 14 25 14 6 6 12 18 14 15 13 12 7 11 11 
21 28 23 20 8 4 2 2 4 16 23 24 30 25 26 21 12 15 24 33 32 32 31 31 46 95 112 28 46 53 18 22 21 10 24 59 64 71 81 116 163 185 172 161 168 146 25 3 3 3 4 24 18 2 5 20 22 21 14 7 11 14 22 29 
5 28 23 13 21 9 2 2 2 10 26 31 25 21 16 14 9 8 13 15 21 13 11 8 7 30 107 65 46 59 29 28 34 10 8 31 109 145 166 182 192 178 178 197 195 142 13 2 3 5 8 23 26 17 27 23 11 7 9 15 18 23 26 34 
2 4 26 19 15 32 22 4 2 9 30 25 11 26 13 10 14 13 7 4 14 26 19 14 7 4 57 100 45 59 60 56 88 147 130 127 194 192 189 197 192 184 212 215 210 135 6 2 6 13 23 21 23 34 22 16 4 12 18 18 13 17 22 29 
1 2 7 32 20 7 31 39 12 4 13 9 11 21 25 17 24 20 14 9 19 50 50 38 9 7 14 92 76 117 170 172 205 214 220 221 226 209 199 205 200 222 230 222 230 121 11 17 21 16 27 12 17 36 18 14 6 17 14 10 5 10 18 19 
2 2 8 19 22 17 3 19 48 28 5 10 9 6 36 20 23 18 12 34 41 19 28 45 42 20 8 51 152 186 176 191 210 214 225 224 221 197 175 199 226 237 236 237 235 134 41 26 15 19 43 32 42 32 34 15 17 14 7 4 7 17 22 22 
2 2 15 26 13 45 26 3 8 43 54 18 2 2 25 27 18 21 28 20 20 28 39 24 30 65 56 120 202 188 171 167 199 223 224 224 207 197 195 207 209 212 220 220 214 109 18 12 30 48 13 5 44 21 48 22 46 27 14 7 10 20 33 34 
2 3 20 32 9 26 44 27 3 4 46 40 3 3 24 56 29 30 19 36 75 87 102 130 113 118 145 187 203 198 190 179 202 213 206 195 186 187 179 193 196 198 198 192 206 82 6 5 49 40 3 16 74 40 77 49 50 22 12 4 3 15 37 45 
2 3 21 27 19 37 17 53 30 3 11 62 23 29 39 41 61 64 115 163 191 205 207 209 215 207 211 215 211 203 199 193 207 198 190 173 167 171 172 184 190 187 182 196 214 108 12 10 71 26 42 80 102 69 63 54 34 38 13 2 6 19 36 45 
2 3 32 54 35 23 17 30 65 29 13 46 71 17 4 14 75 157 171 178 183 194 206 209 192 168 206 224 213 203 201 181 223 231 221 191 189 211 203 195 185 184 192 195 201 190 107 102 149 129 115 62 37 36 34 37 51 40 27 8 8 20 28 31 
2 3 37 62 20 2 3 8 43 64 48 55 87 59 22 21 78 178 207 220 225 231 231 222 177 182 199 202 216 226 224 177 219 223 161 149 180 208 211 195 192 202 201 196 195 218 230 235 239 232 203 134 74 23 22 49 44 42 43 36 20 14 19 12 
4 18 42 65 21 2 4 27 52 26 22 62 81 87 93 95 133 211 237 245 246 250 249 222 213 205 205 210 189 153 161 111 130 93 49 88 145 178 178 169 183 201 196 198 206 221 226 227 229 224 206 187 118 32 42 20 13 31 50 42 38 16 11 3 
17 12 38 74 43 18 35 38 27 18 34 31 33 22 78 118 184 236 242 250 252 253 253 237 218 208 197 212 142 25 15 12 10 8 10 33 94 135 159 182 187 203 216 230 227 213 207 215 220 225 223 204 96 61 48 10 3 4 10 20 24 25 10 2 
5 3 35 76 56 53 60 48 45 40 18 5 33 66 96 102 161 203 219 236 247 249 243 226 220 215 177 175 101 11 4 3 3 4 12 24 26 56 116 203 209 223 244 253 254 246 237 242 242 240 233 154 42 35 36 35 18 4 3 7 22 17 21 24 
4 9 35 67 57 63 62 35 24 50 47 48 72 98 68 146 191 220 237 246 249 247 239 236 234 215 189 155 57 5 3 2 3 6 16 18 24 65 144 192 207 224 246 253 254 253 249 243 241 232 174 51 34 34 34 23 34 27 18 17 20 20 19 20 
17 21 39 65 50 56 59 24 21 64 49 70 112 70 33 116 208 239 250 253 254 253 237 226 229 208 208 156 45 6 5 10 18 20 18 15 32 86 175 195 196 200 230 250 252 251 249 234 223 153 52 21 19 11 22 15 16 22 29 17 8 7 10 21 
12 15 32 79 39 31 50 34 41 85 86 128 97 17 7 100 219 239 250 252 251 243 230 173 211 206 180 109 47 19 10 10 12 14 22 48 109 145 156 189 189 195 219 237 243 247 241 206 154 67 28 22 20 8 7 11 4 4 7 17 19 6 4 5 
8 5 35 81 53 34 40 50 70 105 126 126 44 5 64 202 223 217 217 223 236 240 235 197 213 207 153 140 143 49 25 20 18 28 80 119 154 143 132 185 209 231 246 247 246 247 233 205 185 136 17 9 17 11 3 3 2 4 9 4 11 13 7 3 
13 17 45 74 58 38 42 68 111 125 126 84 23 57 192 236 230 218 208 194 190 222 225 222 216 201 158 171 195 116 66 88 94 72 71 109 150 182 187 215 234 241 252 253 249 234 208 208 220 214 72 6 21 12 2 2 2 3 3 2 8 6 7 8 
37 42 56 74 66 64 45 33 90 128 116 82 76 189 236 230 223 212 198 190 210 243 240 227 202 180 161 173 178 165 162 172 129 134 142 127 136 177 197 220 245 252 252 250 235 213 216 225 232 238 148 11 16 7 2 2 2 2 2 2 3 3 3 8 
47 44 52 64 65 51 39 45 93 102 77 81 117 199 226 223 226 230 229 225 232 246 236 216 192 186 175 162 150 135 119 157 181 172 163 148 146 169 175 176 214 235 233 225 218 206 216 230 238 237 198 40 6 4 2 2 2 2 2 2 2 3 4 8 
56 52 56 74 66 40 37 56 81 62 47 66 80 103 155 195 219 234 239 231 222 196 215 206 192 207 211 195 180 160 145 149 157 175 163 159 163 177 198 208 210 222 234 227 223 228 226 219 214 218 214 101 6 2 2 2 2 2 2 2 2 2 2 2 
62 64 72 90 77 54 59 98 86 37 16 36 62 63 44 43 68 104 125 152 171 131 159 223 222 210 201 184 167 167 196 187 174 170 163 165 181 199 219 238 246 244 220 192 217 235 243 245 235 215 192 158 31 4 2 2 1 2 2 2 2 2 2 2 
52 54 63 91 79 62 84 98 65 29 8 17 68 91 70 52 48 52 50 27 31 23 61 148 175 140 104 92 78 133 222 231 205 163 129 159 182 208 234 246 239 206 195 205 221 233 234 239 242 234 195 128 53 9 5 2 2 2 2 2 2 2 2 2 
52 50 60 88 70 63 101 74 35 35 39 39 64 99 80 48 28 14 52 23 28 51 64 79 81 61 61 40 52 127 206 218 156 125 117 160 172 177 184 195 161 148 164 189 203 216 217 206 181 132 64 27 25 10 5 5 2 2 2 2 2 2 2 2 
50 36 36 78 68 75 93 38 6 3 8 30 57 76 71 40 26 38 63 65 71 88 71 81 78 65 53 13 41 117 143 157 152 141 126 162 177 179 178 169 118 100 40 47 62 60 46 43 25 5 9 13 7 17 4 4 3 2 2 2 2 2 2 2 
54 55 52 79 69 64 62 21 9 21 35 55 66 72 70 73 92 107 78 83 83 65 38 42 78 79 21 3 28 120 144 161 171 160 137 166 183 186 191 178 65 76 65 13 19 19 9 5 16 14 7 10 5 10 13 2 2 2 2 2 2 2 2 1 
44 62 65 82 75 41 41 40 55 90 103 106 103 80 47 37 48 63 61 64 53 38 44 75 108 54 8 3 13 102 163 182 186 180 159 173 196 199 207 173 21 20 90 41 14 13 20 26 19 14 14 14 6 2 14 7 2 2 2 2 2 2 2 2 
5 10 14 48 48 25 37 64 74 66 46 34 25 23 28 20 40 66 58 61 37 26 31 81 83 22 4 3 11 41 159 199 202 203 183 185 213 218 229 164 11 3 62 105 39 8 2 7 18 27 25 17 5 2 5 14 3 2 2 2 2 2 2 2 
3 7 34 85 58 14 10 9 8 7 7 12 18 26 37 60 79 69 45 17 4 17 68 72 25 17 4 5 8 4 76 204 216 222 205 201 225 229 237 128 4 12 65 85 64 32 22 9 4 4 9 18 22 17 7 10 9 2 2 2 2 2 2 2 
3 21 88 106 32 11 16 28 29 20 20 21 19 20 43 64 46 28 45 35 52 86 99 25 9 22 9 5 7 10 28 147 221 231 224 214 235 239 228 77 11 47 25 20 72 40 25 31 35 6 2 2 3 11 18 19 21 5 2 2 2 4 12 23 
9 25 75 58 7 5 9 26 50 33 9 4 4 11 38 50 50 55 57 63 69 76 66 8 5 30 11 12 20 25 29 59 186 238 236 219 239 236 144 23 46 31 4 5 65 71 46 41 58 34 4 2 2 2 2 5 15 15 16 17 30 50 65 70 
33 22 37 32 4 2 3 6 33 56 38 17 13 24 18 19 23 25 30 61 71 45 43 29 25 40 16 4 8 6 10 21 58 196 232 216 193 122 33 41 35 5 8 11 59 54 9 8 18 34 39 18 9 4 6 14 24 35 48 50 48 44 36 21 
11 5 10 21 4 3 6 12 26 44 34 14 5 5 6 4 6 19 32 41 46 34 24 26 4 10 26 3 5 5 9 19 5 39 81 117 54 12 11 42 9 2 4 26 32 40 36 12 9 8 25 23 24 29 30 39 40 33 23 11 5 4 3 2 
2 2 3 11 8 10 10 10 8 6 3 2 2 4 5 2 4 15 19 30 34 37 24 42 12 2 20 10 4 6 8 16 2 3 5 20 20 2 8 35 3 2 2 27 12 32 28 9 12 19 33 44 41 26 15 15 20 18 10 5 2 2 2 2 
3 2 2 17 31 7 2 2 1 2 2 2 2 4 4 2 4 8 5 4 30 45 40 49 24 7 11 20 6 6 7 12 2 3 8 28 7 2 12 28 3 2 7 23 10 32 22 24 27 23 16 9 21 13 3 3 3 4 7 10 8 5 2 2 
2 2 6 19 24 6 2 1 2 2 2 2 2 6 3 2 3 3 2 3 25 38 41 49 37 16 11 23 22 18 12 14 3 3 23 17 2 2 15 21 10 16 24 24 18 16 8 5 8 5 2 2 3 16 11 2 2 2 2 2 2 3 2 2 
5 3 4 4 3 2 2 2 2 2 3 8 7 8 3 3 3 2 2 3 9 21 40 47 36 11 4 9 26 33 32 21 8 10 25 4 2 2 22 17 8 10 15 6 9 4 2 2 3 5 4 2 2 3 14 10 2 1 1 2 2 2 2 2 
17 4 2 2 2 2 2 2 2 2 7 11 4 3 3 3 3 2 2 2 2 7 20 23 22 4 2 3 15 13 19 21 15 21 13 5 2 2 20 8 1 4 9 5 9 3 4 2 3 5 3 2 2 2 4 14 9 2 2 2 2 2 1 2 
8 4 2 3 3 2 2 2 2 2 2 3 2 2 2 2 2 2 2 2 2 2 6 11 17 4 2 2 7 11 6 6 8 13 4 3 1 2 16 4 2 5 6 10 9 7 4 2 2 3 4 7 4 2 2 3 11 6 2 1 2 2 1 2 
22 9 2 2 2 2 2 2 7 5 2 2 2 2 2 2 2 3 3 2 2 2 3 8 10 9 2 3 3 11 8 3 13 5 2 2 2 3 11 3 2 5 10 20 8 3 2 2 2 1 6 12 4 2 2 2 2 2 2 3 9 7 2 2 
7 3 1 2 2 2 2 3 14 6 2 2 2 1 2 2 2 5 6 2 2 2 2 6 7 6 2 2 2 5 11 4 8 2 2 2 2 5 8 2 3 5 16 27 6 2 2 2 3 3 10 10 2 2 2 2 2 2 9 19 17 5 2 3 
2 2 1 2 2 2 2 7 27 11 3 3 2 4 7 11 11 3 2 2 2 2 2 4 7 3 2 2 2 2 8 5 4 2 2 2 2 4 3 2 5 7 15 27 9 3 4 9 21 15 12 9 5 4 5 5 6 17 27 13 4 2 2 2 
5 2 2 2 2 2 2 3 10 4 4 14 23 41 51 43 24 8 3 2 2 2 2 2 5 5 2 2 1 2 2 2 3 2 2 2 2 3 2 2 7 10 5 7 3 5 20 26 34 33 26 20 16 9 4 5 13 12 8 3 2 2 2 2 
18 5 2 3 2 2 2 5 12 11 23 51 59 56 39 18 10 15 7 2 2 2 2 2 3 6 4 2 1 1 2 2 2 2 2 2 2 3 2 4 6 3 2 2 2 9 27 31 31 36 32 13 24 29 14 3 3 2 2 4 2 1 2 2 