


195 160 129 122 165 196 198 197 196 179 135 60 52 55 84 109 103 53 34 31 27 24 32 27 25 24 29 60 77 55 35 37 55 55 38 35 37 109 64 36 55 60 51 68 70 67 66 61 54 110 126 88 46 33 25 25 40 96 65 32 50 44 18 11 
190 168 143 132 156 195 199 194 171 145 84 41 40 71 70 67 65 44 35 42 50 46 37 29 24 31 48 51 45 50 54 53 53 54 50 44 42 106 75 35 31 34 45 69 55 37 42 44 57 92 105 81 64 62 32 13 23 46 33 17 20 16 12 9 
198 179 145 103 117 172 174 172 108 70 41 59 66 57 87 79 67 36 27 35 43 49 36 27 24 27 39 33 19 28 43 44 41 42 40 33 33 101 78 36 39 47 47 70 63 37 45 55 69 87 99 112 156 158 125 39 6 8 9 10 10 9 8 7 
203 199 184 135 81 126 157 106 87 57 31 63 85 53 75 61 67 55 30 25 25 28 25 25 35 38 36 31 37 37 30 32 34 34 36 36 36 92 78 35 30 28 37 43 45 33 39 41 44 49 79 125 145 132 88 31 7 6 6 7 9 10 9 8 
205 204 199 181 92 57 123 97 72 54 37 57 88 57 42 47 55 49 33 30 28 29 26 26 28 29 32 36 33 21 20 29 31 31 32 34 35 70 65 21 23 27 36 33 36 44 46 50 39 33 51 97 106 90 44 20 16 13 7 7 8 9 11 17 
205 205 204 193 114 59 54 71 66 51 40 56 78 64 36 54 65 54 32 34 32 23 24 27 29 36 28 25 22 21 27 31 26 28 32 32 33 55 60 20 20 25 35 39 31 47 53 44 41 64 85 105 102 107 116 128 113 75 30 11 8 8 20 55 
206 206 206 204 166 94 66 71 62 49 48 80 61 46 45 48 72 54 30 28 27 24 27 28 29 29 31 34 30 27 27 29 28 34 48 54 56 84 99 53 41 40 60 46 31 43 53 57 70 100 116 106 100 111 132 152 151 111 63 12 8 12 45 86 
207 207 207 207 187 131 85 75 73 54 61 65 63 46 57 34 40 39 25 27 32 30 26 29 32 31 32 33 26 26 30 32 30 32 43 57 62 90 108 61 52 63 79 68 54 60 50 61 72 90 113 101 87 82 101 120 138 119 43 10 14 22 71 107 
208 208 208 207 206 190 119 74 69 61 39 54 50 32 43 30 30 47 37 30 32 30 24 28 30 27 32 31 30 40 30 29 43 56 63 67 64 71 91 65 59 62 67 72 72 82 87 91 96 103 105 93 75 82 104 111 108 99 61 49 71 78 103 131 
209 209 209 208 208 207 191 137 90 66 34 36 37 29 28 22 31 66 52 42 38 41 31 39 44 45 42 36 48 69 64 41 35 55 75 86 87 77 61 59 56 48 44 49 51 53 79 99 111 98 88 88 74 89 85 82 76 89 122 76 62 58 91 129 
210 210 209 209 208 208 205 188 135 81 45 34 32 38 33 26 28 48 49 39 34 30 29 28 33 44 41 47 55 55 77 73 60 52 55 62 65 69 55 47 44 46 42 43 40 31 35 42 55 61 61 58 67 81 64 48 51 101 140 54 37 35 39 70 
211 211 210 209 209 208 206 202 199 167 93 48 35 30 29 27 26 26 30 36 32 29 29 25 26 31 87 179 177 120 95 71 61 62 52 49 56 54 55 59 55 43 38 41 39 33 29 28 38 49 74 120 153 163 143 98 73 155 142 51 39 37 35 53 
212 211 210 209 209 208 206 198 189 171 126 92 51 48 43 29 24 24 25 28 29 29 27 27 34 41 155 210 186 148 108 98 101 104 124 142 149 139 128 109 92 68 40 37 41 33 41 54 83 129 171 178 168 161 163 152 121 125 121 43 37 45 43 64 
211 212 212 210 209 207 203 174 139 119 98 77 50 40 38 28 24 24 20 22 25 25 28 31 35 54 179 198 171 194 176 177 204 208 208 216 218 214 206 198 190 174 136 97 68 70 118 155 176 185 171 153 128 123 140 150 144 114 83 47 48 54 55 69 
212 211 212 210 204 195 168 105 64 37 36 35 29 31 36 31 41 36 29 26 25 23 26 28 35 100 202 204 204 204 203 202 208 211 209 216 219 213 206 199 194 193 193 189 165 140 164 171 171 159 152 157 124 135 152 158 145 113 92 56 62 69 70 74 
212 211 209 195 165 132 96 46 55 61 48 26 23 26 30 31 45 40 36 26 23 22 24 47 103 148 136 100 131 172 186 198 205 206 209 213 213 208 202 195 189 189 188 181 175 171 183 185 170 160 174 179 175 167 172 158 117 109 111 96 105 121 131 139 
212 202 161 121 86 46 40 49 55 41 29 27 34 36 36 39 36 36 33 28 27 25 24 24 31 33 33 37 35 58 80 131 198 208 209 204 198 209 204 191 194 197 194 188 173 132 126 158 179 166 174 181 179 170 162 130 81 131 156 157 162 165 163 161 
196 148 105 72 52 51 62 74 42 23 36 68 46 51 67 65 38 28 24 23 25 23 25 21 23 21 23 32 43 53 58 66 137 185 193 112 93 154 122 83 148 196 188 176 161 137 161 180 182 172 170 178 165 135 131 110 94 152 159 129 133 136 133 128 
199 155 75 63 75 73 100 107 39 34 69 83 54 45 40 42 26 15 16 15 18 24 47 43 28 20 21 28 52 71 77 84 96 115 113 29 25 25 17 17 30 57 61 86 96 83 90 128 159 172 167 158 143 138 140 133 150 169 156 120 113 129 140 137 
206 191 149 110 100 90 163 146 74 52 75 72 59 42 32 33 28 27 36 32 30 52 94 68 38 25 25 51 106 137 144 149 153 156 142 52 22 12 8 13 8 7 10 11 13 22 33 37 57 111 156 145 140 147 146 147 173 155 128 136 121 128 136 134 
209 209 203 179 140 142 174 151 88 55 60 64 51 46 63 58 44 44 45 34 49 55 95 98 71 43 27 46 104 142 150 155 160 165 168 151 90 37 13 6 9 12 13 15 17 20 21 22 36 47 76 104 145 149 125 131 169 156 121 139 148 146 139 139 
210 209 208 204 192 188 180 130 115 76 64 56 51 54 68 65 74 69 48 31 43 63 104 105 68 61 38 34 52 111 150 156 161 166 170 172 172 145 59 15 13 12 18 26 26 26 25 22 23 24 26 39 70 105 85 131 163 155 135 123 132 152 159 156 
210 209 208 206 204 200 178 140 136 95 62 60 56 54 68 69 88 82 58 35 46 73 106 100 87 72 56 44 30 42 85 125 147 162 171 176 177 179 162 98 46 23 24 24 26 27 27 25 22 21 23 40 39 36 72 120 144 142 135 145 147 155 163 163 
210 210 209 208 205 201 190 179 151 130 86 52 55 69 91 72 64 66 49 37 37 55 79 97 104 62 69 64 45 50 69 97 123 156 173 177 178 179 180 179 162 98 45 26 24 25 25 24 23 19 19 25 33 25 43 63 98 111 141 177 171 154 160 150 
209 208 208 206 204 203 201 198 185 172 119 67 62 88 95 70 53 74 92 69 46 39 78 109 120 111 97 92 60 59 45 64 89 112 132 135 128 141 146 126 117 108 69 40 31 25 23 22 21 20 21 25 27 21 20 35 82 132 167 177 181 177 152 122 
205 203 205 205 205 204 204 203 202 190 131 91 91 83 86 91 73 59 89 93 69 57 54 78 85 94 75 78 50 52 43 54 58 55 67 98 135 145 104 41 26 22 15 19 30 36 27 24 23 26 22 23 23 21 17 22 89 148 134 123 156 178 181 159 
206 203 205 205 206 205 205 204 205 194 153 111 87 76 77 88 72 57 74 75 89 94 59 77 89 126 105 82 68 62 48 56 107 129 99 121 156 154 126 81 41 22 18 20 20 28 34 34 28 24 24 25 22 21 21 19 27 60 51 31 85 162 181 184 
207 204 205 206 206 206 206 206 205 198 176 180 156 141 107 120 128 134 140 142 109 133 132 99 110 109 168 153 139 107 105 135 120 154 173 180 181 173 145 116 67 27 21 22 18 18 26 36 40 30 24 23 25 23 22 28 33 26 22 28 74 125 170 180 
208 206 206 208 208 207 206 207 207 205 191 199 200 196 193 174 169 173 185 194 179 170 167 136 137 115 132 159 185 179 161 179 182 182 180 184 184 181 171 148 111 66 33 23 21 17 28 31 45 44 46 47 59 70 40 25 27 23 21 22 36 80 145 163 
209 207 205 208 208 207 207 208 207 206 203 204 206 206 205 204 202 199 198 201 199 198 196 193 180 186 178 179 187 190 189 189 188 188 181 183 184 182 180 167 128 76 42 26 23 19 17 19 35 67 71 68 98 160 124 44 16 20 28 26 25 31 80 146 
209 209 206 208 208 208 208 208 208 207 204 208 207 207 205 204 204 201 198 201 200 200 198 198 196 195 191 192 193 192 190 189 189 188 182 183 184 182 180 174 147 79 38 28 25 22 21 72 110 110 73 60 124 171 138 54 20 15 40 77 74 64 60 94 
210 210 208 209 209 209 209 209 209 209 205 208 208 207 206 205 205 203 198 202 202 201 199 199 198 197 193 193 193 193 191 191 190 189 182 182 184 181 179 173 158 126 82 46 29 25 25 82 126 121 71 84 156 157 87 40 38 43 35 76 95 100 105 155 
212 212 208 209 210 210 210 210 210 210 206 208 209 208 206 205 205 204 198 202 202 202 201 200 199 198 195 193 195 194 192 192 191 190 184 183 183 181 178 170 132 107 87 53 43 38 29 50 135 123 96 136 141 108 38 22 31 49 62 65 84 92 97 147 
213 213 211 210 211 211 210 211 211 211 207 208 209 209 208 206 206 205 199 202 203 203 202 201 200 199 196 194 195 194 193 192 191 190 185 183 183 180 175 154 106 56 43 34 37 35 33 39 121 124 107 131 104 52 29 21 30 37 41 55 58 60 60 96 
213 213 211 210 211 211 211 211 211 211 208 208 210 209 208 207 206 206 200 202 203 203 202 201 201 200 197 194 195 195 194 193 192 190 186 183 181 176 161 101 53 35 28 26 28 29 28 25 56 95 84 95 47 31 29 30 32 31 26 27 32 34 32 32 
213 214 212 211 212 212 212 212 212 211 210 208 210 209 209 207 207 207 202 202 203 203 203 202 201 200 199 194 195 195 195 193 192 191 186 183 179 150 96 72 40 34 27 26 26 24 23 22 20 27 39 47 41 38 34 30 28 31 29 31 33 36 37 34 
213 213 213 211 212 213 212 212 212 211 211 208 211 210 209 207 206 206 203 201 204 203 203 202 202 201 199 194 196 197 195 194 193 191 187 179 162 129 78 60 46 39 30 23 24 22 21 23 23 23 38 73 68 57 56 44 34 32 31 32 29 27 27 33 
214 214 214 213 213 214 213 213 213 213 212 211 211 211 210 209 209 208 207 205 207 206 205 204 204 203 201 198 198 198 197 197 195 192 188 166 136 118 114 91 52 31 23 22 22 21 24 24 22 23 26 41 68 60 54 55 42 36 31 33 30 27 31 49 
213 212 210 210 212 211 211 211 210 209 206 203 206 206 206 205 205 204 201 201 203 202 201 199 198 197 193 189 193 193 193 193 191 189 177 160 136 121 102 68 39 27 23 23 20 19 20 19 25 26 23 23 46 60 60 57 54 50 40 33 37 45 35 62 
209 208 204 207 208 208 208 208 207 205 197 201 202 202 201 201 201 199 194 196 197 196 195 194 193 192 185 186 189 189 188 187 184 165 130 106 87 77 76 59 39 26 22 21 16 25 28 26 23 19 18 21 29 37 57 71 53 52 48 40 33 34 41 64 
208 203 206 207 207 207 207 206 206 200 199 202 203 203 201 201 201 195 193 196 196 195 194 193 193 190 182 187 188 187 187 185 175 133 109 97 80 69 62 55 42 21 21 22 29 32 25 24 24 22 19 23 47 64 68 60 41 36 48 47 40 33 31 45 
202 204 209 209 209 208 207 207 203 199 203 203 204 203 202 201 199 193 197 197 196 194 193 192 192 186 185 187 187 187 186 185 177 149 118 90 63 102 123 97 69 36 31 28 36 29 20 17 20 26 20 18 20 23 26 28 26 27 49 39 29 25 20 23 
205 212 213 211 210 209 209 208 202 205 205 205 205 204 204 203 196 197 199 198 197 196 195 194 192 185 189 189 189 188 188 187 173 119 87 72 105 128 76 60 50 36 42 29 22 13 10 11 12 11 13 14 14 18 21 25 26 26 36 40 48 59 69 78 
213 214 213 212 211 210 210 204 205 206 206 206 205 205 204 200 195 201 200 199 198 197 196 195 189 188 191 191 191 191 190 188 153 80 82 70 106 61 32 23 18 14 44 65 41 12 7 8 12 18 25 35 46 60 71 86 98 107 111 109 103 106 108 108 
212 212 212 211 210 209 205 203 207 206 205 204 204 203 202 196 199 200 199 198 197 196 195 193 186 190 192 186 174 159 142 117 69 33 25 17 14 9 8 8 8 49 146 165 158 100 22 19 40 56 68 87 105 107 107 106 104 105 110 115 120 126 118 103 
212 212 211 210 210 208 202 205 206 205 205 204 204 203 198 197 201 200 199 198 198 196 196 186 172 158 118 76 51 40 24 15 12 6 3 3 4 4 5 6 45 122 162 177 172 144 48 14 14 23 49 75 93 105 114 117 117 116 113 100 83 86 82 81 
213 212 211 211 209 204 205 207 206 206 205 204 205 203 197 202 202 201 200 199 198 179 137 79 49 28 18 20 18 16 14 11 8 4 3 3 3 5 5 6 61 142 152 163 160 142 67 21 44 88 120 132 137 132 126 122 117 118 107 112 119 123 132 122 
212 211 211 209 205 205 208 208 207 207 206 205 206 200 201 204 203 202 202 197 138 60 29 21 19 15 16 13 11 13 10 6 4 3 3 3 3 5 8 19 48 106 156 153 151 146 97 62 88 107 117 124 139 124 113 124 125 144 153 159 167 173 176 177 
212 211 210 207 204 208 209 208 208 208 208 206 203 199 205 205 204 203 201 133 35 24 19 17 12 15 19 14 10 10 7 4 2 2 2 3 10 35 74 106 105 88 134 162 155 145 113 73 90 111 131 160 179 165 139 122 114 113 116 115 123 135 143 152 
212 211 209 204 208 209 209 209 208 207 207 206 199 202 205 205 203 201 164 50 20 17 14 14 11 11 13 14 14 11 7 3 2 2 3 10 86 167 186 177 167 141 109 163 162 151 127 109 131 161 170 158 147 130 112 101 109 114 113 113 123 125 123 124 
212 211 206 207 209 209 209 208 208 203 186 193 187 185 166 151 145 150 53 20 16 15 16 12 12 13 13 12 12 12 8 3 3 3 19 83 160 172 164 117 107 126 84 123 149 142 129 135 176 170 142 123 108 101 103 107 111 113 111 111 114 119 121 126 
209 207 205 209 209 209 209 208 186 123 95 140 143 93 39 28 39 49 22 19 16 15 17 11 8 10 13 11 10 13 16 25 42 74 129 163 156 140 118 107 114 121 93 70 95 102 99 102 118 108 99 96 96 101 111 133 148 152 152 147 138 138 129 129 
208 204 208 209 209 209 208 185 101 85 113 108 115 146 85 26 16 31 25 19 18 14 14 14 19 29 46 68 101 132 145 155 163 168 165 157 153 137 129 128 133 144 113 77 99 97 82 79 85 92 94 96 109 138 166 174 173 171 168 164 137 114 112 116 
203 207 209 208 209 209 206 130 68 102 127 105 95 68 48 27 14 31 60 66 60 61 74 86 121 146 165 176 180 185 185 183 174 163 155 144 133 129 127 127 148 175 120 88 144 153 145 123 96 94 102 131 166 180 180 178 176 172 159 140 133 124 100 97 
206 208 207 208 208 208 202 105 57 115 84 65 61 49 39 35 24 38 99 153 153 150 153 154 169 181 186 185 182 179 174 171 161 141 119 102 95 91 148 177 189 190 128 79 124 146 141 127 109 122 154 180 183 182 181 179 177 172 159 125 101 88 73 78 
207 207 208 208 208 208 206 135 60 101 79 72 81 79 57 38 27 35 122 172 165 153 150 148 163 182 184 183 179 165 151 134 113 71 50 45 53 101 189 191 193 194 177 110 75 82 80 108 126 179 180 185 184 182 181 179 177 173 155 112 111 133 118 120 
207 207 208 208 207 207 207 194 131 122 123 114 111 78 34 16 15 36 107 170 165 157 148 145 149 153 136 125 100 81 66 39 38 48 71 113 159 190 196 189 193 193 193 184 162 147 136 152 177 187 180 185 184 182 180 179 176 164 120 98 120 128 122 111 
206 206 207 207 207 207 207 202 200 203 202 200 196 170 111 66 62 101 156 186 151 114 108 79 66 88 66 59 63 82 95 112 134 160 188 196 197 197 195 188 194 193 192 192 191 191 191 190 189 186 179 185 183 182 179 177 173 142 96 95 118 109 126 109 
206 206 206 206 206 206 204 199 205 205 205 205 205 205 203 193 190 193 201 205 204 193 176 165 163 165 178 185 184 197 199 199 198 197 197 197 197 197 193 190 194 193 193 192 192 191 191 190 188 185 180 184 182 180 177 170 145 109 93 102 109 109 115 108 
205 205 205 205 205 205 199 202 205 204 204 204 205 205 205 205 204 198 203 204 203 203 203 202 201 201 202 196 195 200 200 200 197 197 197 197 196 196 190 191 193 192 192 192 191 191 190 189 188 183 172 177 170 153 140 117 98 105 103 114 119 111 113 117 
204 204 204 204 204 201 198 203 203 203 203 204 205 205 204 205 200 199 202 202 202 202 202 202 202 202 201 192 198 200 199 198 197 197 196 196 196 196 187 191 192 192 192 192 191 190 189 188 186 179 163 159 146 130 117 110 105 103 104 108 107 107 111 115 
202 203 203 203 203 197 201 203 203 203 203 203 204 204 204 203 197 201 201 201 202 202 201 201 201 201 198 191 199 199 199 198 197 196 196 196 195 194 186 192 192 191 191 190 190 189 186 182 177 165 154 153 152 149 139 128 119 113 123 122 118 124 129 125 
202 202 202 202 198 197 201 201 202 202 202 203 203 203 203 199 197 201 201 201 201 201 201 201 201 201 194 194 199 198 198 198 197 195 194 194 195 192 186 193 192 191 190 190 189 188 187 185 179 167 161 162 154 152 148 137 126 100 128 111 126 121 127 129 
201 201 201 200 194 200 200 200 201 201 201 201 202 202 202 195 200 200 200 200 200 200 200 200 200 200 190 196 198 198 197 197 196 194 194 194 195 190 188 193 192 191 190 190 189 188 188 186 184 165 163 158 149 148 143 143 115 107 136 110 137 121 129 138 


180 153 131 120 154 180 181 181 180 167 139 74 63 65 94 125 122 75 52 43 36 30 36 31 31 28 26 51 68 47 28 31 50 50 31 29 35 125 69 38 59 64 55 75 77 75 72 65 54 90 102 66 43 37 35 36 34 77 53 29 43 40 21 15 
176 160 139 128 144 178 182 178 159 140 95 57 56 81 88 87 83 63 56 54 48 43 35 41 40 36 38 38 38 37 36 37 39 39 41 56 61 126 78 33 32 33 46 79 62 40 46 48 61 80 80 59 52 68 66 43 32 27 40 33 27 32 18 15 
183 169 142 110 115 159 162 161 111 85 66 78 83 73 96 92 81 51 44 44 46 48 36 48 47 40 30 31 35 34 30 31 30 31 43 75 71 125 84 32 30 30 39 78 66 31 40 53 67 79 89 56 80 117 107 59 29 22 19 22 27 21 14 14 
187 183 172 136 92 121 146 107 93 72 54 78 98 70 88 82 90 74 40 31 32 37 40 38 31 31 33 34 49 50 33 30 31 31 34 37 38 106 86 25 22 20 24 31 37 23 31 35 38 42 40 18 54 82 71 49 30 25 21 20 20 21 21 19 
189 188 185 170 101 72 119 98 79 68 54 70 98 70 61 69 79 73 52 43 41 44 41 39 38 43 54 61 61 38 34 45 46 44 46 47 51 91 85 41 39 24 26 30 33 36 42 48 34 31 33 12 20 32 31 29 30 28 27 22 15 13 16 22 
189 189 189 180 117 78 74 77 72 61 54 66 87 77 56 72 82 70 50 54 48 37 38 43 48 52 43 41 42 39 41 45 42 43 44 45 49 75 90 63 59 30 31 49 36 44 55 43 33 55 56 10 7 12 27 61 74 62 40 26 17 16 23 41 
190 190 190 189 159 106 87 81 71 59 57 87 71 59 63 63 83 66 48 47 44 40 41 44 50 40 46 53 50 44 39 42 43 49 55 60 69 100 121 70 50 39 57 42 23 38 52 51 65 85 43 8 7 11 17 52 87 84 63 31 20 25 40 65 
192 191 191 191 175 128 97 88 80 63 67 71 71 56 72 47 52 56 41 53 60 51 38 42 50 43 47 49 40 41 49 53 48 47 55 69 79 106 128 86 77 64 78 74 49 59 65 78 77 58 14 9 8 16 24 14 50 80 58 30 24 38 57 82 
193 193 192 191 191 178 126 95 85 72 48 60 61 41 55 45 44 68 57 53 56 45 33 37 41 38 44 43 46 56 43 42 57 72 79 84 85 85 106 80 78 60 59 74 72 86 106 110 106 61 10 12 26 76 105 65 49 65 71 69 92 99 87 104 
193 193 193 192 192 191 177 135 103 82 47 46 51 42 36 33 43 82 69 62 56 58 44 50 54 55 56 52 67 90 80 51 47 70 84 87 88 73 57 55 51 41 34 37 41 47 78 100 108 66 13 31 66 96 93 88 80 93 119 81 73 68 80 105 
193 193 194 193 193 192 190 175 135 92 60 52 46 51 43 33 39 61 65 57 50 42 46 40 45 51 51 61 71 72 87 71 57 44 43 44 44 43 33 29 29 33 28 29 30 23 25 31 38 38 27 34 70 86 69 53 57 98 127 54 43 41 42 63 
194 194 194 193 193 192 190 186 184 157 100 67 53 45 42 37 36 37 42 52 52 55 54 37 36 45 99 186 185 132 107 74 47 41 37 34 38 36 35 35 33 29 27 28 26 22 21 19 23 31 56 108 147 155 136 95 73 149 140 59 56 57 53 65 
195 195 194 193 193 192 190 182 177 162 130 105 75 66 57 45 36 37 36 46 45 48 44 39 33 46 158 213 190 157 117 104 96 95 118 142 152 144 127 98 76 51 31 28 27 23 32 46 76 118 161 169 156 151 149 137 110 120 121 55 52 59 56 73 
194 195 195 193 193 192 188 166 142 126 110 92 73 65 57 43 37 34 27 34 42 45 47 46 48 65 180 200 174 197 180 181 212 218 218 226 229 225 216 208 199 180 140 95 63 69 113 150 170 177 159 139 115 111 123 131 128 104 92 65 62 63 63 75 
195 194 195 193 189 182 160 115 83 61 57 53 51 53 53 48 55 48 46 44 40 35 38 43 52 106 197 200 199 201 204 205 215 219 218 225 229 223 216 209 204 203 202 196 172 142 160 166 162 150 144 153 125 129 137 140 127 113 109 61 59 61 61 69 
195 195 193 181 158 135 107 72 75 80 72 54 43 47 43 44 67 65 60 41 35 35 41 60 109 149 140 111 135 172 187 200 207 210 214 219 220 216 209 202 197 198 196 187 179 168 174 179 165 162 180 183 177 165 162 143 104 111 122 94 92 102 111 119 
194 186 158 131 107 78 72 79 83 76 64 57 55 59 50 60 60 61 57 50 46 38 36 35 38 45 52 58 52 76 96 141 198 210 213 211 190 167 170 176 193 197 199 195 181 135 119 148 175 168 179 187 182 163 149 111 68 103 130 129 135 139 137 135 
179 143 114 95 82 83 91 98 82 62 63 83 67 67 88 89 56 43 34 37 36 33 36 29 32 33 38 49 59 71 77 84 144 187 199 163 112 94 110 130 135 120 142 165 160 128 141 165 168 166 170 182 165 118 107 86 77 137 147 112 109 111 106 103 
182 149 100 97 103 98 116 121 74 58 85 96 73 62 55 57 37 20 21 20 25 34 55 52 38 31 29 39 65 83 89 96 106 124 138 117 86 103 123 97 102 90 74 106 98 78 66 108 141 154 157 153 143 128 116 110 126 131 124 97 92 125 146 130 
202 190 159 130 119 107 167 153 86 65 96 98 83 57 45 45 41 34 42 38 38 64 105 79 50 36 35 65 124 155 160 165 169 171 168 122 86 119 118 99 107 105 95 108 112 106 92 72 70 101 134 128 131 135 127 130 149 106 81 93 96 111 122 99 
211 210 205 184 149 148 177 157 97 70 85 92 78 58 70 66 60 60 59 45 59 66 102 104 81 55 40 60 114 148 156 161 166 171 174 166 135 121 109 110 111 110 107 106 111 112 118 115 103 89 94 98 126 136 118 122 144 117 75 98 119 123 119 116 
211 211 210 206 195 191 183 136 120 82 87 84 80 72 74 70 80 79 68 45 56 72 110 112 81 74 54 55 69 117 153 160 165 169 173 177 178 168 127 105 105 108 102 97 97 95 80 82 85 88 96 99 98 103 85 113 131 114 93 93 109 136 142 138 
211 211 209 208 206 202 183 145 141 99 73 83 84 78 82 81 100 95 77 59 65 84 114 113 103 94 80 68 48 57 96 131 152 166 175 179 181 184 176 145 119 102 77 80 83 84 81 75 74 69 70 82 81 67 76 101 111 105 114 138 129 135 142 142 
211 211 210 209 207 204 193 183 155 134 93 68 76 87 103 97 91 96 84 76 68 73 88 103 113 78 84 78 61 63 78 106 130 161 176 180 183 184 185 185 176 137 88 73 78 76 80 79 74 63 51 56 72 78 68 59 83 94 127 169 159 132 138 126 
207 206 206 205 203 201 199 196 184 171 123 79 74 98 103 88 85 99 115 95 72 58 84 110 122 113 103 99 75 72 58 75 98 119 136 140 134 144 149 134 125 115 86 73 74 74 77 78 75 70 54 58 79 76 65 47 70 113 147 160 170 169 134 98 
187 185 188 188 187 186 186 186 184 173 123 96 96 89 90 94 92 76 101 106 79 62 61 81 86 93 81 86 68 69 60 65 68 67 78 101 130 137 108 61 44 34 22 30 53 67 73 75 77 75 78 80 82 80 86 66 85 128 114 108 139 166 176 152 
186 182 185 187 187 186 185 185 185 175 139 108 93 87 81 88 80 70 76 82 88 90 63 78 92 120 106 91 82 77 64 68 108 126 103 121 148 146 127 93 56 36 28 26 30 44 61 75 82 79 82 79 78 82 84 89 77 69 51 41 83 147 170 181 
187 184 185 187 187 187 187 187 186 180 159 163 143 135 108 114 120 124 128 130 104 122 122 93 105 108 153 143 133 108 104 129 120 145 158 165 168 161 141 119 79 45 35 32 28 31 37 50 73 78 73 75 80 86 87 79 82 70 42 33 73 116 156 172 
188 186 186 188 188 188 187 188 188 185 172 181 181 179 176 160 155 158 169 177 165 155 153 126 125 113 126 148 169 166 150 164 167 167 164 168 170 168 159 142 114 81 49 40 35 28 33 34 46 55 61 67 87 109 100 90 80 82 76 49 40 76 130 146 
189 187 185 188 188 188 188 189 188 187 183 185 188 187 186 185 183 181 179 182 182 180 178 175 164 170 163 164 171 175 174 174 173 172 166 169 170 168 166 154 125 88 59 45 43 32 27 26 38 66 76 76 94 149 127 68 40 42 45 39 28 30 73 131 
189 189 185 188 188 189 189 189 189 188 185 189 189 188 187 187 187 184 180 183 183 182 180 180 179 178 173 174 176 177 175 174 174 173 167 169 170 168 166 161 138 90 61 51 46 40 33 55 74 78 75 73 113 155 120 51 21 14 39 71 69 60 56 86 
190 191 187 189 190 190 190 190 190 190 187 190 190 189 188 187 187 186 181 184 184 183 181 181 180 180 175 175 178 178 176 176 174 173 167 168 170 167 165 160 148 123 91 64 50 42 42 69 83 75 59 81 136 133 72 43 41 42 35 72 87 93 98 142 
192 192 188 190 191 191 191 191 191 191 187 190 190 190 189 188 187 187 181 184 184 184 183 182 181 180 177 176 178 179 177 177 176 174 168 168 169 167 164 157 127 108 92 70 69 61 50 54 106 96 78 112 120 91 41 28 35 49 58 60 76 86 89 133 
193 193 190 190 191 192 191 192 192 192 188 189 190 190 189 188 189 188 182 184 185 185 184 183 182 181 178 176 179 179 178 177 176 175 169 167 169 166 161 144 109 76 66 57 62 65 61 55 105 98 78 98 87 62 46 26 31 39 38 53 56 59 60 85 
193 193 191 190 192 192 192 192 192 192 190 189 191 190 190 189 188 188 182 184 185 185 184 183 183 182 179 176 180 180 179 178 177 175 170 167 167 162 149 108 77 64 56 48 44 49 47 44 65 84 72 78 53 51 53 45 35 32 26 26 28 28 26 24 
193 194 192 190 192 192 193 193 193 192 190 188 191 190 190 190 189 188 184 183 185 185 185 184 183 182 181 176 180 180 180 178 177 176 171 167 165 142 102 85 62 58 49 44 46 44 41 37 34 39 45 51 52 53 57 54 38 31 27 26 26 27 28 26 
193 193 193 190 192 193 193 193 193 193 191 188 191 191 190 190 189 189 186 183 186 185 185 184 184 183 182 176 179 179 180 179 178 176 172 165 151 127 95 74 58 54 46 41 44 44 42 36 32 31 39 66 71 65 69 65 56 49 40 31 25 23 23 26 
195 195 194 193 194 195 195 195 195 195 194 191 193 192 192 191 191 190 189 187 188 188 187 186 186 185 184 180 180 181 181 181 180 178 174 154 128 116 115 94 65 50 40 37 40 42 41 34 37 43 44 55 69 64 65 70 64 61 52 41 33 29 32 47 
192 192 190 190 192 192 192 192 191 191 187 183 188 188 188 187 186 186 183 183 185 184 183 181 181 180 176 171 176 177 177 176 175 173 164 150 134 124 108 84 62 52 46 41 35 33 32 31 41 47 45 44 58 70 72 72 70 70 65 55 50 49 36 59 
188 187 183 188 189 189 189 189 188 187 177 181 184 184 184 183 183 182 175 179 180 179 178 177 176 175 167 168 171 171 171 170 169 155 130 115 104 96 91 75 54 40 35 32 30 37 38 39 38 32 30 34 40 47 58 66 62 68 67 63 57 50 47 60 
188 183 187 189 189 189 188 188 188 182 181 185 185 185 184 183 183 177 177 180 179 177 177 176 175 172 164 170 171 171 171 169 162 132 118 111 97 85 76 64 52 35 40 40 41 44 41 43 37 33 31 34 55 75 75 73 53 45 62 66 65 59 55 61 
182 186 191 192 191 191 191 191 187 182 187 188 188 187 186 186 183 176 181 181 180 179 178 177 176 170 169 172 172 172 172 171 164 142 121 103 84 106 119 99 80 58 52 50 58 66 75 77 62 43 35 34 40 51 56 49 35 40 68 68 68 78 81 77 
186 193 194 195 194 193 193 192 185 188 190 190 189 188 188 187 180 182 184 184 182 181 180 180 177 170 176 177 176 175 175 174 164 124 103 92 112 125 91 87 91 95 107 107 104 95 81 61 40 31 40 50 63 68 64 64 65 75 82 80 80 83 82 80 
195 196 196 195 194 194 193 188 190 191 191 191 190 191 190 185 180 187 185 185 183 183 182 181 176 175 179 179 179 178 178 177 153 107 110 106 138 122 115 118 107 100 107 112 84 53 35 25 35 53 74 84 91 95 96 96 97 98 94 90 85 87 91 91 
195 195 195 195 194 194 189 188 193 193 192 192 191 191 190 182 186 187 186 185 184 183 182 180 173 178 179 176 167 164 164 164 156 123 109 118 126 127 122 103 78 91 148 162 153 102 39 42 56 72 84 90 85 84 86 87 87 88 92 95 100 105 99 87 
195 196 196 195 195 193 187 193 193 193 193 191 191 191 186 185 189 188 186 185 185 184 183 173 161 157 135 121 126 138 137 146 145 123 124 129 132 130 116 87 82 114 143 164 161 127 61 48 61 71 68 69 75 86 94 98 97 96 94 84 72 79 80 83 
196 196 196 196 195 189 192 194 193 193 193 192 192 190 184 189 190 190 188 187 186 169 130 91 95 112 127 141 133 124 132 138 125 114 118 117 113 98 69 55 75 123 124 138 137 122 78 60 75 82 95 105 110 106 102 100 99 105 97 108 117 120 128 119 
197 196 195 196 191 191 195 195 195 194 194 194 193 187 189 192 191 191 190 185 132 66 60 95 130 139 136 136 133 131 134 123 117 117 118 116 109 86 54 48 49 80 128 124 126 126 91 58 69 85 95 102 124 113 104 114 119 139 148 152 159 166 168 167 
196 196 196 193 189 195 196 195 195 195 195 195 192 187 192 193 192 191 190 131 54 77 103 117 120 109 106 122 127 118 112 113 114 113 107 100 85 70 75 77 65 56 108 136 130 123 100 58 72 94 115 145 170 160 134 114 111 111 114 106 117 129 134 139 
196 196 196 190 194 196 196 196 195 195 195 194 187 190 188 182 181 183 165 97 97 114 114 120 123 119 118 118 126 120 106 110 109 106 104 96 95 120 128 130 137 123 94 140 141 134 115 94 116 152 165 153 141 126 105 95 106 111 109 108 118 120 114 112 
196 195 191 193 196 196 196 196 195 194 185 177 167 157 133 120 121 135 108 104 109 110 100 106 114 118 123 125 126 118 98 93 90 87 88 95 112 119 113 87 86 112 77 103 130 127 118 126 171 164 132 112 98 91 94 101 103 102 100 100 102 107 107 110 
195 192 191 196 195 196 196 196 185 143 116 114 111 78 36 29 41 99 106 110 115 113 116 111 119 117 112 110 108 98 94 93 91 91 97 102 97 91 89 89 88 100 87 62 83 91 90 98 115 95 84 82 85 90 100 123 138 142 142 136 126 125 117 116 
193 189 195 195 195 196 196 184 132 100 117 109 115 152 91 27 18 68 101 108 112 113 106 106 97 86 85 90 95 101 105 105 102 103 102 97 98 98 102 102 108 124 101 67 86 89 79 74 75 76 80 83 99 130 161 170 168 165 162 159 137 121 118 120 
188 192 195 196 196 196 195 150 100 109 128 106 95 70 49 27 15 33 71 96 103 101 103 99 97 105 111 113 114 116 117 115 109 101 99 94 89 98 106 112 138 168 111 72 116 133 129 109 84 80 90 122 161 177 177 174 171 167 156 141 134 127 111 108 
191 194 195 196 196 196 192 130 83 117 86 65 64 53 41 36 25 33 75 109 105 101 99 100 113 125 131 131 124 117 112 109 104 93 82 83 84 85 143 172 184 184 121 69 98 125 124 111 95 110 147 177 180 179 177 176 173 167 155 128 110 103 92 95 
193 193 195 196 196 196 195 145 79 100 76 69 80 78 57 40 27 30 90 126 118 107 105 102 112 129 132 134 126 111 104 95 85 71 66 61 54 100 183 185 187 189 172 105 70 76 73 98 119 175 177 181 181 179 178 176 173 168 148 112 112 133 119 120 
193 193 195 196 195 195 196 186 134 118 116 100 94 70 32 17 16 38 90 127 120 112 104 99 104 108 101 100 89 79 78 69 69 67 79 114 156 184 190 183 188 188 188 180 159 144 135 150 174 184 177 182 181 179 178 176 172 160 115 101 119 126 123 114 
192 193 195 195 195 195 195 189 189 192 191 188 180 152 99 61 61 95 136 164 143 107 97 88 84 95 87 93 99 116 121 126 137 157 183 191 191 191 189 183 188 188 188 187 187 186 185 185 184 182 177 182 180 177 176 174 169 140 97 101 121 113 126 111 
192 193 194 194 194 194 192 187 193 194 194 194 193 194 191 180 179 180 189 194 193 186 175 170 169 171 178 181 180 190 192 192 192 191 191 191 191 191 187 184 188 189 188 187 187 186 186 185 185 182 176 180 178 176 173 166 142 109 97 108 113 113 119 113 
191 192 193 193 193 193 187 190 194 193 193 192 193 194 194 194 193 187 193 193 194 194 194 193 193 193 192 187 187 192 192 192 192 191 191 191 191 190 184 185 188 188 187 187 186 186 185 184 184 179 167 172 164 148 138 118 103 107 107 116 119 115 118 121 
190 191 192 192 192 189 186 192 192 192 192 193 194 194 193 194 189 189 193 193 193 193 193 193 193 193 192 183 190 192 191 192 192 191 191 191 190 190 182 185 187 188 187 187 186 185 184 184 183 175 154 149 139 126 117 111 108 106 107 110 110 110 113 116 
190 191 191 191 191 185 189 191 192 192 192 192 193 193 193 192 186 191 192 192 193 193 192 192 192 192 189 183 191 191 191 191 191 191 191 190 189 188 180 186 187 187 186 185 185 184 180 176 172 161 149 147 148 145 135 126 118 114 121 121 118 122 126 122 
190 189 190 191 186 185 190 190 191 191 191 192 192 192 192 188 187 192 192 192 192 192 192 192 192 192 185 185 191 190 190 190 190 190 189 189 189 186 181 187 186 186 185 185 184 184 182 180 176 164 156 157 150 148 143 134 124 103 126 111 123 120 125 124 
189 189 189 188 181 187 189 189 190 190 190 190 191 191 191 184 189 191 191 191 191 191 191 191 191 191 182 188 190 190 189 189 188 188 188 189 189 184 182 187 186 185 185 185 184 183 183 181 180 160 158 154 147 146 141 142 116 110 133 112 135 120 126 133 


70 53 46 44 56 64 67 68 68 65 99 57 49 55 84 117 110 59 34 29 26 21 21 21 23 20 18 30 37 25 16 20 37 39 23 21 29 130 68 34 55 56 48 71 74 73 70 63 48 46 49 29 36 39 46 50 41 80 58 29 39 41 27 27 
67 59 50 46 51 65 66 67 56 55 55 40 38 65 69 69 67 45 34 33 28 26 22 27 27 23 22 23 26 23 20 20 22 23 28 49 57 131 75 28 30 28 41 82 62 36 43 43 52 47 34 26 30 48 90 94 78 59 77 61 44 60 35 34 
71 63 52 40 41 56 55 60 43 38 40 59 68 59 90 82 71 37 25 25 33 37 20 30 33 27 17 23 37 31 17 17 17 19 33 73 71 130 85 26 27 25 31 77 60 24 32 39 47 56 72 42 9 9 26 61 71 57 46 56 65 50 34 33 
74 72 67 53 36 40 47 34 31 29 31 60 84 54 79 71 81 64 26 20 20 24 25 21 17 17 20 21 33 30 17 17 19 19 22 26 30 106 86 17 14 14 16 19 22 15 20 25 27 33 33 5 2 2 6 33 47 51 51 53 50 53 54 44 
76 76 76 68 40 28 38 31 25 25 28 50 84 55 44 54 67 61 36 25 25 28 27 23 23 28 37 42 41 22 22 32 31 28 30 31 34 83 82 33 32 17 17 27 27 25 32 38 22 23 26 3 1 2 5 18 25 30 38 39 27 25 31 40 
76 76 77 74 48 33 26 23 23 22 25 47 73 60 37 57 71 56 32 30 28 24 25 25 33 44 32 29 29 25 28 30 30 32 31 29 35 65 88 58 54 24 25 50 34 30 45 37 25 54 58 4 1 1 2 4 6 10 29 34 30 29 28 29 
77 77 77 76 59 39 42 38 27 23 27 68 55 38 41 46 74 52 29 26 25 24 27 28 33 27 32 37 33 29 27 28 30 41 49 55 71 103 131 74 48 36 46 33 16 27 41 42 58 86 42 1 1 1 1 1 1 7 25 42 41 46 37 45 
78 78 78 78 69 48 43 47 39 29 29 40 53 35 53 33 40 41 25 33 42 35 26 26 32 28 32 33 26 29 35 36 34 35 42 60 74 106 136 96 89 65 74 76 45 48 59 74 71 52 7 1 2 12 22 2 2 4 29 46 39 51 40 56 
78 79 80 79 78 73 57 49 49 39 24 37 44 24 39 29 29 49 38 33 37 32 22 26 30 28 33 31 39 49 31 27 45 65 72 78 78 82 111 89 88 59 54 74 71 81 106 112 108 59 2 3 17 77 113 64 38 43 67 82 104 110 67 73 
79 80 80 79 79 78 71 50 43 41 25 27 30 23 21 19 29 68 53 44 41 45 30 40 44 44 44 40 59 86 72 33 31 60 77 81 84 72 56 55 49 37 30 32 36 44 79 109 121 68 5 18 56 95 90 82 74 88 111 77 69 62 53 68 
80 80 81 80 79 79 75 63 51 37 26 26 24 32 24 21 27 47 52 41 35 28 31 27 32 40 39 52 66 66 81 55 42 33 33 33 33 33 24 21 21 24 22 23 24 19 22 26 33 30 19 24 57 72 54 39 40 84 111 40 32 30 33 42 
80 80 81 80 80 79 76 67 70 56 36 31 29 25 24 22 23 24 30 38 35 42 43 25 24 32 91 191 191 140 114 70 37 32 29 28 30 29 27 26 24 21 21 22 19 18 17 15 16 22 47 100 139 147 128 85 57 137 138 64 63 65 66 70 
81 80 81 80 80 78 75 64 61 52 35 32 37 41 38 26 21 23 24 32 31 34 29 24 22 35 153 214 190 162 125 106 93 95 121 148 157 150 132 100 74 45 27 23 21 19 26 41 69 110 153 162 147 142 139 125 101 113 122 66 59 64 61 71 
80 80 81 80 79 77 73 53 38 32 25 24 34 35 33 25 21 21 17 22 25 28 31 30 31 50 161 187 165 193 183 183 218 227 230 238 241 239 229 221 213 191 149 100 63 74 113 149 167 171 148 124 100 95 100 102 105 88 96 78 74 72 69 76 
78 79 80 79 75 68 53 29 17 12 12 14 18 28 29 27 36 34 31 29 24 21 23 25 31 80 140 162 163 177 195 203 218 226 228 237 242 237 230 222 215 214 212 204 182 145 159 164 157 140 134 147 122 127 121 97 82 92 115 59 53 49 49 57 
75 77 75 67 54 45 31 17 17 22 23 20 18 23 23 30 52 51 47 27 19 20 23 35 72 97 83 76 107 146 169 187 202 208 216 225 227 223 216 210 205 207 205 193 183 164 168 177 162 153 173 181 178 160 145 108 73 100 124 86 76 79 88 96 
71 67 56 51 40 27 25 27 28 29 23 21 24 31 33 43 42 43 39 31 28 25 23 20 24 29 34 40 39 62 82 124 187 208 214 210 176 140 130 143 189 200 203 200 187 136 110 139 171 150 149 167 175 146 121 79 50 80 103 99 106 110 107 106 
58 40 32 32 31 34 36 34 32 25 20 27 32 45 70 68 39 27 20 23 25 23 25 21 23 23 27 35 50 62 69 77 131 174 187 125 54 34 42 67 91 72 75 128 146 110 114 144 150 158 161 176 159 80 63 42 54 124 137 92 77 75 69 66 
63 49 35 41 46 38 48 46 29 22 31 39 42 39 37 42 24 11 12 13 15 23 43 40 27 21 19 27 55 78 83 90 98 112 111 48 34 40 54 41 38 26 27 52 65 66 50 79 104 123 143 149 142 111 79 68 98 110 105 76 67 115 148 124 
164 156 130 95 81 71 140 123 54 34 60 62 49 31 23 25 22 23 35 30 29 57 101 70 38 25 26 60 130 164 169 174 179 182 168 66 27 45 42 37 37 33 27 36 36 44 44 33 40 62 92 103 117 121 98 101 118 73 51 58 66 94 113 77 
204 203 198 172 132 131 167 142 70 37 52 60 46 35 42 37 36 44 43 30 39 47 78 81 61 38 28 47 98 134 144 154 163 169 172 154 91 48 30 33 34 33 32 32 37 44 55 49 52 43 49 60 91 119 111 106 102 70 32 49 69 91 98 96 
206 205 204 201 187 182 173 115 98 51 52 52 49 44 48 41 49 52 43 27 36 46 81 89 64 56 38 39 49 93 129 141 151 160 166 171 172 147 65 26 26 28 30 34 37 40 59 65 51 47 40 40 51 81 83 83 80 64 48 49 64 97 113 113 
206 206 204 202 200 196 170 125 119 70 42 50 50 47 51 45 57 51 35 31 41 54 85 92 85 74 57 45 28 35 70 106 133 152 164 172 175 178 163 102 51 28 19 22 27 31 28 24 26 30 25 17 20 33 72 65 58 52 78 125 108 112 116 111 
205 205 204 202 200 196 182 170 137 107 62 35 39 56 72 56 44 47 33 29 26 33 51 74 88 57 62 58 40 39 51 80 109 146 164 171 175 177 179 179 161 91 29 16 20 24 21 19 18 20 21 16 16 17 37 43 52 59 103 162 148 107 116 100 
186 186 184 181 178 174 169 166 150 134 82 38 30 56 62 47 40 52 61 43 22 18 40 60 78 67 60 62 52 41 32 49 71 89 104 113 102 102 111 106 104 96 52 17 17 19 20 16 14 15 21 25 23 16 15 28 54 82 114 137 160 163 120 66 
74 70 73 72 71 69 68 67 65 55 37 30 29 29 27 28 32 21 31 31 16 13 20 21 22 26 28 35 40 36 27 22 26 31 35 41 40 35 23 14 13 11 10 11 14 17 16 19 19 22 15 15 21 19 21 19 54 94 78 73 109 150 172 140 
54 48 52 53 54 54 55 54 54 45 31 27 27 28 22 26 24 17 13 16 16 18 18 18 26 32 35 41 42 37 29 28 39 41 37 43 46 43 28 15 11 10 10 9 12 14 17 19 17 19 18 13 12 16 19 21 27 35 27 23 44 111 157 180 
54 49 51 54 54 56 56 56 55 47 38 44 34 38 31 24 25 27 27 25 19 23 27 20 28 28 34 37 39 34 27 33 45 45 41 46 47 46 34 20 13 12 13 14 12 13 17 16 16 14 16 16 14 16 20 25 36 23 19 18 19 50 127 164 
55 52 52 55 56 58 57 57 57 52 44 53 53 52 51 44 43 41 44 47 44 37 36 29 29 32 33 38 45 44 39 42 44 45 42 46 47 45 40 30 19 12 11 18 19 14 16 15 15 15 15 18 32 47 27 18 19 21 22 21 26 35 83 125 
56 54 51 55 56 58 58 58 57 55 50 56 57 57 56 56 54 48 46 52 52 51 50 49 42 46 41 43 46 48 48 47 47 47 43 46 47 45 44 37 21 13 12 18 22 17 14 15 20 21 19 25 54 122 92 26 12 13 17 18 20 23 46 107 
58 56 51 56 57 58 59 59 58 57 52 58 58 58 57 57 56 51 47 53 54 54 52 52 51 50 44 46 49 50 50 49 47 48 43 46 47 46 44 41 29 16 15 19 22 21 19 35 49 38 19 20 74 131 90 22 13 12 12 12 15 18 24 66 
59 59 52 57 59 59 59 59 59 59 53 58 60 60 58 59 58 54 47 55 56 55 54 53 52 51 47 46 51 52 51 50 49 50 44 45 47 45 43 41 35 26 23 20 22 20 22 36 51 43 18 43 105 101 38 10 12 13 15 10 9 12 20 99 
61 60 54 58 60 60 61 61 60 60 54 58 61 60 59 59 59 56 48 54 56 56 55 54 53 52 49 47 52 52 52 52 51 52 46 45 46 44 42 39 32 26 23 21 33 30 26 24 47 41 31 80 98 55 22 14 13 10 11 10 8 10 15 90 
62 62 56 57 60 61 61 61 61 61 56 57 60 60 60 59 59 58 49 54 57 57 56 55 54 54 50 47 52 52 53 52 51 52 47 45 46 43 39 29 20 26 28 27 30 39 36 28 46 37 32 64 51 23 15 14 14 14 13 12 12 14 18 54 
62 62 57 56 61 61 63 62 61 61 58 57 60 60 60 60 60 58 50 54 57 57 56 55 55 54 51 47 53 53 52 52 52 50 47 44 44 42 34 18 18 20 26 25 25 30 28 27 34 37 29 40 21 13 10 14 18 16 15 15 16 17 17 17 
62 63 58 56 62 62 62 62 62 62 59 56 60 60 61 60 59 59 53 54 57 57 57 56 55 55 52 47 52 53 53 52 51 50 46 43 43 37 28 20 20 20 20 22 23 21 21 20 19 24 23 19 16 15 13 11 14 20 18 17 16 18 19 19 
63 63 62 57 62 63 64 63 63 64 61 56 60 60 61 61 60 60 55 54 58 58 57 57 57 56 54 48 52 54 55 53 52 51 47 42 37 30 28 24 21 19 19 21 24 24 24 23 20 19 17 16 14 13 13 10 10 15 21 16 10 11 13 14 
68 69 68 66 67 69 69 69 69 68 67 64 66 66 66 65 65 66 63 61 63 62 62 62 61 61 60 56 57 59 59 59 57 56 52 41 32 28 29 23 18 19 19 18 19 23 26 22 23 28 27 25 22 11 10 8 9 9 11 12 9 9 10 16 
65 64 61 60 65 65 65 65 64 64 57 53 62 62 61 59 59 57 51 53 56 55 53 51 50 49 45 43 49 50 50 51 50 48 44 40 42 42 35 28 25 24 24 21 17 15 16 15 22 29 29 26 21 12 8 8 8 8 10 11 11 10 7 24 
61 58 49 57 60 60 60 60 60 57 43 50 57 57 55 54 53 49 40 48 50 49 47 46 45 44 35 36 42 42 42 43 43 43 44 46 46 44 39 30 22 17 13 12 12 14 14 18 23 22 21 25 21 15 14 11 8 8 8 9 10 12 9 15 
62 52 57 62 62 61 62 62 61 52 51 59 58 59 56 55 55 46 46 52 52 51 50 48 48 44 35 43 44 44 45 46 44 43 46 49 47 38 28 18 13 14 15 12 11 14 22 29 26 20 21 24 20 20 30 32 20 12 9 10 10 11 17 25 
58 60 66 67 67 67 67 66 60 53 63 63 62 62 60 60 56 48 56 56 56 55 54 53 52 43 44 48 49 50 51 51 49 45 45 48 38 31 27 19 18 20 19 25 42 69 98 109 83 40 42 61 74 89 84 55 31 42 53 61 72 93 109 111 
63 72 73 73 73 73 71 69 60 67 69 68 67 67 66 65 56 58 62 62 61 60 59 59 56 47 54 57 57 59 59 59 56 52 53 45 35 31 27 41 66 98 131 157 170 170 154 118 79 71 98 112 121 112 98 94 99 118 117 108 97 90 70 52 
74 76 77 77 76 75 73 65 68 72 72 71 70 69 68 63 59 66 66 65 64 64 64 64 56 57 63 63 63 65 65 65 63 64 69 70 85 106 135 166 175 172 162 157 135 114 84 65 86 112 130 126 118 105 91 73 60 49 33 29 23 19 20 24 
77 78 77 77 77 76 68 66 73 73 74 74 72 71 70 60 67 70 69 68 67 67 66 65 56 63 65 66 68 82 97 119 150 143 136 152 164 174 175 166 149 136 150 162 153 115 76 82 67 66 62 47 26 22 25 28 30 28 23 19 18 20 22 24 
79 79 79 78 78 75 66 75 77 76 76 76 75 74 68 67 73 73 72 71 71 69 69 63 59 71 79 98 129 157 167 178 181 169 173 177 180 179 171 155 125 107 124 154 152 112 64 56 68 74 47 28 18 17 19 19 17 17 15 14 20 26 23 28 
80 80 80 79 78 70 74 78 78 78 77 77 77 75 69 74 76 75 75 75 73 69 58 54 84 122 152 170 164 158 167 174 168 161 166 168 162 150 131 115 95 99 83 102 104 90 65 63 62 28 9 11 12 16 18 24 30 41 48 63 70 71 77 74 
82 82 82 81 74 74 80 80 80 80 80 79 79 72 75 80 80 78 79 77 60 44 64 112 155 170 169 169 167 166 170 166 167 167 164 161 154 131 103 80 54 50 80 69 74 81 61 30 18 19 24 35 74 83 83 98 106 129 139 142 149 157 158 157 
83 82 82 78 73 81 82 82 82 81 81 81 77 73 81 82 82 81 81 62 49 88 123 144 152 138 136 157 164 156 155 157 160 157 150 139 117 85 53 18 9 16 61 82 82 81 66 25 23 36 46 98 154 153 129 108 106 105 109 101 112 124 126 126 
83 83 81 73 80 82 82 83 83 83 83 82 73 78 71 58 59 67 82 87 111 139 142 150 156 154 153 152 159 157 148 153 154 151 146 129 60 14 4 19 75 106 69 91 98 100 84 50 45 62 75 97 129 120 96 82 97 107 105 103 114 118 111 108 
84 83 75 77 83 84 85 86 85 86 84 67 62 47 21 13 20 43 101 123 133 136 128 138 149 153 157 159 161 152 136 133 128 122 107 62 12 5 9 31 65 109 73 73 97 99 89 68 77 81 89 96 85 75 77 88 89 85 83 84 87 94 93 96 
86 80 74 83 85 86 87 86 83 77 70 41 32 38 24 20 23 90 125 133 141 142 144 143 156 152 143 143 141 129 123 112 96 68 28 6 3 9 55 82 82 100 89 52 60 64 66 69 71 63 61 60 65 71 66 70 69 68 68 67 67 76 78 82 
82 74 82 86 86 87 86 82 53 75 123 113 116 159 95 26 14 58 110 127 135 139 129 129 124 111 96 79 56 38 29 18 8 3 2 3 4 38 89 90 92 97 87 53 61 70 66 59 57 52 54 58 68 69 72 73 70 67 65 62 48 43 44 46 
74 80 85 86 87 87 87 62 36 93 136 110 98 74 53 27 12 19 44 70 86 84 79 66 35 21 11 4 2 1 1 2 2 2 4 7 15 39 60 74 74 81 80 48 67 91 94 71 58 53 58 66 78 81 80 77 73 71 69 65 62 55 41 39 
77 86 87 88 88 88 84 44 36 115 88 64 65 55 41 35 22 17 18 6 5 5 3 5 3 2 2 3 2 2 2 2 3 7 19 43 57 58 81 86 85 90 79 57 62 92 93 74 57 56 68 81 84 82 80 79 76 74 72 59 52 43 38 39 
85 87 87 88 89 88 87 53 29 90 58 45 62 65 51 34 22 17 11 5 3 3 4 5 3 2 3 6 4 3 7 12 18 34 48 53 40 54 89 86 88 91 87 68 56 65 55 62 63 83 79 85 85 82 80 79 76 74 67 43 42 47 38 39 
86 86 87 88 87 87 88 80 43 62 67 43 43 46 26 12 10 18 18 6 5 3 3 5 5 6 12 19 28 33 45 56 60 53 50 60 78 90 92 84 89 91 91 89 83 79 74 82 85 86 79 85 84 82 81 79 75 66 44 32 41 44 39 36 
85 86 87 87 87 88 88 80 78 87 87 82 75 57 33 22 22 28 37 52 57 38 29 42 52 47 56 72 77 85 83 76 73 79 90 93 93 93 92 84 91 91 92 93 93 92 91 91 89 86 80 86 85 83 81 78 72 50 32 30 40 35 42 32 
85 86 86 86 86 87 84 75 86 89 89 89 90 89 85 78 78 74 81 89 89 88 86 88 91 91 91 89 82 92 93 93 93 93 94 93 93 93 89 86 92 92 94 94 94 92 92 91 90 87 81 86 83 81 80 73 56 34 31 34 33 33 37 35 
84 85 85 85 85 85 75 80 87 88 89 89 89 89 89 90 88 78 87 90 91 92 92 92 92 92 93 84 84 93 93 93 92 93 93 92 92 93 86 87 92 92 94 95 94 92 91 90 88 83 76 81 76 65 53 38 29 29 31 35 36 32 36 39 
84 84 84 84 84 80 75 85 87 87 87 88 89 89 88 89 82 81 88 89 91 92 92 91 92 92 91 79 88 93 92 92 92 93 92 91 92 92 82 87 91 91 94 95 94 93 91 89 87 81 69 63 53 41 36 32 29 28 29 30 29 29 32 35 
83 83 83 83 83 74 81 86 86 87 87 87 88 88 88 87 77 86 89 89 90 92 91 91 91 91 88 79 90 92 92 92 91 91 91 91 91 90 79 88 90 91 92 93 91 90 88 84 77 68 57 56 53 50 44 39 34 31 35 34 33 34 40 40 
82 82 82 83 76 75 84 85 85 86 86 87 87 87 87 82 80 87 88 89 89 90 90 91 91 91 81 82 90 91 91 91 91 90 90 90 91 88 80 89 89 89 91 91 90 90 89 86 79 68 62 62 53 52 49 44 38 26 36 31 37 35 41 42 
81 81 81 80 69 81 84 84 84 85 85 85 86 86 86 76 84 86 86 87 86 88 89 90 90 90 76 86 89 90 90 90 90 89 90 89 91 84 82 90 89 89 92 92 90 90 90 87 83 65 64 58 49 50 48 48 35 32 44 33 44 37 44 47 