


67 67 67 67 66 66 66 66 66 66 66 66 65 66 66 66 66 66 66 66 66 66 66 66 66 66 66 66 66 68 66 66 66 65 66 68 66 66 66 66 66 70 67 65 66 65 66 66 70 69 65 65 65 65 65 64 64 65 64 65 64 64 64 63 
68 68 68 68 67 67 67 67 67 67 68 68 67 67 67 67 67 67 67 67 67 67 67 67 67 67 67 67 68 70 67 67 67 67 67 72 68 67 67 67 67 69 67 66 66 66 66 66 72 71 66 65 65 65 65 65 65 65 65 65 65 65 64 63 
68 69 68 68 67 67 67 67 67 68 67 67 67 67 67 67 67 68 68 68 67 67 68 68 68 67 68 67 67 69 67 67 67 67 67 71 67 67 67 67 67 70 67 66 66 66 66 66 73 71 66 66 66 66 66 65 65 65 64 65 65 65 64 64 
69 69 68 69 69 68 68 68 67 67 68 67 67 67 67 67 67 67 67 68 68 68 68 68 68 68 68 67 68 70 68 67 67 67 67 72 68 67 67 67 67 71 68 67 67 66 66 66 72 70 65 65 65 65 66 65 65 65 65 65 65 65 64 64 
69 69 69 69 69 68 68 67 68 67 68 67 67 67 67 67 67 68 68 68 68 68 68 68 68 68 68 68 68 70 68 67 68 67 68 72 69 67 67 67 67 71 68 67 67 67 67 66 72 70 65 65 66 65 65 65 65 65 65 65 65 65 64 64 
69 69 69 70 69 69 68 67 67 67 67 67 67 67 67 67 67 68 68 68 68 68 68 68 68 68 68 68 68 70 67 68 68 68 68 72 68 67 67 67 67 71 68 67 67 67 67 67 74 71 66 66 66 66 66 65 65 65 65 65 65 65 65 63 
70 69 69 69 69 69 68 68 68 68 68 67 68 68 68 68 68 68 68 68 68 68 68 68 68 68 68 68 68 71 67 68 68 67 67 71 69 67 67 68 68 72 69 67 67 67 67 67 73 71 67 66 66 66 66 66 65 65 65 65 65 65 64 64 
71 69 70 70 69 69 69 69 68 68 68 68 68 68 68 68 68 68 68 68 69 68 69 68 68 68 68 68 69 72 68 68 68 68 68 71 69 67 68 67 67 72 68 67 67 67 67 67 72 69 66 67 66 66 66 66 66 65 66 65 65 65 65 64 
71 70 70 70 71 70 69 69 68 68 68 68 68 69 69 68 69 69 68 68 69 69 69 69 69 68 68 69 69 71 68 68 68 68 68 72 69 68 68 68 68 71 69 67 68 68 67 67 73 71 67 67 66 66 66 66 66 66 66 66 66 66 65 65 
72 71 71 71 71 71 70 69 68 68 69 69 69 69 69 69 69 69 69 69 69 69 69 69 69 69 68 68 69 72 68 68 68 68 68 72 70 69 68 67 68 71 69 68 68 68 68 67 75 71 67 67 67 66 66 66 66 66 66 66 66 66 66 65 
72 71 71 72 70 69 69 69 70 70 70 69 70 69 69 69 69 69 69 69 69 68 69 70 70 69 69 69 69 74 69 69 68 68 69 73 70 69 69 68 68 72 70 68 68 68 68 67 73 69 67 67 67 67 67 66 66 66 67 66 66 66 66 65 
74 72 73 72 71 70 70 70 70 70 70 69 69 70 70 69 69 69 69 69 70 69 69 70 70 69 69 69 70 75 70 69 69 68 69 76 72 69 69 69 69 75 71 68 68 68 69 68 72 70 67 67 67 67 67 67 67 67 66 66 67 66 66 66 
73 73 73 71 71 71 72 72 70 69 70 70 70 71 70 69 70 70 70 70 70 70 70 71 70 70 70 70 70 73 69 70 69 69 69 77 73 69 69 69 69 73 70 68 68 68 69 69 74 71 67 68 68 67 67 67 67 67 67 67 68 67 66 66 
72 72 72 72 71 71 71 71 70 70 70 70 71 70 70 70 70 70 70 70 70 71 70 70 70 71 70 70 70 74 69 69 70 70 70 74 71 70 69 69 70 73 71 68 68 68 69 69 76 72 68 67 67 67 67 66 67 67 67 68 68 67 66 66 
73 73 73 72 72 71 72 71 71 70 70 70 71 71 70 71 71 71 71 71 70 70 71 71 71 70 71 70 70 73 70 70 70 69 70 73 70 69 69 70 70 74 71 69 69 69 69 69 75 72 68 67 68 67 67 67 67 67 67 68 68 67 66 66 
72 73 74 72 72 72 72 72 72 70 70 71 71 71 71 71 71 72 71 71 71 71 71 71 71 71 72 71 71 75 71 70 70 70 71 73 71 69 69 70 69 75 72 69 69 70 69 69 74 72 68 68 69 68 67 68 67 67 68 68 68 67 67 67 
74 74 74 73 73 74 72 72 71 71 72 71 71 71 70 71 72 72 71 70 71 71 71 72 71 71 71 71 71 76 77 76 77 88 63 58 66 63 73 73 71 74 71 69 70 70 69 69 74 71 68 67 68 68 68 68 67 67 68 68 68 68 68 67 
74 73 73 74 73 73 72 71 71 71 71 72 71 71 71 71 71 71 71 71 71 71 72 72 71 71 72 71 71 76 76 89 119 145 45 33 25 12 44 97 81 73 71 70 70 69 69 69 76 73 69 68 68 68 68 68 68 68 68 68 68 68 68 68 
76 75 74 74 73 72 72 71 72 71 71 73 71 71 71 71 71 71 71 71 72 72 71 71 71 72 72 72 72 77 72 78 107 154 111 72 48 33 55 91 76 74 72 70 70 70 69 69 76 73 69 69 68 68 68 68 68 68 68 69 69 68 68 68 
76 75 75 74 73 73 73 73 72 71 72 73 72 72 71 71 71 71 71 72 72 72 72 71 72 72 72 72 72 75 71 71 71 76 82 83 72 70 71 71 71 74 72 70 70 70 70 70 77 75 69 69 68 69 68 69 68 68 68 69 68 69 69 68 
76 75 75 75 74 73 73 73 73 72 72 72 72 72 72 71 72 72 72 71 72 72 72 71 71 72 72 72 72 76 72 71 71 71 71 75 73 71 71 71 71 75 73 70 70 69 70 69 76 74 68 68 69 69 69 68 68 68 69 69 70 69 68 68 
76 75 75 74 73 73 74 72 72 72 72 72 72 73 72 72 72 72 72 72 72 73 73 73 73 72 72 72 72 77 72 71 72 71 71 76 74 71 71 71 72 74 72 70 70 69 69 69 74 72 68 69 69 69 69 69 69 69 69 70 69 69 68 68 
77 77 75 75 74 74 74 74 72 72 72 72 72 73 72 73 72 73 72 72 73 74 73 73 73 74 73 72 72 77 72 71 72 71 72 76 73 71 71 71 72 75 73 71 70 70 70 70 75 73 69 70 70 69 69 69 69 69 69 70 70 69 69 69 
78 78 76 77 76 75 74 74 73 73 72 73 72 72 72 73 72 73 75 72 73 73 72 73 73 73 73 71 72 78 73 72 71 71 72 76 74 72 71 71 72 75 73 70 71 71 71 70 76 74 69 69 69 70 70 69 69 69 69 70 69 68 69 69 
77 77 76 76 76 75 73 73 73 74 72 74 73 73 73 72 72 72 74 73 73 72 72 73 72 72 72 72 73 78 73 72 72 73 72 75 73 72 71 71 71 75 74 71 72 71 71 71 77 75 70 69 69 69 69 69 70 70 71 72 70 70 70 69 
77 77 76 75 74 74 74 73 73 74 73 73 74 73 73 72 72 73 73 73 73 73 73 73 73 72 73 72 73 77 73 72 72 73 72 76 74 72 72 71 72 76 73 71 71 71 71 71 76 75 71 70 70 69 69 70 70 70 70 70 71 70 70 69 
76 77 76 76 75 75 74 74 73 73 74 73 73 73 75 73 72 72 73 73 73 73 73 72 72 73 72 73 73 77 73 73 73 72 72 76 74 71 71 72 72 75 73 71 71 70 70 70 76 74 70 70 70 70 70 70 69 70 70 71 71 70 71 69 
78 76 75 75 75 75 73 73 72 72 74 73 73 73 74 75 74 73 72 73 72 73 73 73 73 73 73 72 73 79 73 72 72 72 72 77 75 71 71 72 72 75 73 71 71 71 71 71 78 76 71 70 71 70 70 71 71 70 70 71 71 69 71 69 
77 77 76 77 75 76 74 73 73 73 73 73 73 73 74 74 74 74 73 74 74 73 74 73 74 75 73 72 73 77 73 72 72 72 71 76 74 72 72 72 72 76 74 71 71 71 71 71 80 77 71 71 70 70 70 70 69 70 70 70 71 70 71 70 
78 76 77 77 77 76 75 76 75 74 73 74 75 75 74 74 73 73 74 74 73 74 73 73 73 74 73 72 73 78 74 73 72 72 72 76 74 73 72 72 72 77 74 72 72 71 71 71 80 78 70 70 70 70 70 70 70 70 70 70 71 71 69 69 
78 77 78 77 77 75 75 75 75 74 74 74 75 74 73 74 75 74 74 75 73 74 73 73 73 74 74 73 73 78 74 73 72 72 72 76 74 73 72 72 73 77 74 71 72 71 71 70 77 76 71 71 70 70 70 70 71 70 71 72 72 71 69 70 
77 77 77 76 76 75 75 74 74 75 75 73 74 73 73 73 75 74 74 75 74 74 74 74 73 73 73 73 73 79 75 73 73 73 72 77 74 73 72 72 72 77 74 72 72 71 72 71 77 76 71 70 71 71 71 71 70 70 71 71 71 71 70 71 
76 78 77 77 76 75 76 76 74 75 75 74 74 74 74 73 74 74 74 75 74 73 74 73 73 74 73 73 74 79 75 72 73 73 72 76 75 72 72 72 72 77 74 72 72 72 72 72 78 76 71 71 71 71 70 71 71 70 70 71 71 71 71 70 
78 79 77 76 77 75 76 76 75 75 75 75 75 74 76 75 74 74 74 74 73 73 73 73 73 73 74 74 74 77 74 73 72 74 73 75 76 73 72 72 72 76 74 72 72 72 72 72 79 78 72 71 71 71 71 71 71 71 72 72 71 71 72 70 
78 79 77 77 77 76 76 75 74 73 75 75 75 75 76 75 75 75 74 74 73 73 74 74 74 74 74 73 73 78 75 73 72 73 73 77 76 73 73 72 73 76 74 72 71 71 72 72 81 79 72 71 72 71 71 72 71 71 72 71 71 71 71 70 
78 78 78 78 78 77 76 75 75 75 75 75 76 76 75 75 75 75 75 75 75 75 76 74 74 74 74 74 73 77 74 74 73 73 73 76 75 73 73 73 73 76 73 72 72 72 72 71 77 77 71 71 71 71 71 71 72 71 72 71 72 71 71 71 
78 77 78 78 78 77 76 77 76 76 75 75 76 75 75 73 73 74 75 76 75 74 75 74 73 73 73 73 73 77 74 73 73 74 73 77 75 72 72 72 73 77 74 72 73 72 71 72 78 77 71 71 71 71 71 71 71 71 71 72 72 71 71 72 
78 78 77 78 78 78 77 76 76 75 76 76 76 75 75 75 74 75 75 75 75 75 74 73 73 73 73 74 73 78 75 74 73 73 73 77 75 73 73 72 72 76 74 72 73 72 72 72 76 77 72 71 71 71 70 71 71 71 71 72 72 71 71 72 
78 79 78 77 77 77 77 76 76 75 75 76 76 75 76 75 76 75 74 73 75 75 75 74 73 73 75 75 73 78 75 73 74 74 73 79 84 78 73 73 73 74 74 73 72 72 72 72 77 77 72 71 71 71 71 71 72 71 71 72 72 70 72 71 
79 78 78 78 77 77 77 76 76 74 74 76 76 76 75 74 75 76 74 74 75 74 74 74 74 74 74 74 74 79 76 73 74 73 72 90 114 132 86 75 73 74 75 73 72 72 72 72 80 78 71 72 71 71 71 71 71 71 71 72 72 71 71 71 
78 77 78 77 77 76 76 75 75 76 76 77 77 75 75 75 75 75 75 75 75 75 74 74 74 74 74 74 74 79 75 73 72 61 57 57 65 50 69 105 75 77 76 73 73 72 73 72 78 78 71 72 71 71 71 71 71 71 71 71 72 71 71 71 
77 78 78 78 78 76 76 76 76 75 75 75 76 76 76 74 75 75 75 75 74 74 73 74 74 74 74 73 73 79 76 64 42 46 46 27 29 14 34 132 98 76 76 72 73 72 72 73 78 78 71 71 71 72 71 71 71 71 71 72 72 71 71 71 
78 78 78 76 77 76 76 75 74 75 75 75 76 76 76 75 75 75 74 75 75 74 74 75 75 75 74 74 73 77 77 53 35 76 76 65 58 59 72 84 81 75 75 72 73 72 72 72 78 79 72 71 71 71 71 71 71 71 72 72 73 71 71 70 
79 78 78 77 77 76 75 76 75 76 75 76 76 75 76 75 75 75 75 74 74 74 74 74 74 74 73 74 73 77 75 74 73 80 86 84 78 74 73 73 73 76 77 73 73 73 72 72 78 79 71 71 72 71 72 71 71 71 71 72 72 71 71 71 
78 78 78 77 78 77 76 76 77 77 75 75 76 75 75 75 75 76 75 74 74 73 74 74 74 74 75 74 74 78 76 74 75 74 73 75 74 73 73 73 73 75 74 73 72 72 72 72 78 78 71 72 72 71 71 71 71 71 71 71 71 71 70 71 
79 78 78 78 78 77 77 75 76 77 76 76 77 76 75 75 75 76 75 74 74 74 74 74 74 74 74 74 74 79 75 74 75 74 75 76 76 73 73 73 74 76 76 73 72 72 72 72 77 78 71 71 71 70 71 71 71 71 71 71 71 71 70 70 
79 78 78 78 79 77 76 76 76 76 75 76 76 76 76 74 74 75 75 75 75 74 75 75 75 75 74 74 74 78 75 73 73 73 72 76 76 73 72 73 72 75 76 73 73 73 71 72 76 78 72 72 71 71 72 71 71 71 71 71 71 70 70 70 
78 78 79 77 77 76 76 77 75 75 75 75 75 75 75 75 76 76 76 76 74 75 75 75 75 74 74 73 73 78 75 73 74 74 73 77 75 73 73 74 73 76 77 73 72 72 72 72 76 77 72 72 72 71 71 72 71 70 70 70 70 70 71 71 
79 80 79 78 77 77 76 76 77 75 75 75 75 75 74 74 74 74 75 75 74 75 74 73 75 75 74 74 74 77 75 74 73 73 72 77 76 73 73 74 74 77 77 73 72 72 73 72 77 79 72 71 72 71 71 71 71 70 71 70 70 71 71 69 
78 78 77 77 77 77 76 75 76 75 74 75 75 74 74 74 74 74 74 74 74 74 75 74 75 75 74 74 74 77 75 75 74 73 73 76 75 74 73 73 73 76 76 72 72 72 72 72 78 80 73 72 71 71 70 71 71 70 70 70 71 70 70 69 
78 77 77 77 76 76 77 75 74 75 75 75 75 75 75 75 75 75 74 74 74 74 75 74 75 75 73 74 75 78 76 74 74 73 73 76 76 73 73 73 73 75 75 71 72 72 72 73 78 80 73 71 71 71 71 71 71 71 70 71 71 71 70 70 
77 77 78 77 77 76 77 77 76 76 75 76 76 75 75 75 75 76 74 74 73 73 73 73 74 73 73 73 73 77 76 74 74 73 73 77 75 73 73 72 72 75 76 72 72 71 72 72 77 80 71 70 71 71 70 71 71 70 70 70 70 70 70 69 
77 77 78 77 77 77 77 76 76 76 75 75 75 75 74 74 74 75 74 74 74 73 74 73 74 75 74 73 74 78 76 73 74 73 73 77 76 72 73 72 72 74 75 72 72 72 71 71 76 80 71 71 71 71 70 70 70 71 70 70 69 69 69 69 
77 77 77 77 76 78 76 76 75 75 75 75 74 74 75 75 75 74 74 74 74 74 75 74 74 74 74 73 73 78 76 73 73 74 73 78 78 72 72 72 72 74 74 72 72 72 71 71 75 79 71 70 70 71 70 70 70 70 70 69 69 69 69 69 
77 78 77 77 77 77 76 75 76 75 74 75 74 74 74 74 74 74 75 74 74 73 74 74 73 73 74 74 73 77 75 73 73 73 73 75 76 72 72 72 72 74 74 71 72 72 70 70 74 77 71 70 70 70 70 70 70 70 70 70 70 70 70 69 
77 78 78 78 76 75 74 75 75 74 74 75 74 74 75 74 74 75 76 74 74 73 73 74 74 74 73 73 73 77 76 73 72 72 72 75 75 72 72 72 72 74 75 71 72 72 70 71 74 75 70 70 70 69 70 69 70 70 70 70 70 70 69 69 
76 76 77 76 76 75 75 75 75 75 75 75 74 73 74 73 74 74 74 74 74 73 73 74 74 74 74 74 73 76 75 73 72 72 72 74 74 72 72 71 71 73 74 70 71 70 71 71 73 75 70 70 70 70 70 69 69 69 69 69 70 69 69 68 
77 77 77 76 75 75 75 74 74 75 74 74 75 74 75 74 75 73 73 74 73 74 75 75 73 73 73 73 73 76 74 72 72 72 73 76 76 71 71 71 71 73 74 71 71 70 70 70 74 78 70 70 70 70 70 70 69 69 69 69 69 70 69 69 
77 77 78 77 76 75 74 73 74 75 76 73 75 75 76 74 74 74 73 74 73 74 74 74 73 73 74 74 73 75 73 72 73 73 72 75 75 71 72 71 71 73 72 71 71 70 70 70 73 76 70 70 70 69 69 69 69 69 69 70 71 69 69 69 
77 77 77 76 77 76 76 75 76 75 75 75 75 74 74 73 74 75 75 74 73 73 73 74 73 74 74 73 73 76 74 73 73 72 72 75 76 72 73 72 72 74 74 71 71 70 70 70 73 78 70 70 70 70 70 69 69 70 69 69 70 69 69 69 
78 77 77 77 77 76 76 76 75 75 76 76 75 75 75 75 74 75 75 74 73 74 73 73 73 73 74 73 74 76 75 73 73 72 73 76 76 72 73 72 72 75 76 71 71 71 70 70 72 78 69 70 69 69 70 69 69 69 69 69 70 69 69 69 
80 77 78 77 76 76 77 75 75 75 75 75 76 74 75 75 75 75 74 73 73 74 74 74 74 73 73 73 74 77 76 73 72 73 73 76 75 72 72 72 72 74 75 71 71 71 70 70 72 78 69 69 70 70 70 70 69 69 69 69 69 68 68 68 
83 77 75 76 76 76 77 77 77 76 75 75 76 74 75 76 75 74 74 74 73 74 75 74 73 73 74 74 74 77 76 73 72 73 73 76 75 73 72 72 71 73 75 70 71 71 70 71 73 79 69 69 70 70 70 69 69 69 69 69 69 68 68 68 
85 76 75 76 77 76 76 76 76 75 75 75 76 75 75 74 75 74 75 76 74 75 75 74 73 73 74 73 74 76 75 73 73 74 73 75 75 73 72 71 73 75 76 71 71 71 70 70 72 76 69 69 69 69 69 69 69 69 69 70 69 68 68 68 


189 189 189 188 189 189 189 189 189 189 190 189 190 190 190 190 190 190 190 190 190 190 190 190 190 190 190 190 190 164 187 190 190 190 190 168 181 190 190 190 190 173 177 190 190 190 190 190 182 181 189 189 189 188 188 188 188 188 188 188 187 187 187 187 
190 190 190 189 189 190 190 189 189 189 190 190 191 190 191 190 191 190 190 191 191 190 190 191 191 191 191 191 191 165 186 191 191 191 191 170 182 190 190 191 190 172 178 190 190 191 190 190 182 181 189 190 189 189 189 189 189 189 189 188 188 187 187 187 
191 191 191 190 190 190 191 191 191 190 190 190 191 191 191 191 191 190 190 191 191 191 190 190 191 191 191 191 191 165 187 191 191 191 191 170 182 190 191 191 190 173 178 190 190 190 190 190 182 181 190 190 190 190 190 189 189 188 189 188 188 188 187 187 
191 191 191 190 190 190 190 190 191 191 190 190 191 191 191 191 191 192 191 191 191 191 191 191 191 191 190 191 192 166 187 191 191 192 192 171 182 191 191 191 190 174 179 191 191 190 190 190 182 181 190 190 189 189 189 189 189 189 189 188 188 189 188 187 
191 191 191 191 191 190 190 190 190 191 190 191 191 191 191 191 192 191 192 192 191 191 191 191 190 191 191 192 192 166 188 191 192 191 192 172 182 191 191 192 191 174 179 191 191 191 191 190 181 181 190 190 190 190 189 190 189 189 189 189 188 188 188 187 
192 191 191 191 191 191 191 191 191 191 191 191 191 191 191 191 191 191 192 192 192 191 192 191 191 192 192 192 192 167 188 192 192 192 192 172 181 191 191 191 190 174 178 191 191 191 191 190 181 181 190 190 190 190 190 190 189 189 189 189 188 188 188 188 
192 192 191 191 192 191 191 191 192 192 191 191 192 191 192 192 191 192 192 192 192 192 191 192 192 192 192 192 192 169 188 191 192 191 191 173 181 192 191 191 190 174 178 191 191 191 191 191 182 182 190 190 190 190 190 190 190 189 189 189 189 188 188 188 
192 192 192 192 192 192 191 192 192 192 191 191 192 192 192 192 192 192 192 192 192 192 192 192 192 192 192 192 192 167 188 192 192 192 192 174 181 191 191 191 191 175 178 191 191 191 191 191 182 183 190 191 190 190 190 190 190 189 189 189 189 188 188 187 
192 193 193 193 192 192 192 192 192 192 192 192 192 191 192 192 193 192 192 192 192 192 192 192 192 192 192 192 193 167 188 192 192 192 192 174 181 192 192 192 191 176 179 192 192 192 191 191 182 183 191 191 190 190 190 190 190 190 189 189 190 189 188 188 
192 193 193 192 192 192 192 191 192 192 192 192 192 192 192 192 193 193 193 193 192 193 193 192 193 192 193 193 193 169 188 192 192 192 192 175 181 192 192 192 192 175 179 192 191 192 192 191 182 183 191 191 191 190 190 190 190 190 190 190 190 189 189 189 
192 193 193 192 192 193 193 193 192 192 193 192 192 193 193 193 193 193 193 193 193 192 193 193 193 192 193 193 192 169 188 193 192 192 192 176 181 192 192 192 192 176 179 192 191 191 192 191 182 183 191 191 191 191 191 190 190 190 191 190 190 190 189 189 
192 193 192 192 193 193 193 193 193 193 193 192 192 193 193 193 193 193 193 193 193 193 193 193 193 193 193 193 192 170 187 193 193 192 192 177 181 192 192 192 192 176 179 192 192 192 191 191 182 183 191 191 191 191 191 191 191 190 190 190 190 190 189 189 
193 193 193 193 193 193 192 193 193 193 193 193 193 193 193 193 192 193 193 193 193 193 193 193 193 193 193 193 193 170 188 193 193 193 193 177 181 192 193 193 193 176 179 192 192 192 191 191 182 183 191 191 191 191 191 191 190 191 190 190 190 190 190 190 
194 194 194 194 193 193 193 193 193 193 193 193 193 193 193 193 193 193 193 193 193 193 193 193 193 193 193 194 193 171 187 193 193 192 193 176 180 193 193 193 193 177 180 192 192 192 192 191 182 183 192 191 191 191 191 191 190 190 191 190 190 190 190 190 
194 193 194 193 194 193 194 194 193 193 194 193 194 193 193 194 193 194 194 194 194 193 194 194 193 193 193 193 193 171 187 193 193 193 193 176 179 193 193 193 193 176 179 193 193 192 192 192 183 184 192 191 191 191 191 191 191 191 191 191 191 190 190 190 
194 194 194 194 194 193 194 193 193 194 194 193 194 194 194 194 194 194 194 194 194 194 194 194 194 194 193 193 193 170 187 193 193 193 192 176 179 192 192 193 192 177 180 193 192 193 192 192 182 183 192 191 190 191 192 191 191 191 191 191 190 190 190 189 
194 194 194 194 194 193 194 194 194 194 193 193 194 194 194 194 194 194 194 195 194 194 194 194 194 194 194 194 194 170 182 179 185 167 121 103 116 144 176 189 192 177 179 193 193 192 192 192 182 183 192 192 191 192 192 191 191 191 191 191 190 190 189 190 
194 195 194 194 194 194 195 194 194 194 194 194 194 194 194 194 194 194 194 194 194 194 194 194 194 194 194 194 193 171 185 153 154 163 60 32 20 16 65 144 190 176 179 193 193 193 192 192 183 184 191 192 192 192 192 192 191 191 190 191 191 190 190 191 
194 195 195 194 194 194 194 194 194 194 194 194 194 194 194 194 194 194 194 194 194 194 194 194 194 193 194 194 193 171 188 191 185 195 140 93 62 68 121 176 192 177 179 193 193 193 193 192 183 184 192 192 192 192 192 192 192 191 191 191 191 191 191 191 
194 195 195 194 195 194 194 194 194 194 194 194 194 194 194 194 194 194 194 194 194 194 195 195 195 194 194 193 193 171 188 194 194 193 190 173 167 185 191 193 193 177 179 193 193 193 193 193 184 185 193 192 192 192 192 192 192 192 192 191 191 191 191 191 
195 195 194 194 194 194 195 194 194 195 194 195 194 194 195 194 195 194 195 194 195 195 194 195 194 194 194 194 194 171 188 194 194 194 194 178 179 193 193 193 194 177 179 193 193 193 193 193 183 184 192 192 192 192 193 192 192 192 191 191 191 191 191 190 
195 195 195 194 194 194 194 195 195 195 195 194 194 194 194 195 195 194 195 195 195 194 194 195 194 195 194 194 194 172 188 194 194 194 194 178 179 193 193 194 193 177 179 193 193 194 193 193 183 184 192 192 192 192 193 192 192 191 192 191 191 191 191 190 
195 195 194 195 194 194 194 194 195 195 194 195 195 195 195 194 195 195 195 195 194 194 194 195 194 194 194 194 194 173 188 195 195 194 194 178 180 194 194 193 193 178 179 193 193 193 193 193 184 184 193 192 192 193 193 192 192 192 192 192 192 192 192 190 
194 195 195 194 195 195 195 194 195 194 194 194 195 195 195 194 195 195 194 194 194 195 195 194 194 194 194 195 194 174 187 194 194 194 194 179 181 194 194 194 193 179 180 194 193 193 193 193 184 184 193 192 192 193 193 193 193 193 192 192 192 192 191 190 
194 195 196 195 194 194 195 195 195 194 195 194 194 194 195 195 195 195 194 194 195 195 195 195 194 195 195 195 194 175 187 194 194 194 194 179 180 194 194 194 194 179 179 194 194 193 194 194 184 184 193 193 193 193 193 193 193 193 192 191 192 192 191 190 
195 195 196 196 195 195 195 195 195 194 195 194 194 195 195 195 195 195 195 195 195 194 195 195 194 195 195 195 195 174 186 195 194 195 195 178 180 194 194 194 194 178 179 194 194 194 194 194 184 185 193 193 193 193 193 193 193 193 193 192 192 192 191 191 
195 195 195 195 195 196 195 195 195 194 194 195 195 195 195 195 195 195 195 195 195 196 195 195 195 195 195 194 194 175 186 194 194 195 195 179 181 194 194 194 194 178 180 194 194 194 195 194 185 185 193 193 193 193 193 193 193 193 193 192 192 192 191 191 
194 196 196 195 195 195 196 196 195 195 195 195 195 195 195 194 195 195 195 196 195 195 195 195 195 195 195 195 195 176 186 195 195 195 195 179 181 195 194 194 194 178 181 194 194 194 195 194 184 184 193 194 193 193 193 193 192 193 193 192 192 192 191 192 
195 196 196 195 195 195 196 196 195 195 195 195 195 195 195 195 195 195 195 196 196 196 195 196 196 195 195 195 195 175 186 195 195 195 195 179 181 195 195 194 195 178 180 194 194 194 194 194 184 184 194 193 194 194 193 193 193 193 193 193 192 192 192 191 
195 196 195 195 195 195 195 195 195 195 195 195 194 194 195 196 195 195 195 195 196 195 195 196 196 195 196 196 195 175 185 195 195 195 195 181 181 194 195 195 195 178 181 194 194 194 194 194 186 185 194 194 194 194 193 193 193 193 193 193 192 192 192 192 
195 196 195 195 195 196 196 196 195 196 196 195 196 196 196 196 195 196 195 196 196 195 195 196 196 195 195 196 195 176 185 195 195 196 196 180 180 194 194 195 195 178 179 194 194 194 194 194 185 185 194 194 193 194 194 193 193 193 193 193 192 192 192 192 
196 196 195 196 196 196 196 196 196 195 195 196 196 195 195 196 195 196 195 196 196 196 196 196 196 196 196 196 196 177 185 195 195 195 196 181 180 195 195 195 195 179 180 194 194 194 194 194 186 185 194 194 193 193 193 193 193 193 194 193 193 193 193 192 
196 196 196 196 196 196 196 195 196 195 195 196 196 196 196 196 196 196 196 196 196 196 196 196 196 196 196 196 195 177 185 196 195 195 195 181 180 195 195 195 195 179 180 194 194 194 194 194 185 184 194 194 194 194 193 193 194 193 193 193 192 193 193 192 
196 196 196 197 196 196 196 195 196 196 196 196 196 196 196 196 196 196 197 196 197 198 197 197 196 196 196 196 196 177 185 196 196 195 195 181 179 195 195 195 195 180 179 194 194 194 194 194 186 185 194 194 194 194 194 193 194 193 193 193 193 193 192 192 
196 196 197 196 196 196 196 196 196 196 196 196 196 196 196 196 196 196 196 196 196 197 196 196 196 196 196 196 196 177 184 196 196 195 196 182 179 195 195 196 195 181 179 195 195 195 195 195 186 185 194 194 193 194 194 193 193 193 193 193 193 193 192 193 
196 196 196 196 196 195 196 196 196 196 196 196 196 196 196 196 196 196 196 196 196 196 196 197 196 196 196 196 196 178 184 196 196 196 195 182 179 195 195 195 195 180 177 195 195 195 195 195 187 186 194 194 194 194 194 194 193 194 193 193 193 193 193 193 
197 196 196 196 196 196 196 196 196 196 196 196 196 196 196 196 196 197 197 196 196 196 196 196 196 196 196 196 196 178 185 196 196 196 196 183 180 195 195 196 195 181 178 195 194 194 195 195 187 186 194 194 194 194 193 193 194 193 194 193 193 193 193 192 
197 197 197 196 196 196 196 196 196 196 196 196 196 196 196 196 196 196 196 196 196 196 196 196 196 196 196 196 196 178 185 196 196 196 195 183 179 196 195 195 195 182 177 195 195 195 195 195 186 184 194 195 195 194 194 193 194 194 194 194 193 193 193 192 
196 197 197 197 197 197 196 196 196 196 196 196 196 196 195 196 196 196 196 196 196 196 196 196 196 196 196 196 196 179 184 196 196 196 193 165 167 192 195 195 195 183 176 195 195 195 195 195 186 184 194 195 194 195 194 194 193 194 194 193 193 193 193 193 
196 197 197 196 196 196 196 196 196 196 196 196 196 196 196 196 196 196 196 196 196 196 196 196 196 196 196 196 196 180 185 196 196 196 186 131 115 163 171 193 196 183 175 195 195 195 195 195 187 184 194 195 195 195 194 194 194 194 194 193 193 193 193 193 
196 197 197 197 196 197 197 196 197 196 196 196 195 196 196 196 196 196 196 196 196 196 196 197 197 197 196 196 196 180 184 196 191 135 94 73 56 49 80 168 194 184 176 195 196 195 195 196 188 185 195 194 195 195 194 194 194 194 194 194 194 193 193 193 
196 197 197 197 197 197 197 197 197 196 196 196 196 196 196 196 197 197 196 197 197 197 196 197 196 196 196 197 197 180 183 165 107 69 55 27 25 12 45 161 199 184 176 196 195 195 195 195 187 185 194 195 195 195 194 194 194 194 194 194 193 194 194 193 
197 197 197 198 197 197 196 196 196 196 197 196 196 196 196 196 196 197 197 197 196 197 196 196 196 196 196 196 197 180 176 105 62 98 82 67 68 104 159 189 197 184 175 196 195 195 195 195 188 184 195 196 196 195 194 194 194 194 194 193 193 194 193 193 
196 197 198 198 197 197 196 197 197 196 196 196 196 196 196 196 196 197 197 197 197 197 196 197 196 196 196 197 197 181 183 191 179 171 164 162 168 194 196 196 196 184 175 196 195 195 195 195 188 185 195 195 195 195 194 194 194 194 194 193 193 193 193 193 
196 197 197 197 196 196 196 197 196 195 196 196 196 196 196 196 196 196 196 197 197 196 197 197 197 196 196 197 196 181 184 196 196 196 196 185 177 196 195 195 196 184 175 195 196 195 195 195 188 185 194 195 195 194 194 194 194 194 194 194 193 193 194 193 
195 197 197 196 196 196 196 197 196 195 196 196 196 196 197 196 196 196 196 196 197 197 196 197 197 196 197 197 197 180 185 196 196 196 196 185 177 196 196 196 196 185 176 195 196 196 195 195 189 185 195 195 195 195 194 194 194 194 194 194 194 193 193 193 
196 197 197 197 196 196 196 196 196 196 196 196 196 196 196 196 197 196 197 197 197 197 196 196 197 197 197 196 197 180 184 197 196 196 196 185 178 196 196 196 196 185 176 195 195 195 196 195 188 184 195 195 194 194 195 194 194 194 194 194 193 193 193 193 
196 197 197 197 196 197 196 195 196 196 196 196 196 196 196 196 196 196 197 196 197 197 196 196 197 197 197 196 196 179 183 196 196 196 196 184 177 197 197 196 196 185 175 195 195 195 195 195 188 183 194 194 194 194 195 194 194 194 193 193 193 193 193 192 
195 196 196 196 197 196 196 196 195 195 196 196 196 196 197 197 196 197 196 196 197 196 197 196 197 196 196 196 196 181 183 196 196 196 197 185 179 196 196 196 195 186 176 196 196 195 195 195 188 183 195 195 194 194 194 194 194 194 193 193 193 193 193 193 
195 197 197 197 196 196 196 197 196 196 196 197 196 196 197 197 196 197 197 197 197 197 196 196 197 196 196 196 197 181 181 196 196 196 196 184 178 195 195 195 195 186 175 195 195 195 195 195 189 183 194 195 194 194 194 194 194 194 194 194 193 193 193 193 
196 197 197 197 197 196 196 196 196 196 196 196 196 196 197 196 196 197 197 196 196 196 196 197 196 196 196 196 196 182 183 196 196 196 196 185 179 196 196 195 195 186 174 196 196 195 195 195 188 183 194 195 195 194 194 194 194 194 194 193 194 193 193 192 
196 197 197 197 196 197 196 196 196 196 196 196 196 196 197 196 197 196 197 196 197 196 196 196 196 196 196 196 196 182 182 196 196 196 196 184 178 196 196 196 196 187 173 195 195 196 195 195 189 182 194 195 195 194 194 193 193 193 193 193 193 193 193 192 
196 196 197 197 197 197 196 196 196 196 196 196 196 197 196 196 197 197 197 196 196 196 196 196 196 196 196 196 196 182 181 196 196 196 196 185 177 196 196 196 195 187 173 196 195 195 195 196 190 182 194 194 194 194 194 194 194 193 193 193 193 193 192 192 
196 197 197 197 197 196 196 197 196 196 196 196 196 196 196 196 196 197 197 196 196 197 196 196 196 196 196 196 196 182 182 196 196 196 196 185 177 195 196 196 195 188 172 195 195 195 195 196 190 182 194 195 195 194 194 193 193 193 194 193 193 193 192 192 
196 196 197 197 196 196 196 196 195 196 196 196 196 196 196 197 196 196 196 197 196 197 197 197 196 196 196 196 196 181 182 196 196 196 196 186 176 196 196 195 195 188 171 195 195 195 195 195 189 182 194 194 194 193 194 193 193 193 193 193 193 193 193 192 
196 196 196 196 196 197 197 196 196 196 196 196 196 196 196 197 197 197 196 196 196 197 196 196 196 196 196 196 196 181 182 195 195 197 196 185 176 196 195 195 195 188 171 195 195 195 195 195 189 181 194 194 194 193 194 193 193 193 193 193 193 193 192 192 
196 197 197 197 197 197 197 196 197 196 196 196 196 197 197 197 197 197 197 196 196 196 196 196 196 196 195 196 196 181 181 195 196 196 196 185 175 195 195 195 195 188 171 195 195 194 195 195 190 181 194 194 194 194 194 193 193 193 193 193 193 192 192 191 
195 196 197 197 197 196 196 196 196 196 196 196 196 196 196 196 196 196 196 196 196 196 196 196 196 196 196 196 196 181 182 196 196 195 196 185 177 196 196 196 196 188 171 194 195 195 195 195 191 182 194 194 194 194 193 193 194 193 193 193 193 192 192 192 
196 196 196 196 196 196 196 196 196 196 195 196 196 196 196 196 196 196 196 196 196 196 196 196 196 196 196 196 196 181 182 195 196 195 195 186 176 196 195 195 195 187 171 194 194 195 195 195 191 182 194 193 193 193 193 192 193 193 193 193 192 193 192 191 
195 196 196 197 195 196 196 196 196 196 196 197 196 196 196 196 196 196 196 196 196 196 197 196 196 196 196 196 196 181 181 195 195 195 195 186 176 195 195 195 195 187 173 194 194 194 194 194 191 180 194 194 193 193 193 193 193 193 193 193 192 193 192 191 
195 196 196 196 195 196 196 196 196 196 195 196 196 196 196 196 196 195 196 195 196 196 196 195 196 196 196 196 195 181 181 195 195 195 195 185 176 195 194 195 195 188 173 195 194 194 195 194 191 180 193 193 193 193 193 193 193 193 193 193 192 192 192 192 
196 196 196 195 195 196 195 196 196 196 195 196 195 196 195 195 195 195 196 196 196 196 195 195 195 195 195 196 195 181 181 195 195 194 194 184 175 195 195 195 195 188 171 194 194 193 194 194 192 179 193 193 194 194 193 193 193 193 193 193 193 192 192 192 
196 196 196 195 195 195 195 195 195 195 195 195 195 196 196 195 195 195 195 196 195 195 195 195 195 195 195 195 195 181 181 195 195 194 194 185 175 195 194 194 195 188 170 194 194 194 194 194 191 178 193 194 194 193 193 193 193 193 193 192 192 192 192 191 
197 195 196 195 194 194 195 195 195 195 196 195 195 194 195 195 195 194 195 195 194 194 194 195 195 195 195 195 195 180 180 194 195 193 194 185 173 194 194 194 193 188 170 194 194 194 194 193 192 177 193 193 194 193 193 193 193 193 192 191 192 192 191 191 


254 253 253 253 253 253 253 253 253 253 253 253 253 253 254 254 254 254 253 253 254 254 253 253 253 254 254 254 253 218 248 254 253 253 253 222 242 253 254 253 253 228 235 253 253 253 253 253 240 240 254 253 253 254 254 253 254 254 254 254 254 254 253 253 
253 253 253 253 254 254 254 253 253 253 254 254 253 253 253 254 254 254 254 253 254 254 254 253 253 253 253 253 252 218 246 253 253 253 254 222 241 254 254 253 252 226 235 253 253 254 254 254 239 238 253 253 253 253 253 253 253 253 252 253 254 254 253 253 
253 253 253 253 253 254 254 254 253 253 253 253 254 253 252 254 253 253 253 253 253 253 254 253 253 253 253 253 252 217 246 253 253 253 254 223 240 253 253 254 253 227 236 253 254 254 254 254 239 238 253 253 253 253 253 253 253 254 253 254 254 254 254 254 
253 253 253 253 253 254 254 254 253 254 254 254 253 253 253 253 253 252 252 253 253 253 253 253 253 253 253 253 253 218 246 253 253 253 253 222 239 253 253 254 253 227 236 254 254 254 253 254 239 239 253 253 253 253 253 253 253 254 253 254 254 253 253 253 
254 253 253 254 253 253 253 254 253 253 253 253 254 254 254 254 253 252 252 253 253 253 253 253 253 253 253 252 252 218 246 253 253 253 253 223 239 253 253 253 253 227 236 253 254 254 253 253 239 239 253 253 253 253 253 253 253 253 253 254 254 254 254 253 
254 254 253 254 253 253 253 253 253 253 253 253 253 254 254 253 253 253 253 253 253 253 253 253 253 254 253 253 252 218 247 253 253 253 253 225 239 253 253 253 253 228 235 253 254 254 254 254 239 239 253 254 253 253 253 253 253 253 253 254 254 254 254 254 
252 253 253 253 252 253 253 253 253 253 253 253 253 253 253 253 253 253 252 253 253 252 253 252 253 253 252 253 252 217 246 253 253 253 253 225 238 253 253 253 252 227 234 253 253 253 254 254 239 240 254 253 253 253 253 253 253 253 253 253 253 254 254 254 
252 252 253 253 252 252 253 252 253 253 253 253 253 254 253 253 253 253 253 253 252 252 253 252 253 253 253 252 252 218 247 253 253 252 253 226 238 253 253 253 253 228 235 253 253 253 253 254 239 240 253 254 254 254 254 254 254 253 253 253 253 254 254 254 
253 252 252 253 253 252 252 252 252 253 253 252 253 253 253 252 253 252 252 252 252 252 252 252 252 252 252 252 252 217 246 253 253 252 252 226 237 253 253 253 253 228 234 253 253 253 253 253 238 238 253 254 254 253 253 253 253 253 253 253 253 253 254 254 
253 253 253 253 253 252 253 253 252 253 253 252 252 253 252 252 252 252 252 252 252 252 252 252 252 252 252 252 253 218 245 252 252 252 253 227 236 254 254 253 253 229 235 253 253 253 253 254 237 239 254 254 254 254 253 253 254 253 253 253 253 253 253 254 
253 253 253 253 253 252 253 253 252 252 253 252 253 252 252 252 252 252 252 252 252 252 253 253 252 252 252 252 252 218 246 253 253 253 254 227 236 253 253 252 252 228 234 253 253 253 253 253 237 240 253 253 253 254 254 254 253 254 254 253 254 253 253 253 
253 253 253 253 253 253 253 253 253 253 253 252 252 253 253 252 253 252 252 253 253 253 253 253 253 253 253 252 252 218 245 253 252 252 253 228 235 252 253 253 253 229 235 253 253 253 253 253 238 240 253 253 253 253 254 253 253 254 254 254 254 253 253 253 
254 253 253 253 253 253 253 253 253 253 253 253 253 253 253 253 253 253 253 253 253 253 253 253 253 253 253 253 252 220 245 253 253 253 253 229 235 252 253 252 252 229 235 252 253 253 253 253 238 240 253 253 253 253 253 253 253 253 253 254 254 254 254 254 
253 253 253 254 253 253 253 253 253 253 253 253 253 253 253 253 253 253 253 253 253 253 253 253 253 253 253 253 252 220 244 253 253 253 253 228 234 253 253 253 252 228 234 252 253 253 252 252 237 238 253 253 253 253 253 252 253 254 253 253 254 254 254 254 
254 253 253 253 253 253 253 254 253 253 253 253 253 253 253 253 253 253 253 253 253 253 253 253 253 253 253 253 253 221 243 253 253 253 253 230 234 253 253 253 253 229 235 252 253 253 252 252 237 240 253 253 253 253 254 253 253 254 254 253 253 253 254 254 
253 253 253 253 254 253 253 253 253 253 253 253 253 253 253 254 253 253 253 253 253 253 253 253 253 253 253 253 253 220 243 253 253 252 252 229 233 252 252 253 252 228 234 252 252 252 253 252 238 240 252 253 253 253 253 253 253 253 253 253 253 253 254 253 
254 254 253 253 253 253 253 253 253 253 254 253 254 254 253 254 253 254 253 253 253 253 253 253 253 253 254 254 253 221 237 233 240 209 160 138 148 190 230 247 252 229 235 253 253 252 253 253 238 241 253 253 253 253 253 253 253 253 253 253 253 254 254 254 
254 254 253 253 253 253 253 253 253 253 254 254 254 253 253 253 253 253 253 254 253 253 254 253 253 253 254 254 253 221 239 186 166 160 64 36 21 24 85 167 244 229 234 253 253 252 252 252 237 239 253 253 253 253 253 253 253 253 253 253 253 253 253 253 
254 253 253 254 254 253 253 253 253 253 254 253 253 253 253 253 254 254 253 254 253 254 253 253 253 253 254 254 252 221 243 244 220 209 147 97 70 90 161 217 249 229 235 253 253 253 252 252 236 238 252 252 252 253 252 253 253 253 253 253 253 253 253 253 
253 252 253 254 254 253 253 253 253 253 254 253 253 254 254 254 254 254 253 254 254 253 253 253 253 253 253 253 253 222 243 253 253 250 244 217 214 243 251 253 253 230 235 253 253 253 253 253 237 239 252 252 252 252 252 253 254 254 253 253 253 254 253 254 
253 253 252 254 254 253 253 253 253 253 253 253 253 253 253 253 253 253 253 253 253 254 254 253 253 253 253 253 253 220 244 253 254 253 253 230 232 253 253 253 253 229 233 253 253 253 253 253 237 238 252 252 253 253 252 252 253 253 253 253 253 253 253 254 
253 253 253 253 253 253 253 254 253 253 253 253 253 253 253 253 254 253 253 253 254 253 254 254 253 254 253 253 253 222 243 253 254 254 253 231 234 253 253 253 253 229 233 253 253 253 253 253 238 240 253 253 253 253 253 252 253 253 253 253 253 253 253 253 
253 253 253 253 253 254 254 253 253 253 253 253 254 254 254 254 254 254 254 253 253 254 254 254 253 254 253 253 252 221 242 253 253 253 253 231 233 253 253 253 253 229 232 253 253 253 253 252 237 238 253 253 252 252 252 252 252 252 252 252 252 252 252 252 
253 253 253 254 253 253 253 254 254 254 254 254 254 254 253 253 254 253 254 254 253 253 253 253 253 253 254 253 253 222 242 254 254 253 253 231 233 253 254 253 253 230 233 253 253 253 253 253 238 239 253 252 252 253 253 253 253 252 252 252 252 252 253 253 
253 253 253 253 254 254 254 254 254 254 254 253 253 253 253 253 253 253 254 254 254 253 253 253 253 254 254 253 252 223 241 253 254 253 253 230 232 253 254 253 253 230 233 253 254 253 253 253 237 238 253 253 252 253 253 253 253 253 252 252 253 252 253 253 
253 253 253 253 253 253 254 254 254 254 254 253 253 253 253 252 253 253 253 254 253 253 254 254 253 253 254 252 252 223 240 253 253 254 253 230 234 253 254 254 253 229 233 253 253 253 253 254 238 239 253 253 253 253 253 252 253 253 252 252 253 252 253 254 
253 253 253 253 253 253 253 254 253 254 254 253 253 253 253 253 254 253 252 254 253 253 254 254 253 254 254 253 252 225 240 253 253 253 253 231 234 254 254 253 253 229 233 253 253 253 253 253 239 239 253 253 253 253 253 253 252 253 253 252 253 252 252 253 
253 253 253 253 253 252 252 253 253 254 253 252 253 254 253 253 254 253 252 253 253 253 254 252 252 253 254 253 252 224 239 253 254 253 253 230 232 253 253 253 253 229 234 254 253 253 253 253 238 239 253 253 253 253 253 253 253 253 253 252 252 252 252 253 
254 253 253 253 253 253 253 252 252 253 254 252 253 254 253 253 254 254 253 253 253 253 254 253 252 253 254 253 253 224 239 253 254 254 253 231 232 253 254 253 253 229 235 253 253 253 253 254 238 239 253 253 253 253 253 253 253 253 253 253 252 252 252 253 
253 253 253 253 253 253 253 253 252 253 253 252 253 253 252 252 253 253 253 253 253 253 254 253 253 253 253 253 252 223 238 253 254 254 254 231 231 254 253 253 253 228 233 253 253 253 253 253 238 238 253 253 253 253 253 253 253 253 253 253 253 252 252 252 
253 253 253 253 253 253 253 253 253 253 253 254 253 253 253 252 253 253 253 253 253 253 254 253 252 254 254 254 253 224 238 253 254 254 254 232 231 253 253 253 253 229 232 254 254 254 253 253 239 239 253 253 253 253 253 253 253 253 253 253 253 253 252 253 
254 253 253 253 253 253 253 253 253 253 253 253 253 253 253 253 253 253 253 253 253 253 253 253 253 253 253 253 252 224 238 254 254 253 254 232 231 254 254 254 253 229 231 254 254 254 253 253 239 240 253 253 253 253 253 253 253 253 253 253 253 253 252 253 
253 254 253 254 253 253 253 253 253 253 253 253 253 253 253 253 253 253 253 253 253 253 253 253 253 253 253 253 253 225 238 253 253 253 254 232 231 254 254 254 253 230 231 253 253 254 253 253 238 239 253 254 253 253 253 253 253 253 253 253 253 253 253 253 
254 254 253 254 254 253 253 253 253 253 253 253 253 253 253 253 253 253 253 253 253 253 253 253 252 253 253 253 253 226 237 253 254 254 254 232 230 254 254 254 253 230 231 253 253 253 253 253 238 238 253 254 253 253 253 253 253 253 253 253 253 253 252 252 
254 253 253 253 253 253 253 253 252 253 253 253 253 253 253 253 253 253 253 253 253 253 253 253 252 253 253 253 253 225 237 253 253 252 253 231 229 253 254 253 253 229 229 253 253 253 253 253 236 236 253 253 253 253 253 253 253 253 253 253 253 253 252 252 
254 254 254 254 254 253 253 253 253 253 253 253 253 253 253 253 253 253 253 253 253 253 253 253 253 253 253 253 253 227 238 253 253 253 252 233 229 253 254 253 253 231 230 254 254 254 254 254 238 237 253 253 253 253 253 253 253 253 253 253 253 253 253 253 
254 254 253 254 254 253 253 253 253 253 253 253 253 253 253 253 253 253 253 253 253 253 253 253 252 253 252 253 253 226 237 253 253 253 253 234 227 252 253 253 252 233 228 253 253 253 253 253 239 237 253 253 253 253 253 253 254 253 253 253 253 253 253 253 
254 253 253 254 254 253 253 253 253 253 253 253 253 253 253 253 253 253 253 253 253 253 253 253 253 253 253 253 253 228 237 253 254 254 252 234 228 253 254 253 253 234 227 254 254 254 254 254 239 238 253 253 253 254 253 253 253 254 254 253 253 253 253 253 
254 253 253 254 254 254 253 253 253 253 253 253 253 253 253 253 253 253 253 253 253 253 253 253 253 253 253 253 253 229 235 252 253 253 248 206 206 247 253 253 253 235 226 253 254 253 253 253 239 237 253 253 253 253 254 254 253 253 253 254 253 253 253 253 
253 253 253 254 253 253 253 253 253 253 253 253 253 253 253 253 253 253 253 253 253 253 253 253 253 253 253 253 253 228 235 253 253 251 238 149 110 173 209 248 253 237 226 253 253 253 252 253 239 236 253 253 253 253 254 253 254 253 253 254 253 253 253 253 
254 253 253 254 254 253 253 253 253 253 253 253 253 253 253 253 253 253 253 253 253 253 253 253 253 253 253 253 253 228 234 252 245 169 110 79 50 47 82 196 249 236 225 252 253 253 253 254 239 235 253 253 253 253 254 254 254 253 253 253 254 253 253 253 
253 253 252 253 253 253 253 254 253 253 253 253 253 253 253 253 253 253 253 253 253 253 253 253 253 253 253 253 253 228 231 212 138 76 56 26 23 14 55 176 247 236 225 252 253 254 253 254 238 235 253 253 253 253 253 254 253 254 253 253 254 253 253 253 
253 253 252 253 254 253 253 253 253 253 253 253 253 253 253 253 253 253 253 253 253 253 253 253 253 253 253 253 253 230 224 137 76 98 82 68 76 135 208 240 251 236 225 252 253 254 253 254 239 236 254 254 253 253 254 254 254 254 254 254 253 253 253 253 
254 254 252 252 253 253 253 253 253 253 253 253 253 253 253 253 253 253 252 253 253 253 253 253 253 253 253 253 253 229 233 246 232 215 203 201 212 250 253 253 253 235 224 252 253 254 253 254 240 235 254 254 253 253 254 253 253 253 253 253 254 253 253 253 
254 253 252 253 254 253 253 254 253 253 253 253 253 253 253 253 253 253 253 253 253 253 253 253 253 253 253 254 253 229 234 253 253 252 253 235 227 254 254 253 252 236 225 252 253 254 254 254 242 237 254 254 253 254 254 253 253 253 254 253 253 253 253 253 
254 253 252 252 254 253 254 254 253 253 253 253 253 253 253 253 253 253 253 253 253 253 253 253 253 253 253 253 253 229 233 253 253 253 253 236 226 253 253 253 253 237 225 253 254 254 254 254 242 235 254 253 253 253 253 253 253 254 253 253 254 253 253 253 
254 253 253 254 254 253 253 253 253 253 253 253 253 253 253 253 253 253 253 253 253 253 253 253 253 253 253 252 253 229 234 253 253 253 253 236 226 253 253 253 253 238 225 253 253 254 254 253 241 235 254 253 253 254 254 253 253 253 253 253 253 253 253 253 
254 253 253 254 254 253 253 253 253 253 253 253 253 253 253 253 253 253 253 253 253 253 253 253 253 253 253 253 253 229 233 253 253 253 253 236 227 253 253 253 253 237 224 253 254 254 254 254 242 234 254 253 253 254 254 253 253 254 253 253 253 253 253 253 
253 253 253 254 254 253 253 253 253 253 253 253 253 253 253 253 253 253 253 253 254 253 253 253 252 253 253 253 253 229 232 253 253 252 253 236 228 253 253 253 252 238 223 252 253 253 253 253 241 232 253 253 253 253 253 253 253 253 253 253 253 253 253 252 
253 253 252 254 254 253 253 253 253 253 253 253 253 253 253 253 253 253 253 254 253 253 253 253 253 253 253 253 253 231 232 253 253 253 253 235 226 253 253 253 252 238 224 252 253 254 253 253 241 232 253 254 254 254 254 253 253 253 254 253 253 253 253 253 
254 253 253 254 253 253 253 253 253 253 253 253 253 254 253 253 253 253 253 253 253 253 253 253 253 253 253 253 253 232 231 253 253 253 253 235 226 253 253 252 252 239 223 253 254 254 253 253 242 231 253 253 253 253 253 253 253 253 253 253 253 253 253 253 
253 253 253 254 254 253 253 253 253 253 253 253 253 253 253 253 253 253 253 253 253 253 253 253 253 253 253 253 253 233 231 253 253 253 253 235 226 252 253 253 253 241 222 253 253 254 254 253 242 231 253 253 254 254 253 253 253 253 253 253 253 253 253 253 
253 253 254 254 254 253 253 253 253 253 253 253 253 253 253 253 253 253 253 253 253 253 253 253 253 253 253 252 253 232 231 252 253 253 253 236 225 252 253 253 253 241 219 253 253 253 253 253 242 231 253 254 253 253 254 253 253 253 253 253 253 252 252 252 
253 253 253 253 253 253 253 253 253 253 253 253 253 253 253 253 253 253 253 253 253 253 253 253 253 253 253 253 253 232 232 253 253 253 253 237 224 253 253 253 254 242 220 253 253 253 253 253 244 232 253 253 253 253 253 253 253 253 253 253 253 252 252 253 
253 253 252 253 253 254 253 253 253 253 253 253 253 253 253 253 253 253 253 253 253 253 253 253 253 253 253 253 253 231 232 253 253 253 253 238 223 253 254 254 254 243 220 253 253 253 253 253 244 231 253 254 253 253 253 253 253 253 253 253 253 253 252 252 
253 253 253 253 254 254 253 253 253 253 253 253 253 253 253 253 253 253 253 253 253 252 253 253 253 253 253 253 253 230 232 253 253 253 252 237 223 253 254 254 254 243 219 253 254 253 253 253 243 230 253 253 253 253 253 253 253 253 253 253 253 253 252 253 
253 254 253 253 253 253 253 253 253 253 253 253 253 253 253 253 253 253 253 253 253 253 253 253 252 253 253 253 252 231 233 254 253 252 253 239 224 254 253 254 253 243 221 253 253 253 253 253 245 232 253 253 253 253 253 253 253 253 253 253 253 253 253 253 
253 254 254 254 254 253 253 253 253 253 253 253 253 253 253 253 253 253 253 253 253 253 253 253 252 253 253 253 253 230 232 254 254 253 252 237 224 254 254 253 253 242 219 253 253 253 253 253 246 231 253 253 253 253 253 253 253 253 252 252 252 252 252 253 
253 254 253 253 253 253 253 253 253 253 253 253 253 253 253 253 253 253 253 253 253 253 253 253 253 253 253 253 253 230 232 254 254 254 253 238 224 253 254 253 253 243 222 253 253 253 254 253 247 233 253 253 253 253 253 253 253 253 253 253 253 253 253 253 
253 254 253 253 254 253 253 253 253 253 253 253 253 253 253 253 253 253 253 253 253 252 253 253 253 253 252 253 253 231 232 253 254 253 253 238 223 253 254 253 253 242 220 253 253 253 253 253 247 229 253 253 253 253 253 253 253 253 253 252 253 253 253 253 
252 254 253 253 253 253 253 253 253 253 253 253 253 253 253 253 253 253 253 252 253 253 253 253 253 253 253 253 253 231 233 254 254 253 253 238 224 253 254 253 253 243 220 253 253 253 253 254 248 230 252 253 253 253 253 253 253 253 253 252 253 253 252 253 
250 253 253 253 253 253 253 253 253 253 253 253 253 253 253 253 253 253 252 253 253 253 253 253 252 253 253 253 252 231 232 253 253 253 253 239 224 253 254 254 254 243 220 253 253 253 253 253 248 229 252 253 253 253 253 253 252 252 253 252 253 253 252 252 
249 253 253 253 253 253 253 253 253 253 253 252 253 253 253 252 253 252 252 253 252 252 253 252 252 252 253 252 252 231 232 253 254 254 253 239 223 253 253 253 253 243 219 252 253 254 253 253 249 228 252 253 253 253 253 253 253 252 252 252 253 253 253 253 
250 253 253 253 254 253 253 253 253 253 253 253 253 253 252 253 254 253 252 253 253 254 253 252 253 253 254 253 253 232 232 253 254 253 253 240 223 253 254 253 253 245 219 253 253 254 253 253 249 228 252 253 252 252 253 253 252 253 252 253 254 253 253 253 