


10 18 16 20 14 17 29 26 27 26 11 5 4 3 13 20 29 17 7 20 28 25 22 49 97 82 48 41 43 31 15 8 2 8 6 4 7 17 18 22 17 20 15 15 28 26 11 10 8 12 26 17 11 8 4 2 1 7 6 5 29 50 49 68 
12 16 8 29 32 11 19 38 39 25 14 4 2 5 16 19 25 48 23 13 27 28 23 23 41 87 86 51 42 45 35 12 5 4 6 4 8 11 10 15 22 21 16 13 16 28 22 11 5 7 23 13 5 6 9 4 4 19 8 9 14 19 29 55 
6 18 10 9 30 26 7 45 57 32 34 33 21 28 12 26 15 36 62 45 52 54 27 18 22 31 73 88 54 43 45 41 18 3 3 4 3 7 10 9 9 18 17 11 21 19 13 5 6 14 26 18 5 5 9 7 3 7 7 5 11 39 60 55 
7 11 7 7 10 30 22 18 62 35 20 31 40 42 23 23 16 16 30 62 44 43 48 39 34 20 26 54 84 61 46 45 44 23 5 4 2 2 4 7 9 10 14 14 20 22 4 2 8 25 22 17 2 3 8 9 3 2 6 9 30 60 49 14 
5 2 5 10 9 23 53 34 33 55 38 35 25 27 29 27 28 22 29 33 37 31 38 51 14 6 13 22 38 72 73 50 43 43 30 7 2 2 1 2 4 4 7 14 14 13 6 2 4 5 6 18 17 8 30 12 4 1 8 19 45 40 13 5 
11 8 6 12 8 5 46 55 35 31 61 45 47 31 37 45 52 46 34 32 25 39 45 17 7 3 3 9 17 25 52 69 54 43 40 33 11 2 4 3 1 7 21 11 6 8 8 3 2 2 4 23 42 20 84 25 7 2 3 14 26 36 72 71 
25 11 11 11 11 6 14 63 43 29 56 69 71 77 61 28 11 11 23 28 55 64 37 8 2 3 6 5 9 16 20 30 56 62 45 39 37 16 3 2 10 54 37 8 11 5 7 5 1 1 4 25 21 13 95 41 7 4 19 49 73 83 81 66 
65 34 17 7 10 12 11 25 61 34 74 66 71 44 52 33 7 3 25 53 52 66 64 38 11 4 4 6 2 5 9 23 47 30 51 46 36 38 22 10 64 99 52 31 7 1 2 3 2 1 2 22 8 6 88 51 29 50 61 50 28 14 5 1 
70 75 39 7 12 12 6 6 16 30 48 37 42 47 28 47 28 8 22 37 39 37 53 64 50 21 8 28 13 4 8 18 80 56 18 40 47 33 31 43 96 87 63 13 2 0 1 2 1 1 1 8 11 17 93 97 38 18 6 1 1 1 0 0 
28 37 47 43 22 19 16 11 6 18 38 17 8 32 28 14 38 36 32 35 47 105 92 81 70 62 39 32 33 10 8 13 59 106 74 26 36 62 48 38 64 31 33 17 2 1 1 1 1 1 1 4 19 36 81 97 10 1 1 1 1 1 3 3 
54 77 78 79 65 43 38 33 22 17 31 28 9 7 11 11 12 28 33 20 30 121 141 137 122 87 68 54 41 31 24 19 21 66 92 65 34 32 68 94 83 35 17 21 15 19 20 19 19 10 2 8 32 19 49 99 22 13 21 6 5 6 7 9 
24 57 53 63 76 82 75 34 22 27 32 46 30 13 7 18 39 25 21 20 27 73 143 149 141 132 102 56 57 44 22 9 11 26 45 56 75 67 80 94 64 34 44 69 93 87 33 22 12 6 8 3 12 11 29 73 57 44 33 5 1 1 5 21 
31 34 50 61 55 55 47 39 32 56 52 58 50 38 51 63 33 15 18 16 21 33 87 148 150 146 146 108 62 66 52 29 25 36 66 94 121 118 106 124 153 178 198 217 222 208 112 30 13 1 11 6 4 6 8 43 41 5 0 0 1 5 17 35 
21 11 23 67 85 95 98 87 55 36 35 25 40 98 102 55 31 19 14 7 9 18 60 109 147 154 151 147 120 98 79 68 62 89 102 108 141 178 202 214 219 228 240 244 248 248 240 200 133 25 13 10 3 18 31 42 41 20 6 2 2 8 17 25 
29 22 18 38 58 62 59 77 83 68 58 34 25 58 55 32 35 28 26 25 21 44 73 45 83 143 155 149 137 119 108 107 97 85 94 160 209 207 215 229 241 248 250 250 250 251 251 242 147 110 103 84 57 54 70 80 71 62 58 45 26 19 28 43 
88 71 57 53 35 23 28 33 56 91 98 91 71 57 51 18 15 24 27 24 16 18 26 45 67 78 138 150 152 143 129 121 77 97 172 204 220 222 236 247 251 251 251 250 251 251 250 220 116 111 131 115 99 112 119 121 101 77 88 88 82 71 68 68 
96 97 103 98 71 56 50 28 17 39 62 79 101 106 103 83 57 36 27 22 21 32 106 168 147 122 109 132 142 148 141 126 124 186 206 212 230 242 249 249 250 251 250 251 250 251 243 169 114 121 134 112 80 70 68 74 76 51 41 68 111 101 97 78 
71 63 55 79 99 97 82 62 48 43 52 44 54 69 89 113 124 120 104 81 87 167 241 249 234 203 122 93 83 114 123 119 174 216 212 231 241 248 247 246 251 251 249 249 250 250 228 112 89 96 109 88 69 63 61 57 54 52 71 90 104 110 80 57 
53 38 41 58 82 75 68 69 69 70 70 59 36 30 32 55 89 140 205 225 240 249 251 251 250 249 215 113 56 63 78 126 206 209 227 241 244 246 241 249 251 249 247 249 251 250 211 56 41 55 66 60 53 50 55 51 27 25 54 77 52 47 24 21 
99 56 57 83 107 100 92 87 83 80 81 83 72 52 50 52 57 162 250 251 250 250 250 251 251 250 250 226 161 98 69 169 203 220 233 236 241 238 245 250 250 246 248 249 250 251 181 47 40 41 44 45 45 43 67 80 51 24 29 64 37 17 26 56 
76 38 49 64 80 76 78 81 81 79 74 68 79 77 50 50 57 169 250 251 251 250 249 250 250 250 250 249 228 142 101 204 211 226 233 231 236 237 249 250 247 248 249 250 250 248 140 59 63 66 68 69 76 85 86 57 55 39 23 35 47 55 74 65 
19 16 11 22 44 54 52 56 62 66 63 57 55 74 69 42 48 148 249 251 251 251 250 249 250 250 250 250 247 202 180 215 221 228 231 229 233 245 250 249 243 249 250 250 250 207 64 27 25 28 31 58 89 88 81 56 28 10 14 23 62 80 69 58 
28 20 14 10 9 25 37 26 36 59 61 69 70 62 58 58 61 94 222 250 251 251 251 249 249 250 251 250 249 241 232 219 222 228 227 227 234 248 249 245 244 249 251 251 250 156 27 17 4 8 33 82 92 75 40 17 36 63 63 68 105 95 61 66 
61 67 75 69 54 47 58 60 54 48 78 117 91 49 31 50 93 86 146 244 249 250 251 251 249 249 250 250 248 245 237 226 223 224 224 228 236 249 247 242 245 247 250 250 228 91 77 73 54 82 99 87 64 26 5 10 58 113 117 105 116 86 59 52 
102 101 94 85 76 69 67 63 55 49 81 71 43 31 29 36 71 108 105 196 247 248 250 251 250 249 250 250 249 243 234 224 226 222 222 227 241 248 238 238 244 248 250 246 172 94 121 91 85 94 78 59 37 6 2 6 50 101 81 82 80 79 51 40 
68 83 46 40 45 47 49 54 60 67 80 66 63 66 72 78 85 102 127 147 202 238 246 248 249 250 250 249 249 240 232 223 224 224 231 240 248 245 234 236 245 247 248 229 120 72 102 87 70 68 67 53 16 3 17 68 106 76 58 70 76 63 60 61 
71 103 83 65 59 60 63 65 71 78 85 87 85 80 83 101 157 205 230 226 192 222 245 242 242 242 244 248 249 242 238 230 232 240 247 249 250 246 239 238 244 247 245 199 106 101 109 92 77 77 62 36 9 43 101 112 73 42 55 60 43 42 44 43 
50 54 54 56 64 68 76 123 154 192 206 209 204 189 195 219 235 232 229 232 236 239 244 245 246 243 243 245 249 248 245 241 246 250 252 251 251 249 245 242 245 246 233 201 211 222 228 207 185 159 116 74 68 115 115 71 31 36 21 9 8 10 9 7 
100 95 55 47 113 150 173 233 237 240 237 238 241 239 239 227 219 224 229 228 230 231 229 232 233 231 237 243 248 249 250 249 252 253 253 252 253 249 246 246 244 243 237 243 249 251 251 251 252 249 244 235 219 186 136 48 9 4 0 1 3 6 9 14 
116 123 116 99 167 235 246 246 244 248 248 247 249 245 242 235 233 234 237 233 229 225 223 222 223 224 230 238 247 250 252 249 252 251 252 253 253 249 247 246 240 239 246 250 251 251 251 252 251 251 252 251 252 251 245 211 131 39 5 11 23 29 31 34 
55 79 84 97 130 166 243 251 251 251 250 250 251 250 250 249 248 246 244 239 235 230 227 226 228 237 244 242 235 240 242 229 229 241 249 252 252 250 248 245 245 248 250 251 251 251 252 252 252 252 252 252 252 252 252 251 239 185 61 8 20 18 20 18 
71 75 74 76 137 209 248 249 250 250 250 250 250 251 250 250 250 250 251 250 248 246 245 244 245 248 251 247 235 231 230 226 220 244 251 249 244 251 251 251 250 249 249 250 250 250 250 251 251 252 252 252 251 251 252 251 243 220 144 40 53 42 32 28 
73 59 54 48 183 249 251 251 251 250 250 251 250 250 250 250 251 250 247 243 240 238 236 238 243 248 251 251 243 230 236 228 243 247 249 250 247 252 253 252 250 249 250 250 251 251 251 251 252 251 251 252 252 251 252 252 246 222 165 84 46 26 53 87 
63 53 48 32 94 221 249 251 251 250 250 251 251 251 251 251 250 250 246 243 237 232 230 229 233 238 247 250 251 249 244 235 246 248 251 252 250 251 251 250 250 251 251 251 252 252 252 252 252 252 252 252 252 252 253 252 250 227 149 70 45 79 102 96 
93 85 64 40 45 99 203 244 250 250 251 250 250 251 250 250 250 249 248 246 243 238 236 234 235 237 243 246 249 250 251 248 252 251 252 252 250 249 247 248 250 250 250 251 251 252 252 252 252 252 252 252 252 252 248 229 191 127 62 41 71 78 73 77 
89 91 103 88 61 41 64 154 221 241 249 249 250 249 250 249 248 249 249 248 246 242 242 243 244 244 245 248 249 249 251 251 253 253 252 252 251 249 245 239 249 248 247 248 249 247 239 221 225 214 207 200 187 167 138 102 78 54 26 47 59 58 60 54 
47 34 57 59 53 56 57 70 110 120 177 215 233 244 248 249 248 247 248 248 247 247 246 248 248 248 247 248 249 250 250 250 250 251 253 252 252 249 246 244 248 232 202 169 155 143 128 84 65 71 76 83 113 86 36 34 74 77 61 48 50 38 24 8 
22 34 58 69 69 79 81 79 71 55 76 97 90 114 138 147 167 170 164 200 237 240 240 241 243 244 243 247 250 247 249 249 247 248 250 250 250 249 247 243 244 184 123 161 137 93 89 76 53 61 70 120 150 118 19 41 87 89 83 74 49 41 37 32 
69 72 75 83 87 56 50 48 44 49 69 51 24 35 32 38 36 27 38 168 238 242 246 249 250 249 248 249 249 246 250 250 244 247 250 249 249 248 248 248 247 234 134 75 72 72 74 58 51 68 128 159 152 156 83 49 60 80 60 44 49 54 35 25 
74 76 70 82 94 45 41 37 35 38 91 40 20 47 52 35 15 20 146 244 250 250 251 251 249 248 249 251 247 248 250 249 245 246 249 248 249 250 249 250 250 247 216 91 72 89 59 48 25 25 53 91 124 122 94 73 65 64 48 34 42 53 39 22 
58 65 57 54 46 51 37 23 24 40 91 37 43 64 48 75 84 140 240 251 251 251 251 249 249 249 251 250 247 249 250 249 246 247 249 249 249 250 249 250 250 250 248 201 116 62 53 65 56 37 22 29 65 74 77 61 41 52 55 28 17 16 18 20 
42 42 44 56 64 66 58 64 78 79 77 53 64 64 57 96 128 222 251 251 251 250 249 249 250 250 251 249 246 248 250 250 245 247 249 250 250 250 250 250 250 251 250 247 227 158 82 51 62 68 62 72 72 63 42 12 41 54 21 4 9 19 5 6 
53 48 30 33 70 60 43 64 52 62 74 74 67 41 27 80 174 246 251 251 251 250 249 250 251 250 250 250 241 242 249 248 246 246 249 250 250 250 251 251 251 251 251 251 250 246 184 94 78 68 43 28 52 29 5 4 44 29 8 18 40 21 10 29 
51 36 54 59 66 74 62 51 48 71 92 75 53 63 51 62 196 250 250 251 250 249 251 251 250 250 250 235 185 193 244 247 242 241 246 250 250 250 250 251 251 251 250 251 251 250 227 80 80 98 88 55 46 27 3 21 33 11 32 54 37 30 34 18 
49 38 56 67 84 75 65 61 57 64 73 49 29 23 37 109 239 250 250 249 250 250 250 250 250 248 226 174 129 99 144 233 246 241 239 244 249 250 250 250 251 251 250 251 251 250 199 42 25 56 89 103 101 88 55 54 37 44 62 49 28 28 9 1 
89 118 118 90 63 66 55 41 50 79 64 14 2 12 62 148 248 250 249 249 250 251 250 250 247 221 172 136 60 46 48 106 193 243 243 234 239 244 250 251 251 251 251 251 251 249 167 43 43 65 98 97 97 95 75 89 83 74 77 73 53 47 44 28 
125 128 126 88 41 28 36 42 82 93 64 14 6 36 71 106 222 248 248 250 250 251 247 229 185 161 144 102 46 35 30 10 32 136 220 244 237 238 246 250 251 252 251 251 251 251 242 165 128 111 105 103 83 68 68 69 70 75 87 107 109 107 106 104 
104 97 76 65 57 41 46 76 102 77 56 21 13 40 42 50 106 214 249 250 245 219 163 129 132 131 83 37 53 53 37 9 25 50 80 171 235 246 238 249 251 251 251 251 251 251 246 143 82 53 58 90 66 62 84 71 73 77 78 72 59 47 47 60 
104 62 22 51 64 55 59 98 96 62 58 29 42 64 55 48 66 117 195 172 130 89 48 103 118 87 46 33 62 66 44 23 49 54 23 25 144 246 234 242 250 250 251 251 251 251 251 209 87 48 71 83 66 78 79 85 61 43 68 55 39 13 14 35 
85 49 40 69 71 69 97 98 74 48 37 46 87 86 39 38 91 85 48 48 61 42 33 88 72 35 22 36 71 90 67 32 51 33 7 19 92 214 247 244 246 251 251 251 250 252 252 188 81 97 113 110 109 100 81 74 60 45 85 105 95 40 14 34 
74 82 71 67 48 64 110 77 57 61 27 66 120 101 46 70 65 53 41 33 45 36 56 100 86 17 16 41 80 99 60 27 78 56 30 43 80 126 234 249 244 249 250 251 250 250 247 169 71 100 112 101 113 122 100 67 59 81 92 84 112 97 58 54 
97 97 87 75 52 92 117 72 55 39 38 78 111 80 42 52 33 38 34 35 38 43 73 108 76 17 26 37 82 103 53 58 145 123 99 76 79 97 181 240 241 246 250 248 233 226 229 130 70 102 100 100 95 107 68 45 63 89 132 99 45 44 51 51 
34 35 49 63 76 88 83 42 33 32 47 57 63 44 25 39 30 28 36 35 24 40 87 88 62 60 42 21 77 99 50 30 92 112 104 87 91 81 104 182 217 234 237 224 181 107 121 67 20 57 73 79 81 121 116 93 65 91 126 103 76 50 41 47 
11 13 17 26 76 87 53 31 29 36 65 89 82 44 27 19 18 24 60 68 38 62 99 91 53 36 30 38 78 89 42 4 21 64 80 92 73 27 51 106 128 144 164 153 96 44 60 68 60 79 71 68 95 143 139 104 62 90 84 35 31 59 50 60 
19 17 11 21 59 63 35 21 14 36 54 79 76 31 35 17 5 37 67 74 83 74 93 86 69 38 37 34 71 76 38 13 55 82 95 78 27 7 36 77 90 111 102 72 59 41 75 103 90 63 62 80 93 136 123 95 75 94 72 47 15 36 57 58 
38 16 5 4 13 19 34 50 48 36 40 103 86 35 25 31 33 72 46 72 98 104 77 63 74 34 8 13 65 59 30 45 83 96 90 49 13 36 54 83 86 59 78 84 95 88 128 103 49 29 74 91 71 91 98 81 86 94 88 92 76 55 61 73 
71 41 13 15 21 23 33 89 50 13 36 59 71 35 15 37 93 73 23 54 69 119 92 74 64 36 15 19 56 58 63 86 103 85 79 39 69 69 48 79 102 89 111 100 110 92 101 40 10 50 92 70 32 41 32 70 92 62 44 73 93 78 74 71 
68 58 28 40 27 25 50 47 7 10 34 33 35 9 11 59 117 42 8 37 64 67 60 57 47 51 49 58 79 91 92 109 93 85 64 79 100 75 49 38 108 139 135 118 131 109 28 11 31 74 99 33 38 38 36 67 90 48 21 18 64 74 96 86 
65 54 55 69 63 61 66 29 12 29 60 35 7 5 43 51 67 52 71 87 67 39 39 21 24 76 74 77 81 101 108 94 86 91 64 129 108 71 43 20 93 110 111 84 112 81 31 42 61 90 84 15 48 27 47 58 79 32 19 31 70 91 105 94 
99 42 52 65 71 68 49 54 50 53 52 17 9 34 55 18 51 110 105 59 90 93 66 29 56 71 94 105 103 95 65 79 97 62 52 132 125 67 39 15 57 82 107 84 84 65 55 46 62 97 48 16 48 28 71 79 88 83 86 81 89 102 123 92 
97 83 88 85 87 52 41 43 52 72 30 14 27 58 17 21 64 67 67 103 118 108 104 75 47 82 107 100 83 58 49 88 96 32 48 116 83 70 37 17 59 73 90 106 95 80 36 24 72 83 17 27 34 14 77 105 84 45 29 16 66 106 125 76 
69 57 52 85 45 13 18 16 54 86 33 21 65 51 35 35 45 65 99 103 96 110 106 86 99 99 82 57 47 26 70 102 66 31 40 44 60 71 35 36 67 83 78 83 101 95 43 40 83 50 9 38 22 6 62 108 69 20 15 25 74 118 114 61 
18 23 49 55 7 2 4 14 64 81 49 52 50 27 30 37 64 85 66 84 96 110 67 83 93 73 56 45 47 63 96 98 41 46 35 37 58 63 26 27 72 91 66 71 62 105 82 65 83 19 11 43 14 31 87 103 58 27 21 38 81 123 94 45 
20 31 54 14 12 31 52 59 86 71 24 30 16 7 25 43 61 48 62 84 102 109 95 86 79 62 46 56 53 80 102 70 32 51 28 39 69 64 28 24 74 92 43 57 45 91 104 101 66 4 12 37 15 64 103 92 52 37 23 58 80 92 60 32 


31 52 52 58 59 69 81 66 61 63 33 11 12 22 56 77 81 59 40 63 83 87 78 94 132 123 101 95 97 83 63 44 29 58 52 46 44 60 71 80 76 81 70 65 81 81 57 60 58 59 70 38 50 61 49 24 7 31 42 18 61 96 98 112 
31 42 23 62 75 36 52 87 84 66 54 20 7 29 51 71 77 93 58 41 72 79 83 82 93 125 126 103 97 98 87 52 30 31 53 44 49 57 55 67 81 80 75 72 70 83 74 65 48 42 68 41 43 59 59 35 14 52 43 25 35 66 83 110 
12 29 17 19 60 58 22 75 100 81 87 77 46 52 49 69 59 86 102 72 78 89 74 75 83 89 116 126 104 98 99 94 58 23 36 41 28 41 51 54 57 72 75 68 77 71 65 51 51 55 73 64 46 52 62 47 20 23 43 30 35 91 114 104 
12 14 10 9 25 70 52 38 97 75 68 79 89 87 66 72 60 69 81 102 69 70 86 83 86 80 85 102 121 108 99 99 97 64 27 33 28 20 32 42 49 54 65 68 77 74 46 37 49 68 65 57 22 37 57 54 25 8 37 44 71 112 92 31 
11 5 17 24 24 43 94 68 60 95 83 79 59 62 78 84 81 72 85 87 88 79 88 95 61 46 59 79 91 113 114 102 97 97 74 29 32 21 13 22 33 33 41 67 67 65 49 38 40 36 31 63 49 29 61 58 33 15 30 58 95 84 34 33 
46 31 26 27 23 21 77 96 73 70 104 91 87 58 67 93 101 99 91 88 80 89 88 54 44 35 26 51 75 83 98 109 102 97 95 78 35 20 9 15 18 31 58 54 44 57 56 33 21 25 32 70 84 52 96 64 35 15 19 60 71 67 105 112 
68 59 55 53 50 28 33 93 72 65 101 114 114 118 102 57 30 47 76 84 103 109 84 31 21 29 38 37 54 72 79 80 96 106 98 93 86 48 15 9 23 89 78 37 49 43 50 40 12 5 20 69 51 35 116 72 37 13 45 94 114 122 115 96 
101 72 55 44 51 47 47 62 97 62 104 111 114 89 95 70 24 24 68 103 101 112 109 81 36 30 37 40 25 40 61 76 90 69 89 98 91 89 60 27 98 144 91 74 37 9 23 29 19 8 9 58 33 18 111 77 64 82 98 81 51 25 11 4 
105 110 73 45 52 42 33 35 53 76 91 80 90 90 65 91 59 30 69 88 90 89 99 108 97 63 41 64 37 23 47 63 122 95 53 81 95 87 84 90 140 133 111 46 14 1 9 14 14 19 12 35 44 32 119 118 74 48 29 7 6 2 1 0 
67 70 85 83 62 66 66 51 29 46 81 53 49 81 70 44 80 77 81 79 84 127 113 108 110 109 86 80 72 25 28 54 105 143 113 73 83 100 88 85 115 86 87 54 18 4 4 6 6 16 11 20 63 71 111 118 22 8 11 13 10 6 9 10 
99 107 102 114 104 84 82 70 62 64 79 67 39 42 58 56 56 80 87 71 68 115 127 130 126 114 110 101 88 70 52 52 60 111 134 112 79 78 106 132 119 77 69 72 51 26 20 22 21 20 11 21 75 58 78 122 33 24 36 30 33 38 42 47 
76 100 99 109 115 115 110 80 64 67 67 82 70 53 42 64 92 82 78 74 74 86 114 120 125 128 121 96 99 86 51 27 32 67 90 101 119 110 125 134 87 59 65 75 80 73 38 29 14 14 28 10 26 42 67 105 90 76 47 11 7 10 26 56 
58 65 89 103 101 99 97 91 85 97 85 95 92 86 94 106 75 65 71 64 72 77 95 118 118 128 140 118 88 101 89 57 51 69 108 134 157 152 136 130 122 103 93 102 99 104 79 29 8 3 32 17 12 30 38 71 72 13 1 1 4 22 63 84 
71 52 52 94 117 123 125 117 100 88 83 73 86 140 144 105 73 64 63 39 45 62 101 120 123 129 137 143 128 114 100 98 97 127 143 143 148 135 119 101 103 106 119 123 140 156 138 114 91 29 30 27 13 59 79 88 85 42 14 15 27 48 67 75 
82 76 70 83 96 95 100 116 121 113 106 89 80 109 104 80 87 83 79 74 70 88 109 85 101 131 138 137 122 108 97 122 136 124 122 130 105 79 98 110 124 136 142 164 193 170 158 148 146 148 136 114 79 92 117 126 119 113 100 85 65 65 77 92 
125 112 102 100 82 67 70 77 93 126 136 133 117 108 101 55 53 72 70 59 51 58 66 83 96 98 136 136 115 108 104 111 103 126 125 89 95 96 116 125 134 141 164 200 167 156 155 145 144 156 168 153 141 148 155 156 140 128 137 138 131 122 118 117 
132 134 137 133 114 102 97 76 53 71 91 112 136 143 142 125 97 82 70 59 53 56 93 135 129 128 124 135 123 110 111 105 129 142 80 86 105 117 124 124 135 158 202 173 160 164 146 143 157 164 172 150 126 118 117 122 121 104 99 121 141 130 125 124 
114 108 100 118 136 136 125 109 98 91 94 91 102 116 131 150 160 156 138 109 89 124 171 173 164 161 114 93 98 105 101 93 118 97 77 97 114 119 116 115 148 202 184 180 176 168 146 134 138 142 148 132 119 113 111 109 108 104 108 121 124 123 102 107 
92 86 90 106 127 119 113 114 114 114 113 105 88 81 80 98 126 158 183 192 207 208 192 178 174 177 161 105 74 81 81 83 78 66 89 106 109 109 100 126 189 184 175 196 187 179 144 68 80 96 105 102 100 98 101 99 84 80 100 113 94 91 71 76 
127 100 102 125 147 139 133 129 125 123 122 122 110 95 93 92 93 161 214 212 220 225 197 178 163 163 166 164 144 111 90 90 56 77 86 94 98 89 110 169 191 159 179 191 172 176 128 70 79 86 89 92 94 85 106 112 93 80 82 108 84 52 50 94 
107 91 102 115 127 124 125 126 126 124 122 117 119 115 96 93 95 158 205 206 205 209 210 174 157 147 149 153 152 125 94 80 59 76 78 77 82 84 140 204 149 156 184 168 152 163 111 98 105 109 112 113 118 121 119 92 102 91 79 87 98 101 115 108 
30 42 48 68 87 99 102 104 113 116 114 109 104 117 110 86 84 142 197 187 189 183 193 185 149 139 130 133 132 114 119 68 67 74 68 67 67 98 188 171 128 136 149 146 163 143 72 57 56 61 68 101 127 126 121 101 70 49 64 78 109 122 113 106 
53 41 41 43 41 67 78 56 72 105 109 117 119 113 109 107 107 120 180 172 169 169 168 180 164 135 125 117 117 113 110 57 62 64 55 52 60 137 188 122 106 109 125 145 177 98 37 25 6 13 52 119 131 116 80 53 64 83 93 108 135 127 107 114 
94 107 118 115 98 97 108 107 100 97 122 157 136 97 75 91 128 120 133 166 155 151 152 151 165 146 121 113 106 116 84 51 56 51 45 44 73 183 135 85 86 94 110 145 144 59 74 79 66 112 135 128 106 58 29 39 84 119 134 132 137 117 104 101 
136 137 132 125 116 112 114 112 106 102 128 122 96 84 78 82 110 139 126 156 153 132 132 134 137 148 129 111 102 107 70 39 50 42 36 42 122 185 74 59 73 90 108 133 109 95 100 76 87 129 118 99 74 28 22 27 82 136 119 115 114 123 97 86 
101 123 98 91 95 98 101 105 110 115 127 117 114 116 119 121 126 135 145 144 129 115 117 120 119 124 141 123 101 111 72 38 41 40 45 78 183 138 47 49 75 87 119 128 101 83 93 76 83 105 105 89 31 8 26 91 142 117 106 118 122 109 102 103 
110 142 128 111 106 106 109 110 114 115 118 122 123 121 122 127 135 142 141 124 125 135 137 133 120 106 112 137 119 108 75 43 48 68 92 149 193 97 46 51 70 93 131 119 89 89 94 92 93 109 101 66 27 75 136 147 112 91 103 109 91 89 90 88 
100 102 100 101 109 112 110 123 135 152 149 151 152 145 154 157 116 84 73 77 94 100 99 104 111 118 123 139 138 131 89 60 87 135 163 193 182 114 66 56 76 120 111 86 95 114 138 139 133 126 109 76 91 150 148 104 72 75 47 34 37 38 34 27 
138 127 81 63 120 156 146 119 111 115 105 106 107 103 97 86 64 67 70 69 70 67 62 59 58 55 66 81 97 123 124 113 152 167 177 189 187 152 93 73 110 119 77 89 113 131 143 153 159 161 161 161 159 155 129 53 21 9 2 4 11 22 35 51 
142 152 146 125 134 144 142 118 116 123 119 111 111 104 97 87 80 79 77 67 59 51 47 44 45 46 53 68 96 126 157 161 165 160 172 179 193 180 116 110 113 71 84 106 126 139 151 162 166 168 173 175 171 167 166 143 92 28 16 38 60 70 76 78 
79 102 116 130 147 137 158 174 168 158 147 139 132 122 112 104 97 90 81 71 59 49 43 43 48 64 90 130 148 159 161 139 138 149 161 176 192 183 148 133 88 101 121 136 149 157 167 175 183 187 189 186 180 174 167 157 142 111 43 26 49 49 51 47 
112 114 116 113 124 145 175 198 201 200 193 189 190 186 181 174 167 161 156 149 137 133 135 133 130 132 143 160 170 161 147 137 132 148 158 157 144 162 180 180 172 170 176 183 191 199 207 210 212 214 213 206 195 186 174 160 139 111 78 64 87 80 70 66 
103 95 94 76 110 131 160 172 166 156 149 144 137 133 129 122 112 106 94 87 81 78 85 93 105 116 135 156 161 142 145 138 152 150 155 154 138 151 176 188 175 162 165 169 174 184 189 198 202 205 206 205 199 190 182 170 152 120 103 113 85 62 87 119 
81 76 73 62 85 115 131 152 156 147 146 143 137 129 122 113 104 93 80 68 58 46 44 43 51 62 85 121 151 166 175 165 163 158 161 165 171 164 146 130 126 134 144 155 162 170 176 181 185 187 186 183 181 176 171 166 154 128 111 102 78 112 134 130 
130 122 95 75 69 75 100 124 131 135 137 140 137 131 129 125 119 108 97 86 75 65 58 53 55 60 67 88 117 152 167 175 183 165 165 172 191 185 148 120 118 127 136 145 155 162 166 170 172 175 178 177 176 176 176 171 149 113 88 80 109 116 114 118 
110 119 134 125 99 69 68 105 125 127 128 125 121 120 116 113 109 105 100 96 90 82 79 75 77 79 81 98 114 154 178 183 183 180 181 189 192 193 176 159 131 126 140 149 158 162 156 146 154 151 154 156 155 146 134 121 113 95 74 97 110 108 109 98 
80 73 94 100 99 103 99 106 124 111 122 138 137 136 130 123 118 115 117 114 102 108 106 101 102 101 113 134 155 167 169 133 138 173 189 204 196 153 125 119 130 133 127 121 133 136 125 95 79 94 104 108 136 114 62 69 118 123 111 99 98 86 72 46 
60 67 85 102 114 124 124 121 113 96 111 124 100 105 113 119 118 121 109 129 136 124 126 116 112 105 113 146 144 158 163 104 84 121 149 174 209 122 66 58 87 110 83 132 148 127 123 109 90 97 94 122 134 111 32 77 126 130 128 121 98 92 89 85 
107 109 114 127 131 103 96 96 91 90 109 93 63 79 76 82 75 52 46 119 125 112 115 116 115 118 140 133 120 173 166 110 73 86 100 108 197 156 70 68 84 130 96 98 104 107 110 95 88 102 128 122 87 90 90 95 105 122 96 88 100 102 75 62 
117 120 116 122 132 93 88 84 80 81 131 78 56 96 102 80 46 35 115 157 139 139 144 141 143 153 139 125 133 175 144 113 80 84 93 75 138 203 99 80 90 127 123 98 98 115 94 87 53 41 70 105 111 105 124 121 114 110 85 76 94 106 90 67 
107 111 104 101 95 97 82 63 64 83 133 86 93 112 91 112 118 137 178 162 164 163 157 160 165 147 135 125 145 188 141 112 89 96 101 78 93 196 155 100 102 118 141 143 120 89 89 107 94 54 38 67 108 114 119 98 75 98 94 69 56 59 65 68 
89 87 87 102 112 112 103 106 116 122 123 106 114 110 97 125 145 187 188 183 180 172 175 179 157 142 129 126 150 183 158 123 92 102 111 92 89 144 211 133 112 117 126 131 138 120 108 91 104 106 97 105 107 102 71 22 68 98 51 26 32 56 28 31 
91 84 58 73 110 102 86 113 100 108 121 123 113 86 63 95 155 198 198 196 184 189 190 168 150 138 133 146 162 195 174 123 97 95 117 110 101 114 203 193 132 126 131 124 124 137 145 128 120 111 88 68 91 60 18 16 78 56 33 55 83 43 22 60 
79 63 71 93 102 120 111 94 82 108 137 124 100 103 89 92 179 200 198 195 201 202 178 162 148 140 148 164 174 189 186 143 93 85 107 113 114 110 149 223 167 128 133 138 136 124 133 89 117 138 130 99 93 64 12 43 65 28 72 99 78 63 66 36 
48 71 102 113 128 122 110 104 101 112 123 98 67 49 70 129 197 185 184 201 210 189 174 162 158 154 156 170 159 130 149 178 128 99 87 100 107 107 124 184 215 152 132 137 141 136 125 50 54 96 130 145 143 129 89 95 74 86 107 94 66 68 29 3 
105 141 145 126 108 114 101 84 97 127 113 46 10 28 94 150 172 168 184 204 200 185 170 168 177 177 181 169 96 87 86 108 149 165 114 90 90 103 114 138 212 193 145 140 148 152 116 49 65 95 123 132 136 135 118 131 126 119 121 115 90 87 81 52 
146 138 136 115 87 58 48 59 121 139 112 48 24 66 109 116 140 176 199 195 195 183 166 164 169 185 178 138 87 80 73 23 36 127 156 134 96 95 108 123 165 221 172 145 150 153 137 120 133 132 131 131 118 112 113 116 115 119 129 146 147 145 143 141 
128 123 97 83 87 81 81 116 146 123 105 70 53 84 91 92 115 177 199 202 193 163 133 141 165 168 123 81 99 98 80 30 57 91 96 125 129 110 102 117 138 188 217 159 150 155 152 113 101 76 84 121 108 109 127 116 119 122 118 113 106 93 94 106 
131 96 47 71 95 96 105 141 141 93 99 81 92 111 103 94 108 134 178 141 118 108 78 137 155 128 91 75 103 112 91 67 95 98 55 47 121 139 96 114 138 155 206 199 151 158 154 131 99 70 94 115 107 117 118 127 105 93 110 94 88 52 49 85 
102 71 69 100 107 99 135 140 116 89 85 96 129 128 81 75 131 123 76 78 100 78 63 128 114 75 62 77 110 128 106 73 99 76 42 59 118 162 145 125 127 150 172 211 169 155 165 146 115 126 128 122 123 112 102 114 105 93 122 133 123 72 40 84 
105 115 101 75 55 89 150 114 92 105 77 110 153 137 80 102 110 100 87 76 91 78 96 139 124 47 55 82 117 134 96 63 124 101 77 91 122 137 172 165 125 135 152 173 170 141 164 140 108 121 124 114 116 123 119 98 104 124 124 118 133 112 95 104 
140 138 123 100 83 130 158 115 78 72 84 119 147 123 89 93 81 87 87 84 83 81 110 146 111 42 62 80 119 136 91 93 175 160 139 121 125 136 160 157 143 142 142 136 113 115 147 111 100 116 121 119 117 129 99 84 107 127 142 119 89 94 98 96 
72 73 88 101 115 131 124 89 77 84 93 106 112 94 73 78 78 78 87 85 70 83 124 130 99 87 82 60 116 133 86 57 118 147 145 133 135 123 127 142 150 154 147 123 109 101 120 85 33 90 117 116 117 138 128 120 110 126 128 118 117 106 96 93 
48 46 51 51 104 126 90 84 81 83 113 132 125 90 67 57 64 65 110 116 73 92 134 131 97 80 76 82 116 127 77 16 48 109 127 138 117 72 99 136 144 145 141 136 114 87 94 95 95 123 117 113 127 136 130 118 109 130 116 64 51 102 105 107 
63 65 52 49 90 98 72 69 59 79 100 122 119 52 54 62 30 65 117 121 128 116 128 125 113 82 81 75 108 120 76 44 100 130 141 125 68 48 87 125 129 140 129 111 107 84 99 134 129 108 107 122 124 132 124 114 119 135 114 84 30 70 110 107 
74 47 28 34 50 67 82 94 94 72 74 138 122 61 65 74 69 112 88 109 140 147 122 110 119 83 34 33 95 103 73 86 128 144 136 91 50 82 103 130 130 96 112 124 126 118 153 137 80 69 116 129 110 123 125 116 129 132 122 124 108 93 112 122 
110 78 41 57 73 76 73 118 76 26 70 98 115 80 46 71 135 107 52 96 115 157 135 120 111 87 55 50 97 103 109 131 147 132 125 82 108 110 94 121 145 117 131 125 129 113 120 54 37 94 132 103 73 93 79 117 134 102 83 107 123 117 121 123 
114 108 85 94 74 72 85 83 20 27 79 82 75 38 42 99 153 75 38 87 112 110 103 103 89 99 102 107 124 133 138 152 137 131 108 116 131 111 90 84 138 142 127 132 143 122 42 38 78 118 136 55 81 91 86 115 133 93 49 38 102 118 137 133 
112 102 106 118 112 108 110 64 36 62 106 79 22 17 81 88 102 96 111 127 111 89 86 52 43 114 122 127 128 144 152 137 130 134 101 153 135 106 84 63 125 122 123 119 132 97 59 89 107 131 118 32 93 73 96 107 123 77 40 53 110 134 144 136 
123 82 97 111 119 113 96 103 99 102 103 65 44 73 99 58 94 140 137 102 127 132 112 67 96 118 137 146 145 140 114 124 141 107 89 141 141 104 79 58 106 128 149 128 125 110 99 89 107 135 90 47 86 55 116 124 133 128 127 119 130 142 159 131 
121 121 128 128 127 96 87 88 97 120 79 59 69 101 41 60 105 107 111 136 148 141 142 122 101 130 149 143 129 101 92 132 140 86 95 130 114 111 75 62 110 126 138 147 136 123 72 68 115 120 62 72 62 24 115 146 128 92 72 44 105 144 159 119 
107 100 100 125 85 46 59 63 98 128 71 58 111 95 72 86 97 109 134 137 134 144 144 131 143 142 130 111 91 45 106 145 114 87 97 93 106 112 78 84 117 134 125 126 142 137 86 88 123 79 49 90 53 17 102 147 114 67 61 69 117 154 149 108 
58 72 96 91 38 23 19 47 107 123 85 95 96 66 76 91 113 123 109 128 135 145 105 125 137 120 100 94 92 103 138 141 96 102 91 89 104 106 75 76 122 138 112 110 102 147 127 110 118 35 47 94 49 64 129 143 107 76 67 83 121 156 130 93 
68 81 96 38 42 61 80 94 122 116 68 79 56 43 77 96 111 96 107 129 139 145 134 131 127 109 92 104 104 125 146 118 86 104 82 89 109 107 80 74 123 136 91 101 78 132 146 140 98 10 45 82 55 107 144 131 100 85 62 98 105 117 99 79 


4 8 10 6 3 3 5 9 10 8 5 2 2 3 11 10 9 6 3 4 3 3 4 24 61 47 11 3 3 3 4 2 2 2 2 2 3 6 8 10 6 7 4 4 18 22 3 3 3 4 22 11 4 2 4 4 2 5 5 3 6 17 22 44 
11 10 3 7 9 3 4 9 5 5 4 2 1 2 5 10 15 27 15 5 7 5 2 3 19 54 50 15 3 3 4 4 2 2 3 2 3 3 3 5 10 8 3 3 13 24 5 5 3 3 19 12 3 2 6 7 2 4 8 4 5 9 28 61 
3 3 3 3 9 10 4 23 26 5 6 9 7 10 4 6 9 26 46 26 18 22 11 3 4 11 41 52 19 3 4 5 4 2 2 3 2 2 2 3 3 7 5 3 18 21 5 5 4 4 17 15 2 2 7 9 3 3 11 4 6 39 76 65 
3 3 2 2 4 10 9 9 38 15 3 6 12 15 8 6 5 7 18 42 23 20 21 18 12 3 5 25 47 26 5 3 5 5 3 2 1 1 2 2 2 3 6 6 15 27 3 2 3 6 11 15 2 2 8 14 3 1 8 5 30 78 64 16 
3 2 5 9 7 7 19 10 13 23 16 11 8 7 7 7 8 7 8 18 23 14 16 24 5 2 2 3 12 37 33 9 3 4 4 2 2 1 1 2 2 2 2 8 14 13 6 2 2 2 5 18 4 3 20 22 6 1 6 13 51 51 14 3 
10 8 8 6 3 3 21 27 11 11 33 20 19 13 21 23 24 19 9 9 12 23 21 6 3 2 2 2 3 7 24 33 14 3 3 3 3 2 1 1 2 8 22 7 3 4 5 3 2 2 4 22 7 5 47 30 11 2 3 10 21 24 41 42 
7 7 8 8 7 5 9 39 24 10 22 35 37 44 34 16 6 4 3 5 21 35 21 5 2 2 2 2 3 5 7 12 24 20 6 3 4 4 2 2 13 68 42 3 3 2 4 4 2 1 4 24 6 4 51 37 14 4 17 38 54 57 48 38 
30 17 8 5 6 9 9 15 37 19 33 23 33 21 24 11 3 2 6 17 13 19 22 19 8 2 2 2 2 2 5 13 29 12 12 5 3 5 5 8 75 107 37 9 2 1 2 2 2 1 3 23 7 3 45 35 31 41 48 39 22 10 4 1 
34 44 21 5 8 5 3 4 12 19 17 8 13 15 11 18 9 3 6 12 7 7 7 12 19 13 5 6 4 2 3 11 51 33 8 6 4 3 4 20 76 69 37 5 1 1 1 1 1 2 2 10 14 14 50 55 30 14 5 1 1 1 0 0 
12 22 32 23 7 3 3 4 4 8 14 6 3 9 9 5 12 9 12 11 16 68 46 18 12 20 18 9 8 3 3 4 26 71 53 12 4 9 10 12 33 34 43 21 3 2 1 1 1 2 1 5 27 31 41 46 5 2 1 1 1 1 2 2 
28 44 40 41 31 12 5 7 5 4 8 7 2 3 5 6 7 11 15 6 11 45 52 52 44 29 16 15 4 3 3 3 5 36 63 31 8 4 17 47 41 19 20 29 19 8 7 7 10 6 1 9 40 24 25 43 9 7 10 3 2 3 4 4 
11 29 24 30 31 27 17 4 4 6 7 18 11 3 3 6 17 14 12 9 10 21 36 36 49 66 52 12 6 5 4 3 3 3 9 17 33 28 35 48 18 10 15 22 24 18 9 7 6 3 2 3 11 16 21 22 15 18 14 2 1 1 2 3 
5 13 29 38 32 28 23 13 7 10 7 15 10 10 25 30 14 4 6 6 10 18 33 61 63 71 86 65 17 13 10 5 4 10 29 50 72 73 66 55 46 29 18 22 19 31 34 9 5 1 2 2 2 5 6 6 5 2 0 0 1 2 2 3 
3 3 10 32 46 55 61 47 25 15 17 11 13 53 58 16 6 3 2 2 3 8 33 62 79 82 83 90 81 46 18 18 30 56 61 57 67 66 54 24 17 13 21 36 60 85 73 63 50 13 6 3 2 7 18 31 25 16 6 2 2 2 3 3 
10 9 8 13 22 27 20 28 37 43 36 21 13 38 36 11 10 7 3 3 3 19 37 13 38 83 80 75 66 35 23 60 66 39 34 52 28 10 13 18 29 34 40 78 111 87 76 63 52 60 58 48 37 40 58 74 75 69 58 42 21 10 11 15 
51 37 27 23 17 8 6 10 25 49 60 60 49 42 42 13 8 10 11 12 7 6 5 21 30 40 69 62 63 47 39 50 40 45 48 15 12 16 24 30 33 37 75 116 74 60 59 51 60 68 79 60 48 65 78 75 68 74 90 85 77 56 38 27 
57 62 64 56 36 22 20 12 5 12 25 36 50 58 64 56 41 25 14 10 8 15 55 94 59 35 47 65 63 58 51 38 61 71 17 7 18 27 31 27 32 66 117 81 57 68 58 61 78 77 88 60 33 28 31 37 41 26 29 54 84 80 71 54 
24 24 26 47 63 60 41 18 11 10 12 8 12 21 40 59 74 78 72 54 42 83 118 118 108 95 45 18 35 33 23 16 50 32 6 17 28 26 26 21 58 120 94 97 76 73 68 58 56 56 69 38 17 15 16 21 27 24 38 40 42 57 37 29 
15 10 7 18 41 34 25 29 31 34 31 18 6 5 6 17 37 78 118 126 134 135 121 107 107 120 113 53 31 24 12 28 22 5 11 27 25 21 14 40 111 98 98 116 98 100 84 20 18 28 37 27 13 9 7 7 8 6 25 37 14 14 5 5 
59 18 15 31 57 47 39 35 33 34 34 31 26 16 13 10 7 96 150 138 136 138 115 100 85 91 103 112 87 53 22 39 9 8 15 23 18 12 28 90 104 77 103 111 91 108 63 5 4 5 7 7 8 9 24 25 12 8 11 36 15 5 14 29 
36 18 25 32 42 26 27 29 31 29 21 16 28 34 12 6 6 96 138 125 119 121 118 88 73 64 75 89 98 64 35 29 5 8 12 13 11 13 64 120 63 86 114 94 81 99 36 6 10 14 16 18 27 44 42 15 10 13 13 20 33 33 43 21 
8 7 6 14 26 17 21 24 24 24 20 15 11 27 24 5 5 83 135 108 101 91 99 92 60 51 47 57 66 46 52 14 5 7 9 8 7 29 110 88 54 69 78 77 98 87 13 4 3 4 5 17 45 45 34 18 8 4 10 20 52 53 21 12 
8 6 4 3 3 5 13 12 13 18 22 39 40 28 20 24 28 50 126 102 86 80 73 83 71 45 37 33 39 43 52 6 5 7 7 5 8 63 103 39 36 47 61 83 120 51 7 10 3 4 14 37 45 33 14 8 23 44 46 48 72 68 22 39 
19 27 35 33 22 12 16 18 14 7 31 77 50 17 10 21 57 49 74 109 80 69 61 56 72 55 29 26 26 44 32 5 5 6 6 6 21 99 55 15 20 39 54 87 81 26 43 35 25 46 53 39 21 6 2 6 31 65 71 65 75 62 45 33 
64 62 55 46 35 27 26 20 13 12 46 33 9 4 5 7 30 63 52 98 90 54 49 42 45 56 36 25 20 36 25 4 5 6 5 7 56 96 19 8 14 35 57 70 24 33 53 21 25 44 27 10 4 2 2 5 36 68 42 49 49 63 27 13 
34 40 15 9 8 8 9 13 18 25 40 26 20 23 26 30 37 50 66 69 57 42 37 34 29 32 36 25 14 40 26 5 7 8 5 15 81 56 8 7 17 35 71 56 22 21 31 12 13 17 11 5 3 3 12 50 74 37 30 56 63 27 5 5 
32 56 37 19 9 9 12 14 18 28 32 31 30 24 26 39 67 80 84 65 51 70 72 65 48 27 24 15 6 25 18 6 8 8 6 27 64 20 8 8 19 42 66 41 14 21 41 43 31 25 7 4 5 34 73 74 33 19 51 59 17 3 3 4 
25 28 28 28 30 31 35 54 60 94 88 83 79 64 78 91 58 26 13 14 31 39 35 41 51 57 56 59 18 14 11 5 6 5 4 31 21 9 14 15 32 65 40 22 26 49 82 85 77 67 37 30 44 86 72 29 13 34 24 8 3 3 3 2 
63 62 30 22 61 82 81 55 42 38 22 24 24 27 30 24 7 6 7 7 8 8 8 7 9 9 11 19 14 12 7 5 4 2 4 11 3 10 25 30 62 57 13 16 38 61 75 84 91 96 101 109 106 94 66 24 6 4 1 1 1 2 3 3 
82 88 82 64 72 70 65 33 24 27 20 14 15 10 8 6 6 7 7 6 6 6 6 7 6 7 8 8 6 5 3 4 2 2 3 2 4 23 40 59 57 13 15 37 54 66 75 84 88 91 97 101 100 103 111 104 69 22 3 3 3 2 2 2 
22 36 42 55 73 69 93 94 84 73 58 47 41 31 22 17 13 9 8 8 6 6 6 6 6 6 8 35 41 32 29 16 6 5 4 4 7 33 53 51 16 27 45 58 67 75 80 90 97 102 104 104 102 100 97 94 87 72 24 4 7 8 12 14 
14 15 15 12 37 76 110 127 127 126 118 111 111 107 102 95 85 78 73 69 60 57 55 48 39 24 14 21 61 62 42 25 20 11 4 5 6 10 19 10 28 59 79 92 101 108 114 117 119 122 122 119 113 108 103 94 77 50 24 25 26 39 33 28 
21 14 13 13 48 53 80 86 81 74 68 60 54 49 44 37 26 24 22 23 23 24 27 26 24 17 10 10 26 19 17 15 17 10 6 5 5 2 3 6 35 66 80 86 90 98 103 109 111 114 117 117 114 109 106 99 83 44 31 51 18 20 34 55 
27 22 21 15 35 40 50 68 68 63 65 61 57 48 41 30 22 15 9 6 7 6 5 5 8 7 6 5 5 10 46 52 22 7 5 4 18 16 6 12 41 64 74 81 85 90 96 99 101 105 105 104 104 101 98 97 90 56 46 51 18 46 64 56 
64 55 33 18 16 24 37 47 49 53 60 60 57 55 51 47 43 34 25 17 10 9 8 8 10 12 9 11 8 8 7 18 6 3 4 3 35 75 43 32 50 63 74 81 87 90 94 95 96 99 103 105 105 107 111 108 88 60 46 18 28 36 28 31 
55 64 69 56 29 14 21 39 53 52 49 48 45 47 44 44 39 33 32 27 22 17 17 15 19 22 23 30 26 22 27 32 4 2 3 7 24 106 96 77 54 58 80 90 98 101 96 83 89 89 93 93 96 99 92 75 58 31 11 9 13 15 21 19 
26 20 32 35 29 25 16 23 48 44 55 66 65 65 56 54 44 43 46 44 30 38 40 36 37 40 51 56 36 21 58 28 9 4 3 25 22 38 69 72 68 56 51 49 60 55 56 33 27 48 56 50 77 77 36 18 29 23 16 9 8 18 20 4 
10 13 24 32 29 33 36 35 32 15 33 49 31 41 50 59 49 59 51 72 73 55 56 41 37 32 31 26 15 62 94 24 10 16 13 28 66 26 19 14 41 61 21 58 83 55 58 55 38 40 40 64 69 59 8 14 41 37 31 23 19 40 25 11 
44 42 35 42 46 19 11 16 19 17 33 25 7 11 8 3 3 3 16 72 57 29 29 22 18 22 33 30 34 115 109 45 14 22 27 32 89 66 22 19 30 76 25 35 51 48 47 35 26 28 55 64 24 22 18 8 13 28 26 17 31 28 12 8 
45 42 39 47 62 17 11 12 12 17 55 22 6 15 10 6 3 12 84 99 63 56 51 45 48 53 42 39 61 118 84 52 20 22 30 21 72 115 35 21 27 68 43 22 34 44 24 20 8 11 24 47 47 28 38 26 17 13 14 18 19 20 10 4 
28 36 33 28 24 24 16 10 12 20 55 15 18 26 12 34 49 85 125 89 81 71 60 65 70 53 47 44 78 135 80 50 28 31 32 14 36 126 80 26 33 50 76 77 49 18 17 20 12 12 7 6 10 16 23 21 13 20 32 12 3 5 7 4 
10 15 25 38 44 47 40 35 53 52 52 36 48 45 39 68 84 137 121 104 94 78 78 81 63 51 46 50 88 131 102 59 27 33 39 19 20 77 136 50 38 41 56 70 78 56 28 14 12 15 14 16 14 12 7 5 17 45 18 2 4 15 5 3 
16 9 7 14 33 31 35 48 35 43 53 55 43 20 14 53 103 139 122 112 98 97 92 75 59 52 57 82 108 140 123 59 28 27 46 34 25 40 130 109 46 48 47 45 58 81 68 36 27 21 7 4 6 6 2 4 38 30 3 7 28 21 11 30 
16 8 27 39 36 49 53 35 32 45 65 50 28 37 28 36 126 131 123 114 113 109 87 70 62 65 83 109 110 124 139 91 27 21 37 35 31 28 72 147 79 38 50 55 61 69 76 25 30 40 31 16 18 13 3 22 30 6 14 40 33 30 34 18 
21 18 33 44 69 61 43 39 37 44 51 32 16 14 14 60 140 118 116 120 122 104 88 76 80 90 98 104 82 41 81 128 70 38 19 21 24 19 36 106 133 61 41 52 57 66 61 10 5 15 32 44 43 39 35 45 19 25 56 48 21 16 5 1 
50 84 82 56 39 49 39 27 31 53 33 5 2 5 27 88 112 105 114 125 119 104 91 100 118 117 112 100 27 5 11 65 103 109 51 16 11 13 22 53 133 105 51 48 60 70 49 15 19 35 50 51 52 49 60 57 54 67 69 42 28 21 17 15 
91 94 86 48 14 13 17 22 52 62 36 4 3 12 32 48 80 115 130 122 117 108 103 105 92 105 105 68 19 13 13 6 14 73 101 68 27 11 13 34 85 136 81 49 53 67 69 57 58 46 48 57 48 50 60 55 54 64 49 59 63 63 63 67 
61 72 52 30 25 14 17 44 66 48 36 5 3 9 8 8 40 117 134 129 124 101 67 49 67 84 52 18 27 21 10 3 4 11 34 76 61 35 13 19 50 107 129 67 52 63 80 52 38 23 26 51 56 53 65 52 60 71 52 38 25 16 16 21 
63 45 13 27 39 31 29 62 57 34 41 13 31 34 13 8 23 61 117 89 57 38 14 37 66 62 31 8 24 32 15 3 8 16 6 8 42 68 17 13 38 69 123 109 57 67 82 63 32 28 43 63 52 46 48 55 34 41 54 31 23 4 3 4 
54 30 24 43 42 40 60 61 35 18 18 26 76 58 10 8 41 38 19 15 22 16 15 44 41 15 6 8 41 61 37 5 8 7 2 3 24 88 71 35 28 54 86 127 80 66 88 78 52 75 85 70 66 51 42 44 30 16 44 62 61 18 4 4 
35 45 36 33 22 36 72 45 24 23 9 38 83 61 17 27 25 20 17 18 26 28 35 51 42 6 3 8 49 69 38 10 31 19 5 3 17 39 104 93 37 43 67 93 87 53 97 87 51 54 64 63 67 81 66 43 26 47 50 39 59 46 29 28 
59 59 49 39 22 59 77 38 21 12 10 44 73 42 18 29 19 24 26 24 20 14 26 44 38 5 7 10 53 71 33 32 89 62 35 12 22 46 89 92 70 66 61 53 37 41 83 54 46 56 46 42 50 74 39 23 29 47 73 43 23 18 15 17 
19 19 28 36 38 47 44 15 8 8 18 26 29 18 13 27 23 18 27 21 5 14 50 32 24 23 16 6 47 65 29 14 51 56 42 29 48 33 52 85 83 86 76 44 29 36 61 38 12 31 39 44 47 75 62 60 25 45 69 53 48 13 2 10 
4 5 4 9 36 42 23 7 4 9 33 49 46 24 16 10 5 7 40 59 22 30 67 41 18 13 7 9 42 53 20 3 5 8 21 50 35 5 18 63 74 83 95 92 55 22 38 43 37 54 39 28 58 90 84 66 16 47 48 14 16 19 6 20 
8 6 4 10 29 25 11 5 6 22 35 47 44 12 10 4 3 22 41 63 74 46 62 46 24 7 7 8 30 38 13 4 13 23 51 34 5 3 17 41 50 62 65 37 40 17 44 63 56 37 13 33 59 94 81 59 28 54 32 18 6 10 12 16 
13 5 3 3 6 10 21 20 22 20 22 58 47 13 7 11 17 46 17 44 86 87 50 31 36 10 3 5 24 22 8 8 28 53 45 15 6 19 26 42 44 34 48 45 54 41 83 69 28 7 20 55 49 65 66 46 42 54 37 43 39 20 16 30 
37 16 8 14 17 13 19 47 23 6 17 32 38 12 4 16 69 57 8 29 43 82 56 46 34 13 5 8 20 20 16 29 60 39 40 23 37 25 12 36 56 53 59 48 63 48 75 31 4 8 43 47 14 14 18 35 51 35 12 29 50 29 27 38 
27 29 13 17 10 8 28 28 4 5 16 15 16 4 5 37 97 34 4 13 25 25 17 22 22 23 21 25 40 42 35 61 45 44 35 46 38 26 10 14 68 86 63 55 63 49 16 4 8 22 62 22 14 12 11 28 55 24 8 9 33 20 54 58 
34 20 16 23 15 16 27 9 2 15 33 18 3 3 27 32 49 32 39 47 27 9 7 6 12 41 36 38 35 48 61 53 43 58 37 58 32 22 8 8 67 65 60 40 69 48 12 23 26 42 58 9 21 11 17 17 44 11 7 13 32 40 58 59 
57 14 27 47 48 32 14 12 10 20 24 5 2 18 36 7 25 71 69 32 46 47 29 14 26 27 36 47 51 54 32 44 59 38 35 68 49 18 11 3 16 36 58 36 43 33 31 32 17 57 32 7 21 10 25 28 39 34 38 39 41 54 87 74 
47 47 51 52 61 22 10 12 20 42 15 4 14 37 11 5 28 33 35 55 67 71 67 37 13 27 48 54 49 29 25 50 63 13 27 67 33 36 15 2 13 33 48 54 46 44 25 6 25 52 10 10 16 5 27 53 42 18 12 7 23 65 96 71 
35 31 29 53 28 6 15 13 30 64 19 11 44 30 15 9 16 21 48 59 51 69 66 42 51 48 44 27 21 13 42 63 39 3 9 16 18 37 10 6 21 49 42 44 51 50 22 7 42 30 3 15 11 3 21 68 41 9 6 10 28 81 86 61 
6 7 23 34 5 2 4 11 40 57 23 26 30 11 7 9 24 40 39 52 47 65 40 46 52 35 20 11 15 32 55 64 15 6 5 7 16 28 6 6 30 60 29 43 30 51 37 23 51 12 3 19 7 14 42 69 36 16 10 14 32 90 70 51 
4 10 23 7 6 16 29 35 59 41 8 9 5 3 3 8 19 22 41 50 57 71 63 54 45 26 20 26 20 45 65 44 8 9 6 7 28 30 8 6 31 61 17 29 21 43 52 50 39 3 4 15 7 28 60 61 29 22 11 30 32 42 38 38 