


151 177 207 119 83 64 144 243 243 213 187 179 157 174 176 167 144 135 136 127 109 120 113 80 68 87 96 104 104 95 93 72 43 27 27 29 38 46 55 61 45 40 65 77 77 48 76 134 185 161 144 144 131 100 52 32 19 24 58 38 22 30 49 74 
111 132 149 170 117 72 140 229 233 209 184 180 164 176 184 182 162 144 146 140 106 98 113 123 105 75 81 95 100 91 89 81 76 49 27 27 34 46 68 65 46 38 65 59 68 53 68 161 228 206 172 151 145 118 58 43 28 22 39 56 39 32 40 53 
105 100 77 110 132 87 116 215 223 204 180 183 166 179 192 191 177 152 153 149 110 86 94 122 152 84 44 71 95 97 97 89 73 69 51 30 43 67 77 71 48 53 76 58 55 48 58 154 183 165 158 163 161 137 79 72 61 42 33 33 38 64 52 42 
69 65 49 64 97 111 128 218 219 198 179 186 172 176 179 184 179 155 150 147 107 77 80 93 138 165 94 47 56 68 73 74 67 74 82 76 86 98 88 96 61 67 76 72 58 30 30 104 122 103 108 119 152 177 131 115 106 83 66 73 44 45 68 74 
40 52 51 43 63 101 179 210 218 199 179 188 168 169 155 165 170 158 146 141 108 86 65 60 96 153 177 137 60 23 22 38 56 67 76 103 136 111 94 113 96 79 76 58 25 10 13 55 89 80 108 118 98 109 94 91 129 139 126 117 101 81 111 97 
29 41 55 50 45 70 133 175 209 196 179 199 165 162 141 140 145 146 140 129 116 92 61 35 61 103 166 194 173 95 27 21 45 53 34 89 147 123 106 134 190 140 72 30 9 7 10 38 71 69 86 126 140 110 75 69 89 120 149 144 133 127 146 166 
27 32 41 45 42 61 107 167 208 197 185 212 171 161 140 124 115 113 76 31 64 84 57 31 36 62 115 181 214 219 164 48 38 42 18 48 155 147 117 161 242 227 120 41 12 10 10 28 64 76 62 78 100 107 86 70 74 88 97 109 126 135 143 162 
25 28 25 29 48 85 109 168 201 185 193 221 187 164 142 118 102 72 37 17 19 46 66 37 31 37 53 117 198 236 247 156 62 65 56 88 189 193 137 183 241 234 217 93 19 11 10 23 60 83 68 59 64 79 86 76 65 70 77 75 82 96 109 120 
20 27 25 35 60 84 98 160 187 181 201 224 203 169 143 143 145 134 104 71 44 25 39 67 45 42 36 39 123 216 246 227 125 82 70 114 196 234 172 195 235 248 209 82 22 13 12 20 55 86 84 64 55 64 79 76 64 59 59 61 67 74 77 88 
22 29 40 66 82 86 91 167 187 196 209 221 217 181 154 151 154 158 166 159 126 79 56 57 82 56 52 38 37 114 202 236 196 84 49 99 199 248 192 200 243 251 169 61 24 15 15 16 48 85 110 87 60 68 79 72 59 53 50 50 49 57 62 67 
27 44 71 84 86 78 61 135 186 220 212 218 224 186 164 161 141 119 138 163 153 120 105 101 100 100 76 62 36 35 86 148 196 164 105 153 220 252 194 217 253 247 134 69 28 17 16 17 38 79 131 131 97 88 94 80 64 59 57 57 52 43 43 48 
53 80 85 83 70 47 27 97 197 236 216 222 230 193 170 160 149 132 126 143 153 137 105 94 105 116 120 99 74 36 34 65 115 190 172 194 212 250 207 237 253 233 149 101 33 20 17 17 29 71 110 140 137 119 116 105 83 79 85 83 80 84 100 106 
83 87 80 60 37 20 16 84 170 239 222 226 237 208 172 160 160 153 141 134 131 122 87 43 62 115 142 140 133 87 43 34 66 132 200 207 213 250 230 246 252 218 169 131 45 24 18 17 23 63 94 103 122 131 131 129 112 99 108 118 117 181 245 249 
84 72 51 28 21 24 20 59 151 240 228 228 238 218 159 159 168 163 156 148 130 105 87 69 73 121 158 158 146 137 90 52 38 66 111 180 220 238 231 220 243 211 191 150 61 26 19 18 20 55 104 112 106 124 147 149 144 123 122 131 129 210 252 248 
61 41 24 24 54 71 43 60 170 231 227 226 232 221 136 149 171 167 161 154 144 115 100 109 113 125 152 173 168 152 145 105 58 38 53 87 134 150 174 192 227 224 229 180 119 38 26 25 22 49 163 162 153 147 161 167 165 143 134 140 156 242 251 209 
30 21 27 37 95 122 80 65 150 216 226 223 225 200 103 112 140 161 167 163 156 129 104 107 113 126 151 180 183 168 175 178 119 57 34 44 77 85 122 231 249 222 235 205 127 51 44 37 27 35 156 218 170 160 171 197 221 202 171 168 203 253 250 139 
17 25 30 27 56 80 60 42 100 191 221 214 219 182 88 70 91 135 172 173 161 144 118 98 111 153 180 173 136 116 146 165 156 106 47 38 71 80 81 186 212 140 188 220 147 59 54 42 30 38 95 232 202 173 169 192 233 247 214 188 213 246 196 50 
15 20 22 19 16 23 31 32 48 143 180 179 201 186 95 73 72 107 158 181 174 162 136 104 103 139 146 93 35 26 45 56 65 84 73 55 93 114 108 155 139 65 132 210 166 77 63 49 33 43 56 212 241 197 182 172 216 251 227 179 166 212 79 15 
14 19 22 17 16 18 21 27 31 92 122 71 140 179 113 77 69 82 123 171 185 186 175 134 107 113 110 67 47 63 68 68 75 86 91 101 132 162 155 147 116 61 124 205 176 92 68 55 45 46 37 163 249 218 195 169 194 250 234 182 184 137 29 15 
20 25 24 17 18 21 21 21 27 39 45 36 60 132 131 88 72 74 107 168 194 201 201 170 127 112 106 95 113 149 158 152 151 155 154 146 148 146 143 134 86 79 124 210 203 133 81 60 56 50 34 95 240 241 202 163 189 249 245 213 190 130 103 82 
23 28 26 16 15 19 21 21 22 26 30 35 40 64 124 104 95 102 126 161 180 197 199 167 128 113 110 105 105 124 137 123 103 100 106 110 107 79 40 35 71 125 136 179 171 175 107 72 63 56 44 49 195 248 200 153 193 244 252 236 181 133 173 182 
24 25 24 17 13 15 20 22 25 22 23 29 40 53 90 113 113 117 147 169 165 174 172 149 132 109 88 92 95 93 93 87 70 45 31 29 58 69 31 18 81 138 131 109 118 135 91 72 64 61 57 47 136 246 205 187 216 243 253 246 192 90 127 178 
20 21 23 21 17 15 16 23 30 29 23 22 32 50 67 108 106 92 109 153 149 148 133 109 102 87 76 85 98 105 97 93 91 86 90 91 86 67 27 18 74 101 90 67 122 147 86 62 62 63 61 58 82 216 239 237 242 237 249 252 226 118 35 62 
58 28 22 24 24 20 16 21 28 33 30 25 27 42 56 73 95 101 80 86 99 120 134 131 124 121 127 132 128 123 112 96 90 96 111 115 113 76 25 21 81 89 76 105 180 190 107 51 57 64 63 61 62 150 248 247 242 237 238 246 237 166 66 10 
134 87 40 22 26 29 20 18 24 31 37 35 37 51 62 59 56 86 106 85 66 63 64 66 65 67 72 77 81 87 91 96 95 96 100 92 91 86 30 24 96 91 88 172 196 194 147 53 42 57 64 64 61 80 204 248 232 209 193 196 195 164 116 26 
141 147 109 54 27 24 22 20 21 27 39 49 55 67 76 68 71 86 91 98 103 93 82 74 75 84 96 115 127 126 120 112 104 96 98 93 84 55 19 21 74 75 75 158 183 185 167 83 36 50 66 69 66 56 110 231 239 198 160 158 158 152 154 72 
66 121 150 126 70 27 19 22 22 23 36 52 64 82 86 79 93 104 84 79 107 132 142 142 138 157 150 160 157 144 116 126 106 89 93 94 84 52 18 20 50 50 48 120 176 175 153 103 46 61 71 70 69 58 67 170 226 195 144 129 149 195 207 101 
26 47 99 139 123 66 26 18 21 24 27 44 58 72 83 85 106 115 102 105 115 124 127 132 116 126 115 118 118 95 85 94 74 68 76 78 78 47 17 17 35 35 31 59 106 102 105 103 58 70 75 66 62 61 63 100 161 162 126 127 167 237 237 96 
30 26 30 69 99 93 65 32 19 21 26 35 49 52 61 87 106 102 97 109 115 115 115 113 89 76 47 43 54 67 83 80 76 81 94 102 106 65 20 23 38 38 38 40 54 53 57 77 90 87 83 62 55 61 69 78 113 129 117 116 142 190 180 42 
30 29 21 25 42 77 96 85 57 32 22 33 52 54 50 81 92 78 78 88 89 96 107 105 59 55 136 71 44 160 221 222 207 203 203 214 222 164 44 28 40 27 21 17 15 14 19 43 107 146 99 57 45 55 74 80 94 120 97 88 97 115 98 18 
24 23 20 25 35 76 111 127 130 104 56 30 48 57 65 80 81 78 88 90 86 80 81 83 72 66 98 50 91 200 227 243 238 208 202 234 215 127 26 19 18 8 6 6 5 10 29 48 50 97 114 64 44 39 59 85 93 113 92 83 77 80 67 16 
13 16 21 41 78 122 134 127 144 154 127 71 33 37 60 74 71 81 92 93 90 89 88 87 85 56 25 82 168 210 232 226 230 227 230 189 190 189 43 20 21 17 13 11 13 24 34 32 23 13 53 99 82 46 37 80 122 110 95 84 80 69 60 18 
11 17 23 59 115 155 137 106 114 138 154 132 77 35 32 45 58 77 89 90 87 87 85 82 82 59 23 88 218 147 178 221 206 204 250 215 153 204 60 35 49 46 42 40 39 39 36 32 36 21 27 83 106 80 49 94 172 175 111 95 82 68 58 28 
18 22 27 52 90 118 93 64 66 106 140 150 135 95 47 26 35 63 86 92 86 83 80 79 88 70 22 41 104 94 169 115 176 197 213 136 198 161 39 26 33 34 38 44 48 44 42 43 56 44 15 48 85 95 87 104 179 239 175 107 87 63 65 54 
18 18 22 45 44 43 41 40 61 112 133 141 162 152 110 77 47 36 56 78 84 82 79 81 86 71 27 29 47 124 168 62 141 105 132 157 162 61 21 44 57 57 57 59 46 39 40 33 41 43 20 19 59 94 96 85 106 188 221 131 80 59 59 58 
17 19 22 48 60 48 44 52 74 100 114 144 177 166 137 135 118 72 41 51 71 77 77 79 79 67 38 30 41 81 137 122 195 124 156 100 53 20 21 55 66 66 74 73 52 41 40 43 44 38 34 23 30 78 102 78 73 89 153 128 73 57 56 34 
14 15 17 40 82 87 72 66 67 76 101 162 179 154 136 140 153 145 104 54 38 47 57 62 56 43 36 29 43 69 114 93 155 90 120 110 52 17 27 64 59 56 65 57 45 40 30 37 33 29 31 30 25 67 102 83 81 71 79 97 84 66 38 23 
8 14 16 33 85 116 90 64 74 87 121 164 164 140 126 101 105 145 160 124 64 30 31 44 51 43 36 29 39 56 63 86 175 115 124 87 35 14 23 49 31 35 50 42 37 28 32 39 26 24 23 20 22 54 80 83 80 65 70 80 81 77 36 25 
4 8 17 31 58 129 105 66 104 131 151 183 190 165 135 104 77 80 125 151 127 71 34 28 36 33 28 35 51 57 133 154 169 115 128 78 29 13 18 20 11 28 41 42 33 17 30 30 11 6 5 4 8 19 29 61 74 54 58 100 102 126 79 36 
4 7 10 7 49 156 152 94 109 121 117 147 163 135 100 84 74 62 71 111 141 137 106 64 33 42 27 39 41 45 95 138 139 99 148 71 23 11 12 9 20 42 47 50 31 18 30 19 4 3 2 3 6 16 18 41 71 62 57 89 127 177 162 93 
3 6 11 13 69 142 151 109 100 99 84 110 127 109 82 64 43 45 57 59 82 132 161 147 107 137 74 35 49 40 46 72 140 172 109 52 18 12 9 12 39 53 51 49 24 28 31 12 3 4 4 5 7 19 28 42 71 70 47 55 108 183 215 180 
9 10 16 21 54 84 117 121 85 71 84 110 109 88 80 74 56 53 54 38 27 60 115 159 150 145 92 31 30 41 56 70 66 90 76 43 15 13 13 36 71 68 64 48 29 55 55 33 21 10 6 8 24 39 47 58 67 51 37 58 83 143 208 224 
27 18 20 13 16 27 40 65 69 70 96 115 104 83 64 54 56 55 40 27 24 31 70 150 139 160 146 90 43 32 46 62 63 70 71 27 13 12 21 59 83 81 90 79 76 105 106 75 39 15 14 37 57 65 74 77 61 48 59 59 59 93 163 220 
38 43 36 24 17 18 25 40 44 54 75 95 86 75 66 59 56 35 24 42 54 47 86 142 139 141 164 159 119 66 36 35 51 65 55 21 13 16 33 61 67 79 114 121 115 110 91 45 15 17 47 70 71 96 109 95 85 73 52 33 39 60 104 175 
61 100 105 85 68 72 52 41 51 45 55 27 32 94 108 77 74 32 29 55 68 64 87 127 106 48 94 150 170 144 89 44 33 58 57 23 15 41 58 57 53 73 104 112 90 57 26 9 14 42 69 67 95 132 126 113 92 46 24 30 43 61 70 116 
44 79 117 133 126 135 136 96 61 38 46 28 8 47 83 88 78 54 43 51 61 65 89 120 62 21 25 67 133 168 158 115 67 64 50 18 21 58 65 46 46 61 59 63 53 24 11 20 42 63 56 59 104 125 117 92 50 36 49 63 64 56 55 73 
49 48 66 90 107 124 143 139 83 52 42 38 10 14 32 60 76 66 62 63 62 69 95 106 29 19 17 26 67 120 158 168 137 83 41 15 24 53 54 37 49 61 50 53 35 14 30 55 67 66 58 73 96 100 77 52 57 64 69 91 114 125 129 109 
74 38 22 30 42 53 71 87 75 57 36 44 38 30 25 21 32 52 60 73 60 64 90 65 21 21 19 28 55 67 90 140 152 85 33 13 19 35 38 34 52 59 58 60 35 40 91 105 83 68 70 84 87 67 58 73 78 80 95 108 108 100 112 102 
20 18 10 12 17 19 21 25 32 38 22 43 69 59 31 18 17 52 55 68 60 65 69 34 22 23 21 37 62 55 42 71 93 62 25 16 49 45 27 32 44 46 64 74 60 94 129 103 73 70 77 77 76 72 83 98 98 84 58 32 22 58 100 92 
17 17 15 11 13 15 14 18 24 24 15 27 69 97 67 29 18 67 85 75 89 85 50 58 47 21 22 51 111 113 89 86 90 79 29 40 127 117 66 35 28 34 68 91 90 118 111 71 62 75 82 89 112 112 92 79 61 44 37 23 43 92 95 82 
15 16 16 14 12 12 12 11 9 10 11 20 42 88 133 86 13 18 74 85 127 107 59 130 120 42 46 108 144 147 143 141 151 154 105 79 149 169 142 95 50 33 61 82 92 105 81 65 76 106 118 117 126 103 63 51 70 68 49 42 87 97 85 60 
26 36 19 15 14 14 12 11 10 12 18 22 36 55 101 130 69 9 20 66 133 76 82 147 150 111 117 149 141 144 146 145 145 140 119 92 95 139 168 162 125 75 46 48 65 77 81 95 115 152 147 115 119 117 93 78 76 72 58 73 97 88 66 32 
21 27 20 15 13 11 12 13 12 10 15 24 34 48 75 117 118 43 8 64 125 56 96 151 150 145 140 149 147 147 158 150 120 90 57 46 55 68 114 159 173 153 111 63 38 59 99 115 114 136 151 117 101 116 112 103 92 80 80 96 91 72 38 16 
12 17 18 18 15 11 11 10 11 11 13 19 30 45 61 92 122 60 5 41 84 40 96 144 146 148 149 154 158 158 156 140 102 46 16 34 49 44 56 89 139 177 178 142 88 54 52 63 82 103 136 139 112 105 105 101 95 92 98 94 78 46 18 11 
8 12 16 17 18 17 13 8 6 9 13 17 24 38 47 56 83 84 53 17 42 77 134 147 147 148 154 167 159 150 154 140 85 22 12 20 28 31 40 49 92 141 169 179 159 115 69 42 47 70 97 119 117 115 109 91 79 92 96 83 56 23 11 11 
12 11 12 28 45 25 15 13 10 9 10 12 16 27 40 47 54 74 95 84 80 124 130 147 145 149 156 153 156 152 143 112 51 14 11 13 13 16 24 47 76 90 106 140 168 170 143 96 51 36 48 61 87 118 115 90 86 97 87 64 30 13 10 16 
13 12 15 26 47 32 13 12 13 12 9 9 11 15 22 37 48 54 59 97 120 129 134 144 147 147 142 143 127 99 72 56 27 12 20 25 17 13 13 17 26 40 58 72 102 143 167 151 96 42 23 28 45 77 86 90 97 90 71 37 15 11 11 14 
11 11 12 13 13 14 13 11 12 12 12 12 11 19 29 46 65 46 48 53 92 76 97 127 142 138 129 89 45 34 44 43 18 16 44 51 36 28 23 16 14 15 20 29 40 68 110 126 99 68 42 23 25 35 52 91 92 75 44 18 11 10 9 9 
8 6 7 8 9 12 12 13 14 12 11 12 12 14 24 57 87 50 46 47 58 30 43 86 120 132 98 57 30 28 43 32 12 18 37 36 34 40 42 36 27 20 15 13 15 23 39 59 69 74 70 53 33 26 67 92 80 53 21 12 11 9 8 8 
6 7 8 7 7 8 9 10 11 13 13 13 12 12 12 23 42 50 61 56 45 35 45 77 119 120 56 31 25 26 36 22 11 20 30 32 36 43 43 42 39 48 47 24 15 14 14 17 26 41 60 69 65 67 90 84 60 27 13 12 19 24 27 25 
7 7 8 7 10 19 18 12 12 20 40 22 12 11 12 14 19 20 36 46 28 42 59 87 129 124 88 70 85 53 13 12 16 32 46 55 51 44 38 34 32 50 75 53 32 25 17 12 11 13 22 39 68 91 85 66 33 15 12 17 20 29 39 43 
9 7 6 7 8 19 31 26 21 20 24 18 11 10 10 13 15 20 26 35 35 46 72 120 153 142 136 89 114 81 15 8 16 54 76 61 46 39 34 32 33 46 79 68 31 29 30 26 18 13 10 21 75 89 72 40 16 12 15 16 9 7 8 9 
11 8 6 6 7 10 26 36 43 46 43 34 23 17 12 12 13 16 24 32 36 45 79 135 135 127 144 110 99 76 39 11 26 86 103 89 68 48 36 49 63 66 90 92 52 23 20 27 32 27 23 61 89 77 49 21 12 15 26 10 4 4 4 5 
13 10 7 6 7 8 13 31 51 70 75 69 63 71 68 36 14 14 20 30 35 45 81 135 143 126 157 138 100 92 57 19 77 109 97 102 106 72 50 58 84 100 109 115 92 49 26 19 26 28 51 88 84 61 26 14 12 18 35 15 4 4 5 7 


102 137 190 153 126 123 193 250 248 233 230 221 198 224 226 219 202 199 203 194 173 182 175 148 92 98 108 119 122 113 106 97 85 77 79 82 90 87 87 89 83 84 96 102 115 96 117 195 220 211 207 210 206 134 66 49 32 35 95 87 66 81 105 129 
86 102 117 153 152 139 192 245 245 234 230 223 205 226 229 228 216 206 209 205 170 164 178 184 152 90 91 109 117 108 100 93 96 89 77 79 85 86 97 92 86 83 93 86 100 100 113 206 239 224 210 204 207 144 72 61 45 38 57 89 82 81 92 105 
97 91 67 82 125 151 178 240 242 233 229 225 209 228 233 233 226 210 213 213 173 145 160 185 204 127 60 81 105 108 106 99 87 87 86 80 91 116 120 103 89 91 101 84 84 91 104 193 209 195 195 202 204 179 108 88 72 55 48 64 74 101 97 88 
67 62 49 55 74 135 191 241 241 233 229 228 215 228 226 230 229 214 214 214 173 137 140 156 192 215 132 64 63 71 76 82 83 90 95 103 131 156 146 147 104 97 101 97 90 74 75 148 172 153 161 164 187 208 179 164 147 114 90 115 96 91 103 104 
47 55 50 46 56 88 206 239 242 235 230 230 212 224 214 222 227 219 215 210 174 145 121 115 157 206 226 173 79 25 15 30 60 77 84 125 176 172 152 166 135 105 103 95 69 54 58 91 122 125 159 169 153 161 149 144 181 194 186 179 162 136 152 123 
41 50 54 52 51 69 169 225 241 236 231 234 208 222 207 209 213 214 199 168 170 151 117 91 118 162 215 235 209 117 26 13 51 62 42 109 184 182 165 183 213 161 108 77 56 51 55 75 97 109 136 170 185 167 135 127 151 173 194 197 193 186 191 191 
37 40 43 46 53 71 141 220 242 236 234 239 211 222 209 201 193 178 92 33 77 121 111 88 89 118 166 224 241 238 168 49 41 43 16 62 183 196 174 197 247 235 161 101 68 57 56 70 94 120 112 131 151 162 147 130 136 151 157 160 178 190 194 200 
30 32 29 34 60 97 138 218 240 232 238 243 220 223 214 197 163 99 49 27 27 59 100 93 88 92 105 162 231 247 248 160 59 46 47 106 205 221 186 211 246 244 234 144 78 63 59 70 92 127 119 111 117 134 144 135 123 130 140 137 140 156 171 181 
23 30 32 42 77 111 133 211 235 232 242 245 228 225 216 190 159 143 120 89 60 42 56 100 100 101 93 88 159 231 249 230 103 42 48 130 212 241 206 222 244 250 215 124 81 67 64 69 89 126 136 117 108 120 134 132 118 114 117 119 128 136 139 152 
27 38 55 86 111 118 124 208 234 237 243 244 236 229 219 179 164 163 172 168 139 101 79 80 110 109 121 101 82 139 212 243 207 72 38 111 211 249 216 227 247 250 168 102 84 71 67 68 87 116 160 142 113 123 136 128 113 106 103 104 104 113 121 126 
37 63 97 114 117 108 89 176 233 245 243 244 240 231 221 187 160 139 147 165 164 147 135 129 125 131 135 142 100 81 116 167 219 189 121 174 230 252 217 235 252 245 138 107 89 75 71 69 84 108 173 182 153 146 156 142 121 114 110 108 104 95 96 101 
74 107 115 112 98 75 53 138 234 248 244 246 243 232 219 191 183 163 148 152 160 152 128 119 132 145 150 157 154 100 84 100 140 215 205 213 229 251 225 245 253 233 158 134 93 80 72 71 81 102 141 181 189 179 177 171 148 141 146 140 138 131 133 137 
112 116 108 88 63 40 29 113 210 248 246 247 247 237 211 190 193 186 172 162 154 134 99 62 83 138 165 166 176 161 110 89 103 150 215 230 229 251 237 248 252 218 178 156 102 85 75 73 78 99 123 136 167 186 190 189 179 166 175 185 185 216 247 250 
113 99 78 53 38 32 28 78 191 248 248 248 249 241 188 185 197 196 190 180 158 125 101 84 94 144 181 184 172 175 163 121 95 104 135 196 234 244 240 237 248 215 200 168 109 85 76 73 76 97 134 144 143 169 199 202 200 188 190 202 199 231 253 250 
88 67 45 38 64 80 54 75 207 247 248 247 248 238 163 171 195 197 194 188 170 136 115 123 131 146 170 191 189 172 173 171 130 96 97 123 183 201 214 229 243 232 232 191 154 95 85 83 78 96 190 197 194 197 209 213 213 202 202 210 216 248 253 212 
54 41 39 50 105 124 86 72 189 246 247 247 248 229 145 131 167 191 197 193 185 158 125 121 130 146 172 195 194 181 187 197 181 127 92 93 136 154 167 240 250 226 236 213 163 111 104 97 84 85 179 235 209 206 212 227 238 231 221 225 236 253 250 131 
29 33 38 39 67 83 64 50 137 239 245 245 247 225 149 85 115 166 197 199 190 173 143 117 133 174 193 179 140 121 151 172 177 164 109 95 137 147 142 204 231 159 199 225 171 120 117 103 87 92 131 239 226 211 212 224 242 250 240 233 234 249 192 39 
18 24 26 22 23 32 40 40 69 201 223 224 243 230 174 88 84 133 183 204 199 188 161 125 126 160 158 97 32 22 44 59 75 101 119 115 166 188 181 203 192 93 156 218 181 136 130 111 90 100 102 220 246 225 218 214 235 252 246 230 215 220 74 7 
17 25 25 19 18 23 29 36 41 119 141 98 198 232 195 111 79 97 147 193 208 206 191 152 125 134 126 81 55 69 75 75 82 94 105 138 189 221 222 215 168 87 148 215 190 150 137 119 102 105 90 180 250 236 225 210 225 252 248 232 228 152 38 17 
22 31 28 19 20 25 27 28 35 47 54 49 89 192 208 152 82 83 120 178 208 217 211 181 141 128 123 115 131 160 168 160 156 160 164 163 171 166 168 180 120 108 148 217 211 183 153 128 117 110 91 127 242 247 229 208 219 251 251 241 222 158 134 109 
27 36 29 17 16 23 27 29 30 33 38 47 53 88 175 187 116 105 126 155 189 211 214 186 147 127 123 121 126 144 150 131 108 104 111 117 125 108 70 60 103 151 154 185 177 194 176 142 127 118 103 97 207 250 229 205 223 248 253 247 194 157 201 213 
33 35 28 19 14 17 23 31 35 33 32 41 53 63 109 193 174 141 146 161 175 190 187 167 143 119 101 106 111 113 113 103 83 56 37 37 79 98 62 43 114 164 141 121 129 158 161 144 132 126 120 104 164 248 232 222 234 247 253 251 210 104 146 201 
42 35 29 25 20 16 18 30 41 41 36 34 44 58 73 158 201 182 173 166 160 162 148 128 118 104 94 103 119 126 120 114 110 103 106 108 112 98 58 40 96 126 102 86 135 165 147 129 130 131 126 120 130 227 246 244 246 244 251 253 244 149 41 72 
93 55 37 33 30 23 17 24 37 46 43 35 39 53 63 87 146 172 162 152 142 150 155 151 145 142 144 146 146 141 129 116 116 129 149 157 156 112 55 40 95 107 85 123 188 203 153 112 119 131 129 126 121 181 250 248 246 244 244 249 247 214 83 5 
177 128 73 45 41 35 23 22 31 43 51 49 48 60 67 64 60 91 134 158 143 131 125 123 118 118 121 125 128 135 147 147 132 117 115 112 128 126 57 42 112 108 101 181 208 211 176 110 101 122 131 131 125 131 219 249 243 234 226 229 230 217 161 25 
182 191 153 93 55 40 30 24 27 38 53 60 65 71 76 68 70 79 88 118 155 159 149 134 127 131 139 153 158 157 155 135 111 99 103 101 107 86 45 37 82 80 85 172 200 199 183 140 97 114 134 139 133 115 152 239 246 231 213 212 214 212 206 77 
96 161 193 172 112 59 37 31 28 31 47 62 69 82 84 77 85 92 82 86 119 147 162 160 153 175 168 180 176 163 129 138 120 107 110 114 112 81 43 35 58 55 58 131 184 184 165 146 105 127 141 138 138 122 126 202 240 230 206 199 208 230 233 112 
32 67 136 182 167 105 58 40 35 32 38 53 62 73 81 82 95 104 103 111 125 136 142 145 126 140 124 131 133 106 94 106 87 80 86 95 106 78 41 29 39 38 36 69 117 116 117 133 118 141 148 133 129 126 128 159 209 216 198 200 217 246 240 94 
31 31 44 99 134 130 100 66 47 39 38 45 54 56 62 82 96 99 101 115 124 126 125 122 92 77 37 36 54 71 89 84 78 79 89 107 125 90 42 31 38 38 38 42 55 53 61 97 150 163 157 128 118 126 138 146 173 193 189 189 205 228 190 30 
31 30 24 34 63 104 128 121 95 66 44 45 54 56 53 76 84 79 83 94 97 103 112 107 51 20 28 20 31 151 218 219 199 196 193 210 219 158 54 31 37 28 22 16 14 13 23 59 131 199 173 122 104 118 147 152 156 180 170 164 173 190 136 9 
24 25 24 30 44 80 124 161 175 150 96 57 55 57 63 73 77 79 91 94 91 86 86 87 73 47 38 26 92 206 233 247 234 203 193 232 206 126 39 19 11 3 2 1 1 6 25 48 59 115 161 122 102 98 121 158 162 173 159 155 147 155 117 12 
13 17 25 43 72 102 119 142 181 199 175 112 63 51 60 70 71 83 95 97 97 96 95 94 91 55 18 80 177 215 237 233 232 224 227 183 183 185 47 27 24 17 12 9 11 21 30 33 39 44 89 143 145 109 93 150 187 176 163 152 148 134 111 18 
11 18 28 58 98 120 112 106 130 172 194 175 116 67 51 55 65 84 97 99 97 96 95 93 90 58 17 84 220 144 176 220 206 204 249 210 141 198 58 43 53 51 48 45 44 43 42 38 48 51 67 124 148 141 111 166 216 214 174 161 147 131 108 30 
25 28 36 63 90 103 89 76 84 123 161 178 166 127 82 56 55 74 96 103 98 94 92 91 95 69 15 31 97 87 167 110 174 195 211 124 193 152 39 33 39 40 45 51 54 51 49 48 59 62 52 77 108 128 136 169 220 246 212 170 152 123 104 44 
32 33 41 63 64 64 62 61 78 119 135 146 169 170 147 117 83 63 72 91 98 95 90 91 93 74 20 16 34 116 161 51 138 96 125 149 155 60 33 51 63 61 62 64 53 47 45 38 44 52 53 51 79 120 126 112 136 209 240 190 144 118 87 46 
30 34 39 68 82 70 64 67 80 103 113 139 164 166 168 181 164 113 72 69 84 92 91 90 86 74 34 17 26 74 137 113 191 114 151 88 50 39 32 58 68 69 76 74 60 48 46 46 47 43 50 50 58 104 124 101 94 108 185 190 137 113 82 30 
28 29 33 60 108 107 82 70 70 75 99 149 162 148 145 173 198 190 143 88 63 64 69 71 65 55 38 19 29 64 121 89 151 80 112 94 56 38 36 63 60 58 66 62 51 45 37 45 42 34 36 37 46 90 121 107 106 88 96 123 124 107 49 20 
19 27 30 53 107 119 90 77 81 80 110 146 155 141 129 114 140 186 200 166 104 59 49 56 61 54 44 21 27 40 52 81 180 104 113 69 47 33 28 46 33 41 55 52 46 35 38 46 33 22 20 17 30 73 103 110 106 83 87 102 107 104 55 29 
11 21 36 47 65 123 113 83 100 107 123 153 167 158 139 113 92 113 170 197 174 112 67 53 51 44 36 32 54 54 139 157 181 105 116 60 45 28 18 15 11 34 50 51 41 21 34 37 12 4 3 2 10 38 52 86 101 74 77 124 130 152 110 57 
11 18 30 23 62 164 162 106 103 103 101 129 149 131 106 95 85 75 97 149 185 184 151 102 61 56 36 42 32 41 100 135 136 90 140 55 40 25 12 7 23 50 58 57 37 22 37 24 2 0 0 0 4 31 43 65 98 81 70 112 154 197 191 126 
10 16 28 31 93 167 173 126 95 88 82 108 126 113 91 74 57 58 67 74 117 177 204 188 150 166 93 46 44 27 34 57 135 169 96 40 35 20 7 13 47 63 63 56 31 34 41 14 0 0 0 0 3 28 53 61 91 83 55 73 134 204 231 207 
19 21 30 41 82 118 143 137 87 69 85 112 115 98 89 80 67 63 60 47 45 90 159 203 198 191 127 59 43 36 49 61 46 74 55 37 32 15 9 41 79 80 75 58 39 62 59 25 10 4 1 6 23 44 64 69 77 62 47 69 103 166 224 237 
39 32 38 36 41 53 65 85 86 81 102 123 112 91 73 65 66 62 49 39 39 46 99 190 192 204 190 134 77 52 45 50 43 47 50 31 31 13 21 68 94 95 96 82 79 103 89 50 21 7 12 40 61 70 84 86 70 59 64 64 71 110 184 233 
55 56 52 43 40 41 46 60 68 78 95 108 100 90 77 69 63 44 36 54 66 62 119 188 187 185 208 207 165 105 64 43 41 47 45 37 27 19 38 71 79 88 109 106 110 105 72 28 7 16 51 74 79 101 117 106 92 76 53 37 49 71 120 195 
79 113 116 99 86 92 73 61 73 74 78 44 55 126 129 89 85 46 43 67 77 78 124 176 138 74 134 196 215 191 133 78 55 70 77 48 26 39 61 67 64 79 95 98 91 61 21 5 14 49 75 75 99 136 135 123 97 46 23 29 45 63 71 127 
61 101 137 150 146 155 155 114 82 70 74 44 23 79 112 108 101 77 61 65 71 83 127 162 82 28 40 101 178 214 206 162 107 90 75 41 29 57 71 57 57 67 61 66 62 30 11 24 48 69 63 67 109 128 122 99 54 38 48 59 59 55 58 90 
53 60 85 112 130 145 164 159 101 73 69 59 21 35 55 85 105 94 83 74 72 93 133 135 40 24 24 39 93 160 204 215 187 120 69 35 31 59 64 49 58 62 51 59 44 17 35 61 73 68 61 79 101 101 80 56 58 62 68 88 110 123 136 145 
64 41 35 49 64 75 90 107 92 69 60 69 56 43 39 43 60 84 87 86 72 90 122 85 27 25 24 41 67 84 124 184 194 121 60 30 34 51 49 47 59 59 59 64 39 41 85 101 82 70 74 86 87 69 59 72 77 78 90 103 102 101 139 147 
36 30 20 23 34 41 44 48 54 51 43 69 95 80 48 34 43 84 87 88 76 93 93 49 28 27 29 50 73 68 58 95 124 90 51 35 78 79 51 48 53 53 67 74 61 87 113 97 75 73 82 80 77 73 84 98 95 79 54 27 18 75 142 134 
31 32 27 22 27 32 35 41 47 44 36 54 102 127 88 44 43 102 124 103 116 118 73 82 61 26 31 68 138 139 110 108 113 105 54 70 169 166 108 66 46 47 71 86 85 105 101 75 67 79 87 95 114 115 96 81 63 46 40 25 52 130 137 121 
27 28 30 29 26 26 29 27 24 28 29 43 69 120 160 104 28 40 104 114 165 141 90 173 152 54 62 140 195 199 195 193 196 193 137 114 193 216 192 140 85 57 65 78 87 97 81 70 82 116 139 142 147 122 80 66 82 83 67 61 119 139 123 96 
41 46 30 28 30 29 29 28 27 31 37 44 59 79 134 161 86 24 39 94 170 110 115 194 195 144 154 196 196 198 200 200 199 191 163 121 129 182 214 211 173 117 74 60 69 77 81 93 115 161 174 150 146 140 114 97 96 90 80 105 137 127 102 66 
33 41 33 28 26 26 29 31 29 29 37 46 56 68 105 160 152 61 23 94 161 90 132 197 200 195 193 200 200 200 208 201 169 130 85 63 68 93 152 202 218 201 154 98 63 66 94 112 116 143 158 138 128 140 137 126 114 101 108 137 130 110 73 43 
20 27 31 32 30 26 24 25 29 29 32 41 53 67 88 137 163 79 14 67 118 73 137 192 196 199 200 204 207 206 203 182 138 72 30 45 58 54 70 116 177 215 217 186 130 83 68 75 92 110 137 143 131 130 130 124 117 117 136 134 115 81 47 29 
18 22 28 32 36 35 28 22 20 24 33 41 47 61 71 86 112 109 68 31 70 110 175 195 196 198 204 213 207 200 199 173 113 43 21 31 39 43 47 55 99 160 203 220 206 162 107 71 66 78 101 120 124 132 131 114 101 125 137 121 91 54 32 24 
22 21 25 45 61 42 32 30 25 22 25 33 40 51 62 70 78 104 126 101 111 167 178 193 192 198 204 201 201 198 186 145 76 31 19 22 23 27 33 48 72 92 126 174 208 215 190 139 84 57 58 70 91 123 127 110 114 135 125 99 62 36 23 27 
21 22 26 43 64 49 27 27 31 29 23 24 32 39 44 59 71 78 86 125 151 174 183 191 196 197 191 185 161 126 95 79 50 24 33 41 33 25 24 27 33 47 65 87 131 182 209 197 138 76 51 47 60 83 93 107 133 128 106 70 40 24 19 22 
19 20 22 25 28 29 27 25 25 28 28 27 27 42 55 73 89 71 73 88 122 108 139 174 190 186 167 110 59 48 61 65 37 23 47 59 54 48 41 31 25 25 32 39 53 90 143 162 138 102 77 56 51 55 71 123 131 111 78 45 27 18 13 14 
15 16 17 18 21 23 25 27 29 29 27 27 29 36 43 84 117 77 72 75 78 46 72 124 169 173 116 66 42 42 61 54 26 21 37 40 45 53 58 56 46 36 29 25 28 36 56 79 94 103 101 85 68 60 100 131 116 87 52 30 21 15 13 12 
12 13 16 17 19 20 21 22 24 27 29 29 27 29 30 45 67 76 90 81 66 56 72 110 164 158 75 44 40 44 56 42 20 24 35 41 47 51 52 54 58 68 66 43 30 25 25 30 42 61 84 96 94 103 129 121 93 59 34 23 28 33 35 31 
11 11 14 17 21 29 29 24 25 36 55 38 27 28 30 35 39 39 61 71 54 66 82 119 168 164 113 96 116 77 31 29 26 39 54 62 61 55 50 46 45 66 92 75 54 44 32 25 21 24 37 58 95 128 122 101 66 37 24 26 31 39 46 48 
14 12 12 16 18 30 40 38 33 32 39 34 27 26 28 32 36 39 46 57 58 69 95 153 188 180 154 123 152 108 28 22 35 73 84 67 56 51 47 46 46 59 94 84 49 49 52 46 35 25 18 34 108 127 106 73 42 26 27 25 12 10 11 12 
17 13 11 13 17 20 37 46 51 52 51 44 35 30 27 29 33 37 45 52 57 68 106 171 179 172 172 143 139 111 54 24 50 121 140 112 76 56 49 58 67 77 106 106 61 29 31 44 53 49 41 87 125 111 81 47 28 28 40 15 4 4 5 8 
21 17 13 11 16 17 23 40 57 73 79 76 71 79 76 49 31 31 40 49 54 68 115 175 186 173 189 172 150 138 75 36 108 152 143 147 136 84 61 66 86 102 121 130 103 56 30 22 38 52 79 123 116 91 56 32 23 38 49 22 6 4 5 9 


60 84 127 67 37 36 122 231 226 185 161 159 132 151 165 153 129 119 119 111 94 96 59 27 49 84 92 92 87 84 85 63 29 5 2 2 7 21 48 56 34 29 64 77 71 30 47 92 161 128 105 105 90 73 55 31 18 16 17 10 10 13 21 53 
54 63 67 88 61 45 115 211 215 181 158 163 138 156 175 172 150 130 130 122 92 85 88 73 58 59 76 87 87 86 85 76 69 36 5 2 7 25 63 60 35 28 65 57 64 36 38 122 207 175 135 110 101 91 60 44 28 21 27 27 18 14 21 31 
70 56 27 36 49 50 90 200 205 177 157 167 140 161 182 181 165 137 138 132 93 73 81 98 106 46 32 65 91 95 95 86 67 60 34 9 17 46 70 64 37 48 77 56 51 34 28 110 153 133 125 130 127 100 64 69 64 45 31 20 20 43 33 23 
36 29 15 19 27 49 101 203 200 173 160 171 146 157 169 173 167 140 133 125 91 65 67 79 114 128 64 31 43 55 59 63 56 66 79 64 59 79 75 83 50 66 77 72 54 19 13 70 98 87 90 97 125 146 96 86 84 69 53 49 28 27 44 51 
22 26 21 19 22 42 150 190 201 173 161 173 143 148 143 152 155 142 124 119 93 74 51 47 82 127 151 111 44 10 8 14 26 42 63 95 108 91 80 94 87 80 76 53 17 4 4 40 81 70 95 104 85 89 71 66 98 106 93 80 67 50 83 83 
22 25 25 27 26 40 95 152 193 168 163 184 141 140 126 122 123 119 110 105 96 79 47 22 48 84 139 173 150 72 16 6 17 22 17 73 115 98 89 114 182 134 64 18 3 3 4 24 68 60 72 107 118 91 57 49 68 93 117 110 97 89 107 139 
19 18 16 21 31 48 73 143 193 171 172 197 147 139 122 101 88 77 42 19 47 59 38 14 21 49 96 155 194 203 153 34 16 15 8 39 126 117 95 143 239 212 90 12 2 3 4 14 58 67 45 63 83 89 70 54 55 67 76 82 94 99 103 120 
15 16 11 14 36 71 84 139 183 162 181 210 163 141 119 89 69 34 10 5 10 28 36 17 13 20 42 96 175 220 240 137 36 23 26 75 166 167 110 167 230 218 194 49 3 3 3 9 49 76 55 42 48 64 74 62 46 49 57 55 60 71 80 86 
12 12 12 23 50 77 84 129 166 164 190 215 179 145 116 103 90 75 57 39 22 11 21 39 19 14 14 27 106 197 232 209 74 19 22 81 167 219 145 178 221 239 184 40 3 2 3 6 40 80 75 49 36 48 68 64 46 37 37 37 44 53 56 63 
10 9 22 55 75 79 78 142 167 184 197 213 196 156 121 107 90 84 95 96 81 58 44 42 50 23 12 10 28 105 186 217 164 49 21 71 177 244 167 183 233 246 152 32 3 3 3 4 29 80 99 76 45 54 69 59 42 35 29 27 24 31 37 45 
16 31 61 76 78 68 45 111 168 210 201 210 205 159 129 122 99 83 88 100 102 95 89 86 83 67 30 14 9 26 80 136 168 123 85 135 208 250 170 206 252 244 121 44 4 3 3 4 18 72 118 117 85 77 82 66 47 42 41 39 32 21 19 22 
48 74 78 73 56 31 13 78 183 222 205 215 216 166 137 132 125 112 99 99 103 98 82 76 86 94 84 49 21 9 21 60 107 165 139 165 192 247 186 233 254 227 134 76 7 3 4 4 10 59 102 123 121 105 101 89 67 65 73 72 66 68 89 93 
76 80 69 44 19 6 8 65 153 229 212 221 229 183 140 138 137 131 125 119 110 97 69 32 46 89 106 98 76 29 11 18 61 130 188 179 187 248 216 240 252 206 148 103 14 4 4 4 6 48 92 100 111 115 114 111 95 82 90 102 100 162 243 249 
76 59 34 12 9 12 14 47 129 234 218 220 231 194 128 142 146 139 135 131 118 99 85 66 68 103 127 122 105 77 31 13 17 58 108 169 202 224 215 200 233 192 170 123 31 5 4 4 4 37 98 107 103 113 128 130 124 103 102 110 105 196 248 241 
46 22 7 11 46 59 36 55 148 219 218 218 224 193 100 129 149 146 138 134 123 103 99 106 105 105 122 141 133 109 83 43 16 14 42 83 115 117 143 169 209 201 212 154 89 15 8 8 6 29 145 149 138 129 141 148 147 124 115 116 130 234 246 190 
13 6 5 16 83 103 64 56 135 202 215 212 219 164 60 93 120 142 147 142 133 113 101 103 102 104 122 145 143 128 132 123 58 15 11 31 63 63 100 226 241 196 218 182 89 23 19 14 9 18 135 200 149 138 148 176 204 185 153 147 184 249 248 124 
6 8 5 6 40 62 44 31 84 167 204 202 210 138 37 55 79 120 152 155 142 125 107 95 103 131 149 137 100 84 112 128 111 47 12 19 56 62 65 177 185 105 165 199 107 30 30 18 10 20 76 220 187 150 146 169 218 237 200 170 189 236 186 40 
7 9 8 7 7 16 26 28 40 115 138 159 189 141 34 51 60 93 137 161 157 145 122 99 98 118 114 64 21 15 29 36 42 42 25 29 75 94 89 127 102 38 116 186 129 46 41 25 13 23 39 203 231 176 160 148 198 247 214 158 140 200 68 12 
9 12 10 8 11 13 15 24 28 81 92 57 122 145 43 47 56 67 104 147 166 169 159 126 105 104 94 56 38 50 55 54 55 60 62 65 108 142 136 111 72 30 108 182 146 62 47 28 24 26 18 153 244 201 173 144 175 246 223 153 159 117 21 12 
12 15 11 8 12 16 13 14 23 33 37 33 50 106 63 36 53 55 79 126 164 181 181 154 123 111 103 89 97 118 122 113 110 114 119 114 118 131 121 91 47 50 106 189 173 104 59 35 35 28 13 81 237 233 179 137 170 245 236 184 160 95 73 55 
11 15 10 5 8 15 16 15 15 18 23 31 35 52 73 32 63 72 80 99 136 174 178 149 119 110 110 103 98 102 102 89 74 73 79 81 83 67 29 21 50 83 101 149 142 152 81 47 40 31 20 32 189 242 177 126 172 238 248 209 139 90 121 131 
10 12 9 5 6 11 15 17 19 16 16 24 36 44 56 33 50 68 85 105 120 143 143 124 104 91 83 89 92 90 86 79 58 30 19 21 51 62 23 12 60 88 82 84 101 104 63 47 40 37 32 26 124 241 182 163 196 233 250 232 157 58 81 123 
6 7 9 8 7 8 12 18 25 25 19 16 26 40 47 42 23 22 41 87 105 111 102 88 78 65 63 76 92 99 93 90 85 74 73 74 76 59 19 11 47 62 53 52 108 117 54 35 36 37 36 35 63 206 228 221 227 223 242 249 208 88 23 37 
26 9 7 10 12 9 10 16 23 30 27 19 18 33 40 40 32 29 18 31 55 78 93 93 89 87 93 98 98 96 91 82 77 73 77 78 77 55 16 13 49 48 45 92 157 162 69 18 28 36 37 38 41 132 244 236 227 221 220 235 223 130 46 10 
75 47 16 8 14 13 9 13 19 27 34 32 27 35 43 38 29 44 51 28 17 15 18 22 25 31 37 44 51 58 61 68 66 66 67 62 65 53 15 13 54 44 64 147 172 172 106 14 14 28 39 42 39 59 189 239 212 184 164 168 165 127 81 20 
85 85 60 25 9 8 9 11 15 23 36 42 41 45 49 40 37 44 52 56 50 41 34 30 37 52 68 86 98 97 86 86 79 72 71 68 72 46 11 11 40 39 55 133 162 159 127 33 8 22 40 49 46 33 87 215 222 172 127 125 123 115 118 56 
40 75 89 73 36 8 6 9 12 16 30 43 46 58 58 46 51 57 48 56 78 89 92 95 97 115 117 128 127 116 95 107 90 78 81 82 75 40 10 14 37 35 37 99 147 143 120 52 12 32 45 47 46 33 45 145 205 166 108 95 116 171 183 77 
11 26 64 87 73 34 8 6 9 12 20 35 41 48 57 51 60 67 70 77 85 89 92 94 90 96 90 92 92 75 68 74 55 50 57 64 70 38 10 11 25 23 21 45 84 80 84 60 22 44 50 41 37 34 40 77 131 128 91 92 136 225 229 75 
11 10 20 49 68 62 38 13 5 9 13 25 34 34 37 51 61 63 70 80 86 86 85 85 73 64 33 30 40 42 41 35 27 34 47 57 65 33 9 11 20 21 22 24 36 37 40 43 53 60 57 34 29 34 46 58 86 96 86 83 107 161 158 29 
13 11 14 18 34 60 69 54 30 13 6 16 31 33 26 43 49 46 55 65 67 76 83 84 47 22 26 21 25 71 110 103 83 83 71 77 83 34 8 10 17 15 13 12 13 13 11 12 72 119 72 29 17 26 49 60 74 96 73 64 69 80 62 12 
12 9 15 18 25 51 77 87 84 63 29 10 21 28 32 40 42 48 61 65 62 60 61 63 53 42 36 25 77 168 195 199 179 136 101 119 99 52 8 6 8 8 8 8 9 9 11 14 23 82 85 30 10 12 36 63 72 90 70 61 55 56 41 12 
9 8 15 27 45 70 82 90 102 101 79 38 11 12 24 35 39 55 66 69 68 68 68 68 65 45 22 35 103 205 235 230 229 219 218 158 129 120 23 13 18 16 14 12 11 14 14 12 5 4 31 57 29 10 16 58 94 88 75 64 57 45 35 13 
9 9 13 36 67 84 77 76 90 101 104 83 43 14 8 18 37 60 72 74 72 72 71 69 67 47 20 35 57 79 159 213 194 187 241 188 101 131 32 27 41 39 36 33 29 25 22 22 22 9 11 55 69 28 19 69 146 153 91 78 63 45 30 18 
11 10 15 40 58 67 54 48 58 85 101 98 81 56 24 9 18 45 70 78 74 72 70 69 73 55 18 28 42 41 103 73 121 156 162 85 129 98 20 18 26 28 30 35 34 29 27 28 38 24 4 27 71 72 53 69 152 230 162 89 70 40 34 25 
16 14 21 45 43 40 40 38 55 89 96 92 96 88 68 46 23 19 40 65 74 74 71 70 70 56 21 18 30 68 79 25 63 50 61 79 81 32 13 36 48 45 43 45 33 25 25 21 25 20 5 8 49 87 78 70 87 171 211 114 64 35 27 27 
19 21 26 49 57 47 41 41 56 76 79 90 104 95 87 89 74 41 20 34 58 69 68 64 61 54 32 19 23 61 106 66 99 59 59 47 34 10 12 39 48 46 54 56 41 31 29 31 29 20 12 5 20 69 76 60 66 79 134 109 54 30 28 16 
15 18 21 42 76 75 54 44 45 48 63 98 107 94 92 97 100 89 59 27 21 33 41 43 40 35 30 20 26 58 114 84 137 73 106 79 33 9 17 45 39 35 46 44 38 33 27 32 25 19 17 13 9 54 86 74 71 62 70 77 50 29 15 10 
9 16 17 34 69 77 59 49 54 49 69 94 99 94 90 74 74 94 97 73 34 11 14 28 39 35 30 20 23 33 47 78 179 95 102 52 22 7 12 28 19 27 40 35 30 22 26 31 19 16 14 12 10 38 70 78 71 51 57 67 57 44 12 7 
5 10 15 18 28 77 75 56 66 71 74 97 112 109 101 85 63 62 86 96 77 39 14 14 25 24 21 27 36 42 135 155 176 98 101 45 19 6 6 8 10 25 35 35 27 14 24 24 9 8 7 7 5 5 17 54 67 40 42 77 76 85 47 12 
4 8 6 4 29 112 115 72 67 66 58 80 95 86 73 70 64 55 60 80 92 86 65 35 14 18 13 28 28 30 76 123 115 73 113 42 15 6 6 8 20 38 42 42 26 16 26 17 7 7 6 7 6 3 5 30 64 51 46 70 91 126 115 57 
3 5 6 9 50 112 125 86 63 54 47 70 84 77 64 50 34 35 41 40 61 93 105 89 66 84 37 18 32 22 25 42 98 121 67 31 12 5 6 13 35 47 46 42 21 25 27 11 6 7 7 7 8 7 4 21 59 56 34 43 79 134 166 130 
6 9 14 16 37 71 101 98 52 35 59 82 81 67 64 58 43 37 30 17 20 48 83 107 108 107 52 10 12 23 29 34 31 48 38 27 9 5 7 30 62 61 57 43 26 46 39 15 9 7 6 9 17 25 20 32 50 38 26 44 63 100 159 179 
16 15 15 7 12 25 38 58 52 43 73 91 85 68 49 42 43 36 22 15 17 26 58 120 115 112 89 52 19 14 28 31 29 33 38 19 7 5 14 51 75 73 77 59 56 76 62 30 12 8 12 27 40 45 48 54 45 36 44 42 41 64 115 176 
33 35 30 17 13 19 25 36 35 35 53 80 72 60 53 47 38 21 15 27 39 40 77 120 110 97 109 103 73 36 17 18 29 35 35 16 6 9 28 56 60 67 80 76 77 73 46 17 8 15 37 52 51 68 80 73 65 54 32 17 23 40 69 123 
52 81 83 69 56 61 44 38 45 37 32 18 28 74 73 52 45 20 22 36 49 52 79 106 74 32 67 104 113 90 51 19 18 46 48 16 5 15 40 52 48 60 67 68 62 38 13 7 13 35 53 47 68 95 92 87 69 29 14 18 26 38 44 77 
34 66 95 107 103 109 105 73 53 30 32 13 8 39 55 56 60 39 37 44 50 57 81 97 42 14 18 50 96 113 99 67 39 53 41 11 7 28 50 44 44 52 39 44 43 20 12 19 37 51 40 42 80 92 87 69 33 26 36 43 42 34 35 56 
31 34 52 74 89 102 112 103 68 50 39 31 7 8 16 44 69 57 50 54 53 63 86 78 17 12 11 22 58 94 110 108 87 66 34 9 10 35 49 36 45 46 31 43 31 14 29 48 57 48 39 60 78 76 54 36 43 48 48 61 77 88 93 92 
33 15 17 24 35 44 56 67 62 52 34 41 28 18 15 15 30 45 50 58 49 56 79 45 12 11 11 25 51 62 71 100 102 66 26 7 7 22 30 31 45 41 41 49 25 31 66 79 64 49 55 68 69 47 38 57 59 58 67 75 74 68 89 90 
15 14 10 12 17 17 17 19 23 26 19 40 58 40 20 13 15 41 43 51 48 57 56 20 13 15 17 35 58 51 39 62 75 53 20 8 25 21 11 21 35 34 50 54 37 65 87 76 55 56 63 60 58 53 65 77 74 58 37 21 16 48 89 83 
13 14 12 11 14 14 12 15 19 15 12 26 65 80 43 17 15 56 69 54 74 71 33 40 28 14 21 48 91 85 68 69 74 62 19 25 78 69 34 14 14 24 50 60 59 79 75 54 50 61 66 70 91 91 75 59 40 26 22 18 38 83 85 74 
12 12 13 12 10 10 10 7 5 6 10 19 38 77 100 49 7 15 61 64 104 80 42 104 84 25 38 89 122 126 117 115 125 124 68 51 101 108 86 53 23 15 32 50 64 73 58 50 60 77 89 96 107 91 54 41 58 57 42 37 77 87 75 49 
20 24 15 13 12 10 11 10 9 10 17 21 35 54 90 100 45 7 13 51 103 50 60 124 125 78 90 126 122 126 129 128 129 121 89 63 75 99 113 103 74 40 19 22 40 51 55 65 77 106 114 100 105 106 87 73 71 68 54 65 86 80 57 22 
17 20 15 14 13 10 11 11 11 10 14 24 34 45 68 99 82 23 7 53 94 32 75 129 133 123 120 130 127 128 136 130 106 75 40 40 53 59 86 111 114 94 63 30 15 31 63 77 83 101 107 90 89 106 104 97 87 78 74 86 82 64 28 9 
12 14 14 14 12 11 9 9 10 10 10 18 30 43 54 79 85 31 4 33 57 23 82 127 129 131 132 133 131 132 137 126 91 33 11 32 46 40 48 69 96 118 114 86 48 23 23 40 65 80 87 88 90 99 100 95 90 86 88 85 70 35 10 7 
10 13 15 14 15 13 11 8 6 8 12 13 22 38 45 47 60 60 34 9 19 51 112 129 131 132 132 136 132 131 137 120 72 14 6 12 20 24 31 35 58 89 113 120 100 67 34 20 30 50 65 72 80 98 101 87 76 83 85 76 46 14 7 8 
13 11 12 24 37 19 12 11 10 9 10 9 11 24 38 45 51 69 79 52 55 98 112 127 127 127 126 132 142 137 124 94 41 9 6 6 6 7 12 22 44 58 77 100 114 109 87 54 22 13 24 34 46 76 88 81 78 86 79 55 20 7 7 14 
13 13 12 21 38 24 11 11 14 12 8 7 9 8 17 32 46 52 54 77 84 108 117 123 120 116 121 125 109 84 60 48 21 7 12 14 10 7 6 6 11 23 40 53 74 99 111 94 56 17 7 10 17 37 49 68 85 81 62 26 9 7 10 15 
10 11 12 12 13 13 11 10 11 11 9 9 9 8 10 29 51 41 44 45 63 60 86 104 113 117 105 68 35 31 40 37 14 8 22 26 20 14 12 9 7 7 10 16 29 53 81 87 69 43 21 8 8 15 32 76 83 67 34 9 6 8 10 11 
7 8 8 9 11 12 13 11 11 11 9 9 9 7 9 38 73 36 39 40 34 15 38 74 106 110 74 42 22 24 37 27 9 9 19 23 27 27 24 20 15 12 8 6 7 13 29 46 54 57 50 32 15 10 57 83 72 42 14 7 8 9 9 9 
6 6 7 7 8 8 9 10 9 10 10 10 9 7 6 13 35 40 51 42 27 27 38 69 107 96 38 23 16 19 31 17 7 16 25 29 33 36 34 31 27 36 34 13 7 6 6 8 16 29 43 50 42 52 82 76 49 16 7 7 15 20 22 20 
6 6 7 8 9 15 14 11 10 16 28 15 9 7 7 9 15 15 28 36 25 39 52 82 114 100 63 61 74 41 11 8 11 25 38 47 45 39 37 34 29 47 70 39 16 12 8 5 4 5 12 24 52 82 78 57 22 7 6 14 19 23 27 30 
8 6 7 8 8 16 24 19 17 16 20 14 10 8 8 8 10 15 18 29 34 43 66 106 127 112 90 70 94 61 11 8 15 43 56 49 40 37 35 34 34 46 78 61 21 18 15 13 9 7 6 16 68 81 63 28 9 7 8 13 8 7 7 7 
9 8 6 7 8 10 18 25 33 37 34 27 18 12 9 9 8 12 18 26 32 38 67 114 115 107 111 90 84 50 17 8 23 72 77 62 48 39 35 44 51 58 88 88 43 17 14 16 17 13 14 54 81 69 36 11 6 9 16 8 6 6 6 9 
8 8 7 6 7 8 10 20 38 56 61 55 49 57 52 24 7 6 14 21 28 36 66 109 118 104 128 107 81 67 26 12 57 81 76 78 74 54 44 47 70 83 97 107 80 39 19 11 11 13 38 79 76 48 16 7 6 9 20 9 5 5 7 10 