


29 44 144 128 72 59 55 51 52 68 76 96 42 21 17 18 27 48 62 41 22 22 26 25 33 45 71 110 104 114 110 71 55 39 26 17 23 18 21 20 21 18 12 8 9 11 12 7 5 3 5 8 7 14 19 22 36 44 62 54 57 56 47 38 
71 95 136 147 113 72 57 58 51 46 46 43 30 25 30 28 51 63 44 39 31 52 113 99 34 26 54 94 85 65 69 64 52 40 45 21 16 16 12 15 18 23 9 7 7 7 8 6 3 2 3 3 3 22 23 29 44 50 44 41 42 40 32 21 
86 162 204 211 180 103 69 52 42 36 35 33 36 37 36 46 59 45 29 25 27 43 94 49 18 29 33 76 94 96 72 64 47 36 22 20 17 10 12 19 24 16 5 3 4 10 10 10 6 5 6 5 5 10 20 16 29 38 27 23 27 29 18 6 
47 48 74 120 134 90 110 117 71 36 39 32 25 24 37 43 37 33 25 23 48 46 19 13 11 13 23 58 91 147 87 53 37 27 14 16 14 9 8 10 11 7 4 6 17 20 9 9 9 10 12 12 10 9 11 7 15 21 15 18 25 16 8 8 
56 81 58 42 39 43 47 54 42 39 41 33 29 31 37 51 51 28 42 29 29 27 20 20 20 18 15 23 45 80 42 26 33 24 19 19 16 14 14 19 15 7 11 13 16 15 9 12 8 5 8 7 13 7 9 9 8 13 16 19 21 15 11 16 
44 70 69 68 46 40 36 34 33 33 33 31 31 32 30 39 64 26 44 45 46 38 34 31 25 22 27 40 47 58 39 38 35 31 21 20 20 20 17 26 20 19 13 14 12 11 11 10 7 4 4 11 23 9 15 16 13 11 17 20 13 13 17 30 
45 50 41 46 55 63 88 78 70 49 37 37 44 34 38 38 71 68 41 30 34 33 28 32 46 49 70 117 87 77 45 56 42 24 21 18 16 18 16 20 16 13 9 9 11 11 10 6 5 4 6 22 17 8 24 18 9 23 26 9 14 18 17 16 
109 55 37 40 56 53 82 172 147 63 41 48 47 33 33 41 92 170 80 32 33 31 51 84 144 75 172 183 66 44 77 50 41 23 30 27 23 26 19 17 15 14 14 16 14 12 12 11 9 6 16 24 8 14 31 22 13 21 42 29 51 25 18 13 
240 164 61 45 49 46 56 92 82 67 68 67 64 59 55 50 73 118 81 46 47 78 130 135 173 52 91 107 60 94 158 77 40 34 32 28 32 37 24 20 22 13 13 19 19 12 10 9 7 7 19 14 8 11 18 25 17 23 60 69 72 24 21 18 
158 191 184 144 87 84 88 85 86 84 83 83 75 76 68 74 77 86 101 77 79 130 88 86 186 81 32 43 72 130 151 74 48 54 58 32 31 45 56 32 28 12 11 20 19 12 11 10 12 12 10 10 7 10 16 21 22 15 50 107 93 52 39 18 
85 100 145 164 102 94 96 85 74 70 71 79 85 90 91 63 55 58 94 110 69 93 77 66 102 83 44 44 40 37 60 60 34 27 19 17 20 30 31 27 37 21 18 17 19 15 18 20 19 19 19 19 11 13 11 10 20 19 68 104 88 49 63 29 
77 86 84 81 84 95 94 79 75 76 97 114 104 88 60 55 58 67 89 101 70 57 49 49 48 32 28 46 84 71 89 76 65 45 28 29 32 67 67 57 49 40 26 25 32 24 21 18 16 16 13 14 12 12 10 7 10 26 61 87 65 51 49 37 
78 78 72 68 74 113 92 90 86 111 121 112 96 49 33 37 51 58 47 90 117 89 99 59 49 33 27 27 74 121 142 120 92 57 53 57 68 110 101 71 41 36 26 27 27 21 18 13 13 16 12 12 10 6 9 6 32 80 85 76 59 47 31 26 
70 68 64 65 74 89 90 95 90 100 95 91 55 40 34 38 50 49 35 34 45 86 144 73 88 99 43 34 54 81 82 95 76 38 73 126 97 66 47 26 28 25 23 32 37 25 23 22 19 25 22 25 26 13 9 10 38 62 57 55 68 41 25 29 
63 65 69 73 95 127 103 93 84 85 87 71 75 51 52 66 56 37 32 43 47 45 50 55 63 70 43 52 85 43 48 49 38 32 115 184 161 71 29 23 27 29 28 26 24 15 31 36 30 25 30 32 28 20 10 14 16 19 15 42 86 48 68 68 
67 72 73 67 156 193 118 99 86 91 84 60 58 53 69 64 54 39 39 47 49 43 43 41 37 69 91 96 82 43 43 57 40 37 97 152 171 118 55 35 53 74 62 37 30 22 34 40 26 33 27 34 33 26 18 17 14 15 14 80 79 60 67 59 
74 73 67 88 160 86 73 96 102 102 81 60 51 49 48 65 52 42 49 45 58 63 67 67 52 106 130 115 111 50 83 125 63 53 101 127 168 145 97 53 52 70 53 40 25 21 28 44 33 35 28 35 31 25 20 17 16 14 40 80 30 44 34 42 
90 53 57 84 73 46 54 94 106 107 81 69 64 60 53 74 55 55 61 55 65 80 69 42 84 146 182 132 124 39 110 138 96 67 106 99 125 176 150 65 39 88 60 65 45 31 26 20 21 21 37 44 23 25 33 29 27 22 46 47 23 32 61 92 
71 64 116 120 61 48 43 82 95 110 127 142 116 98 98 77 60 68 63 58 89 140 89 41 113 174 173 110 76 33 64 83 91 85 89 98 95 102 122 95 54 72 46 44 43 40 39 21 18 32 48 47 31 30 37 32 25 25 63 83 55 74 109 119 
60 126 172 104 55 43 37 80 88 102 100 83 82 103 103 75 60 63 50 52 127 168 122 47 161 183 148 109 104 34 54 57 72 83 67 74 73 66 72 72 59 66 58 46 44 40 37 30 32 36 40 47 40 27 18 20 20 20 54 74 89 101 97 69 
119 180 119 66 48 40 56 140 169 197 143 91 44 33 33 92 80 62 63 58 120 130 102 46 120 153 133 62 42 30 57 56 70 100 81 74 98 89 94 79 68 103 92 65 64 49 27 26 30 30 47 49 43 37 19 26 19 32 95 111 102 94 78 64 
215 123 67 58 46 59 150 201 181 210 167 100 58 36 43 86 73 65 57 56 102 151 98 45 111 189 185 125 49 22 69 99 120 104 88 75 92 110 99 65 67 101 98 79 65 47 42 40 33 32 45 61 47 31 33 40 34 47 101 119 104 105 83 74 
176 71 74 59 50 106 232 212 229 214 114 78 72 60 50 72 67 35 48 79 135 143 132 69 97 179 199 183 141 59 63 88 129 120 93 77 74 146 119 67 63 99 93 91 51 40 44 43 43 47 50 52 42 31 36 46 59 79 117 120 105 100 92 76 
131 69 77 56 61 173 243 200 171 107 90 87 58 53 51 123 99 70 56 88 153 176 137 103 155 128 181 187 203 130 114 126 121 160 116 110 81 113 107 77 83 101 75 80 52 43 45 41 41 53 57 41 33 27 35 76 124 156 150 135 112 96 77 79 
99 71 73 57 72 210 242 158 76 70 89 57 32 35 63 124 125 93 96 151 183 203 164 141 165 107 138 173 206 138 124 137 134 168 123 110 66 52 83 114 114 88 42 55 67 58 51 30 20 38 43 31 24 39 88 130 171 187 176 149 112 88 78 66 
75 75 75 59 72 163 186 122 66 47 37 31 32 56 118 118 120 99 108 183 222 189 189 211 189 141 76 130 185 162 133 115 130 167 117 72 30 83 163 165 142 106 53 47 67 68 80 83 63 44 26 16 20 41 111 161 159 100 123 153 115 85 71 73 
84 82 80 63 91 211 214 109 46 38 40 57 85 126 154 136 118 152 142 157 167 173 155 169 168 161 95 92 129 146 133 122 126 162 113 48 30 81 159 162 137 93 80 63 52 49 50 31 31 22 12 9 8 26 82 121 47 10 38 118 117 99 74 70 
125 103 97 67 93 226 240 144 74 72 81 97 150 152 124 134 111 133 202 187 200 174 167 178 176 149 125 102 104 113 118 112 102 110 118 102 82 40 55 80 81 60 33 24 19 21 38 26 11 10 7 11 6 8 17 31 6 4 6 46 91 96 83 58 
183 184 126 71 82 208 236 189 202 176 114 121 168 90 82 124 113 132 158 174 212 187 190 212 205 198 149 129 132 124 112 101 106 100 98 117 96 38 17 24 32 41 26 14 16 15 16 17 13 10 7 10 10 24 54 73 52 14 13 40 61 81 58 39 
222 222 169 84 79 196 231 217 222 130 114 158 136 66 166 116 79 135 155 167 167 149 179 187 192 181 134 149 149 135 70 46 37 39 49 64 44 25 27 55 46 46 31 20 15 15 22 25 16 11 13 20 26 70 114 139 116 35 19 19 58 65 62 59 
248 226 210 120 75 165 206 188 133 99 135 99 54 122 198 114 66 119 162 177 186 153 177 170 153 149 131 165 170 137 63 44 33 36 46 54 38 28 36 65 80 77 32 36 34 49 76 69 30 18 24 35 32 24 49 88 78 67 61 34 48 48 43 85 
255 225 222 144 82 121 115 103 90 83 67 39 103 191 193 128 111 138 190 193 200 160 173 180 122 155 138 165 139 133 102 89 115 103 91 109 78 40 29 34 64 63 44 46 70 86 107 91 33 21 30 46 39 23 19 59 81 95 135 125 65 35 32 53 
255 220 231 230 153 143 113 90 85 60 36 66 108 129 110 91 108 121 165 169 175 142 167 158 120 143 116 138 138 136 121 131 180 116 80 79 76 64 58 52 69 69 60 87 165 99 55 38 28 27 23 27 46 113 109 137 157 121 131 122 63 37 39 32 
254 214 236 253 211 157 121 111 82 44 58 109 112 128 125 96 102 110 128 125 149 126 150 130 141 139 105 123 95 90 146 164 127 85 46 62 158 209 180 112 123 117 102 97 122 74 36 29 21 25 16 21 58 164 191 155 141 143 120 94 62 40 44 30 
248 209 240 253 218 136 140 196 142 48 91 134 153 134 167 163 123 125 142 147 176 126 145 108 138 130 104 129 79 35 62 77 86 52 51 101 192 238 206 144 134 119 72 94 110 61 34 35 18 24 15 20 49 135 163 175 180 146 88 92 84 53 35 39 
249 196 225 251 194 129 167 227 184 84 102 124 132 145 196 140 108 142 135 158 183 105 113 94 108 125 124 133 115 61 34 46 67 52 107 176 243 244 188 138 147 134 96 137 135 70 52 28 26 31 23 26 45 106 164 186 157 121 97 115 89 43 34 38 
217 148 192 230 129 100 143 193 171 95 103 103 150 198 184 143 125 167 145 114 138 103 108 91 116 130 128 123 123 98 93 114 110 68 151 174 222 180 135 118 142 125 88 122 89 63 41 42 37 22 21 37 63 109 161 156 124 96 107 109 97 56 29 43 
145 127 174 149 85 85 134 196 156 116 137 122 137 162 123 153 139 131 120 110 110 94 121 111 142 120 108 114 111 92 95 113 112 72 130 202 189 119 104 110 137 102 86 94 64 66 63 76 32 15 33 105 87 151 159 117 76 85 106 130 114 54 44 44 
174 139 132 112 98 94 103 129 117 109 112 104 96 88 105 110 109 104 109 106 85 88 115 113 126 113 91 87 92 89 76 81 78 71 129 189 149 108 83 106 98 63 58 59 65 79 71 64 31 14 24 104 146 169 157 112 76 84 106 110 82 64 59 45 
210 142 163 122 130 167 125 159 129 182 186 112 84 96 155 135 136 129 119 153 143 92 110 127 127 120 107 109 96 87 68 72 64 62 67 68 60 59 84 79 74 52 44 53 61 62 46 53 36 27 30 46 75 91 76 61 49 49 62 57 61 71 44 57 
219 186 191 140 136 127 102 129 135 151 158 132 108 85 127 151 128 156 126 170 148 100 134 171 157 137 132 137 119 119 94 84 71 58 55 89 64 66 72 71 57 31 40 50 42 41 35 51 44 39 44 41 40 31 23 22 18 29 31 28 46 30 40 56 
162 191 195 168 152 83 76 131 149 130 124 159 170 94 90 96 83 152 152 178 149 115 136 143 138 138 161 129 103 122 118 94 62 59 110 145 109 76 44 65 38 14 45 57 49 56 46 50 53 46 39 41 46 32 50 40 18 26 28 31 27 25 36 42 
115 127 122 124 117 102 92 162 178 111 115 176 210 150 80 75 118 148 146 142 151 118 83 93 162 150 159 160 129 91 89 87 60 70 146 152 114 54 36 53 26 29 31 34 38 55 53 61 73 60 57 51 63 45 53 20 15 22 28 30 27 29 32 31 
134 85 105 115 98 83 105 210 205 96 109 160 214 174 103 75 75 98 110 112 93 90 70 81 157 143 151 181 127 72 68 86 63 62 115 152 114 54 30 51 45 28 22 32 35 76 73 44 52 57 54 61 57 33 42 31 19 20 30 37 35 30 28 25 
159 123 161 129 102 84 96 163 167 111 92 122 142 166 113 68 51 88 101 115 110 112 81 78 127 123 147 163 143 130 100 141 81 61 135 154 108 99 65 79 52 28 21 27 74 94 83 48 39 49 81 81 54 33 47 53 33 21 22 29 34 37 41 41 
156 180 181 130 106 82 146 195 161 155 116 104 129 137 143 96 61 75 117 96 108 108 81 77 103 124 166 162 174 173 129 147 79 71 128 112 70 77 69 70 32 47 28 38 103 91 55 40 47 49 78 73 73 78 55 45 28 29 31 24 22 31 40 49 
113 174 176 150 107 106 142 182 160 146 104 120 101 123 115 107 61 60 92 91 103 102 61 54 110 135 164 181 179 177 148 144 69 95 115 110 73 32 65 46 43 50 49 57 99 91 63 43 31 48 87 100 64 74 45 31 24 17 65 93 71 60 55 59 
114 157 180 175 119 119 139 172 162 154 109 106 125 100 75 70 58 65 77 129 115 108 62 52 114 163 219 208 176 167 140 112 67 104 96 98 69 50 50 55 56 40 29 30 51 67 51 50 54 79 113 66 47 80 55 36 21 35 59 113 141 135 110 63 
78 144 197 175 127 122 169 196 180 214 134 165 199 116 125 104 70 70 79 87 81 71 59 66 129 151 189 186 192 166 136 118 85 98 98 70 50 54 79 69 64 47 50 47 38 48 46 69 76 71 92 52 80 110 49 18 25 73 92 103 114 126 118 109 
105 94 133 182 171 138 145 187 192 212 147 150 176 127 170 125 104 97 97 103 89 66 52 62 122 145 174 183 174 163 135 104 65 76 95 66 46 58 107 51 47 74 52 53 35 31 65 66 102 98 57 75 118 75 24 14 48 92 96 90 109 108 88 73 
125 79 107 109 92 91 133 138 129 147 133 134 93 72 100 98 104 88 95 141 113 69 78 91 98 108 112 107 111 115 93 80 74 72 88 49 21 65 75 49 23 24 54 26 24 40 88 80 88 88 44 75 106 121 69 37 72 97 96 82 101 103 86 65 
91 120 193 190 168 116 109 158 210 231 176 148 79 65 86 86 156 151 154 98 71 58 111 113 74 85 70 55 74 85 76 76 70 75 102 57 32 45 64 41 30 21 87 50 27 67 71 59 44 32 46 90 96 101 109 89 67 60 77 69 94 94 89 67 
99 106 112 125 182 176 195 182 137 113 100 81 61 62 74 76 127 122 96 70 63 51 56 51 51 71 92 88 84 68 44 41 54 70 84 53 60 44 60 49 42 40 64 64 36 49 59 76 44 38 66 79 93 91 74 62 36 78 106 103 99 86 87 59 
76 107 112 93 110 125 192 247 215 193 111 60 50 53 65 75 69 62 66 55 78 61 55 63 96 106 116 109 76 56 36 35 37 31 46 44 50 34 26 22 25 19 31 54 51 42 53 59 35 57 68 61 61 97 82 78 54 75 96 87 77 62 66 19 
86 165 199 109 69 65 108 146 132 176 149 95 61 52 58 53 53 53 57 63 81 77 80 113 129 98 72 67 50 56 62 48 38 28 26 29 47 23 20 26 52 48 60 73 41 43 47 51 69 66 44 36 35 40 61 55 48 28 48 59 75 75 66 33 
103 153 231 181 98 56 46 60 87 143 149 161 93 52 68 58 44 48 60 87 94 121 90 92 99 103 77 61 40 49 58 52 35 24 28 51 60 29 32 63 99 85 48 41 30 31 26 37 77 69 34 17 19 41 56 51 20 9 22 31 61 71 79 60 
162 196 216 163 129 66 57 55 52 76 101 125 87 88 94 63 55 72 100 75 82 103 110 81 84 74 49 39 49 58 91 59 42 70 38 42 49 41 83 75 105 103 57 33 25 19 46 34 48 52 21 29 19 34 49 46 19 31 33 52 62 61 77 39 
195 252 252 206 125 81 64 70 48 61 83 136 141 129 135 94 81 74 103 124 154 70 50 48 49 42 77 67 60 52 64 39 54 60 27 31 36 43 57 43 83 103 44 45 30 20 24 32 33 18 15 25 26 33 35 35 43 46 65 82 44 48 48 35 
190 251 218 128 73 64 63 61 44 52 63 151 135 73 95 100 117 118 154 172 138 43 31 44 50 49 58 65 62 63 77 54 55 48 51 52 54 40 44 44 46 58 56 62 44 38 48 33 27 20 21 22 36 32 34 36 37 24 44 83 43 42 52 43 
181 234 144 72 64 59 52 56 50 44 44 95 115 78 74 95 99 113 114 125 102 57 42 39 45 56 68 48 48 92 99 58 60 71 50 61 72 44 49 47 32 64 87 73 36 60 90 56 41 49 52 44 37 25 21 27 26 17 30 57 29 37 52 34 
119 170 166 106 78 70 59 52 43 32 25 39 75 167 140 91 95 132 101 64 66 73 62 69 131 95 81 81 75 53 64 60 62 72 62 65 57 59 53 28 29 46 89 84 73 61 61 45 44 45 44 36 23 22 23 22 20 16 26 35 15 22 22 21 
38 81 124 148 141 103 66 43 37 36 29 46 52 112 105 59 53 78 78 70 69 73 69 89 108 118 101 89 82 77 64 40 38 58 64 61 60 53 30 80 79 44 64 58 69 45 47 59 31 26 31 26 18 23 25 24 17 15 20 25 14 17 19 20 
44 48 70 88 95 72 48 28 30 52 35 45 136 171 141 66 39 35 51 64 76 61 73 69 75 104 79 64 70 86 89 48 44 42 39 50 64 34 23 52 68 50 61 66 64 41 36 38 25 26 26 30 20 19 21 20 23 22 17 23 23 17 10 11 
57 56 60 99 89 49 28 21 24 57 55 114 233 218 158 69 51 69 41 38 44 45 99 127 163 208 187 93 67 55 65 33 35 65 44 34 40 47 35 48 65 59 56 59 61 41 36 40 35 32 30 25 30 19 20 22 19 21 31 32 28 21 14 14 


50 65 156 143 99 91 81 76 80 92 98 113 65 42 32 30 41 61 81 58 36 35 40 38 45 55 80 116 113 125 123 83 66 51 35 27 33 28 30 30 29 26 18 13 18 20 21 14 11 10 12 15 20 32 33 38 48 59 89 81 82 80 68 55 
90 109 148 160 133 104 95 91 84 78 74 68 52 42 44 42 60 78 66 58 51 69 121 108 50 40 69 105 99 83 88 83 68 57 60 33 24 24 20 22 25 30 16 12 14 17 15 14 9 8 10 9 10 34 37 46 65 70 65 64 64 61 49 34 
106 172 209 215 189 126 97 84 76 67 64 58 55 53 53 63 76 67 49 44 46 60 106 67 37 49 55 89 106 111 91 85 67 55 38 32 27 17 19 31 38 24 10 6 6 17 17 19 15 12 14 11 11 16 29 26 47 54 38 37 45 48 30 12 
72 71 94 136 150 112 126 129 94 63 62 48 39 39 57 62 56 54 44 39 61 58 31 24 22 26 35 68 105 162 104 70 55 42 24 25 22 14 13 16 16 9 6 11 24 32 17 18 19 20 23 22 19 17 18 14 27 34 27 34 41 29 19 19 
85 104 83 68 68 74 75 79 70 63 63 50 45 47 59 77 70 45 58 43 44 41 34 32 33 30 26 35 59 95 54 39 49 35 28 26 21 22 23 31 25 13 19 21 26 26 18 20 15 13 17 16 24 17 18 18 16 25 28 35 41 33 23 30 
75 113 100 97 76 71 69 65 65 69 63 57 54 55 53 61 82 40 57 61 60 51 50 54 45 39 42 54 60 70 52 53 48 42 31 30 30 33 38 40 30 27 20 22 21 20 19 15 13 11 11 20 37 19 29 33 23 24 33 34 28 29 34 49 
81 96 75 76 85 93 108 101 93 84 71 65 71 66 67 67 94 82 57 48 53 49 49 56 67 66 87 133 108 100 65 74 57 37 35 32 29 29 26 30 27 21 17 18 22 21 18 12 12 11 13 35 28 17 41 32 17 35 38 17 25 28 24 25 
136 88 66 69 90 83 105 181 168 97 69 73 77 64 59 71 116 182 99 53 53 49 67 100 159 99 186 197 88 65 87 66 58 36 45 48 42 48 35 31 27 25 25 31 29 23 22 19 16 12 25 38 17 25 50 42 23 33 60 46 69 35 25 21 
242 176 86 71 80 78 83 119 113 94 96 95 92 85 80 71 94 137 102 72 69 92 138 151 190 81 117 129 83 109 167 95 56 46 46 47 51 55 39 39 38 24 23 27 32 24 20 19 16 15 30 23 17 19 37 45 27 35 81 91 95 37 34 33 
179 204 192 159 115 116 121 120 115 110 108 109 102 106 98 102 103 108 119 99 98 141 107 112 202 112 58 69 103 153 163 89 64 68 74 48 45 54 69 54 47 24 22 32 37 26 23 21 23 22 20 21 13 19 36 35 35 27 70 135 119 68 54 29 
122 137 170 185 134 134 135 123 104 97 98 113 122 127 124 95 82 85 119 128 90 112 98 90 124 105 65 66 66 58 75 81 52 40 30 30 32 39 40 39 57 34 32 32 39 28 32 36 34 34 33 33 21 23 24 20 32 32 94 134 114 70 90 43 
113 124 123 121 124 132 131 116 111 116 140 164 150 127 94 80 79 87 109 117 91 82 73 74 74 60 55 69 105 92 101 93 82 62 45 47 48 82 85 80 73 61 47 45 53 41 35 35 29 30 25 26 21 21 21 15 16 38 86 116 91 75 74 67 
118 119 112 105 107 135 127 130 128 155 169 155 137 86 66 68 81 90 78 113 136 111 117 89 77 57 52 55 88 128 150 138 111 76 73 77 89 134 123 94 63 62 48 50 48 37 33 27 25 31 24 26 21 14 18 13 45 104 111 100 84 73 53 44 
119 114 103 101 110 127 130 135 131 140 135 126 89 80 73 75 82 79 66 62 71 112 169 107 117 125 70 60 74 102 102 115 96 55 92 144 120 87 67 46 52 57 50 56 52 41 41 39 35 46 39 46 46 25 19 19 58 87 81 79 97 59 40 45 
112 107 112 116 128 154 139 132 124 124 125 105 107 97 97 101 88 67 60 67 76 83 91 95 99 102 71 77 111 79 88 77 57 47 129 200 181 96 51 45 55 55 48 40 34 26 52 60 51 44 47 53 51 37 21 25 29 36 27 59 117 67 94 92 
116 120 121 106 172 199 140 132 123 129 122 101 103 107 133 107 86 68 66 73 81 80 82 82 80 101 113 119 116 87 89 90 57 49 111 175 191 139 73 54 73 105 99 63 43 35 50 61 42 47 40 54 58 48 31 30 25 28 25 106 105 84 90 82 
123 120 123 124 176 107 99 129 139 140 120 105 100 101 98 102 81 70 73 71 89 94 93 90 80 123 144 137 131 81 106 137 79 68 122 152 194 168 125 80 78 119 109 78 41 34 41 60 47 52 45 53 54 46 38 32 26 22 56 102 41 62 47 58 
126 98 107 122 101 71 79 130 146 144 122 118 114 111 103 108 82 79 87 84 92 103 96 76 102 152 191 150 148 73 132 154 116 90 131 125 155 201 179 97 68 129 97 92 65 43 37 30 31 34 59 67 40 43 54 48 43 31 63 62 34 45 76 110 
112 113 142 142 90 77 69 118 138 144 153 168 144 127 128 107 87 94 93 86 105 147 111 78 129 180 183 142 120 67 109 128 120 109 115 124 125 133 152 121 85 109 72 62 56 55 56 31 30 53 74 71 50 44 53 46 39 34 81 100 69 92 129 136 
104 164 188 131 87 71 67 107 122 133 133 120 125 141 130 103 87 93 78 75 138 175 144 85 178 188 160 134 132 73 100 101 103 106 88 98 99 94 98 97 92 96 83 63 61 57 59 43 45 58 64 64 56 39 27 27 27 28 69 90 105 118 117 88 
147 194 147 99 80 71 85 156 182 207 164 122 84 65 58 115 109 91 90 85 134 142 128 86 144 164 147 92 77 65 86 85 104 128 105 104 137 135 141 119 111 144 125 96 88 68 43 39 43 46 72 66 57 54 29 34 24 47 116 128 120 115 95 85 
223 153 106 94 81 89 164 208 189 217 186 132 97 73 74 111 100 93 87 83 117 163 124 88 138 198 193 142 82 49 97 130 159 139 115 99 130 124 81 65 79 84 105 102 88 73 66 61 47 46 67 84 62 47 46 60 52 69 125 137 123 128 105 99 
196 112 116 96 85 129 236 218 232 226 150 119 111 97 83 95 89 63 80 102 141 148 151 111 128 193 207 194 160 86 93 116 154 142 112 95 99 112 50 24 26 45 92 113 77 65 70 64 57 61 73 76 64 47 53 69 86 107 140 138 126 127 110 98 
162 116 123 96 95 185 246 209 190 146 133 126 96 86 81 144 124 100 91 110 161 182 152 137 174 151 192 198 209 151 139 147 143 175 130 124 97 94 55 48 83 105 91 99 75 66 70 61 54 65 78 63 48 41 53 104 154 181 170 150 135 125 101 103 
140 118 111 99 105 216 244 183 127 120 126 91 66 70 94 149 150 121 122 163 189 208 174 163 180 134 160 188 213 160 145 156 153 179 136 122 77 64 95 137 150 134 75 68 76 79 66 40 28 47 55 43 33 57 117 158 194 206 193 166 137 112 97 84 
123 118 114 102 106 178 199 153 113 91 76 68 70 91 143 144 143 129 128 187 224 198 197 217 197 159 114 158 200 178 152 137 148 178 129 85 40 101 196 199 180 142 80 57 73 85 99 99 73 53 35 23 29 61 144 184 175 113 140 170 141 111 97 97 
129 125 119 110 124 219 223 141 88 79 82 93 112 150 177 160 141 169 159 170 178 184 167 179 180 175 124 127 158 171 153 141 143 175 126 61 40 104 198 200 184 127 111 82 63 62 65 43 41 29 18 15 14 37 110 143 55 16 49 137 141 125 102 96 
160 141 133 116 129 230 242 168 113 113 115 120 167 173 149 160 137 152 212 194 206 185 178 188 188 168 151 136 141 145 143 135 126 124 132 117 89 47 73 102 107 81 46 33 26 30 53 37 16 14 13 17 12 14 25 37 11 10 12 60 117 119 102 73 
204 201 157 120 123 216 240 205 216 195 137 140 185 118 111 149 139 149 171 188 217 195 201 218 210 204 170 154 155 145 125 113 114 98 108 129 99 43 23 31 44 56 35 20 24 22 22 25 19 14 13 16 17 35 72 89 62 21 20 54 82 107 78 54 
231 230 189 128 121 206 236 227 229 153 133 173 156 98 179 141 109 152 164 177 178 160 185 193 198 193 156 173 169 139 83 61 44 47 63 77 56 35 36 68 63 61 43 29 23 22 29 33 24 16 19 28 38 93 147 173 135 46 26 27 74 84 82 76 
249 233 220 154 123 182 217 206 166 127 150 125 88 139 202 140 100 142 174 183 194 163 184 176 168 164 155 181 179 133 74 57 39 42 56 64 49 38 45 80 101 94 45 47 47 65 88 83 43 25 32 46 42 33 63 104 92 83 72 43 62 59 55 110 
255 232 229 172 132 155 153 149 139 119 97 72 123 195 197 145 136 158 199 198 206 169 178 190 147 168 151 172 152 144 105 93 114 100 98 119 85 50 40 47 85 87 57 59 85 103 125 102 43 30 40 57 51 33 28 76 100 119 161 150 82 45 45 73 
255 228 236 236 180 171 154 139 131 97 65 91 118 134 118 115 133 147 181 177 181 153 171 171 133 112 84 125 147 164 140 150 189 127 94 93 90 77 72 67 92 86 72 101 166 111 69 51 38 36 32 38 63 127 123 158 183 148 159 149 86 47 48 45 
254 224 240 253 221 182 159 148 126 78 85 133 124 137 134 118 124 135 150 140 160 141 161 151 129 66 35 57 85 111 161 177 137 100 63 81 172 215 187 140 163 139 120 113 130 88 50 40 29 31 21 28 75 182 207 172 162 170 150 123 77 50 56 43 
249 220 244 254 226 168 169 212 168 82 118 158 169 157 173 171 147 146 159 160 185 140 158 133 141 85 56 89 82 51 71 87 101 67 69 123 207 243 217 180 175 154 104 120 130 75 46 47 23 27 19 26 64 155 183 196 200 173 121 126 107 67 48 55 
250 208 231 252 211 163 186 235 200 116 129 148 160 164 200 152 132 156 157 175 192 128 132 118 132 135 130 147 131 76 47 62 85 75 126 189 247 247 208 171 182 159 126 174 161 85 65 37 35 38 28 31 56 127 184 203 182 148 126 147 115 59 49 53 
225 169 204 236 163 141 172 208 193 129 134 141 169 201 189 158 143 176 164 141 151 124 128 115 138 147 139 142 145 129 121 138 133 97 163 187 245 219 163 150 175 153 121 175 122 81 54 55 47 26 27 45 75 131 183 180 146 114 136 139 126 75 44 60 
169 155 193 171 129 130 167 210 184 148 156 153 161 173 137 162 155 148 141 136 127 114 138 129 155 139 130 138 140 129 125 140 138 102 145 212 234 180 137 145 177 136 126 129 90 84 72 90 44 20 46 119 98 171 178 135 89 99 132 160 140 72 64 60 
191 170 166 153 138 131 139 158 155 143 136 127 127 122 126 128 129 125 136 134 113 111 132 128 140 132 119 114 122 124 109 116 110 95 140 196 173 150 112 140 138 88 82 85 91 95 69 75 43 19 32 113 160 191 178 125 87 97 129 134 102 89 79 58 
219 171 188 162 155 185 163 180 159 195 196 140 124 131 164 147 150 145 141 168 158 117 125 138 139 136 126 126 109 115 99 97 92 82 80 76 66 66 99 97 93 70 62 72 83 73 46 65 47 34 39 54 86 104 89 71 58 59 80 70 78 90 58 68 
227 200 207 167 159 157 144 160 165 173 175 156 144 120 139 163 145 166 147 179 163 125 146 181 170 153 150 154 138 144 124 114 100 88 79 109 85 84 89 87 73 44 55 68 56 50 45 74 64 53 59 53 52 39 28 28 22 37 41 39 58 37 51 67 
182 203 209 185 173 125 119 159 171 162 149 177 190 131 124 126 104 159 166 186 164 137 151 160 157 150 171 151 135 146 141 118 89 87 135 174 136 99 57 81 47 22 61 77 68 79 64 77 84 66 58 56 62 41 60 45 24 36 42 47 41 37 51 61 
143 151 150 155 154 141 136 183 193 143 139 191 220 178 128 116 136 156 159 151 164 140 118 120 176 162 171 177 150 122 114 112 92 86 157 172 132 79 49 69 37 42 41 43 51 71 72 88 101 86 79 78 89 60 66 25 21 32 46 53 55 57 57 58 
163 124 141 150 145 129 144 220 215 127 134 181 222 191 140 117 106 123 132 132 119 118 106 110 171 157 167 190 145 101 96 115 101 93 144 168 121 67 38 66 60 39 32 42 49 99 99 79 84 90 85 93 84 46 56 41 25 29 46 63 69 69 67 61 
186 156 182 155 139 129 125 176 183 136 120 150 164 185 147 109 86 117 129 135 134 133 113 105 143 140 167 172 158 152 122 160 115 93 165 167 118 119 82 95 62 39 33 37 102 124 109 75 72 81 116 108 76 48 62 64 40 28 31 46 58 60 62 63 
185 199 195 155 135 114 162 204 176 168 139 138 155 162 168 128 96 108 137 115 125 126 113 104 125 139 168 168 183 184 148 163 108 102 163 136 85 96 92 85 42 63 37 53 134 119 87 71 84 81 112 104 106 104 76 64 43 40 38 32 31 42 60 78 
153 192 189 168 130 126 155 190 177 165 131 150 138 152 144 133 97 98 117 111 121 121 97 85 127 148 171 187 186 187 163 162 101 124 149 148 94 42 100 79 67 69 65 76 125 118 93 72 63 83 122 133 91 102 66 49 37 26 69 100 79 78 79 89 
140 173 194 185 140 137 153 180 178 169 131 132 155 139 111 100 94 97 102 143 133 129 102 85 133 172 222 214 184 177 153 133 95 133 132 138 91 67 62 72 85 70 57 56 76 94 80 81 86 109 146 91 78 111 79 53 30 50 68 128 157 152 134 82 
99 164 206 185 144 140 178 201 190 219 152 178 212 152 152 133 108 103 107 109 104 98 90 93 144 161 193 192 197 175 150 138 105 122 135 97 62 72 96 84 93 77 78 79 72 77 71 98 108 89 121 78 118 147 66 28 39 105 135 135 145 153 144 123 
118 105 136 184 181 153 158 194 198 217 162 165 194 155 184 152 135 125 122 125 113 96 83 89 136 154 180 189 181 174 155 134 88 104 130 88 58 68 123 61 63 102 75 93 75 56 94 100 142 125 79 109 155 104 38 23 69 128 141 127 140 138 115 91 
150 112 122 116 101 105 149 160 152 165 151 156 136 114 132 131 137 120 121 158 145 103 107 116 119 126 127 121 125 133 116 105 96 98 121 62 25 78 92 81 54 47 78 54 48 60 124 117 121 111 67 108 137 149 88 52 99 135 130 116 133 133 115 91 
122 140 200 194 173 124 116 162 211 232 184 171 123 102 115 120 173 170 171 138 123 93 127 132 104 110 96 94 114 116 108 103 92 98 132 69 40 60 90 80 45 29 109 63 35 81 80 62 53 41 63 118 131 136 138 120 98 86 104 98 124 124 121 91 
126 130 136 139 183 182 199 187 142 119 109 111 97 95 107 108 149 147 130 118 112 84 87 85 88 101 132 139 124 97 70 71 77 82 107 68 74 58 87 94 87 67 83 83 48 57 66 94 63 58 91 105 122 123 110 87 59 108 137 133 128 115 114 77 
107 135 135 113 126 140 199 247 218 197 121 74 64 75 93 104 100 96 101 96 119 94 87 93 120 131 141 136 103 90 79 76 74 62 75 68 72 73 72 68 70 58 65 83 82 63 78 89 60 83 94 88 84 116 112 110 83 104 129 120 110 94 87 26 
115 178 205 129 95 87 118 152 146 182 162 119 84 66 65 58 69 85 90 94 110 107 105 126 139 114 92 89 78 87 99 94 85 77 68 61 74 51 51 63 83 80 97 106 68 72 74 84 106 96 70 60 56 63 85 78 70 42 63 78 100 104 86 45 
128 165 232 187 120 94 78 83 100 148 155 168 119 81 86 64 49 57 70 101 115 145 112 109 113 128 98 79 72 81 87 80 57 41 44 71 75 37 47 90 121 116 78 69 53 56 49 65 116 102 60 36 43 70 85 75 32 14 31 41 80 97 105 79 
175 207 220 172 144 108 95 89 80 100 118 134 104 104 104 78 76 94 111 85 90 111 122 108 114 96 79 69 82 82 109 82 66 90 52 53 61 56 102 87 123 137 90 60 47 38 67 54 75 79 41 50 42 60 79 68 28 41 43 61 77 79 97 50 
200 252 252 213 147 120 104 105 80 91 111 150 157 150 148 114 108 105 122 142 169 92 64 58 63 66 103 88 92 84 94 65 78 71 31 42 50 57 68 53 100 131 74 80 54 36 39 52 55 36 31 45 52 58 60 59 60 60 78 94 55 67 56 42 
195 252 226 158 113 103 104 97 78 86 94 159 147 98 113 115 130 139 165 181 157 74 60 70 68 56 62 77 90 96 110 83 78 64 70 75 74 49 54 55 59 77 80 92 70 57 63 51 55 46 44 42 67 61 59 60 56 34 53 96 58 64 64 56 
187 236 171 116 105 98 90 92 83 79 76 113 128 102 99 111 113 124 120 132 118 83 68 64 72 80 80 52 56 108 122 92 89 92 64 83 91 56 61 58 37 80 118 99 64 82 108 86 70 83 84 73 66 53 41 50 48 30 43 67 42 60 65 44 
131 176 177 140 119 109 98 87 75 60 53 70 96 173 150 107 114 143 114 84 88 97 88 94 150 113 86 85 80 56 68 73 78 88 76 82 71 74 66 40 40 72 121 108 109 92 87 75 64 75 75 63 46 52 52 46 44 35 42 44 26 40 35 38 
59 94 134 161 161 137 104 74 64 61 50 70 72 123 120 83 75 93 94 87 87 92 89 106 123 133 116 106 99 97 75 45 41 65 74 72 73 63 38 93 97 71 91 91 101 72 74 96 59 51 57 52 40 52 50 38 32 33 36 40 28 34 35 37 
67 69 89 104 114 95 75 55 54 74 56 70 148 180 151 91 66 57 66 76 87 76 85 81 84 112 90 77 82 97 96 53 46 45 48 62 83 47 32 65 93 75 88 99 95 64 61 63 49 50 49 58 41 41 47 41 44 45 37 43 38 29 20 24 
77 76 81 113 110 75 53 44 44 76 75 129 235 218 165 92 77 87 60 53 59 62 110 136 173 212 193 107 85 64 72 42 39 72 49 37 47 58 46 70 96 95 90 89 87 62 64 69 63 59 53 52 55 34 35 44 36 39 46 48 42 33 24 29 


29 45 146 132 69 54 41 30 37 50 64 92 32 13 12 16 25 46 55 38 20 19 24 24 34 45 71 110 104 123 123 81 64 41 28 16 21 15 20 19 20 18 11 7 8 11 11 6 4 2 3 7 5 9 15 21 36 44 49 39 40 41 38 31 
79 102 146 156 116 64 43 40 38 31 31 34 21 16 21 22 49 59 39 35 27 51 115 99 29 23 51 93 87 69 74 69 55 41 45 18 14 13 11 14 15 23 9 7 6 7 7 5 2 2 3 3 3 17 19 29 43 49 34 28 28 27 22 15 
93 163 206 215 183 100 60 40 29 23 23 24 30 32 26 39 54 39 22 18 21 40 95 45 12 24 27 74 101 111 78 68 47 35 19 17 16 9 11 18 20 15 4 3 3 9 9 8 6 5 6 4 4 9 16 15 27 35 25 17 18 20 12 3 
46 49 71 115 126 85 105 113 64 24 29 27 23 21 27 35 29 23 19 16 46 47 19 13 11 13 22 59 99 169 99 55 34 27 13 16 14 8 7 9 9 5 3 5 16 20 8 8 9 9 10 10 8 8 10 6 13 16 8 9 20 12 6 4 
48 76 55 38 32 34 38 46 33 31 32 29 28 29 29 42 49 24 38 25 25 25 19 18 19 19 17 26 53 95 46 23 29 23 19 18 13 11 11 15 13 6 10 12 14 14 9 10 7 5 7 5 11 8 7 7 6 9 11 11 12 7 4 11 
36 37 54 61 38 32 29 27 26 25 25 25 26 29 26 33 60 23 42 41 43 36 30 27 24 25 34 51 55 60 37 39 38 32 20 18 15 13 10 20 18 20 11 14 11 10 10 8 6 4 4 11 24 9 12 13 10 9 13 13 7 6 8 20 
38 28 31 36 44 55 83 71 64 36 27 31 36 25 31 29 66 65 40 29 35 34 30 36 59 63 89 137 98 79 43 60 46 24 20 14 12 12 9 16 13 11 6 6 8 9 8 4 4 4 6 21 17 7 20 14 9 22 24 7 11 14 14 13 
106 51 36 34 44 44 74 167 134 49 33 39 34 22 24 32 91 169 77 31 33 31 57 99 165 100 189 197 75 45 71 55 43 22 26 20 17 17 14 15 12 10 9 10 11 10 10 8 8 5 16 25 7 14 30 18 12 21 35 24 39 20 14 10 
240 166 64 44 40 35 52 81 69 55 57 52 48 45 43 37 63 114 77 44 48 81 133 150 190 73 111 119 67 90 157 82 40 33 29 21 27 30 21 18 19 9 8 12 13 9 7 8 5 6 19 13 6 10 15 22 17 24 51 59 59 18 12 8 
152 186 185 140 74 62 65 63 69 68 66 66 57 47 40 52 64 82 98 74 81 134 95 100 199 95 38 48 67 112 149 75 47 52 59 29 28 44 53 29 24 8 5 13 13 10 8 9 10 9 8 9 6 8 11 20 23 15 44 91 79 42 30 13 
65 80 127 147 75 59 60 57 52 51 49 43 41 43 55 43 41 44 85 110 67 95 79 68 108 88 39 40 37 26 57 63 34 24 20 17 20 27 23 20 28 15 10 11 14 10 15 18 15 15 16 16 9 10 9 10 20 17 58 86 72 37 49 23 
59 61 57 53 53 63 59 47 43 41 43 49 43 46 37 35 39 54 82 99 66 52 45 44 43 24 20 40 73 46 71 70 60 40 28 29 30 61 60 47 30 30 18 18 27 18 15 14 13 13 10 13 10 11 9 7 8 21 49 68 46 32 28 23 
53 50 45 42 50 93 59 47 44 53 54 62 50 30 21 24 41 55 45 93 122 91 103 57 46 28 22 20 59 112 134 122 91 58 54 58 65 113 101 65 29 24 18 17 19 16 15 11 10 12 10 11 8 4 7 6 26 64 66 59 43 33 20 18 
39 36 37 39 44 53 48 53 54 60 64 69 34 22 20 29 45 46 31 32 47 97 150 72 85 92 41 32 46 81 77 94 74 37 74 128 95 60 40 18 19 10 10 21 26 19 20 18 14 19 18 21 22 10 8 8 32 51 47 44 54 32 20 23 
37 38 38 44 71 100 70 62 63 73 78 60 64 26 24 50 52 33 27 40 44 40 41 43 54 62 43 54 80 27 32 39 35 29 107 187 160 67 19 11 14 15 17 17 15 14 28 31 26 20 24 28 24 16 9 12 14 16 12 34 71 39 55 57 
39 38 41 48 146 189 108 84 79 87 75 40 36 23 25 45 52 35 33 43 42 32 29 27 23 56 89 95 68 20 18 41 37 31 85 152 173 117 43 19 35 58 45 25 15 18 32 35 22 26 22 30 28 21 15 13 13 14 13 68 66 50 54 54 
44 41 36 72 154 91 74 91 98 103 70 37 27 22 22 52 51 38 42 40 50 51 53 48 40 98 128 114 106 37 75 121 61 49 97 127 169 146 85 33 36 38 15 19 19 19 25 40 29 33 22 30 26 20 17 13 14 14 34 68 25 38 29 34 
74 39 39 65 71 49 54 89 99 103 64 43 36 29 27 65 56 54 57 50 57 66 56 29 70 135 181 130 112 24 103 138 96 60 94 97 124 174 131 46 28 57 28 47 36 28 25 19 18 18 30 36 18 21 29 25 23 19 43 46 21 32 62 77 
64 50 110 115 61 49 44 71 84 103 118 133 107 94 106 81 63 67 61 53 79 125 80 29 98 167 170 93 44 13 30 49 82 84 83 93 90 100 121 93 44 45 22 28 27 34 35 18 16 26 40 40 26 26 34 29 18 20 66 86 53 78 108 98 
55 108 165 102 51 44 42 80 86 98 94 73 65 92 109 79 62 60 46 43 109 162 119 38 154 174 143 102 92 13 16 20 55 80 58 62 64 57 65 64 50 46 30 25 21 26 31 25 25 28 37 40 33 24 17 18 14 15 55 76 92 98 74 48 
119 176 117 61 48 44 63 146 176 199 143 83 35 32 34 91 80 55 54 46 109 125 95 34 114 150 125 52 32 13 35 37 46 91 77 59 83 72 77 66 54 78 64 35 39 35 24 21 25 27 45 43 36 31 17 21 13 23 97 116 108 79 56 40 
213 124 68 57 50 65 156 206 189 214 165 93 48 25 34 82 71 60 49 47 96 150 89 31 101 188 183 118 35 16 55 76 87 81 79 67 77 76 48 36 43 58 67 53 50 36 33 27 25 28 44 56 38 26 26 29 23 37 101 124 113 88 57 48 
172 74 68 60 53 111 235 216 231 212 105 62 56 46 40 68 65 29 37 71 125 134 129 54 90 177 198 183 127 44 50 74 117 100 80 74 73 94 46 20 21 40 64 70 41 30 32 31 33 41 49 48 38 26 26 33 44 70 119 127 111 83 65 48 
128 66 68 58 64 174 246 203 167 93 68 66 41 41 46 123 98 65 43 80 149 173 135 93 152 122 180 186 197 113 100 114 107 148 107 124 123 106 50 37 53 50 56 65 45 37 35 30 33 46 54 37 29 21 23 67 122 158 158 140 108 76 54 52 
96 65 64 56 73 209 243 150 52 36 68 50 27 27 57 127 124 87 79 145 181 201 164 132 158 99 131 169 203 126 109 123 118 154 130 129 94 69 65 99 97 59 29 40 43 48 61 39 26 36 40 27 20 27 70 124 173 193 182 150 92 58 55 49 
80 69 64 58 72 165 191 114 42 31 31 27 24 39 106 122 120 93 95 178 219 187 188 208 184 134 62 117 178 150 117 96 110 149 135 92 44 63 116 138 113 84 37 29 41 56 83 99 83 58 41 21 22 31 87 152 162 105 128 155 97 54 42 40 
94 75 68 62 92 213 218 107 44 37 33 48 76 114 146 138 120 150 138 159 168 173 154 168 166 159 84 77 112 130 118 105 94 144 132 79 48 66 113 121 97 68 59 44 41 53 51 41 44 34 24 16 15 26 61 108 47 12 41 119 94 71 40 29 
127 100 91 67 94 224 241 152 87 78 77 100 146 142 115 131 113 133 201 184 198 175 168 179 175 143 116 85 80 93 101 99 69 93 140 131 94 38 44 63 66 60 46 42 40 41 45 32 20 24 15 15 11 13 18 27 6 6 8 44 67 63 39 30 
180 185 130 72 81 206 239 203 212 188 127 125 157 82 71 114 108 129 156 174 209 186 190 209 203 193 140 113 113 93 75 73 50 41 110 131 90 40 24 37 53 55 38 25 27 28 27 30 28 21 12 13 13 21 39 54 46 16 15 32 44 47 29 20 
222 225 174 86 75 190 235 227 228 147 124 152 126 55 158 102 61 125 153 167 165 147 175 182 188 175 122 133 117 82 78 73 43 48 84 88 68 43 48 86 84 70 61 37 29 29 35 39 28 16 17 26 25 51 77 101 104 38 21 18 52 41 32 33 
248 229 213 118 67 156 207 191 136 101 127 91 41 102 193 92 43 104 155 175 185 152 174 164 144 137 117 149 135 72 77 67 39 36 70 79 67 52 59 95 115 98 60 55 61 87 105 105 64 34 35 43 38 30 47 85 84 72 59 32 46 40 23 67 
255 229 226 141 66 106 100 82 73 65 57 34 88 182 185 110 92 119 178 189 194 157 168 174 105 142 127 149 116 83 56 55 68 54 102 119 71 49 49 62 83 74 64 79 102 131 139 113 60 40 43 52 50 39 29 58 81 94 117 109 53 25 21 40 
255 225 234 229 138 127 87 58 65 50 35 54 101 119 96 76 89 97 147 160 169 138 157 147 98 98 76 107 117 112 106 126 179 127 108 93 75 69 68 64 79 89 87 113 160 123 86 64 39 32 29 39 59 124 117 135 141 107 113 104 48 26 28 25 
253 219 239 253 206 137 99 104 67 39 50 87 108 125 116 84 90 95 112 116 147 126 146 118 102 63 35 53 76 95 142 167 139 98 63 76 162 209 170 84 91 101 110 116 127 92 54 39 23 22 14 16 55 171 204 163 128 124 99 76 50 28 30 19 
248 214 242 253 212 120 126 197 143 48 78 114 139 117 159 150 105 104 127 141 175 124 141 95 112 75 51 82 74 44 64 85 96 65 60 97 186 237 196 105 93 92 58 78 87 51 30 33 16 20 13 15 47 145 178 189 167 122 68 75 69 42 29 34 
248 200 224 250 187 117 164 231 189 79 97 111 109 130 191 128 91 126 112 142 177 98 105 80 86 109 113 124 115 66 37 57 70 47 98 173 242 243 188 132 126 121 87 101 93 51 43 26 26 30 21 22 43 114 178 193 138 101 83 100 75 32 28 33 
215 145 191 228 116 83 132 197 178 98 99 87 129 189 180 136 118 161 128 89 126 97 100 78 89 120 120 109 106 82 78 109 101 47 135 169 205 163 133 105 118 110 75 92 62 45 31 40 36 20 18 31 59 120 176 152 114 93 95 93 80 45 21 31 
141 118 165 141 67 66 123 198 158 118 133 106 110 150 113 144 129 114 93 83 93 84 108 97 134 112 94 96 88 63 67 102 99 47 111 198 153 90 95 85 95 81 71 74 47 47 43 61 27 13 26 84 82 165 169 111 74 83 97 112 98 45 33 33 
167 125 117 91 81 74 83 121 101 97 103 93 79 71 96 102 109 96 89 92 74 79 107 109 125 112 85 77 80 67 59 58 61 54 116 183 118 75 73 77 66 57 51 54 54 53 38 40 24 13 18 80 140 181 167 111 71 80 96 95 66 51 45 30 
205 130 147 99 116 151 98 140 110 175 182 101 60 63 138 125 135 115 100 141 137 87 103 125 124 116 98 100 84 70 51 52 55 51 53 59 50 47 74 69 65 50 40 48 51 43 26 35 27 22 22 32 63 84 67 53 40 37 51 46 48 55 29 28 
218 184 181 127 125 109 75 104 113 135 151 132 95 73 118 143 124 146 109 164 148 98 130 167 147 133 122 128 102 99 76 66 62 48 44 84 59 58 61 61 50 30 36 44 34 30 27 38 29 25 28 26 24 23 16 14 11 14 16 15 34 20 21 26 
155 189 189 156 136 58 52 112 132 111 117 163 173 92 78 88 80 145 141 172 149 114 129 135 125 136 160 121 82 104 107 79 49 52 104 140 95 63 37 60 33 13 43 52 42 43 35 32 29 25 22 23 26 22 35 24 11 10 13 16 15 10 14 19 
108 121 108 109 92 74 67 148 170 101 112 182 218 151 64 70 110 137 135 130 145 105 74 85 158 150 156 155 117 72 78 73 44 50 126 127 90 44 29 47 23 28 28 29 34 48 39 37 41 28 28 26 32 26 33 12 10 12 18 18 12 8 9 14 
120 72 87 96 67 53 81 201 201 90 104 163 220 181 93 66 68 81 95 102 86 80 64 73 155 142 143 178 118 57 58 73 41 50 107 117 75 46 25 45 39 26 19 29 32 68 55 20 30 26 30 43 27 19 23 21 12 15 22 23 13 6 5 6 
147 109 148 114 81 53 77 156 159 105 88 123 151 177 120 66 45 73 91 110 106 106 77 73 120 116 137 158 138 120 90 127 58 51 126 115 76 91 57 71 44 24 20 24 74 86 64 29 20 24 65 69 46 28 35 39 28 18 18 19 19 15 22 22 
141 174 171 113 86 66 139 190 157 152 109 98 134 148 155 98 49 61 110 92 103 101 74 71 93 116 153 154 173 170 127 136 65 62 117 92 57 71 62 58 28 38 22 35 94 67 33 20 24 26 61 66 61 70 48 37 24 26 25 21 17 19 28 38 
91 164 169 138 94 99 139 177 153 141 96 120 98 130 122 111 49 46 82 87 96 89 54 49 103 131 159 180 177 177 149 132 58 92 103 96 63 28 47 25 32 42 40 48 86 75 43 20 18 33 76 88 49 57 38 24 18 15 44 72 55 47 46 50 
102 148 170 165 108 112 133 166 155 149 110 118 132 103 80 75 51 55 70 115 110 98 47 47 108 161 216 207 174 165 137 99 57 92 79 78 61 45 44 48 51 37 28 26 44 61 37 30 35 63 99 54 33 58 42 24 15 32 41 85 117 112 95 55 
68 132 189 166 119 116 167 192 175 213 141 177 204 123 134 105 61 66 78 82 78 64 53 65 126 149 184 185 189 163 133 97 72 81 77 52 36 48 72 59 60 46 46 43 28 35 28 42 58 51 76 41 68 93 36 9 20 64 74 81 96 108 103 92 
99 91 130 179 165 133 146 186 192 212 153 165 178 130 174 121 101 102 98 104 86 56 49 62 118 141 169 180 172 163 128 84 55 58 72 53 38 52 96 44 42 63 45 41 24 22 48 41 87 88 48 67 105 62 18 11 43 80 76 71 89 92 74 61 
114 69 106 109 91 92 137 139 133 149 137 126 75 53 86 87 100 89 98 125 88 60 78 91 95 108 106 90 99 115 91 77 74 64 63 37 15 57 63 38 17 18 46 17 16 32 76 67 74 78 34 64 93 108 65 35 64 84 83 66 84 85 71 53 
78 114 192 190 167 115 112 161 211 232 175 131 57 47 65 71 159 160 147 53 29 46 106 102 55 69 55 36 52 76 66 63 62 58 77 47 27 37 48 25 25 19 85 44 21 49 41 27 27 22 36 78 82 84 97 78 54 49 66 55 77 77 74 54 
90 99 114 129 181 176 195 182 138 116 98 62 43 49 56 58 120 113 71 30 27 36 41 31 31 57 72 66 65 62 39 34 46 47 60 40 51 37 43 17 14 24 53 54 29 29 28 22 24 28 45 60 80 76 55 50 30 62 86 82 76 69 73 49 
69 92 104 93 110 121 189 246 211 191 107 51 39 39 47 60 52 40 39 28 52 45 41 49 83 92 100 96 66 44 22 22 26 20 33 33 38 19 11 8 10 9 15 25 25 28 41 30 18 47 50 43 49 81 69 66 51 61 76 68 57 45 57 16 
77 159 192 107 70 58 103 139 119 170 144 80 47 38 44 44 37 29 35 49 74 68 72 106 123 89 60 55 38 41 36 22 13 9 9 18 34 12 9 12 36 23 19 28 14 15 29 32 27 43 33 25 22 30 47 47 45 20 34 44 59 61 56 27 
90 148 229 175 87 36 30 45 78 135 146 152 73 31 47 42 33 35 48 80 96 123 88 82 85 78 53 42 28 36 46 44 27 19 24 48 50 18 26 53 81 33 25 30 19 13 11 22 44 47 24 9 9 22 44 47 18 7 14 22 49 57 66 48 
157 195 214 160 116 39 34 39 44 64 88 115 73 71 78 46 38 55 90 69 83 108 94 33 37 44 30 25 41 54 85 56 38 65 32 33 39 35 75 69 78 61 38 17 14 13 27 20 40 44 14 19 12 18 38 38 17 27 24 34 46 44 60 30 
194 252 251 200 112 55 44 57 31 43 69 129 131 116 126 84 64 54 94 125 158 66 43 34 27 21 57 58 54 46 54 34 49 49 18 22 29 39 50 36 64 86 31 21 19 13 19 23 24 15 12 20 18 17 24 27 33 40 47 58 27 28 28 23 
189 251 211 111 59 48 44 43 26 31 48 143 123 58 82 90 104 100 144 174 143 43 30 35 36 35 46 56 56 51 60 44 48 41 47 43 43 32 32 36 41 51 41 40 32 30 35 25 15 12 16 14 19 20 27 29 29 20 31 59 28 23 35 31 
182 231 126 45 45 44 37 38 32 23 27 79 100 64 55 81 79 92 99 117 97 49 36 32 39 46 52 36 38 83 87 41 45 54 42 55 62 34 39 38 28 49 54 52 21 48 66 34 31 23 26 26 21 13 17 24 21 11 20 37 20 24 36 26 
119 171 157 84 56 53 42 35 28 19 13 28 66 160 130 79 79 120 92 58 62 65 52 57 121 77 62 62 54 38 54 51 52 60 52 57 48 51 46 23 24 35 76 69 42 46 47 31 30 24 20 20 16 16 21 19 18 12 16 20 12 18 15 18 
40 83 123 143 129 83 48 29 24 27 18 33 42 109 101 55 48 74 73 64 65 68 63 81 100 115 100 87 76 71 53 28 24 42 48 47 48 45 27 69 56 25 44 26 46 32 37 40 24 25 27 21 14 11 17 22 14 11 14 18 10 16 16 18 
45 45 68 81 83 57 37 17 19 40 23 33 129 167 137 63 34 30 46 57 69 52 62 60 69 104 78 62 68 82 81 37 28 29 32 41 53 27 19 42 45 35 35 22 30 26 28 26 17 22 24 28 17 15 11 11 14 16 13 20 18 13 9 11 
54 54 60 99 81 34 16 11 15 46 45 107 229 214 156 63 46 64 36 37 42 41 93 123 165 206 186 93 70 47 52 23 24 51 30 22 31 32 21 24 34 24 21 41 47 26 29 36 33 32 29 23 25 15 12 10 10 15 19 21 23 17 12 14 