


255 255 255 255 255 255 255 255 255 255 255 255 255 255 255 254 254 253 250 239 232 228 242 250 254 255 255 255 254 254 253 252 247 244 244 246 248 249 250 253 254 254 254 254 255 254 254 254 255 254 255 254 254 254 254 253 250 248 246 245 245 239 235 233 
255 255 255 255 255 255 255 255 255 255 255 255 255 255 255 255 254 254 252 239 225 224 231 240 249 247 239 231 225 218 209 198 180 179 179 182 185 188 193 212 234 243 250 253 254 254 254 254 254 254 254 254 254 253 252 250 248 246 246 247 243 238 236 235 
255 255 255 255 255 255 255 255 255 255 255 255 255 255 255 252 247 241 225 194 175 169 171 182 187 170 148 134 136 137 137 132 126 130 128 124 122 125 132 142 171 184 208 225 238 244 251 254 254 254 255 254 254 252 251 249 248 246 247 245 242 240 238 236 
255 255 255 255 255 255 255 255 255 255 255 253 251 244 231 210 198 193 184 171 162 151 145 144 131 113 107 116 124 131 139 141 140 148 142 130 121 131 133 136 153 151 174 184 195 206 229 236 246 253 254 254 254 253 251 250 249 250 247 245 244 242 240 239 
255 255 255 255 255 255 255 255 255 251 237 221 209 195 185 180 180 175 166 161 157 149 142 127 109 106 116 128 138 156 168 177 174 170 165 164 160 162 148 149 162 147 159 158 165 182 210 206 223 239 250 252 254 253 251 251 251 250 248 246 244 243 241 237 
252 254 255 255 255 255 253 250 240 217 195 186 182 177 177 175 171 166 161 156 148 137 125 117 121 130 139 150 164 174 194 199 192 184 180 176 176 174 167 171 178 169 158 140 147 175 197 192 213 226 236 244 249 251 252 252 251 250 248 246 245 242 240 240 
227 233 244 249 249 245 227 212 199 186 180 178 173 170 171 171 170 166 154 140 132 125 129 143 152 157 160 171 171 179 188 190 191 187 183 174 172 173 177 182 196 193 172 151 151 178 187 186 210 220 222 232 239 245 251 252 252 250 248 248 244 243 243 241 
195 195 198 201 202 198 191 185 183 180 179 171 167 176 174 173 163 145 134 127 125 130 141 158 162 165 167 169 168 180 184 177 173 166 162 168 171 171 180 185 199 204 194 173 163 182 180 183 211 217 212 223 229 240 248 250 250 250 250 248 247 245 242 241 
178 177 176 174 174 179 182 187 180 174 171 168 172 173 173 169 155 138 126 121 129 142 153 162 167 173 176 173 178 187 186 169 149 140 158 174 171 174 174 178 188 206 196 178 169 187 182 190 212 216 213 220 227 238 245 247 249 250 249 249 247 245 244 242 
169 170 171 169 176 180 179 176 169 167 166 168 168 162 162 160 155 137 120 122 143 149 147 153 159 161 160 151 161 180 189 172 148 149 157 172 180 178 174 176 184 207 195 175 176 195 187 198 215 218 217 222 229 239 244 246 248 249 249 248 247 245 244 242 
164 170 179 171 171 175 170 165 161 160 162 163 162 157 151 154 149 138 119 127 159 161 156 154 146 149 152 139 138 153 172 172 156 143 150 169 183 179 178 179 193 213 203 182 187 200 193 205 216 220 223 226 232 240 244 246 247 248 248 247 246 246 245 244 
173 176 179 175 165 167 165 152 149 155 158 159 162 159 156 161 156 150 133 138 168 172 169 164 158 144 141 142 137 135 148 157 156 133 144 169 182 179 175 178 192 213 219 204 202 211 204 212 219 220 227 231 238 242 244 246 247 247 246 246 246 246 245 246 
177 172 166 166 166 163 157 152 154 154 152 155 159 156 161 163 164 162 149 152 172 175 174 173 164 148 136 132 131 137 139 144 138 127 138 164 170 187 185 184 195 210 227 218 217 224 220 223 225 222 230 236 241 243 245 245 246 245 245 245 244 244 243 241 
178 166 158 158 156 152 156 154 156 161 157 151 155 157 158 165 172 169 155 152 162 168 175 174 174 164 141 120 121 133 133 135 124 123 141 159 153 177 194 200 211 215 226 223 222 228 229 232 233 230 233 240 243 244 244 245 245 245 244 243 243 242 237 231 
171 159 153 152 151 153 147 152 153 163 158 149 150 154 163 169 179 172 143 128 128 130 133 139 150 161 163 147 123 126 131 130 124 128 142 146 141 154 178 198 205 214 225 227 217 219 227 230 231 234 237 242 244 244 244 245 244 244 243 242 241 239 234 231 
148 138 138 146 146 145 147 151 149 157 152 148 150 151 166 175 179 155 129 141 146 138 125 123 123 127 141 160 144 124 127 124 124 138 141 139 132 137 166 180 181 195 201 208 202 212 207 217 222 224 231 238 242 242 244 243 243 243 242 239 237 238 238 240 
141 137 139 147 151 142 140 143 142 144 144 136 143 150 162 167 168 135 129 135 129 120 107 110 118 115 114 123 154 151 120 115 124 132 124 119 132 143 161 166 171 173 168 174 187 209 201 202 213 211 215 224 232 236 240 242 242 240 239 237 236 238 239 240 
139 134 137 146 150 152 145 136 142 139 135 128 133 140 151 150 149 119 107 108 109 104 100 108 118 108 99 111 131 166 144 119 122 123 118 120 136 154 159 167 168 166 152 149 167 194 207 192 200 210 199 211 218 225 231 236 239 239 238 237 235 236 236 237 
139 135 136 138 145 148 146 129 136 140 130 116 119 122 137 151 139 110 97 100 102 105 107 109 108 99 88 101 111 147 165 134 118 122 118 118 145 163 167 169 166 164 162 155 153 169 202 190 186 201 198 194 209 212 217 227 234 237 236 236 237 237 237 237 
137 129 132 133 135 141 135 126 133 141 145 129 124 119 133 156 134 107 95 95 98 100 101 102 95 89 86 103 104 131 176 165 133 120 122 140 161 172 172 171 174 175 168 162 162 173 194 191 170 183 207 197 207 203 205 214 223 231 234 235 236 236 235 234 
131 125 128 133 137 132 122 120 127 132 150 158 155 148 146 158 146 116 96 90 93 95 97 96 89 87 101 116 99 126 179 184 151 126 126 137 156 162 166 172 185 194 182 192 202 185 186 204 195 196 213 199 203 207 203 195 179 200 226 234 234 232 226 218 
126 128 130 131 143 133 128 128 132 141 145 166 174 172 172 169 164 147 112 92 87 90 92 96 101 114 124 109 89 119 169 179 161 146 139 138 142 149 160 174 198 225 239 240 233 210 215 221 204 198 222 217 216 216 202 183 140 165 213 229 231 230 228 226 
107 112 121 119 128 132 129 141 143 143 143 147 149 153 156 162 169 173 158 131 112 106 111 118 125 125 117 100 88 108 133 139 134 128 120 117 129 139 156 175 202 229 241 245 245 246 243 240 234 229 239 235 224 218 211 185 140 174 214 225 228 230 232 233 
115 116 112 111 117 115 113 127 126 122 117 109 106 105 108 119 128 144 175 185 171 156 141 127 118 111 107 99 99 102 95 91 86 84 86 103 128 145 152 161 190 211 222 230 236 241 244 245 246 244 246 241 231 223 211 190 172 196 215 223 226 228 231 232 
123 120 121 124 139 137 124 125 115 109 99 96 106 119 133 145 149 161 189 206 210 212 205 200 196 185 180 177 177 162 142 120 93 88 105 132 152 138 122 142 162 184 198 197 189 202 222 236 243 245 244 242 230 217 208 199 200 207 215 220 224 226 227 230 
98 86 87 105 122 113 110 126 133 128 126 140 158 168 177 184 190 197 201 204 210 213 217 220 220 219 218 219 219 214 202 179 145 144 160 161 154 142 136 140 142 153 149 125 110 124 161 198 224 235 236 235 224 207 202 194 199 206 210 216 221 223 226 229 
86 72 75 88 98 90 99 129 151 162 171 177 184 190 193 194 191 192 190 186 191 197 202 208 209 207 212 209 204 200 196 179 168 172 171 167 158 155 152 147 138 122 105 90 84 97 130 134 168 200 217 223 210 198 192 179 192 203 206 213 218 223 226 228 
80 76 79 93 103 85 86 98 119 149 166 174 178 185 186 183 181 184 180 174 169 169 172 179 181 178 181 183 182 179 181 173 171 173 173 172 166 162 148 139 130 117 100 89 87 99 122 104 94 118 142 166 176 178 165 162 184 195 200 211 218 222 226 227 
99 97 97 103 106 103 100 99 96 105 113 116 118 124 127 138 155 170 169 154 156 160 161 164 169 166 170 172 176 176 177 173 174 176 179 175 161 151 140 136 130 123 110 99 92 98 120 127 113 110 98 91 110 144 164 165 173 186 196 208 218 223 226 226 
95 90 91 102 114 122 128 130 120 108 104 102 94 85 90 110 126 128 141 155 159 158 164 159 164 158 157 160 159 162 167 171 179 185 182 165 149 141 134 134 133 124 116 112 102 96 122 147 144 121 94 96 147 180 192 188 166 163 187 205 219 225 226 226 
92 93 91 90 97 96 106 117 114 113 117 116 107 111 118 123 129 140 151 148 150 151 147 153 156 149 153 153 153 153 159 166 175 181 173 161 151 142 134 135 132 127 120 112 104 97 125 153 149 130 123 172 208 209 208 204 188 167 182 208 222 225 227 230 
91 85 81 81 88 91 89 88 94 100 101 103 97 101 104 105 111 124 124 125 134 132 135 144 143 148 151 151 150 149 156 164 169 170 171 168 160 152 144 138 135 132 125 116 108 99 120 144 144 157 199 222 225 222 219 216 209 203 212 222 226 228 228 230 
93 84 81 76 77 82 84 81 89 105 111 107 97 91 93 92 99 108 117 120 120 132 146 149 146 147 154 154 153 163 169 173 172 170 168 165 164 162 158 151 150 146 134 118 105 94 108 138 172 215 230 232 233 231 225 220 219 220 223 227 230 230 230 232 
98 94 86 78 78 85 90 99 109 118 125 128 129 127 113 112 117 119 118 134 136 141 153 157 157 154 156 156 160 167 173 179 175 165 161 159 156 158 161 157 153 148 138 129 122 117 132 177 216 234 234 231 234 234 226 226 226 227 228 231 231 230 232 234 
102 105 94 88 86 99 111 118 118 118 108 99 97 96 95 97 104 107 124 145 145 144 150 153 153 158 174 187 201 207 210 206 185 153 121 102 107 123 141 145 139 143 153 167 181 193 206 218 229 238 238 232 235 236 228 228 229 231 233 234 233 232 233 235 
88 87 80 71 70 82 98 88 76 75 77 80 95 116 117 111 112 127 145 154 149 147 156 164 180 200 210 205 193 184 166 140 114 106 105 100 106 110 109 118 126 144 166 183 194 201 203 209 217 234 240 236 236 238 234 233 232 233 234 235 234 235 235 235 
88 87 95 77 62 64 82 98 95 97 119 139 153 163 168 172 179 178 180 172 165 171 179 191 204 183 150 132 126 126 120 107 93 117 167 183 169 154 141 135 134 142 156 167 177 179 173 189 210 232 242 238 238 240 234 235 235 235 236 235 236 237 236 237 
101 91 99 92 76 72 72 91 94 95 116 128 128 137 150 159 174 177 181 179 180 184 191 192 156 104 93 98 104 103 104 112 119 114 153 187 164 146 153 155 153 152 156 165 171 175 185 200 226 242 244 240 241 241 237 237 236 236 236 236 238 238 237 238 
115 103 99 94 93 86 80 90 102 115 112 111 117 112 98 104 115 121 126 124 128 153 170 147 85 70 79 88 91 85 80 84 99 110 128 171 147 137 159 167 169 170 174 181 194 207 218 227 231 235 233 229 231 230 236 237 235 234 233 236 239 239 238 237 
121 117 104 96 99 89 90 99 116 131 129 122 115 99 99 104 96 99 90 98 118 155 159 95 62 70 74 81 83 78 75 75 84 107 114 165 137 132 151 164 181 177 184 190 202 212 212 204 205 209 198 199 219 223 232 236 236 234 234 237 238 239 238 237 
95 102 96 102 114 117 125 122 108 109 114 116 115 116 118 122 129 136 143 152 165 174 144 74 74 85 74 77 80 79 76 80 100 104 116 162 129 114 137 156 166 156 170 174 187 187 189 190 188 197 190 182 205 222 227 235 235 236 237 239 238 238 237 236 
121 126 121 124 130 128 117 100 97 102 110 116 120 112 113 131 164 158 150 151 155 153 123 77 80 89 78 73 72 84 92 112 108 103 144 163 114 107 128 140 140 153 163 161 169 174 180 182 172 187 191 183 199 220 226 231 238 240 240 240 239 237 235 234 
148 141 126 115 112 116 116 114 114 104 106 122 126 118 109 131 139 118 117 108 123 134 124 82 83 103 105 105 112 119 116 102 101 144 167 136 104 117 120 129 140 164 159 144 160 172 175 165 153 176 190 189 202 219 229 232 238 240 240 239 239 237 235 233 
132 125 126 126 122 124 125 127 121 114 111 116 122 123 129 136 112 107 99 103 121 140 150 120 96 104 108 109 119 118 121 140 165 173 151 123 113 129 127 135 161 165 150 151 164 164 153 138 143 173 193 196 213 226 234 237 238 240 240 239 239 237 234 233 
128 129 131 131 128 127 130 130 129 134 126 115 112 118 120 130 107 113 112 114 116 137 146 153 148 148 138 124 140 163 170 170 161 148 128 120 134 144 146 167 179 170 160 159 157 142 131 127 147 177 202 215 227 235 238 239 239 239 240 239 237 234 231 229 
131 136 140 133 130 126 120 116 119 137 123 130 136 127 122 132 119 126 123 123 115 132 127 128 136 137 135 120 118 149 162 162 152 144 147 152 156 163 169 167 162 158 146 135 126 123 124 141 172 198 219 233 236 238 238 239 238 238 237 236 234 228 223 219 
138 139 151 150 139 127 115 113 111 111 99 110 106 97 103 108 108 125 139 153 151 150 144 135 134 132 128 112 94 116 142 140 136 136 146 145 140 143 134 125 123 125 132 138 139 148 168 189 213 227 234 237 237 235 235 234 232 230 229 226 224 218 211 203 
150 146 147 151 147 137 124 120 113 104 94 88 84 87 101 101 129 179 212 229 227 216 209 200 184 170 156 146 141 147 149 162 177 180 157 138 131 132 130 129 139 148 152 160 172 192 215 224 227 230 229 228 229 223 222 220 216 211 214 209 205 199 194 184 
148 142 152 156 157 155 143 127 115 125 138 126 118 124 158 201 236 250 254 255 255 254 253 251 247 242 236 237 240 244 245 249 252 250 224 166 131 128 125 122 123 132 142 146 162 182 200 207 208 211 207 206 203 201 197 194 194 190 186 186 184 174 169 162 
148 131 140 156 163 157 138 115 112 135 141 125 140 196 241 254 255 254 255 255 255 254 254 255 255 255 255 255 255 254 255 255 255 255 243 186 130 107 103 97 95 103 109 109 120 138 150 157 161 167 163 166 166 166 173 172 173 174 169 164 166 160 145 132 
146 144 148 155 157 139 126 148 186 208 217 226 244 253 253 253 253 253 253 253 254 254 255 255 255 255 255 255 255 254 255 255 255 255 250 212 144 100 89 88 91 92 84 84 93 107 111 114 115 122 119 123 132 134 136 156 160 159 150 137 138 135 135 131 
141 146 146 143 151 176 218 245 253 253 253 253 253 253 252 253 252 252 252 251 251 253 254 254 254 255 255 255 254 254 255 255 255 255 254 239 182 115 91 91 93 89 80 72 75 85 91 96 97 103 106 113 117 122 123 134 134 141 137 118 112 110 117 130 
122 122 144 188 229 250 254 253 253 253 253 253 253 253 253 254 254 253 254 254 254 255 255 255 255 255 255 255 255 255 255 255 255 255 255 253 220 140 99 92 95 93 88 79 74 74 77 84 90 95 100 111 104 110 118 122 112 114 116 112 110 111 116 120 
129 169 224 249 252 253 254 254 254 254 254 254 253 253 254 254 254 254 254 254 254 255 254 254 255 255 255 255 255 254 255 255 255 255 255 255 241 175 114 94 89 91 91 85 78 74 72 72 75 81 90 99 92 96 104 104 100 99 98 97 93 95 98 103 
179 187 196 199 203 215 227 234 235 230 220 207 195 193 194 198 197 202 212 222 228 231 233 233 239 247 252 254 255 255 254 255 255 255 255 255 250 208 141 104 87 83 86 87 85 82 77 72 71 73 84 86 86 88 91 90 91 91 95 96 91 92 94 95 
166 168 174 176 180 196 210 218 217 205 175 136 107 98 96 103 101 107 129 148 162 171 173 169 189 222 243 253 255 255 255 255 255 255 255 254 250 214 158 118 95 82 77 77 82 87 86 81 79 83 86 75 73 75 81 90 94 93 91 92 91 94 95 98 
179 183 191 195 198 209 220 224 219 200 163 121 93 83 82 84 94 95 115 133 145 151 149 145 175 214 239 252 255 254 255 255 254 255 254 252 242 216 178 142 111 90 76 72 77 84 86 85 90 95 83 78 76 71 70 76 82 87 88 86 86 91 93 95 
199 203 211 216 218 224 227 225 215 192 155 118 91 82 80 79 94 96 107 119 127 129 125 130 171 210 233 247 254 254 255 255 255 254 254 253 246 233 210 173 130 98 83 80 80 79 78 85 91 79 75 77 80 74 72 72 69 71 77 79 80 84 91 103 
204 207 213 217 220 226 229 226 214 190 154 123 102 95 91 88 95 102 105 113 115 112 106 114 164 207 231 244 252 254 254 254 255 254 254 255 252 246 232 207 170 127 100 90 90 88 85 83 75 68 69 74 78 74 74 75 72 69 68 69 76 83 90 102 
188 192 196 198 202 212 217 216 205 184 157 134 123 124 122 116 114 116 111 113 110 101 92 100 156 203 228 240 242 239 239 244 248 252 254 255 255 252 243 227 201 161 124 100 92 94 97 95 83 73 69 70 73 73 71 72 73 73 69 67 74 91 113 128 
153 153 153 154 158 172 186 191 185 172 157 144 143 154 158 153 153 156 152 151 147 135 120 122 168 207 228 235 229 211 202 212 230 248 254 254 254 252 245 230 208 179 147 115 97 95 97 98 94 86 79 75 75 73 69 69 72 75 74 77 94 132 162 172 
133 132 127 125 128 141 160 171 169 160 154 148 154 170 179 180 186 191 194 197 198 193 186 187 207 222 230 229 217 192 184 200 225 246 254 254 253 250 241 227 206 179 150 121 104 99 94 92 95 98 95 88 82 75 69 68 70 71 74 81 93 110 120 123 
136 134 129 125 128 143 157 164 164 160 153 147 155 173 184 191 202 216 229 238 242 240 234 229 229 231 231 226 208 176 168 191 220 241 252 254 252 246 236 221 198 171 142 115 100 96 92 89 92 99 102 100 97 90 83 79 76 72 69 68 69 74 79 79 
161 159 158 154 154 163 169 170 166 163 155 147 156 173 185 194 207 223 234 243 249 249 244 238 233 228 224 216 195 168 160 182 212 235 249 253 249 242 230 214 190 163 133 106 91 86 83 83 87 94 99 104 106 103 100 95 87 79 73 66 63 65 69 70 


255 255 255 255 255 255 255 255 255 255 255 255 255 255 255 255 247 223 211 198 191 187 198 208 216 224 231 232 232 234 233 231 215 204 201 207 210 215 221 230 240 248 252 254 254 253 247 240 233 227 216 217 212 205 200 196 193 189 187 186 187 180 175 172 
255 255 255 255 255 255 255 255 255 255 255 255 255 255 255 254 246 229 217 196 180 179 184 196 210 215 206 192 184 173 163 150 129 125 124 127 131 134 142 164 192 209 223 237 242 242 238 232 223 215 209 209 202 198 192 190 188 186 186 187 181 177 175 173 
255 255 255 255 255 255 255 255 255 255 255 255 255 255 253 241 222 204 184 151 131 124 125 136 139 125 107 93 90 88 86 80 75 75 74 71 70 71 76 86 113 125 151 173 192 199 209 214 213 210 207 203 199 193 190 188 185 185 186 182 178 177 177 175 
255 255 255 255 255 255 255 255 255 255 254 250 243 230 207 177 160 151 140 127 116 105 100 98 89 75 70 72 75 78 82 82 81 84 81 73 67 73 74 75 91 88 110 120 131 142 168 176 188 198 201 199 195 190 188 186 185 188 185 181 180 178 177 176 
255 255 255 255 255 255 255 255 253 241 215 193 178 163 151 145 140 133 123 117 111 103 97 86 75 69 72 77 83 95 103 110 105 101 96 95 93 94 83 83 97 84 95 93 96 113 142 137 157 176 188 191 191 189 187 186 192 190 183 181 178 179 177 173 
246 252 255 255 255 254 249 239 216 185 164 155 149 144 142 137 131 124 118 111 104 94 86 79 79 83 87 93 102 110 125 128 119 111 105 100 102 101 97 100 109 102 93 76 81 108 128 119 143 160 169 178 183 185 186 192 193 185 182 179 181 178 176 176 
192 207 227 236 237 224 196 178 164 154 149 146 140 136 134 132 128 122 111 99 91 86 85 92 97 99 100 108 108 113 120 120 117 110 104 96 96 98 103 108 124 122 102 82 82 110 118 112 138 150 151 162 170 178 186 189 185 182 181 182 179 177 178 176 
161 161 165 168 168 162 155 150 149 145 143 137 132 139 135 130 121 107 97 91 87 87 91 103 104 106 107 107 105 113 115 107 102 93 88 92 92 94 102 108 125 131 120 97 90 112 111 110 141 146 136 149 157 171 180 182 182 182 183 180 179 178 177 176 
144 144 143 142 141 143 144 147 142 137 133 130 134 134 131 125 112 100 91 87 88 93 99 106 108 113 113 109 113 118 115 99 82 74 85 96 93 96 94 99 111 132 121 101 93 115 109 115 140 143 136 143 151 167 175 177 179 181 180 180 179 177 177 176 
132 134 134 132 137 139 137 136 131 128 127 130 128 121 120 117 110 98 87 87 96 97 95 97 99 100 98 91 99 113 117 102 81 80 85 96 103 100 93 95 106 133 119 97 97 121 112 122 141 142 140 144 154 166 171 174 178 178 179 179 178 176 175 174 
125 130 136 130 130 133 128 125 122 120 122 123 120 116 111 111 105 97 86 89 107 106 102 98 90 90 91 82 80 91 105 104 91 79 83 96 107 100 98 98 112 137 127 102 107 125 116 129 141 142 146 149 157 167 170 174 175 177 178 177 177 177 177 176 
128 131 135 132 123 125 123 113 111 114 117 116 117 114 112 114 109 103 92 94 114 116 113 107 99 87 84 84 80 78 86 92 91 74 80 96 105 100 95 98 111 134 144 123 121 135 127 137 143 140 150 154 163 167 171 173 175 175 176 176 177 177 177 178 
128 126 122 123 123 120 115 111 113 112 110 111 113 111 115 115 115 111 99 101 116 118 117 114 105 92 82 79 77 80 80 82 78 71 78 92 96 109 104 103 115 130 152 137 135 148 143 148 149 143 154 161 168 169 171 173 175 175 175 175 174 173 174 172 
130 120 113 115 113 110 113 111 112 115 112 108 110 111 111 116 120 115 101 98 106 111 116 115 115 106 88 73 72 78 77 78 71 70 79 90 84 102 116 121 131 135 152 145 142 152 154 158 158 153 158 166 169 171 171 173 173 173 173 172 173 172 166 159 
122 113 109 109 107 108 105 108 108 116 111 104 105 108 113 119 126 118 93 84 85 86 87 90 98 103 105 93 74 74 77 76 72 73 81 82 77 85 104 121 128 137 151 151 139 143 150 156 156 158 161 168 170 171 172 171 171 171 171 172 171 168 163 158 
104 98 97 103 102 102 104 105 104 111 106 103 105 105 116 123 125 103 85 94 99 94 84 81 81 82 91 104 90 75 75 73 71 79 80 79 72 74 95 107 109 121 127 136 123 132 128 140 143 149 156 165 169 170 171 170 170 170 170 168 167 166 167 168 
97 94 96 102 105 98 98 99 98 102 100 95 99 103 113 116 115 90 86 95 95 89 77 77 80 77 75 79 99 94 73 69 72 75 70 66 73 79 93 98 101 102 96 105 110 127 118 120 129 131 135 148 158 163 168 169 169 169 167 165 163 164 167 169 
95 92 94 100 102 104 100 95 98 97 94 89 92 96 104 103 100 81 78 83 84 79 74 77 82 74 67 73 84 106 90 71 71 71 67 67 76 89 93 101 99 97 83 83 96 113 121 108 117 126 115 130 139 148 158 166 167 166 164 163 161 161 164 166 
93 91 92 94 98 100 100 90 94 97 91 81 83 84 94 104 93 76 73 77 77 77 77 78 75 68 62 67 71 93 106 82 71 71 68 68 84 98 102 102 97 95 90 85 87 94 117 106 105 112 112 110 124 131 140 155 163 164 163 163 164 164 165 167 
93 88 89 91 92 95 92 88 92 98 101 89 87 84 91 105 88 73 69 72 74 75 75 73 67 63 60 68 68 83 113 103 79 71 71 81 96 108 107 104 103 103 95 91 92 100 114 110 90 99 119 108 119 120 124 137 151 160 164 164 164 164 164 163 
88 86 88 90 92 89 83 82 88 91 104 111 108 102 99 106 96 76 67 68 70 71 71 68 64 61 67 76 64 79 114 117 90 74 73 79 94 98 100 104 114 123 115 125 133 115 112 125 111 110 123 111 115 120 120 116 108 129 154 162 163 161 154 145 
84 86 87 88 97 91 88 88 91 96 100 115 122 120 119 114 108 95 73 64 64 66 66 67 68 75 80 71 58 73 104 110 93 83 80 80 83 86 95 105 129 158 175 176 166 144 147 148 125 117 140 134 130 132 120 106 75 94 138 156 160 159 157 154 
71 75 81 81 87 89 88 96 97 97 96 97 100 103 104 106 109 109 98 83 71 69 71 75 79 80 77 65 56 65 78 80 76 73 69 68 76 81 92 105 131 161 175 180 179 178 174 171 162 155 164 158 145 140 134 111 75 100 138 150 153 158 161 163 
76 77 75 75 79 78 77 85 85 83 79 73 70 70 70 75 78 87 106 114 105 96 86 78 73 70 67 62 61 62 58 56 54 53 55 64 77 84 86 93 115 134 144 156 166 173 176 177 176 173 174 167 156 150 139 115 93 113 135 145 150 154 159 162 
82 81 81 83 93 91 84 83 77 74 67 65 70 75 83 89 92 98 116 130 136 138 133 128 127 120 116 113 113 100 84 70 57 56 63 77 88 78 67 77 89 105 116 122 122 137 155 168 174 174 173 169 157 145 135 116 106 118 131 140 146 150 155 160 
65 59 59 70 81 75 74 83 88 85 83 91 104 110 117 122 125 129 130 133 136 138 142 146 148 149 148 149 148 140 127 108 85 86 96 94 88 79 74 75 75 82 81 69 62 74 99 131 155 165 164 162 150 134 126 105 100 112 123 133 143 148 153 159 
57 50 52 60 66 61 67 85 101 110 118 122 128 131 133 132 127 127 123 118 122 126 130 134 137 137 141 137 132 128 125 112 103 107 105 100 91 87 84 79 74 66 58 51 49 54 68 77 104 131 146 150 138 125 114 82 88 106 118 130 141 149 155 159 
55 53 55 63 68 57 58 66 80 101 115 120 123 127 128 123 121 122 115 109 105 104 106 112 114 111 113 113 113 111 115 109 107 108 106 103 97 94 84 78 73 66 58 53 50 52 59 52 52 67 84 102 110 106 82 61 81 100 114 132 144 152 158 160 
68 67 66 69 71 68 67 66 64 70 76 77 77 80 81 87 98 110 108 94 95 99 101 102 106 102 105 107 110 109 112 108 112 112 113 107 93 87 79 77 75 70 64 59 53 51 55 56 52 53 51 50 60 79 86 76 78 96 114 132 146 154 158 159 
67 63 62 70 76 82 85 86 80 72 69 67 62 56 58 70 79 81 89 99 100 99 104 102 106 100 98 100 98 100 103 107 116 121 115 98 85 80 76 75 76 73 68 67 59 51 55 61 60 54 48 54 89 113 121 114 90 85 110 133 151 158 160 160 
66 65 63 62 66 65 72 78 76 75 76 76 70 73 77 80 83 91 99 96 97 98 94 99 102 95 97 95 93 92 96 100 110 114 105 95 86 80 76 77 76 74 70 66 59 51 57 63 61 59 68 109 139 139 138 133 118 100 113 140 156 160 162 166 
64 59 56 56 59 61 61 60 63 65 65 66 63 67 68 69 72 79 79 80 85 84 85 92 90 93 93 92 91 89 93 99 103 105 104 100 93 86 82 80 80 79 75 70 64 54 56 63 66 92 132 153 155 152 147 144 139 135 145 156 161 163 165 168 
66 58 56 52 52 55 57 55 58 69 71 69 62 59 60 60 64 69 73 75 75 83 93 94 91 91 95 94 93 99 104 108 108 106 103 99 97 93 92 90 90 87 80 71 63 55 57 70 104 152 166 167 166 163 155 150 149 150 156 162 166 167 168 170 
69 64 59 53 53 57 60 65 71 77 83 83 83 81 73 73 75 75 75 83 85 88 96 99 98 94 95 94 95 102 108 112 109 100 96 96 92 92 94 91 89 86 79 74 71 69 78 110 150 173 172 168 171 168 157 156 156 160 164 167 168 168 171 174 
71 72 64 59 57 64 71 75 76 76 70 64 62 62 61 62 65 67 76 89 88 87 91 92 91 95 107 119 133 139 142 136 116 89 68 59 62 72 82 85 80 82 88 97 107 118 130 148 166 179 177 170 173 173 161 161 162 167 171 172 172 171 173 177 
59 57 52 47 47 53 62 56 49 48 49 51 60 74 74 69 69 77 88 92 88 85 93 98 111 129 139 138 130 122 108 87 68 62 63 60 64 65 64 68 72 83 98 111 120 126 129 139 154 177 182 176 175 178 171 170 170 172 175 175 175 176 177 178 
56 55 60 49 41 42 52 62 60 61 75 88 99 109 112 115 120 116 116 108 101 103 108 119 130 115 91 78 75 76 73 66 57 67 102 116 103 91 81 78 77 80 91 100 109 110 105 123 148 176 185 179 179 180 174 175 175 175 176 176 177 180 180 182 
64 56 61 56 47 45 46 55 59 59 72 80 81 87 96 104 116 114 116 112 112 114 118 118 93 62 59 63 67 67 68 75 80 72 94 121 100 85 93 95 91 90 94 103 108 111 120 137 169 188 188 182 184 182 178 178 176 176 176 179 181 182 183 183 
72 63 61 57 55 51 49 55 63 71 68 69 73 70 60 62 69 71 74 72 74 89 99 85 54 51 56 61 63 59 56 58 69 74 77 107 88 81 102 110 108 108 113 120 134 147 160 171 175 180 177 171 173 169 177 178 176 176 175 180 183 184 184 184 
73 69 61 56 57 52 53 60 72 82 81 77 71 60 60 64 58 60 54 58 70 93 95 57 47 54 56 59 59 55 51 51 56 71 70 102 81 79 94 106 122 115 124 128 141 149 149 140 141 149 135 133 157 162 172 177 177 176 178 181 184 185 184 182 
52 56 52 57 66 71 77 75 66 67 68 70 70 72 74 76 82 86 89 95 106 111 86 47 58 68 58 57 56 55 50 52 69 71 72 102 75 69 84 98 106 95 108 109 119 117 119 121 122 136 127 116 144 161 167 177 179 180 183 184 185 185 185 182 
70 72 71 74 77 74 67 57 56 59 64 69 73 70 71 85 110 104 96 97 99 96 73 48 56 67 59 54 51 57 60 73 71 68 92 103 67 64 76 84 82 93 100 97 100 101 108 112 107 128 131 121 137 161 168 175 183 185 186 187 187 185 183 182 
90 83 70 61 57 59 63 65 65 59 62 73 75 71 67 83 90 74 74 68 77 83 75 49 48 63 68 71 75 75 71 63 63 92 107 82 60 68 69 75 82 102 97 83 92 101 105 99 92 118 133 130 142 162 174 179 185 188 187 187 187 185 182 181 
73 66 65 64 62 63 66 71 68 65 64 67 71 73 79 84 68 65 60 62 75 88 96 74 56 58 61 63 70 71 75 91 108 113 93 71 64 74 72 79 100 104 87 87 97 99 92 80 85 116 134 137 156 173 182 185 187 188 188 188 187 185 182 181 
67 68 68 66 64 64 68 71 72 77 73 66 65 69 72 80 65 68 67 69 71 85 92 97 92 88 79 68 80 102 110 111 103 92 74 68 78 86 89 107 118 107 97 95 95 85 76 72 90 118 144 161 176 185 188 188 188 188 189 188 186 183 180 177 
67 72 75 68 65 63 59 57 61 78 69 76 82 77 74 81 71 75 72 73 69 82 78 78 84 84 80 68 67 89 101 100 92 86 87 93 98 104 110 108 104 101 90 82 75 71 72 87 117 143 168 183 188 189 189 188 187 187 186 186 183 177 172 166 
74 76 85 83 71 59 51 52 52 56 51 61 59 55 60 64 63 75 85 97 96 95 90 83 82 80 76 65 56 69 86 85 83 83 91 93 89 92 85 78 77 78 82 87 88 97 117 137 162 178 185 188 188 186 186 183 181 179 178 175 172 164 157 147 
84 81 81 83 78 67 57 54 49 46 43 43 44 47 58 60 82 124 157 174 171 160 152 142 125 113 102 95 95 104 106 122 136 137 113 92 85 87 86 84 91 98 103 111 123 143 165 175 179 181 179 179 178 173 172 168 163 158 161 157 151 144 138 128 
78 73 82 84 85 82 70 55 49 54 63 58 59 70 104 153 195 215 221 222 220 216 211 205 197 189 183 185 193 209 219 229 232 223 182 123 89 87 84 82 82 89 98 102 116 135 152 159 160 162 157 155 151 149 145 142 140 136 132 134 132 120 114 108 
78 59 63 78 84 79 65 50 48 59 63 61 86 150 213 242 245 244 243 242 240 239 237 234 232 230 228 227 229 236 241 243 241 232 198 136 88 73 68 63 62 69 73 72 82 97 106 112 116 121 116 116 117 115 122 119 121 121 117 111 114 108 94 84 
74 67 64 67 70 62 60 94 140 168 184 203 231 249 254 254 254 254 254 253 253 252 251 250 249 247 246 244 243 242 241 241 238 227 196 148 96 66 58 56 57 59 54 55 61 72 76 78 79 84 81 83 89 89 90 107 110 109 102 91 91 89 89 87 
64 65 60 58 72 113 181 233 251 254 255 255 255 255 255 255 255 255 254 254 255 254 255 255 255 254 254 253 252 249 245 241 236 227 207 170 119 75 59 58 59 55 49 46 48 56 60 64 65 69 72 77 79 82 82 90 91 96 92 79 74 72 77 88 
49 51 71 125 190 235 251 253 253 253 253 253 253 253 252 252 252 252 252 252 252 251 251 251 251 250 250 250 249 248 245 242 239 232 220 197 150 90 63 59 60 57 53 49 47 46 50 55 59 63 67 74 69 74 80 81 75 76 78 75 73 73 77 80 
71 109 165 208 222 226 229 232 232 232 231 230 229 229 228 228 228 228 228 228 229 229 230 230 231 233 235 239 240 240 239 239 238 233 226 210 174 116 74 61 57 58 56 52 48 46 45 46 49 53 60 65 60 63 70 70 67 66 65 64 60 62 65 68 
125 130 137 141 145 158 169 174 173 167 156 143 137 136 136 140 138 142 148 155 160 164 167 169 183 200 211 219 224 226 226 227 229 229 225 214 188 145 95 69 56 53 55 54 52 50 48 45 44 46 55 56 55 57 60 60 60 60 62 63 60 60 61 62 
104 105 108 110 115 134 148 151 148 137 108 79 66 63 63 67 66 68 79 88 96 105 110 112 141 179 198 206 211 217 218 221 224 226 219 209 193 158 111 80 64 54 50 49 51 54 54 50 49 52 54 48 47 48 52 60 62 61 60 61 61 62 62 63 
105 108 113 116 120 136 151 155 150 132 97 68 56 53 53 55 62 61 72 81 89 96 99 102 136 176 198 206 214 227 231 232 234 231 216 204 193 168 132 101 75 60 50 47 49 53 54 52 56 61 51 48 47 44 44 49 53 57 58 57 57 60 61 62 
122 124 129 132 135 146 153 154 146 125 91 65 53 50 50 50 61 61 66 72 78 81 82 91 132 171 193 203 218 234 236 238 239 235 216 207 201 189 166 132 93 67 55 51 51 49 48 53 59 49 46 47 48 46 45 46 44 46 51 53 53 56 60 69 
130 131 134 137 140 150 155 154 145 123 91 68 59 56 55 53 61 66 66 68 69 67 66 77 125 167 190 201 213 223 227 230 233 229 217 212 210 202 189 165 130 90 67 59 58 55 53 53 47 42 42 45 48 46 46 47 45 44 45 47 51 56 59 68 
120 121 122 123 128 140 147 146 137 118 93 75 69 70 68 64 64 70 67 67 64 59 55 67 119 163 187 196 198 195 196 202 210 212 215 216 213 207 200 185 158 121 88 68 61 61 63 60 52 45 42 43 44 44 43 44 46 47 44 45 50 61 74 86 
97 96 95 95 99 111 123 126 119 105 89 79 79 83 85 82 83 90 90 91 91 87 80 86 129 166 186 191 185 165 155 166 188 204 214 216 213 208 202 188 166 138 107 80 66 63 63 63 60 53 49 45 45 45 43 43 45 47 47 50 63 89 112 122 
88 86 84 83 85 94 107 113 106 92 82 80 84 91 98 100 106 118 130 140 145 146 143 146 164 177 184 183 170 144 136 155 182 202 213 216 212 207 199 185 164 139 111 85 72 67 64 61 62 63 60 54 50 46 43 42 43 45 47 51 61 73 81 84 
93 91 87 85 87 100 109 112 106 97 84 80 85 93 104 112 126 151 174 189 196 197 192 186 183 182 182 176 157 125 118 146 177 199 210 213 210 204 195 179 158 131 104 81 69 65 63 61 62 65 66 64 61 57 51 48 46 45 44 44 45 49 52 52 
109 107 104 101 103 113 118 117 112 105 91 83 88 97 107 116 138 166 186 197 204 207 202 194 187 179 174 164 144 118 111 137 170 194 206 210 206 200 190 173 151 124 96 75 63 58 55 56 59 64 66 69 69 66 64 59 53 49 45 42 40 43 45 46 


255 255 255 255 255 255 255 255 255 255 255 255 255 255 255 252 209 163 156 146 139 132 139 146 154 163 171 172 174 176 174 173 152 141 139 144 149 154 162 173 193 219 233 242 247 238 211 189 172 165 152 155 150 143 137 133 130 126 124 125 126 120 115 114 
255 255 255 255 255 255 255 255 255 255 255 255 255 255 255 251 207 169 161 142 127 124 127 137 150 154 145 132 123 113 104 93 74 70 68 70 73 77 84 105 132 153 172 193 204 200 182 171 161 152 146 146 139 134 130 128 125 123 123 125 120 116 114 113 
255 255 255 255 255 255 255 255 255 255 255 255 255 254 247 216 172 151 133 105 90 83 82 88 91 80 66 55 51 49 47 42 39 38 37 34 33 33 36 42 60 68 90 109 130 136 146 151 151 148 144 139 134 129 127 125 123 122 123 120 117 116 115 113 
255 255 255 255 255 255 255 255 255 254 250 240 227 203 170 135 118 109 99 88 79 70 66 62 56 47 42 42 42 43 44 43 40 42 40 36 32 34 32 33 44 41 56 62 70 77 103 111 124 135 138 134 131 126 124 122 122 125 122 119 118 116 114 115 
255 255 255 255 255 255 255 254 247 219 182 158 142 127 116 108 101 93 85 79 73 67 62 54 47 44 44 44 45 50 55 57 53 50 46 45 44 44 38 38 47 39 47 44 43 55 77 72 90 112 125 127 127 125 122 121 127 126 119 117 115 115 113 110 
234 247 254 255 255 252 237 214 178 147 132 124 117 109 104 99 92 85 80 74 69 62 55 51 49 49 50 52 55 57 65 66 60 53 48 45 46 46 45 47 54 50 45 33 35 53 66 57 76 93 104 111 117 120 120 126 127 119 116 113 115 113 111 113 
154 172 199 211 211 190 154 138 127 120 115 110 103 98 95 92 87 82 74 66 60 56 53 55 56 56 56 59 57 60 62 60 58 52 47 42 41 43 47 50 62 61 48 35 36 55 59 52 72 82 82 93 101 111 120 123 119 117 116 116 113 112 112 110 
126 126 127 129 127 124 118 114 112 107 105 99 95 98 94 88 81 71 64 60 56 55 55 59 59 60 59 57 55 59 59 53 49 41 38 40 39 39 45 49 62 66 58 43 39 55 54 51 73 78 68 78 87 103 115 117 117 117 117 114 114 113 112 110 
108 107 107 106 105 106 106 106 102 97 94 91 94 92 87 83 74 67 60 57 55 56 58 60 60 62 61 58 60 62 58 48 38 33 38 43 40 40 39 42 53 68 59 46 40 57 52 55 73 76 67 71 81 99 109 112 114 116 114 113 114 112 111 109 
96 97 97 96 98 99 97 95 91 88 87 89 86 81 78 75 72 63 55 54 58 57 54 54 54 53 51 47 51 57 60 51 38 37 38 42 48 45 39 39 48 69 59 42 42 59 52 60 74 75 71 72 83 98 105 108 112 112 113 112 111 110 108 107 
88 90 94 90 90 91 88 85 82 81 82 82 78 75 72 70 67 61 54 54 62 59 56 52 48 47 47 42 41 44 51 52 44 37 38 44 49 44 42 40 49 70 64 44 47 62 55 65 74 73 75 78 86 98 103 106 108 110 109 110 110 110 111 111 
88 88 89 87 83 83 81 76 74 75 76 74 73 72 69 69 66 61 55 55 63 64 63 58 52 45 43 42 40 38 42 45 44 34 36 44 48 44 40 41 48 66 76 55 54 68 62 71 75 70 78 85 95 100 104 106 107 109 108 109 110 110 112 113 
84 83 80 80 79 77 75 72 72 72 71 70 70 69 69 68 67 64 58 56 64 64 64 62 56 48 42 40 39 39 39 39 36 33 36 41 43 50 46 43 51 62 83 65 63 77 74 78 81 73 84 93 100 102 104 105 107 107 107 106 105 106 107 106 
83 77 73 74 73 71 71 70 70 71 69 68 68 67 66 67 70 65 57 55 59 61 63 62 62 56 46 38 37 38 37 38 34 32 36 41 37 47 55 55 62 64 82 72 68 80 82 88 87 82 87 98 102 103 103 105 106 106 105 104 106 106 99 91 
76 71 69 68 67 68 66 67 66 69 67 64 63 64 66 69 71 66 53 49 48 47 47 48 52 54 55 48 38 37 37 36 33 33 37 37 35 38 48 58 61 67 80 80 67 71 77 85 84 87 91 100 103 104 103 104 104 104 103 105 104 102 95 90 
65 62 61 63 63 63 64 64 63 67 63 61 63 62 67 71 70 58 48 52 54 50 42 42 42 41 47 54 47 37 35 34 33 35 37 35 32 31 43 50 51 58 61 70 53 59 59 69 70 77 86 96 102 102 103 102 102 102 103 101 98 99 101 102 
59 59 59 60 62 59 58 59 59 60 58 56 58 60 65 66 65 51 48 53 53 49 42 41 43 39 37 39 51 49 36 34 34 34 32 29 31 35 42 44 46 46 42 49 46 54 49 52 56 60 66 78 89 95 99 101 101 101 99 96 95 97 101 103 
56 55 56 58 60 60 58 54 57 57 54 52 53 54 60 58 56 45 44 47 47 43 41 44 47 40 33 35 42 54 45 35 33 32 30 30 33 39 42 47 44 41 34 36 42 46 49 43 48 54 47 60 67 78 88 97 99 99 97 95 94 94 96 98 
54 53 53 54 56 57 56 51 54 56 53 46 48 47 54 59 52 43 42 43 42 42 43 45 43 37 33 32 35 48 54 40 33 33 32 31 38 45 47 48 44 40 37 35 37 37 46 41 43 44 44 44 51 61 71 85 95 97 95 95 96 96 98 100 
53 49 50 51 53 53 51 49 52 55 58 50 48 46 51 59 48 40 39 40 41 42 41 42 37 34 31 32 32 42 57 49 36 33 33 36 44 53 51 48 47 46 41 39 41 44 49 45 33 36 48 41 49 51 55 67 84 92 95 95 95 97 98 98 
49 49 50 50 51 49 45 46 49 51 59 63 60 58 55 58 52 41 37 37 39 40 39 39 35 32 32 34 31 40 55 56 41 33 32 35 43 46 47 48 55 60 60 68 72 56 52 57 46 44 51 44 45 49 52 53 53 68 87 94 94 94 88 78 
45 47 48 50 54 51 49 49 51 53 55 64 68 66 64 60 57 49 38 34 33 35 36 35 34 34 36 33 30 36 50 51 41 37 35 35 36 38 43 49 66 92 112 113 105 84 83 81 62 55 71 65 60 62 54 50 35 46 75 90 92 93 92 88 
38 39 44 43 46 49 48 54 54 53 52 53 53 55 54 56 56 56 50 43 36 34 34 34 36 38 40 35 29 31 37 36 33 32 31 31 34 37 41 49 65 90 106 114 113 113 110 106 98 90 97 89 76 73 69 57 36 52 77 86 88 93 97 98 
40 40 39 38 41 40 41 45 46 44 42 39 37 36 37 38 39 43 51 57 54 49 44 40 38 37 36 32 32 32 29 28 27 27 28 32 37 37 36 38 49 61 69 82 97 108 111 112 112 108 110 102 92 87 78 62 50 63 77 83 86 88 93 97 
45 44 44 46 49 48 45 44 39 37 34 34 35 37 41 43 44 48 57 65 70 72 70 69 67 63 59 58 57 48 38 33 28 29 31 35 37 33 28 31 34 40 46 56 63 77 92 104 110 110 109 105 95 85 77 64 60 67 74 78 81 84 88 95 
34 31 32 37 42 40 39 43 44 43 41 45 51 54 59 62 63 66 67 67 71 71 74 78 79 78 78 77 76 68 58 49 40 41 43 41 37 33 29 28 30 30 31 28 28 36 51 74 92 101 101 99 90 77 71 58 55 63 69 76 81 82 86 95 
30 27 28 32 34 32 35 43 51 56 62 63 66 68 70 69 65 65 62 59 61 64 66 68 69 69 71 67 64 60 59 53 49 49 47 43 37 35 32 30 29 26 24 23 22 25 31 37 55 74 86 89 80 70 64 45 48 59 66 74 81 85 90 96 
31 29 29 32 34 30 31 34 41 52 59 64 63 65 66 63 61 61 57 53 51 50 51 54 55 53 53 53 54 53 56 52 49 49 46 44 39 37 33 31 29 27 25 25 24 23 24 23 24 33 42 55 60 58 44 32 44 55 63 75 83 89 95 98 
36 34 33 34 35 35 34 34 32 34 38 39 38 39 39 42 48 55 53 46 47 48 49 50 52 50 50 51 53 54 54 51 52 52 51 46 38 34 32 31 31 29 28 26 25 23 22 22 21 23 23 24 29 40 46 41 42 53 64 75 87 94 97 98 
35 33 32 35 39 42 43 44 40 35 34 33 31 28 30 34 38 39 43 49 50 50 52 51 54 50 49 49 47 47 49 50 55 57 51 40 33 32 30 31 33 30 31 30 27 24 23 22 22 22 22 27 48 63 67 64 49 46 61 76 90 96 98 99 
34 33 32 32 34 33 36 39 37 37 37 37 35 36 39 40 41 45 51 48 49 49 47 49 51 47 47 46 44 42 44 46 50 50 44 39 35 32 31 32 32 32 31 29 27 23 22 22 21 24 33 60 81 82 80 76 67 55 62 82 95 97 101 104 
33 31 29 28 30 30 30 29 29 30 31 32 31 32 33 33 35 38 38 39 41 41 42 45 44 45 45 45 43 42 43 45 47 46 44 42 37 34 33 33 34 34 33 32 29 26 23 23 25 47 77 94 96 91 88 86 81 77 85 94 99 102 104 107 
33 30 28 25 27 27 28 27 28 32 34 33 29 28 29 29 30 32 34 35 35 39 46 46 45 45 48 46 45 49 50 52 51 49 45 42 40 37 37 38 39 38 36 33 30 26 26 29 52 94 107 107 107 103 96 91 90 91 96 100 105 106 108 110 
34 33 29 26 26 27 28 31 34 37 39 41 39 38 35 35 35 35 35 39 40 42 47 50 48 46 46 44 45 48 51 53 51 46 43 42 39 38 37 37 36 35 33 32 31 30 35 53 87 113 113 107 111 109 98 97 97 99 103 106 107 107 111 114 
35 35 30 28 28 30 33 35 35 36 33 30 29 29 29 29 30 30 35 41 42 41 43 43 43 44 51 60 70 74 75 68 53 38 29 26 27 30 35 37 35 34 36 40 44 50 61 77 103 120 120 111 115 116 103 102 103 108 111 113 113 111 112 118 
28 27 25 22 23 25 28 25 23 23 24 24 28 34 34 32 32 34 39 41 40 39 43 46 55 66 74 75 71 65 56 43 32 28 29 27 28 29 28 30 31 34 41 48 51 55 59 70 91 119 125 119 118 121 114 111 110 112 115 116 116 118 118 120 
25 24 26 21 19 20 24 28 26 27 34 41 47 51 55 57 59 57 56 52 48 49 52 58 66 57 42 34 32 33 32 30 26 31 47 55 46 39 35 33 32 33 38 42 49 50 46 60 85 118 128 122 121 122 115 115 115 115 117 116 119 121 121 123 
27 24 25 23 21 20 21 24 25 25 32 35 37 40 45 50 56 55 56 54 53 54 56 57 43 25 22 24 27 26 27 31 36 33 44 59 44 37 43 46 41 39 41 48 51 53 60 76 108 129 130 124 126 124 119 118 116 116 116 119 122 123 123 125 
31 27 25 23 23 22 21 23 27 30 30 32 35 32 27 27 30 30 32 31 33 39 45 38 23 21 23 26 28 26 24 25 30 34 35 50 38 35 49 57 54 53 57 64 76 88 99 112 115 121 118 111 112 109 117 119 116 115 114 120 124 125 126 126 
31 29 26 23 24 21 22 26 32 39 39 36 32 27 27 29 26 27 24 25 31 43 44 25 19 22 24 25 25 24 23 23 23 32 32 49 35 35 46 54 66 60 67 71 82 89 88 80 81 89 76 73 96 100 111 118 117 116 117 121 124 127 127 125 
23 24 22 24 28 31 35 34 30 29 30 30 30 32 34 34 39 41 41 45 51 53 39 21 29 33 25 25 25 25 22 23 31 32 34 48 33 32 40 47 55 46 54 55 62 59 58 61 63 77 70 58 83 100 106 117 118 120 122 126 127 128 127 125 
33 35 33 34 35 32 28 23 23 25 28 30 33 31 32 40 56 50 47 48 48 45 33 22 29 34 28 26 22 26 26 31 31 32 44 49 28 28 34 37 38 43 47 45 46 44 47 52 51 70 74 63 76 100 108 115 123 126 127 128 129 128 126 124 
44 40 32 27 25 25 25 25 26 25 27 32 32 31 30 40 43 33 36 32 36 38 35 21 21 27 34 36 34 32 27 26 30 46 51 36 25 28 29 31 36 48 45 36 40 44 47 45 42 63 75 70 80 100 114 119 125 128 128 129 129 128 126 124 
33 29 28 28 26 27 27 29 29 28 28 28 30 31 35 39 31 28 27 29 35 42 46 34 24 24 25 26 30 31 35 45 54 55 43 30 27 32 31 34 48 50 38 37 43 44 40 33 38 61 76 77 94 113 124 127 129 130 130 130 130 128 126 125 
28 28 28 27 27 27 28 30 31 32 30 28 28 30 32 37 27 29 28 31 31 39 43 46 43 39 33 28 35 47 53 54 50 42 32 29 34 39 41 53 60 51 43 42 43 38 33 31 42 62 84 100 116 127 129 130 130 131 131 130 129 126 123 120 
27 29 32 28 27 26 24 23 25 33 29 34 37 35 34 37 29 32 31 31 29 36 35 36 38 37 33 28 28 40 47 46 41 37 38 43 46 50 55 54 50 47 40 36 32 30 31 41 61 83 108 124 129 131 130 130 130 130 129 128 126 119 114 108 
32 32 38 35 29 22 19 20 20 22 21 26 25 23 27 29 26 32 37 44 43 42 41 38 35 34 33 28 25 31 39 38 37 38 43 45 43 45 40 36 35 36 38 40 42 48 63 80 102 118 126 130 129 127 127 125 124 122 121 117 114 106 98 88 
37 35 34 35 32 26 21 19 18 17 17 17 18 20 27 26 37 64 89 101 98 88 83 75 62 55 48 46 50 58 61 75 88 88 63 47 42 45 43 41 45 49 52 58 68 85 107 116 120 123 121 119 119 114 112 108 103 97 101 97 93 86 80 71 
31 29 34 36 36 33 26 19 16 17 21 20 23 29 50 83 115 131 136 136 134 130 126 120 113 107 104 107 122 147 165 179 182 169 125 70 46 45 42 41 41 45 52 55 65 80 94 100 99 101 96 95 92 89 85 81 80 75 73 76 74 65 60 57 
30 20 22 29 33 30 24 16 14 17 19 21 38 83 140 176 180 177 173 169 165 160 155 149 145 141 137 137 148 172 192 196 195 178 138 80 46 35 32 29 28 32 36 35 41 52 58 63 65 68 63 64 64 62 66 62 64 64 61 57 61 56 48 42 
28 24 20 21 22 19 21 45 81 105 123 145 181 210 217 220 218 215 211 207 203 199 193 187 181 175 171 168 173 186 194 193 187 169 132 89 50 30 27 26 26 27 24 26 29 35 37 38 40 43 40 41 46 46 45 58 59 59 53 46 46 45 47 46 
22 21 18 17 25 56 120 187 220 227 230 232 232 232 229 229 229 226 224 221 219 218 214 210 205 200 195 191 194 201 200 194 184 167 140 104 63 35 27 26 26 24 21 21 22 25 27 29 31 33 34 37 39 40 40 46 47 52 49 39 35 35 39 47 
15 16 27 65 118 172 205 214 215 215 214 213 212 210 205 204 204 201 199 197 195 194 191 189 186 183 181 182 192 200 202 196 188 172 150 125 85 43 29 26 25 25 23 21 21 22 23 25 28 29 31 36 33 35 39 40 37 38 39 37 36 36 39 41 
30 54 92 122 138 146 152 153 153 152 149 148 147 146 143 142 141 139 138 139 139 139 139 138 139 141 147 158 170 176 179 182 181 171 155 137 104 60 35 27 25 25 25 22 20 21 20 21 22 25 27 31 28 29 33 34 31 31 30 30 29 29 30 33 
62 66 69 70 74 85 93 94 92 86 75 67 65 65 65 67 65 67 72 77 81 84 86 86 95 110 122 134 144 153 157 163 165 163 155 142 116 82 48 32 26 24 24 23 22 22 21 19 19 21 26 26 26 27 28 28 28 29 29 30 28 28 28 28 
41 42 44 44 49 62 71 73 70 62 43 30 27 27 29 31 30 32 40 46 52 59 63 63 76 101 121 129 135 147 155 158 159 159 151 140 121 93 60 39 29 24 22 22 23 24 23 21 21 23 24 21 22 23 25 28 28 29 28 29 28 28 28 29 
30 33 33 35 38 47 60 65 63 52 33 24 23 23 25 26 28 30 36 42 47 54 59 60 76 101 121 129 140 159 167 168 170 165 146 133 121 100 73 52 36 28 23 21 22 25 25 23 25 28 22 21 21 21 20 22 25 27 28 27 26 28 29 28 
37 36 36 37 39 45 51 53 49 40 30 23 21 22 21 22 28 27 30 34 38 41 44 48 68 94 114 125 144 169 175 176 178 168 144 131 125 113 94 69 45 31 26 24 23 23 22 24 28 23 21 21 21 20 20 20 20 22 24 25 25 26 29 33 
43 42 43 42 43 49 52 52 47 39 30 25 25 24 21 22 27 29 29 30 30 29 30 35 59 88 110 122 140 158 163 166 167 159 140 134 129 123 110 90 66 42 31 28 28 26 24 23 21 18 19 20 21 20 20 20 20 20 21 22 24 27 29 33 
46 45 44 43 46 50 54 53 47 40 34 30 31 31 29 26 28 31 29 29 28 24 23 26 52 83 108 118 124 129 132 136 140 139 136 134 131 126 118 105 83 59 42 31 29 28 28 27 22 19 18 18 19 20 20 21 21 21 20 21 23 29 37 46 
42 41 41 41 43 47 50 49 44 38 34 35 36 39 39 35 35 40 41 44 47 46 43 44 64 89 109 114 110 97 90 96 113 128 135 134 131 125 119 107 88 67 50 36 29 28 28 28 25 23 21 20 20 20 20 20 20 22 22 23 30 48 64 73 
46 45 43 43 44 47 52 52 44 36 33 36 40 44 45 44 47 57 70 83 91 95 95 95 103 109 114 109 97 78 72 84 107 126 134 134 130 124 117 103 85 66 49 37 31 30 28 27 27 27 26 23 21 20 19 19 20 21 21 24 30 38 45 47 
53 51 48 46 47 56 61 58 52 44 36 37 41 44 49 51 61 86 111 129 139 143 139 133 128 123 120 111 90 64 58 77 104 123 132 133 128 120 111 97 79 61 44 33 28 28 28 28 28 28 29 28 26 23 21 20 20 20 19 20 21 23 26 26 
61 58 55 52 52 61 64 63 59 53 41 39 44 47 51 54 72 103 125 138 148 152 148 140 132 122 115 103 82 62 54 71 100 120 130 131 127 119 108 93 75 57 40 29 24 24 25 26 27 28 30 31 31 30 28 26 23 21 19 19 19 20 21 22 