


200 136 179 197 132 100 105 120 114 105 112 126 114 121 162 138 163 131 163 200 175 114 94 54 92 165 182 157 196 171 142 169 107 138 144 160 102 150 222 171 138 209 222 133 194 199 144 188 195 144 116 121 105 92 91 100 135 135 179 145 131 112 124 147 
199 146 126 135 141 108 101 109 145 111 128 118 140 99 156 134 150 102 117 137 134 134 138 91 166 217 210 158 221 190 119 197 139 134 116 113 147 195 229 196 128 219 228 144 190 228 191 173 220 190 176 164 144 138 126 121 115 125 145 113 108 124 127 149 
190 181 116 122 124 114 102 100 128 109 118 140 174 131 97 129 112 85 106 161 135 152 208 152 169 228 214 160 229 212 132 221 163 147 76 100 207 205 231 175 113 195 229 155 192 232 233 174 183 181 198 215 173 149 182 168 170 137 125 136 136 139 144 147 
173 153 121 102 125 118 108 88 98 122 96 133 196 194 114 113 80 76 102 180 127 178 232 189 136 233 219 161 224 199 136 223 163 117 87 155 214 208 228 164 156 178 228 164 196 233 238 209 171 159 200 231 197 154 195 199 190 179 143 135 137 143 140 143 
163 131 113 95 96 101 96 83 88 89 96 134 193 207 191 79 56 90 112 161 119 183 230 210 117 217 217 157 227 179 112 181 108 114 147 169 218 215 196 155 185 180 229 164 189 231 234 228 158 182 200 220 199 176 182 217 199 180 183 162 147 140 130 141 
122 129 106 98 92 100 102 99 68 82 116 130 160 160 157 85 106 166 151 137 153 167 225 221 130 195 216 155 228 179 133 104 102 196 167 147 217 233 181 177 178 173 229 163 185 229 230 227 149 187 207 218 195 187 209 202 220 194 193 201 161 152 138 135 
157 115 107 100 96 91 104 117 91 74 123 122 141 144 163 142 125 211 171 126 182 182 201 232 178 167 215 153 227 163 157 97 180 213 163 125 213 228 154 193 178 170 200 144 204 227 227 199 157 182 210 206 181 175 220 228 225 206 198 204 190 158 159 145 
149 109 97 99 96 88 96 128 143 94 139 142 110 109 130 191 147 188 177 153 189 209 180 229 212 148 209 149 215 132 105 154 157 194 170 115 208 203 162 200 187 146 176 155 205 222 206 145 144 121 132 133 137 181 227 229 228 191 192 215 200 163 145 139 
151 128 96 98 100 97 96 115 135 106 101 83 79 101 118 194 189 150 178 141 159 213 199 199 226 144 192 150 191 87 141 211 138 158 163 105 200 167 189 200 168 124 176 124 129 114 88 85 111 122 183 193 169 207 233 231 216 157 184 214 218 179 158 150 
142 137 100 92 92 102 104 121 112 107 83 79 110 131 135 174 208 145 186 156 159 147 184 171 198 148 167 150 137 114 198 227 168 120 136 87 166 144 205 174 104 77 81 72 117 159 136 196 215 166 219 200 169 219 231 229 186 171 169 217 229 200 178 171 
137 106 90 86 88 96 104 102 115 130 93 99 180 134 162 167 180 168 162 156 183 199 166 134 133 140 108 101 92 124 193 215 201 116 97 67 115 114 116 96 101 116 154 129 199 206 170 229 222 171 217 188 159 202 194 181 133 149 157 208 227 195 175 168 
122 129 89 83 81 82 93 94 114 136 114 127 184 130 177 194 160 177 140 144 168 205 225 180 104 76 40 57 87 126 172 164 152 87 54 49 66 76 116 167 153 146 166 136 178 173 211 226 190 136 141 100 80 100 114 120 164 173 186 214 227 187 194 156 
123 105 88 78 76 74 81 82 100 136 136 125 153 126 150 202 160 144 119 106 115 141 165 147 107 53 40 52 69 100 145 150 138 86 57 56 69 129 161 173 148 128 105 77 124 129 152 115 86 89 115 103 165 201 167 177 200 191 204 212 227 197 214 165 
128 102 87 70 71 91 80 82 86 114 172 153 157 163 166 181 144 108 79 69 67 117 164 149 140 89 62 78 130 134 142 110 127 160 123 91 87 114 138 168 124 92 47 39 64 84 115 154 158 156 192 157 219 210 164 203 204 186 211 209 221 202 222 157 
95 85 80 83 72 84 98 77 72 99 181 179 139 149 176 205 171 96 61 62 83 128 181 206 208 125 106 171 156 141 172 203 193 158 150 116 109 163 165 133 125 124 64 46 73 103 152 150 139 138 153 140 201 152 154 181 199 177 217 207 209 203 204 149 
99 90 83 84 81 78 88 87 82 93 144 203 141 105 104 114 134 113 104 85 143 181 221 225 220 150 127 219 146 144 228 234 221 206 168 134 105 163 225 180 98 158 143 106 99 103 152 128 134 127 117 150 143 160 170 165 192 172 223 205 193 185 151 158 
144 100 87 80 89 93 87 99 113 139 104 133 102 77 83 104 165 142 126 152 195 193 222 226 220 170 131 223 189 158 235 236 225 197 178 155 105 149 228 197 156 159 144 143 134 133 161 145 122 86 69 121 116 203 182 155 176 176 222 201 167 150 169 156 
142 105 89 87 81 89 92 99 132 134 113 146 86 81 102 152 179 150 145 169 212 184 223 215 216 175 113 213 224 163 232 234 233 191 176 166 106 137 217 169 209 220 151 134 140 172 129 142 139 88 45 33 68 90 88 101 116 150 195 169 142 186 178 165 
158 114 82 85 82 80 89 94 107 99 89 95 111 118 147 200 192 144 132 159 220 178 232 198 203 178 101 194 227 149 216 232 234 197 159 132 96 124 204 166 220 225 186 146 133 187 150 120 170 170 84 67 110 124 106 93 78 78 82 85 130 161 155 183 
114 97 86 77 77 75 83 94 103 85 94 108 138 193 176 214 197 147 167 163 225 171 233 207 178 172 108 174 223 147 197 231 233 212 122 133 108 115 200 167 228 216 175 142 123 184 145 132 177 209 145 98 148 148 119 126 145 156 121 116 102 98 118 131 
104 89 87 86 80 77 74 87 94 90 105 116 146 223 191 217 191 177 205 156 225 173 230 224 160 181 131 159 219 146 192 228 229 219 124 182 127 119 190 168 231 216 135 172 127 169 141 159 176 203 160 134 142 172 131 109 107 106 124 108 114 108 110 116 
121 83 71 76 84 81 76 94 105 105 143 146 137 223 192 205 173 206 212 135 214 176 226 228 155 175 151 148 210 149 210 221 225 190 126 202 127 134 177 179 230 218 139 185 102 163 134 171 216 177 162 148 168 166 127 96 76 88 98 110 117 129 136 130 
104 92 78 79 85 84 80 96 122 146 145 160 142 195 199 179 151 217 211 161 196 182 219 216 136 151 166 149 195 148 219 222 215 148 143 166 126 160 159 188 223 174 103 137 99 139 132 187 230 181 176 147 176 130 113 121 107 95 153 122 117 155 143 127 
147 97 89 78 80 85 91 88 100 161 132 187 191 155 217 169 142 212 215 198 165 183 209 187 154 168 171 162 175 145 212 217 177 162 158 148 148 158 141 165 136 101 141 181 118 155 133 196 221 175 198 133 129 110 127 167 142 110 144 150 146 185 197 158 
103 86 82 73 71 85 91 85 85 156 139 194 228 152 189 165 166 175 202 215 155 177 192 159 180 191 152 144 130 140 209 202 147 189 144 169 149 121 82 92 107 161 195 150 132 155 123 181 164 147 127 84 131 161 144 158 139 148 173 135 150 162 168 183 
103 82 75 70 77 80 81 85 98 140 132 169 233 186 140 137 153 190 179 206 159 142 162 125 120 113 113 146 123 133 195 152 156 138 139 105 72 66 99 175 155 203 171 159 128 136 92 106 73 88 137 146 168 165 153 131 196 172 169 189 122 164 145 150 
107 96 85 88 80 72 73 78 108 136 163 120 157 159 119 109 97 112 141 157 129 71 82 86 129 180 180 142 91 70 101 92 93 80 68 85 104 96 110 138 155 146 132 118 78 64 62 89 167 193 194 161 153 144 131 121 174 155 128 151 132 127 164 126 
158 118 88 89 85 83 79 88 90 94 102 93 98 107 68 67 78 95 121 113 65 57 82 87 133 147 143 84 49 39 49 76 113 134 138 122 107 99 97 81 89 89 96 109 97 83 68 112 149 141 131 101 68 51 48 57 63 77 90 113 129 123 118 123 
161 114 86 81 81 81 83 83 90 88 80 84 111 107 60 72 90 129 181 136 87 71 94 124 127 134 118 100 55 45 70 147 194 178 183 159 113 79 71 89 151 176 185 172 133 116 100 101 135 146 148 113 93 64 65 91 82 94 99 113 148 187 167 180 
124 92 74 69 67 68 70 74 87 93 88 96 112 144 116 119 126 167 171 184 137 140 161 203 160 133 147 137 74 78 126 142 176 156 200 182 127 76 73 112 176 220 216 196 141 98 98 126 145 198 208 151 137 115 124 147 173 217 200 176 212 228 194 193 
143 119 90 73 68 68 63 75 96 106 94 121 159 181 158 177 153 158 219 194 170 182 170 154 166 215 211 161 117 107 181 145 156 182 224 175 173 134 99 193 148 204 225 213 158 154 138 208 186 140 163 165 160 161 135 167 186 227 213 173 203 195 185 176 
139 106 82 72 66 67 77 84 95 115 159 186 167 176 193 171 161 194 232 162 202 163 140 184 233 239 236 180 133 107 178 206 136 177 215 183 195 153 105 197 178 146 221 203 176 177 166 190 231 208 166 136 161 179 160 133 210 234 221 171 201 202 219 188 
137 110 90 73 73 73 80 92 93 173 223 185 166 153 195 203 200 227 218 138 188 156 185 217 239 238 233 178 144 140 169 232 156 164 197 207 203 166 121 177 200 152 179 182 192 182 199 150 227 223 209 183 158 135 193 137 151 223 230 187 195 223 230 212 
171 121 102 83 85 74 80 85 108 179 228 186 160 150 190 232 204 228 190 148 163 191 215 211 240 239 230 173 143 170 158 227 200 142 175 223 205 173 134 162 206 185 160 145 208 185 217 131 202 227 215 214 229 176 149 175 154 164 214 212 183 227 236 225 
122 102 87 79 73 81 86 90 105 138 207 194 144 153 184 232 205 218 161 192 162 199 221 204 237 235 230 165 126 192 149 226 211 122 175 228 207 178 141 156 203 180 203 128 220 188 227 152 170 219 203 200 223 217 190 165 148 177 170 180 176 226 239 231 
123 92 80 74 78 81 82 83 92 108 150 171 129 179 165 231 204 181 160 226 179 194 228 194 232 231 226 152 125 203 141 213 205 126 169 226 203 180 137 148 187 169 211 134 196 187 227 169 149 164 189 198 210 230 192 215 165 182 194 192 163 215 237 238 
127 91 75 69 71 72 81 78 90 96 105 132 129 170 151 211 208 140 178 230 192 164 225 186 227 229 222 161 133 211 146 192 200 165 171 224 207 185 124 156 180 164 194 173 158 169 211 177 158 181 204 185 212 228 189 229 210 164 217 181 189 219 235 232 
169 131 94 95 81 80 83 87 93 94 102 93 104 128 155 168 206 142 178 227 207 161 207 179 223 228 201 161 127 219 159 170 190 196 200 212 209 176 125 196 177 165 185 213 191 164 221 206 156 198 182 166 220 207 204 220 210 188 205 197 191 223 230 216 
158 126 108 92 81 83 79 79 79 83 88 78 98 104 155 155 174 139 178 187 210 192 175 176 216 224 167 174 143 219 168 144 179 200 226 206 204 130 103 202 168 158 174 227 224 160 220 215 149 218 202 173 219 193 225 222 203 210 194 200 197 220 220 182 
132 115 106 85 85 74 70 75 95 138 122 97 92 97 135 123 98 92 124 165 179 207 151 172 211 210 158 188 125 196 175 132 180 202 234 221 175 156 115 204 171 141 173 234 235 189 206 184 152 226 199 197 199 209 227 224 197 224 190 190 209 219 196 171 
175 157 119 97 88 84 80 90 97 135 141 118 111 111 116 76 56 70 73 147 189 172 149 131 161 159 167 160 120 181 179 124 170 203 232 198 136 192 122 201 180 122 184 234 232 193 163 189 162 216 168 202 189 232 224 219 184 223 196 181 214 205 159 161 
197 147 111 98 92 83 87 91 99 116 118 127 135 173 157 120 62 73 75 113 147 128 92 74 78 92 124 159 133 189 174 121 149 200 201 156 184 189 132 196 197 119 198 232 226 177 170 214 166 192 155 185 214 235 231 216 181 220 194 174 189 159 142 130 
166 116 106 100 92 86 94 97 102 114 128 172 181 175 181 181 100 116 92 106 122 97 69 57 74 78 133 153 114 172 144 108 100 142 131 188 197 170 137 193 196 125 209 224 182 171 205 213 174 166 156 188 230 229 227 200 186 223 182 163 143 148 143 143 
134 143 119 95 86 89 94 97 97 100 125 182 144 175 227 155 134 142 153 144 120 140 102 74 113 99 103 156 124 134 86 81 64 65 88 145 171 181 136 178 157 121 186 166 188 217 214 203 163 140 159 220 226 225 223 180 195 205 139 133 162 146 127 112 
164 136 108 86 87 89 85 94 107 96 109 131 158 200 207 117 189 172 182 215 148 164 109 140 184 175 131 101 102 126 70 57 58 60 79 111 134 160 121 114 95 97 118 174 208 216 208 181 156 131 187 216 214 216 204 163 170 134 123 113 121 110 125 121 
145 109 94 81 84 77 79 84 99 111 97 107 177 187 188 124 206 182 156 178 220 211 113 168 204 216 162 159 111 93 90 69 75 119 91 131 137 118 90 84 69 67 70 109 143 147 149 121 114 126 175 192 195 185 149 137 148 129 121 127 142 112 119 108 
133 110 100 99 91 80 83 95 100 102 99 115 160 174 148 136 197 173 135 219 241 185 123 181 193 198 155 182 142 177 151 109 106 195 130 92 108 133 121 114 62 88 90 90 111 126 125 87 83 84 112 136 146 120 89 96 140 138 140 139 142 157 192 160 
138 129 116 102 94 86 89 94 94 105 126 143 121 125 108 141 165 144 155 230 231 161 146 182 192 230 187 120 171 238 179 139 133 201 185 154 113 90 85 101 90 130 108 117 97 91 107 89 118 143 158 126 103 92 82 86 91 88 107 128 154 154 196 185 
159 177 135 105 90 85 92 91 105 114 146 177 108 92 94 156 128 183 169 219 216 156 139 182 215 204 157 135 221 238 187 151 150 192 217 126 171 184 169 117 86 97 104 110 147 154 126 80 84 102 148 159 132 117 112 144 134 109 86 108 149 148 180 198 
207 187 147 106 91 87 84 90 100 105 125 147 118 84 91 140 141 188 175 210 200 158 156 160 222 215 155 182 215 235 182 149 165 182 236 135 173 202 238 183 130 158 204 158 231 190 203 145 133 153 99 113 109 123 125 183 170 184 180 151 128 103 118 151 
187 160 142 94 89 85 87 98 103 140 154 165 159 92 99 137 132 157 182 194 186 157 190 149 222 181 178 218 204 229 183 140 178 172 216 126 132 227 237 198 147 162 216 172 196 176 204 184 172 214 149 182 176 183 151 211 216 165 203 208 190 165 139 123 
218 172 105 93 85 94 96 94 103 120 120 166 145 101 127 152 122 126 151 137 164 148 215 158 183 201 189 230 215 209 191 135 191 161 215 125 125 230 231 193 150 163 201 209 149 204 211 191 150 182 169 164 196 192 163 191 207 165 200 204 187 200 182 165 
200 137 116 99 93 95 106 103 104 116 102 122 129 120 177 210 146 105 89 79 110 131 218 145 166 229 183 232 233 208 199 134 197 160 207 144 173 196 226 190 129 147 188 225 135 222 215 194 137 195 188 155 202 207 185 159 216 187 188 206 185 187 184 165 
163 127 120 123 97 98 101 99 101 114 99 79 120 123 204 224 143 95 72 76 88 129 195 164 169 221 176 230 234 204 186 133 210 160 171 173 215 173 216 197 127 143 180 202 156 201 206 159 168 205 171 152 187 184 172 170 236 197 175 197 187 173 198 167 
135 122 131 128 97 91 87 92 100 115 102 78 96 124 180 164 139 167 93 94 102 139 154 169 153 170 158 199 198 160 151 135 220 158 142 202 234 177 201 200 126 135 172 191 212 169 170 161 171 177 166 189 155 188 203 166 232 201 198 185 192 176 190 168 
137 137 168 132 111 96 91 103 103 103 105 100 100 112 132 145 203 203 136 107 142 142 134 133 120 101 92 112 132 144 196 140 221 161 136 219 231 198 166 156 122 143 159 205 215 140 163 187 162 143 167 172 170 208 210 167 228 207 210 196 169 167 178 149 
156 181 157 130 114 104 115 100 96 108 114 111 119 120 134 187 232 180 160 127 142 159 166 162 90 71 67 88 166 158 177 137 191 142 143 204 194 165 128 189 133 128 151 177 168 167 158 163 126 120 174 202 192 200 212 170 220 213 213 202 159 159 157 136 
171 193 127 129 117 118 109 96 96 113 111 117 127 113 152 202 209 150 151 155 146 222 201 153 159 68 93 111 156 165 150 120 132 107 98 129 159 186 161 196 129 117 107 127 188 176 137 126 96 80 90 123 156 178 200 173 220 222 214 200 171 152 158 147 
196 156 144 147 141 128 101 96 103 104 100 138 136 114 116 131 162 148 168 185 137 225 196 182 212 89 161 127 157 162 152 104 78 85 72 107 176 202 160 148 105 94 74 115 147 157 128 112 107 155 148 108 89 113 147 150 199 217 205 185 161 147 150 158 
167 144 163 152 155 126 104 106 110 104 98 113 147 145 104 79 114 157 162 191 157 162 169 234 206 88 193 150 139 169 178 118 93 70 112 110 156 204 195 137 96 97 142 110 128 160 149 115 114 157 187 213 180 127 102 106 151 172 162 166 161 145 158 181 
167 172 160 163 155 112 105 111 106 96 98 112 142 162 127 99 104 165 162 191 172 122 194 241 197 97 204 184 110 136 181 149 121 106 165 148 110 151 181 153 122 119 207 162 160 109 126 124 158 148 170 218 233 224 208 156 127 125 124 130 143 138 139 162 
191 192 187 194 160 107 104 103 105 102 106 119 117 133 146 124 120 154 165 182 137 164 170 210 186 108 203 179 150 123 129 160 142 132 180 195 125 102 137 158 140 124 220 177 192 193 154 94 102 113 161 197 229 229 213 175 166 164 152 155 153 145 156 158 
193 178 192 188 134 133 124 116 113 103 112 142 120 123 147 115 118 131 146 147 142 187 181 188 169 119 192 207 151 190 110 141 153 148 186 221 147 143 102 133 141 129 219 206 174 222 206 174 180 110 112 117 142 157 149 145 143 160 164 168 151 154 165 174 
175 176 178 170 132 163 128 121 116 105 114 124 135 141 158 133 146 170 123 117 128 172 160 176 158 133 222 231 162 183 169 123 121 162 184 230 159 189 160 102 119 130 217 229 173 235 215 173 217 159 181 158 156 152 144 147 171 195 173 162 149 161 174 186 


200 137 184 201 147 116 120 135 131 118 122 138 123 122 157 131 157 145 167 193 176 140 139 92 122 167 172 150 177 159 144 170 126 142 138 155 111 150 201 176 139 185 207 139 184 194 157 180 183 158 142 145 132 129 123 126 158 158 198 174 162 137 168 207 
199 150 134 147 154 125 118 127 156 124 136 130 142 103 151 133 151 122 129 143 143 146 151 100 149 191 194 147 193 173 126 191 151 142 121 121 139 187 210 191 134 193 205 146 183 214 188 171 203 190 176 168 151 160 155 146 139 150 167 135 133 161 190 198 
192 184 122 134 139 132 120 118 142 128 131 146 168 135 103 133 125 113 123 157 137 155 196 151 155 200 194 150 201 191 133 210 170 155 92 107 182 193 212 173 126 183 203 152 179 216 218 171 179 175 193 209 172 158 189 181 179 168 154 162 159 173 197 176 
175 157 128 114 140 135 129 109 121 148 122 141 176 187 123 125 116 126 124 165 130 173 213 188 134 207 200 153 201 188 139 212 169 131 99 150 188 194 210 162 161 169 200 158 179 213 224 195 168 160 192 219 192 160 193 196 189 193 171 163 162 176 183 181 
165 135 121 109 112 121 121 109 110 126 129 137 174 197 189 105 109 135 124 146 125 174 206 203 121 195 199 150 204 175 123 178 125 124 151 167 197 200 188 159 183 167 201 162 179 210 215 213 158 175 191 200 192 169 184 208 194 185 194 182 179 169 156 172 
126 135 114 114 108 118 124 122 88 114 143 137 160 163 166 109 124 160 140 133 154 161 200 208 134 179 197 146 204 174 144 119 117 190 166 146 199 213 173 176 180 164 204 160 172 201 203 211 152 179 198 198 182 178 201 196 203 190 194 202 186 184 164 168 
162 124 117 115 114 113 133 149 109 91 134 134 147 147 161 151 123 184 160 129 179 173 184 214 172 158 196 144 204 165 165 119 179 202 159 125 198 208 148 189 183 163 185 146 186 196 197 186 157 179 197 188 171 176 206 208 206 197 194 200 195 184 193 189 
155 121 113 114 113 104 116 143 156 104 139 159 141 126 134 188 147 171 171 153 184 193 171 212 203 148 192 139 195 144 126 157 164 188 168 117 190 187 153 189 185 152 168 155 187 195 182 144 147 131 137 133 138 181 207 204 209 188 187 201 204 183 168 172 
158 136 113 115 119 115 112 129 144 117 117 126 128 122 127 189 184 143 174 149 165 198 187 191 215 147 180 140 180 113 150 194 146 162 165 112 177 157 172 182 167 142 167 131 132 116 96 95 117 127 170 178 163 198 213 207 204 161 181 199 215 193 182 174 
151 149 116 113 113 124 120 136 127 121 107 129 143 141 139 169 200 142 181 159 163 150 178 169 193 152 165 145 147 132 188 208 168 136 141 100 149 138 187 161 119 104 100 90 117 145 132 183 206 164 200 185 170 203 211 212 185 170 170 208 217 202 200 199 
143 121 110 107 111 117 124 121 134 138 113 127 170 143 161 162 176 166 163 161 182 192 167 147 143 152 133 121 119 134 176 198 194 146 131 98 114 124 127 105 109 129 157 139 179 181 160 209 211 171 198 180 161 189 183 177 143 154 162 203 211 193 194 206 
131 140 107 106 105 104 118 117 131 145 125 127 170 142 176 184 158 175 147 156 175 197 209 176 128 112 109 112 130 135 156 158 156 141 127 107 109 111 130 157 152 156 175 155 170 167 193 209 188 151 143 114 96 109 121 128 164 172 184 205 212 190 212 188 
137 122 106 100 102 99 105 107 125 156 139 128 151 140 157 196 158 147 137 135 143 153 162 152 143 102 114 119 123 121 140 137 141 131 129 123 123 157 154 167 149 148 143 115 135 136 153 126 104 111 123 116 160 185 164 173 195 191 195 203 216 198 223 183 
141 120 109 92 94 116 103 108 126 138 170 153 156 168 171 178 149 125 126 131 122 141 160 150 148 110 110 120 141 142 146 120 135 152 146 132 116 132 129 146 125 124 116 100 107 110 126 149 157 168 191 167 205 193 170 196 202 187 199 203 213 199 225 172 
109 102 98 106 94 107 126 111 105 119 181 177 145 158 181 197 171 124 127 130 126 133 167 188 189 132 122 171 157 145 170 188 182 157 154 135 123 157 158 131 124 135 121 114 130 130 159 150 144 154 163 151 191 149 159 182 198 180 205 201 203 201 210 163 
111 108 105 112 107 98 116 129 113 108 150 198 153 131 131 134 137 123 134 124 151 166 200 203 206 158 134 207 154 144 212 221 204 190 165 144 120 156 206 173 113 155 151 135 129 119 141 132 138 149 143 159 146 157 170 171 192 176 215 202 191 189 164 171 
158 120 116 108 114 116 112 130 135 149 115 138 130 123 124 127 158 143 134 160 189 182 202 204 206 173 138 212 189 158 220 225 212 187 171 162 119 148 208 192 159 159 148 154 145 140 141 132 130 133 122 143 130 199 184 167 179 181 218 200 170 160 180 168 
158 126 117 112 104 118 123 123 144 147 128 153 128 125 130 157 174 155 147 172 206 173 206 201 206 179 127 202 216 166 218 218 218 186 173 172 125 140 200 172 203 204 155 149 152 172 132 133 136 127 106 77 95 107 107 122 129 161 201 176 151 192 188 175 
172 138 105 111 109 111 128 130 128 121 114 111 132 146 154 187 182 154 138 164 211 169 215 191 197 182 116 185 218 156 205 214 218 191 161 146 115 132 193 165 213 213 184 157 148 186 153 128 167 165 123 108 133 133 121 113 95 94 102 107 146 172 167 192 
131 119 109 103 100 98 118 128 122 110 126 126 147 190 173 195 188 154 169 163 215 166 216 198 178 176 122 169 213 151 188 210 212 199 131 145 122 126 188 163 217 208 174 152 140 185 154 143 171 192 157 117 149 147 135 149 169 160 132 134 121 119 138 150 
123 114 118 118 108 103 99 110 115 121 144 137 151 214 187 201 187 175 202 157 216 169 212 209 162 183 141 156 207 144 181 202 202 199 133 181 137 131 179 162 214 206 142 176 142 174 152 160 173 193 167 149 144 155 147 147 149 137 145 136 143 138 137 137 
139 108 100 110 114 111 103 120 134 140 161 156 143 213 191 196 171 197 207 142 203 169 206 207 160 175 151 144 192 141 187 192 193 175 134 194 135 142 169 170 206 202 145 187 119 166 142 168 204 178 170 161 170 154 137 138 130 121 124 149 151 162 167 158 
124 116 104 112 122 117 105 121 152 163 156 167 151 188 194 176 154 208 207 163 184 171 195 195 144 151 157 144 176 140 189 188 184 147 144 167 135 160 156 174 196 163 116 145 115 148 142 183 215 180 182 160 179 136 125 142 140 119 164 154 149 174 170 158 
162 121 117 112 117 114 117 122 139 172 143 187 193 157 207 167 146 205 208 191 159 172 186 176 154 164 166 158 165 142 185 187 163 156 156 155 151 159 142 155 134 108 141 179 133 163 143 186 205 174 199 148 142 125 142 173 152 131 153 165 169 194 212 194 
126 113 113 105 100 111 120 126 113 164 149 193 221 158 182 164 165 174 193 205 156 170 177 161 175 187 157 155 145 146 188 184 147 179 150 172 155 133 100 104 112 153 184 156 144 162 132 172 161 149 135 103 144 168 159 164 147 160 179 144 163 172 180 199 
124 107 102 99 102 111 112 119 122 149 143 171 223 186 147 143 157 181 173 196 166 155 163 140 132 125 127 157 147 147 178 158 162 145 146 120 95 89 113 165 151 191 172 163 140 147 108 111 84 97 141 158 177 173 165 146 198 174 177 190 136 174 158 164 
125 116 110 116 109 103 102 103 131 149 174 139 161 162 138 134 122 124 146 159 155 126 118 115 129 162 175 159 143 133 136 130 118 102 89 103 124 129 141 150 158 150 140 131 102 88 85 104 160 181 183 169 166 159 143 138 179 161 142 163 146 145 175 141 
171 140 114 115 116 113 105 112 118 119 127 121 121 125 112 112 110 119 130 133 122 116 125 123 133 138 152 138 142 134 126 124 129 135 144 142 145 157 159 128 111 104 106 116 131 134 122 140 152 144 136 119 95 77 72 80 83 96 108 129 144 139 135 141 
176 136 113 108 112 113 109 114 127 122 119 125 138 129 113 129 133 148 175 148 125 123 131 143 139 145 149 155 142 132 142 175 191 176 185 182 163 142 136 142 164 177 183 176 174 176 161 144 152 154 154 134 133 108 91 114 100 107 119 133 164 197 180 193 
143 116 100 95 91 94 97 103 121 128 130 134 135 151 142 157 151 171 167 179 151 160 166 197 167 147 156 147 124 127 149 157 171 159 194 181 151 129 120 140 176 205 197 184 161 141 137 143 152 197 205 165 172 154 151 165 181 212 203 185 218 231 203 203 
156 137 117 101 95 99 98 108 135 138 119 135 166 190 168 184 162 163 211 195 174 185 171 156 168 211 207 167 140 131 182 158 163 182 214 175 174 148 119 191 152 193 208 204 164 161 154 207 183 140 162 169 172 179 153 174 190 222 211 179 211 197 190 187 
150 122 106 99 94 98 116 119 125 133 168 189 173 182 195 175 167 195 225 171 201 170 149 183 225 231 227 181 150 126 180 206 150 179 209 184 191 158 118 194 178 149 210 199 179 179 174 192 223 201 166 147 169 189 169 144 206 228 218 177 205 206 223 198 
151 132 115 99 104 106 116 121 116 184 226 188 175 162 195 199 201 222 214 147 189 161 186 212 230 229 222 176 154 151 170 222 163 165 192 201 198 169 129 176 197 156 178 182 193 183 198 157 219 217 206 186 166 150 199 150 160 223 226 187 200 223 229 219 
180 140 129 111 118 105 105 111 129 187 227 187 168 156 189 218 202 218 187 150 163 186 204 203 227 224 214 168 147 171 157 214 196 148 170 207 194 172 138 158 200 180 161 152 203 183 209 140 198 222 210 209 222 180 161 182 163 171 215 213 190 226 233 229 
140 123 111 109 105 116 115 118 131 149 201 192 153 159 181 218 201 205 159 186 163 190 208 195 216 207 204 159 129 183 146 208 203 134 167 207 192 175 143 153 194 177 192 139 210 184 216 155 172 213 202 199 211 212 195 171 157 177 176 185 181 221 232 228 
149 118 106 105 113 115 114 118 125 134 155 175 142 184 167 214 196 176 157 212 176 186 214 185 207 203 199 149 128 191 143 193 192 132 161 197 181 172 139 148 177 167 193 142 189 183 218 170 155 167 188 195 199 217 193 212 169 184 193 192 170 206 224 228 
150 110 96 95 100 102 114 115 133 133 130 143 145 177 158 192 196 149 173 215 186 164 210 177 202 203 198 161 137 202 155 180 187 160 163 198 187 175 131 153 167 162 179 167 158 168 205 173 153 172 193 184 202 214 189 221 205 170 208 180 188 204 216 222 
185 150 113 121 112 112 116 119 132 137 134 121 135 151 166 163 194 152 175 208 197 165 194 172 198 200 184 161 134 207 166 165 178 185 188 193 191 170 136 185 167 166 179 198 178 162 210 196 153 184 178 168 200 197 197 212 205 187 195 194 186 203 210 207 
171 140 130 120 109 115 110 111 111 114 116 113 136 138 163 160 174 153 175 173 194 189 173 171 194 198 161 171 150 207 170 147 170 190 206 190 191 138 114 192 162 161 171 210 204 158 209 206 152 195 188 174 196 185 209 210 199 198 191 200 192 197 203 191 
143 128 129 110 110 102 101 103 120 152 138 126 136 138 145 145 142 140 149 157 168 199 159 172 190 190 160 181 131 185 173 138 169 189 210 199 169 159 122 193 167 149 169 215 211 179 196 184 154 205 189 191 188 196 205 206 196 211 188 194 201 200 191 188 
185 169 144 124 115 114 114 122 123 147 156 141 139 134 134 120 123 130 127 154 174 172 164 151 156 158 164 157 125 174 175 136 165 185 208 184 143 186 127 188 174 134 179 214 210 183 166 189 162 200 170 196 184 214 200 199 186 207 192 186 201 195 171 174 
203 162 135 127 123 113 118 117 123 134 135 142 152 179 166 139 110 120 116 130 143 141 137 135 130 130 133 154 133 180 174 136 155 180 181 156 179 187 135 183 186 133 189 210 207 175 172 205 166 185 164 181 203 212 205 202 183 201 189 181 186 165 163 154 
180 135 131 131 125 117 121 125 130 134 141 177 187 175 178 187 122 140 121 123 134 124 126 123 135 123 145 150 120 170 161 137 144 155 150 176 179 168 138 181 182 137 190 199 176 171 194 204 174 168 166 184 209 202 197 189 184 203 184 170 157 176 176 178 
148 162 145 126 113 119 128 127 123 125 142 188 155 170 215 163 146 153 165 160 135 152 127 122 153 129 117 154 129 152 143 139 138 133 125 126 150 166 136 171 159 138 170 160 182 206 204 195 168 152 168 207 200 195 192 176 184 186 158 160 189 194 163 140 
183 156 131 116 113 118 120 126 136 125 136 147 165 193 200 123 187 176 184 213 156 172 125 156 191 188 148 120 117 141 128 122 127 111 114 114 128 151 134 144 145 137 144 164 179 187 190 180 166 154 181 194 191 194 187 171 164 152 168 143 143 141 149 144 
170 130 119 103 107 102 108 116 126 139 124 130 180 185 183 130 199 180 160 174 211 208 123 174 204 219 170 171 133 119 125 117 125 147 112 142 145 123 117 129 125 126 107 112 129 133 139 148 154 154 157 171 179 181 166 161 166 171 165 151 159 133 142 134 
155 128 119 120 118 110 117 132 132 131 131 141 168 177 153 141 186 171 142 207 225 180 127 181 191 199 162 184 157 190 164 130 127 202 149 116 127 150 145 143 101 125 119 110 122 135 139 128 128 123 124 137 150 154 140 130 155 156 168 158 158 174 208 185 
154 143 133 127 120 118 127 129 123 133 151 165 148 147 124 149 161 145 160 217 216 158 147 178 183 216 188 132 174 232 180 147 139 199 188 165 132 113 108 122 116 144 121 129 111 104 120 120 149 165 172 143 125 120 116 120 118 112 130 151 167 166 206 199 
167 185 151 132 121 117 128 119 133 145 162 188 146 133 115 164 133 171 169 204 201 153 142 176 197 195 164 143 213 227 185 154 151 184 206 134 174 189 180 132 103 112 118 122 155 164 142 101 103 115 157 169 149 136 135 161 151 130 109 134 168 163 191 211 
207 192 163 131 116 118 114 115 125 127 139 157 148 126 121 161 151 180 176 190 183 158 157 157 202 200 156 182 209 222 177 150 162 170 223 145 171 198 232 183 138 166 205 159 222 194 209 165 149 166 117 132 128 140 145 191 179 196 190 170 150 123 137 168 
189 166 155 116 115 117 114 123 129 155 165 169 172 118 127 156 143 162 179 179 169 154 182 149 203 169 175 211 195 215 179 144 173 160 205 138 139 215 224 195 153 167 213 169 192 179 203 194 181 216 160 192 186 190 168 214 218 178 205 213 201 179 158 147 
217 185 121 111 112 120 121 126 129 138 141 173 155 121 143 164 137 150 161 147 151 142 197 158 170 184 185 216 199 193 185 140 184 152 201 138 135 219 215 186 154 165 197 198 156 202 208 192 155 186 181 179 203 198 176 198 210 174 200 203 195 213 197 190 
211 153 133 120 119 120 134 133 133 144 141 149 140 135 181 209 159 145 143 122 124 128 193 149 159 211 179 210 209 190 188 137 186 152 192 155 173 188 213 185 134 150 185 211 142 205 200 190 146 198 192 165 204 210 192 173 217 191 192 203 190 201 202 195 
180 142 135 146 120 124 129 125 126 146 144 121 136 134 198 213 154 133 125 128 128 134 174 166 170 201 170 199 206 185 176 138 194 152 167 178 207 166 198 187 130 147 182 198 161 188 194 164 172 201 177 161 188 187 182 178 231 198 183 197 189 187 214 198 
149 137 144 147 116 115 113 123 133 155 139 113 124 135 180 168 148 178 123 130 131 141 150 171 164 161 156 169 174 158 154 140 200 153 148 193 215 167 183 183 131 143 173 189 203 163 169 165 170 179 173 192 160 191 202 170 224 198 199 189 198 194 212 202 
148 151 185 148 132 121 118 132 130 129 132 125 126 129 138 147 197 201 146 131 157 152 141 148 153 138 130 134 142 146 180 140 195 156 146 196 203 180 159 157 137 151 167 195 201 144 165 180 162 157 175 175 173 204 206 173 220 202 205 198 183 189 224 214 
162 186 176 146 134 125 141 128 121 129 135 129 137 135 139 184 217 172 162 145 152 165 172 171 127 114 119 128 166 147 162 135 166 141 150 179 172 161 135 177 141 144 164 172 168 165 152 155 149 150 180 198 191 196 207 172 213 207 206 204 180 191 218 213 
172 195 140 145 133 137 133 120 118 136 129 134 145 131 165 193 185 146 151 163 155 216 204 164 173 93 122 135 162 161 147 125 146 138 132 153 165 178 157 179 139 141 147 149 176 165 135 138 138 118 106 130 158 175 194 172 211 212 206 208 193 181 215 206 
199 163 155 163 154 146 124 119 128 127 118 149 151 140 157 146 145 147 164 186 150 216 194 184 214 100 168 144 169 173 165 130 137 130 123 144 177 191 155 147 131 132 127 139 151 157 137 136 138 170 155 118 101 122 150 153 192 207 201 203 187 171 186 204 
173 154 180 168 174 147 125 128 134 127 120 132 157 163 143 126 133 153 157 187 164 164 169 219 199 97 191 163 151 177 187 137 134 114 143 138 167 205 196 154 128 130 169 132 139 169 162 133 134 165 185 206 181 136 116 117 153 175 176 189 186 172 195 216 
187 189 177 184 179 132 125 131 125 118 122 137 164 172 151 137 131 158 155 180 174 136 187 222 183 103 193 185 129 149 182 163 142 129 175 165 126 161 188 163 143 138 209 166 165 124 140 138 170 157 169 211 222 214 204 164 148 148 145 152 169 166 168 195 
217 207 201 210 177 122 123 122 126 122 130 147 151 152 156 142 137 149 155 172 146 166 170 191 170 111 186 176 157 141 140 169 152 143 182 196 139 119 149 165 156 136 216 174 185 194 163 113 119 127 159 186 217 221 211 186 194 186 175 182 194 192 198 199 
210 199 212 204 147 146 142 133 133 121 133 162 145 144 155 134 136 142 144 148 147 173 157 166 155 122 179 197 156 191 130 153 159 154 179 213 154 157 121 149 156 135 205 200 176 211 199 181 183 130 123 124 144 165 165 166 169 185 192 196 202 209 208 220 
185 185 197 180 140 172 143 139 134 124 136 145 149 152 160 147 157 177 141 138 145 165 136 146 143 135 201 213 164 179 177 142 134 163 173 216 165 190 170 118 135 135 200 215 172 223 211 174 206 171 177 164 168 172 161 167 192 216 200 194 204 231 216 230 


204 150 192 209 172 149 153 164 162 151 154 170 147 144 180 151 175 175 185 206 194 173 176 124 152 201 203 182 210 186 170 192 161 167 164 176 134 176 221 208 171 211 225 167 216 228 199 210 208 195 183 184 168 169 160 160 188 189 218 199 182 163 199 237 
204 162 156 170 180 158 152 158 185 155 167 164 173 127 171 154 170 155 153 165 170 182 178 124 173 216 215 171 219 198 152 208 179 167 147 146 168 211 229 213 163 212 220 172 207 235 225 207 228 215 203 202 186 193 199 188 176 181 191 165 160 198 221 215 
199 192 138 159 165 164 153 149 169 159 162 180 200 165 124 154 154 151 156 191 171 189 220 175 182 225 214 166 222 215 158 224 192 177 122 137 206 217 230 191 157 205 218 175 200 230 239 205 208 199 216 231 205 187 221 216 214 214 195 196 187 201 220 191 
184 171 147 138 169 163 161 141 154 181 157 173 203 210 149 147 148 165 158 203 164 200 230 206 157 227 218 168 217 206 162 224 187 153 129 175 210 216 227 181 187 195 214 180 197 225 238 222 198 189 215 231 213 192 217 222 216 229 213 198 201 208 213 213 
176 154 142 137 141 155 154 140 142 155 162 164 195 216 208 134 145 167 146 170 158 197 223 219 142 211 214 165 218 196 151 193 151 151 178 192 216 218 205 179 205 191 215 183 197 226 229 234 189 202 214 212 208 194 207 223 218 209 219 211 221 209 186 205 
144 152 138 144 139 152 160 153 114 147 172 166 184 186 193 146 158 180 157 155 183 184 218 222 156 197 212 160 219 193 172 151 151 207 184 165 213 229 194 195 202 186 219 181 192 219 220 226 181 201 219 218 202 194 218 214 223 210 211 224 220 226 203 197 
175 149 144 148 151 148 169 182 138 121 161 165 172 172 192 186 150 211 181 152 201 192 202 227 192 178 209 157 217 189 189 156 201 214 174 141 208 223 169 207 205 186 203 172 204 213 213 203 182 197 214 209 196 189 216 226 226 212 208 220 221 213 227 225 
167 148 146 151 149 139 146 174 181 133 163 186 169 157 168 211 169 196 193 180 203 210 188 225 220 172 206 152 209 174 161 187 189 201 184 135 201 203 172 208 205 183 190 183 205 212 199 166 168 154 158 153 165 194 221 223 227 203 202 217 221 206 194 207 
172 157 147 150 152 150 141 161 168 144 148 156 161 151 160 206 201 166 197 176 186 212 203 206 227 170 195 153 198 153 183 209 175 183 181 135 189 177 187 194 190 178 186 160 154 139 121 124 144 154 192 200 187 209 227 225 219 178 196 210 227 217 207 203 
169 170 145 147 150 161 152 169 158 155 143 166 172 169 167 184 212 164 201 186 187 171 192 183 202 175 186 164 176 169 206 216 191 168 160 129 155 158 199 173 150 144 135 124 144 170 162 202 223 187 216 205 193 217 227 226 200 190 185 214 227 219 218 224 
158 149 145 143 148 155 161 155 170 172 146 158 197 174 184 175 188 184 184 187 203 210 188 170 162 179 169 154 160 162 188 207 214 192 172 138 128 147 151 133 144 170 190 175 197 200 187 222 227 199 216 203 184 206 203 196 169 177 179 211 228 209 215 225 
153 161 139 145 144 143 155 149 164 174 155 155 194 176 199 198 171 189 170 186 200 215 224 201 165 147 159 153 170 167 189 190 196 194 174 145 154 161 170 175 178 195 210 198 194 196 213 222 206 181 169 143 127 140 150 154 188 194 195 217 228 204 227 213 
161 154 140 137 142 136 141 143 159 187 168 154 176 173 185 213 172 164 169 173 177 184 189 181 188 142 156 156 160 160 176 168 185 178 172 165 175 202 182 199 182 189 188 159 166 168 179 158 141 150 156 151 186 213 195 194 213 210 210 217 226 210 233 208 
166 153 144 127 133 155 140 145 159 168 196 174 178 194 197 201 173 155 168 181 159 172 196 186 192 145 147 154 171 178 187 156 174 196 191 175 157 170 156 175 162 164 162 142 156 155 164 184 186 210 218 202 225 220 203 214 221 205 214 215 222 212 233 194 
138 133 133 145 131 145 163 146 139 148 204 193 169 185 206 215 190 162 172 171 162 161 197 217 219 164 158 199 186 173 196 215 209 192 187 171 162 189 196 166 160 171 165 163 178 171 190 180 173 192 197 182 215 181 190 201 215 200 216 212 217 212 221 185 
135 144 144 154 146 135 154 169 147 138 174 213 176 166 161 162 167 157 175 164 179 187 222 222 222 181 163 223 182 169 225 235 221 211 187 173 156 183 230 204 153 191 191 178 169 161 178 171 175 193 187 190 176 183 202 197 209 195 225 214 208 200 183 191 
176 155 158 149 153 153 151 168 166 176 142 157 154 156 158 153 187 175 169 193 206 195 219 220 219 192 164 222 206 181 230 236 224 204 186 187 154 175 224 212 186 187 179 194 182 179 179 164 168 173 171 173 159 212 207 193 201 199 230 215 190 177 198 184 
180 156 158 152 140 158 163 162 174 171 157 176 164 165 163 185 202 184 173 195 217 185 220 214 216 195 156 215 227 186 227 227 229 203 190 194 162 166 214 197 219 220 186 185 185 202 173 168 166 163 152 132 134 136 139 155 155 180 214 196 174 210 204 188 
191 170 142 153 150 155 166 166 163 153 147 145 169 181 183 209 204 184 161 187 222 182 226 203 207 198 149 202 227 179 214 222 227 205 180 174 152 162 210 185 225 224 207 188 181 207 186 164 200 203 169 155 174 166 158 154 131 127 132 139 168 193 186 202 
156 155 149 143 138 137 158 163 153 149 164 160 182 214 195 212 205 179 184 184 224 180 226 211 192 193 155 190 221 171 203 220 223 213 158 171 154 158 204 178 224 217 193 177 171 202 184 179 195 217 194 157 190 182 170 187 210 194 165 172 155 149 164 173 
155 154 163 162 151 143 137 147 150 158 178 169 183 227 201 213 203 195 215 176 224 183 222 220 185 201 170 180 218 162 200 216 214 212 164 199 166 164 199 181 224 218 166 196 176 195 181 178 195 207 196 187 184 197 187 188 198 181 184 177 185 180 174 169 
165 146 145 158 159 154 141 159 174 177 190 181 171 223 203 209 188 212 220 166 213 183 218 221 186 194 178 169 209 158 207 209 207 196 164 206 159 173 193 191 219 215 171 203 154 188 170 181 217 198 195 193 203 198 173 176 181 169 162 190 198 209 213 197 
156 156 144 158 168 159 145 159 190 191 182 190 174 206 205 191 173 224 220 186 203 187 213 218 177 172 183 170 197 159 212 211 206 178 172 188 163 190 185 196 212 185 146 168 152 176 172 196 225 200 202 191 206 173 158 177 183 159 193 193 187 205 206 195 
183 158 159 158 164 156 155 161 174 197 170 206 208 183 220 186 169 222 222 209 181 191 206 203 182 185 187 181 186 163 203 206 187 178 178 182 175 189 175 181 161 134 163 198 169 192 175 203 220 195 214 182 170 158 176 204 186 165 180 196 198 214 234 231 
160 152 160 149 144 152 161 165 143 188 176 210 232 182 201 186 190 193 209 219 181 189 193 188 197 202 181 181 172 172 205 204 175 198 174 197 180 166 137 133 141 176 205 188 181 195 172 196 188 171 157 138 171 193 188 191 172 186 201 171 184 193 201 223 
156 144 146 142 144 153 153 156 150 172 170 193 239 208 174 168 182 202 196 213 193 185 192 174 158 153 161 187 181 183 207 194 192 172 172 151 134 128 152 192 176 209 201 197 175 181 149 139 113 123 161 191 203 201 194 176 212 197 199 208 159 189 183 184 
155 148 149 157 155 147 144 142 165 174 195 170 186 186 168 166 153 154 176 191 192 169 156 154 166 202 208 198 189 181 174 178 158 141 128 144 167 173 184 192 191 183 171 164 143 126 123 139 185 200 199 202 202 195 172 166 197 185 169 185 167 167 191 164 
192 172 157 157 161 157 147 151 158 157 160 155 154 163 150 149 150 158 164 173 165 155 165 158 169 172 196 193 197 185 181 175 168 169 183 186 190 204 207 180 149 144 145 157 178 181 166 186 197 182 167 156 137 119 109 115 119 126 140 157 167 166 156 165 
199 165 153 149 157 158 151 153 164 159 159 163 175 169 154 165 172 178 207 189 165 165 165 178 175 185 197 209 189 177 191 213 224 212 225 227 207 183 177 187 194 211 222 218 217 225 218 198 191 187 189 174 182 161 131 155 135 134 150 165 190 212 195 206 
170 150 139 135 132 139 141 143 162 165 168 169 165 180 177 194 183 196 188 207 185 191 191 215 192 181 191 191 165 166 185 190 202 191 221 215 189 175 156 175 203 225 223 215 200 186 178 175 179 220 230 199 217 211 188 195 198 221 220 201 226 236 213 210 
180 165 153 143 138 145 143 150 179 176 156 162 184 208 192 203 186 187 221 212 198 206 194 178 185 223 221 191 172 163 205 184 187 201 225 198 200 182 156 209 178 209 221 221 194 190 190 220 202 167 189 195 201 214 188 195 206 227 219 192 218 206 199 194 
170 151 147 141 137 143 161 162 164 166 190 206 192 201 211 191 185 210 234 193 215 191 173 198 232 238 233 193 174 156 196 216 173 193 218 202 204 180 147 204 197 171 218 215 201 195 200 208 230 214 190 176 191 209 194 170 217 234 227 191 213 211 224 208 
174 164 152 139 148 152 162 162 152 208 236 203 195 186 209 213 214 233 228 173 201 182 202 220 237 236 227 186 172 174 188 226 183 181 206 211 208 188 157 187 211 178 194 201 208 198 215 182 227 227 220 203 186 172 214 179 179 231 235 200 209 230 232 225 
192 170 163 153 161 149 145 150 163 206 236 204 194 184 209 233 216 232 207 177 181 205 218 216 238 234 225 181 165 188 175 219 207 170 184 212 205 190 165 172 214 198 184 179 215 198 221 171 209 230 222 221 233 198 182 202 185 188 225 224 202 234 238 234 
169 158 150 153 148 159 155 157 165 175 217 207 182 186 202 228 216 223 182 203 181 208 222 211 230 226 224 178 151 200 169 221 217 167 185 217 206 193 168 173 213 198 210 171 221 199 226 182 191 226 219 215 224 227 210 194 183 199 195 200 197 226 237 232 
179 157 151 152 160 159 156 158 160 166 182 196 174 205 192 228 214 198 180 224 196 206 227 205 221 221 219 172 148 206 169 211 208 162 187 214 199 191 165 173 201 195 217 173 208 203 231 196 183 192 211 214 218 231 210 226 194 202 210 207 190 216 234 238 
179 145 135 138 147 147 158 155 170 168 160 171 180 204 191 216 216 176 193 226 204 190 225 198 216 218 216 186 159 214 183 203 205 180 186 214 205 193 160 177 190 192 203 192 184 195 220 197 176 193 211 207 218 230 208 232 225 192 221 198 205 214 231 234 
203 178 146 160 156 157 160 160 172 177 170 156 174 184 199 196 215 181 199 225 215 194 213 191 215 219 208 187 159 219 192 192 199 203 205 211 210 190 168 205 188 193 201 215 201 185 220 213 178 205 203 196 217 217 216 222 225 209 207 211 207 218 224 227 
188 162 162 162 152 159 151 151 147 147 147 149 173 174 202 198 205 187 202 198 217 212 198 192 215 219 188 192 178 222 193 175 191 207 223 208 209 167 146 210 182 190 192 223 222 180 220 221 179 213 213 201 217 209 227 223 220 215 207 221 212 219 223 220 
162 154 161 149 150 145 143 141 156 175 159 163 175 175 182 188 186 178 179 183 197 222 186 199 218 219 189 201 160 208 196 170 187 204 227 218 194 183 151 212 186 177 188 227 227 200 212 205 178 219 215 214 210 217 222 223 220 225 208 217 216 216 218 216 
195 188 174 163 157 157 157 162 159 173 182 173 171 168 168 164 165 166 163 193 213 203 196 187 188 192 192 187 156 204 197 166 184 205 228 209 171 205 154 210 194 164 197 226 224 207 194 208 185 215 197 218 206 229 215 220 215 224 210 211 222 216 202 201 
212 183 169 169 165 154 161 156 159 167 168 172 181 199 184 165 147 156 153 164 179 179 177 175 162 166 165 194 166 213 202 167 184 207 210 182 203 208 162 210 208 164 208 223 223 203 200 221 190 205 193 203 219 229 227 229 214 224 214 209 215 196 197 185 
194 164 168 174 170 159 161 165 164 167 174 200 208 193 193 201 155 169 159 155 164 162 166 158 173 160 179 188 156 211 200 170 182 190 181 204 213 202 167 212 211 172 217 223 202 199 217 224 199 196 195 203 225 223 227 220 216 227 218 204 195 217 219 216 
167 187 176 167 155 162 172 166 160 159 175 210 181 189 229 183 170 176 189 181 161 179 161 161 185 166 150 188 163 196 188 175 175 171 152 139 183 203 171 206 192 178 206 197 211 225 226 223 202 187 196 221 219 221 224 214 214 215 196 200 227 237 202 169 
198 177 167 161 155 162 166 167 173 161 173 177 190 213 216 147 203 193 204 223 170 189 151 182 209 209 174 155 152 181 173 163 163 149 147 135 154 184 177 179 183 173 187 205 224 220 219 220 206 197 213 219 218 227 225 213 197 184 214 186 175 178 176 172 
189 162 156 140 144 141 151 157 164 174 161 163 204 209 203 152 215 201 185 187 219 216 142 189 214 228 191 194 160 154 160 155 161 175 147 172 169 148 155 160 157 172 155 150 166 163 171 185 201 201 201 214 214 225 210 203 200 212 209 180 180 159 168 164 
179 158 152 158 157 151 163 176 171 169 171 176 199 205 181 169 207 193 169 220 237 190 142 194 204 213 185 202 180 208 180 157 151 214 177 151 162 180 183 184 142 161 162 145 155 171 179 168 169 168 166 179 189 199 190 176 194 191 203 183 178 191 223 214 
172 164 160 164 158 162 173 169 159 172 184 188 181 180 154 177 186 167 185 232 228 172 164 191 197 229 206 160 192 239 189 163 152 206 201 184 163 150 145 157 154 167 147 152 138 135 156 160 182 196 197 175 162 155 154 158 154 144 159 181 185 181 213 214 
183 200 176 170 163 160 172 159 174 185 192 205 178 170 149 191 162 196 192 221 218 170 162 192 211 213 187 168 224 236 195 166 162 194 219 159 194 208 198 156 133 136 141 144 170 182 170 133 131 139 176 193 181 168 165 184 174 160 137 166 193 182 204 228 
216 204 188 168 154 160 156 155 164 166 173 184 174 155 156 192 184 210 199 215 206 179 180 176 216 217 179 201 222 234 192 167 175 183 238 171 188 213 241 198 162 185 217 176 231 214 226 192 171 183 144 156 154 163 174 202 194 215 207 195 182 150 164 187 
198 180 180 155 158 160 153 162 165 185 194 194 192 151 161 182 176 196 209 211 197 180 205 172 219 190 199 227 210 229 194 164 188 175 220 167 164 226 236 212 177 191 229 188 209 201 216 213 200 223 184 209 201 204 193 222 230 203 220 232 221 194 178 172 
226 200 150 145 157 161 160 167 165 169 173 198 179 154 171 186 168 191 199 182 177 169 221 184 192 205 210 233 216 211 199 161 201 170 219 169 160 231 228 203 182 194 219 215 186 219 220 206 172 201 209 205 218 210 198 211 222 194 212 218 209 226 214 210 
219 175 161 156 157 158 175 171 169 177 174 180 167 162 199 220 181 186 184 155 148 153 222 176 182 228 203 230 230 210 206 159 202 172 214 182 191 202 229 200 157 173 207 229 170 220 215 207 167 214 212 187 217 223 215 195 227 206 205 216 203 214 219 215 
193 167 163 173 158 163 169 165 166 182 175 154 166 161 213 226 178 170 156 161 159 167 211 194 202 227 198 230 234 212 201 164 212 173 192 197 221 184 217 203 154 168 203 217 181 206 211 190 195 215 197 180 202 205 203 194 240 211 196 209 202 201 222 219 
168 163 168 171 153 155 151 164 176 195 172 146 159 166 204 195 171 196 155 166 159 174 183 202 200 197 187 196 206 192 185 169 221 176 174 211 232 190 205 205 157 168 202 211 220 186 196 189 195 204 191 207 180 206 217 187 232 214 209 201 212 206 229 217 
169 172 202 172 168 160 158 174 172 168 166 160 162 165 170 167 212 218 168 165 181 175 163 183 191 169 161 164 172 174 209 167 219 183 176 221 228 206 186 188 168 179 201 220 226 173 188 203 196 191 195 193 191 216 221 191 228 216 218 213 203 204 238 232 
177 198 193 171 165 158 179 168 158 163 170 162 169 169 168 198 233 194 182 173 175 177 186 193 158 142 151 159 193 167 182 162 190 168 184 215 208 196 165 204 175 177 202 208 199 193 178 185 194 190 202 212 208 210 224 192 221 218 221 223 205 214 243 239 
184 203 164 169 160 169 169 157 154 171 160 167 177 165 195 211 198 166 169 183 178 225 215 181 191 121 149 157 183 188 176 157 176 169 164 189 200 212 186 209 174 179 186 187 210 196 163 172 182 161 140 154 177 193 212 194 224 224 222 227 218 206 239 234 
202 173 171 183 175 175 160 157 165 161 151 181 181 174 194 165 148 168 181 203 178 231 213 200 223 119 178 165 189 195 192 170 177 158 159 172 205 219 184 181 170 165 169 168 174 182 167 173 174 193 176 140 122 147 171 179 211 224 219 229 220 202 217 223 
179 165 191 182 190 175 161 165 172 163 154 163 186 188 173 153 157 179 177 205 187 192 193 233 213 114 198 182 178 200 204 170 175 152 169 168 186 217 211 187 170 162 195 164 162 187 182 161 164 185 201 218 197 159 139 145 180 205 206 212 209 196 221 229 
196 196 186 194 194 160 159 168 162 153 159 172 197 195 178 167 162 188 179 202 195 169 209 238 199 117 202 199 157 178 199 185 171 155 190 190 155 181 205 184 175 168 220 181 179 149 164 162 193 179 184 223 238 234 220 191 175 171 171 177 189 189 189 206 
225 215 209 217 189 147 152 153 159 155 166 181 185 184 183 171 166 182 183 199 173 189 190 212 188 125 198 192 180 166 166 190 173 163 196 210 161 150 175 182 183 161 226 187 198 208 183 143 148 156 180 206 238 240 235 215 226 217 206 217 225 215 216 213 
217 210 223 212 161 164 168 164 163 151 167 189 176 176 185 163 168 168 176 179 173 179 159 179 171 137 196 211 176 209 157 174 177 170 194 225 174 182 150 174 183 155 218 214 193 221 213 206 201 162 149 149 173 189 197 197 199 209 224 229 236 233 228 235 
184 185 201 185 153 179 168 164 163 154 171 177 177 178 186 176 182 197 171 168 172 169 128 149 157 152 217 228 182 194 195 164 158 179 190 227 182 207 190 144 163 154 214 230 191 234 222 196 224 208 205 194 201 194 184 194 216 234 228 228 235 248 233 243 