


9 10 9 10 10 11 12 12 15 18 23 28 36 70 84 97 123 178 221 193 193 201 204 182 159 138 130 111 75 63 57 63 46 84 45 4 3 7 6 4 5 6 9 13 7 5 5 5 5 5 5 5 5 5 5 5 5 5 5 5 5 5 5 4 
8 9 9 10 11 11 12 12 15 21 28 34 46 77 109 132 136 135 162 175 183 180 187 194 158 138 137 123 88 73 55 55 61 126 68 12 12 27 14 4 4 6 10 12 7 5 5 5 5 5 5 5 7 7 6 5 5 5 5 5 5 5 4 4 
8 9 9 10 11 11 12 13 18 24 33 41 59 136 173 176 193 193 218 163 148 131 136 138 113 79 70 59 48 51 32 40 53 109 55 9 8 17 10 4 5 6 10 13 7 5 5 5 5 5 5 5 6 6 6 7 6 5 5 5 5 5 5 5 
9 10 10 11 12 13 14 17 21 28 37 44 64 106 123 122 142 174 211 172 161 147 137 123 115 82 73 63 45 25 16 12 15 36 23 7 7 11 6 4 4 7 10 13 7 5 5 5 5 5 5 5 5 6 7 7 6 5 5 5 5 5 5 5 
9 10 11 11 12 13 15 17 20 23 25 29 40 54 68 76 89 99 119 136 151 138 114 104 88 61 55 45 35 20 15 13 11 14 8 3 3 4 4 4 4 6 9 10 7 5 5 5 5 5 5 6 6 6 6 7 7 7 7 5 5 5 5 5 
10 10 10 11 12 13 15 15 18 20 21 21 25 33 37 37 43 50 60 90 109 98 87 82 92 102 84 50 37 30 23 20 20 30 25 4 4 5 5 4 4 5 7 6 5 5 5 5 5 5 5 5 5 6 6 6 7 7 6 6 6 5 5 5 
10 9 11 12 12 13 15 17 22 25 26 26 32 45 38 30 28 31 46 63 66 57 58 63 68 77 75 50 36 26 21 16 13 22 15 4 4 5 5 4 4 4 6 4 4 5 5 5 5 5 5 5 5 6 6 5 7 7 5 6 7 5 5 5 
9 10 11 12 13 13 16 19 22 23 24 25 29 32 32 31 31 27 30 40 46 44 39 38 41 43 44 43 37 24 20 18 16 22 14 4 4 4 4 4 4 4 5 5 5 5 5 5 5 5 5 5 6 6 7 7 6 6 5 5 6 5 5 5 
9 10 11 12 12 15 18 21 22 24 26 25 21 18 17 17 21 21 21 27 37 42 38 37 40 38 37 43 33 20 17 16 14 16 9 5 4 4 4 4 4 4 4 5 5 5 5 5 5 5 5 5 6 6 8 8 7 8 7 7 7 6 5 5 
6 6 7 8 8 9 12 13 15 18 23 25 24 21 19 16 17 21 22 22 31 39 41 38 42 42 38 40 33 20 16 16 14 15 8 4 4 4 4 4 4 4 4 4 5 5 5 5 5 5 5 5 6 6 8 8 7 7 8 8 7 6 5 6 
4 3 3 4 3 3 4 4 5 7 10 15 21 23 21 19 20 24 26 22 40 66 61 66 65 105 76 35 34 27 20 16 14 18 9 4 4 4 4 4 4 4 5 4 5 5 5 5 5 5 5 6 7 8 8 8 8 8 8 8 7 5 6 6 
4 4 4 5 5 4 5 6 6 6 6 7 13 14 14 14 14 16 20 18 22 26 25 24 36 72 55 30 32 31 19 12 12 15 8 4 4 4 4 4 4 4 4 5 5 5 5 5 5 5 5 6 5 7 8 8 8 8 8 7 6 5 6 6 
4 5 5 9 7 5 7 8 8 7 5 4 5 4 5 5 5 6 6 7 6 7 8 7 8 8 8 8 8 7 6 6 5 6 5 4 4 4 4 4 4 4 5 4 5 5 5 5 5 5 5 5 6 6 7 7 7 8 7 8 7 6 5 5 
4 4 4 6 6 5 7 8 8 7 6 5 6 7 8 8 8 9 10 11 10 10 12 13 14 14 15 15 12 10 10 10 9 9 6 4 4 4 4 4 4 4 5 4 4 5 5 5 5 5 5 5 6 7 8 8 8 8 7 7 7 6 6 6 
4 4 4 5 5 5 7 8 8 8 8 8 10 12 12 12 10 9 11 11 11 10 12 12 12 13 15 15 12 10 9 10 9 9 6 4 4 4 4 4 4 4 4 4 4 5 5 5 5 5 5 5 7 8 8 7 7 7 6 7 7 5 6 7 
4 5 4 5 5 6 7 8 8 7 7 6 8 9 9 9 9 7 7 7 7 6 7 7 7 7 7 7 7 8 9 9 7 9 9 4 4 4 4 4 4 4 4 5 5 5 5 5 5 5 6 6 7 8 7 6 6 6 7 8 7 5 5 6 
4 5 5 5 5 6 7 10 9 8 7 7 9 11 11 12 12 12 12 12 13 14 14 17 18 19 20 17 27 37 31 35 33 61 57 7 5 7 7 4 4 4 4 5 5 5 5 5 5 5 5 6 7 8 8 6 7 7 6 7 7 5 5 6 
4 4 4 4 5 5 6 8 8 8 8 10 14 17 19 17 23 22 16 18 17 19 19 21 22 24 23 19 29 42 31 36 42 89 64 11 8 13 11 4 4 4 5 4 4 5 5 5 5 5 5 7 7 6 6 6 7 8 6 7 6 5 5 6 
9 8 7 8 8 8 8 8 9 9 10 16 26 21 26 31 61 42 18 19 22 24 23 23 22 23 23 21 27 30 22 27 35 74 50 10 8 12 9 4 4 4 4 4 4 5 5 5 5 5 6 7 6 7 7 8 8 7 6 5 5 5 7 7 
11 10 10 11 11 11 11 11 12 12 14 20 23 24 27 31 62 41 28 27 28 25 25 26 24 23 22 22 25 21 16 15 18 32 25 8 6 7 6 4 4 4 4 5 5 5 5 5 5 5 5 6 7 8 8 8 8 8 7 6 6 5 7 7 
10 11 11 11 11 11 12 11 11 11 12 18 29 59 91 126 157 165 163 165 169 157 158 145 139 141 129 110 86 75 82 88 80 78 60 11 8 8 7 4 4 4 4 5 5 5 5 5 5 5 5 5 6 6 6 7 8 8 8 7 7 5 5 6 
11 11 11 11 11 11 11 12 11 11 11 15 28 40 48 51 74 114 134 147 153 143 143 131 132 128 117 90 68 64 66 64 59 68 58 20 13 12 10 4 4 4 4 4 4 5 5 5 5 5 5 6 6 7 8 8 8 8 8 8 7 5 5 5 
11 11 11 11 11 11 11 12 12 11 11 28 60 63 83 81 118 86 61 53 40 37 41 59 69 80 76 84 95 76 37 18 20 26 20 7 5 6 5 4 4 4 4 4 4 5 5 5 5 5 5 6 7 8 8 8 8 8 8 8 6 5 5 5 
10 10 11 11 11 11 11 12 12 11 11 39 79 130 167 178 216 204 216 173 127 133 132 160 146 149 161 169 177 149 80 39 41 35 20 6 4 4 4 4 4 4 4 4 5 5 5 5 5 5 6 7 8 8 8 8 8 7 7 8 7 5 5 5 
10 10 11 10 11 11 11 12 12 12 12 15 44 127 141 155 190 225 247 226 210 188 189 189 166 152 151 137 138 118 74 36 36 29 18 6 4 4 4 4 4 4 4 4 4 5 5 5 5 5 5 6 7 7 7 7 7 6 6 6 6 5 6 6 
10 10 10 10 10 11 11 11 11 12 11 12 24 41 41 49 73 133 160 148 136 137 145 135 126 98 92 90 86 69 49 26 24 23 16 6 4 4 4 4 4 4 4 4 4 5 5 5 5 5 5 5 5 6 6 6 7 6 5 6 6 5 5 5 
9 10 10 10 10 11 11 11 11 11 11 11 12 13 13 16 27 46 57 60 68 90 108 114 100 80 72 78 62 46 33 24 22 20 14 6 4 4 4 4 4 4 4 4 4 5 5 5 5 5 6 6 6 7 7 7 8 7 6 6 6 5 5 5 
9 10 10 10 10 11 11 10 11 10 10 9 8 7 8 8 11 16 22 23 27 42 62 69 68 72 70 65 52 40 28 22 22 21 15 6 4 4 4 4 3 3 4 4 4 5 5 5 5 5 6 6 7 8 8 8 8 7 6 6 6 5 5 4 
9 9 10 10 10 10 10 10 10 10 9 6 5 5 5 6 7 8 10 13 13 16 22 28 39 43 49 51 48 48 45 44 36 23 17 7 5 4 4 3 3 3 4 4 4 4 5 5 5 4 5 5 6 7 8 8 7 8 7 7 7 6 6 5 
9 9 9 9 10 10 10 10 10 10 9 7 4 4 3 4 5 6 7 9 9 8 11 13 18 22 30 36 38 48 55 57 41 23 22 10 6 4 4 3 3 4 4 4 4 5 5 5 5 5 5 5 5 7 8 7 8 7 5 6 8 44 45 37 
8 9 9 9 9 10 10 9 9 9 7 6 4 4 4 4 4 5 6 8 8 7 9 11 13 14 19 21 25 25 24 25 23 18 16 8 4 4 4 3 3 3 4 4 4 5 5 5 5 5 5 5 6 7 7 6 7 7 5 6 9 75 95 76 
9 9 9 10 10 9 9 9 8 7 5 4 4 4 4 4 4 5 6 8 7 8 8 10 12 12 16 18 19 16 15 16 13 9 8 5 4 4 4 3 3 3 4 4 4 4 5 5 5 5 5 5 7 7 7 7 7 7 5 5 10 81 104 90 
9 9 10 10 9 9 9 9 8 5 4 4 4 5 4 4 4 5 6 7 6 8 9 10 10 12 14 16 16 18 20 17 10 7 5 4 4 3 4 3 4 4 4 4 4 5 5 5 5 6 5 5 5 6 8 6 6 6 5 5 11 82 106 95 
8 9 10 10 10 9 9 8 8 6 4 4 4 4 4 4 4 5 6 6 7 8 9 10 14 19 21 22 27 38 42 25 10 7 7 5 4 3 3 3 3 4 4 4 4 4 5 5 5 5 5 5 6 6 7 7 8 7 5 7 10 70 78 61 
9 9 9 10 9 9 9 9 9 8 6 5 5 4 4 4 4 5 6 8 9 9 8 12 16 24 25 25 35 50 60 33 13 11 11 6 4 3 4 3 3 4 4 4 4 5 5 5 5 5 6 7 6 6 6 7 7 7 7 5 7 39 39 36 
9 9 9 9 9 9 9 9 9 8 8 7 6 5 4 4 4 5 7 8 9 9 10 13 15 19 22 23 32 43 50 38 23 18 16 8 4 4 4 4 4 4 4 4 4 5 5 6 5 5 5 6 7 7 7 8 7 7 7 5 5 6 5 5 
9 9 9 9 9 8 8 9 9 8 8 7 7 6 5 5 5 7 9 9 10 10 12 14 16 18 22 27 31 36 45 44 28 18 13 7 5 4 4 3 3 4 6 6 7 8 11 13 8 5 5 6 7 8 8 8 7 7 5 5 5 5 5 5 
9 9 9 9 8 8 8 8 8 8 8 7 8 9 9 12 13 18 20 12 13 12 15 16 16 19 21 25 27 32 45 43 28 15 9 6 5 4 4 3 4 4 5 7 8 10 13 16 11 5 6 8 7 6 8 8 8 7 7 7 7 5 5 5 
9 9 9 8 8 8 7 7 7 7 7 7 7 9 11 16 18 25 28 27 48 56 67 51 41 57 27 25 28 32 43 43 36 17 7 6 5 4 3 3 4 4 5 6 6 9 12 15 11 5 6 8 8 7 7 7 7 7 7 6 6 5 5 5 
9 9 9 9 8 7 7 7 7 6 7 7 7 8 10 14 17 27 30 55 131 122 135 146 163 173 66 52 62 72 55 47 44 21 7 6 6 5 4 3 4 4 5 6 6 8 11 14 11 6 6 6 8 8 7 7 6 6 7 7 6 6 5 5 
9 9 8 8 8 7 7 6 6 6 5 6 6 8 10 12 14 20 32 46 105 102 118 128 164 187 90 63 76 89 61 47 37 23 10 8 6 4 3 3 4 4 5 5 5 8 10 14 12 6 5 6 7 7 6 8 7 7 7 6 6 5 5 5 
9 9 8 8 7 8 7 6 5 5 5 5 6 9 9 9 11 17 36 38 103 98 116 130 164 184 79 55 67 82 49 49 39 18 6 6 5 4 3 3 4 4 5 5 5 8 10 13 11 6 5 6 8 6 6 7 7 7 6 6 6 5 5 5 
8 8 8 8 7 8 7 7 5 5 5 4 5 5 5 6 6 8 14 43 155 159 180 186 193 200 101 77 101 116 83 90 62 28 11 10 8 5 4 4 5 5 5 5 5 6 9 11 9 5 5 6 7 6 6 7 7 6 6 7 6 5 5 5 
8 8 7 7 7 6 7 7 7 6 5 5 5 5 5 6 6 8 11 44 160 153 171 192 210 221 132 91 108 135 91 97 74 36 14 13 10 6 4 4 4 5 5 5 5 6 8 10 9 5 5 6 6 6 6 6 6 5 6 6 6 5 5 5 
7 7 7 7 7 6 6 6 6 6 5 5 5 5 6 6 5 7 10 42 157 163 176 200 222 224 167 101 105 134 93 87 106 62 13 11 12 8 4 4 4 5 5 5 5 7 9 10 9 5 5 5 5 6 7 6 6 6 5 6 6 6 5 5 
6 7 6 6 6 6 6 6 6 6 5 5 5 5 5 6 6 9 10 21 52 56 50 73 122 165 165 116 97 114 94 78 93 57 17 13 16 11 4 4 4 5 5 5 6 7 9 10 8 5 5 5 5 6 6 5 6 7 6 7 7 7 6 6 
6 6 6 7 5 5 5 5 5 5 5 5 5 5 6 7 10 15 21 30 76 114 144 142 141 149 162 132 122 130 131 146 179 102 18 16 22 14 5 4 5 5 5 5 5 6 8 9 8 5 5 5 6 7 7 5 6 6 6 7 7 6 6 6 
7 7 6 6 6 6 5 5 5 5 4 4 4 4 5 9 13 18 23 60 200 222 230 231 231 236 227 177 151 168 167 193 207 128 40 38 49 27 6 4 5 5 5 5 5 6 8 9 8 5 5 5 6 7 7 6 6 5 6 7 7 6 6 7 
7 7 7 7 7 7 6 6 6 6 5 5 5 6 5 7 12 17 21 65 223 238 243 247 248 245 233 186 173 199 160 180 197 117 34 32 39 22 6 4 5 5 5 5 5 6 8 8 8 6 5 6 7 7 7 7 7 5 6 7 8 7 8 7 
7 7 7 7 7 6 6 6 8 9 9 9 12 13 11 11 13 16 20 63 225 243 245 249 249 249 244 202 191 223 180 190 198 117 39 38 46 23 6 5 5 5 5 5 5 6 8 8 7 5 5 6 7 6 6 7 7 6 5 7 8 7 7 7 
7 7 7 7 7 6 6 9 13 16 19 23 38 44 25 16 13 14 18 45 169 200 207 205 221 247 247 207 180 207 175 177 161 94 38 35 39 22 9 8 9 9 8 8 8 8 8 9 7 5 5 5 5 6 6 6 7 6 6 7 8 7 7 7 
7 7 7 6 6 6 6 9 12 14 17 22 35 43 34 25 15 15 15 25 66 72 85 114 156 181 182 164 124 137 116 101 93 61 30 21 20 13 9 8 8 8 7 7 7 7 8 9 8 5 5 5 5 6 7 8 6 5 6 7 8 6 6 6 
7 7 7 6 6 6 5 6 6 7 9 9 13 17 16 15 13 12 14 16 23 78 117 117 145 158 205 153 115 112 121 137 129 84 37 21 21 14 8 6 5 5 6 5 5 6 8 8 6 5 5 5 5 7 8 8 7 6 6 7 7 7 7 6 
7 7 6 6 6 6 6 6 6 5 6 6 7 7 9 10 10 11 13 16 22 97 145 138 177 192 231 206 173 182 199 207 191 118 65 42 33 19 8 5 5 6 6 5 5 6 8 9 6 5 5 5 5 6 7 7 6 6 6 6 5 5 6 6 
7 7 6 6 7 6 6 6 6 6 6 6 7 6 7 8 10 12 12 15 26 103 171 177 207 211 237 218 198 219 225 207 180 141 94 57 45 23 10 5 5 5 5 5 5 6 8 8 6 5 6 5 5 5 6 5 5 6 7 6 5 6 5 6 
7 7 6 6 7 6 6 6 6 6 6 6 7 7 7 8 10 11 12 21 119 208 236 228 216 241 245 213 156 159 181 154 99 105 75 31 18 15 10 6 5 5 5 5 6 6 7 9 6 5 5 5 5 5 6 5 5 7 8 7 7 7 6 6 
7 6 7 7 6 7 6 6 6 6 6 6 7 7 7 9 10 12 15 30 189 245 246 249 248 250 248 221 174 197 180 182 126 85 52 26 20 13 10 6 5 5 5 5 5 6 7 9 6 5 5 5 5 5 6 5 5 7 8 7 7 6 7 7 
7 6 6 7 7 7 7 6 6 6 7 7 7 7 9 10 10 14 18 31 189 244 243 250 249 250 248 221 176 204 184 193 140 85 50 39 30 13 9 6 5 5 5 5 5 6 8 9 6 5 5 6 5 5 6 6 6 7 6 7 7 6 7 7 
6 7 7 7 7 7 7 7 7 7 7 7 7 8 9 9 10 12 14 26 182 246 243 250 250 250 248 218 183 222 196 189 135 80 54 38 28 12 8 6 4 4 5 5 5 6 8 9 7 5 5 6 6 6 6 5 6 6 6 6 6 5 7 6 
7 7 7 7 7 7 7 7 7 7 7 7 7 8 8 8 10 11 13 22 168 246 241 249 250 250 248 217 172 209 194 187 140 102 53 32 26 13 8 5 5 5 5 5 5 6 8 9 6 5 5 5 6 5 6 5 6 6 6 7 6 6 7 6 
7 7 6 7 7 7 7 7 7 7 7 6 7 8 8 8 10 11 13 20 154 247 242 249 249 250 249 227 181 208 203 199 179 125 55 38 34 25 13 5 5 5 5 5 5 7 8 9 6 5 5 5 5 5 5 5 6 7 7 6 7 5 6 6 
7 7 7 7 7 7 7 7 7 6 6 7 7 7 8 9 10 11 12 18 140 247 240 248 249 250 248 227 175 206 209 178 147 79 46 40 37 17 7 5 5 5 5 5 6 7 8 8 6 5 5 5 5 5 6 6 6 6 6 5 6 6 5 6 
7 7 7 7 7 7 7 7 7 7 6 7 7 7 8 9 10 11 12 16 121 246 236 248 250 250 243 194 135 157 174 92 64 34 19 15 14 8 5 5 5 5 5 5 5 6 8 8 6 5 5 5 5 5 6 6 6 6 5 5 5 5 5 5 
6 6 7 7 7 7 7 7 7 7 6 7 7 7 7 8 10 12 13 15 110 247 237 248 251 249 242 170 110 137 162 36 20 14 10 9 8 5 5 5 5 5 5 5 5 6 8 8 6 5 5 5 5 5 5 6 6 5 5 6 6 5 5 5 


11 10 10 10 10 10 10 11 10 11 12 13 16 46 47 60 100 167 213 180 181 193 199 175 154 134 129 112 78 66 60 65 48 87 45 4 3 7 7 5 4 4 5 6 4 4 4 4 4 4 4 4 4 4 4 4 4 4 4 4 4 4 4 4 
12 11 11 11 11 11 11 11 11 12 14 15 19 44 70 94 98 95 130 121 138 149 162 169 140 125 126 113 83 73 57 57 62 125 68 13 13 28 15 5 5 4 5 6 5 4 4 4 4 4 4 4 3 4 4 4 4 4 4 4 4 4 5 5 
11 12 12 12 11 11 11 11 12 13 15 16 23 117 163 162 185 181 204 106 80 76 92 69 49 30 26 22 30 48 31 41 55 111 55 10 10 19 11 5 4 4 5 5 4 4 4 4 4 4 4 4 4 5 4 3 4 4 4 4 4 4 4 4 
11 11 12 12 12 11 11 11 12 12 15 16 22 70 77 66 94 145 197 131 100 103 108 56 45 28 24 21 18 14 11 10 15 37 25 8 7 12 7 5 5 5 5 5 4 4 4 4 4 4 4 4 4 4 4 3 4 4 4 4 4 4 4 4 
12 12 12 12 12 11 11 11 11 11 11 12 15 18 22 26 33 42 63 68 73 64 49 40 32 22 20 18 17 14 13 12 11 15 9 4 3 4 5 5 5 5 5 5 4 4 4 4 4 4 4 5 5 4 4 3 4 4 4 4 4 4 4 4 
12 12 12 12 12 11 11 11 11 11 11 10 10 13 13 14 15 17 21 32 41 36 30 27 33 38 30 20 18 19 17 16 16 25 19 4 4 5 5 5 5 4 5 4 4 4 4 4 4 4 4 4 4 5 4 4 5 4 4 3 3 4 4 4 
12 13 12 12 12 12 12 11 11 12 11 11 11 15 13 11 10 11 15 20 23 19 19 21 23 27 26 19 17 18 16 15 11 19 13 5 5 5 5 5 5 5 5 5 5 4 4 4 4 4 4 4 4 5 5 4 5 5 4 4 4 4 4 4 
12 13 12 12 12 12 11 11 10 10 10 10 10 11 11 11 11 10 11 14 16 15 15 15 16 17 18 18 19 20 18 16 15 24 16 5 5 5 5 5 5 5 5 4 4 4 4 4 4 4 4 4 5 4 4 4 5 4 4 4 5 4 4 4 
12 12 12 12 12 12 11 10 9 9 10 10 8 7 8 7 8 8 8 11 13 15 15 15 16 17 17 18 18 17 16 15 14 20 10 6 5 5 5 5 5 5 5 4 4 4 4 4 4 4 4 4 5 4 4 4 4 4 4 5 4 3 4 4 
10 9 9 8 8 8 8 8 7 8 8 9 9 8 8 7 7 8 9 9 12 16 19 18 18 19 19 18 18 17 16 16 15 19 10 5 5 5 5 5 5 5 5 4 4 4 4 4 4 4 4 4 4 4 4 4 5 5 4 4 4 3 4 4 
5 4 4 4 4 3 4 5 5 5 6 7 8 8 8 7 8 9 10 9 29 57 51 59 57 100 71 23 21 25 21 16 15 23 12 5 5 5 5 5 5 5 4 5 4 4 4 4 4 4 4 4 4 4 4 4 4 4 4 4 4 4 4 4 
4 5 5 6 5 5 5 6 6 5 5 5 6 7 7 6 7 8 9 8 14 16 13 15 31 71 52 25 24 30 20 13 13 18 10 5 5 5 5 5 5 5 5 4 4 4 4 4 4 4 4 5 4 4 4 4 4 5 4 4 4 4 4 4 
4 6 6 8 6 6 7 7 7 6 5 5 5 5 4 4 6 6 6 6 6 6 7 7 7 8 8 7 7 7 7 7 6 7 5 5 5 5 5 5 5 5 4 4 4 4 4 4 4 4 4 4 5 4 4 4 4 4 3 4 4 4 4 4 
4 5 6 7 6 6 7 6 7 7 6 6 7 7 7 7 7 7 8 8 8 7 8 9 9 9 10 11 12 11 10 10 10 12 7 5 5 5 5 5 5 5 4 5 5 4 4 4 4 4 4 4 4 5 5 5 5 5 4 4 4 3 4 4 
5 5 5 6 6 6 7 7 7 7 7 7 8 8 9 9 8 8 7 8 8 7 8 8 8 9 9 10 10 9 9 9 10 11 7 5 5 5 5 5 5 5 5 5 5 4 4 4 4 4 4 4 3 4 5 4 5 5 4 4 4 4 3 3 
5 6 5 6 6 6 6 7 7 7 7 7 8 8 8 8 8 7 7 7 7 7 7 7 8 8 7 8 8 10 11 11 7 10 10 5 4 4 5 5 5 5 5 4 4 4 4 4 4 4 4 4 4 4 5 4 5 4 4 4 4 4 4 4 
5 6 6 6 6 6 7 7 7 7 6 7 7 8 8 8 9 9 9 9 10 12 11 13 14 16 18 12 23 42 36 44 40 74 68 8 6 8 8 5 5 5 5 4 4 4 4 4 4 4 4 5 5 5 5 5 4 4 4 3 3 4 4 4 
5 5 5 5 6 6 6 7 7 6 7 9 13 15 17 13 20 19 12 11 11 13 13 13 14 17 18 16 27 46 36 44 52 111 81 13 10 16 14 5 5 5 4 5 5 4 4 4 4 4 4 4 5 5 5 5 5 4 3 3 3 4 4 4 
9 9 9 9 8 8 8 8 7 7 7 15 27 21 26 31 67 44 16 15 18 18 15 15 15 16 17 17 25 34 25 31 42 92 64 11 9 14 11 5 5 5 5 5 5 4 4 4 4 4 3 4 5 5 5 5 5 5 4 4 4 4 3 3 
12 12 12 12 12 11 11 11 10 9 9 17 21 22 26 32 69 44 28 28 30 25 23 21 20 19 19 19 22 21 18 17 19 39 30 9 7 8 7 5 5 5 5 4 4 4 4 4 4 4 4 4 4 5 5 5 5 5 4 5 5 4 3 3 
12 12 12 12 12 13 12 11 11 9 9 15 30 64 100 136 168 173 168 170 174 163 163 156 151 150 138 119 91 85 94 101 90 93 70 13 9 9 8 5 5 5 5 4 4 4 4 4 4 4 4 4 4 4 5 5 5 5 4 4 4 4 4 4 
12 12 12 12 12 13 12 12 11 11 10 13 28 43 51 54 81 126 147 157 161 153 152 141 142 138 127 101 75 73 76 74 69 82 67 23 15 14 11 5 5 5 5 5 5 4 4 4 4 4 4 4 5 5 5 5 5 5 4 4 4 4 4 4 
12 12 12 12 12 12 13 12 12 11 11 32 73 77 98 91 130 91 64 54 40 36 39 58 69 80 75 85 98 78 40 20 23 34 25 8 6 7 6 4 5 5 5 5 5 4 4 4 4 4 4 4 4 4 5 5 5 5 4 4 3 4 4 4 
11 12 12 12 12 12 12 12 12 11 12 47 96 150 190 202 232 216 221 179 134 139 137 167 152 155 166 175 183 155 84 43 45 42 24 7 6 5 5 4 4 5 5 5 4 4 4 4 4 4 4 4 4 5 5 4 4 4 5 4 3 4 4 4 
11 11 12 12 12 12 12 12 12 12 12 16 48 138 155 169 202 235 249 235 221 200 200 200 177 160 158 145 146 126 80 41 40 38 22 7 5 5 5 4 4 5 5 5 5 4 4 4 4 4 4 4 5 5 5 4 4 4 5 4 4 4 4 4 
11 11 11 11 12 12 12 12 12 12 12 13 25 44 47 57 84 146 171 164 154 153 159 148 140 107 97 96 90 71 51 28 28 29 18 7 5 5 5 4 4 5 5 5 5 4 4 4 4 4 4 4 4 5 5 5 5 4 4 4 4 4 4 4 
12 11 11 11 11 12 12 12 12 11 11 11 13 14 15 19 33 54 70 72 81 105 122 130 116 91 79 90 68 49 36 27 26 27 18 7 5 5 5 4 4 4 5 5 5 4 4 4 4 4 4 4 4 5 5 5 5 5 4 4 4 4 4 4 
11 11 11 11 11 12 11 11 11 10 10 9 9 8 9 9 13 19 27 28 31 48 70 78 75 75 75 75 56 41 30 23 26 29 20 7 5 5 5 4 3 4 5 5 5 4 4 4 4 4 4 4 4 5 5 5 5 5 4 4 4 4 4 4 
11 11 11 11 11 11 11 11 11 10 9 7 6 6 6 7 8 9 11 14 14 17 24 31 40 41 47 49 43 41 32 27 29 27 21 8 5 5 5 3 3 4 5 5 5 5 4 4 4 5 4 4 5 4 4 5 4 4 4 4 4 5 5 5 
11 11 11 11 11 11 11 11 11 10 9 7 5 5 5 6 6 7 8 10 10 9 12 14 18 20 26 30 29 34 33 31 27 25 24 9 6 5 5 4 3 4 5 5 5 4 4 4 4 4 4 4 4 5 5 5 4 4 4 4 5 43 44 36 
11 11 11 11 11 11 11 11 10 9 8 7 6 5 5 6 5 6 7 9 9 8 10 11 13 15 20 21 23 22 20 21 22 20 17 9 5 5 5 3 3 4 5 5 5 4 4 4 4 4 4 4 4 5 5 4 4 4 4 4 7 74 94 76 
10 11 11 11 11 10 10 10 9 7 6 6 5 5 5 5 5 6 7 9 8 9 8 11 12 12 16 19 19 13 12 15 15 11 9 6 5 5 4 3 3 3 4 5 5 5 4 4 4 4 4 4 4 5 5 4 5 5 4 4 9 80 104 90 
11 11 11 11 10 10 10 9 8 6 5 5 5 6 5 5 5 6 7 8 7 8 9 9 9 11 13 16 15 14 15 15 11 8 6 5 4 3 4 3 4 4 5 5 5 4 4 4 4 4 4 4 4 5 5 4 5 5 4 4 8 81 106 95 
10 11 11 11 11 10 10 10 9 6 5 5 5 5 5 5 5 6 7 7 7 8 8 8 10 13 15 16 20 25 27 20 11 7 7 5 4 3 3 3 3 5 5 5 5 5 4 4 4 4 4 4 5 5 4 4 4 4 4 3 6 68 78 61 
10 11 10 11 10 10 10 10 9 8 7 6 6 5 5 5 5 6 6 7 9 8 7 9 11 14 17 18 24 28 32 23 14 10 9 6 5 4 4 3 4 5 5 5 5 4 4 4 4 4 4 3 4 5 4 4 4 4 3 4 6 38 38 35 
10 10 10 10 10 10 10 10 9 8 8 7 7 6 5 5 5 6 6 6 8 8 8 10 12 15 19 20 27 34 38 32 24 21 17 9 5 5 5 4 4 4 5 5 5 4 5 5 4 4 4 3 4 4 4 4 3 3 3 4 4 5 4 5 
10 10 10 10 10 9 10 9 9 8 8 7 7 6 5 5 5 7 7 6 7 7 8 9 10 14 19 22 26 30 39 43 30 21 15 9 6 5 5 4 4 5 4 5 5 5 6 6 5 4 4 4 3 4 4 4 4 4 4 4 4 4 4 4 
10 10 10 10 9 10 9 8 8 8 8 8 8 8 6 7 6 8 9 7 7 7 8 9 9 13 17 20 23 27 39 41 29 16 9 7 6 4 4 3 4 5 4 4 5 5 6 7 5 4 5 5 5 4 4 4 4 3 3 3 3 4 4 4 
10 10 10 9 9 9 9 8 7 7 7 8 8 7 7 8 8 12 12 10 12 9 12 12 14 24 18 22 27 31 44 45 42 20 7 7 6 4 3 3 5 5 4 4 4 5 6 7 6 4 4 5 5 5 4 4 4 3 3 4 4 4 4 4 
10 10 10 10 9 9 7 7 7 6 7 7 7 7 7 8 8 12 12 16 18 13 19 22 47 63 30 35 41 39 51 48 47 22 8 7 7 5 4 4 5 5 4 5 5 5 6 7 5 4 4 5 5 5 4 4 4 4 3 4 3 3 4 4 
10 10 10 9 8 8 7 6 6 6 5 6 6 8 9 10 10 11 21 16 13 13 20 22 44 54 27 31 39 43 54 45 34 21 11 9 7 5 3 3 5 5 4 4 4 5 6 6 5 4 4 5 4 5 4 4 3 3 4 4 4 4 4 4 
10 10 9 9 8 8 7 6 5 6 5 5 6 10 10 9 11 15 34 16 12 9 15 18 44 59 24 27 36 43 42 47 40 20 7 7 6 5 4 4 5 5 4 4 4 4 5 6 5 4 4 5 4 4 4 3 3 4 4 4 4 4 4 4 
9 9 9 9 9 9 8 7 6 6 5 5 5 5 6 5 5 7 10 10 15 10 17 26 59 95 39 46 71 76 75 90 66 33 11 10 8 6 5 5 4 4 4 4 4 4 5 5 5 4 4 4 4 4 4 3 4 4 4 3 3 4 4 4 
9 8 7 8 9 8 8 7 7 6 6 6 6 6 6 5 5 6 6 8 14 10 17 25 62 103 36 40 55 63 79 96 83 45 15 13 11 7 5 5 5 4 4 4 4 5 5 5 5 4 4 4 4 4 4 4 5 4 4 4 4 4 4 4 
8 8 8 8 8 7 6 6 6 6 6 6 6 6 5 5 5 5 6 9 16 59 89 100 128 138 110 57 45 49 64 77 92 55 13 11 11 8 5 5 5 4 4 4 4 4 5 5 5 4 4 4 4 4 4 4 4 4 4 4 4 4 4 4 
7 8 8 8 7 6 6 6 6 6 5 6 6 6 5 5 5 5 5 7 11 43 40 38 65 97 149 110 68 68 95 75 84 49 13 12 14 10 5 5 5 4 4 4 4 4 5 5 5 4 4 4 4 4 4 4 3 3 4 3 3 3 3 3 
7 7 7 7 6 6 6 6 6 6 5 6 6 6 5 5 6 10 13 16 23 81 125 130 138 112 160 127 114 120 127 138 170 101 18 16 21 14 6 5 4 4 4 4 4 5 6 6 5 4 4 4 5 4 3 4 4 3 3 4 4 3 4 4 
7 6 6 6 6 6 6 6 6 6 5 5 6 6 5 6 7 12 13 19 46 119 143 125 168 212 222 181 144 143 172 195 214 137 38 34 46 28 7 5 4 4 4 4 4 5 6 6 5 4 4 4 4 3 3 4 4 4 4 5 4 4 5 5 
7 7 8 7 7 7 7 7 7 6 5 5 5 5 5 5 6 7 7 17 52 101 137 141 179 211 209 175 140 144 159 183 208 131 36 33 42 24 7 5 4 4 4 4 4 4 5 5 4 4 4 4 3 3 3 3 4 4 5 4 4 3 4 4 
8 8 8 7 7 7 7 6 7 7 6 6 6 6 6 6 6 7 7 16 58 117 158 173 204 232 229 195 170 187 192 197 211 134 45 36 47 26 7 6 5 4 5 4 4 5 5 5 5 4 4 4 3 4 4 4 4 4 4 4 4 3 3 4 
8 8 7 7 7 6 6 7 8 7 8 9 12 13 9 7 7 7 8 13 39 142 187 165 195 235 240 199 149 154 185 185 170 107 44 34 38 21 7 6 6 5 6 6 5 5 5 5 5 4 4 4 4 4 5 4 4 4 4 5 4 4 3 4 
7 7 7 7 6 6 6 6 7 7 8 9 12 13 11 9 7 7 8 10 17 44 64 72 93 112 156 172 113 104 128 110 101 69 31 18 19 12 7 6 6 5 6 6 5 5 5 6 5 4 4 4 4 4 4 4 4 4 5 4 4 4 4 4 
7 7 7 7 7 7 6 6 6 5 5 6 7 8 7 7 7 7 7 9 12 85 136 136 160 155 201 164 127 121 143 161 156 101 44 24 23 16 8 6 4 4 5 5 4 5 5 6 5 4 4 4 4 4 4 4 4 4 4 4 3 3 4 4 
7 7 7 7 7 7 5 5 6 6 5 5 6 6 6 7 7 7 7 8 13 112 178 166 199 207 239 214 179 182 215 221 206 130 75 48 36 21 9 6 5 5 5 4 4 5 5 5 5 4 4 4 4 4 4 4 4 4 4 5 4 4 4 4 
7 7 7 7 7 6 6 6 7 7 6 6 6 5 6 7 7 7 7 8 12 107 189 191 211 209 237 219 184 191 222 216 186 141 95 61 48 25 11 6 5 5 5 4 4 5 6 6 5 4 4 4 4 4 4 4 4 4 3 4 4 4 4 4 
7 7 7 8 7 6 6 6 6 7 7 7 6 6 6 7 7 7 7 8 25 120 184 174 192 232 241 221 162 151 193 173 104 109 84 37 19 15 11 7 5 4 4 4 5 5 5 6 5 4 4 4 4 4 4 4 4 3 4 4 4 4 5 4 
7 7 7 7 7 7 6 7 6 6 7 6 6 6 6 7 7 7 8 10 44 121 194 185 204 237 242 217 150 143 158 188 130 90 58 26 19 13 9 5 4 4 4 4 4 5 5 6 5 4 4 4 4 4 4 4 4 4 5 4 4 5 4 4 
8 8 8 7 7 7 7 6 6 6 7 7 6 6 6 7 7 8 9 10 43 93 148 149 169 226 227 215 144 138 154 196 144 86 50 36 29 13 8 5 4 4 4 4 4 5 5 6 5 4 4 4 4 4 5 4 4 4 4 4 4 5 3 3 
8 8 7 7 7 7 7 7 7 7 7 7 6 7 7 7 7 7 7 8 39 82 130 142 164 224 221 203 139 155 156 187 135 74 48 34 26 10 7 5 5 5 4 4 4 5 6 5 5 4 4 4 4 4 5 4 4 4 5 4 4 4 3 4 
8 8 8 7 7 7 7 7 7 7 7 7 7 7 7 7 6 6 6 6 34 82 137 145 164 220 221 201 123 124 132 176 133 85 47 28 22 10 7 5 4 4 4 4 4 5 5 6 5 4 4 4 5 4 4 4 5 4 4 4 4 4 3 3 
8 8 8 8 7 7 7 7 7 7 7 7 8 7 7 7 6 6 6 6 30 88 163 164 185 230 232 218 143 143 152 185 161 69 32 26 24 11 7 5 4 4 4 4 4 4 5 6 5 4 4 4 4 4 4 4 4 4 3 4 4 4 4 4 
8 8 8 8 8 7 7 7 7 6 6 7 8 7 7 8 7 7 6 5 27 75 129 135 159 216 227 218 160 178 183 185 153 78 46 34 32 12 5 4 4 4 4 4 4 4 5 6 5 4 4 4 4 4 4 5 4 4 4 4 4 5 4 4 
8 8 8 8 8 8 7 7 7 7 7 7 7 7 7 7 7 7 6 5 21 54 63 74 82 159 190 138 83 65 82 99 72 37 21 15 12 7 4 4 4 4 4 4 4 5 5 6 5 4 4 4 4 4 4 5 5 5 4 4 4 4 4 4 
7 8 8 8 9 8 7 7 7 7 7 7 7 6 6 7 7 7 6 6 19 46 36 60 68 134 151 32 13 11 22 19 17 12 8 7 6 5 5 4 4 4 4 4 4 5 5 6 5 4 4 4 4 4 4 4 5 4 4 4 4 4 4 4 


13 11 10 8 6 6 5 6 5 4 3 3 4 33 27 36 88 160 213 173 171 187 199 173 149 129 124 107 74 64 58 63 46 88 46 2 1 6 3 0 0 0 1 2 0 0 0 0 0 0 0 0 0 0 0 0 0 0 0 0 0 0 0 1 
14 13 13 12 9 9 8 8 6 4 3 3 3 21 40 61 68 66 110 81 104 129 146 152 130 117 117 103 75 71 54 55 61 131 71 10 9 24 10 0 0 0 1 1 0 0 0 0 0 0 0 0 0 0 0 0 0 0 0 0 0 0 0 0 
15 14 13 12 10 9 8 8 5 3 2 1 3 101 158 154 181 173 202 66 22 34 61 20 10 8 6 6 21 47 30 41 55 120 61 6 5 15 8 0 0 0 1 2 1 0 0 0 0 0 0 0 0 1 0 0 0 0 0 0 0 0 0 0 
16 15 14 12 8 7 6 6 4 2 2 2 3 54 55 36 67 132 194 105 49 68 93 16 4 3 2 2 4 5 4 5 12 39 26 6 5 8 3 0 0 0 1 2 1 0 0 0 0 0 0 0 0 0 0 0 0 0 0 0 0 0 0 0 
15 15 14 13 9 6 6 5 4 2 2 2 2 2 2 2 3 11 31 20 10 11 10 4 4 2 2 2 3 4 5 6 6 11 5 2 2 1 0 0 0 0 1 1 0 0 0 0 0 0 0 1 1 1 1 0 1 0 0 0 0 0 0 0 
16 15 14 14 11 7 7 5 4 3 2 2 2 2 2 2 2 2 2 2 3 3 2 3 3 3 2 1 3 8 8 9 9 16 12 2 1 1 1 0 0 0 1 0 0 0 0 0 0 0 0 0 0 1 1 1 0 0 0 0 0 0 0 0 
17 15 15 13 11 8 6 4 3 2 2 2 2 2 2 3 2 2 2 2 3 2 2 2 2 2 2 2 4 7 9 9 6 11 8 1 0 1 1 0 0 0 1 0 0 0 0 0 0 0 0 0 0 1 1 0 0 1 0 0 0 0 0 0 
15 15 15 14 12 9 6 3 2 1 1 2 1 1 2 2 2 2 2 2 2 2 1 1 2 2 2 1 4 10 12 11 10 18 11 0 0 0 0 0 0 0 0 0 0 0 0 0 0 0 0 0 1 1 1 1 1 1 0 0 0 0 0 0 
16 15 14 13 10 8 4 2 2 2 1 1 1 1 1 1 1 1 2 2 2 2 2 2 2 2 2 2 4 8 10 10 9 16 6 1 0 0 0 0 0 0 0 0 0 0 0 0 0 0 0 0 1 1 1 1 0 0 0 0 0 0 0 0 
10 9 9 9 6 5 3 1 1 1 1 2 2 1 2 1 1 1 1 2 2 3 6 5 2 4 4 3 5 8 10 10 9 14 5 0 0 0 0 0 0 0 0 0 0 0 0 0 0 0 0 0 1 0 0 1 0 0 0 0 0 0 0 0 
3 3 3 3 2 2 2 1 1 1 1 1 1 1 1 1 0 2 2 2 18 40 35 44 41 86 51 9 7 16 13 11 10 17 6 0 0 0 0 0 0 0 0 0 0 0 0 0 0 0 0 0 1 0 0 0 1 1 1 1 0 0 0 0 
2 1 1 1 1 1 1 1 1 1 0 1 1 2 1 1 1 1 2 2 6 7 2 5 21 58 38 11 12 21 12 7 8 13 5 0 0 0 0 0 0 0 0 0 0 0 0 0 0 0 0 0 0 1 1 1 0 0 0 0 0 0 0 0 
1 1 1 2 1 1 1 2 2 1 0 0 0 1 2 2 1 1 1 2 2 2 1 1 2 3 3 2 2 2 2 1 2 2 1 0 0 0 0 0 0 0 0 0 0 0 0 0 0 0 0 0 1 0 0 0 0 1 0 0 1 0 0 0 
2 1 1 1 1 1 1 1 2 2 1 1 2 1 2 2 2 1 2 2 2 2 2 1 2 3 2 2 5 5 5 4 4 7 2 0 0 0 0 0 0 0 0 0 0 0 0 0 0 0 0 0 0 0 0 0 0 0 0 0 0 0 0 0 
0 0 0 1 1 1 1 2 2 2 2 2 3 2 2 3 2 2 2 2 2 2 2 2 2 2 2 3 4 4 4 4 4 6 2 0 1 0 0 0 0 0 0 0 0 0 0 0 0 0 0 0 1 0 0 0 0 0 0 0 0 0 0 0 
0 1 0 1 1 1 1 2 2 1 1 1 2 2 2 2 2 2 2 2 2 1 2 2 2 2 2 2 2 5 6 7 3 6 6 0 2 1 0 0 0 0 0 0 0 0 0 0 0 0 0 0 0 0 0 1 0 0 0 0 0 0 0 0 
0 1 1 0 1 1 1 2 2 1 1 1 2 3 2 2 2 2 2 2 3 3 3 5 5 6 9 5 14 36 31 38 35 70 63 3 1 3 3 0 0 0 0 0 0 0 0 0 0 0 0 0 0 0 0 1 1 1 0 0 0 0 0 0 
2 1 1 1 1 1 1 2 1 1 2 3 8 8 9 6 13 11 3 3 3 4 2 3 4 5 6 6 18 39 29 38 45 106 77 8 4 10 8 0 0 0 0 0 0 0 0 0 0 0 0 0 0 1 0 0 0 0 0 0 0 0 0 0 
10 9 8 7 6 6 4 4 2 2 2 9 20 14 20 26 61 38 7 6 9 8 5 4 4 4 5 7 15 26 19 25 34 87 59 7 3 8 5 0 0 0 0 0 0 0 0 0 0 0 0 0 1 0 0 0 0 0 0 0 0 0 0 0 
14 14 14 13 13 13 11 9 6 4 4 6 7 8 13 20 51 32 18 18 21 17 14 13 11 10 9 9 12 14 11 11 14 33 25 4 1 3 2 0 0 0 0 0 0 0 0 0 0 0 0 0 1 0 0 0 0 0 1 1 1 0 0 0 
16 16 15 14 14 13 12 11 8 4 4 5 20 57 91 128 159 169 166 168 173 162 161 152 147 147 134 113 81 76 87 94 83 85 64 8 4 4 3 0 0 0 0 0 0 0 0 0 0 0 0 0 0 0 1 0 0 0 0 1 1 0 0 0 
16 16 16 14 13 13 13 12 10 8 5 7 21 36 45 46 73 122 143 155 160 151 150 138 137 132 121 94 67 65 68 67 62 77 62 17 8 7 5 0 0 0 0 0 0 0 0 0 0 0 0 0 1 0 0 0 0 0 0 1 1 0 0 0 
16 16 16 14 14 14 13 12 11 8 6 26 66 65 85 75 120 80 42 35 25 21 16 21 24 29 29 37 48 35 18 12 16 28 19 3 1 1 1 1 0 0 0 0 0 0 0 0 0 0 0 0 0 0 0 0 0 0 0 0 0 0 0 0 
16 15 14 15 14 14 13 12 11 9 7 33 66 83 121 142 199 178 190 133 86 79 63 83 69 68 74 82 94 73 32 13 19 25 15 2 1 0 0 2 1 0 0 0 0 0 0 0 0 0 0 1 0 0 0 0 1 0 0 1 0 0 0 0 
15 15 15 14 14 14 14 13 12 10 9 7 12 48 67 81 121 174 220 176 142 105 100 106 85 69 66 62 70 60 31 12 18 22 13 2 0 0 0 2 1 0 0 0 0 0 0 0 0 0 0 0 0 0 0 1 1 0 1 0 0 0 0 0 
15 15 16 15 15 15 14 13 12 12 9 6 4 6 9 10 18 61 89 83 74 67 65 61 54 31 25 26 28 23 16 12 14 18 11 2 0 0 0 2 1 0 0 0 0 0 0 0 0 0 0 0 0 1 0 0 0 0 0 0 0 0 0 0 
15 14 15 14 14 14 14 14 13 11 10 8 6 3 2 2 4 7 15 18 23 37 51 60 49 26 18 28 20 15 12 12 16 19 13 2 0 0 0 2 1 1 0 0 0 0 0 0 0 0 0 0 0 0 0 0 0 0 1 0 0 0 0 0 
15 15 15 14 13 14 14 14 12 10 8 6 4 2 2 3 2 2 5 5 4 8 16 23 22 21 20 22 19 14 10 11 18 23 15 3 0 0 0 1 1 1 0 0 0 0 0 0 0 0 0 0 0 0 0 0 0 0 0 0 0 0 0 0 
15 16 16 15 14 14 13 12 12 10 7 3 1 1 1 2 1 2 2 3 3 2 3 4 8 8 10 11 11 12 10 7 12 16 13 3 0 0 0 1 1 1 0 0 0 0 0 0 0 0 0 0 1 1 1 0 0 0 0 0 0 1 1 1 
14 15 14 13 14 14 13 11 10 10 8 4 0 0 1 1 1 1 2 2 2 2 2 2 4 3 5 7 6 9 8 6 8 11 12 3 1 0 1 1 1 1 0 0 0 0 0 0 0 0 0 0 0 0 0 0 1 1 0 0 2 41 42 35 
15 15 14 13 13 13 12 10 9 8 5 2 1 0 0 1 0 1 1 2 2 2 2 2 4 3 5 5 6 6 6 5 7 7 7 2 1 0 0 1 1 1 0 0 0 0 0 0 0 0 0 0 0 0 0 0 0 0 0 0 4 72 92 74 
15 15 15 15 14 13 11 10 8 4 1 1 0 0 0 0 0 1 1 3 2 3 2 3 3 3 5 5 5 3 4 5 4 2 3 1 1 1 1 1 1 1 1 0 0 0 0 0 0 0 0 0 0 0 0 0 0 0 0 0 5 78 102 88 
16 15 15 14 14 13 11 9 8 3 0 0 0 1 0 0 0 1 1 2 1 2 1 1 2 3 3 5 5 4 5 4 3 2 1 0 1 1 1 1 2 1 0 0 0 0 0 0 0 0 0 0 0 0 0 0 1 1 0 0 5 79 105 93 
15 15 14 13 13 12 11 10 8 3 0 0 0 0 1 0 0 1 1 1 1 1 1 2 2 3 4 4 6 8 9 6 2 2 2 1 1 1 1 1 1 0 0 0 0 0 0 0 0 0 0 0 1 1 1 1 1 0 0 0 4 66 76 59 
15 15 14 14 13 12 12 12 10 6 3 2 1 0 1 0 0 1 1 2 3 2 2 2 2 3 5 5 8 10 11 7 3 3 3 1 0 1 2 1 0 0 0 0 0 0 0 0 0 0 0 0 0 1 1 1 0 0 0 0 2 35 35 33 
14 14 14 13 12 12 12 12 11 8 6 5 3 1 0 0 0 1 1 1 3 3 3 3 2 4 7 8 13 19 22 18 8 5 5 3 0 1 1 2 1 1 0 0 0 0 0 0 0 0 0 0 0 1 1 0 0 0 0 0 0 1 1 1 
14 14 14 12 11 10 9 9 9 8 7 6 5 2 0 0 0 1 1 1 2 2 2 2 2 4 9 11 13 18 29 31 14 7 6 3 1 0 0 1 1 0 0 1 1 0 1 1 0 0 0 0 0 1 1 1 0 1 0 0 0 0 0 1 
14 14 14 12 11 9 9 8 8 7 6 5 3 3 1 1 1 2 2 2 2 2 2 2 2 4 7 9 12 17 30 33 17 7 3 2 1 1 1 1 1 0 0 0 0 1 1 1 1 0 0 0 0 1 0 0 1 0 0 0 0 0 0 1 
15 14 13 12 11 9 8 8 6 5 5 5 3 3 3 2 1 3 2 2 3 4 5 5 4 11 9 12 16 23 39 40 30 10 2 2 1 1 1 1 1 0 0 0 0 0 2 2 1 0 0 0 0 0 0 0 0 0 0 0 0 0 0 0 
14 14 13 12 11 8 7 7 6 4 5 5 4 2 2 2 2 4 3 5 8 6 9 12 13 21 24 28 33 33 47 42 34 12 3 3 2 2 1 0 0 0 0 1 0 0 2 1 1 0 0 0 0 0 0 0 0 0 0 1 0 0 0 0 
14 13 12 11 10 8 6 5 5 4 3 4 3 3 5 6 6 5 13 8 7 7 10 10 12 20 22 25 33 40 51 38 22 12 6 4 2 1 1 1 0 0 0 0 0 0 2 2 2 0 0 1 0 1 0 1 0 0 1 0 0 0 0 0 
14 13 13 11 10 8 5 4 3 2 3 3 3 5 6 5 7 9 27 10 8 7 9 11 11 17 17 19 26 34 34 32 20 9 3 2 1 0 1 0 0 0 0 0 0 1 1 2 1 0 0 1 1 1 0 0 0 1 0 0 0 0 0 0 
12 12 11 11 9 8 7 6 3 1 3 1 1 1 1 1 1 2 6 5 8 7 8 9 12 26 27 32 58 60 56 60 38 18 5 4 2 1 0 0 0 0 0 0 0 0 1 2 1 0 0 1 1 0 0 1 1 0 0 0 0 0 0 0 
11 10 7 8 8 7 7 6 4 3 2 2 1 1 1 1 1 1 1 3 9 7 8 12 13 23 22 27 43 47 61 62 53 30 8 5 4 2 0 0 0 0 0 0 0 0 0 1 1 0 0 1 1 0 0 0 1 0 0 0 0 0 0 0 
10 10 7 7 6 6 5 4 4 4 3 2 1 1 1 1 1 1 2 3 9 58 89 96 97 80 116 59 39 39 57 66 80 44 6 4 5 2 0 0 0 0 0 0 0 1 1 1 1 0 0 0 0 0 1 1 1 0 0 0 0 0 0 0 
10 8 7 5 4 4 3 3 4 4 3 2 1 1 1 1 1 2 2 2 7 41 39 37 58 91 159 118 72 71 101 78 84 45 8 7 8 4 0 0 0 0 0 0 0 1 1 1 0 0 0 0 0 0 0 0 0 0 0 0 0 0 0 0 
8 7 6 5 3 2 1 1 2 2 2 2 1 1 1 1 1 4 7 8 13 79 130 138 146 114 169 136 118 125 134 141 176 102 15 11 17 10 1 0 0 0 0 0 0 1 1 1 0 0 0 0 0 0 0 0 0 0 0 0 0 0 0 0 
6 5 4 4 4 3 2 2 1 1 1 1 1 1 1 2 2 6 7 8 14 104 131 110 151 184 227 193 155 153 185 200 227 144 37 30 47 26 2 0 0 0 0 0 0 0 1 1 1 0 0 0 0 0 0 0 0 0 0 0 0 0 0 0 
5 5 5 5 5 5 4 4 2 1 2 1 0 0 0 1 1 2 3 5 6 78 124 120 152 158 211 180 144 143 163 189 221 139 37 31 44 23 2 0 0 0 0 0 0 0 0 0 1 0 0 0 0 0 0 0 0 0 0 0 0 0 0 0 
9 6 6 5 5 4 2 2 2 2 2 1 1 2 1 2 2 2 2 5 7 90 146 154 176 186 226 192 141 142 168 197 220 135 38 32 47 25 2 1 0 0 0 0 0 1 0 1 0 0 0 0 0 1 0 0 0 0 0 0 1 0 0 0 
9 7 6 5 5 4 3 3 2 1 2 2 3 4 3 2 2 2 2 5 11 134 189 164 194 223 243 205 135 124 174 182 172 101 31 27 36 18 2 1 2 1 1 1 0 0 0 1 1 0 0 0 0 1 1 0 0 0 0 0 0 1 0 0 
6 6 4 4 3 3 2 2 2 2 2 2 3 3 3 2 2 2 2 4 9 43 66 70 82 93 166 184 121 108 136 115 108 69 25 12 14 8 2 1 1 2 1 1 1 0 0 1 0 0 0 0 0 0 0 1 0 0 1 0 1 0 0 0 
7 6 4 4 3 2 1 1 1 1 1 1 2 2 2 1 1 3 3 3 8 89 149 149 173 165 210 181 139 129 155 175 176 109 43 22 22 13 3 1 0 0 1 0 0 0 1 1 0 0 0 0 0 0 0 1 1 0 1 1 0 0 0 0 
5 5 4 2 2 2 1 1 1 1 1 1 1 2 2 2 2 3 3 4 9 116 194 183 213 220 244 225 193 196 228 232 221 138 79 50 36 19 4 1 1 1 1 0 0 1 1 1 0 0 0 0 0 0 0 0 0 0 0 1 0 0 0 0 
5 5 4 4 4 3 3 4 2 2 3 3 1 1 1 2 2 3 3 3 8 110 199 202 219 221 243 231 201 211 235 226 200 154 102 65 52 23 6 1 1 1 1 0 0 1 1 1 0 0 0 0 0 0 1 0 0 0 0 1 0 0 0 0 
5 5 4 5 5 5 4 4 4 3 2 2 2 1 1 2 2 3 3 3 8 102 185 174 199 217 241 232 178 167 205 182 113 118 87 37 16 12 6 2 0 0 0 0 1 1 1 1 1 0 0 0 0 0 1 0 0 0 1 1 0 1 1 0 
7 5 5 5 5 5 4 3 3 4 2 2 2 2 2 2 2 3 3 4 5 91 195 173 198 219 240 226 160 145 165 197 145 97 59 22 16 10 5 1 0 0 0 0 0 0 0 1 1 0 0 0 0 0 0 0 0 0 0 0 0 1 0 0 
7 7 6 7 7 6 5 4 4 4 2 2 2 1 1 2 2 3 3 4 5 57 138 121 151 174 216 222 150 136 157 206 163 93 50 34 30 10 4 1 0 0 0 0 0 0 0 1 1 0 0 0 0 0 1 0 0 0 0 0 0 1 0 0 
9 8 7 7 7 6 5 5 5 4 4 4 2 2 2 2 2 2 3 3 5 43 115 104 134 161 204 208 129 124 140 193 151 77 44 31 25 7 3 1 0 0 0 0 0 0 1 1 0 0 0 0 0 0 1 0 0 0 0 0 0 0 0 0 
8 7 7 6 6 6 5 5 5 5 5 4 3 3 3 3 3 3 3 3 5 44 132 117 143 166 203 207 122 106 120 175 141 85 41 22 19 7 3 1 0 0 0 0 0 0 0 1 1 0 0 0 1 0 0 0 1 0 0 0 0 1 0 0 
8 8 9 7 6 6 5 5 5 5 5 3 3 2 3 3 3 3 3 3 5 49 161 144 167 192 216 222 143 126 138 188 173 69 28 20 22 9 4 0 0 0 0 0 0 1 1 1 1 0 0 0 0 0 0 0 0 0 0 0 1 0 0 0 
10 9 10 10 8 7 6 6 5 4 4 4 3 3 3 4 3 3 2 3 5 34 119 102 124 160 197 219 133 117 139 183 161 65 23 26 32 9 2 0 0 0 0 0 0 1 1 1 0 0 0 0 0 0 0 1 0 1 0 0 1 1 0 0 
10 10 10 10 8 7 7 7 5 4 3 3 3 3 3 4 3 2 2 2 4 14 35 19 22 67 123 138 83 49 63 100 75 30 12 9 9 3 0 0 0 0 0 0 0 1 1 1 0 0 0 0 0 0 0 1 1 1 0 0 0 0 0 0 
9 9 9 9 9 8 7 6 5 5 2 2 3 2 2 4 3 3 3 2 4 5 3 3 3 19 41 14 11 7 10 16 15 8 4 3 2 1 0 0 0 0 0 0 0 0 0 1 0 0 0 0 0 0 0 1 1 0 0 0 0 0 0 0 