


143 151 204 196 202 173 139 143 180 194 192 191 178 184 197 166 159 195 198 197 180 121 184 160 179 161 182 159 116 174 165 144 184 166 145 161 166 161 121 82 44 42 49 68 86 68 32 41 38 40 49 40 30 35 22 23 25 25 23 21 25 41 71 71 
184 173 180 179 181 175 160 165 176 192 199 214 208 199 196 163 160 192 196 199 191 134 202 175 209 189 201 175 115 152 159 138 170 151 140 136 149 155 119 87 55 52 57 60 82 64 29 37 34 31 33 32 34 44 31 25 22 21 20 19 25 41 73 73 
142 105 117 111 116 122 142 169 179 190 203 215 203 198 200 160 160 174 182 183 176 164 180 182 186 183 178 178 169 164 164 137 167 146 124 136 149 152 114 115 121 117 115 113 107 59 37 60 44 29 25 22 38 71 41 27 21 20 21 19 24 41 74 76 
135 148 179 150 171 139 171 190 178 193 200 202 184 192 201 156 146 175 178 182 167 104 108 108 110 107 113 110 108 121 151 138 175 152 123 123 133 150 121 89 65 70 69 69 89 61 37 54 43 27 18 19 30 37 21 25 22 22 21 20 27 41 76 76 
131 159 203 192 214 158 177 197 178 193 194 181 159 178 198 157 145 191 195 188 177 115 193 178 188 155 163 155 151 176 163 139 171 147 118 130 134 150 122 78 43 49 49 54 93 59 28 35 35 28 30 24 31 35 88 40 25 27 25 22 28 45 79 77 
127 152 195 186 202 163 182 196 180 195 197 166 158 162 184 157 142 204 207 198 180 114 189 175 186 152 152 132 138 179 160 139 167 132 123 133 137 148 121 76 45 47 58 96 119 58 26 43 38 38 61 44 35 50 142 53 24 24 22 20 27 52 84 77 
123 170 212 210 222 189 160 172 173 190 200 198 185 186 193 155 121 214 231 206 176 118 201 174 159 139 168 119 125 176 160 140 166 143 128 124 127 134 120 72 43 44 61 102 114 55 25 32 34 37 48 46 35 49 87 38 25 24 24 26 38 65 85 78 
170 189 198 201 199 188 154 168 168 189 209 217 217 215 208 159 121 160 174 155 179 125 185 161 139 132 150 122 121 140 156 137 164 154 147 132 111 106 110 80 60 63 65 75 106 79 66 76 83 97 106 112 113 128 123 122 122 125 124 131 142 115 78 66 
157 157 167 172 167 180 188 195 170 192 214 219 220 220 210 179 181 177 173 170 189 171 164 169 172 174 174 171 173 170 169 148 175 176 172 152 91 82 102 98 114 122 124 120 125 119 121 126 128 136 146 152 152 143 142 147 143 142 131 129 127 84 55 41 
150 143 140 146 152 168 178 191 170 185 193 194 199 208 202 178 159 149 145 152 157 131 135 138 142 147 144 139 135 135 161 138 167 170 159 108 82 88 105 75 63 75 78 74 73 71 67 64 65 107 99 61 58 51 53 57 57 50 46 45 39 40 50 40 
168 183 181 166 172 177 181 195 174 187 189 157 175 196 194 170 158 156 154 190 172 81 88 97 99 103 107 105 112 156 159 144 180 178 182 137 83 85 95 67 42 42 45 43 71 53 38 36 26 37 43 32 35 39 71 74 98 87 83 73 74 63 48 41 
171 186 184 183 184 172 182 197 175 189 196 165 166 174 191 169 158 196 195 197 182 54 33 36 40 38 43 50 107 180 159 154 184 164 141 116 102 92 97 60 40 39 40 34 79 52 72 58 17 24 34 27 34 39 69 102 137 123 119 118 114 84 57 70 
169 178 173 172 183 178 181 190 169 190 196 170 173 163 177 165 153 195 198 199 176 59 32 22 17 17 25 33 103 183 161 150 175 153 136 126 135 142 113 64 35 37 39 29 76 62 104 44 25 38 46 42 63 94 91 99 132 121 127 131 119 82 57 84 
155 152 160 168 183 176 179 186 167 186 199 161 182 196 192 165 157 196 197 200 176 58 33 22 15 19 30 33 95 174 159 149 168 130 131 122 123 144 116 63 34 37 37 41 81 76 110 23 14 58 68 52 84 63 87 102 138 131 131 136 115 76 54 82 
158 162 176 179 178 172 169 181 172 192 204 163 163 172 189 169 170 187 187 191 178 117 111 108 105 108 111 106 124 145 154 141 162 140 153 150 159 156 121 95 77 81 79 85 102 83 105 38 43 92 93 51 66 60 83 108 139 134 134 132 112 65 54 83 
156 177 182 184 187 190 197 184 170 191 208 198 196 204 195 164 158 172 163 148 146 130 142 144 144 143 140 141 148 160 159 143 169 159 157 164 155 153 126 113 106 104 100 95 106 84 95 43 54 80 90 74 99 48 63 108 138 137 132 129 107 72 55 85 
108 111 114 112 128 188 196 183 171 193 205 190 181 171 188 158 158 195 182 164 147 114 174 147 158 127 152 124 114 180 159 141 180 158 129 141 134 149 121 68 43 34 31 33 82 78 97 29 40 103 122 81 111 55 64 109 157 178 127 130 109 78 59 88 
101 94 85 81 81 148 168 171 167 188 188 162 194 196 191 155 159 198 186 185 162 134 206 184 208 140 134 145 140 184 155 139 172 142 122 130 134 149 125 67 41 31 29 32 84 67 112 32 30 86 101 101 145 77 78 108 156 180 127 127 109 73 59 88 
104 95 84 78 76 93 108 134 149 169 189 183 188 183 185 158 159 194 194 186 154 115 145 134 153 129 140 136 151 184 156 141 170 142 132 126 122 139 128 65 38 30 28 36 93 56 116 67 53 73 88 70 92 65 95 108 142 147 126 123 106 68 66 89 
100 98 94 96 96 125 141 127 133 140 160 195 199 197 182 156 153 189 191 190 156 123 154 149 172 150 172 167 176 152 152 135 163 150 153 133 113 140 129 59 36 30 29 44 93 47 77 83 71 109 91 83 98 84 131 115 136 130 127 125 111 72 79 91 
105 100 98 110 119 133 160 149 147 123 107 137 156 166 156 137 140 155 155 156 148 126 130 136 149 148 153 141 137 127 146 119 125 119 123 127 128 144 116 75 63 61 62 73 104 74 71 81 75 89 88 92 90 85 83 83 86 79 73 67 64 60 88 87 
108 113 112 125 131 126 123 95 132 113 112 147 160 166 147 121 147 151 150 144 131 115 109 141 147 145 144 137 134 129 133 122 128 133 130 123 120 114 95 95 91 91 93 92 103 99 91 79 42 44 60 69 66 55 50 51 52 55 54 55 65 66 93 93 
119 117 129 151 134 104 92 92 131 152 162 164 137 127 128 86 104 127 126 116 110 90 102 115 109 102 97 98 98 110 150 119 104 103 108 98 86 89 72 68 72 75 78 76 87 83 81 82 76 76 83 86 79 70 71 75 98 109 78 75 77 76 93 91 
149 148 150 147 129 104 76 95 130 130 103 106 102 101 118 76 125 172 168 160 116 98 134 130 127 124 121 119 115 131 157 100 103 102 100 94 72 91 73 47 58 49 42 58 70 56 85 100 105 108 115 115 105 103 102 99 116 121 76 76 70 68 88 94 
128 125 129 143 130 117 87 103 149 145 102 99 96 98 140 114 143 203 200 197 131 112 166 178 183 180 183 175 162 168 158 109 113 115 111 104 89 101 81 46 48 43 41 47 68 44 72 116 123 128 135 130 132 130 131 128 136 130 85 80 71 68 86 91 
137 116 106 119 119 115 86 101 150 154 150 147 135 101 144 133 144 196 206 207 140 121 163 175 172 182 183 173 176 175 153 108 119 118 111 103 83 101 82 48 42 40 41 41 65 80 136 142 142 145 149 141 144 145 149 141 142 133 87 75 67 66 84 93 
141 109 123 110 93 98 93 108 139 145 143 130 109 92 139 166 162 196 204 203 157 155 198 184 189 182 168 138 150 170 149 112 130 130 122 115 80 98 96 49 42 38 37 34 70 90 169 184 181 175 170 168 164 165 170 153 145 137 92 72 65 68 85 90 
138 85 103 80 77 81 92 122 133 143 130 117 103 97 145 184 174 205 203 202 172 163 205 198 193 182 182 165 133 164 149 125 134 124 109 110 86 105 118 52 41 35 31 29 85 66 92 110 130 146 140 156 165 165 177 139 141 140 100 76 67 70 89 95 
152 123 129 126 138 142 146 133 139 147 125 116 107 119 167 189 174 199 200 187 167 154 183 186 177 183 190 177 147 158 148 138 135 129 99 93 94 120 122 62 52 46 44 46 96 41 32 61 96 109 111 134 140 142 154 139 145 142 106 87 70 73 92 95 
159 157 158 167 173 176 172 133 136 145 110 122 104 129 178 197 188 182 168 161 171 161 154 143 139 135 133 129 133 148 132 113 103 111 104 112 95 122 109 93 93 85 82 79 77 29 13 43 63 73 95 133 141 142 151 139 149 139 104 100 77 79 96 94 
172 156 162 152 145 153 146 120 141 158 155 143 105 100 155 182 162 156 173 169 153 130 142 142 138 134 130 130 116 138 144 119 105 100 112 125 96 115 88 56 49 45 45 48 62 27 12 22 58 104 85 134 138 133 150 140 152 140 110 109 89 82 93 91 
164 134 132 137 139 113 135 128 142 156 180 147 123 99 157 176 168 177 186 184 157 156 197 202 186 173 177 182 139 163 157 137 98 98 110 109 94 117 96 53 47 40 36 42 72 35 24 31 67 104 88 127 139 133 153 140 155 138 106 109 93 78 92 92 
149 128 143 128 152 111 126 129 123 151 172 144 129 113 166 175 168 187 180 182 157 173 205 205 194 180 181 177 133 168 156 152 106 94 117 127 97 123 119 55 51 43 38 45 88 38 25 27 60 98 82 133 137 137 149 138 154 137 115 114 106 85 90 94 
144 130 134 129 154 121 129 121 139 148 162 160 131 112 167 172 169 188 179 171 156 179 196 190 192 192 186 174 126 170 153 137 137 117 126 121 104 126 134 54 46 37 33 38 85 29 12 12 38 83 80 123 133 128 145 133 151 139 117 113 103 84 95 92 
131 133 133 141 150 113 144 137 140 140 147 147 128 105 163 167 170 185 178 183 152 181 205 203 197 169 171 159 136 166 146 120 138 136 131 112 104 129 132 50 41 37 32 37 85 28 14 14 15 33 54 118 129 130 148 139 150 135 116 112 98 84 93 94 
140 146 130 124 116 117 161 134 140 136 117 124 126 128 163 156 159 177 181 192 146 158 182 184 181 162 182 182 152 161 137 100 113 118 119 111 95 117 110 53 45 42 38 37 77 60 67 66 65 63 59 120 125 127 142 136 148 135 116 101 84 82 93 93 
194 199 189 181 179 184 190 136 137 126 124 132 136 134 135 111 106 120 125 133 127 112 126 130 127 125 124 133 138 165 133 101 117 119 107 100 93 109 107 91 73 63 58 61 82 80 96 81 75 88 89 98 100 99 102 106 132 140 134 117 99 96 88 93 
170 168 172 177 175 174 177 143 139 123 141 140 135 136 132 94 96 100 98 104 101 95 100 93 89 91 87 86 97 145 134 100 116 117 99 101 96 109 98 84 76 72 69 71 79 77 68 54 52 81 69 67 76 74 73 75 91 111 124 131 125 107 91 91 
137 151 158 155 151 144 159 152 141 125 127 142 140 138 154 105 99 99 106 125 101 134 145 139 136 119 131 133 129 153 134 112 119 114 106 114 100 110 97 50 49 45 43 44 61 70 91 89 90 92 91 90 88 85 83 81 87 91 93 109 117 106 91 92 
149 166 169 161 157 162 175 162 157 165 168 164 154 135 170 125 123 146 153 170 116 147 169 173 164 147 159 171 169 172 141 130 132 126 118 106 105 116 92 44 43 40 40 48 70 91 125 120 120 122 126 126 121 120 124 115 111 109 107 104 104 107 93 88 
128 155 152 158 167 159 178 159 157 175 168 131 137 124 164 125 135 153 176 192 126 144 171 176 171 181 183 170 165 174 142 125 123 118 110 93 89 122 99 44 43 41 41 53 75 89 119 119 119 124 128 126 123 122 133 130 125 118 115 112 112 102 92 88 
138 154 149 140 157 163 177 156 154 149 141 122 137 123 155 119 141 153 163 189 125 151 174 169 164 165 162 142 144 171 137 119 110 103 100 89 84 112 89 44 39 31 35 52 73 68 39 39 58 104 115 123 117 113 119 132 132 116 121 118 128 99 89 87 
139 135 150 138 149 151 167 152 154 122 126 154 154 135 161 117 144 157 159 175 118 142 165 150 140 133 116 113 129 169 139 115 114 105 95 85 80 104 91 44 42 34 37 51 74 66 29 24 43 108 132 122 123 110 125 138 132 121 133 126 134 98 88 87 
167 166 166 166 167 166 164 151 166 99 135 159 151 135 165 128 138 148 154 158 123 141 159 147 145 143 133 139 146 165 134 113 108 96 85 86 84 115 115 54 43 31 33 47 77 79 81 81 85 117 126 120 120 110 119 123 126 120 125 126 136 97 88 86 
173 174 168 161 161 150 164 155 165 105 123 149 142 143 132 114 110 108 104 115 109 113 117 120 120 117 123 125 129 152 131 122 77 74 85 86 79 115 120 98 85 74 68 71 66 63 28 26 44 104 127 138 119 107 118 128 136 113 119 123 135 95 87 83 
150 153 160 157 159 150 169 152 148 134 139 157 142 123 105 91 126 125 115 109 85 82 85 87 115 106 98 95 112 154 134 115 80 95 92 85 85 118 106 61 61 54 51 55 61 61 22 18 41 109 134 143 118 105 126 136 142 124 130 129 138 98 89 85 
144 160 167 158 169 172 175 152 138 149 155 153 138 134 150 111 145 153 151 158 98 72 71 68 108 71 74 64 112 167 137 126 90 109 111 94 92 119 104 53 49 45 42 48 69 76 73 75 85 111 118 123 117 116 118 129 134 114 116 120 139 97 88 82 
147 146 167 166 174 172 173 155 139 156 168 151 131 147 163 111 155 170 171 172 115 148 125 93 120 71 62 63 121 174 132 130 104 113 116 94 89 115 95 51 42 38 41 54 75 61 18 21 45 108 130 118 123 111 127 128 129 119 127 126 140 98 86 83 
156 152 161 167 156 172 172 160 147 149 152 151 136 151 166 114 158 182 177 170 121 168 156 156 170 131 85 86 147 192 132 140 127 117 113 98 92 118 92 47 43 38 36 44 69 61 24 22 43 106 120 129 121 117 124 143 132 114 119 122 138 96 89 81 
134 143 141 159 158 166 163 157 142 113 119 137 127 137 158 114 165 179 174 170 121 174 172 183 192 190 170 138 168 197 146 147 124 121 122 109 90 111 80 46 42 47 44 45 70 87 107 105 104 115 121 124 124 122 126 136 130 111 110 114 131 104 91 84 
170 175 175 176 179 179 157 150 141 125 127 132 127 128 117 106 158 167 167 156 126 178 187 198 198 196 196 187 186 194 135 116 104 109 105 94 88 100 65 44 40 40 37 41 59 93 121 119 106 98 118 124 123 121 121 118 117 112 112 113 115 107 90 82 
179 173 166 166 176 188 151 146 141 151 147 134 133 134 112 112 132 151 141 152 126 126 127 142 154 159 163 159 165 171 119 110 99 100 97 89 89 105 84 70 51 42 37 40 56 78 96 85 83 71 97 105 103 105 104 103 107 111 110 109 111 108 92 85 
99 96 124 112 116 151 127 125 139 144 151 155 136 134 107 108 127 129 118 139 120 128 117 108 108 107 104 100 114 150 121 116 104 96 88 80 85 114 92 87 65 55 51 55 64 74 86 56 43 58 68 78 76 76 74 76 94 134 128 104 110 110 95 84 
102 134 145 152 105 138 131 135 147 170 180 179 135 132 118 99 120 121 131 140 99 140 147 140 142 135 133 118 135 178 142 140 116 106 101 86 90 122 82 73 76 79 74 72 60 70 80 79 76 81 82 82 79 75 76 76 79 96 95 84 85 98 92 87 
129 140 134 146 115 119 129 130 144 172 169 173 125 138 102 93 144 164 158 144 97 149 164 156 151 123 124 91 168 198 145 124 91 78 95 80 93 136 98 58 47 47 46 55 70 92 128 133 131 131 127 123 118 112 107 99 100 86 71 71 60 76 90 83 
122 136 144 148 113 122 126 107 125 170 158 162 118 140 83 87 140 161 159 142 89 137 143 136 123 70 59 78 171 186 128 107 73 70 93 79 93 132 92 64 58 45 41 61 78 85 134 143 134 148 158 164 164 163 164 147 120 89 67 70 63 67 88 80 
115 122 138 121 102 136 140 115 113 152 159 158 121 141 85 85 114 126 134 129 70 89 82 72 97 64 64 75 161 179 133 102 78 83 92 82 95 109 76 51 49 48 41 48 64 56 63 76 47 49 69 148 146 151 158 146 132 93 66 75 76 67 88 81 
138 136 140 116 124 150 142 133 137 119 145 146 116 139 87 80 82 69 64 105 71 80 72 75 103 75 68 80 160 176 150 114 91 81 82 87 102 91 69 49 47 42 41 54 60 38 40 33 31 29 44 134 136 136 148 138 132 104 83 78 70 62 86 79 
202 196 196 186 196 176 125 117 127 99 143 138 143 158 157 145 141 135 141 150 139 155 158 157 160 153 147 152 170 155 133 122 93 71 78 88 100 85 77 72 80 79 79 87 63 36 31 27 28 25 39 155 159 154 156 139 131 111 109 99 69 62 86 79 
207 206 198 194 199 167 104 95 114 106 138 130 145 172 161 148 147 137 145 144 140 150 147 146 144 138 133 133 137 139 117 122 117 77 94 86 94 93 69 65 69 69 72 81 68 55 43 28 28 26 40 168 177 174 169 141 128 110 115 100 77 64 83 81 
142 137 133 113 135 142 118 120 121 136 122 117 124 176 135 116 135 131 134 113 95 109 103 117 112 99 102 130 143 144 124 130 118 88 95 83 93 104 71 54 57 64 63 75 81 79 107 82 28 19 32 167 189 181 181 146 131 107 102 91 73 60 82 82 
99 91 96 90 99 116 128 140 131 152 134 110 120 167 113 106 123 134 139 107 104 134 122 124 123 101 91 140 159 142 116 115 97 89 93 79 84 120 79 52 56 66 72 74 80 50 85 94 60 47 62 184 196 193 191 165 152 108 86 80 70 63 79 81 
120 119 125 101 87 99 147 139 146 149 142 111 125 154 98 104 115 123 139 105 108 137 138 136 109 79 75 133 160 144 133 120 97 90 85 75 79 127 93 60 62 60 67 76 87 130 197 197 185 179 184 195 198 202 206 190 160 100 80 75 61 60 80 85 
100 120 120 122 80 99 145 122 119 122 131 122 125 132 94 102 111 118 138 103 112 138 136 143 120 110 90 93 155 144 131 117 120 113 101 89 79 126 127 95 93 104 109 108 96 142 199 196 187 180 172 171 171 176 185 172 139 93 69 68 63 60 82 85 


155 149 190 188 185 162 128 135 181 191 188 191 177 183 199 159 136 149 155 158 151 121 181 173 175 175 185 173 142 120 152 137 178 164 142 157 164 160 116 72 43 48 60 71 89 79 56 68 64 81 100 68 67 64 49 82 97 100 98 94 92 80 90 88 
190 179 185 185 183 181 168 174 177 189 196 216 209 198 198 157 138 153 166 169 168 132 195 176 183 185 202 178 125 112 152 129 161 146 137 129 146 155 114 75 51 53 61 61 86 76 69 86 80 77 74 72 84 93 70 70 92 96 95 92 92 80 91 92 
149 135 155 153 155 156 137 163 180 188 200 217 204 199 201 151 147 167 177 178 172 163 182 184 184 183 181 180 175 162 167 127 155 140 120 131 146 152 111 104 114 111 108 109 105 70 67 108 72 50 30 35 76 121 68 61 93 97 96 93 92 78 91 95 
148 155 191 169 187 161 136 157 178 192 197 202 184 192 202 145 121 153 161 164 156 114 141 147 147 147 152 151 138 107 150 127 164 145 119 119 131 150 115 80 68 74 72 71 88 74 71 102 83 58 38 46 72 85 52 72 93 97 96 92 92 78 94 97 
144 159 207 192 211 171 139 161 178 191 190 180 156 177 199 145 115 154 161 165 165 117 174 171 170 165 175 176 167 122 154 129 160 140 116 125 130 151 116 69 47 54 54 58 92 74 59 65 67 68 78 55 65 62 119 101 97 100 98 94 91 80 95 95 
140 152 196 190 209 184 144 162 180 193 194 163 154 159 184 146 118 182 184 181 175 118 175 177 180 173 168 162 158 126 152 128 158 127 118 126 135 148 115 67 49 53 65 100 120 73 45 65 51 74 113 71 59 78 161 110 95 96 94 90 89 85 100 96 
135 158 198 200 219 192 133 152 172 188 198 198 183 185 195 140 107 214 231 201 164 119 179 185 171 171 182 149 147 131 153 129 155 137 121 119 124 135 112 65 47 51 69 106 116 71 56 61 66 80 96 91 76 79 120 98 90 92 91 90 94 94 102 97 
175 190 200 207 206 196 164 175 169 188 210 218 219 218 212 146 108 152 162 143 165 124 174 177 161 166 170 154 152 122 154 126 154 146 139 125 111 110 104 73 59 64 64 74 106 86 92 101 109 124 131 137 138 143 137 143 140 144 142 147 157 129 95 83 
154 150 159 163 165 174 179 196 170 190 216 222 224 223 213 170 173 168 163 161 184 163 154 162 172 177 174 172 176 168 171 139 169 172 169 153 105 85 100 95 104 112 115 108 118 109 105 107 113 131 145 152 152 144 143 149 145 145 135 135 138 103 75 56 
140 119 107 111 126 132 132 178 169 182 190 193 198 208 204 170 147 139 136 138 152 123 126 134 136 140 137 135 134 131 163 127 157 163 157 118 100 90 104 77 67 87 91 87 89 86 83 80 79 101 96 75 71 63 66 71 71 66 62 61 57 60 73 53 
151 149 144 134 135 144 141 185 174 184 185 155 174 195 196 159 131 130 123 149 156 87 102 121 125 128 132 131 126 117 155 137 173 173 181 143 100 87 96 69 48 53 66 81 96 64 58 58 46 51 57 56 47 53 90 101 106 97 93 85 86 77 68 57 
155 154 146 141 139 141 139 189 174 186 194 163 163 169 192 160 133 152 149 156 164 57 40 53 62 61 63 74 127 132 153 147 179 161 138 113 107 96 91 57 44 47 62 80 104 53 72 56 18 27 40 48 43 48 82 140 141 130 126 126 121 91 70 89 
152 140 136 134 137 141 147 185 169 188 194 169 172 158 178 157 136 152 151 166 167 60 25 19 17 16 14 28 115 131 154 143 170 150 132 122 133 145 103 58 40 42 59 73 101 63 100 40 22 37 46 46 65 84 80 136 137 128 133 138 127 90 72 102 
138 117 121 132 140 143 149 181 167 184 197 159 182 196 194 158 134 155 152 160 162 59 25 17 12 11 9 20 104 124 154 140 160 127 129 121 121 146 107 58 39 43 59 89 110 80 108 23 15 63 63 59 85 64 98 140 142 136 138 144 123 85 70 100 
147 139 145 148 141 145 140 175 172 191 204 162 161 170 192 162 157 168 165 171 171 117 107 105 102 99 97 98 126 133 157 131 155 137 151 149 158 158 114 88 75 78 82 101 112 88 103 38 40 101 90 53 68 63 105 148 144 141 142 139 118 73 70 103 
163 187 192 193 189 186 197 185 171 189 207 199 198 205 198 158 143 156 152 147 145 138 158 159 160 159 156 156 152 149 161 134 160 157 155 161 155 154 120 107 104 103 104 104 111 88 94 45 56 83 96 79 101 53 78 146 135 129 137 137 115 81 71 104 
99 109 116 119 136 190 200 186 170 190 205 192 181 170 191 150 126 151 147 150 143 129 192 171 170 162 175 144 110 126 156 127 168 154 125 136 133 151 111 60 46 41 49 71 101 81 94 28 42 120 136 89 114 62 82 147 140 157 124 138 117 87 76 106 
86 86 80 72 76 152 175 175 166 186 188 160 194 196 194 147 127 148 145 159 156 145 211 200 212 166 142 154 131 132 154 124 161 138 120 125 132 151 113 59 44 37 49 81 109 72 112 32 33 101 116 119 138 83 93 144 139 164 123 136 116 82 77 107 
84 81 73 70 70 92 129 144 149 169 188 180 186 180 188 151 125 146 146 153 149 130 165 167 176 169 164 170 149 134 155 127 160 136 126 121 122 142 116 57 41 36 44 70 109 62 116 62 44 73 84 76 87 65 105 142 129 127 128 133 115 82 84 107 
83 82 77 77 73 108 164 139 134 147 165 196 199 196 184 149 125 143 149 155 146 131 162 170 184 176 180 187 164 121 153 122 153 143 144 128 112 142 116 53 39 36 51 84 111 54 86 83 76 113 87 79 96 83 147 145 140 135 133 131 118 88 97 109 
83 78 77 83 83 111 176 165 157 136 119 147 169 179 169 146 141 151 153 157 156 144 154 160 169 170 172 168 159 141 154 117 123 121 122 125 128 147 110 74 68 65 75 95 117 90 99 103 90 101 98 101 98 93 92 93 91 83 77 73 71 73 106 105 
81 83 82 85 86 95 123 105 141 122 117 150 164 170 152 125 146 148 149 145 141 127 118 141 146 144 144 139 135 138 145 132 140 144 141 135 133 126 108 108 108 106 105 105 118 114 103 89 47 49 62 71 68 56 52 53 55 57 55 57 72 76 110 110 
82 80 88 99 88 68 64 77 126 151 159 161 137 125 127 84 100 118 119 112 111 90 100 107 101 94 91 91 91 109 152 120 105 102 108 100 88 91 73 72 78 81 81 79 90 80 75 73 68 68 72 75 66 58 60 64 94 112 82 76 80 82 108 108 
95 92 96 97 86 73 56 77 122 107 95 100 94 92 115 75 111 143 142 142 107 57 81 79 77 73 75 70 63 93 156 101 102 102 101 94 75 93 73 49 61 59 57 61 67 26 32 37 40 39 38 41 33 31 29 30 82 126 84 81 75 76 105 111 
87 83 87 95 88 79 64 95 140 115 86 84 83 82 133 112 129 165 163 164 113 80 144 154 157 142 163 148 112 102 153 107 113 115 112 103 88 101 82 49 54 53 51 50 66 31 46 56 57 57 60 62 49 52 44 50 88 136 93 85 77 77 103 108 
92 85 80 93 96 72 62 95 142 126 108 99 95 80 138 131 123 164 168 168 119 101 151 157 154 145 164 170 159 113 148 104 107 106 101 92 78 101 83 52 52 49 47 45 63 72 140 130 117 110 116 89 75 85 89 81 94 139 95 81 74 77 102 111 
88 81 89 82 74 68 66 87 130 105 90 81 76 78 134 162 134 166 168 168 135 124 178 166 166 148 158 138 140 108 146 105 100 103 95 94 79 101 97 55 53 46 43 40 68 83 179 195 193 188 179 171 167 169 176 141 103 144 100 78 72 79 103 109 
85 70 84 65 63 62 67 92 123 100 78 77 70 80 137 180 143 163 163 173 151 114 169 176 163 157 173 157 123 105 147 117 103 99 84 91 83 108 119 59 50 42 37 40 85 57 100 119 142 163 157 172 182 182 192 132 99 147 108 82 74 81 106 113 
98 109 128 127 137 139 125 99 135 116 74 78 83 103 160 187 156 168 174 169 152 115 140 135 124 148 153 128 106 107 145 122 99 96 80 82 92 120 122 66 60 53 50 48 91 30 35 69 108 127 130 151 159 163 173 135 105 147 113 93 76 82 107 112 
159 164 166 174 180 182 159 107 131 106 71 81 82 119 174 195 187 182 169 164 172 155 147 137 132 129 127 121 125 144 134 106 80 79 74 90 92 123 111 98 97 88 86 84 73 18 12 47 70 90 113 151 161 161 170 133 106 143 110 104 82 87 111 111 
142 130 124 116 115 124 119 109 132 104 94 90 75 84 147 177 132 141 152 157 143 84 90 89 88 80 85 87 75 109 144 108 77 74 79 95 95 117 91 61 58 50 51 56 59 16 12 22 64 115 97 150 159 153 168 132 109 145 116 114 95 90 107 110 
117 98 85 82 82 79 100 114 132 107 112 93 78 79 150 173 141 150 161 168 140 107 148 151 137 112 129 138 96 105 153 114 73 70 76 86 94 118 98 58 56 50 47 53 69 26 27 32 72 113 96 142 159 154 173 132 111 144 114 115 100 85 108 111 
110 85 82 82 89 74 89 110 115 109 113 91 82 86 157 172 142 162 163 172 140 118 174 177 148 120 125 123 86 109 150 114 79 67 84 101 96 121 118 60 58 53 49 53 83 30 29 29 68 110 91 146 157 159 169 130 109 143 122 120 113 94 107 113 
107 85 80 87 92 83 89 104 130 109 109 102 89 89 158 168 142 166 161 157 138 124 163 162 141 146 135 120 79 110 149 112 96 84 93 98 93 124 134 59 54 46 42 45 80 18 13 13 43 100 94 134 151 149 164 124 109 144 124 119 110 99 112 112 
101 97 86 84 91 90 113 115 129 112 109 107 99 87 155 161 140 164 153 169 133 127 171 170 148 138 147 138 100 111 145 107 101 98 96 91 94 129 132 56 53 50 44 44 79 19 16 16 20 49 69 130 147 147 166 131 113 142 124 119 104 96 110 114 
112 110 98 90 87 99 124 117 128 118 104 105 110 111 158 150 133 154 156 171 128 98 126 138 132 119 152 153 108 120 138 97 108 111 107 102 93 117 111 58 52 52 48 44 73 52 63 59 60 65 58 117 128 132 147 122 113 139 122 107 91 93 111 113 
188 190 184 178 177 181 183 132 128 118 118 117 119 116 127 111 104 113 119 129 125 103 111 112 111 109 110 118 123 159 133 99 117 114 105 100 94 108 109 97 80 71 66 66 83 79 93 72 63 73 76 83 85 84 87 89 119 142 138 121 103 105 106 113 
149 151 155 160 160 159 172 144 132 119 135 127 118 128 125 93 98 100 99 108 100 87 91 84 82 83 82 82 94 147 135 102 117 113 100 95 92 109 101 88 80 76 74 75 80 77 70 61 56 77 69 67 74 74 73 75 92 114 128 136 128 114 109 111 
96 143 146 133 145 136 131 152 131 106 109 119 116 129 151 104 103 101 113 131 85 82 98 100 92 86 92 91 81 123 136 110 121 113 105 98 87 110 99 57 54 55 52 48 57 30 36 37 37 38 39 39 40 39 39 39 49 57 63 83 97 112 109 112 
126 186 183 158 191 185 149 163 138 115 111 110 109 118 167 123 118 126 134 163 95 104 134 159 141 142 152 160 129 128 137 109 105 102 95 87 94 115 94 51 52 51 49 48 60 20 28 28 27 27 26 27 28 28 26 25 24 22 22 23 35 104 110 107 
128 182 181 157 192 183 156 162 133 109 106 93 100 111 162 121 122 130 149 183 103 101 137 165 144 162 178 169 126 131 138 101 92 95 88 81 88 123 101 52 54 51 48 54 65 19 27 29 30 35 38 37 41 45 40 37 32 26 25 26 37 95 108 108 
135 178 173 155 189 176 153 157 130 94 91 96 103 115 154 115 123 126 137 173 100 99 137 137 119 155 149 125 93 129 135 105 88 86 84 80 85 113 91 51 47 45 46 58 65 19 23 25 29 71 111 120 85 97 110 117 55 27 25 30 37 80 104 108 
130 171 163 148 178 153 147 151 134 80 81 96 110 127 160 112 125 129 135 160 94 89 108 99 89 117 94 80 70 131 137 102 88 85 81 79 82 105 93 56 53 49 46 51 65 19 23 23 27 85 145 137 102 110 139 147 66 31 29 31 34 72 102 107 
157 170 165 162 167 159 159 149 147 71 81 99 111 133 163 126 133 137 142 154 108 101 116 112 108 110 108 108 104 145 134 102 79 71 69 78 88 117 117 63 50 42 42 53 68 20 29 29 33 60 84 80 69 72 90 95 82 37 33 33 33 71 102 106 
146 151 145 139 140 132 162 154 147 83 81 101 106 138 132 117 121 117 111 124 107 101 105 108 109 108 115 118 123 154 130 105 58 56 61 81 83 116 122 103 90 80 74 75 57 18 18 21 29 79 113 123 90 96 116 123 115 38 29 32 33 70 102 104 
142 159 145 132 147 132 153 146 129 93 93 100 104 115 104 93 143 133 116 122 61 48 48 52 67 70 62 62 59 136 130 96 54 66 68 80 89 118 107 67 68 62 59 60 53 16 14 16 29 88 126 139 100 108 141 147 126 41 28 29 31 70 103 105 
181 186 166 168 184 159 158 145 120 104 105 99 102 124 148 112 145 138 139 161 73 62 60 59 73 67 76 71 66 140 133 106 56 78 88 88 96 119 106 63 59 54 52 56 62 19 22 25 31 59 79 83 68 80 91 103 105 41 32 32 33 66 101 103 
186 186 158 171 187 155 159 149 114 107 110 99 98 137 161 112 150 161 165 170 84 122 108 88 83 72 71 66 68 146 129 109 75 90 92 85 91 116 98 62 54 47 50 62 66 16 11 16 29 87 137 124 98 104 128 126 74 35 32 31 34 70 99 103 
181 183 152 172 176 155 162 157 127 115 112 104 102 141 162 113 150 172 171 166 88 132 141 138 121 118 90 87 84 162 126 113 100 97 95 87 93 118 94 55 52 50 47 50 61 17 13 16 27 88 132 143 103 120 140 155 72 34 33 31 33 71 104 100 
165 171 141 155 165 143 154 154 128 109 107 105 101 125 153 115 157 163 161 164 85 120 138 151 132 150 151 115 97 169 132 121 114 115 114 100 93 113 83 53 49 55 54 55 62 21 27 30 32 49 64 71 61 71 86 97 53 31 30 31 33 84 107 104 
160 165 160 158 162 161 155 148 130 114 111 110 106 119 115 107 152 153 152 152 86 117 135 154 143 145 151 131 130 182 126 104 107 115 109 97 90 100 70 51 47 53 50 49 51 22 31 33 38 47 32 29 30 31 31 30 29 29 29 29 33 88 107 103 
180 175 167 165 173 184 151 143 133 131 130 120 115 127 112 113 126 137 131 150 121 119 117 130 141 146 149 145 155 172 115 107 105 106 101 92 92 106 88 78 60 54 48 47 56 47 55 43 41 60 46 45 44 45 41 37 41 43 39 37 41 96 108 106 
87 82 86 81 96 118 113 120 123 124 133 135 116 124 107 111 127 129 119 140 110 115 104 94 95 93 92 89 107 153 118 108 106 97 91 82 86 116 97 94 74 64 60 61 68 78 93 65 51 62 69 78 74 74 72 72 92 131 121 98 101 114 111 105 
79 82 84 88 80 106 115 133 114 120 124 124 108 124 117 105 135 145 138 136 68 99 102 92 87 88 92 82 82 167 131 114 93 89 88 79 92 122 87 87 92 89 84 87 64 59 58 59 60 64 69 70 69 68 71 73 81 102 100 91 91 108 109 108 
79 82 83 88 75 82 116 131 113 122 116 116 106 135 105 100 143 166 154 137 79 127 139 127 114 108 117 91 97 178 132 99 71 69 80 77 93 136 102 69 63 58 57 70 70 81 108 112 113 111 105 96 88 81 77 65 74 90 78 78 68 88 110 104 
85 83 90 92 85 100 117 108 101 118 109 110 100 134 87 90 119 134 135 129 71 112 118 109 94 73 64 78 97 167 121 92 56 61 80 78 94 132 95 72 66 56 51 68 73 78 133 149 151 166 175 177 177 176 178 148 83 94 77 81 75 81 108 100 
92 88 90 90 94 117 131 114 92 102 111 111 105 136 89 85 97 106 116 121 64 86 80 72 76 69 71 75 92 163 120 91 66 75 85 84 98 110 79 60 56 53 49 61 61 44 56 70 50 55 76 160 161 167 174 150 90 97 77 86 87 82 109 102 
116 116 121 113 119 133 139 128 101 96 105 103 105 137 93 88 90 85 85 108 59 72 69 67 76 68 65 71 94 163 132 97 76 75 74 87 104 93 74 61 55 50 48 60 55 30 38 31 32 32 47 146 152 152 164 142 89 107 93 88 81 77 106 101 
208 204 205 196 203 163 125 113 94 89 102 97 137 159 160 153 152 145 154 155 128 143 148 146 142 135 127 127 135 151 124 102 72 64 68 88 102 86 81 80 84 83 83 88 55 29 31 28 30 27 43 165 173 168 170 145 87 113 118 108 79 74 106 102 
213 211 206 203 202 138 105 89 85 85 97 92 137 172 161 163 164 151 161 146 119 125 124 122 120 118 117 118 128 142 116 102 86 67 85 86 99 95 73 72 73 71 74 84 58 47 43 29 29 27 42 176 187 185 180 146 84 113 124 109 85 77 104 104 
129 123 118 105 108 106 117 105 89 97 98 94 111 174 138 142 153 142 154 111 69 80 75 78 65 62 66 89 91 142 118 106 89 75 87 86 97 106 75 61 65 70 71 83 70 69 105 80 26 21 34 173 198 193 192 152 84 108 110 100 82 73 104 106 
92 87 88 81 84 94 129 123 97 104 101 93 114 165 114 113 125 136 167 107 88 116 110 100 74 77 83 117 98 140 111 101 84 77 84 81 89 122 82 59 63 75 78 80 70 41 82 88 60 52 69 190 204 203 201 168 96 106 94 89 79 75 101 106 
98 99 103 83 70 91 150 129 114 114 112 96 119 153 102 106 113 131 151 102 95 120 125 118 83 64 66 112 99 143 114 100 85 79 78 76 83 128 96 67 70 75 76 80 80 126 198 200 193 190 195 203 206 209 213 190 99 97 88 83 71 72 100 108 
84 95 100 98 71 98 148 119 112 114 117 108 113 133 101 102 101 121 133 97 97 121 124 123 99 95 81 72 95 143 113 103 105 101 95 87 79 127 131 92 78 98 104 105 90 138 200 199 194 189 185 181 182 187 195 177 89 90 75 75 71 70 101 107 


165 139 185 184 172 147 137 145 185 190 185 196 182 187 208 153 108 88 95 102 114 112 169 181 170 180 185 183 175 118 162 132 175 166 145 159 170 169 117 63 47 61 76 65 91 91 67 88 80 110 144 88 95 93 77 128 149 155 151 145 142 116 121 122 
198 185 195 195 190 191 185 188 182 187 197 225 218 206 206 152 113 101 118 123 137 125 181 177 165 182 197 176 147 114 164 120 153 146 140 128 153 165 115 66 53 58 65 64 92 87 90 121 112 111 104 102 125 137 106 108 144 150 148 143 143 116 123 128 
155 141 177 177 180 186 155 175 186 187 202 225 214 208 210 146 135 159 172 174 174 165 184 189 186 190 188 188 188 173 180 115 143 137 123 131 151 163 112 92 106 103 101 104 108 80 87 152 96 67 37 49 116 176 104 91 144 151 151 146 143 115 124 131 
152 142 193 174 184 175 137 155 183 191 198 210 192 198 211 137 93 117 130 132 146 115 154 168 169 172 174 175 162 119 163 116 152 141 121 121 136 162 113 69 68 74 73 73 95 85 95 147 123 83 57 71 107 133 83 110 145 153 152 147 145 116 129 138 
152 146 208 191 203 182 135 156 182 191 189 185 162 185 208 137 84 104 111 122 150 109 150 159 149 164 174 181 175 116 164 117 149 138 118 125 134 163 116 61 53 62 61 64 99 86 78 88 94 102 125 85 95 90 152 148 153 158 156 149 145 119 131 134 
148 142 195 193 215 208 144 157 183 192 195 167 155 165 192 135 92 150 148 155 174 112 159 175 176 185 178 178 176 121 160 115 147 127 119 123 141 160 113 60 57 64 70 92 122 85 55 87 63 110 169 101 85 113 191 156 149 153 150 144 142 126 135 138 
142 140 189 194 216 202 137 155 176 186 200 206 187 191 203 128 90 209 226 189 151 110 158 188 181 190 192 178 180 129 161 115 146 136 119 120 128 147 110 59 55 63 72 98 119 83 72 84 90 119 142 132 108 100 153 144 141 144 143 141 142 133 137 137 
184 191 204 214 214 206 181 188 171 187 216 228 228 226 222 133 92 135 140 120 149 117 160 185 179 188 184 182 186 128 161 113 146 144 136 125 122 127 101 66 63 65 66 75 110 89 103 115 124 145 156 160 160 156 152 164 160 165 162 168 176 144 128 122 
161 153 167 171 170 179 182 206 172 191 225 232 232 231 222 161 163 155 146 146 182 158 145 152 165 173 165 165 173 168 178 129 165 170 169 164 148 96 94 92 98 102 103 97 114 101 90 89 97 130 151 158 158 151 152 159 153 156 148 154 161 118 116 92 
142 119 107 110 122 124 122 184 170 180 190 199 203 214 213 162 129 122 122 120 151 114 116 126 126 127 125 126 129 132 171 115 149 157 160 147 150 98 96 80 81 109 114 115 119 116 113 109 105 86 91 106 99 88 95 100 101 101 100 101 98 105 123 81 
147 142 138 130 128 134 134 192 177 182 184 159 180 200 205 148 95 88 82 93 133 84 107 137 147 150 152 153 149 116 163 128 167 174 188 163 147 95 89 72 58 66 88 113 121 82 81 81 71 68 79 87 64 76 125 134 126 125 123 117 118 111 111 90 
147 147 141 135 132 134 129 195 177 185 196 167 170 171 201 151 100 93 90 103 142 58 45 68 85 89 89 105 156 129 160 140 176 161 141 116 127 109 87 56 51 53 77 115 125 58 70 56 23 35 50 72 53 62 103 174 157 156 150 149 147 116 106 131 
147 137 132 129 129 130 139 195 171 186 196 176 179 160 186 148 112 97 90 120 157 60 24 20 21 22 20 39 139 123 161 133 164 151 133 122 139 158 97 54 47 50 74 105 123 67 95 40 23 39 49 56 74 88 79 170 152 151 157 162 150 118 111 146 
136 116 118 127 132 132 141 189 167 182 200 166 187 201 202 152 102 100 93 104 142 59 24 17 12 11 11 26 127 116 160 128 153 125 129 122 126 158 101 54 47 51 74 113 130 83 101 24 19 67 66 77 95 73 107 175 156 158 161 168 145 111 110 143 
151 142 145 149 134 140 136 182 173 189 208 169 165 173 202 156 139 143 137 147 165 118 109 107 105 102 100 103 140 138 165 116 147 137 152 152 161 168 109 80 73 74 82 109 122 90 96 37 38 108 94 62 74 68 121 184 158 163 165 163 144 99 112 145 
178 206 211 211 201 195 205 193 171 188 212 207 205 211 208 150 125 134 130 133 144 138 163 167 170 169 166 167 160 153 169 121 149 157 155 159 163 165 117 96 95 95 101 108 121 91 89 43 57 83 93 83 104 65 99 182 149 152 161 161 140 108 113 147 
118 135 144 152 162 201 211 192 169 190 209 200 187 175 202 141 88 92 83 105 129 124 194 176 165 174 179 148 113 115 162 108 154 154 125 135 138 162 104 53 48 47 67 102 124 86 89 29 42 105 135 92 119 74 102 185 150 162 146 164 142 116 117 147 
116 116 112 100 101 169 187 183 164 185 193 164 200 200 204 137 87 86 81 116 149 138 207 202 205 176 146 153 127 122 159 104 145 137 122 126 135 161 104 50 47 46 70 115 128 80 109 34 35 85 114 125 140 88 116 183 149 168 145 162 143 111 122 150 
111 105 102 98 95 114 159 161 148 171 195 188 191 185 199 141 85 84 86 112 142 127 176 186 191 190 181 194 166 125 162 110 149 133 123 121 127 153 104 49 45 46 64 99 127 69 115 59 36 68 79 77 91 66 121 178 143 144 154 160 139 104 125 150 
107 109 103 99 88 126 205 163 138 161 180 203 206 204 194 142 88 85 92 109 135 127 170 186 194 191 188 201 172 124 161 109 147 139 138 127 119 153 103 49 46 46 76 116 131 64 91 84 74 124 89 81 102 85 167 180 154 152 150 151 136 96 129 152 
106 102 99 100 95 128 213 197 177 159 142 163 190 199 191 162 148 150 152 160 171 162 179 180 186 190 192 191 184 165 169 119 130 129 127 130 135 159 112 76 78 75 92 119 139 108 124 127 109 118 114 117 115 110 112 115 106 96 91 90 93 88 139 149 
103 104 99 96 90 108 156 128 154 136 122 146 164 171 158 129 145 142 142 142 155 143 131 134 137 138 143 138 135 147 161 143 153 155 156 155 153 145 127 128 133 130 125 127 141 135 123 108 61 60 66 74 70 62 61 63 64 66 63 67 87 92 145 154 
99 97 100 102 92 76 76 79 117 150 150 157 138 126 128 86 97 110 109 107 112 96 105 104 97 92 89 88 88 111 155 122 112 106 112 109 102 99 77 81 90 90 84 88 100 84 78 77 74 72 73 75 68 62 67 71 104 121 96 89 93 99 145 149 
102 97 100 100 92 79 65 73 110 103 98 103 99 96 118 78 97 109 105 90 80 54 83 87 88 83 86 79 72 100 160 104 110 110 111 104 89 101 78 52 67 57 50 72 79 31 39 45 48 43 42 43 40 40 36 37 95 142 107 101 95 100 144 154 
88 83 88 94 90 79 65 94 129 108 89 89 88 89 133 112 103 127 122 121 96 65 123 142 152 133 149 132 99 99 155 111 126 127 124 114 99 108 87 54 60 57 55 67 79 37 55 64 68 69 75 67 62 66 59 68 101 154 118 105 99 104 143 151 
92 86 80 91 98 68 64 96 133 127 108 95 95 86 140 131 91 120 133 136 105 77 120 142 143 133 147 153 153 112 150 108 117 115 112 103 92 109 89 59 57 59 59 58 76 77 147 142 131 126 138 95 89 99 106 94 108 160 119 100 96 102 141 154 
90 88 88 80 77 66 69 83 118 101 89 79 79 86 134 156 102 122 134 138 120 99 153 157 161 138 139 118 132 109 147 106 99 104 99 100 90 110 102 63 61 60 56 46 78 88 188 209 208 203 200 186 184 186 194 154 117 165 124 99 95 106 144 152 
84 83 92 69 67 64 69 88 111 97 76 75 73 87 135 173 111 127 130 152 140 74 130 154 140 145 154 131 105 105 148 115 101 105 91 99 93 116 120 66 65 56 44 40 92 61 108 137 161 185 185 192 201 200 209 143 113 168 134 104 99 107 145 156 
96 121 145 139 149 150 131 93 126 116 67 75 85 109 156 181 128 138 158 147 139 82 102 99 91 131 120 84 79 110 146 119 96 99 86 90 102 126 122 71 69 68 65 53 98 31 37 84 128 155 163 176 184 188 198 151 114 163 135 111 98 109 145 154 
174 181 183 191 196 198 169 101 123 101 67 79 86 125 168 190 184 182 174 168 173 158 153 144 139 136 132 126 131 153 134 107 80 79 73 91 101 129 115 108 107 100 100 97 84 22 17 60 85 116 148 177 184 185 193 147 114 161 135 123 102 115 149 153 
145 131 122 118 117 125 118 102 124 96 85 87 78 89 142 171 96 106 130 128 131 69 80 87 89 74 84 84 76 117 143 107 76 77 77 93 103 124 94 66 60 55 56 62 70 20 17 27 77 134 124 172 183 178 191 146 120 166 143 137 116 118 147 152 
114 96 83 77 79 79 96 102 124 100 99 90 75 81 143 167 112 116 127 154 133 63 103 118 111 66 78 93 75 108 150 107 74 74 73 88 104 125 101 62 62 56 54 62 78 28 30 33 84 127 117 161 183 181 197 147 120 162 140 138 122 114 149 153 
108 83 79 85 84 76 87 99 109 106 106 86 78 86 151 166 116 138 125 159 134 77 138 147 119 80 69 69 64 112 147 99 78 67 76 102 102 126 118 65 69 62 58 65 91 32 32 32 81 131 115 167 184 187 196 147 117 160 146 142 135 119 148 155 
105 83 78 88 87 81 87 94 120 108 105 95 87 89 152 160 115 155 131 143 130 87 122 119 105 118 81 66 65 114 144 103 90 82 88 102 99 130 133 64 65 56 50 52 87 21 17 17 59 128 127 158 180 178 191 141 119 161 148 140 130 119 152 154 
102 97 84 81 85 91 109 101 117 112 108 103 100 88 150 152 108 151 130 153 125 90 140 139 122 128 137 121 91 115 141 106 97 95 96 98 100 133 132 61 57 58 54 53 87 23 23 23 32 80 101 154 177 178 194 150 127 163 150 140 126 125 151 155 
114 109 98 91 90 103 117 105 118 119 111 106 111 111 151 144 102 121 132 158 123 71 95 118 122 113 142 145 105 125 134 99 112 114 110 109 102 123 114 65 55 64 66 62 84 59 75 73 77 93 83 138 154 159 172 139 125 158 146 128 115 123 152 157 
196 197 192 186 185 189 190 126 123 125 128 120 118 115 116 115 109 111 116 129 129 105 106 105 106 103 105 114 117 160 128 102 124 121 115 111 105 113 115 111 97 89 86 86 96 95 116 85 74 84 89 94 95 95 97 99 132 155 154 134 118 127 149 157 
155 162 170 175 174 173 184 140 128 130 144 129 117 128 115 95 100 99 98 112 104 91 95 89 88 87 87 89 100 152 132 108 126 121 110 102 101 115 107 99 92 88 86 87 90 86 86 75 69 88 81 77 81 81 80 82 101 127 142 148 141 135 152 155 
103 169 169 160 173 161 142 143 124 112 113 119 114 130 143 102 101 88 91 122 83 59 82 95 95 82 90 94 87 131 132 113 132 125 116 104 95 114 103 61 55 60 60 53 65 34 44 47 46 46 46 46 48 47 46 46 59 66 74 97 109 135 151 157 
135 214 211 181 213 211 161 153 129 110 104 103 104 118 161 112 107 115 111 155 90 67 99 136 126 124 133 149 128 134 131 105 106 105 99 94 99 120 99 56 56 61 58 48 67 24 37 39 37 39 33 32 36 33 29 34 34 33 32 32 47 130 152 155 
135 197 193 175 214 205 168 154 123 97 97 88 100 113 156 110 101 107 130 172 95 67 108 146 129 154 167 161 124 137 132 97 93 101 95 90 96 126 105 59 57 56 54 54 72 23 34 39 40 46 51 51 50 44 41 44 39 36 36 38 54 121 150 155 
154 197 190 172 216 198 166 146 123 91 87 92 105 117 148 105 99 104 121 161 92 68 107 117 104 130 127 108 87 134 128 104 94 94 93 91 95 118 95 58 54 45 52 67 74 21 27 28 32 79 129 142 102 113 129 134 59 38 35 37 42 97 144 154 
155 193 184 172 216 190 159 135 130 77 78 83 109 130 153 102 109 113 116 141 87 64 81 72 70 85 70 56 61 136 131 104 92 92 89 90 94 110 95 60 67 56 49 50 72 22 26 27 31 92 163 160 121 130 165 170 76 47 38 35 32 83 142 151 
173 187 184 184 192 184 170 134 143 69 70 86 110 138 155 120 127 129 127 134 109 99 113 108 106 102 100 101 105 152 128 105 83 78 75 88 101 119 117 70 57 45 50 67 77 23 33 37 40 67 96 93 80 83 106 111 95 55 54 41 30 80 142 150 
153 161 156 149 152 143 169 139 142 82 74 92 107 138 124 117 129 125 120 132 111 108 113 116 116 115 123 126 132 159 123 104 62 59 60 90 97 119 126 113 103 91 87 91 68 21 24 29 40 91 129 129 102 112 136 141 127 49 43 37 31 79 142 146 
165 184 170 137 161 142 157 126 123 90 90 91 105 115 99 93 151 136 121 125 62 47 48 52 65 67 65 65 62 139 122 96 52 63 66 91 100 119 108 75 74 65 66 71 62 20 18 24 40 99 142 142 113 126 165 171 140 40 24 27 26 78 141 144 
189 205 190 167 193 166 160 123 116 102 102 92 103 121 136 101 136 123 129 158 69 57 59 59 71 71 85 79 71 142 125 104 51 75 89 96 105 121 109 72 64 57 61 73 70 22 29 34 41 72 97 94 82 93 108 120 117 49 42 36 29 75 139 138 
195 201 175 183 193 161 158 129 111 105 106 96 100 134 152 103 147 151 153 170 80 112 99 78 76 77 80 73 70 148 126 105 74 92 96 96 101 118 101 74 62 53 60 76 74 19 15 22 35 102 160 148 113 123 151 148 92 55 45 40 30 81 141 145 
200 212 167 186 182 171 160 139 126 115 110 102 103 139 152 105 143 163 161 161 84 122 119 112 103 118 96 92 84 158 122 110 99 101 102 95 102 120 96 63 66 59 56 55 69 20 17 21 34 103 158 171 120 143 169 179 84 55 55 41 28 85 145 143 
188 203 156 162 176 164 150 136 128 118 112 103 101 122 141 107 143 151 156 162 78 103 114 135 117 136 143 113 94 164 123 118 116 120 119 104 103 114 88 60 54 67 64 62 71 25 37 43 46 65 86 92 79 87 106 115 63 47 45 44 34 99 148 146 
176 181 171 166 173 173 152 131 131 121 112 110 107 113 107 103 136 132 144 157 85 110 125 148 131 130 145 121 122 176 117 106 118 127 121 107 101 102 74 58 50 64 67 64 62 26 46 54 58 82 57 51 50 47 46 45 45 48 43 45 47 109 149 145 
184 178 170 167 174 186 147 128 135 129 129 122 115 118 108 114 117 122 120 149 120 117 112 123 131 136 139 133 144 167 107 108 114 117 113 106 103 107 95 90 74 74 71 68 70 62 77 61 61 99 69 64 63 64 61 57 59 64 61 54 49 119 150 148 
96 89 87 84 95 112 104 108 122 123 133 136 115 113 103 109 122 120 115 139 104 110 104 94 93 92 92 90 106 155 112 110 115 108 105 97 96 116 104 106 89 84 79 80 83 97 118 81 64 77 82 90 86 87 85 86 108 149 138 117 117 137 151 149 
87 81 80 84 84 102 103 126 112 115 114 115 105 116 114 109 134 137 136 138 67 93 96 89 82 86 101 83 83 163 120 111 96 95 96 89 102 121 87 81 82 93 86 83 71 65 64 63 64 68 72 75 74 74 76 78 93 113 108 104 107 127 148 152 
78 81 84 88 79 85 106 128 111 118 111 108 106 128 103 97 136 158 143 134 80 117 123 112 104 108 124 96 96 169 118 98 77 79 89 90 100 133 102 68 58 62 58 65 76 85 116 122 128 126 119 108 101 95 90 75 86 103 93 94 88 111 149 147 
87 84 89 91 86 100 108 110 106 112 107 106 102 127 90 89 114 128 126 128 73 105 106 102 93 88 85 94 99 159 111 94 62 66 85 94 103 132 97 78 72 51 54 79 81 73 123 149 167 184 190 189 191 190 193 158 94 108 99 104 99 109 149 142 
91 88 89 93 100 118 122 116 100 96 107 107 104 129 92 85 103 108 120 125 66 87 85 82 82 84 88 83 95 155 107 94 67 80 92 98 107 112 82 64 56 52 48 57 67 38 43 55 56 65 87 175 178 184 190 161 100 109 99 109 112 108 149 145 
119 118 123 121 129 133 132 129 102 100 107 102 108 130 98 94 109 102 94 114 64 84 84 80 80 76 78 74 96 156 119 97 80 85 81 98 109 96 76 70 68 61 54 63 63 29 35 32 36 38 58 163 172 173 183 155 99 118 114 111 107 104 146 141 
223 217 217 207 214 165 119 116 100 99 101 96 140 152 159 159 167 157 164 162 140 158 162 155 150 145 138 133 142 148 116 101 74 71 71 97 109 90 87 90 94 91 89 94 62 27 31 30 32 31 51 176 185 182 186 157 98 124 138 127 102 101 146 141 
223 220 214 213 208 141 104 97 90 89 94 94 137 165 151 171 182 168 179 151 124 132 132 130 128 127 124 123 136 140 112 100 86 72 88 96 108 98 79 78 76 70 71 81 61 42 40 30 30 32 48 182 193 192 190 158 96 125 143 127 105 101 143 146 
134 126 120 114 107 106 112 104 87 92 101 101 111 166 133 165 182 164 175 120 79 87 84 88 72 72 77 87 96 140 113 104 91 81 93 99 106 109 79 67 70 71 69 77 72 59 88 68 30 31 43 180 203 196 198 161 93 116 126 117 101 98 145 149 
102 99 101 96 93 99 122 120 97 99 104 105 115 157 111 117 125 129 170 114 91 111 106 97 76 83 92 113 102 140 108 102 94 87 92 96 100 124 85 64 65 81 83 84 73 38 71 77 64 66 83 195 207 204 203 172 100 112 112 108 100 98 142 150 
102 104 110 94 81 97 144 132 117 115 116 109 120 148 104 109 110 120 152 109 99 115 117 112 90 74 74 114 104 145 108 103 96 93 92 92 93 128 98 77 79 84 80 79 85 122 191 198 199 203 208 211 212 214 218 192 103 105 107 104 93 98 140 151 
95 101 110 102 87 103 143 127 122 125 123 113 116 133 109 111 103 117 136 105 103 120 121 119 103 99 91 85 103 146 108 105 108 106 103 97 89 129 141 94 69 103 108 106 94 134 199 202 204 204 203 199 201 203 209 188 99 102 94 96 94 96 139 149 