


8 15 20 21 22 23 22 22 25 26 28 29 31 31 33 36 37 38 39 41 45 47 49 51 53 55 59 65 69 75 81 87 92 94 98 99 100 99 98 95 92 87 85 82 79 77 77 77 79 83 103 144 175 209 227 222 58 0 0 0 0 0 0 0 
14 15 19 21 22 23 24 24 25 27 28 30 31 33 33 35 38 39 40 42 45 48 51 53 54 56 60 65 68 71 77 83 88 90 92 94 95 95 96 97 95 89 87 85 82 81 81 83 84 86 99 145 182 208 221 231 88 1 0 0 0 0 0 0 
19 18 20 22 23 24 26 27 27 28 29 30 32 34 37 38 39 41 44 44 46 49 53 55 56 59 62 65 67 70 74 79 83 86 88 89 89 92 94 97 96 95 91 88 84 85 85 86 87 89 96 120 167 195 201 226 97 1 0 0 0 0 0 0 
19 21 22 23 24 26 27 28 28 30 31 34 35 36 39 41 42 44 46 47 49 52 54 56 58 61 64 66 67 70 73 76 79 82 85 86 88 93 98 99 101 104 96 90 86 86 88 89 90 93 102 118 147 171 193 210 83 1 0 0 0 0 0 0 
16 20 23 24 25 28 29 29 30 32 35 37 38 39 41 43 45 48 50 52 54 54 55 58 59 61 64 66 67 69 72 75 77 81 83 85 87 93 102 105 107 107 96 90 89 89 91 92 93 96 106 129 153 164 188 206 84 1 0 0 0 0 0 0 
16 19 23 26 26 28 30 32 33 36 38 39 41 43 44 46 49 51 53 54 56 57 58 60 62 64 66 68 69 72 74 76 78 81 84 85 87 94 105 113 112 106 96 91 90 92 93 95 98 103 114 135 158 175 190 200 96 1 0 0 0 0 0 0 
20 23 26 28 28 30 32 34 35 37 40 42 43 45 47 48 51 52 54 56 58 59 61 62 64 67 68 70 73 74 77 77 78 81 83 85 90 97 111 123 115 105 97 95 93 95 96 98 101 108 122 141 163 183 188 174 68 1 0 0 0 0 0 0 
22 25 26 26 27 30 33 35 37 40 41 43 44 45 48 50 52 53 56 58 59 61 63 63 65 68 70 72 75 76 77 77 79 80 83 86 93 104 118 126 111 97 99 101 98 99 100 103 104 109 124 145 166 176 181 166 48 1 0 0 0 0 0 0 
19 24 26 27 31 33 34 35 37 41 43 45 45 47 49 51 53 56 58 60 61 63 66 65 67 70 73 75 77 79 79 79 80 82 85 90 101 114 124 118 95 96 102 106 103 101 102 106 105 107 121 142 168 175 182 177 41 0 0 0 0 0 0 0 
16 20 24 28 33 34 35 37 39 41 43 46 47 49 51 53 56 58 60 61 63 66 69 69 70 72 76 78 81 82 82 81 82 85 91 99 110 118 127 124 93 86 97 109 106 102 105 109 108 106 114 136 163 174 189 203 72 1 0 0 0 0 0 0 
19 22 24 27 31 33 36 37 38 41 45 47 49 51 52 55 58 60 61 63 65 67 70 71 73 76 78 81 83 84 83 83 86 91 98 108 116 122 130 133 108 87 104 113 110 107 108 113 112 107 107 124 156 179 209 198 80 3 0 0 0 0 0 0 
26 28 28 30 34 34 36 36 37 38 43 47 51 53 55 57 60 62 63 66 68 70 71 73 76 80 82 82 86 86 85 86 91 98 106 116 121 123 130 136 131 117 120 119 115 114 115 118 115 110 108 125 156 194 225 223 134 6 0 0 0 0 0 0 
29 32 31 32 36 35 35 38 39 38 43 48 51 54 56 59 61 63 66 68 70 72 74 77 80 84 86 86 87 87 87 91 97 104 112 120 123 124 125 129 133 133 128 124 120 121 123 123 116 112 108 123 159 202 225 228 97 3 0 0 0 0 0 0 
31 33 35 34 37 37 38 41 40 37 40 47 52 55 57 59 62 64 67 70 73 75 78 81 85 87 88 88 88 89 91 97 103 108 115 121 123 122 122 126 133 135 130 128 125 126 129 126 118 113 107 115 157 212 239 248 169 11 0 0 0 0 0 0 
32 33 35 36 37 38 40 43 42 41 43 49 53 56 59 60 62 65 68 72 75 78 82 85 87 89 90 91 91 92 96 103 109 112 117 121 123 122 124 132 138 143 139 138 132 130 131 127 120 115 108 107 135 199 241 244 110 3 0 0 0 0 0 0 
33 35 36 37 38 39 41 44 46 46 47 51 54 56 60 62 64 67 70 73 76 79 84 88 89 90 91 92 94 97 102 109 113 117 119 121 121 119 125 138 149 154 150 142 137 134 132 128 120 118 112 107 123 181 231 233 136 4 0 0 0 0 0 0 
34 36 37 38 39 40 42 44 46 48 50 53 55 58 61 63 66 68 71 74 78 82 85 88 90 89 90 93 97 101 106 111 115 118 120 122 117 117 122 129 136 146 154 142 130 137 134 129 123 121 114 109 116 157 207 228 128 3 0 0 0 0 0 0 
34 36 38 39 41 41 43 46 48 49 52 55 56 58 61 64 67 69 72 75 79 82 86 89 90 90 93 97 102 105 109 114 118 120 121 121 119 120 125 126 128 134 146 134 114 137 137 131 126 123 117 110 111 139 200 241 121 2 0 0 0 0 0 0 
33 35 37 40 43 42 44 47 49 51 53 55 57 60 62 65 68 71 74 76 79 82 86 90 93 94 98 103 105 107 112 117 121 123 122 124 127 130 133 133 130 129 133 119 111 134 139 131 127 124 117 110 107 119 174 237 125 3 0 0 0 0 0 0 
33 35 36 39 43 44 46 49 49 51 55 57 59 61 63 65 68 71 73 77 79 83 86 90 94 98 102 105 107 111 116 120 124 124 122 121 128 137 139 137 135 133 134 123 121 130 143 135 129 124 115 108 106 113 172 198 63 1 0 0 0 0 0 0 
34 36 38 41 44 46 48 50 51 53 56 58 61 62 64 66 68 71 73 77 80 83 87 92 97 103 106 108 110 115 120 124 128 127 124 121 128 136 136 131 132 139 142 141 142 145 141 140 131 124 114 107 108 115 114 53 9 1 0 0 0 0 0 0 
37 38 41 42 45 47 49 51 52 55 57 60 61 60 61 64 66 70 73 77 80 84 87 93 99 105 109 112 113 117 123 127 129 128 126 127 129 131 133 131 132 141 149 152 155 148 123 143 138 127 116 107 107 95 63 20 12 0 0 0 0 0 0 0 
39 40 43 45 47 49 50 52 54 55 56 58 59 59 60 62 66 69 72 76 80 83 88 93 99 105 110 113 114 119 124 127 129 127 125 125 127 129 133 135 137 146 149 146 155 148 126 145 140 127 119 112 99 28 33 30 8 0 0 0 0 0 0 0 
39 42 45 46 49 51 52 52 54 55 55 56 57 57 58 61 65 68 72 77 80 83 88 95 101 107 112 115 117 121 126 127 127 126 125 126 129 133 137 140 140 149 152 145 145 146 140 142 137 129 120 113 99 32 9 14 4 0 0 0 0 0 0 0 
37 41 44 47 50 51 52 52 53 54 54 55 55 56 58 62 66 69 72 76 81 85 90 98 105 110 114 118 121 125 127 125 125 126 128 133 136 136 137 138 141 147 150 144 142 147 146 135 125 124 119 113 106 44 6 17 6 0 0 0 0 0 0 0 
38 40 44 48 51 51 51 52 52 53 53 54 54 55 58 62 66 69 72 76 82 88 94 100 106 112 115 119 121 126 127 123 123 126 132 137 140 141 140 140 144 145 143 141 141 143 146 135 122 119 120 118 120 69 13 9 1 0 0 0 0 0 0 0 
38 40 44 48 51 50 50 52 51 51 52 53 54 56 59 63 67 70 74 81 86 91 96 100 106 112 115 118 122 126 128 126 124 129 135 139 141 143 147 147 147 145 140 136 138 139 140 132 121 118 120 120 121 93 22 19 3 0 0 0 0 0 0 0 
38 41 44 47 50 50 50 51 50 50 51 53 55 57 60 64 67 73 80 85 89 92 97 102 107 115 118 120 123 126 128 128 131 136 141 144 143 144 146 146 146 145 144 140 139 137 131 125 120 119 118 118 120 126 91 85 11 0 0 0 0 0 0 0 
39 41 45 47 49 50 50 50 49 49 51 53 55 58 62 65 70 77 83 88 93 96 100 105 110 117 120 123 125 127 128 130 134 140 146 150 150 149 148 147 150 153 150 145 141 135 127 121 119 123 123 119 118 127 139 146 58 1 0 0 0 0 0 0 
39 42 44 46 47 48 48 48 47 48 51 54 55 59 62 68 75 80 85 91 97 100 103 108 114 120 124 127 128 128 130 132 136 142 148 155 156 155 156 156 160 166 162 151 138 130 130 131 136 138 130 124 121 122 99 68 36 1 0 0 0 0 0 0 
40 43 44 45 46 47 47 48 48 50 52 54 56 60 65 72 77 82 87 93 99 104 108 111 116 121 126 129 129 128 132 135 137 142 150 158 160 164 171 172 174 175 164 152 142 139 144 153 152 143 129 123 125 129 114 50 23 1 0 0 0 0 0 0 
41 43 43 44 45 46 47 48 48 51 53 55 57 62 68 74 78 83 89 94 100 105 110 114 118 123 127 129 128 126 127 130 135 144 156 163 168 179 182 176 176 173 164 158 153 148 146 156 153 141 129 125 129 139 155 152 58 1 0 0 0 0 0 0 
39 41 42 43 44 45 47 49 50 52 53 55 59 64 69 75 80 85 91 96 101 106 112 117 120 124 127 127 125 124 124 128 138 151 161 169 182 190 186 175 167 159 155 157 156 154 156 157 153 138 126 121 127 141 163 195 114 2 0 0 0 0 0 0 
37 39 41 42 44 46 48 49 50 52 53 57 62 67 72 77 82 87 92 98 104 109 114 118 120 122 124 126 125 126 129 137 148 157 167 180 190 188 180 173 164 156 152 150 153 162 165 159 151 136 122 114 115 127 155 195 142 5 0 0 0 0 0 0 
36 37 40 42 44 46 48 50 51 52 54 59 65 70 75 79 84 89 96 101 107 112 116 118 119 121 123 124 127 131 138 150 163 173 176 179 185 176 169 171 166 158 158 158 158 167 164 156 148 134 118 111 113 126 150 190 150 8 0 0 0 0 0 0 
35 37 40 42 44 46 49 50 51 53 57 62 68 73 78 82 87 94 100 105 110 114 116 118 120 124 125 126 128 134 144 156 170 177 181 181 177 163 158 166 169 157 156 162 165 165 156 148 139 126 113 107 109 122 144 186 164 11 0 0 0 0 0 0 
33 36 39 41 43 45 48 50 51 55 60 65 70 76 81 86 92 99 104 110 114 116 119 123 126 130 132 134 137 142 152 164 175 184 189 182 168 158 155 163 166 152 152 158 160 157 149 140 130 117 106 101 102 111 136 185 162 10 0 0 0 0 0 0 
32 36 38 40 42 45 48 50 52 58 63 68 73 79 84 91 97 103 110 115 118 121 123 126 131 136 139 143 148 154 165 177 185 189 190 178 165 155 153 161 159 145 148 150 147 137 135 138 126 110 102 98 96 101 131 180 135 7 0 0 0 0 0 0 
32 35 37 39 42 45 48 51 56 62 67 72 77 81 86 93 100 107 113 117 122 127 128 131 134 138 142 148 157 165 175 184 185 188 188 176 165 157 158 164 156 143 141 140 136 130 131 131 119 107 103 98 93 98 128 178 155 10 0 0 0 0 0 0 
32 35 37 39 42 45 49 53 59 64 69 74 78 82 89 95 101 108 115 119 125 129 131 134 135 139 145 152 162 173 179 178 183 190 187 177 169 166 169 168 156 147 143 141 140 133 129 123 118 110 103 96 93 105 142 180 196 29 0 0 0 0 0 0 
32 35 37 39 43 47 51 56 60 65 69 73 78 83 90 96 103 110 116 122 127 128 131 135 136 140 147 152 153 158 160 169 184 186 180 176 169 167 168 164 156 148 141 137 137 131 125 124 119 111 100 94 92 105 145 173 188 28 0 0 0 0 0 0 
34 36 37 39 45 50 54 58 61 65 69 75 80 85 90 97 104 110 117 123 127 129 133 135 135 138 143 143 143 147 154 168 174 169 172 172 165 166 166 161 153 142 132 134 133 122 120 123 120 114 107 98 91 97 128 146 72 4 0 0 0 0 0 0 
36 38 39 42 46 51 56 59 62 65 71 77 81 85 90 96 102 108 115 121 126 131 133 130 130 133 135 138 142 146 153 158 153 153 163 163 156 159 163 159 149 137 134 136 130 114 110 111 104 104 107 100 97 114 149 139 15 1 0 0 0 0 0 0 
38 39 41 44 49 53 57 60 62 66 71 77 80 83 88 94 99 105 111 118 123 126 125 123 124 127 131 137 144 143 143 138 132 140 152 149 142 144 146 148 145 139 139 136 124 108 101 104 99 96 98 94 93 108 147 148 23 1 0 0 0 0 0 0 
38 40 43 46 51 53 56 59 62 66 70 75 79 82 87 93 97 103 109 114 117 118 117 119 126 132 136 140 138 130 124 120 123 133 140 139 133 134 137 137 139 142 139 130 115 102 97 105 103 97 91 85 83 96 136 161 96 8 0 0 0 0 0 0 
37 40 42 45 48 50 54 59 61 65 67 71 76 81 87 92 96 102 104 108 112 117 120 124 131 134 134 131 121 113 112 120 127 127 129 132 132 132 131 130 133 137 129 118 106 97 97 103 98 90 83 77 80 111 155 173 132 15 0 0 0 0 0 0 
35 39 40 42 45 48 51 55 58 61 63 67 74 80 86 89 94 96 97 103 109 119 122 123 124 121 118 114 108 106 116 126 124 119 123 131 135 131 121 117 124 128 118 105 99 100 100 99 91 80 73 69 76 113 158 172 107 11 0 0 0 0 0 0 
33 37 39 40 43 46 49 51 54 56 59 64 70 76 83 86 88 91 95 102 111 117 120 118 116 112 111 108 106 111 122 122 116 116 124 130 129 123 115 112 115 116 110 103 104 107 102 94 84 74 70 71 88 126 157 170 159 27 0 0 0 0 0 0 
30 33 36 37 40 43 46 48 50 52 55 61 67 73 79 82 83 88 95 100 108 114 115 111 109 112 112 104 107 113 120 118 113 113 118 123 124 119 116 118 118 112 105 102 105 102 98 89 80 73 74 75 92 123 153 163 127 13 0 0 0 0 0 0 
27 30 33 36 38 41 43 45 46 50 53 58 63 69 74 77 81 87 94 99 104 108 108 107 109 112 103 99 104 111 118 116 108 108 116 123 122 119 118 119 115 110 108 108 102 98 93 85 78 73 78 87 107 125 147 132 51 3 0 0 0 0 0 0 
25 29 32 34 35 38 40 42 44 48 52 57 59 63 68 73 78 84 90 93 97 103 103 102 102 99 92 93 99 105 111 110 103 102 115 122 120 117 117 114 111 107 108 106 100 96 89 81 75 75 81 92 112 130 142 83 6 1 0 0 0 0 0 0 
25 29 31 32 33 36 38 40 43 46 49 53 55 60 65 70 74 80 85 89 95 99 96 95 93 91 90 93 99 101 104 103 97 99 114 122 118 115 114 111 108 104 103 98 95 92 84 76 77 84 87 94 109 125 135 106 18 0 0 0 0 0 0 0 
25 28 30 29 31 34 37 38 39 42 46 48 53 57 61 66 71 76 82 88 94 94 91 88 89 89 92 95 97 97 98 97 97 104 115 120 115 112 108 105 104 97 93 91 92 87 80 77 82 94 99 106 111 120 128 122 38 0 0 0 0 0 0 0 
23 26 28 27 29 32 34 35 36 38 41 45 50 54 56 62 68 72 77 84 91 90 84 82 86 90 93 95 94 94 93 96 102 109 115 115 112 109 103 99 100 94 88 89 89 84 81 83 89 94 102 110 111 117 119 116 55 2 0 0 0 0 0 0 
21 24 25 26 28 30 32 32 32 34 37 41 46 48 51 57 62 67 71 78 85 83 78 80 84 88 90 93 92 91 94 98 104 111 111 106 107 104 101 97 99 92 85 86 88 83 81 86 90 91 97 104 110 112 109 110 85 6 0 0 0 0 0 0 
21 22 24 24 26 27 29 30 30 31 35 38 41 45 48 52 56 61 64 72 77 76 73 77 82 84 86 84 86 92 95 96 99 104 101 101 104 101 98 96 97 87 80 78 85 81 79 86 90 90 92 97 106 106 100 102 73 3 0 0 0 0 0 0 
20 22 23 23 24 25 26 28 29 31 33 36 39 41 44 48 52 56 59 66 70 69 70 74 80 82 83 84 89 92 92 92 94 95 95 96 100 98 93 93 91 84 78 72 77 81 77 80 84 85 89 95 102 102 95 97 71 5 0 0 0 0 0 0 
19 20 21 22 23 23 23 26 28 29 31 34 37 38 41 45 51 53 55 60 64 65 69 73 79 80 81 85 88 88 87 87 88 90 90 91 94 92 89 89 83 81 78 70 72 73 74 76 79 79 86 94 98 98 91 92 47 2 0 0 0 0 0 0 
17 18 19 21 22 22 24 26 26 28 31 32 34 35 39 43 49 52 53 56 60 63 68 72 75 77 76 80 83 83 82 81 81 84 85 88 89 87 86 86 78 77 80 70 64 62 67 68 71 76 81 89 93 93 82 43 9 0 0 0 0 0 0 0 
13 16 18 19 21 22 23 24 25 27 28 29 31 34 37 42 47 51 52 53 59 62 66 67 70 71 72 74 77 77 75 74 76 79 80 80 82 81 81 79 72 73 81 71 61 59 62 62 66 71 78 85 90 86 74 16 0 0 0 0 0 0 0 0 
12 14 16 18 21 22 22 23 23 25 26 29 31 34 37 41 47 52 50 53 59 60 61 61 65 66 67 68 69 68 69 70 73 74 72 72 75 76 76 73 70 72 81 73 65 65 62 60 61 65 71 82 87 81 74 21 0 0 0 0 0 0 0 0 
11 13 16 18 21 22 22 22 22 23 26 29 32 34 37 41 47 50 49 51 55 55 55 55 60 60 61 62 64 65 65 67 69 69 68 68 67 69 70 69 69 70 77 76 71 68 64 61 60 63 70 81 85 79 78 54 4 0 0 0 0 0 0 0 
10 13 16 18 21 21 21 21 21 23 26 27 29 33 35 39 44 47 47 51 50 50 49 51 56 54 55 60 62 62 61 63 65 66 64 62 61 65 65 67 69 68 68 68 67 63 61 59 60 63 69 78 80 76 77 54 3 0 0 0 0 0 0 0 
9 13 15 17 19 19 20 20 21 23 25 27 28 30 34 38 43 45 46 49 49 48 48 49 52 51 52 58 59 57 58 60 60 60 59 56 56 60 63 67 70 66 63 62 62 61 58 58 60 63 67 75 77 72 75 55 4 0 0 0 0 0 0 0 


28 31 35 36 35 35 34 32 33 32 33 33 33 33 34 34 36 36 36 36 37 38 39 39 39 40 42 45 48 51 54 57 60 63 64 64 65 64 63 61 60 56 55 52 50 49 50 52 53 58 79 122 164 207 227 220 54 0 0 0 0 0 0 0 
33 32 33 35 35 34 33 33 33 32 33 34 34 34 34 35 36 36 36 37 37 38 40 40 40 41 43 45 47 48 51 54 58 59 60 61 62 61 62 62 61 58 56 54 53 52 53 54 55 58 74 125 169 202 215 228 83 1 0 0 0 0 0 0 
35 34 33 35 35 35 34 34 35 34 34 35 35 35 35 36 37 36 37 37 37 39 40 41 41 42 44 45 46 47 49 51 53 56 57 57 57 59 60 62 62 61 58 55 54 54 55 56 57 60 69 95 149 178 185 221 92 1 0 0 0 0 0 0 
35 36 35 36 36 35 35 36 36 35 35 36 36 37 37 38 38 39 38 39 39 40 42 42 43 43 44 46 46 46 47 48 50 52 54 55 56 58 62 63 64 67 61 56 54 55 57 58 59 63 72 89 120 146 173 201 79 1 0 0 0 0 0 0 
32 35 37 37 36 35 36 36 37 36 37 38 38 39 39 39 40 41 41 41 42 42 43 43 43 43 45 45 45 46 47 47 49 51 52 53 55 58 65 66 68 68 61 56 56 57 58 60 62 65 76 98 122 136 165 194 80 1 0 0 0 0 0 0 
32 34 37 37 36 36 37 38 38 39 39 40 40 41 41 41 41 42 42 43 44 44 44 44 44 45 46 45 46 47 48 48 49 51 53 54 55 60 67 71 71 67 61 58 57 58 59 61 65 70 82 103 126 148 166 185 91 1 0 0 0 0 0 0 
36 38 38 38 38 37 38 39 40 41 41 41 41 42 42 42 43 43 43 44 44 45 45 44 45 46 47 47 48 48 48 48 49 51 52 53 56 61 70 78 73 66 61 60 58 60 61 63 67 74 89 108 132 156 162 156 63 1 0 0 0 0 0 0 
38 40 38 36 37 38 40 41 41 42 42 42 42 42 43 43 44 44 45 45 46 46 46 45 46 47 47 48 48 49 49 49 49 51 51 53 58 65 74 80 71 61 62 64 61 63 64 67 69 75 90 111 136 148 155 147 43 1 0 0 0 0 0 0 
35 38 37 37 38 39 40 41 42 42 43 44 43 43 44 45 45 44 45 46 47 47 47 47 47 48 49 49 50 50 50 50 50 51 52 55 63 71 79 75 59 60 64 67 65 64 65 69 70 74 87 109 137 149 156 156 36 0 0 0 0 0 0 0 
29 32 34 38 40 41 41 41 43 43 44 44 45 45 45 46 46 46 47 48 48 48 49 49 49 49 50 51 52 52 52 51 51 53 56 61 68 74 79 78 57 53 60 68 67 65 67 71 72 72 82 104 132 147 163 186 69 1 0 0 0 0 0 0 
32 33 33 35 38 40 40 41 41 42 43 44 46 45 47 47 47 47 48 48 48 49 49 50 50 51 51 52 53 53 53 52 53 56 60 67 72 75 81 83 67 53 64 70 69 67 69 74 74 72 74 92 125 151 186 180 76 3 0 0 0 0 0 0 
39 40 37 37 40 41 40 40 39 39 41 45 46 46 47 48 48 49 49 49 49 50 50 50 51 53 53 53 54 54 54 54 56 60 65 72 75 76 81 85 81 71 74 74 71 71 73 76 75 72 74 92 124 171 212 208 131 5 0 0 0 0 0 0 
43 42 40 40 42 41 40 40 39 39 41 45 46 47 47 48 48 49 50 50 50 51 52 52 53 55 55 54 55 55 54 56 60 65 69 74 76 76 78 80 81 82 80 77 75 76 78 79 76 74 74 90 126 184 212 215 92 3 0 0 0 0 0 0 
44 43 42 42 43 43 42 42 40 38 39 43 46 47 47 48 49 49 50 51 51 53 54 55 56 56 56 56 55 55 56 60 63 66 70 74 75 75 75 78 82 83 80 79 78 79 82 80 76 74 73 83 126 191 226 243 167 10 0 0 0 0 0 0 
44 43 43 43 43 43 43 43 42 40 41 44 45 46 47 48 49 49 51 52 53 54 55 56 57 58 58 57 57 57 59 64 66 68 71 74 75 74 76 80 85 88 86 86 82 81 83 81 77 75 73 74 104 171 229 242 106 3 0 0 0 0 0 0 
43 43 43 43 43 43 43 44 44 43 43 45 46 47 48 49 50 50 51 52 53 55 56 57 58 58 58 58 58 59 62 66 68 71 72 74 74 72 76 84 91 94 93 88 85 83 83 81 77 77 75 73 93 154 222 230 132 4 0 0 0 0 0 0 
44 43 43 43 43 43 44 44 44 45 45 45 47 47 48 49 50 50 51 52 54 55 57 57 58 57 57 58 60 62 65 68 70 71 72 75 71 71 74 78 83 90 95 88 80 85 84 81 78 79 76 74 84 128 192 222 124 3 0 0 0 0 0 0 
44 44 44 44 44 44 44 44 44 46 46 46 47 48 49 50 50 51 51 52 53 55 56 58 58 58 58 61 62 64 67 69 71 72 73 74 72 72 75 76 77 81 89 82 69 86 86 83 80 80 77 73 78 108 182 235 118 2 0 0 0 0 0 0 
43 42 43 44 44 44 44 44 45 47 47 47 47 48 49 50 50 51 52 53 53 54 55 58 59 59 62 64 64 65 68 71 73 74 74 74 77 78 80 80 78 77 80 72 67 83 86 82 80 80 76 73 73 85 149 229 121 3 0 0 0 0 0 0 
41 41 41 43 44 45 45 45 46 46 47 47 47 49 49 50 50 51 51 52 53 54 56 58 59 61 64 65 66 67 70 73 75 75 73 72 76 82 83 84 82 80 81 74 74 80 90 85 81 79 74 70 71 80 148 190 61 1 0 0 0 0 0 0 
41 41 42 44 46 46 46 46 46 47 48 48 48 48 49 49 50 50 50 51 53 54 55 58 61 64 65 66 67 69 72 75 77 76 73 72 76 81 81 78 79 84 86 85 86 90 88 88 82 79 72 68 71 79 89 48 8 1 0 0 0 0 0 0 
43 44 44 45 46 46 47 47 47 47 48 49 48 47 47 47 48 48 49 51 52 54 55 58 61 65 67 68 69 71 75 76 77 77 74 75 77 78 79 78 79 85 90 92 94 91 76 90 87 80 73 69 70 66 47 17 12 0 0 0 0 0 0 0 
44 45 46 46 47 47 47 47 48 47 47 47 46 46 45 46 47 47 48 50 52 53 55 58 61 64 67 69 69 72 75 77 77 75 73 74 75 77 79 80 81 87 89 88 95 90 77 91 88 80 76 71 64 20 27 27 7 0 0 0 0 0 0 0 
44 45 47 48 48 48 48 48 47 46 46 45 44 44 44 45 46 47 48 49 50 52 55 59 62 65 68 69 70 73 76 75 75 75 73 74 77 79 82 83 83 89 91 87 88 89 86 89 86 81 76 72 64 22 9 13 3 0 0 0 0 0 0 0 
43 45 46 47 47 47 48 47 45 45 44 43 42 43 42 44 46 47 48 49 51 53 55 60 64 67 69 71 73 74 76 74 74 75 76 79 81 81 81 81 84 88 90 87 86 90 90 83 78 77 75 72 69 30 5 16 5 0 0 0 0 0 0 0 
43 43 45 47 48 47 46 45 44 44 43 42 41 41 42 44 46 47 48 49 51 55 58 61 65 68 69 71 72 75 76 73 73 74 78 81 83 83 82 82 85 86 85 84 85 87 89 83 75 72 75 75 78 46 11 8 1 0 0 0 0 0 0 0 
43 43 44 46 47 46 45 44 43 42 42 41 41 41 42 44 46 46 48 51 53 56 59 61 65 68 69 71 73 74 76 74 73 76 79 82 84 85 87 87 88 86 83 81 83 85 86 81 74 72 74 77 79 63 18 17 3 0 0 0 0 0 0 0 
43 43 44 45 46 45 45 43 42 41 41 41 41 42 43 44 45 48 51 54 56 57 59 62 65 68 70 72 73 75 75 75 76 79 83 85 84 84 86 86 86 85 85 84 84 83 80 76 73 73 74 75 78 87 68 72 10 0 0 0 0 0 0 0 
42 43 44 44 45 45 43 42 41 40 40 40 41 42 43 44 47 50 53 55 58 59 60 63 66 70 72 74 73 74 75 76 79 83 86 88 89 88 87 86 89 91 90 87 85 81 77 73 72 76 76 75 77 88 104 129 55 1 0 0 0 0 0 0 
42 43 44 44 44 43 42 40 39 38 39 40 41 42 43 45 48 50 53 56 59 61 62 65 68 72 74 75 76 76 77 77 79 84 86 91 92 91 92 92 96 100 98 91 83 78 79 81 84 87 82 78 77 81 69 56 33 1 0 0 0 0 0 0 
44 44 43 43 42 41 40 40 39 39 39 40 41 42 44 46 49 51 54 57 60 63 64 66 69 72 75 77 77 76 78 79 80 83 88 93 94 97 102 103 105 106 99 91 85 84 89 96 96 91 81 77 79 84 79 39 21 1 0 0 0 0 0 0 
44 43 42 42 41 40 40 40 39 39 40 41 41 43 45 47 49 52 54 57 60 63 66 68 70 73 75 76 75 73 74 76 78 84 92 96 99 107 110 107 107 104 98 95 93 90 90 98 96 89 81 77 82 92 111 126 52 1 0 0 0 0 0 0 
42 41 41 40 40 40 39 40 39 39 40 40 41 44 46 48 50 53 55 58 60 63 66 70 71 73 75 74 73 71 72 75 80 88 94 100 109 115 112 105 100 95 93 94 95 95 96 98 95 87 78 75 80 94 117 164 104 2 0 0 0 0 0 0 
40 39 39 39 40 39 39 39 39 39 39 40 42 44 46 48 51 53 55 59 62 65 67 70 71 72 73 74 73 73 75 79 86 91 98 107 115 114 108 103 97 93 90 90 93 99 103 99 94 85 75 70 71 81 108 163 134 5 0 0 0 0 0 0 
37 37 38 39 39 39 39 39 39 39 39 41 44 46 48 49 52 54 57 60 64 67 68 69 70 70 72 73 73 76 80 87 96 101 104 106 111 105 100 102 99 94 94 95 96 104 102 97 91 82 73 68 69 80 103 155 141 7 0 0 0 0 0 0 
36 36 37 38 38 38 38 39 38 39 40 42 44 47 49 51 53 57 60 63 65 67 68 69 70 72 73 73 75 77 83 90 99 104 107 108 106 96 94 99 101 93 93 97 100 101 96 91 85 77 69 65 66 77 97 150 154 10 0 0 0 0 0 0 
34 35 36 37 37 37 37 38 38 40 42 44 46 48 50 53 56 59 62 65 67 68 70 72 74 75 77 78 79 82 88 96 103 109 113 108 99 93 91 97 99 90 91 95 97 96 91 86 79 70 64 62 62 68 90 147 151 9 0 0 0 0 0 0 
33 34 35 35 36 36 37 37 38 41 43 45 48 50 52 55 58 62 65 68 70 71 73 75 77 79 81 83 86 89 96 104 110 112 113 105 97 90 90 95 95 86 88 90 89 82 82 84 76 66 61 58 57 61 84 140 124 6 0 0 0 0 0 0 
33 34 34 35 35 35 36 37 40 43 45 47 49 50 53 56 60 64 67 70 72 75 75 77 78 81 83 86 91 96 103 109 110 112 112 104 97 92 93 98 93 84 83 83 81 77 78 79 71 64 61 57 55 57 80 134 141 9 0 0 0 0 0 0 
33 33 34 33 34 35 37 39 42 44 46 47 49 51 54 57 61 65 68 71 74 76 76 77 78 81 85 89 95 101 106 105 108 113 111 104 99 98 100 100 92 87 85 84 84 79 77 74 70 65 61 56 54 61 89 133 180 27 0 0 0 0 0 0 
32 33 33 33 34 36 38 41 43 45 46 47 49 52 55 58 61 65 69 72 75 76 76 78 79 82 86 89 89 91 94 99 109 111 107 104 100 98 98 98 92 88 84 82 81 78 74 74 71 65 58 54 52 61 91 128 170 26 0 0 0 0 0 0 
33 34 34 33 34 37 40 42 43 44 45 47 50 53 55 58 62 66 70 73 75 76 77 79 79 80 83 83 83 85 89 98 102 99 100 101 97 98 98 95 90 84 78 79 78 71 72 72 71 67 62 56 52 57 79 102 60 4 0 0 0 0 0 0 
35 35 35 35 36 39 41 42 43 44 46 48 50 52 54 57 61 65 69 72 75 77 77 76 75 77 79 80 83 85 89 92 88 88 96 96 91 95 96 94 88 81 78 80 77 66 64 65 61 61 62 58 56 65 90 90 11 0 0 0 0 0 0 0 
35 36 35 36 38 40 41 42 43 45 46 48 50 51 53 56 59 62 66 70 72 74 73 71 72 74 76 80 84 83 83 79 75 80 88 87 82 84 85 87 85 81 82 81 73 62 58 60 57 56 56 54 53 61 87 94 16 1 0 0 0 0 0 0 
36 37 36 37 40 40 41 42 43 45 46 48 49 50 52 55 57 61 64 67 69 69 68 69 73 77 79 82 80 74 71 68 70 76 80 81 76 78 79 80 81 84 83 77 67 58 55 60 60 56 52 48 46 54 79 102 72 7 0 0 0 0 0 0 
35 36 36 36 37 38 39 41 42 44 44 45 47 49 52 54 57 60 61 63 65 68 70 73 76 78 78 76 69 64 63 69 73 73 74 77 77 76 75 75 78 81 77 68 61 55 55 59 56 52 47 43 44 60 89 109 99 12 0 0 0 0 0 0 
33 35 35 34 35 36 38 39 40 41 41 42 45 48 51 53 56 57 57 60 64 70 71 72 73 70 67 64 61 60 66 72 71 67 70 76 78 76 69 67 71 75 69 60 57 58 58 57 51 45 41 38 41 61 90 108 77 9 0 0 0 0 0 0 
32 33 33 32 33 34 36 37 38 37 38 41 43 46 49 51 51 53 56 59 64 68 70 69 67 64 63 61 59 63 70 70 66 65 70 75 74 71 65 63 66 67 63 59 60 62 59 54 48 41 39 38 47 70 90 107 120 23 0 0 0 0 0 0 
30 30 31 30 31 32 33 34 34 35 36 39 41 44 47 48 48 51 55 58 62 66 67 64 63 65 65 59 60 65 69 67 64 64 68 71 71 68 65 67 68 64 60 58 59 58 56 50 44 39 40 41 49 68 88 102 92 10 0 0 0 0 0 0 
28 28 29 29 29 30 31 31 32 33 34 37 40 42 44 45 47 50 54 57 60 62 62 61 63 65 58 55 58 64 67 66 62 61 66 72 71 68 67 68 67 63 62 62 59 56 52 47 42 39 41 47 59 70 84 82 36 2 0 0 0 0 0 0 
26 27 28 28 28 28 29 29 30 32 33 36 37 39 40 43 45 49 52 54 57 59 59 58 59 56 52 52 56 59 63 63 58 57 66 71 69 67 68 66 64 62 63 62 58 55 49 44 39 38 42 49 61 72 81 51 5 0 0 0 0 0 0 0 
26 27 28 28 27 27 28 29 30 31 32 34 35 36 38 41 43 47 49 51 55 57 55 55 52 50 50 52 56 57 59 58 53 55 65 71 69 67 67 64 62 59 59 55 54 52 46 40 39 42 44 49 60 70 78 69 12 0 0 0 0 0 0 0 
26 26 27 26 26 27 27 28 28 29 30 31 33 35 36 38 41 45 47 51 55 55 53 51 50 49 51 53 54 55 56 54 53 59 66 70 67 65 63 60 59 55 52 51 51 48 43 40 41 47 50 55 62 67 74 81 28 0 0 0 0 0 0 0 
25 25 25 24 25 26 26 26 25 26 27 29 31 33 33 35 39 41 44 48 53 53 48 47 49 51 53 54 54 54 53 54 57 62 67 66 64 63 60 57 57 53 50 50 51 47 43 43 45 47 52 57 61 66 70 78 41 2 0 0 0 0 0 0 
23 24 24 23 24 24 24 24 24 23 25 26 29 30 31 33 35 38 40 45 49 48 44 45 48 50 51 53 53 52 54 56 60 65 64 61 62 60 58 55 57 52 48 49 50 46 44 46 46 45 50 54 60 63 64 75 66 5 0 0 0 0 0 0 
23 23 22 22 22 22 22 22 22 22 23 25 26 28 29 30 32 35 36 41 45 43 42 44 47 48 49 47 48 53 55 55 57 60 58 58 61 59 57 55 56 49 45 43 48 45 43 45 45 45 46 51 57 59 60 70 56 3 0 0 0 0 0 0 
22 22 22 21 21 21 20 21 21 22 22 23 26 27 27 28 30 32 33 37 40 39 40 42 45 47 47 48 51 53 53 52 54 55 54 55 59 57 54 53 52 48 43 39 43 45 42 42 42 42 45 50 55 57 58 67 53 4 0 0 0 0 0 0 
21 22 21 20 20 19 19 20 21 21 21 23 24 25 26 27 29 30 31 34 36 36 39 42 45 46 46 49 51 51 50 50 50 52 52 52 55 53 51 51 47 46 44 38 39 39 40 39 39 38 43 50 53 54 55 63 34 2 0 0 0 0 0 0 
20 20 20 20 19 19 20 20 20 20 21 22 22 23 25 27 29 30 31 32 34 36 39 42 44 44 44 46 47 47 47 46 46 47 49 50 51 50 49 49 44 44 46 39 35 32 36 35 35 36 41 46 50 52 51 28 6 0 0 0 0 0 0 0 
18 19 19 19 19 19 20 20 21 21 20 21 21 22 24 26 28 31 31 31 34 35 37 38 40 41 42 43 44 44 43 41 43 45 45 46 47 46 47 46 40 41 47 40 33 31 33 32 32 34 39 45 48 49 45 10 0 0 0 0 0 0 0 0 
17 18 18 18 18 19 19 19 19 20 19 20 21 22 24 26 28 31 30 31 34 34 34 34 36 37 38 40 39 38 39 39 42 42 41 41 43 44 44 42 39 41 47 41 35 35 33 30 30 31 35 43 47 46 45 14 0 0 0 0 0 0 0 0 
16 17 17 18 18 19 19 18 18 18 19 19 21 22 25 26 29 31 29 31 32 32 32 31 33 33 34 35 36 36 37 38 39 39 39 38 38 39 40 39 40 40 45 44 41 38 34 32 30 31 34 42 45 44 46 35 2 0 0 0 0 0 0 0 
16 17 18 18 19 19 18 18 17 18 19 20 20 22 23 25 28 30 29 31 30 30 29 30 32 31 31 34 36 35 34 35 37 37 36 34 34 36 36 37 39 38 38 39 37 35 32 30 29 30 34 41 43 42 44 34 2 0 0 0 0 0 0 0 
14 16 17 18 18 18 17 17 17 19 18 19 20 21 23 24 26 27 28 30 29 28 28 29 30 29 29 32 34 32 31 33 33 33 32 30 30 33 35 38 39 36 35 34 34 32 30 28 28 29 33 39 41 39 42 34 3 0 0 0 0 0 0 0 


53 57 61 61 60 59 58 56 56 56 56 55 54 54 55 55 55 54 53 54 55 54 54 54 52 53 53 55 56 57 59 61 62 62 62 62 63 62 61 58 57 54 53 50 49 48 49 50 50 54 73 114 155 199 219 213 54 0 0 0 0 0 0 0 
58 58 59 61 60 59 59 57 56 56 56 56 55 55 55 55 55 55 54 54 53 54 55 54 53 53 54 55 55 56 56 58 60 60 60 60 60 59 59 58 57 55 53 52 50 49 50 51 52 55 68 115 160 194 205 219 82 1 0 0 0 0 0 0 
61 60 59 61 61 59 59 59 58 57 56 57 56 56 56 56 55 56 55 55 53 54 55 54 54 54 55 55 55 54 54 55 55 56 56 56 55 57 58 58 57 56 54 53 51 51 52 53 54 56 64 86 138 167 172 211 91 1 0 0 0 0 0 0 
61 63 62 62 62 61 61 60 59 59 58 58 57 57 58 58 58 58 57 56 56 55 55 55 54 55 55 55 54 53 53 53 53 54 54 53 54 55 58 57 58 60 56 53 52 52 53 54 55 59 66 80 108 132 160 191 78 1 0 0 0 0 0 0 
58 62 64 63 62 61 62 62 61 61 60 59 59 59 60 60 60 59 58 58 58 57 56 55 54 55 55 54 54 53 53 52 52 53 53 52 53 54 58 59 61 60 55 53 52 52 53 55 56 58 67 87 109 122 152 183 79 1 0 0 0 0 0 0 
58 60 64 64 62 61 61 62 62 62 62 61 61 62 62 61 61 61 60 59 59 58 58 56 56 56 55 54 54 53 52 53 52 52 53 52 52 54 59 62 62 59 54 53 52 52 53 55 57 63 72 91 112 134 153 173 90 1 0 0 0 0 0 0 
62 65 65 65 64 63 64 64 64 64 64 63 63 62 62 62 62 61 60 61 60 59 58 56 56 56 56 55 54 53 53 52 51 51 51 51 52 55 60 65 63 59 55 53 52 54 55 57 59 66 79 95 117 142 150 146 61 1 0 0 0 0 0 0 
64 66 64 61 62 63 66 67 65 65 65 64 63 62 63 63 62 61 61 61 61 59 58 57 57 56 55 54 53 53 53 52 50 50 50 51 53 56 62 66 60 53 54 55 54 54 56 58 60 66 79 99 121 134 143 138 41 1 0 0 0 0 0 0 
60 64 65 64 65 65 65 66 65 65 66 65 64 64 64 63 63 63 62 62 61 59 59 58 58 57 56 55 54 54 52 52 50 50 51 52 55 60 64 62 52 52 55 56 56 55 56 59 61 64 76 96 123 136 146 147 36 0 0 0 0 0 0 0 
54 58 61 64 66 67 66 66 66 66 66 66 66 66 65 64 64 63 63 62 61 60 61 59 58 57 56 55 56 56 53 52 51 51 52 54 58 61 64 64 49 46 51 57 55 55 57 60 61 63 71 91 115 133 150 174 68 1 0 0 0 0 0 0 
58 58 58 60 64 66 65 65 66 65 65 67 67 67 66 65 64 64 64 62 61 60 60 59 58 58 57 56 56 56 53 52 51 52 53 57 59 61 64 65 55 46 52 57 55 55 57 61 62 62 64 80 107 133 170 169 76 3 0 0 0 0 0 0 
66 67 64 63 66 66 65 65 61 60 63 66 67 67 67 66 65 65 64 62 61 61 60 59 59 59 58 56 55 55 53 52 52 54 56 59 60 61 64 65 63 58 58 57 56 57 58 62 62 62 64 80 107 155 201 195 126 6 0 0 0 0 0 0 
70 70 67 67 68 67 64 64 63 61 62 66 66 65 66 65 65 65 64 63 62 61 61 60 59 60 59 57 56 54 53 54 54 56 57 60 60 61 61 61 62 63 61 60 59 59 62 64 62 62 64 79 110 170 201 204 93 3 0 0 0 0 0 0 
71 71 70 70 70 69 67 67 63 59 60 64 66 65 65 65 64 65 64 63 63 63 62 62 61 60 59 57 56 55 54 55 55 56 58 59 60 59 59 59 61 62 60 61 60 61 65 64 62 62 62 72 110 175 214 236 166 10 0 0 0 0 0 0 
71 71 71 70 70 69 68 68 66 62 62 65 66 65 66 65 65 64 64 64 64 63 62 62 62 61 59 57 56 55 55 56 57 56 57 58 60 58 58 60 62 64 63 64 62 62 64 64 61 62 63 65 90 153 217 238 106 3 0 0 0 0 0 0 
72 72 71 70 69 67 67 68 67 65 64 65 66 65 65 65 65 64 63 64 63 63 63 63 61 61 60 57 57 56 57 57 58 57 57 58 57 55 57 62 66 68 68 66 63 62 63 64 61 64 64 64 81 136 209 222 132 5 0 0 0 0 0 0 
72 72 71 70 69 68 68 69 67 66 67 66 66 66 66 66 65 63 63 63 63 63 62 62 61 60 57 57 57 57 58 58 58 57 58 59 55 54 55 58 61 64 68 64 60 64 63 63 62 64 63 64 74 112 177 210 122 4 0 0 0 0 0 0 
71 71 72 71 69 68 68 67 67 67 68 66 66 66 65 65 64 63 63 63 63 62 62 62 61 58 57 57 58 58 58 58 58 57 57 57 55 55 55 55 56 58 64 60 53 64 64 63 64 64 64 64 69 94 167 226 118 2 0 0 0 0 0 0 
70 69 69 71 71 68 68 68 67 68 69 67 66 65 66 66 64 63 63 63 61 60 61 62 60 59 59 59 59 58 58 58 58 58 57 56 57 58 58 58 56 56 59 53 50 62 64 61 63 64 62 62 64 75 133 218 118 3 0 0 0 0 0 0 
69 67 67 70 71 69 69 68 68 68 68 68 67 66 66 65 64 63 63 61 60 60 60 60 60 60 60 59 59 59 58 58 59 58 56 55 56 59 59 59 59 57 58 53 55 58 66 63 63 63 59 58 61 70 132 180 59 1 0 0 0 0 0 0 
69 69 69 69 71 70 70 68 68 68 68 68 67 65 66 64 63 62 62 61 60 59 60 60 61 61 60 59 59 59 59 60 60 59 56 54 55 58 57 55 56 58 60 60 61 64 65 65 64 62 57 56 61 69 78 44 8 1 0 0 0 0 0 0 
70 70 71 70 71 71 70 69 69 69 68 67 66 64 63 62 61 60 61 60 59 59 59 59 60 61 61 60 58 59 60 60 60 58 56 55 56 56 56 54 55 58 62 64 66 65 56 67 66 63 58 56 59 57 43 17 12 0 0 0 0 0 0 0 
73 73 73 72 72 71 71 70 70 68 66 65 64 62 60 59 59 59 59 59 58 58 58 58 60 60 61 60 59 58 60 59 58 56 55 53 54 55 54 55 56 59 61 61 66 63 56 67 66 62 60 59 55 18 25 26 7 0 0 0 0 0 0 0 
73 74 73 73 72 72 71 71 69 67 65 63 61 60 59 58 58 59 59 58 57 57 57 58 60 60 61 60 58 59 60 58 56 55 54 54 54 54 55 56 56 60 62 59 61 63 62 66 64 63 60 58 55 21 9 13 4 0 0 0 0 0 0 0 
69 72 72 72 72 71 71 70 68 65 63 62 60 58 57 57 58 58 57 56 56 57 57 59 60 61 60 60 59 60 60 57 55 54 54 56 56 55 54 55 55 58 61 60 60 64 64 60 58 60 59 58 58 28 5 16 6 0 0 0 0 0 0 0 
71 71 72 73 73 70 69 68 66 64 61 60 58 57 56 57 57 57 55 55 56 57 57 59 60 60 59 59 59 60 59 56 54 53 55 56 55 56 55 55 57 58 57 57 60 62 64 61 56 56 59 60 65 41 11 9 1 0 0 0 0 0 0 0 
71 70 70 71 71 69 68 66 64 62 59 59 58 56 56 56 57 56 55 56 57 57 58 58 59 59 58 58 58 59 58 55 53 54 56 56 55 56 58 58 58 58 56 55 58 59 61 59 55 55 58 62 66 54 17 16 3 0 0 0 0 0 0 0 
69 70 70 70 69 68 67 65 62 60 59 58 57 57 56 56 56 56 57 58 58 57 58 58 59 59 58 58 58 57 57 56 54 55 56 56 56 57 57 57 57 56 57 56 57 58 56 55 54 57 58 60 65 74 60 66 10 0 0 0 0 0 0 0 
69 69 69 69 69 67 65 63 60 58 57 57 57 56 55 56 56 57 58 58 58 58 57 58 59 59 59 58 57 56 56 55 56 56 57 58 58 57 57 56 58 60 59 58 58 57 55 54 54 58 61 60 63 74 89 116 53 1 0 0 0 0 0 0 
69 70 69 68 67 65 63 61 58 57 57 56 56 55 55 57 57 57 58 58 59 59 58 58 59 59 59 59 57 56 56 56 56 57 58 60 59 58 58 59 62 66 64 61 56 54 57 59 63 66 64 62 63 68 60 50 31 1 0 0 0 0 0 0 
70 70 68 65 65 64 61 60 57 56 56 56 55 54 56 57 57 57 58 57 59 59 58 58 58 58 59 59 57 55 56 56 56 55 57 60 60 62 65 66 69 71 65 61 59 59 64 71 73 70 64 62 65 71 68 36 20 1 0 0 0 0 0 0 
69 68 66 64 63 62 61 59 57 56 56 56 55 55 56 56 56 57 57 57 58 58 59 58 58 58 58 58 56 54 54 54 54 55 59 61 62 68 70 68 69 69 64 64 64 63 65 73 72 68 63 62 67 77 94 113 50 1 0 0 0 0 0 0 
67 66 64 63 61 60 60 58 56 56 56 55 54 55 56 55 56 56 57 57 57 58 58 58 57 58 57 56 54 52 51 52 54 57 60 62 69 74 73 68 65 61 61 64 65 66 69 72 72 66 61 60 65 78 99 147 100 2 0 0 0 0 0 0 
64 63 62 61 60 60 59 57 56 56 55 54 54 56 56 55 55 55 56 57 57 58 58 57 56 56 55 53 52 52 51 53 55 58 62 67 73 72 68 67 62 60 59 60 63 69 73 72 71 65 58 55 58 67 91 146 129 5 0 0 0 0 0 0 
61 60 60 60 60 59 59 57 56 55 54 55 56 56 56 55 56 56 56 56 57 58 58 56 55 55 54 52 52 53 53 56 59 63 65 65 71 66 62 65 64 61 62 64 65 72 73 70 68 63 56 53 56 66 87 137 134 8 0 0 0 0 0 0 
59 59 59 59 59 58 57 56 55 55 54 55 56 56 56 56 56 56 57 57 58 57 55 55 55 54 54 53 53 53 54 57 62 64 67 67 66 60 58 62 64 60 61 65 68 71 67 66 64 58 53 51 54 64 82 132 147 10 0 0 0 0 0 0 
58 57 58 58 58 57 56 55 54 55 55 55 56 56 56 57 56 57 57 58 58 56 56 56 55 55 55 54 53 54 56 59 63 68 71 67 61 58 56 62 64 58 60 63 66 67 65 62 58 53 50 49 52 56 75 130 143 9 0 0 0 0 0 0 
56 56 57 57 57 56 54 54 54 55 56 56 56 56 57 58 57 58 59 59 58 58 57 56 56 57 56 56 57 57 60 64 69 70 72 65 60 56 56 60 60 56 58 60 60 57 58 61 56 50 47 47 48 51 70 122 117 7 0 0 0 0 0 0 
54 55 55 55 55 54 54 54 55 56 57 57 56 56 56 57 59 59 60 59 59 60 58 57 57 57 56 58 59 61 66 69 68 70 71 64 59 56 57 61 59 54 54 54 55 54 56 57 53 48 48 46 45 49 67 115 132 9 0 0 0 0 0 0 
54 55 55 54 54 54 54 54 56 57 57 57 56 56 56 57 58 59 59 59 60 60 59 58 57 58 58 59 61 64 67 66 68 72 70 64 61 61 62 63 58 57 56 55 57 55 54 53 52 49 47 45 45 51 74 116 167 27 0 0 0 0 0 0 
54 55 55 53 54 54 55 56 56 57 57 57 55 56 56 57 58 59 60 60 61 59 58 58 57 58 58 59 58 59 59 61 69 70 67 64 61 61 62 62 59 57 55 54 55 55 53 53 52 49 45 45 44 50 76 113 159 27 0 0 0 0 0 0 
54 55 54 54 55 55 57 57 56 56 57 57 56 57 56 57 58 59 60 60 60 59 59 59 57 57 57 56 55 55 57 61 64 62 63 63 60 61 62 60 57 54 51 53 54 50 50 52 52 51 49 46 43 46 66 89 56 4 0 0 0 0 0 0 
56 56 55 55 55 56 58 58 56 56 57 57 56 56 55 57 57 58 59 58 60 60 59 57 56 56 55 55 54 55 57 59 56 55 59 60 56 58 61 59 55 52 52 54 53 47 46 47 46 46 48 46 46 52 73 79 11 1 0 0 0 0 0 0 
57 57 57 57 56 57 57 57 56 56 56 56 56 55 54 55 56 56 57 57 58 58 57 54 54 54 54 55 56 54 54 52 49 51 55 54 51 52 54 55 55 53 54 54 50 45 41 44 43 44 44 44 44 49 71 81 16 1 0 0 0 0 0 0 
58 58 57 57 57 56 57 56 56 56 55 55 54 54 54 55 54 56 57 56 55 55 53 53 54 56 57 56 55 51 48 47 46 49 51 51 49 50 51 51 53 56 55 53 47 42 40 45 45 43 41 39 39 44 63 85 62 6 0 0 0 0 0 0 
56 57 56 56 56 55 55 56 55 55 54 53 52 53 54 53 54 55 54 54 54 54 55 55 57 58 56 54 49 46 45 47 48 47 48 49 49 50 50 49 51 54 51 48 43 40 40 44 43 40 38 36 38 47 70 90 87 12 0 0 0 0 0 0 
55 56 55 54 52 53 54 54 53 53 52 51 51 53 53 53 53 52 51 52 54 56 56 55 55 53 51 49 45 43 46 49 48 45 46 49 50 48 46 45 48 50 47 42 40 42 42 42 40 36 33 33 35 48 71 91 68 9 0 0 0 0 0 0 
53 54 54 52 51 51 52 52 51 49 49 50 51 51 52 51 50 50 50 52 55 56 56 55 52 49 48 46 44 46 50 48 45 44 47 49 48 47 44 43 45 46 44 42 43 45 43 40 37 34 32 32 38 54 71 89 104 20 0 0 0 0 0 0 
51 51 51 50 49 49 50 49 48 47 47 49 49 49 50 49 48 49 50 52 53 54 54 51 49 50 50 44 45 47 48 47 44 44 45 47 47 46 44 46 47 44 43 41 43 42 41 39 35 32 33 33 39 53 70 85 82 10 0 0 0 0 0 0 
48 48 48 48 48 47 47 47 45 45 45 47 47 48 49 48 46 48 50 51 52 53 52 51 50 51 47 43 44 47 48 47 44 43 45 48 48 46 46 47 46 44 44 45 42 40 39 37 35 32 34 38 45 54 68 70 33 2 0 0 0 0 0 0 
46 47 47 46 46 46 45 45 44 44 44 46 45 45 45 46 46 48 49 49 50 52 51 49 49 46 43 42 43 45 47 46 42 41 46 49 48 46 47 46 44 44 44 44 41 40 38 35 33 32 34 40 47 57 68 46 5 0 0 0 0 0 0 0 
46 47 47 46 45 45 45 44 44 43 43 45 44 44 44 45 44 46 48 47 49 50 48 47 45 44 42 42 44 44 45 44 41 41 46 49 48 47 47 44 44 42 42 40 39 40 36 32 32 34 35 39 48 57 65 60 12 0 0 0 0 0 0 0 
46 47 47 45 43 43 44 43 42 41 41 41 43 43 43 43 44 45 46 48 50 49 47 44 44 43 44 44 45 43 44 42 41 44 47 49 47 46 45 43 43 41 39 39 39 37 35 32 33 37 38 42 50 56 63 72 27 1 0 0 0 0 0 0 
44 45 45 43 42 42 43 41 40 39 38 40 42 42 41 42 43 44 44 47 49 48 45 43 43 43 45 45 44 43 42 42 44 46 48 48 47 45 43 41 42 40 38 40 40 36 35 34 34 36 38 44 49 55 61 72 39 1 0 0 0 0 0 0 
43 43 42 42 42 41 41 40 39 37 36 37 40 39 39 41 40 42 42 45 46 45 42 42 43 43 44 45 44 42 44 44 45 49 48 45 46 44 44 41 43 40 37 38 38 36 35 35 35 34 37 43 49 54 59 71 64 5 0 0 0 0 0 0 
42 42 41 40 40 39 39 38 37 36 36 36 37 38 38 39 39 40 40 43 44 42 40 41 42 42 43 42 42 45 45 44 45 46 44 45 45 44 43 42 43 39 36 34 37 35 34 35 35 34 36 38 47 52 55 67 55 3 0 0 0 0 0 0 
42 42 40 39 37 38 36 36 36 37 35 35 36 37 37 37 37 39 38 40 42 40 39 41 42 43 43 43 45 46 45 44 45 44 44 44 45 44 43 42 42 38 35 32 34 36 33 33 34 34 35 39 45 50 54 63 53 5 0 0 0 0 0 0 
40 42 40 39 37 36 35 35 36 36 34 35 35 35 36 36 37 38 38 38 40 40 40 41 44 43 43 45 45 44 43 42 42 43 42 43 45 43 42 42 39 37 37 32 33 32 32 31 32 31 34 40 44 48 52 61 35 2 0 0 0 0 0 0 
39 40 40 38 37 35 35 35 35 35 35 34 34 34 34 36 37 39 38 38 39 39 41 43 44 42 42 43 44 44 42 40 40 41 42 42 43 42 41 41 36 37 38 34 31 29 31 30 30 30 32 37 42 46 48 28 6 0 0 0 0 0 0 0 
37 38 37 37 36 36 35 35 35 35 34 33 33 33 34 36 38 39 39 38 39 40 41 41 42 41 41 42 42 42 40 39 40 40 40 40 40 39 40 39 35 36 39 34 30 28 30 28 28 28 31 36 41 44 44 10 0 0 0 0 0 0 0 0 
36 36 35 36 35 36 36 35 34 34 33 33 33 33 34 36 37 40 39 39 40 40 40 39 40 40 40 40 39 38 37 38 39 39 38 38 39 39 39 38 36 37 40 36 31 32 30 28 27 28 29 35 40 42 43 14 0 0 0 0 0 0 0 0 
35 35 35 36 36 36 35 34 32 32 33 33 34 35 35 36 39 40 38 39 40 39 38 37 38 37 38 38 39 38 36 37 38 37 37 36 35 37 37 36 37 36 39 37 34 33 31 28 26 27 28 34 38 40 44 34 3 0 0 0 0 0 0 0 
35 35 35 36 37 35 34 33 32 32 33 34 34 35 34 35 39 40 38 40 39 37 36 36 37 35 35 37 39 38 37 37 38 38 37 34 33 35 35 35 37 35 35 35 33 31 28 27 26 26 28 32 35 38 42 33 2 0 0 0 0 0 0 0 
32 35 35 35 35 34 34 33 32 33 33 34 33 34 33 35 37 39 38 39 38 37 35 35 36 34 34 37 38 36 36 37 36 36 35 32 32 32 34 36 37 34 32 31 31 29 27 26 26 27 28 31 34 37 41 34 3 0 0 0 0 0 0 0 