


122 124 125 125 124 122 123 126 129 130 129 129 121 117 125 131 131 130 129 130 128 130 136 140 142 143 146 146 144 142 140 139 138 138 139 139 140 139 130 131 143 150 137 139 158 166 162 161 163 167 163 151 148 158 159 155 156 152 143 134 149 145 114 102 
124 126 127 127 128 128 126 126 129 134 135 133 125 122 126 131 132 131 131 133 133 138 143 147 150 152 152 150 147 145 144 143 142 143 143 144 144 137 135 145 152 140 133 149 170 178 178 175 171 172 172 169 167 166 165 164 159 143 134 134 139 140 107 112 
125 126 128 129 132 132 130 129 130 135 140 141 134 129 128 130 131 132 135 137 141 146 150 154 155 156 156 153 151 149 147 147 146 145 145 146 142 138 147 154 151 132 144 167 183 183 182 181 180 179 177 175 174 169 163 166 168 166 153 143 132 133 109 110 
126 127 128 131 135 136 135 133 132 134 140 145 144 137 132 131 132 135 138 144 149 153 155 157 158 158 158 157 155 153 151 149 149 149 149 146 141 148 156 157 147 144 163 181 187 187 185 184 180 179 176 174 175 174 165 162 168 169 158 149 146 143 128 109 
130 128 129 133 137 139 138 138 137 137 141 145 149 147 140 133 134 140 146 151 155 157 158 159 159 159 160 160 158 157 155 152 150 150 151 145 147 156 159 159 152 163 180 189 192 190 189 188 182 176 173 171 166 165 165 160 163 166 146 120 122 135 143 127 
132 131 131 134 138 140 140 142 142 142 143 150 157 156 147 138 140 147 152 156 158 159 160 159 159 161 163 164 162 160 158 155 152 151 146 147 155 156 160 158 160 172 183 193 194 193 190 190 188 186 183 178 171 166 171 172 170 163 148 118 108 137 152 151 
132 134 134 136 138 141 143 144 145 147 152 157 160 159 152 145 147 152 156 158 159 160 160 160 160 164 168 168 166 162 159 156 153 149 145 154 159 160 157 156 162 169 182 192 196 194 188 185 186 187 182 178 179 183 180 177 173 156 134 122 119 124 147 146 
117 126 131 133 136 142 145 147 151 155 157 160 161 161 157 155 157 158 158 159 160 160 160 162 165 169 172 172 170 165 161 157 150 148 153 160 165 163 157 164 171 182 191 198 199 195 185 176 181 186 182 176 181 186 181 170 159 140 127 128 127 121 135 138 
76 92 105 117 127 136 144 151 156 158 159 160 163 164 162 160 162 163 163 162 162 161 162 165 170 174 175 174 172 167 162 155 148 154 161 167 170 165 166 175 186 196 203 203 203 201 194 184 184 190 192 188 188 191 186 169 155 143 143 142 124 121 127 131 
30 44 63 82 104 119 130 140 148 156 159 162 165 165 164 164 165 167 168 167 165 164 165 168 173 176 178 176 174 169 161 152 152 161 169 177 179 181 186 189 195 202 207 207 207 206 204 200 193 190 195 197 192 189 186 167 143 131 131 135 129 123 132 141 
14 16 27 41 58 77 96 117 132 144 152 160 165 166 166 167 168 169 171 170 169 168 169 171 174 178 180 179 176 167 158 154 160 169 177 182 187 196 200 198 198 201 208 209 209 209 208 206 194 179 181 191 188 178 166 153 148 136 125 130 133 121 126 143 
52 34 23 21 28 41 55 73 94 114 130 144 154 161 166 169 171 171 173 173 173 173 173 175 176 181 184 182 175 165 158 160 170 183 191 192 193 200 206 208 206 207 211 211 211 211 210 208 196 176 165 177 182 174 158 139 147 156 148 138 131 122 127 136 
114 101 86 76 77 78 79 83 87 93 102 115 127 141 152 160 166 169 173 176 177 179 180 181 184 188 189 186 176 167 166 173 185 195 200 201 199 200 204 211 216 216 215 215 213 213 212 210 196 177 161 166 178 175 153 135 133 144 143 138 138 135 141 138 
141 137 134 130 130 133 133 134 132 129 125 124 127 136 147 156 161 164 168 172 178 183 188 190 193 194 193 187 177 173 178 185 195 201 203 204 200 200 206 213 219 218 217 215 215 215 212 207 191 168 153 161 172 172 153 138 139 139 146 140 134 127 144 147 
151 153 155 155 155 157 159 159 159 160 159 158 159 160 162 163 165 164 164 166 170 176 183 188 192 195 192 185 178 178 185 194 203 206 206 209 206 206 211 217 221 217 215 213 212 210 207 201 186 166 154 161 170 164 142 128 135 142 155 155 139 138 155 154 
151 155 158 159 160 161 162 163 165 167 171 173 176 177 178 178 176 172 165 160 159 162 169 176 180 182 181 175 171 176 188 199 210 216 217 218 213 209 211 215 221 220 216 210 202 196 192 190 186 174 167 169 172 167 154 145 142 145 150 149 144 140 158 158 
152 155 157 158 161 161 162 164 167 170 174 176 178 179 179 181 180 178 171 166 164 163 165 170 170 170 172 170 171 182 195 206 219 228 229 228 221 213 210 211 216 216 211 204 194 186 183 187 189 184 179 176 171 160 154 153 144 132 129 130 145 139 154 159 
155 156 157 158 160 161 163 165 167 172 176 178 179 179 180 180 179 177 172 171 174 176 177 179 176 175 179 181 186 194 203 214 225 231 233 230 223 214 207 205 206 200 195 190 186 184 184 189 192 189 182 174 163 153 149 152 150 140 131 135 146 137 137 148 
156 157 157 159 160 162 163 164 167 171 175 178 179 177 178 178 178 176 173 175 179 179 182 184 183 187 193 196 201 205 211 219 226 228 227 220 211 204 196 192 191 186 183 180 180 183 184 187 188 184 174 161 149 143 146 153 160 160 152 153 156 155 154 157 
157 158 159 159 160 160 162 162 166 166 163 164 161 158 161 165 169 172 176 179 179 182 188 191 194 200 197 194 197 197 201 205 211 215 215 206 195 186 179 176 178 183 184 184 183 186 188 189 185 176 165 152 144 140 141 146 154 159 160 162 164 170 173 170 
158 157 159 159 159 160 162 162 165 161 160 173 170 168 168 166 164 166 168 171 177 181 184 183 178 163 162 168 174 176 176 176 174 179 180 179 179 176 182 184 186 191 197 204 206 210 209 210 206 199 193 182 168 156 151 143 139 139 143 148 160 174 178 177 
167 161 159 159 158 158 160 160 161 164 165 171 179 176 175 169 168 162 168 169 170 177 173 174 161 138 162 171 176 176 178 175 176 173 165 167 176 165 166 181 190 197 203 209 213 214 213 215 213 210 213 208 202 195 189 171 154 144 144 137 140 161 168 167 
176 172 165 160 158 157 158 160 159 160 163 167 169 175 179 178 174 171 176 176 171 163 162 169 169 166 176 181 180 177 171 158 168 159 171 181 181 165 157 163 174 189 198 207 210 212 214 215 214 211 213 208 208 206 204 199 185 173 162 149 139 146 150 151 
182 180 175 165 159 155 153 156 159 159 161 169 175 174 171 177 178 174 177 175 170 158 165 170 172 178 183 184 182 179 164 161 182 172 168 175 160 166 173 166 168 182 198 205 205 206 207 210 212 214 213 209 208 208 207 203 197 199 185 170 160 151 149 146 
184 186 181 174 165 157 151 152 159 161 162 169 176 183 181 173 175 178 178 174 171 170 171 170 179 185 186 188 190 163 144 164 177 172 156 166 162 174 183 172 170 183 200 204 202 206 200 203 206 210 210 208 204 207 207 202 203 202 198 184 174 163 158 157 
180 186 184 180 173 165 156 152 156 161 163 169 177 182 185 183 173 168 175 177 172 167 165 176 184 183 178 185 177 94 86 132 146 171 155 156 161 170 185 189 182 193 201 203 201 203 197 195 198 204 206 204 203 206 208 203 204 198 194 188 187 181 173 166 
178 185 184 182 179 173 164 154 153 160 164 171 176 180 182 180 177 174 171 176 172 169 174 181 185 191 184 184 171 54 24 75 142 154 169 154 177 185 191 201 202 212 209 205 198 201 198 183 185 195 202 198 201 208 205 199 202 196 198 195 192 187 181 178 
177 184 182 179 181 179 171 160 154 158 165 172 177 178 177 174 170 176 179 179 176 179 181 181 171 170 168 164 174 99 96 142 128 153 181 175 196 198 191 190 195 210 210 203 194 198 190 170 177 189 202 194 199 199 193 202 203 199 202 194 195 193 185 182 
177 183 179 175 178 182 178 167 157 156 164 173 178 177 173 167 164 180 183 178 170 179 171 169 181 188 186 174 166 171 152 144 155 178 169 202 197 190 185 182 196 211 212 194 188 189 186 170 170 183 195 188 202 196 204 203 206 201 197 193 195 197 189 180 
177 183 179 173 175 181 182 176 164 158 162 172 176 176 169 162 159 184 193 184 181 176 181 176 167 168 167 168 161 168 181 187 185 185 194 219 209 206 190 195 217 220 214 194 177 177 192 181 165 175 193 189 196 197 200 194 203 195 192 198 195 196 189 178 
175 180 178 171 170 178 184 182 172 160 161 170 177 177 169 161 159 186 184 178 173 176 175 171 166 166 167 176 185 190 188 190 203 232 237 234 228 219 206 174 198 207 195 191 157 159 184 189 163 174 190 186 194 197 193 191 200 194 193 198 194 194 188 180 
173 177 177 171 167 173 182 187 180 168 161 167 175 177 172 164 166 189 186 176 183 182 190 190 185 174 179 194 210 228 230 233 242 246 246 242 236 226 210 186 178 173 171 171 139 161 171 184 173 166 180 180 188 191 183 187 194 190 188 189 189 190 186 176 
170 172 175 171 166 168 179 188 186 176 167 166 172 175 173 165 167 183 185 172 170 177 176 174 184 181 177 170 176 190 199 206 225 243 243 240 233 220 201 172 194 193 179 169 141 165 167 177 170 159 166 173 177 182 185 189 196 199 197 193 192 188 180 170 
172 169 171 171 165 165 175 187 191 183 174 168 167 171 170 165 170 177 175 176 180 182 181 186 194 189 184 169 165 167 163 171 181 196 232 243 232 217 199 212 228 214 187 181 156 168 174 172 160 156 159 166 171 180 187 196 206 205 202 200 196 189 183 180 
171 167 168 169 166 165 173 185 192 187 179 171 165 164 164 162 160 169 175 173 171 183 183 179 178 172 172 173 139 99 93 107 164 189 207 235 244 241 240 234 218 209 181 175 169 174 177 164 159 157 156 158 162 171 192 206 208 209 206 200 194 188 187 181 
172 167 165 168 166 165 170 180 189 190 183 175 165 159 163 161 160 163 171 176 171 177 186 192 189 189 197 169 61 41 117 142 165 202 196 209 234 247 236 224 211 206 185 179 183 176 171 158 157 158 158 158 157 161 183 203 205 204 200 198 191 185 181 175 
171 167 164 165 166 165 169 176 186 190 182 169 163 163 167 174 172 166 166 171 172 175 184 183 175 185 197 147 38 44 108 147 183 180 176 182 189 212 221 223 215 208 197 183 173 170 167 156 153 154 159 158 155 156 175 196 196 194 190 190 186 180 176 174 
170 164 161 163 166 166 169 177 182 176 167 169 169 170 178 186 176 175 173 163 154 172 181 186 182 191 199 176 107 128 158 179 177 161 157 159 172 183 193 195 216 198 189 179 172 170 159 156 153 164 167 164 166 174 184 189 186 187 178 176 176 176 168 167 
170 163 160 161 166 169 172 173 160 162 169 173 173 174 179 179 175 177 165 159 138 154 173 181 183 187 190 187 159 165 191 182 166 156 158 159 145 149 163 174 181 181 184 192 178 161 157 160 153 166 173 164 177 187 191 187 189 180 178 171 166 166 178 176 
168 162 159 160 165 172 170 150 161 167 168 172 177 172 168 167 165 169 171 174 164 170 167 168 180 183 185 181 172 150 169 178 169 159 170 150 139 157 174 178 178 186 191 192 176 173 175 170 173 169 169 163 184 195 183 188 184 175 167 158 153 172 184 175 
165 160 158 161 167 173 173 161 160 160 157 164 170 171 172 173 176 180 180 186 188 183 162 149 172 176 180 181 179 167 154 156 154 167 174 167 162 168 171 179 181 193 199 192 199 191 189 181 182 177 177 186 198 193 181 178 161 162 156 164 158 164 161 152 
163 160 159 162 169 174 175 172 166 163 160 162 165 171 174 173 170 168 168 167 162 159 162 163 168 177 179 181 178 174 172 170 167 169 172 176 182 179 179 190 201 204 204 201 206 202 197 194 190 181 186 194 200 180 167 159 140 149 138 139 133 149 154 150 
160 159 161 164 170 172 171 167 162 160 161 163 166 172 176 175 171 169 169 166 162 159 161 164 163 160 157 157 161 166 170 166 162 166 171 179 188 191 197 205 211 210 207 208 212 213 207 207 203 195 194 182 180 173 161 164 151 154 134 144 138 142 142 146 
159 162 163 166 168 168 166 161 158 158 161 164 168 174 178 175 170 167 165 164 162 160 160 162 164 163 162 159 155 155 158 160 157 152 153 158 164 169 180 190 202 208 210 212 219 221 213 213 198 186 187 184 180 171 169 175 162 156 143 151 141 148 152 144 
161 163 164 164 165 163 160 157 155 156 161 162 168 175 179 177 172 167 164 164 164 163 162 162 162 162 164 168 167 162 156 154 155 154 156 157 153 152 159 167 173 179 185 192 201 203 197 191 182 181 184 181 174 179 183 168 168 153 144 151 151 155 146 152 
163 163 163 161 160 160 158 153 151 154 160 162 167 175 181 179 175 169 165 164 165 166 165 164 162 159 160 164 166 165 163 160 155 151 151 153 152 153 156 156 152 152 157 156 163 165 168 171 173 180 181 181 181 177 182 172 155 158 150 157 169 161 154 159 
162 162 161 158 158 158 157 152 150 152 157 162 165 172 180 182 178 172 166 164 163 163 163 162 160 158 157 159 162 166 169 169 166 157 147 142 143 147 152 153 151 149 149 147 146 146 146 146 151 160 166 172 179 175 177 167 160 160 156 156 172 166 165 157 
159 159 158 156 157 158 159 156 152 149 152 158 162 168 175 181 180 174 166 163 163 162 163 163 161 160 159 161 163 165 168 168 169 163 151 140 136 139 142 144 147 148 148 148 148 150 152 149 146 147 148 148 155 164 170 168 166 163 155 161 172 171 164 156 
155 155 155 156 158 159 160 159 155 149 148 151 155 162 169 176 179 176 170 166 165 164 162 163 162 162 162 164 163 163 164 165 165 161 153 142 133 132 133 134 134 137 143 150 150 150 151 149 147 150 154 153 154 156 156 160 164 162 156 166 166 174 159 157 
155 155 155 157 160 161 161 159 153 149 145 147 150 155 161 168 175 176 174 170 167 167 166 165 166 166 167 168 167 169 171 173 171 167 160 150 143 138 135 135 136 141 148 154 154 153 153 153 150 153 157 160 162 163 162 163 163 164 162 165 162 167 163 158 
156 155 156 158 160 161 159 154 147 147 146 147 150 151 155 160 166 172 175 172 169 168 167 168 169 168 168 167 169 173 176 178 176 171 164 156 151 146 143 142 142 147 152 153 152 151 151 149 143 145 154 166 173 174 170 165 165 166 166 164 157 158 160 157 
157 158 159 160 160 160 157 150 148 149 149 150 151 152 154 155 158 164 171 173 171 168 166 168 167 168 167 167 170 173 176 175 173 170 164 158 154 152 148 147 149 152 153 151 151 150 149 147 142 152 168 177 178 176 173 168 162 158 159 158 154 150 145 147 
159 160 161 162 161 159 155 153 153 152 152 152 151 149 152 153 155 159 164 168 169 168 166 166 165 165 166 171 173 174 174 171 170 165 162 159 155 152 152 153 155 152 151 151 154 156 157 152 153 165 176 176 174 172 171 166 160 164 167 164 166 164 155 146 
160 162 163 163 162 159 156 158 161 157 152 150 143 144 148 148 149 153 156 159 163 165 166 167 167 164 165 169 170 171 171 170 166 163 160 156 153 149 148 149 151 154 158 165 168 164 161 159 167 173 176 172 172 173 176 177 173 179 181 172 179 184 168 152 
161 162 164 164 161 159 160 163 164 161 153 144 138 142 147 145 145 144 144 150 157 162 165 165 164 164 164 165 166 166 164 164 161 157 155 154 152 152 153 154 155 156 162 168 169 165 171 179 187 189 188 185 186 184 183 182 178 175 178 177 181 183 179 170 
160 162 163 162 160 160 163 167 165 162 152 140 136 142 146 148 145 141 139 142 145 153 158 161 163 163 164 163 162 161 159 158 156 156 156 157 157 155 158 161 161 158 158 158 160 171 188 198 197 194 194 194 191 186 183 184 172 156 171 182 181 180 175 174 
159 161 161 160 160 161 162 165 166 161 151 137 133 139 142 144 145 144 145 145 146 157 157 158 163 165 166 166 164 161 161 162 164 165 165 164 162 161 162 165 167 161 157 154 162 181 196 199 188 182 184 186 186 187 185 184 165 150 161 177 182 168 150 157 
159 160 161 161 160 159 158 163 168 166 158 149 139 139 142 145 141 137 137 139 143 156 163 165 167 168 167 166 163 162 164 166 167 166 167 169 171 169 168 168 168 163 165 169 175 186 195 194 185 182 184 180 182 187 188 181 161 153 150 164 171 152 150 156 
158 160 161 162 160 159 160 163 167 167 167 165 159 157 158 159 155 147 138 133 141 155 162 166 167 166 165 164 162 160 161 162 164 164 165 166 165 163 161 164 162 158 167 177 182 187 194 195 190 189 187 183 181 183 186 174 156 159 153 150 168 164 146 162 
155 157 157 157 158 162 166 169 170 170 170 169 167 167 170 174 173 168 163 158 158 166 172 172 168 160 156 155 156 156 156 156 156 158 159 158 146 133 135 148 159 160 167 178 178 179 182 188 191 191 191 188 178 170 178 179 163 150 151 159 165 159 145 158 
147 151 153 155 159 163 170 176 178 175 172 165 164 166 171 177 182 183 179 175 170 171 172 172 168 160 151 151 153 157 158 155 153 157 158 152 132 120 132 149 162 167 166 170 167 165 164 173 181 185 188 185 176 172 178 180 169 152 147 153 140 153 151 138 
138 145 151 154 161 166 173 177 177 175 172 166 162 164 166 171 177 180 183 179 171 166 164 164 164 158 150 149 151 155 157 156 155 157 154 139 124 129 146 160 165 166 162 162 163 165 164 171 174 173 173 173 174 175 176 178 174 162 149 148 139 144 150 148 
121 137 148 155 163 168 171 173 174 174 171 166 160 162 163 167 171 174 177 173 165 159 156 157 158 156 152 152 152 153 154 153 154 152 144 127 131 149 162 169 167 167 162 158 162 163 164 170 174 171 167 162 156 157 171 172 170 170 162 147 139 153 156 135 
87 119 138 150 162 164 167 168 168 170 170 165 159 158 159 162 166 169 172 172 162 154 149 150 156 155 153 152 152 153 154 157 158 152 137 131 147 163 165 162 163 168 166 169 171 166 161 159 154 159 169 169 158 160 171 167 163 164 167 155 124 136 156 146 


104 107 107 105 105 103 103 105 107 108 108 105 96 90 99 107 107 104 102 101 99 103 109 113 115 117 119 118 117 115 112 110 110 110 110 111 111 109 101 106 118 122 109 110 130 139 135 134 141 148 140 121 117 135 139 135 136 126 110 102 128 118 70 51 
105 108 107 107 108 106 104 104 106 110 113 109 98 92 97 104 105 104 103 102 104 108 114 118 120 123 122 120 117 115 113 112 111 111 111 112 112 105 105 116 122 112 106 121 147 160 160 155 152 153 154 149 145 145 147 145 135 107 89 90 102 109 64 61 
106 107 106 108 110 109 106 104 104 109 114 114 107 99 97 99 102 103 103 106 111 116 120 123 125 127 125 122 119 117 116 114 113 112 112 112 109 108 117 122 118 103 118 144 165 167 166 164 163 163 161 158 156 146 138 145 149 143 120 96 81 93 61 52 
107 106 105 108 110 111 110 107 105 107 113 117 115 108 100 97 100 103 107 113 118 121 124 126 127 128 128 125 123 120 118 116 114 113 112 111 108 116 123 122 113 113 138 163 173 172 171 169 163 158 151 151 152 150 137 133 145 147 130 112 113 118 93 52 
108 105 105 108 110 112 112 110 108 108 111 116 119 116 108 100 101 107 113 119 123 125 127 129 129 130 130 129 127 123 119 117 115 114 112 108 114 121 123 123 114 130 157 174 178 177 176 174 163 150 141 138 130 130 131 126 132 136 103 63 82 113 119 89 
109 106 106 108 111 112 113 113 112 112 113 119 127 125 115 105 107 114 118 123 126 127 130 130 130 131 133 133 131 126 121 118 115 114 109 112 120 118 118 110 109 131 156 176 182 181 175 174 172 167 160 150 137 130 139 143 140 127 95 57 57 104 128 125 
108 109 107 108 110 112 113 114 114 116 120 127 133 129 119 112 115 120 122 125 127 129 129 129 131 135 138 138 135 129 124 118 114 110 109 118 121 115 104 93 99 121 150 175 185 180 166 160 164 166 154 147 152 159 155 150 137 104 70 60 61 75 116 116 
93 101 103 105 108 112 114 116 119 123 126 130 133 132 127 123 124 126 127 128 129 129 129 131 135 141 143 143 138 132 125 118 111 109 118 120 120 108 92 98 120 147 169 185 188 180 159 140 149 160 153 142 152 166 157 134 102 63 48 54 62 62 91 94 
59 72 80 89 98 107 114 119 123 126 127 131 134 134 132 130 130 132 132 132 130 129 130 134 140 145 147 146 141 134 126 115 110 117 124 127 123 106 103 123 152 178 191 194 194 189 174 152 151 167 173 165 167 174 165 128 90 68 77 80 62 58 74 84 
24 33 44 58 76 89 101 108 116 123 128 132 135 135 134 133 134 135 137 135 133 131 132 137 143 148 150 148 142 134 122 113 115 125 133 140 138 138 146 154 173 188 197 199 198 196 192 183 169 166 176 181 174 170 160 123 80 62 65 74 70 61 82 99 
12 13 20 29 39 53 70 87 101 112 121 128 133 136 135 135 136 137 138 138 137 136 136 139 143 149 152 150 143 130 118 114 124 135 141 144 151 167 176 176 179 185 196 201 201 199 197 192 167 138 142 164 158 140 119 106 102 87 68 72 74 59 78 107 
39 25 17 16 20 27 37 50 67 85 99 110 119 127 132 136 138 138 140 141 141 141 141 142 146 151 154 153 142 127 119 124 138 154 163 161 160 175 188 193 193 196 201 204 204 202 200 195 168 126 107 134 146 130 105 84 102 118 107 93 82 69 87 101 
89 76 63 55 55 57 58 61 63 68 76 86 98 110 118 125 131 135 139 143 145 148 149 151 155 160 162 156 142 130 131 141 156 171 179 178 170 175 184 197 208 208 208 208 206 205 204 197 170 129 103 122 147 143 107 74 75 96 95 88 90 94 111 104 
114 109 104 101 101 104 105 106 105 103 99 98 101 108 116 122 126 129 133 139 145 153 160 164 168 170 168 158 144 139 145 156 171 179 181 182 172 173 187 201 211 210 209 208 207 206 204 194 164 121 97 117 143 144 112 80 75 89 102 93 81 83 115 113 
124 125 124 123 124 125 127 129 130 129 128 128 128 129 131 131 131 131 131 133 137 145 153 161 167 168 163 152 144 143 153 168 183 188 186 187 182 184 195 206 212 209 205 200 199 196 193 186 161 125 105 120 139 134 99 74 82 100 123 123 103 101 127 122 
127 129 130 129 128 129 131 134 137 139 141 144 146 148 149 149 146 139 130 123 122 128 136 143 145 144 142 133 129 139 158 178 195 203 205 205 195 189 196 203 211 211 205 194 182 172 169 170 164 143 131 137 146 139 120 105 102 109 116 116 112 104 128 132 
129 130 131 129 129 129 131 135 137 141 144 147 149 151 153 153 150 143 134 128 125 124 126 128 123 120 121 118 123 144 167 189 209 220 221 219 208 196 192 194 203 204 199 188 171 159 157 166 170 162 155 152 146 132 123 119 105 85 76 84 104 95 120 132 
130 130 131 131 130 130 131 134 137 140 145 148 150 151 152 152 148 141 134 133 137 138 135 132 122 118 126 131 141 157 178 199 216 223 225 220 210 198 185 183 188 184 178 170 162 161 162 171 173 169 162 150 135 122 117 120 112 92 75 86 103 91 100 117 
131 131 130 132 132 131 131 132 136 140 145 148 148 145 145 146 145 141 137 139 142 142 144 140 133 135 146 156 166 175 188 204 216 220 218 207 193 181 168 165 167 161 158 156 151 155 157 162 166 162 149 131 116 108 110 119 127 125 112 117 124 124 126 130 
128 129 130 130 132 132 131 131 133 128 122 121 114 105 104 105 112 122 130 139 141 146 153 153 154 163 159 153 158 161 168 179 189 197 199 186 166 151 140 138 145 152 158 161 157 162 166 167 164 151 136 118 106 97 95 100 110 118 124 132 141 148 153 149 
132 129 130 129 129 130 130 130 129 115 114 131 127 119 113 100 90 96 103 111 125 134 138 134 129 117 109 111 118 121 122 123 123 133 136 134 133 128 137 143 149 160 179 195 200 205 205 206 200 189 179 161 137 117 105 90 84 84 93 107 132 153 160 158 
142 135 131 129 127 126 128 128 126 128 123 127 142 137 130 115 106 95 105 111 116 124 112 114 98 77 100 112 119 119 121 116 117 112 105 110 122 105 109 132 155 174 190 203 210 213 212 214 211 206 209 204 194 183 172 143 115 92 86 82 103 134 144 141 
153 147 138 131 127 124 123 126 124 124 129 128 127 132 137 138 130 125 134 134 122 108 106 115 111 105 119 127 127 122 110 96 108 98 114 129 126 101 92 105 129 160 184 200 205 208 211 213 212 209 211 206 205 203 201 192 169 145 121 100 93 106 114 115 
161 157 150 138 129 123 119 122 124 124 128 139 144 133 121 130 137 135 141 135 124 106 113 119 117 123 131 132 131 125 101 105 133 115 107 116 100 106 114 108 119 147 181 197 198 200 201 207 210 213 211 206 206 205 204 199 190 192 169 140 119 104 101 100 
163 164 158 148 136 125 119 118 123 127 130 139 149 155 146 126 123 129 134 128 122 120 119 116 127 134 132 139 145 108 95 125 133 118 94 102 101 121 135 121 122 153 186 196 193 199 191 196 203 209 209 207 201 204 204 198 200 199 193 171 151 130 117 114 
161 167 165 158 146 134 123 117 121 128 133 140 149 155 158 152 129 109 116 122 117 112 109 125 138 134 121 135 129 59 65 109 116 122 97 97 105 121 148 155 146 173 188 193 191 196 188 186 190 200 202 201 199 205 207 200 201 194 187 179 177 167 149 136 
159 166 166 162 156 145 132 121 118 127 135 142 149 154 155 152 143 122 108 116 115 114 123 136 142 149 138 140 125 40 25 66 121 109 114 104 141 155 164 178 182 202 201 196 185 191 188 167 171 187 197 194 197 206 203 195 198 191 193 189 188 180 169 161 
158 165 163 160 159 154 142 128 119 124 135 143 149 151 149 143 135 128 118 119 114 122 126 131 120 115 111 112 124 60 75 119 101 106 133 137 175 174 159 152 165 199 204 193 178 185 174 145 158 177 196 187 195 195 187 199 199 196 199 190 191 189 177 170 
158 164 160 155 158 159 152 137 124 123 133 144 149 148 141 132 124 128 125 117 104 120 114 115 132 141 138 121 116 125 110 104 110 129 119 181 174 159 147 142 170 204 209 182 167 169 169 146 146 168 186 178 197 192 201 201 205 199 194 189 192 194 181 166 
156 162 158 151 153 159 158 147 132 124 131 142 149 147 134 120 110 128 139 125 119 115 123 117 112 114 113 114 109 121 138 148 147 150 171 211 195 190 161 176 214 218 210 181 149 147 173 161 142 159 185 180 191 193 197 191 202 190 187 196 193 193 181 162 
153 160 157 148 147 155 160 155 141 128 129 140 147 145 131 114 104 128 123 114 109 112 112 107 108 114 121 136 154 162 161 167 185 226 233 229 221 203 171 138 187 204 186 175 119 113 151 167 139 158 183 178 188 194 189 187 199 190 188 196 192 190 181 166 
150 155 156 147 143 149 159 160 151 137 131 137 145 142 128 110 105 129 126 113 120 124 140 143 137 127 144 173 201 224 229 232 242 243 242 237 230 214 172 121 115 137 143 137 89 102 122 152 149 145 166 167 179 184 173 180 189 183 182 185 185 185 177 159 
149 151 152 146 140 143 155 164 160 146 136 135 137 135 122 103 100 120 126 109 107 116 120 122 136 132 131 127 143 169 180 190 219 241 240 237 227 204 157 111 152 171 155 136 94 115 127 149 145 133 142 154 164 170 173 181 191 196 194 189 187 182 167 151 
149 147 148 145 140 140 151 163 164 154 143 135 127 122 109 96 101 114 114 115 122 125 127 140 152 143 136 122 123 130 129 135 145 168 225 242 229 208 175 199 229 214 177 160 121 138 151 147 130 125 130 139 149 164 176 190 204 203 200 197 192 182 171 165 
149 145 145 144 140 139 146 159 167 161 150 136 120 106 95 92 97 110 119 118 117 133 137 128 124 118 119 124 95 67 66 77 120 142 183 232 245 241 239 235 218 208 170 156 144 153 156 135 126 121 120 124 130 148 183 203 205 206 204 197 189 181 178 166 
148 143 142 142 141 139 143 155 165 165 153 136 115 99 99 102 105 111 120 125 119 127 141 150 143 142 159 123 47 36 100 116 122 165 161 193 231 247 236 227 212 205 176 163 167 155 144 125 118 117 117 118 119 129 167 197 200 199 196 193 185 176 168 158 
148 142 140 141 141 139 142 152 162 164 151 125 112 110 119 132 134 126 123 126 124 122 132 128 112 129 155 100 28 44 96 118 139 129 134 154 168 203 220 223 216 207 192 169 152 144 137 120 113 114 117 118 117 121 153 187 188 187 182 181 176 167 160 156 
146 140 138 138 141 141 143 151 156 143 126 127 127 128 145 161 144 140 134 116 105 121 125 130 124 138 157 126 61 98 129 144 126 97 99 108 134 160 180 185 212 192 180 162 148 142 130 122 117 131 137 134 138 152 171 179 174 177 164 161 161 160 148 146 
144 139 136 136 140 143 147 144 120 120 134 141 136 132 141 142 135 139 117 104 79 101 119 123 124 133 140 136 97 116 150 136 107 92 96 101 99 110 131 156 169 169 173 180 158 135 127 128 122 140 151 140 159 176 183 178 179 168 163 150 141 138 157 158 
142 136 133 135 140 146 139 106 120 131 128 123 121 105 100 99 98 109 117 118 107 113 110 108 118 125 128 122 110 88 115 125 107 97 111 91 83 113 148 162 165 175 181 182 160 154 153 145 150 146 145 140 172 189 172 179 169 152 135 116 110 136 161 150 
140 135 132 135 142 147 141 120 117 113 99 95 96 95 98 102 111 121 123 136 137 123 96 87 109 111 119 121 119 103 91 93 91 109 120 111 111 132 145 159 167 185 192 184 192 182 179 164 165 160 162 174 193 183 160 152 126 115 104 109 108 116 113 103 
138 133 132 137 143 149 149 140 126 112 99 99 102 106 108 107 105 104 102 100 93 88 87 91 100 111 114 117 115 111 109 106 102 108 117 126 141 142 146 169 192 199 201 196 202 198 190 187 181 169 176 185 188 152 121 104 84 86 76 77 74 86 88 89 
135 134 135 139 144 148 145 135 121 108 99 100 104 110 112 109 104 101 100 96 89 84 85 89 89 88 84 84 90 96 101 97 97 107 117 133 151 164 178 194 207 207 206 207 211 213 206 205 198 187 180 149 141 125 107 106 91 87 71 76 71 81 79 82 
134 135 137 140 143 143 139 128 116 106 100 101 106 114 117 111 102 97 95 93 88 84 84 88 91 93 90 87 81 80 85 87 85 83 86 98 109 121 140 163 189 201 207 211 220 220 212 210 186 161 154 137 126 116 113 117 102 94 78 84 79 89 92 79 
136 137 138 139 139 137 132 122 110 102 98 100 107 114 120 114 102 94 92 93 91 90 89 89 89 92 97 100 97 89 83 81 81 81 81 83 83 86 99 116 132 147 159 174 191 193 183 167 147 135 135 127 118 127 129 111 108 85 76 88 93 94 88 87 
136 137 137 136 135 132 126 115 104 97 97 100 106 115 122 119 108 98 94 94 93 94 93 92 89 88 91 97 100 98 95 89 82 78 77 79 78 78 82 84 84 88 98 103 120 123 123 121 122 127 125 125 128 124 128 111 93 88 81 96 113 103 99 98 
135 134 132 131 129 128 124 114 102 94 95 100 105 113 122 123 115 104 95 93 91 91 91 91 89 88 89 93 98 104 108 106 99 88 75 68 68 71 75 75 73 73 74 75 78 81 78 80 87 97 104 113 121 117 117 103 93 91 86 98 121 112 108 99 
130 129 128 127 128 128 126 118 106 93 90 95 101 108 118 123 119 109 97 90 88 89 91 92 92 93 94 97 101 105 108 108 107 98 83 68 62 63 66 68 69 70 71 73 74 79 77 75 74 75 77 82 94 102 108 107 106 98 89 103 124 119 108 96 
126 125 125 126 128 129 130 125 114 99 88 90 93 100 109 117 120 114 103 95 91 90 91 93 96 98 100 102 102 103 104 104 102 95 83 69 59 56 58 58 58 61 69 77 80 80 79 76 73 76 83 88 93 96 99 104 111 106 96 110 119 127 104 95 
124 124 124 126 129 131 131 126 116 105 92 87 88 92 99 109 116 116 110 100 95 93 93 94 98 103 106 107 107 109 112 113 109 101 88 74 64 58 56 57 58 66 77 86 88 88 85 83 81 86 95 104 113 117 118 118 121 125 119 121 118 123 113 99 
125 124 125 128 130 130 128 120 112 106 96 89 88 89 92 99 106 113 113 107 100 96 96 96 99 101 103 106 110 115 120 121 118 109 95 81 71 65 61 61 64 74 84 89 89 89 88 86 84 92 110 128 140 142 137 132 133 134 133 129 116 115 116 111 
126 127 128 130 131 129 124 116 112 108 101 95 92 90 91 93 97 104 110 112 106 99 95 95 97 99 101 104 110 115 118 118 115 107 95 84 76 70 66 66 74 82 88 90 90 90 91 94 96 113 135 149 152 148 142 137 130 125 127 124 119 114 109 113 
129 130 131 133 131 127 120 117 116 110 104 100 94 89 90 91 92 96 102 107 108 105 101 97 97 98 102 109 113 116 116 113 107 98 90 83 78 74 76 80 87 88 91 93 100 105 111 110 116 132 146 149 147 145 142 136 125 130 136 130 137 140 128 116 
131 132 133 133 130 125 121 122 120 114 107 100 88 84 88 88 87 89 93 98 103 105 105 105 103 102 104 108 110 112 110 108 101 92 85 80 78 78 82 87 91 96 105 116 125 126 126 126 135 145 150 147 149 150 153 152 143 151 155 143 157 167 143 116 
131 132 132 131 127 124 124 127 125 118 108 95 81 82 87 88 86 84 85 91 98 103 106 106 106 105 105 104 103 103 101 97 93 87 84 84 85 88 91 96 101 106 118 129 134 134 143 150 163 168 171 170 170 168 166 164 153 148 154 156 162 167 158 143 
130 130 129 126 124 124 127 131 127 120 107 89 77 79 84 89 89 90 92 94 97 101 103 104 105 104 105 104 101 97 95 93 95 96 98 99 97 99 104 110 114 114 118 122 127 143 168 180 181 178 181 182 178 172 169 167 140 111 140 163 165 163 156 153 
129 129 127 124 123 125 126 128 128 120 105 86 74 76 80 85 89 96 101 103 106 114 112 106 107 108 109 108 106 103 104 108 113 117 116 115 112 114 120 129 131 127 123 120 127 154 181 185 166 157 162 168 171 172 173 165 125 93 118 153 164 137 108 121 
128 128 127 125 125 122 121 126 130 126 114 100 85 81 86 91 90 90 93 99 107 118 122 120 116 113 111 110 107 107 110 116 119 121 123 127 133 136 141 144 142 136 136 135 139 159 179 178 162 157 161 159 163 172 175 158 116 92 90 125 141 111 104 119 
126 128 129 127 124 123 124 127 129 128 124 120 112 110 113 116 111 102 94 92 105 119 122 123 119 112 108 107 107 108 110 112 114 114 118 126 130 135 137 139 135 127 134 140 151 164 178 183 174 173 171 164 161 166 169 145 105 99 92 100 138 134 104 136 
122 124 124 123 125 130 134 136 134 131 126 122 120 123 131 140 139 132 125 117 120 131 136 133 123 105 96 96 98 102 105 106 105 106 108 109 103 99 105 113 118 113 120 136 141 148 156 171 176 178 179 175 156 143 159 157 121 93 94 113 133 126 106 129 
113 117 118 122 128 134 141 148 148 141 131 117 114 120 132 144 154 157 151 142 134 134 134 130 122 106 90 89 94 100 104 103 100 102 102 100 86 79 88 97 105 107 107 115 112 114 118 141 159 169 174 170 154 150 163 165 141 101 86 95 84 113 116 98 
104 113 117 123 132 138 145 152 152 146 138 124 116 119 125 135 147 155 159 151 138 128 119 114 112 103 92 90 93 99 102 101 100 99 95 86 80 88 101 112 110 107 99 99 102 111 115 133 143 147 145 147 149 154 160 163 156 130 101 92 85 105 120 119 
88 105 117 124 134 139 143 149 150 147 141 131 119 118 121 131 140 146 152 145 132 116 101 95 98 98 97 98 99 99 98 97 97 95 88 79 95 115 125 132 124 119 108 103 108 113 120 135 145 141 136 129 117 123 149 156 153 152 135 104 94 124 133 106 
57 86 108 122 133 135 139 143 141 144 143 132 120 116 118 125 135 139 148 144 129 109 85 79 90 96 100 103 105 106 106 107 108 101 91 92 115 131 131 123 121 127 127 134 136 128 121 114 107 121 142 143 125 130 151 150 143 146 148 124 74 101 135 124 


65 66 65 67 68 65 67 68 67 66 64 63 56 53 58 62 62 64 64 63 62 63 65 63 66 64 65 64 63 63 62 61 61 60 62 60 60 57 50 47 54 61 63 85 110 118 116 116 120 124 118 102 100 115 118 114 116 107 96 90 106 98 64 53 
66 68 67 68 71 68 68 69 69 68 70 67 59 56 58 61 63 65 66 65 64 67 67 65 68 68 68 66 64 65 64 63 63 63 62 61 60 53 47 52 61 61 72 100 124 134 133 128 126 129 128 123 123 123 125 123 116 96 84 84 92 91 59 60 
68 68 68 70 72 71 69 70 68 69 71 71 65 61 57 60 63 64 65 67 67 69 69 67 70 70 69 68 68 66 65 64 63 63 61 61 57 49 51 59 64 68 93 122 139 139 137 134 132 134 133 131 131 125 120 126 127 121 102 89 79 79 56 53 
69 71 70 72 73 71 70 70 69 68 71 73 71 66 61 59 60 64 66 68 68 70 69 69 72 72 71 70 70 67 65 64 64 62 62 58 52 53 57 68 78 93 118 138 144 142 142 138 133 130 126 125 131 131 122 119 127 126 111 98 95 89 71 54 
70 71 71 71 73 73 70 70 70 68 70 70 73 71 65 60 61 66 69 69 70 72 72 71 73 74 74 74 72 69 67 65 64 61 60 52 51 57 66 82 96 116 135 146 147 146 144 143 135 124 120 119 117 117 119 115 117 116 92 67 73 82 85 70 
71 70 70 71 73 73 72 73 70 69 70 72 76 75 68 63 65 69 71 71 72 73 75 73 74 75 76 77 75 72 68 67 64 60 53 50 55 61 77 92 104 120 133 149 150 149 145 145 144 139 135 128 121 116 123 125 120 109 88 63 57 79 89 87 
69 70 69 70 71 71 70 70 70 71 75 76 78 77 72 69 72 72 72 72 72 74 75 74 76 78 78 78 78 75 70 65 61 54 50 54 61 70 79 91 99 111 130 148 155 153 139 135 140 141 133 127 129 135 133 129 119 93 73 66 59 64 88 85 
62 67 69 70 71 71 71 72 74 76 78 78 81 81 77 75 76 75 74 74 74 75 76 76 79 80 81 80 79 78 71 63 56 48 53 61 70 79 85 100 113 129 144 157 160 153 135 120 130 139 131 122 129 137 130 113 94 67 55 59 59 56 77 76 
41 47 55 62 67 70 72 76 78 78 79 79 82 83 82 80 80 80 80 78 77 77 78 79 81 81 80 79 81 77 68 58 51 52 62 75 86 90 100 117 135 153 163 165 164 161 148 129 130 142 145 137 138 142 135 110 86 69 72 74 58 55 68 71 
24 28 33 43 54 61 64 70 75 76 80 81 84 82 82 82 82 83 84 82 82 80 79 79 82 84 83 81 82 75 64 52 50 60 75 94 110 125 134 135 149 162 171 171 170 169 166 158 146 140 146 150 143 142 137 108 78 62 63 69 66 56 70 79 
19 20 23 25 31 37 45 57 63 69 74 78 81 81 81 81 81 83 85 83 82 82 81 82 83 85 86 85 81 71 59 52 57 72 89 105 126 148 154 151 152 157 168 173 175 173 170 166 145 123 124 140 135 124 110 93 88 72 59 68 68 54 65 80 
25 21 19 19 21 23 25 32 42 51 58 65 69 74 77 79 80 81 83 83 82 84 82 82 85 85 85 84 79 68 58 59 70 92 114 128 139 152 162 167 166 168 173 176 176 174 173 167 143 115 101 119 128 115 93 74 83 92 84 77 70 59 70 75 
32 31 28 26 26 25 25 27 27 28 34 41 48 56 60 65 71 74 77 79 82 83 82 82 84 85 86 82 76 67 63 69 87 113 137 150 151 152 159 173 184 185 181 179 178 178 177 169 144 115 91 101 119 115 87 65 66 78 77 74 76 74 80 76 
37 36 31 29 28 27 27 26 26 26 27 27 28 33 37 44 51 59 67 71 77 81 83 84 88 90 87 81 74 69 69 81 105 129 148 160 153 151 163 178 190 188 184 181 180 181 177 164 135 102 78 90 104 106 85 67 66 71 79 75 70 67 82 81 
40 41 37 36 34 32 31 28 28 27 29 30 31 31 30 31 36 42 49 56 63 68 76 81 87 93 90 82 78 78 86 105 132 150 159 168 161 160 172 186 194 187 182 176 174 169 162 149 124 97 77 87 100 97 74 59 66 76 91 91 77 77 91 86 
39 41 43 43 42 40 39 36 35 32 31 32 33 34 32 32 32 35 37 37 41 50 65 76 87 95 97 89 87 93 109 134 160 177 183 185 172 164 173 184 195 192 183 169 153 141 131 125 117 101 92 97 103 99 84 74 74 78 85 86 80 76 93 91 
36 39 42 45 46 45 44 43 41 37 35 33 32 31 31 31 33 35 37 34 33 37 53 73 86 98 106 100 103 116 134 158 183 199 200 200 187 173 167 170 180 181 171 155 134 119 112 115 118 110 104 103 100 89 83 81 73 63 60 65 77 70 88 93 
35 38 42 44 45 45 45 45 43 40 38 36 33 30 29 30 32 35 37 35 35 39 52 73 90 105 115 117 124 135 150 172 192 203 206 201 188 175 159 155 158 149 138 125 116 112 112 118 119 114 107 100 90 79 76 78 76 65 59 67 75 66 71 80 
36 36 38 43 45 46 45 44 44 45 44 44 44 39 36 34 34 37 38 36 36 40 60 83 102 118 127 132 140 147 158 178 193 198 195 182 164 153 138 133 129 118 111 106 101 105 107 110 111 106 98 84 72 67 69 74 80 80 74 79 83 84 87 89 
36 36 38 42 44 47 45 43 44 44 46 56 55 49 48 47 46 43 43 41 40 49 76 99 120 137 127 114 116 115 122 139 152 163 167 149 128 112 97 93 91 89 90 92 86 91 99 101 98 90 82 66 56 50 50 48 53 59 67 82 92 100 104 100 
43 36 37 39 43 44 45 43 43 38 54 87 84 76 68 61 55 55 54 49 53 57 63 63 73 73 44 28 29 26 27 33 38 52 66 68 63 56 55 56 56 61 83 106 114 122 123 123 119 110 104 90 70 50 41 28 24 23 30 49 81 102 107 107 
61 49 39 39 41 41 41 41 39 40 50 75 98 92 82 69 63 53 60 60 60 59 46 42 27 15 16 17 19 19 20 18 20 19 17 19 26 19 23 36 55 75 94 115 124 127 124 128 129 119 127 122 112 102 94 71 46 25 21 22 48 83 94 94 
74 65 54 44 42 40 38 41 39 35 39 45 67 84 88 92 85 80 85 81 62 47 43 43 29 17 19 22 23 22 18 14 19 16 21 24 24 16 16 23 39 63 93 121 125 124 124 131 130 124 129 124 121 119 120 114 89 63 44 27 26 43 55 63 
82 76 68 60 51 41 36 38 37 35 37 42 48 57 60 77 91 87 88 77 56 40 39 34 26 24 27 26 29 30 19 21 33 23 19 21 18 18 23 26 37 56 94 116 122 126 125 129 129 132 134 131 129 126 127 122 108 107 88 63 42 26 25 26 
86 85 80 75 67 51 37 34 35 34 36 39 44 52 54 53 64 72 76 63 50 42 30 24 33 33 29 29 42 38 38 48 41 26 17 19 20 30 34 32 39 72 98 114 115 130 125 131 131 133 137 137 126 127 130 119 120 119 114 95 75 51 36 32 
82 86 86 83 78 66 48 36 33 34 35 38 43 48 51 53 50 40 46 49 40 33 27 33 45 42 32 41 49 33 35 41 42 36 20 20 29 38 54 58 53 91 103 106 109 128 127 129 129 135 137 135 128 133 139 130 129 123 111 99 95 85 72 59 
80 84 84 83 83 77 62 43 31 33 36 39 41 45 48 50 52 43 27 29 30 31 39 48 55 63 52 53 59 33 30 30 36 32 27 31 64 69 69 73 77 113 120 115 103 122 133 121 118 124 131 130 130 141 138 127 124 117 116 112 105 94 88 84 
78 82 81 82 84 82 72 53 35 32 38 42 46 46 48 50 49 45 31 28 25 29 36 43 37 33 35 38 54 30 40 38 35 31 35 49 85 72 49 34 50 108 129 126 106 118 124 104 109 115 131 125 133 131 119 125 125 124 128 117 113 105 95 91 
81 82 80 80 83 84 78 64 41 32 39 45 52 52 50 48 46 44 36 30 20 26 27 33 45 50 51 44 42 48 37 40 47 47 31 88 76 49 35 31 63 119 138 122 110 108 118 110 108 112 123 113 131 125 135 133 136 134 129 119 109 108 99 87 
81 83 81 80 82 83 82 73 55 37 40 49 55 57 53 46 39 43 44 34 28 27 35 34 34 38 38 39 36 36 39 43 44 60 92 129 107 96 64 84 135 148 149 128 108 97 114 126 119 113 126 122 133 131 136 129 137 125 115 118 110 108 101 84 
80 84 84 80 79 82 83 78 66 47 42 50 56 61 55 42 35 43 34 26 24 29 29 29 33 43 53 67 81 88 81 86 105 162 173 169 160 137 106 85 131 152 144 141 93 67 88 116 114 122 133 129 136 137 133 130 135 125 120 123 116 115 105 90 
81 83 86 82 78 79 82 82 73 58 47 50 57 61 55 39 33 44 34 25 29 31 45 49 50 52 79 108 146 185 193 201 215 216 214 206 197 176 131 98 96 110 120 122 76 52 59 105 123 121 127 123 130 130 121 126 127 119 117 117 114 111 103 87 
82 82 85 83 78 78 80 84 79 67 54 52 54 58 50 36 33 39 33 22 22 29 34 37 47 44 48 60 89 130 144 159 205 238 237 229 213 181 137 108 134 136 126 116 89 84 100 134 129 118 116 116 117 115 113 112 115 118 117 110 105 99 90 77 
84 83 84 85 81 78 78 84 83 72 62 55 49 46 39 28 29 28 26 29 33 35 39 47 53 52 55 54 67 89 95 97 110 145 221 244 229 207 176 194 215 200 162 150 121 138 152 137 114 109 107 107 105 105 103 104 112 107 101 101 103 96 88 84 
85 85 85 86 82 78 76 81 83 78 71 61 45 34 26 22 23 31 35 37 41 53 58 47 42 43 53 64 60 54 57 70 80 71 138 217 243 244 242 238 224 214 175 160 148 157 148 119 105 95 90 88 87 87 102 113 111 106 102 99 97 91 94 85 
86 86 84 84 83 77 76 80 82 81 75 64 44 29 33 46 58 62 58 52 50 55 62 65 64 59 75 64 45 38 50 54 52 72 80 139 215 246 240 235 223 215 183 164 166 148 132 107 93 86 81 78 74 76 93 104 102 101 98 100 99 93 88 81 
87 85 82 84 82 79 76 76 80 82 73 54 48 60 77 88 95 86 80 73 62 51 52 50 37 43 68 52 34 58 53 51 55 44 70 104 131 191 228 233 226 212 189 162 143 134 126 105 90 82 81 78 74 70 83 102 100 104 102 103 99 92 85 81 
88 84 81 83 84 80 76 77 76 69 65 80 98 105 113 118 112 107 95 75 61 59 49 50 45 55 74 66 50 60 61 69 49 33 54 73 103 143 175 182 213 187 170 150 139 135 121 111 100 112 116 110 106 105 106 105 96 102 93 93 88 87 77 75 
88 84 82 83 84 82 80 73 56 79 111 124 120 116 122 119 115 118 90 72 59 63 56 47 47 55 66 71 57 67 75 67 50 48 61 69 77 96 120 153 166 165 165 169 147 127 120 117 106 129 143 122 129 130 126 111 109 93 92 83 71 61 77 81 
87 84 82 82 82 85 75 48 82 114 118 112 108 91 85 87 86 93 99 94 78 73 56 39 44 51 52 53 54 48 65 74 65 60 74 60 59 97 146 164 164 172 173 172 148 144 143 134 139 135 133 118 134 139 113 112 97 75 58 41 31 47 74 72 
87 84 82 82 84 84 78 64 77 86 77 76 75 74 75 75 76 86 87 91 80 61 41 31 41 43 49 53 62 61 55 56 58 72 83 78 90 126 141 155 164 184 189 178 185 175 171 154 153 149 146 148 151 131 95 81 54 35 27 27 31 32 32 30 
85 84 82 84 87 85 85 80 69 58 50 50 49 49 44 37 34 32 32 32 30 27 28 31 38 47 52 55 63 68 67 66 64 71 82 97 120 120 125 159 192 202 201 194 200 194 183 177 169 154 153 149 139 90 51 33 22 22 18 20 22 20 20 21 
86 85 83 83 87 87 86 80 66 54 48 47 46 43 40 32 27 25 26 26 23 21 24 25 25 27 28 32 38 42 48 52 60 77 88 106 129 145 167 192 211 213 210 209 211 208 197 193 184 165 139 86 69 54 40 37 27 22 20 24 21 21 21 22 
87 86 84 84 87 88 87 81 66 54 48 48 48 47 44 35 28 25 26 24 24 23 23 23 26 29 30 29 28 26 31 39 45 49 55 70 84 97 118 147 185 206 212 216 220 216 204 199 162 119 93 58 44 36 33 38 27 24 24 29 24 25 29 26 
86 87 84 85 86 88 84 77 64 52 48 48 48 50 49 39 28 23 23 23 23 24 23 23 26 27 31 35 36 32 29 30 38 41 46 49 52 56 71 90 114 135 150 167 186 187 169 142 109 76 63 51 42 48 44 31 33 22 22 29 29 28 30 28 
86 88 88 88 88 88 83 73 61 49 50 51 50 51 52 45 34 26 25 26 25 26 26 24 24 23 25 30 36 39 35 34 33 35 41 43 46 46 47 48 53 60 73 81 101 104 99 89 78 71 62 54 53 50 49 33 28 23 22 35 42 37 32 29 
88 89 89 88 89 89 85 72 59 48 49 53 53 55 58 54 43 31 28 26 25 26 26 27 26 23 24 26 31 37 39 39 39 36 36 34 37 39 39 39 38 38 38 44 47 54 49 50 51 51 54 57 60 51 43 33 32 23 25 36 48 42 37 32 
90 91 90 89 90 92 89 79 64 49 47 52 53 55 58 61 53 40 31 28 26 26 28 28 30 27 28 28 31 32 34 35 38 38 34 31 32 33 36 36 35 34 34 38 40 45 42 37 36 37 35 41 50 51 52 51 53 38 30 41 58 48 42 36 
89 90 91 91 93 94 92 87 74 58 48 47 51 55 57 59 57 49 37 30 28 28 29 29 32 31 32 30 32 29 29 31 32 33 31 27 27 27 30 30 30 32 35 43 43 43 42 38 35 38 42 49 57 60 63 68 74 64 50 55 67 64 44 35 
91 91 90 91 95 95 92 89 78 65 53 46 47 50 52 53 56 52 44 34 31 32 31 31 33 34 36 35 34 34 36 38 37 33 29 27 27 27 27 26 28 34 40 47 48 46 46 45 43 47 57 72 88 94 97 102 110 113 103 101 97 90 66 42 
91 92 92 92 93 93 91 85 76 69 59 50 47 47 48 49 53 52 50 42 33 33 34 32 33 33 33 35 39 43 47 48 45 41 35 30 29 27 25 25 29 36 42 48 50 50 50 50 51 63 89 116 134 138 135 131 134 136 133 132 125 125 116 89 
93 93 93 92 92 91 87 82 75 69 60 53 51 48 48 48 50 50 53 50 41 38 35 33 35 35 36 37 42 46 49 49 47 43 37 31 29 26 26 27 32 40 45 50 52 54 58 66 78 103 131 147 151 150 147 142 135 128 130 130 129 126 122 122 
94 95 97 94 94 91 87 84 80 70 62 57 52 47 49 48 49 49 54 55 52 49 45 42 41 42 45 48 51 51 50 48 43 37 33 28 29 29 34 39 46 48 49 53 61 73 87 96 109 131 147 150 150 148 144 135 125 126 131 128 137 139 131 124 
94 96 96 95 94 88 87 88 86 73 65 56 44 44 48 47 47 47 50 53 57 58 57 55 54 52 53 53 54 51 49 45 39 34 29 26 29 34 40 46 52 57 63 77 92 104 110 115 129 141 147 144 146 142 140 137 131 138 143 134 150 158 139 119 
94 96 95 95 93 90 91 94 89 78 67 51 37 40 44 46 49 50 53 56 59 60 61 59 59 60 57 54 51 47 43 40 37 31 29 30 36 42 50 56 62 71 83 99 109 115 128 137 151 154 156 152 151 143 138 138 134 131 137 142 151 155 150 141 
94 97 98 96 93 92 95 98 92 82 67 47 35 40 41 47 56 64 78 84 83 78 71 65 63 61 59 55 50 44 40 38 42 47 50 51 51 53 63 70 75 81 90 100 110 128 151 162 160 156 158 158 154 146 142 141 125 105 131 149 152 150 145 143 
95 98 97 94 94 94 95 100 101 90 73 49 36 39 39 46 59 78 98 111 115 117 106 86 74 66 59 57 54 48 47 55 66 73 75 71 70 77 92 102 108 107 107 109 118 140 162 164 144 137 143 147 148 151 151 145 118 96 117 146 157 137 114 124 
97 100 99 98 97 94 96 106 115 113 102 81 57 49 50 58 66 74 89 105 115 124 122 105 85 67 56 55 53 52 54 62 70 75 81 88 101 113 127 133 135 129 128 128 131 145 162 159 145 141 145 142 146 154 157 145 113 99 100 130 143 120 119 129 
98 102 103 102 99 100 107 116 125 128 127 118 105 97 94 101 104 100 99 99 108 120 119 106 89 64 52 52 53 53 54 57 61 65 73 88 104 119 129 134 132 124 127 136 143 149 163 167 159 158 156 151 149 153 158 141 111 110 109 116 147 141 117 144 
95 99 100 99 105 115 123 131 133 135 134 130 127 125 129 136 139 135 132 125 124 131 131 118 93 58 41 42 45 48 51 52 54 55 58 67 75 86 102 112 119 117 120 135 137 142 146 158 165 164 165 163 147 139 156 156 127 107 113 128 141 134 118 136 
84 91 96 103 114 126 133 144 147 145 139 127 124 126 132 141 150 152 149 143 136 136 132 119 98 65 38 37 42 46 48 47 48 51 53 60 62 71 89 101 110 115 115 124 121 120 122 138 154 160 164 161 149 149 162 163 144 114 106 114 103 127 130 116 
74 86 98 111 127 136 144 150 151 147 142 133 124 124 125 132 141 145 149 145 136 128 120 108 94 71 46 44 49 51 49 48 47 48 50 51 65 87 103 114 117 119 115 116 116 123 126 139 144 144 142 144 149 155 160 161 155 136 118 113 110 125 136 132 
64 87 105 118 132 140 143 148 149 147 142 134 122 121 122 128 134 137 143 137 128 117 108 99 88 72 57 55 59 58 53 49 46 47 51 59 89 114 125 133 131 132 124 119 121 124 127 136 145 140 136 131 125 129 151 154 150 152 142 122 116 139 142 116 
47 80 105 121 135 139 142 144 142 144 143 133 122 118 118 123 129 132 138 138 125 111 96 91 91 77 62 56 59 61 60 59 57 58 66 86 113 129 130 126 129 138 137 144 143 134 126 120 111 123 141 143 129 134 155 153 146 146 149 129 94 115 138 128 