


15 16 16 15 13 9 6 4 3 3 2 1 1 1 2 2 3 2 1 2 3 4 5 6 7 7 7 7 8 8 7 7 6 6 6 6 9 13 18 24 24 20 17 18 19 15 12 10 9 9 10 10 11 11 10 12 22 20 21 19 15 16 16 14 
17 18 18 18 16 14 12 10 10 9 7 6 6 6 6 6 5 4 3 3 4 4 5 6 5 5 5 5 5 5 4 4 5 5 5 7 14 22 26 26 22 20 17 14 13 11 8 7 9 10 9 11 13 17 19 24 31 31 30 24 22 22 22 21 
17 19 21 21 20 19 18 17 17 16 15 14 14 13 13 10 7 4 4 4 5 5 6 7 6 6 6 5 5 4 2 2 2 3 5 8 17 27 29 26 22 20 20 17 12 10 9 10 13 14 12 19 28 31 31 34 37 32 32 32 32 29 29 31 
11 15 19 21 19 17 15 15 15 16 16 17 18 18 17 13 9 5 3 3 3 4 4 5 5 5 5 5 4 4 3 2 3 4 7 15 23 27 26 24 25 25 23 21 14 12 14 16 22 24 22 29 38 39 36 37 39 35 32 33 39 31 29 31 
7 10 13 15 13 9 7 7 8 10 11 11 12 14 15 14 10 6 3 3 3 3 3 3 3 3 3 3 3 3 2 2 3 5 12 24 33 33 33 29 32 33 27 23 20 22 28 34 37 38 38 38 39 48 44 37 37 36 35 34 40 32 29 33 
5 6 7 8 7 6 4 4 6 8 7 6 6 10 14 15 11 7 4 3 3 3 3 3 3 2 3 2 3 3 2 2 3 8 22 34 36 35 40 41 40 40 36 31 33 40 43 48 45 44 50 45 42 44 44 42 42 42 37 38 43 38 37 39 
15 9 6 5 5 6 6 6 8 8 6 5 7 10 15 15 11 7 4 4 3 3 3 3 3 3 3 3 3 3 2 2 3 10 26 42 47 46 44 41 37 37 38 35 39 46 47 51 54 51 49 45 40 49 47 47 48 46 40 42 48 45 42 41 
32 38 34 31 24 15 12 8 7 7 6 5 8 11 16 16 12 7 4 4 4 4 4 4 3 3 3 3 3 3 2 3 5 12 27 42 52 52 45 40 42 40 39 36 40 47 44 43 51 56 49 41 34 44 49 48 50 46 47 48 45 49 44 44 
46 68 86 97 95 84 79 54 24 10 6 6 9 14 19 17 12 7 4 4 4 4 4 4 3 3 3 3 3 2 2 3 4 14 34 44 49 51 50 50 52 49 47 46 49 52 50 47 48 51 44 36 31 43 45 41 48 45 41 42 47 49 44 49 
36 63 105 126 144 164 170 149 119 76 35 18 13 16 21 18 12 6 3 3 3 3 3 3 2 2 2 2 2 2 1 3 4 12 29 41 46 46 47 52 55 52 52 54 52 52 58 54 50 44 35 28 32 37 35 36 32 34 40 42 46 46 46 44 
28 38 67 95 124 154 156 167 165 142 122 110 81 43 27 18 12 5 1 1 2 2 2 2 2 2 2 2 2 2 2 3 4 9 22 34 41 39 41 52 59 59 56 59 59 60 62 59 52 44 42 45 46 42 39 37 36 36 38 46 44 47 50 48 
22 26 39 59 87 107 103 118 131 120 95 126 158 134 98 67 69 67 38 15 3 2 2 2 2 2 2 6 6 7 8 9 9 11 17 24 34 42 53 63 68 66 64 63 61 60 58 57 57 56 58 60 59 59 60 58 53 51 51 55 55 58 57 54 
18 23 30 43 57 74 94 82 78 82 83 105 140 188 199 151 118 129 96 74 38 14 12 11 14 13 15 22 26 30 25 28 25 17 21 24 31 41 48 57 60 61 67 66 60 56 52 55 54 51 50 49 45 51 59 60 59 59 58 59 55 61 55 49 
21 23 26 34 45 64 72 70 81 75 84 98 103 148 183 167 127 117 121 93 64 37 33 37 57 61 44 48 51 41 37 33 30 23 26 24 19 29 38 25 26 29 38 49 49 55 60 58 61 56 56 50 51 50 46 45 47 50 51 56 52 48 45 40 
36 22 19 26 41 54 57 63 87 97 100 97 86 94 118 129 132 150 188 158 104 76 58 63 73 75 47 42 51 44 37 49 65 61 52 44 41 37 37 21 20 22 24 29 34 48 50 43 52 45 53 50 57 58 58 54 45 49 48 46 43 44 46 42 
10 16 20 17 27 45 54 54 66 88 95 91 90 92 87 93 100 131 169 156 148 121 93 76 72 73 73 77 75 75 64 70 100 96 89 84 85 62 68 44 41 48 47 39 30 39 31 31 35 27 32 36 40 40 52 53 50 54 52 55 46 43 47 48 
2 4 24 29 18 21 33 47 51 53 58 72 96 86 92 93 92 89 108 106 130 117 107 101 113 97 107 100 92 84 82 89 107 112 104 110 109 89 90 75 67 62 55 47 53 43 23 25 34 19 19 19 21 21 26 30 35 43 51 57 50 42 44 47 
2 2 4 24 35 18 15 23 43 49 42 43 52 66 76 90 93 78 63 64 71 77 96 84 89 90 86 88 85 71 88 91 101 113 110 129 115 108 90 90 90 80 62 56 56 37 19 25 43 34 20 10 12 14 18 17 21 25 30 36 42 38 44 43 
3 2 3 16 59 51 25 20 20 35 34 32 34 46 58 84 97 82 63 55 55 65 81 81 82 101 88 88 70 59 102 122 129 139 129 106 117 114 95 96 90 94 75 62 52 32 26 25 23 37 27 8 7 13 15 10 11 15 14 20 27 29 32 34 
12 11 13 20 49 71 54 32 26 23 26 33 30 33 46 68 96 95 68 57 60 74 79 89 89 84 89 108 98 99 103 114 156 152 143 118 109 106 97 104 105 96 91 80 56 32 22 19 17 32 35 20 11 18 9 6 9 10 14 21 18 15 19 21 
24 24 25 26 34 53 66 55 40 35 37 37 35 34 42 66 80 92 82 66 63 56 79 78 96 108 111 123 111 119 88 102 192 212 175 134 122 111 107 93 95 72 69 73 54 47 23 12 16 29 37 25 24 17 4 8 7 11 17 15 15 14 15 14 
27 27 28 28 33 48 69 76 58 46 32 21 21 34 39 69 83 85 79 70 65 68 67 90 105 112 91 83 86 95 69 50 63 99 175 194 145 117 97 75 46 40 37 47 54 57 35 24 16 27 23 22 30 12 5 5 9 14 16 16 10 8 10 11 
24 24 24 25 25 30 44 64 68 51 35 34 30 38 43 55 81 78 65 51 52 69 76 82 88 77 72 54 58 54 52 31 28 27 44 159 189 137 85 58 27 27 32 66 74 68 67 45 28 31 31 18 28 15 6 5 20 20 9 5 4 6 10 13 
24 24 24 23 21 22 29 45 66 78 72 86 64 54 62 71 67 66 50 45 41 49 60 63 59 51 53 48 53 40 51 41 29 28 36 140 216 148 80 50 45 45 57 78 92 94 83 62 50 48 49 26 27 20 9 19 20 6 1 3 5 8 14 16 
26 25 25 23 21 20 20 38 58 77 94 103 109 102 83 90 98 94 78 51 39 50 65 57 52 38 32 35 40 43 45 47 29 39 143 235 188 148 98 61 58 85 89 89 97 96 90 76 70 62 64 45 30 27 25 32 6 5 8 6 12 16 15 10 
26 27 27 24 20 18 15 22 32 49 69 91 102 112 96 95 102 114 118 89 47 40 47 55 54 46 37 28 24 22 23 37 43 58 168 213 132 128 105 71 65 104 102 100 99 101 87 67 52 51 46 54 48 50 46 32 10 8 17 29 23 7 3 2 
26 26 26 23 18 14 11 17 23 28 33 63 86 98 111 120 112 102 101 93 73 56 41 37 33 32 31 27 25 19 16 27 42 51 78 105 108 123 99 93 71 94 99 99 101 94 92 73 51 54 49 57 54 52 40 41 26 29 26 9 0 0 0 0 
21 20 19 17 14 10 8 10 11 14 22 33 48 57 87 127 142 124 112 85 63 48 40 32 24 22 22 21 22 19 12 17 29 46 54 64 80 108 124 104 55 75 90 80 86 75 79 94 81 80 63 54 68 64 47 50 32 19 5 1 0 1 1 0 
20 17 14 12 9 8 6 10 17 16 30 40 45 52 71 84 98 117 144 148 119 76 47 32 26 21 23 21 24 23 17 13 14 21 25 35 39 38 36 29 30 39 28 29 52 74 77 96 107 108 91 74 64 65 59 40 20 11 9 5 1 0 0 0 
22 17 12 8 6 5 6 7 9 17 17 23 29 44 66 74 77 84 115 130 133 123 100 68 49 38 32 29 29 29 28 23 21 22 24 24 21 23 26 30 33 38 39 30 25 35 48 62 61 73 109 107 79 75 54 29 17 23 29 19 11 3 0 0 
24 17 11 5 2 3 9 11 13 17 15 20 29 44 65 86 106 118 145 149 140 131 135 114 71 54 51 47 52 59 67 65 57 61 57 49 42 40 42 52 62 79 92 71 61 91 133 127 85 36 47 107 90 74 61 36 21 40 43 28 18 4 1 0 
24 16 9 4 1 2 10 20 22 28 32 32 49 58 83 104 111 128 136 122 111 106 91 69 53 48 48 51 62 73 88 96 97 96 95 76 50 43 50 65 81 95 115 122 114 129 169 165 111 67 48 77 68 46 34 37 28 50 46 29 16 2 0 0 
18 12 6 3 2 5 16 26 31 36 36 55 74 98 115 118 117 107 111 88 71 64 48 37 32 32 33 36 46 54 62 64 61 66 68 60 48 47 58 66 77 90 122 134 118 125 148 139 106 73 50 41 38 37 27 32 34 47 50 42 39 4 0 0 
13 8 3 2 2 6 23 37 50 68 72 100 116 124 130 119 112 99 74 53 41 33 28 25 21 22 21 22 26 24 23 21 19 23 28 29 33 41 46 50 63 87 97 92 102 136 171 142 95 56 53 46 42 31 26 25 37 57 54 47 35 10 0 0 
11 6 2 2 3 8 33 60 80 109 128 127 121 91 81 79 80 62 48 37 30 26 24 18 19 18 15 18 19 15 12 11 14 15 16 15 18 23 33 43 42 44 41 29 44 78 119 103 61 30 71 81 63 53 51 28 37 55 51 33 14 5 1 0 
9 5 2 2 2 9 29 54 82 105 117 101 73 51 46 51 59 48 35 34 31 26 23 23 25 24 19 17 12 11 14 26 38 42 41 42 36 24 24 36 50 36 30 45 49 48 55 70 70 86 104 97 85 73 51 24 30 54 39 19 3 0 0 0 
8 4 2 3 4 10 33 65 67 71 68 61 44 33 32 36 35 28 24 25 26 33 38 37 30 26 27 24 16 15 26 39 51 85 101 102 89 62 35 30 55 81 77 96 89 83 100 113 107 92 92 85 72 62 32 18 26 30 22 8 2 0 0 0 
16 7 2 2 6 26 58 67 35 24 29 39 30 28 32 29 27 23 23 27 30 37 40 44 30 24 24 25 19 25 24 29 107 211 154 131 129 109 64 41 45 70 84 102 95 81 71 70 56 49 69 69 46 38 29 14 13 8 5 7 4 0 0 0 
16 10 3 7 27 61 74 52 24 24 26 24 25 29 35 26 24 20 19 20 34 52 50 41 33 30 33 28 29 32 23 30 140 243 192 123 129 111 70 56 71 91 91 106 98 73 47 42 46 42 54 59 46 59 32 22 11 7 2 2 5 1 0 0 
10 6 10 36 71 73 50 44 55 51 43 25 25 36 50 37 26 22 20 23 37 62 59 42 31 28 34 38 34 36 31 30 42 172 223 153 123 61 43 63 87 104 107 112 93 69 52 50 67 68 56 81 63 70 25 16 11 9 4 1 0 0 1 2 
7 14 45 67 48 34 33 31 31 29 24 22 33 50 51 38 30 24 31 37 40 59 83 65 52 51 67 56 28 27 29 31 52 172 192 160 127 55 36 45 66 85 104 97 76 67 60 61 68 59 68 71 49 48 10 6 8 7 9 8 3 1 3 4 
23 50 53 34 20 18 21 22 27 33 24 25 43 54 37 29 28 30 38 33 36 63 92 87 80 80 85 55 32 58 86 129 190 195 152 117 107 63 46 42 66 74 80 79 58 46 55 61 53 38 42 36 18 42 22 3 7 9 7 8 5 3 4 5 
48 37 20 20 28 34 32 36 36 39 29 34 61 71 56 45 34 30 36 43 45 57 88 107 97 91 107 69 90 195 223 206 175 153 128 89 97 81 83 66 79 82 74 52 42 32 35 28 32 35 25 22 23 21 34 24 5 2 3 5 5 4 5 6 
18 17 24 34 44 45 47 55 57 61 62 74 97 99 86 72 57 48 46 42 51 63 94 112 91 80 109 111 137 172 169 152 154 135 97 76 88 96 105 90 83 85 73 37 23 33 22 12 24 38 16 14 19 18 22 20 21 7 1 2 3 4 5 9 
26 34 42 54 62 62 74 94 88 101 115 87 98 109 119 108 101 97 96 77 66 66 71 101 95 89 94 101 118 140 134 119 117 97 86 84 81 101 104 80 86 68 34 12 10 35 27 21 21 29 17 9 22 10 15 15 9 17 12 6 7 10 14 18 
44 56 60 78 96 98 96 88 87 99 114 105 133 158 174 149 170 172 153 115 95 90 87 88 78 92 89 100 99 107 108 99 92 85 74 81 89 92 79 79 64 48 22 15 14 29 28 24 13 19 20 10 16 13 7 10 11 7 14 15 18 25 32 35 
68 87 94 90 88 105 105 79 103 145 163 151 162 185 199 178 175 142 118 89 85 84 88 88 89 89 93 102 91 88 93 88 84 86 78 71 87 86 66 82 61 41 16 18 24 34 21 10 5 11 18 9 10 12 7 6 5 6 7 15 27 38 47 51 
107 105 111 84 96 130 124 108 167 227 211 149 98 127 152 125 104 58 49 49 62 64 67 71 77 80 98 93 88 76 76 71 69 76 74 70 64 66 50 52 40 24 14 21 23 22 14 6 3 4 13 7 7 8 9 5 4 2 5 12 26 40 52 58 
148 145 149 148 124 131 149 168 199 181 123 95 115 96 68 58 35 21 28 29 40 36 47 50 57 62 97 70 54 54 44 52 42 47 47 36 25 29 26 31 33 29 22 17 13 13 9 6 3 1 7 8 6 7 7 7 3 4 4 10 21 34 46 55 
183 184 174 161 111 97 121 107 79 49 28 26 35 30 23 16 11 11 13 12 12 13 18 19 25 29 30 29 21 25 21 26 26 25 19 15 18 23 30 32 32 25 15 13 12 14 10 7 2 1 3 9 7 7 6 4 2 2 6 9 15 26 38 45 
110 110 90 67 41 30 26 22 17 16 16 15 14 14 13 13 12 11 12 12 11 11 11 11 12 12 11 10 8 8 7 10 19 15 15 14 11 18 23 16 15 13 12 13 13 14 12 7 2 1 2 7 9 7 5 3 1 2 6 9 11 18 29 39 
29 24 21 19 17 18 17 17 17 17 17 17 16 16 15 14 14 14 14 13 13 12 12 12 12 10 8 5 4 3 3 4 8 9 11 7 5 7 9 10 11 11 12 13 13 13 13 6 2 1 2 5 8 8 5 2 1 3 6 11 9 12 21 31 
17 18 19 18 18 18 18 18 18 18 18 18 18 17 17 16 16 15 15 15 15 14 13 13 13 10 7 5 3 3 4 4 5 6 5 4 4 5 7 9 11 11 12 12 13 11 13 6 2 1 3 5 9 7 6 3 1 3 6 11 9 9 12 20 
17 17 18 18 18 18 18 19 18 19 19 19 19 18 19 18 18 17 17 17 17 16 15 15 13 11 9 7 6 5 4 4 4 4 4 4 4 5 6 8 9 11 11 12 12 11 11 9 2 1 3 5 8 6 4 3 2 4 6 9 9 7 8 11 
19 19 18 19 19 19 19 19 19 19 20 20 20 20 20 20 19 19 19 19 18 17 15 14 13 10 9 7 5 4 4 3 4 4 4 4 4 4 5 6 8 10 11 12 11 10 7 13 2 1 3 6 7 6 3 1 3 5 7 9 8 7 8 8 
20 20 20 22 21 22 21 21 21 22 22 22 22 22 23 23 23 22 23 22 20 16 12 11 11 12 10 6 4 2 3 3 4 4 4 4 4 4 4 5 7 8 10 11 11 9 6 10 3 2 4 6 6 5 2 1 2 5 7 8 8 8 8 8 
22 23 24 25 26 27 27 27 28 28 27 28 28 28 28 28 29 28 29 27 21 15 10 9 12 14 13 8 4 2 2 3 3 4 4 4 4 4 4 4 5 7 9 11 11 8 6 5 2 2 4 6 6 4 1 1 2 4 6 7 7 7 8 8 
22 22 23 24 24 25 25 25 25 26 27 26 26 26 25 24 25 24 24 22 17 11 7 7 11 13 12 8 5 3 3 3 4 4 4 5 5 5 5 4 4 5 7 9 9 8 9 3 1 2 4 5 4 3 1 0 1 2 4 5 6 6 7 7 
13 13 12 12 12 13 13 13 13 13 13 13 12 11 11 10 10 10 10 10 8 7 5 5 6 6 6 5 4 4 3 3 3 4 4 5 5 5 5 4 4 4 6 7 7 10 5 1 1 3 4 5 4 3 1 0 1 1 2 3 5 6 6 6 
5 5 4 4 4 4 4 4 4 4 4 3 3 3 3 3 3 3 2 3 3 4 5 5 4 3 4 4 4 4 3 3 3 3 4 4 4 4 4 4 4 4 4 5 5 4 2 1 1 3 4 5 4 3 2 1 1 0 1 1 3 4 5 6 
2 2 2 2 2 1 1 2 2 1 1 1 1 1 0 0 1 0 1 1 1 2 2 3 3 2 2 2 2 2 2 2 4 4 4 4 4 4 4 4 4 4 4 4 3 1 0 0 1 2 4 5 5 4 3 2 1 1 0 0 1 2 4 5 
1 1 1 1 1 2 1 1 2 2 2 2 1 1 2 1 1 1 2 2 2 1 1 1 1 1 0 0 0 1 1 2 3 4 4 4 4 4 4 4 4 4 4 4 2 1 0 0 0 1 2 3 4 5 5 4 3 2 1 0 0 0 1 2 
1 1 1 2 2 2 3 3 3 3 4 4 3 4 4 3 3 3 4 3 2 1 1 1 1 1 0 0 0 0 1 1 2 3 3 4 3 3 3 4 4 4 4 4 2 1 0 0 0 0 1 2 3 4 5 5 4 3 2 1 0 0 0 1 
1 1 2 2 2 2 2 2 2 2 3 2 2 2 2 1 2 2 2 2 1 1 0 0 0 0 0 0 0 0 0 0 1 2 3 3 3 3 4 4 4 4 4 4 4 2 1 0 0 0 1 1 2 3 4 5 5 4 3 1 1 0 0 0 


15 16 16 15 13 10 7 5 3 3 2 2 2 1 2 3 3 2 3 3 4 5 6 7 7 7 8 8 9 9 8 8 7 7 7 8 11 15 23 30 30 25 22 22 21 17 14 12 11 11 12 13 14 16 15 17 24 25 27 24 20 21 20 19 
17 17 17 17 16 15 13 11 10 9 9 8 8 8 8 8 6 4 3 4 5 6 6 6 5 5 5 5 5 5 5 5 5 5 6 9 17 26 30 30 28 24 21 19 17 13 10 9 11 12 11 14 19 22 24 29 35 35 35 29 27 27 29 29 
17 18 19 19 19 19 19 18 18 17 17 17 16 16 15 13 9 5 4 4 5 7 8 8 8 8 8 7 6 4 3 3 4 4 5 10 21 33 34 31 27 24 23 20 15 13 12 12 16 16 14 23 33 37 36 39 41 37 37 37 39 35 35 37 
11 13 15 16 16 16 15 15 16 17 18 18 19 20 18 14 10 5 3 3 3 4 4 5 6 6 6 6 5 4 3 2 3 4 8 18 27 33 31 28 31 30 28 25 17 15 17 20 27 28 26 34 43 45 41 42 44 41 39 37 45 39 36 38 
7 9 10 11 10 9 8 7 9 13 15 15 14 17 18 15 11 7 4 3 3 3 3 3 3 3 3 3 3 3 2 2 3 5 14 29 37 39 38 35 38 39 32 27 24 26 32 38 43 45 44 44 46 53 48 41 42 42 41 38 45 40 37 39 
6 7 8 8 8 7 6 5 10 14 15 14 9 13 17 16 12 8 4 3 3 3 3 3 3 2 3 2 3 3 2 3 3 10 25 38 42 40 44 45 45 45 40 35 37 45 47 52 50 51 56 52 48 48 48 46 46 46 42 43 48 44 44 43 
18 14 12 9 8 10 9 8 13 16 16 12 10 12 16 16 12 8 4 4 3 3 3 3 3 3 3 3 3 3 2 3 4 11 30 48 51 49 49 46 41 42 42 38 41 49 51 55 58 55 52 49 44 53 52 52 51 50 44 46 52 51 48 45 
32 38 35 33 27 22 18 12 12 15 14 12 12 14 18 17 13 8 4 4 4 4 4 4 3 3 3 3 3 3 2 3 5 14 32 48 55 56 49 45 45 45 44 39 43 50 47 48 55 59 51 43 37 46 52 51 51 50 50 51 49 53 50 48 
48 71 90 99 94 84 81 56 28 15 11 11 12 16 20 18 13 8 4 4 4 4 4 4 3 3 3 3 3 2 2 3 6 18 39 49 53 55 54 55 55 53 51 49 51 55 55 51 52 54 48 38 33 44 48 43 49 47 43 44 50 54 49 55 
37 70 121 144 158 173 176 150 115 75 37 20 15 18 22 19 13 7 3 3 3 3 3 3 2 2 2 2 2 2 3 4 5 14 33 45 49 50 52 57 60 56 54 55 55 58 62 57 54 47 37 29 33 39 37 38 34 36 43 45 48 49 50 49 
27 38 72 107 139 167 165 170 161 138 119 109 82 45 28 19 13 5 1 2 2 2 2 2 2 2 2 2 2 3 4 4 6 11 24 36 44 43 46 56 65 65 60 61 64 64 66 63 56 46 44 46 48 44 41 38 37 37 40 49 47 49 54 51 
20 23 37 60 94 118 108 121 138 121 86 126 161 131 94 65 67 65 39 17 5 3 3 2 2 3 4 8 8 8 9 11 11 14 19 27 38 46 58 69 73 72 69 67 66 66 63 62 62 60 61 63 61 61 64 60 55 53 54 58 59 62 59 56 
16 19 26 37 54 79 105 89 84 84 79 100 146 196 202 147 117 132 96 73 39 15 14 14 17 17 19 25 28 32 27 30 28 19 23 26 33 44 52 62 67 67 74 73 66 62 56 60 59 55 55 53 50 55 63 63 62 62 61 63 59 65 58 52 
20 18 21 27 37 61 76 74 88 80 86 95 105 160 194 170 120 109 115 89 59 37 37 42 61 65 46 50 52 42 39 35 32 25 27 26 21 32 41 29 31 34 45 57 57 62 68 64 67 62 60 54 56 56 52 48 50 54 55 59 56 51 48 43 
40 22 17 20 29 45 52 61 90 105 110 100 86 99 122 127 118 136 186 157 92 70 60 67 80 81 50 44 52 45 38 52 69 63 55 48 47 39 39 24 22 24 27 34 40 59 63 52 58 51 59 56 62 63 62 56 48 51 51 49 46 47 48 44 
23 28 23 16 23 38 50 48 62 89 102 98 95 96 92 96 98 124 169 155 139 116 96 83 79 79 78 81 79 80 67 75 107 106 98 88 89 67 72 47 44 50 50 43 35 47 40 42 43 32 34 38 42 42 54 55 51 55 55 60 50 45 50 51 
14 19 35 33 18 18 27 40 41 44 56 74 102 92 98 98 95 90 111 110 135 124 114 111 122 108 118 109 101 90 88 96 116 123 115 118 116 95 95 80 71 64 57 52 60 49 29 35 44 27 24 21 23 23 28 32 34 44 52 59 54 46 48 51 
10 12 16 32 37 18 15 20 35 38 36 38 51 68 80 95 99 84 69 71 78 85 104 91 96 99 98 98 94 78 96 97 108 121 121 138 124 116 95 96 92 84 64 62 62 42 24 31 49 40 26 13 15 16 19 18 21 25 30 35 43 41 47 47 
9 11 12 25 63 52 26 19 18 30 30 27 30 45 63 91 102 88 71 62 59 71 89 87 88 112 100 97 75 63 109 122 129 143 137 113 125 123 100 103 95 97 78 68 57 36 31 29 30 43 32 11 9 16 17 11 12 16 15 19 26 29 33 36 
17 17 19 25 55 75 55 31 25 22 27 32 30 33 50 76 103 104 73 60 64 82 85 98 98 91 96 116 105 110 112 102 146 148 144 120 114 112 104 112 110 102 95 88 61 38 27 22 22 38 41 24 15 20 11 9 11 11 15 21 18 17 20 22 
26 26 26 27 37 57 68 56 41 34 35 37 37 38 44 69 88 102 89 68 66 61 81 82 105 121 123 136 123 132 94 77 160 199 172 133 124 118 117 101 103 78 72 79 59 53 26 14 20 33 41 29 29 19 6 10 9 14 19 17 16 15 16 15 
28 28 29 30 34 50 71 80 62 48 34 23 23 37 41 73 91 94 87 76 71 76 71 95 117 124 103 95 94 101 77 46 61 102 172 192 151 123 105 83 52 46 40 52 59 65 40 26 19 30 27 25 34 15 7 7 10 16 18 18 12 10 12 13 
24 25 25 26 27 33 49 72 73 55 39 39 33 43 47 59 90 86 71 56 57 77 80 86 94 87 82 62 63 57 56 38 43 46 65 163 193 141 93 68 33 30 35 71 80 75 77 49 30 32 30 19 29 17 8 7 21 21 10 7 6 7 11 15 
24 24 24 24 23 24 31 48 72 84 81 93 69 59 66 75 72 72 54 48 46 53 63 65 60 54 54 47 51 39 50 45 41 45 58 147 219 153 84 56 52 52 64 86 103 107 93 68 52 50 45 22 26 21 11 21 21 6 2 3 6 10 16 19 
24 25 25 23 22 21 22 40 63 82 101 111 117 107 87 94 105 103 86 54 41 52 68 58 51 38 32 33 36 37 37 41 34 48 143 234 193 152 99 65 63 92 97 100 108 107 101 83 75 64 62 41 30 27 28 33 6 6 9 7 13 18 17 12 
24 25 25 24 22 19 16 23 33 49 72 95 108 115 99 98 110 124 130 97 50 42 51 56 54 45 37 30 25 24 21 32 36 39 141 198 130 129 103 68 65 111 110 110 111 111 93 69 53 51 46 53 50 54 49 34 12 9 18 32 24 8 3 4 
24 24 24 23 19 15 12 18 24 28 33 62 86 103 116 125 119 109 109 100 76 58 41 35 31 30 29 27 27 21 16 24 33 33 52 84 101 121 93 81 66 97 104 108 111 101 96 74 49 52 48 58 58 57 43 44 28 32 29 9 0 0 0 1 
21 20 19 17 14 11 9 11 12 15 23 32 49 59 90 134 148 132 117 87 64 51 41 32 24 22 23 21 22 19 13 17 24 34 40 53 74 107 115 92 49 74 94 86 91 78 78 93 80 80 63 57 71 68 49 48 34 20 5 1 0 1 1 0 
19 18 15 12 10 9 7 10 17 16 29 39 45 55 72 87 100 124 152 155 124 77 48 34 28 24 25 22 24 22 17 14 15 19 22 29 33 33 31 27 26 36 30 30 53 76 78 95 106 109 93 78 68 69 65 43 21 14 10 7 1 0 0 0 
21 18 12 9 6 6 7 8 10 17 17 21 28 44 67 74 77 86 121 139 144 128 102 69 51 41 35 30 31 31 29 23 21 21 22 21 18 19 21 24 29 36 39 29 25 35 47 61 59 73 109 108 85 80 59 33 19 25 32 23 13 3 1 0 
23 18 12 6 2 3 10 12 14 17 16 20 28 45 64 90 107 124 157 157 152 141 143 120 74 58 55 50 56 61 68 66 58 60 54 43 34 34 35 45 57 77 90 70 55 86 129 124 82 35 47 107 94 78 67 40 25 45 48 32 21 5 1 0 
22 16 10 4 1 2 10 20 21 27 31 30 45 60 85 110 118 132 143 126 117 108 92 69 56 52 51 55 66 75 91 97 99 97 96 75 47 41 46 64 79 93 116 123 111 126 166 162 110 66 48 75 67 48 38 42 30 55 53 35 18 2 0 0 
18 13 6 3 2 5 17 25 30 34 33 51 72 99 119 127 121 111 115 90 71 64 47 37 33 34 35 39 49 56 63 65 61 66 66 58 43 44 54 64 76 87 124 138 118 123 147 136 102 70 49 41 36 36 30 35 34 50 56 47 43 5 0 0 
15 9 3 2 2 7 24 36 50 68 73 102 119 130 140 132 119 104 77 52 39 34 30 27 23 25 23 24 28 26 23 21 20 22 26 26 29 35 39 44 61 84 95 91 96 133 168 138 94 55 53 46 42 32 28 27 38 62 60 53 41 11 0 0 
12 7 2 2 3 10 34 60 80 110 134 134 128 95 84 84 82 66 50 37 31 28 26 21 20 20 17 19 21 17 14 13 15 16 16 15 18 21 28 35 37 40 37 26 40 74 117 102 60 30 73 84 68 57 55 31 39 60 57 38 17 6 1 0 
10 6 2 2 3 10 29 56 87 114 126 108 76 51 48 57 62 50 36 34 31 26 24 23 23 22 19 18 13 13 15 22 28 32 34 40 35 23 21 29 45 34 29 42 48 47 54 69 69 87 107 102 91 81 58 27 33 59 44 23 4 0 0 0 
9 4 2 3 4 11 35 68 72 77 71 64 46 34 33 38 38 30 26 26 27 35 41 37 30 25 28 26 18 15 22 29 38 68 89 99 87 60 30 26 55 85 80 96 88 82 99 111 108 93 96 90 78 68 37 21 28 35 25 10 2 0 0 0 
17 8 2 3 7 28 60 67 37 26 32 42 32 30 32 31 29 25 25 28 30 37 40 44 30 24 25 25 18 21 21 24 89 194 141 131 132 114 62 37 44 72 88 106 98 82 68 66 54 49 73 73 51 43 32 17 16 10 7 9 4 0 0 0 
18 11 3 8 29 64 77 53 25 24 27 25 26 30 35 28 26 22 21 22 35 53 50 39 30 28 30 26 25 29 27 38 135 241 192 127 133 117 70 58 74 96 94 111 103 75 42 37 46 44 58 62 49 65 37 27 14 8 2 2 5 2 0 0 
11 6 11 41 72 74 50 42 51 49 45 27 26 40 54 40 29 24 22 24 39 66 63 44 33 30 37 41 37 42 43 47 62 176 229 158 126 62 45 68 96 113 115 123 103 74 52 50 70 72 60 87 67 75 29 19 13 10 5 1 0 0 1 3 
7 14 47 69 49 32 30 29 29 26 24 24 35 56 53 43 33 27 34 39 43 64 90 69 57 57 74 61 34 37 44 51 73 177 200 168 137 61 40 50 73 94 114 109 84 72 64 63 67 61 72 73 52 54 13 7 8 9 11 11 4 3 4 6 
23 52 53 34 19 18 19 19 22 26 23 26 48 59 40 31 30 32 39 34 38 70 104 94 89 89 93 60 34 58 88 133 191 198 156 128 121 73 53 49 73 82 89 89 63 49 58 61 52 39 40 37 21 49 26 4 7 11 9 10 7 5 6 7 
52 38 20 18 23 28 24 26 29 31 27 36 64 75 60 49 36 32 38 45 48 64 97 117 107 100 119 68 69 168 215 203 177 159 136 100 109 89 91 73 86 91 81 59 47 35 37 28 32 38 25 25 24 23 38 27 6 3 5 7 7 6 8 12 
19 16 20 27 33 36 38 47 56 60 65 78 103 104 90 79 63 52 49 45 55 71 104 120 99 85 119 117 135 170 172 156 162 148 108 86 99 106 114 95 90 93 80 42 28 37 24 16 28 42 18 16 20 20 24 22 21 7 2 4 6 9 15 23 
21 29 35 45 55 60 73 97 95 108 122 92 102 111 121 112 107 104 103 84 71 72 79 109 104 96 101 109 121 144 141 127 128 108 93 91 88 109 112 83 91 73 39 15 14 43 31 25 24 31 18 11 23 13 17 17 10 19 14 10 17 26 35 43 
37 52 56 78 99 104 103 94 92 104 120 110 132 155 174 150 176 176 157 122 102 98 95 94 84 102 97 110 106 115 119 108 102 95 82 87 94 98 82 81 69 50 27 20 18 34 30 25 15 21 22 12 18 15 9 12 13 8 17 25 38 51 61 67 
67 91 100 96 98 115 111 81 107 152 171 153 156 179 202 180 172 136 117 95 93 91 98 94 97 96 100 111 99 96 102 95 91 94 88 78 93 94 69 89 71 46 21 22 25 35 22 11 5 12 21 11 12 14 9 8 7 8 11 28 50 68 81 89 
121 120 124 92 104 135 124 107 176 234 214 150 96 127 155 120 94 54 47 52 68 71 74 77 82 85 102 98 95 83 81 77 75 80 79 74 68 71 56 59 48 28 15 19 20 22 15 6 3 6 15 9 9 10 11 7 6 4 9 25 49 72 89 96 
171 169 165 159 123 125 148 173 207 183 116 92 124 106 70 56 35 24 32 34 46 42 51 53 61 67 96 75 59 57 48 56 47 52 50 39 28 32 28 35 36 29 20 15 12 14 10 7 4 3 9 10 8 9 9 9 5 6 7 19 41 64 83 94 
203 201 184 163 106 89 120 108 80 50 29 27 38 33 25 18 14 14 15 14 15 16 22 22 28 32 33 31 23 28 25 28 28 32 23 17 20 25 32 34 33 25 15 13 12 15 12 9 4 3 5 11 9 9 8 6 4 4 8 14 30 51 72 84 
111 111 89 66 40 28 26 22 18 16 17 16 16 15 14 14 14 14 13 13 14 14 14 14 14 15 14 11 9 9 8 12 22 17 16 16 14 21 25 17 16 14 13 13 14 16 13 9 4 3 4 9 11 9 7 5 3 4 8 12 18 36 57 73 
28 23 20 19 17 17 17 17 17 17 18 18 18 17 16 16 15 15 15 14 15 15 15 14 14 13 10 6 4 4 4 5 9 10 12 7 6 8 10 11 12 12 13 14 14 14 14 8 4 3 4 7 11 10 7 4 3 5 8 13 12 22 41 59 
17 17 17 17 17 18 17 18 18 18 18 18 18 18 18 17 17 16 16 16 16 16 16 16 14 12 9 7 5 5 4 4 5 7 5 4 4 5 8 10 12 12 13 13 14 13 14 7 3 3 5 7 11 9 8 5 3 5 8 13 11 12 24 40 
17 17 18 18 18 18 18 18 19 19 19 19 19 19 19 18 18 18 18 18 17 17 17 16 14 13 11 9 8 6 4 4 4 5 4 4 4 5 6 9 10 12 12 13 13 12 12 11 4 3 5 7 10 8 6 4 4 6 8 11 11 10 12 22 
18 18 18 19 19 19 19 19 19 19 20 20 20 20 20 20 20 20 19 19 19 18 16 14 13 11 10 8 7 6 5 5 4 4 4 4 4 4 5 7 9 11 12 13 12 11 9 15 3 3 5 8 10 8 5 3 5 7 9 11 11 10 10 11 
19 19 19 20 20 20 21 21 21 22 22 22 23 22 22 22 23 23 23 22 20 17 13 11 10 10 9 7 5 4 5 4 4 4 4 4 4 4 4 5 7 9 11 12 12 10 6 11 4 4 6 8 9 7 4 3 4 7 10 10 10 10 10 10 
21 22 23 23 24 25 25 25 26 27 28 27 28 28 28 28 29 29 29 26 22 16 11 10 12 14 13 9 5 4 4 4 4 4 4 4 5 5 4 4 6 7 10 12 12 9 6 6 3 4 6 8 8 6 3 3 4 6 8 10 10 10 10 11 
22 23 23 23 24 24 25 25 25 26 27 26 26 26 26 25 25 25 25 22 17 12 8 8 12 14 13 9 5 3 3 3 4 4 4 5 6 6 5 4 4 5 8 10 10 9 10 3 2 4 6 7 6 5 3 2 3 4 6 7 8 9 9 9 
14 14 13 13 13 14 14 14 14 14 14 14 13 12 12 11 11 11 11 10 8 7 6 5 6 7 7 5 4 4 3 3 4 4 4 5 5 5 5 4 4 4 6 8 8 11 5 1 3 5 6 7 6 5 3 1 1 2 4 5 7 8 8 8 
5 5 5 4 4 4 4 4 4 4 4 4 4 3 3 3 3 3 3 3 3 5 5 5 5 4 4 4 4 4 4 4 4 4 4 4 4 4 4 4 4 4 4 6 5 4 2 1 3 5 6 7 6 5 4 2 1 1 2 3 5 6 8 8 
2 2 2 2 2 2 1 2 2 1 1 1 1 1 0 1 1 1 1 1 1 2 2 3 3 2 2 3 3 3 3 4 4 4 4 4 4 4 4 4 4 4 4 4 3 3 1 0 2 3 5 6 6 6 5 4 3 2 0 1 2 4 6 7 
1 1 1 1 1 2 1 1 2 2 2 2 3 2 2 3 3 3 2 2 2 1 1 1 1 1 0 0 1 1 3 3 4 4 4 4 4 4 4 4 4 4 4 4 2 1 0 0 1 2 4 5 6 7 7 6 5 3 2 0 0 1 3 4 
1 1 1 2 2 2 3 3 3 3 4 4 4 4 4 5 4 4 4 4 4 3 2 1 1 1 0 0 0 0 1 2 3 4 4 4 3 3 3 4 4 4 4 4 3 2 0 0 0 0 3 4 5 6 7 7 6 4 3 2 0 0 1 2 
1 1 2 2 2 2 2 2 2 2 3 3 3 3 2 3 3 2 2 2 1 1 1 0 0 0 0 0 0 0 0 1 3 4 4 3 3 3 4 4 4 4 4 4 4 3 2 0 0 0 1 3 4 5 6 7 7 6 5 3 1 0 0 0 


5 5 6 7 5 4 3 2 2 1 1 0 1 1 1 1 1 1 0 1 2 2 3 2 3 3 3 2 3 4 3 3 2 2 2 3 6 10 19 28 27 22 19 17 16 12 9 7 7 7 7 8 9 10 11 12 20 21 23 20 16 18 16 14 
6 6 8 8 7 7 6 6 5 5 4 4 3 3 4 3 3 2 1 1 3 3 3 3 3 3 3 3 3 3 2 2 2 3 3 4 12 24 29 28 24 22 19 14 11 8 5 4 6 7 6 10 13 16 19 25 32 32 32 26 24 24 25 25 
7 9 9 9 9 9 10 10 10 11 10 10 10 9 9 6 3 2 2 2 3 2 3 3 3 3 3 4 3 2 1 0 1 2 3 5 18 32 34 29 23 22 22 16 10 9 8 7 12 11 9 18 30 35 34 37 38 34 34 35 38 33 32 33 
6 10 11 10 9 7 7 7 8 9 9 11 11 12 10 6 3 2 1 1 1 2 2 2 2 2 3 3 2 2 1 0 1 2 4 12 24 32 31 27 29 29 27 22 13 11 14 17 25 27 23 30 41 44 41 41 43 39 37 35 45 38 33 35 
7 13 16 14 10 6 5 4 4 7 9 9 8 9 9 7 4 2 1 1 1 1 1 1 1 1 1 1 1 1 0 0 1 2 9 25 37 39 38 35 38 39 31 23 20 23 31 39 43 46 43 42 44 53 49 41 40 41 41 38 44 37 33 36 
13 21 25 21 15 9 5 3 6 10 11 9 5 6 9 8 5 3 2 1 1 1 1 1 1 1 1 0 1 1 1 1 1 6 20 38 43 41 46 46 46 46 39 32 35 44 47 53 51 51 57 52 46 46 46 45 46 45 40 40 47 42 43 43 
27 36 44 34 28 24 18 10 11 14 13 10 5 6 10 8 5 3 2 2 1 1 1 1 1 1 1 1 1 1 0 0 2 6 27 50 55 53 50 46 40 40 40 35 40 50 51 56 60 57 51 46 41 51 52 52 52 48 42 43 52 51 48 45 
29 38 41 46 48 45 36 19 12 14 13 11 7 7 12 9 5 3 2 2 2 2 2 2 1 1 1 1 1 1 0 1 3 9 29 49 59 60 50 44 45 45 44 36 40 50 47 47 55 59 49 40 34 43 51 51 52 48 48 51 48 51 49 49 
53 79 103 112 106 92 91 62 30 16 10 9 7 9 14 10 5 2 2 2 2 2 2 2 1 1 1 1 1 0 0 1 3 14 36 49 56 59 58 57 58 55 51 48 50 56 57 53 53 55 46 35 28 40 46 42 49 46 41 42 46 51 49 55 
36 78 144 170 185 199 197 164 122 78 36 18 11 13 15 11 5 2 1 1 1 1 1 1 0 0 1 0 0 0 0 1 2 10 29 44 51 52 54 59 62 58 55 56 55 60 65 60 55 47 33 25 28 34 35 35 30 31 39 42 46 46 49 48 
21 34 77 124 161 188 180 182 165 140 123 117 88 43 24 12 6 2 1 0 0 0 0 0 0 0 0 0 0 1 1 1 2 6 19 34 42 42 45 56 66 68 63 62 66 67 68 64 56 45 42 45 45 41 38 34 33 33 36 48 45 47 53 52 
12 16 33 63 106 133 116 129 149 123 79 135 177 140 99 65 69 69 41 17 3 0 0 0 1 1 2 3 3 4 5 7 6 7 14 22 34 45 59 70 77 76 73 70 68 68 64 63 64 61 62 64 61 60 63 59 54 52 53 58 60 64 60 57 
8 10 18 31 52 87 118 97 88 85 74 101 161 218 215 151 124 145 100 74 39 13 12 12 15 15 16 22 24 28 23 24 22 12 17 22 29 42 52 63 69 69 77 77 69 64 57 61 60 56 56 53 48 54 65 63 64 65 63 65 61 66 59 51 
14 9 11 16 28 60 78 77 99 87 93 95 111 176 209 176 121 108 120 90 53 32 35 44 66 70 45 48 51 39 36 30 27 20 23 21 16 25 35 24 27 30 43 57 58 65 71 67 71 66 64 57 58 59 53 47 48 53 54 59 55 49 45 39 
75 25 8 9 18 38 47 60 98 118 124 107 88 106 130 129 111 133 198 167 86 66 61 72 88 87 49 42 50 42 34 51 73 63 55 49 45 34 35 17 16 20 22 30 36 59 64 53 60 53 60 57 65 66 65 58 47 50 49 46 44 45 47 43 
118 103 38 9 13 29 44 40 59 94 110 106 104 102 98 101 97 123 180 163 141 115 102 91 85 86 85 87 85 85 69 78 118 116 106 95 91 67 73 44 41 49 49 42 31 47 38 39 43 31 31 36 41 39 53 54 49 56 54 60 51 44 49 50 
113 122 106 49 11 9 18 32 30 36 52 77 111 98 106 105 99 92 118 117 145 132 127 123 135 119 130 120 110 97 93 102 124 135 126 131 127 103 101 81 71 64 55 50 60 49 26 30 42 25 18 16 18 17 23 27 28 40 50 58 56 47 49 50 
87 98 92 82 44 12 7 10 24 25 25 31 48 68 85 104 109 93 75 76 84 92 113 98 105 109 109 109 100 81 101 101 117 134 135 147 135 128 103 105 98 87 64 60 62 38 19 25 45 37 22 8 9 9 13 11 13 18 23 28 39 39 47 48 
67 73 69 72 84 53 21 11 10 20 20 17 21 41 67 100 111 97 77 64 62 75 98 95 96 122 108 107 80 66 117 125 133 152 151 123 138 137 110 113 101 103 81 68 56 33 27 23 25 40 29 6 4 9 11 6 5 8 7 11 17 22 29 33 
51 52 51 54 75 81 56 26 16 14 20 27 22 28 52 83 114 116 79 62 67 88 90 105 104 96 102 127 115 124 120 94 134 150 152 126 119 121 114 122 117 110 101 94 62 35 24 17 17 33 38 20 10 15 7 3 5 5 9 13 11 8 12 14 
31 31 32 32 42 62 71 56 36 28 30 32 33 33 43 71 96 113 95 70 70 62 84 84 116 134 137 151 135 146 98 40 81 129 144 134 127 127 126 110 111 83 73 82 60 54 26 11 16 30 39 23 24 16 3 5 5 8 12 11 11 8 8 7 
21 22 23 25 30 49 74 86 63 48 29 16 18 34 41 76 101 106 97 80 77 82 75 102 128 136 111 105 101 108 77 28 43 75 125 169 159 132 113 90 51 45 38 53 61 69 41 23 15 28 24 20 31 12 3 3 7 12 13 13 7 5 5 5 
16 16 18 18 20 27 47 74 77 55 37 36 30 41 49 63 100 95 75 57 58 82 85 92 101 94 87 65 65 55 51 29 46 56 74 132 183 150 99 73 31 27 33 75 89 83 85 51 27 31 25 13 25 13 5 4 19 19 7 4 3 3 4 8 
14 15 16 16 16 17 28 47 75 91 92 103 72 62 69 79 77 78 55 48 45 53 63 64 57 51 48 41 48 33 42 35 42 51 67 118 195 163 86 58 53 52 69 93 115 118 102 73 51 48 39 14 20 13 8 20 20 5 1 2 3 6 12 14 
13 14 15 15 14 13 16 38 65 90 114 124 132 117 94 99 116 115 93 55 38 50 69 55 46 32 24 25 27 26 26 26 19 42 107 167 175 161 102 67 65 98 107 110 117 119 112 89 78 66 58 34 24 22 25 30 5 4 7 5 12 15 14 8 
13 13 14 14 12 11 9 17 28 47 77 104 118 126 106 106 122 138 143 106 50 39 48 54 51 41 31 25 19 18 14 19 20 20 78 117 121 135 104 65 62 117 117 119 120 122 100 71 52 49 43 51 46 54 49 31 11 7 18 34 25 8 2 2 
12 12 12 11 9 7 6 13 19 21 28 62 91 112 125 136 131 120 122 107 79 56 36 30 25 24 22 22 21 16 11 14 18 16 29 65 100 123 87 68 58 98 111 116 121 109 101 75 45 50 46 57 58 57 40 42 27 31 31 11 1 0 0 0 
10 10 9 8 6 5 4 5 7 8 15 28 46 58 99 148 165 144 124 91 65 48 37 27 19 17 16 15 16 13 8 11 14 21 24 37 65 102 105 80 41 74 101 91 97 81 79 93 79 79 63 56 71 69 46 43 32 18 4 1 0 1 1 0 
9 8 7 6 5 4 3 5 11 10 24 36 43 55 78 97 107 136 163 168 134 79 46 29 23 20 21 17 17 15 12 9 8 10 13 19 21 22 21 18 17 30 25 25 49 76 78 94 106 111 97 83 70 70 68 42 17 10 8 5 1 0 0 0 
10 8 5 3 3 3 3 3 5 11 11 16 22 41 67 76 80 92 133 156 159 137 106 70 50 40 33 26 27 26 25 18 15 14 15 14 11 12 13 16 21 30 35 23 19 29 41 58 55 71 112 115 90 83 61 30 17 22 31 20 11 2 0 0 
11 8 5 2 1 1 6 6 8 12 10 13 22 45 65 96 113 138 174 172 168 155 153 129 77 59 56 51 57 63 71 65 56 59 53 38 27 26 26 37 54 78 94 67 48 83 131 126 82 33 43 110 98 81 70 41 23 44 49 30 19 4 0 0 
11 7 4 2 1 0 6 14 14 22 25 22 41 62 89 121 127 147 158 136 127 115 97 71 57 53 51 56 68 78 96 103 104 101 101 76 45 37 42 62 79 94 123 127 113 130 171 169 114 67 47 75 67 46 37 40 26 54 54 33 17 2 0 0 
8 5 3 1 0 3 12 20 26 29 29 47 70 105 130 141 132 122 126 94 72 63 44 34 29 32 33 36 49 58 64 66 61 66 67 55 38 39 51 63 74 87 129 146 122 128 154 141 104 71 46 40 31 32 27 31 28 47 56 45 44 5 0 0 
6 4 1 0 1 4 19 32 48 69 76 110 127 139 155 148 130 114 79 50 34 29 25 21 19 21 19 20 24 21 18 16 15 17 20 19 22 28 32 38 57 84 99 94 97 137 173 142 98 56 50 43 37 25 25 23 32 61 62 52 41 10 0 0 
6 3 0 0 1 7 30 58 81 122 152 149 139 100 90 88 85 67 49 32 26 22 21 15 15 16 12 14 16 13 11 8 9 10 10 8 11 15 20 26 30 35 31 20 34 72 120 104 61 29 72 85 68 55 57 31 35 59 57 38 16 5 1 0 
5 2 0 0 1 6 26 56 95 127 141 119 79 50 48 59 64 51 34 29 26 20 18 16 16 14 14 13 9 9 9 12 16 19 24 34 30 16 14 20 39 29 24 36 44 42 49 66 69 88 112 107 95 85 60 26 30 58 44 22 3 1 0 0 
4 2 0 1 2 7 31 70 78 83 74 65 43 29 28 35 35 26 21 21 22 30 37 33 24 18 24 23 14 9 12 16 22 49 82 101 87 55 21 17 51 89 83 98 90 82 100 113 111 96 100 94 81 70 35 18 25 34 23 7 1 0 0 0 
10 4 0 1 4 25 59 69 33 22 28 39 28 24 27 26 24 20 20 23 25 31 36 39 24 17 18 20 12 12 11 13 50 103 106 139 143 120 62 31 39 74 94 115 103 86 68 64 52 46 75 76 52 41 31 14 13 7 5 6 4 1 0 0 
10 6 1 5 28 67 81 52 19 19 21 20 21 26 33 23 21 17 16 17 33 49 45 34 23 20 22 19 17 18 16 33 102 175 149 134 142 126 74 58 76 102 100 120 111 77 38 30 43 42 58 65 49 67 35 25 12 7 2 1 4 0 0 0 
6 3 10 43 77 78 49 37 47 45 40 20 21 40 56 37 25 19 17 19 37 69 65 43 31 27 34 39 32 37 45 56 74 139 212 167 135 64 44 72 106 125 127 136 112 77 51 48 70 73 61 93 70 80 31 17 11 9 4 1 0 0 1 2 
4 11 48 75 49 27 24 20 20 17 16 17 32 59 55 43 31 23 32 38 42 67 96 69 58 58 75 62 24 37 53 65 83 138 198 183 153 66 40 52 81 105 130 123 91 76 65 63 67 62 74 80 55 58 12 5 7 7 8 8 2 1 2 4 
18 51 52 30 12 9 8 9 10 15 16 21 48 60 39 28 26 29 39 33 35 74 115 103 97 95 98 59 25 41 66 98 142 177 166 142 137 81 56 51 77 92 102 101 68 51 59 58 50 36 35 37 18 53 28 3 6 8 6 7 4 2 3 4 
52 35 13 8 12 15 13 15 19 23 21 33 68 79 63 49 33 29 37 44 48 67 107 129 119 111 131 67 45 97 142 156 169 171 150 113 123 99 102 79 94 99 91 65 49 33 38 24 29 37 22 24 22 23 41 28 5 1 3 4 4 3 5 9 
12 8 10 17 23 27 29 41 55 58 65 81 113 111 96 84 65 53 48 44 57 76 111 132 108 93 132 125 143 171 177 166 176 164 120 96 112 118 126 103 97 103 87 46 26 37 23 12 23 40 16 14 18 16 21 22 21 7 1 1 4 9 17 31 
11 19 26 39 49 58 75 103 103 118 133 100 108 115 127 120 117 113 108 87 72 73 83 121 115 107 110 116 128 155 152 139 142 120 104 98 96 120 123 87 98 79 40 14 11 44 28 21 19 27 14 6 18 7 13 13 8 18 13 11 23 40 53 66 
30 47 52 81 108 115 114 105 98 111 129 119 134 156 183 158 190 189 169 133 112 104 98 101 92 113 106 118 114 129 134 120 115 104 89 95 101 105 88 84 71 49 24 17 15 32 25 20 9 16 18 7 13 11 4 7 10 7 17 31 55 80 97 105 
68 99 109 107 114 128 119 84 114 164 183 162 158 183 219 194 179 139 122 104 105 101 107 103 105 104 107 121 106 105 113 103 99 101 93 85 102 102 75 95 74 46 18 17 18 29 14 6 2 9 16 6 7 9 5 3 4 6 9 36 75 104 125 137 
140 139 138 100 118 144 126 109 191 242 226 156 96 135 171 126 92 48 44 53 74 77 80 85 89 84 97 99 102 88 86 82 82 86 85 76 72 76 59 60 47 27 8 8 10 14 7 2 1 3 12 5 4 5 7 4 3 2 7 32 74 112 136 147 
196 195 184 175 129 126 158 190 221 191 117 94 139 117 74 54 30 19 27 31 48 43 54 56 64 66 69 68 61 57 47 58 47 53 50 37 25 28 24 29 29 22 9 4 4 7 4 3 2 1 6 7 4 4 5 6 2 3 4 21 60 99 129 144 
232 230 205 177 105 91 130 116 83 48 23 22 36 30 20 12 7 7 9 7 8 10 18 17 24 28 27 27 18 24 20 25 24 27 18 10 13 18 24 25 24 16 7 4 4 7 5 4 1 1 2 7 4 5 4 3 1 1 4 10 38 79 115 134 
125 123 95 66 35 21 18 12 6 6 6 6 6 6 6 6 6 7 6 5 6 7 7 7 7 8 7 7 4 6 4 7 15 11 9 9 8 14 18 9 8 6 5 6 6 7 7 3 1 1 1 5 5 4 4 2 0 1 5 7 18 50 89 117 
21 13 10 7 6 6 5 5 5 6 6 6 7 8 8 8 7 7 7 6 7 6 6 6 7 5 4 3 2 2 2 2 4 4 6 3 3 4 5 5 4 4 5 6 6 6 8 3 1 1 1 4 5 5 4 1 0 2 4 7 7 24 61 94 
5 5 5 5 6 6 5 6 7 6 7 7 7 8 8 8 8 8 8 8 8 7 7 7 6 4 3 2 2 2 2 2 2 2 2 2 2 3 3 4 4 4 5 5 6 4 8 3 1 1 2 4 5 3 4 2 0 2 4 8 6 8 29 62 
5 5 6 6 6 6 6 6 7 7 7 7 7 8 8 8 8 9 9 8 9 8 8 8 6 4 2 2 2 2 2 2 2 2 2 2 2 3 3 3 4 4 4 5 5 4 7 7 1 0 2 4 4 4 3 2 1 3 4 6 5 4 8 25 
6 6 6 7 7 7 7 7 7 7 8 8 8 8 8 8 8 9 8 7 7 7 7 6 6 3 2 2 1 2 2 2 2 2 2 2 2 2 2 2 3 4 4 5 5 4 4 12 1 0 2 3 4 4 2 1 2 3 4 6 5 4 5 5 
7 7 7 8 9 9 9 9 9 10 10 10 11 10 10 10 11 11 11 11 8 7 5 4 5 4 3 2 2 2 2 2 2 2 2 2 2 2 2 2 2 4 4 4 4 4 2 8 2 1 3 4 3 3 1 0 1 3 4 5 5 4 5 5 
9 10 11 12 12 13 14 14 15 15 16 18 17 18 18 18 19 19 20 17 11 7 5 4 5 8 7 4 2 1 1 2 2 2 2 2 2 2 2 2 2 3 4 5 4 3 3 4 2 1 3 3 3 3 0 1 1 3 4 4 4 4 4 5 
10 11 12 13 15 16 16 16 15 17 18 18 18 18 18 17 17 17 17 15 10 5 4 3 6 8 7 4 2 1 1 1 2 2 3 2 2 2 3 2 2 3 3 4 4 4 6 2 1 1 3 4 3 2 0 1 1 1 4 4 3 4 4 3 
5 6 6 6 7 7 7 7 6 6 7 7 7 6 6 5 5 5 5 5 4 3 3 3 3 3 3 3 2 2 1 1 2 2 2 3 3 3 3 2 2 2 2 3 4 7 3 1 0 2 3 4 3 2 0 0 1 0 1 2 3 4 3 3 
1 1 1 2 1 1 2 2 1 1 1 1 1 1 1 1 1 1 1 1 1 2 3 3 2 2 2 2 2 2 1 1 2 2 2 2 2 2 2 2 2 2 2 3 3 2 1 1 0 2 3 4 3 2 1 0 1 0 0 1 2 3 3 3 
0 0 0 0 0 0 0 0 0 0 0 0 1 0 0 0 1 0 0 0 1 1 1 1 1 0 1 1 1 1 1 1 2 2 2 2 2 2 2 2 2 2 2 2 1 1 0 0 0 1 3 3 4 3 2 1 1 0 0 0 0 1 2 4 
0 0 1 0 0 0 0 0 0 0 0 1 1 1 1 1 1 0 1 1 1 1 1 1 1 1 0 0 0 1 0 1 1 2 2 2 2 2 2 2 2 2 2 2 0 1 0 0 1 0 1 2 3 4 4 3 2 1 0 0 0 0 1 2 
1 1 0 0 0 0 1 1 1 1 2 2 2 2 2 1 2 1 2 1 1 0 0 1 1 1 0 0 0 0 1 1 1 1 1 2 1 1 1 2 2 2 2 2 1 1 0 0 0 0 0 1 2 3 4 4 3 2 1 0 0 0 0 1 
1 1 1 0 0 1 0 0 1 1 1 1 1 1 1 1 1 0 0 0 1 1 0 0 0 0 0 0 0 0 0 1 0 1 1 1 1 1 2 2 2 2 2 2 2 1 0 0 0 0 0 0 1 2 3 4 4 3 1 1 1 0 0 0 