


36 37 39 41 43 44 45 46 46 46 47 47 48 48 49 42 25 15 29 46 52 50 47 39 29 24 21 16 12 10 9 9 11 15 15 16 16 14 12 9 10 17 19 22 47 75 93 73 97 90 66 117 133 132 146 148 147 147 132 139 136 141 135 121 
35 36 37 39 40 42 44 44 44 43 39 36 34 37 41 37 24 22 39 52 54 52 47 37 29 28 27 25 21 16 13 12 13 17 18 18 18 18 19 15 13 21 25 38 73 91 118 110 127 122 95 124 142 151 163 162 159 166 160 157 146 151 143 128 
29 30 31 32 33 34 36 36 34 27 19 15 14 15 18 19 18 31 49 56 56 53 47 37 29 28 31 32 28 21 18 16 18 20 21 22 24 30 38 23 17 25 42 76 96 113 148 154 156 148 116 131 154 165 178 180 180 181 180 174 160 164 153 137 
31 31 32 32 31 31 30 27 19 13 9 7 9 9 8 9 17 39 55 58 54 50 46 37 30 29 32 34 30 26 23 21 20 23 26 27 32 52 61 29 19 29 58 108 129 154 177 180 181 172 146 149 170 180 188 195 197 194 192 188 176 177 168 151 
45 45 47 46 46 45 39 26 14 9 8 8 10 10 7 8 25 48 60 57 50 47 44 36 29 29 34 36 32 27 24 23 21 24 29 34 42 76 93 48 37 43 68 139 166 188 194 196 200 191 177 176 184 193 198 204 207 204 204 199 192 190 184 174 
48 50 52 53 53 50 36 19 10 8 7 7 8 12 7 13 35 56 58 52 48 47 43 35 29 28 34 37 34 30 26 22 21 24 30 35 48 86 130 100 79 84 99 154 195 204 205 208 204 197 191 196 198 202 208 213 216 214 211 206 203 201 196 188 
47 48 50 50 49 40 24 11 9 8 8 8 8 13 8 22 46 59 55 51 48 46 43 36 28 28 34 37 35 32 27 23 23 26 31 36 47 75 130 156 140 137 149 170 205 212 210 207 202 196 197 204 207 212 219 223 222 219 213 211 210 208 205 202 
50 51 53 53 46 30 15 11 9 9 9 9 8 14 12 31 54 59 53 49 47 44 43 37 30 29 34 37 34 31 29 26 25 28 30 34 45 68 110 169 187 183 185 191 207 212 204 201 199 197 200 209 214 221 228 230 228 224 222 214 209 209 208 219 
58 58 60 59 46 25 13 10 11 10 9 9 9 15 16 38 57 56 49 47 44 42 42 41 33 30 37 38 33 29 29 31 31 32 34 43 58 91 134 183 201 204 204 205 203 202 199 197 197 197 204 215 218 222 229 230 227 230 224 215 212 211 212 219 
58 59 61 59 42 21 12 14 21 13 11 10 10 15 21 42 56 52 46 44 42 42 42 41 31 32 39 41 36 34 35 34 35 41 50 66 91 109 142 190 204 205 201 200 196 196 194 195 195 196 201 209 209 215 218 216 219 216 215 216 210 211 210 207 
55 58 57 54 41 18 17 33 35 20 23 18 13 16 28 47 55 51 46 43 42 44 43 41 34 35 42 46 51 50 45 48 50 54 77 111 137 150 160 181 187 188 188 187 192 190 191 189 185 185 189 193 195 200 201 198 196 201 209 206 204 203 199 197 
60 65 71 59 39 23 38 63 36 44 51 28 12 18 37 53 57 51 46 43 46 52 55 55 50 60 86 94 118 117 91 93 116 122 146 160 166 173 170 170 174 179 180 183 185 186 185 178 172 174 175 180 186 183 181 182 186 192 196 196 197 194 193 193 
81 77 79 79 46 50 86 50 39 68 68 32 12 21 45 56 55 50 45 45 65 93 128 140 133 143 165 171 185 178 159 161 173 180 185 178 176 173 169 169 173 172 175 182 180 187 180 166 172 175 177 175 173 175 175 177 182 186 189 193 191 191 189 190 
112 116 114 100 88 101 86 49 68 77 82 29 12 26 53 57 54 50 54 66 107 156 188 197 198 196 190 190 195 197 197 197 189 187 191 188 178 167 166 166 167 169 174 173 176 177 165 176 181 182 183 180 177 173 172 173 177 184 189 188 187 187 186 188 
121 125 135 132 134 125 107 104 100 85 92 43 33 44 75 70 61 59 75 120 159 190 201 210 210 205 197 196 201 195 204 209 204 197 194 185 171 154 155 151 154 157 168 161 161 158 170 178 179 173 171 172 167 165 167 171 179 185 185 186 189 185 185 185 
123 123 129 143 143 126 116 116 107 116 115 97 94 90 111 123 118 119 130 164 184 200 205 208 212 207 202 201 209 201 204 208 206 198 192 182 164 139 135 133 135 146 162 142 140 153 163 170 170 176 184 182 175 172 170 173 178 181 183 185 184 181 181 182 
128 128 123 135 146 134 116 108 95 110 118 114 127 131 132 142 154 162 168 182 191 202 208 207 208 209 210 209 211 211 212 211 208 199 198 183 159 133 127 126 126 153 148 127 136 144 153 163 182 190 189 184 183 184 183 179 176 175 175 176 179 175 174 174 
88 117 130 127 135 147 128 103 89 99 116 114 137 158 159 156 160 172 176 183 194 200 206 207 212 216 216 214 213 212 215 218 214 206 192 175 163 148 140 132 143 169 158 139 140 139 146 164 177 182 181 182 185 185 182 176 169 167 170 170 169 167 164 158 
70 61 88 127 128 138 142 121 104 102 114 122 143 155 175 179 177 178 183 191 194 199 203 201 203 214 217 221 224 218 208 220 212 207 193 191 190 182 172 181 199 197 190 161 154 135 140 153 159 165 168 172 167 166 171 176 177 174 170 169 170 173 173 174 
62 42 27 72 130 134 135 132 125 122 127 132 157 176 177 183 187 186 188 195 198 199 201 195 174 187 203 215 222 220 216 223 222 219 217 218 214 217 221 226 214 214 177 171 146 130 137 138 141 146 154 155 156 162 167 173 176 177 177 172 173 176 173 166 
54 32 16 24 87 144 141 133 130 131 142 151 161 185 191 189 187 190 191 194 201 201 196 182 119 92 127 182 215 222 224 225 231 239 237 235 232 238 238 226 207 203 173 165 132 127 130 131 131 130 139 143 143 140 142 140 140 146 153 159 166 167 165 164 
48 25 14 17 59 147 158 152 151 151 157 171 182 189 196 199 198 196 196 198 201 202 193 173 103 42 50 80 174 220 227 233 238 242 245 247 243 238 229 218 199 184 158 141 116 106 100 112 123 125 129 125 122 124 126 128 134 139 143 145 138 139 147 148 
39 20 13 13 26 90 152 158 159 167 175 183 189 196 200 202 203 203 203 205 203 202 194 172 120 29 20 26 88 201 224 232 238 242 245 246 246 240 224 205 186 172 142 127 102 89 79 99 114 119 117 117 116 121 119 121 126 132 138 132 124 134 131 135 
30 15 13 12 12 19 67 144 168 175 186 189 195 202 206 207 205 204 204 205 203 196 189 179 149 70 18 18 53 162 189 196 215 222 223 225 227 232 223 199 171 157 126 115 97 77 74 94 106 113 117 116 117 113 107 115 124 125 120 119 129 128 136 146 
21 13 12 11 11 10 15 53 142 186 192 198 207 210 211 210 206 202 200 199 197 192 182 172 157 138 106 104 141 180 177 184 200 201 193 181 165 160 180 179 165 148 120 109 94 68 74 95 109 115 115 112 110 102 99 102 105 107 113 128 139 147 158 164 
14 11 11 11 11 11 12 16 60 164 206 216 224 221 217 212 204 200 199 198 195 187 176 168 166 173 189 196 210 216 203 204 205 200 190 173 159 118 110 130 139 134 111 94 78 67 85 105 112 119 119 115 107 97 87 89 98 111 124 138 143 145 148 153 
12 12 12 11 10 11 11 10 24 101 212 231 234 230 226 218 207 199 193 189 183 178 171 168 173 186 195 202 218 224 216 219 214 209 199 183 164 140 113 97 89 96 93 79 68 74 90 101 101 109 113 112 105 96 90 92 100 114 125 128 126 129 139 150 
11 12 12 11 9 10 10 10 23 109 218 230 233 233 229 219 207 199 193 182 174 172 170 173 174 185 191 193 209 214 215 221 219 208 201 186 162 136 107 89 84 95 96 80 70 73 83 91 97 106 108 105 100 93 90 87 90 103 116 122 130 139 145 149 
10 11 12 11 9 10 10 10 25 127 221 226 229 227 220 207 196 190 181 170 173 170 165 169 178 180 181 191 204 204 208 213 214 204 196 166 149 106 69 96 114 124 112 98 82 70 70 81 91 95 99 102 99 89 81 79 82 96 110 121 129 130 133 138 
9 10 12 11 10 10 10 11 31 165 225 226 222 218 208 199 194 190 174 166 174 174 172 180 177 172 175 176 192 206 203 196 193 187 175 145 123 92 94 135 143 136 121 100 92 73 59 74 86 85 91 97 96 88 82 79 80 89 99 111 114 105 118 132 
10 11 11 10 11 11 11 11 35 174 227 229 225 219 210 205 198 192 182 174 178 178 173 169 154 142 153 173 183 194 192 187 183 172 158 153 131 113 152 169 150 135 124 104 90 74 59 67 84 84 86 89 90 85 83 80 83 92 92 91 107 102 100 105 
10 11 12 11 11 12 10 11 37 177 226 229 225 217 209 202 196 192 188 185 180 168 161 149 129 128 147 169 181 181 179 177 172 161 165 175 172 175 185 176 150 132 129 111 94 74 59 58 73 79 84 83 85 85 83 81 80 84 88 90 95 98 102 102 
10 11 12 12 11 12 11 11 30 164 226 228 223 216 210 204 197 192 189 183 174 171 161 139 122 115 127 161 174 163 156 162 167 175 186 198 200 196 183 176 166 144 137 113 102 83 70 59 67 73 79 81 81 73 63 61 66 77 96 101 85 84 96 108 
10 12 12 11 11 12 12 12 20 133 221 227 222 215 207 202 195 191 192 190 188 183 169 148 130 117 111 99 90 112 152 170 187 197 204 211 211 199 187 181 180 157 146 121 116 98 86 69 64 70 75 82 81 70 65 67 72 76 86 101 106 89 86 90 
10 11 12 12 12 13 13 12 16 105 212 222 222 216 209 203 196 193 193 191 187 179 166 149 137 116 82 28 29 79 162 195 205 217 215 215 212 203 186 182 184 155 157 131 129 111 100 86 76 79 84 89 83 68 63 70 78 84 86 95 111 118 106 98 
11 11 12 12 12 12 13 15 20 75 198 218 216 211 210 207 202 196 189 187 185 181 173 163 148 119 50 16 20 58 181 215 227 230 219 213 207 199 181 192 187 155 171 134 135 122 92 93 93 92 92 94 97 90 76 70 74 83 87 90 103 116 113 115 
10 11 12 12 11 12 12 12 15 43 157 213 207 204 204 201 199 195 192 190 191 191 182 170 155 114 34 15 20 76 201 224 229 224 208 207 198 187 171 183 190 154 171 156 131 127 91 92 101 107 108 108 107 105 97 86 82 82 86 92 99 116 109 102 
10 12 12 12 12 12 12 12 14 36 138 201 196 194 193 194 194 192 189 192 193 185 177 168 148 113 38 19 39 142 211 220 215 206 195 190 192 176 152 152 167 159 151 172 136 121 107 102 100 106 115 121 124 116 108 98 86 79 80 88 95 107 115 102 
10 11 12 12 12 12 13 13 22 58 124 182 186 186 188 189 189 185 184 183 177 177 177 169 151 115 51 44 104 193 216 218 210 200 177 168 170 149 140 131 132 131 127 155 125 97 109 115 116 112 112 119 125 127 121 109 97 88 87 89 98 110 124 111 
10 12 12 12 12 12 12 12 25 49 112 177 180 178 183 182 179 177 172 170 170 177 176 175 161 131 82 115 180 205 216 210 203 198 173 155 139 122 123 114 118 109 103 107 121 105 96 115 122 126 126 117 112 112 109 105 103 100 94 88 88 101 115 124 
10 12 14 14 14 14 15 16 27 67 141 171 173 171 171 169 170 173 173 172 171 174 177 178 171 161 148 177 198 204 207 196 188 190 173 155 121 109 105 100 108 107 104 96 107 114 110 101 122 132 135 134 125 114 103 101 106 113 116 116 109 107 114 117 
10 11 12 12 12 13 13 19 68 144 169 169 166 159 163 166 168 171 169 170 170 169 169 170 176 179 181 191 197 201 196 186 182 180 169 160 127 105 99 95 102 105 107 107 94 113 115 114 112 129 141 140 139 139 128 118 114 113 114 119 122 121 122 125 
10 11 12 12 12 12 13 28 92 158 165 156 144 141 146 156 165 168 166 165 164 159 155 160 175 185 189 193 195 188 178 182 176 164 156 152 139 109 99 97 99 106 103 121 107 95 123 123 123 117 131 146 142 139 139 132 125 123 122 124 125 123 124 128 
21 18 15 13 12 12 16 62 141 162 147 127 115 114 132 149 158 163 165 164 154 145 146 162 175 186 185 187 183 176 174 178 171 150 134 143 136 116 109 106 105 110 106 127 127 102 103 134 136 129 115 122 131 129 119 113 113 119 127 135 136 133 131 125 
48 44 37 30 24 20 30 78 146 137 122 113 99 105 120 121 145 161 157 148 145 136 144 166 173 180 180 188 189 172 167 168 167 150 127 140 132 122 121 116 114 116 119 126 140 112 96 119 137 129 127 123 131 136 129 124 116 108 106 117 133 143 141 142 
65 65 63 60 55 50 63 111 134 121 117 103 86 101 107 108 129 137 133 141 141 132 155 158 165 173 182 193 187 163 161 163 153 149 141 134 127 126 127 129 127 126 135 133 141 121 100 115 128 130 123 116 112 119 126 120 116 115 116 114 114 124 134 138 
74 76 76 76 75 83 121 131 128 119 110 97 85 104 100 91 101 115 112 141 132 126 144 144 154 173 180 186 181 169 161 147 138 149 144 127 123 123 128 133 138 136 144 143 137 124 107 120 129 128 134 133 128 111 110 105 105 110 111 118 121 124 128 135 
79 80 80 81 86 122 126 135 126 110 109 90 89 107 93 87 87 88 103 133 121 113 125 133 155 171 175 176 174 169 159 140 141 146 136 121 125 115 120 133 140 143 146 150 136 123 117 122 130 128 128 132 137 131 122 121 108 110 113 117 123 127 129 133 
78 79 81 84 115 131 123 137 124 112 108 85 88 101 90 83 77 76 94 119 118 103 115 125 145 157 164 166 159 165 157 142 149 144 131 118 128 114 112 123 128 140 141 142 134 128 122 126 127 126 126 129 130 132 133 136 128 124 122 124 128 131 134 136 
79 80 83 109 130 120 124 134 124 115 99 79 79 96 93 83 78 79 89 98 110 104 108 110 124 134 143 156 146 154 153 148 151 150 134 121 130 123 115 119 116 130 130 140 137 131 123 127 130 127 122 121 121 121 123 130 137 133 134 135 137 136 138 139 
81 84 103 130 121 117 125 135 122 110 87 75 80 95 93 87 85 84 75 69 74 68 80 82 91 98 110 133 133 139 139 143 146 147 142 128 129 128 121 121 116 128 129 141 140 133 125 123 127 127 125 121 120 126 126 129 137 131 134 138 141 142 143 147 
82 92 124 118 115 115 128 134 123 104 83 78 81 93 92 91 86 71 41 24 22 21 32 30 30 36 45 60 77 85 95 100 116 129 130 133 129 122 108 122 121 122 129 133 135 135 135 128 130 133 133 127 109 116 130 140 148 142 140 141 142 144 147 151 
84 110 112 108 111 111 123 128 118 96 84 81 83 93 93 91 86 68 36 16 12 12 15 12 12 14 16 19 29 31 33 37 47 72 77 92 103 109 93 97 115 111 108 111 106 109 122 121 119 136 139 136 102 86 116 147 162 159 157 161 163 156 156 161 
87 109 100 99 102 101 111 121 108 90 86 86 87 90 90 88 85 70 38 15 11 10 11 11 10 10 10 11 13 15 15 16 18 30 28 33 51 67 71 58 61 86 98 105 107 103 112 116 105 119 132 134 110 82 118 151 165 166 168 178 190 186 173 177 
91 94 92 93 92 92 101 115 97 86 84 85 85 85 86 83 81 69 41 17 11 10 10 10 10 10 10 9 9 10 10 11 12 15 15 15 26 44 45 37 43 92 143 153 152 142 132 123 117 115 123 131 126 125 137 151 161 167 167 171 180 188 188 187 
81 78 78 80 80 82 89 99 85 81 80 79 78 79 77 74 74 64 41 18 11 10 10 10 10 10 10 10 9 9 9 9 9 10 10 12 21 36 36 32 53 137 185 185 175 162 148 139 130 119 120 130 130 135 143 158 174 176 168 164 163 166 171 173 
65 66 67 68 69 70 73 75 71 69 69 69 69 71 70 68 64 55 39 21 12 11 10 10 10 11 11 10 10 10 10 10 9 9 8 9 15 31 36 31 41 116 183 195 189 180 166 156 147 131 123 127 126 128 131 146 169 182 179 175 169 162 157 156 
52 53 56 57 59 61 63 63 63 64 66 67 68 72 70 67 62 58 43 24 14 11 10 10 10 11 12 11 10 10 11 10 9 9 9 10 14 28 34 27 26 71 156 193 193 191 184 173 162 149 137 131 126 125 126 134 161 180 181 179 174 166 162 159 
47 50 52 55 58 60 61 62 63 66 66 68 69 70 69 67 65 65 51 28 14 11 10 10 10 10 11 10 10 10 11 11 9 9 9 10 12 23 32 28 25 39 109 179 194 195 192 184 174 166 156 144 135 129 127 133 162 181 182 180 178 171 165 163 
50 53 55 56 59 61 62 62 65 67 67 68 68 68 68 68 68 68 56 33 15 11 11 10 10 11 11 10 11 11 11 10 9 8 8 9 10 18 30 32 31 37 68 148 190 197 196 189 183 175 164 155 146 139 136 141 162 179 183 181 174 171 168 163 
50 52 53 55 56 58 59 60 61 62 63 64 64 64 65 66 66 66 60 42 21 13 12 10 9 10 10 9 9 9 10 9 9 8 8 8 8 11 24 33 35 35 40 94 165 190 193 192 190 181 173 166 158 150 147 150 164 175 181 181 174 170 168 164 
48 50 51 54 55 57 59 59 60 62 64 65 66 67 68 70 70 71 70 59 39 20 12 10 9 9 10 9 8 9 9 8 7 8 9 9 7 8 16 26 33 35 34 53 125 180 189 192 191 183 175 169 163 158 158 160 168 172 176 180 175 169 166 161 
51 53 55 57 59 60 62 63 65 66 67 68 70 72 72 74 76 77 77 74 61 41 23 16 15 13 12 12 10 9 9 9 9 10 10 9 9 10 11 16 27 35 35 37 76 149 180 188 192 186 176 171 169 166 163 161 164 165 168 169 167 165 161 156 
50 51 53 55 57 59 60 61 64 64 66 67 69 71 71 72 73 75 76 76 73 63 50 46 44 38 33 29 26 25 25 25 25 26 26 26 28 30 32 34 39 41 37 35 44 108 167 182 189 185 178 174 175 175 167 163 162 163 163 161 161 157 156 152 


36 37 37 38 39 39 40 41 42 42 43 43 43 44 45 39 26 16 30 45 51 51 50 48 42 37 31 22 15 12 10 10 12 14 15 15 15 13 11 10 11 16 18 23 49 78 95 78 101 94 70 125 145 144 155 158 157 158 142 148 146 151 143 130 
35 36 37 37 38 39 39 40 41 40 38 36 34 36 39 36 25 23 40 52 54 52 51 48 43 43 41 37 30 23 18 15 15 17 18 20 19 18 20 16 13 21 25 40 76 95 122 114 132 127 100 132 152 160 169 170 168 175 168 165 157 161 151 137 
28 30 30 31 33 34 35 35 34 28 21 16 16 16 20 20 19 32 48 56 56 53 52 49 44 44 47 47 42 36 31 26 24 25 28 32 33 36 41 26 17 25 43 77 99 117 152 158 161 153 122 137 160 172 182 186 188 188 186 180 168 173 161 145 
31 31 31 31 31 31 30 27 20 14 11 10 12 10 9 10 18 40 55 57 53 51 52 51 46 47 49 51 47 41 37 35 34 36 40 42 46 63 68 37 23 30 61 111 132 158 179 183 185 177 152 155 174 183 193 199 202 200 198 193 182 183 175 157 
40 41 41 41 41 41 37 27 15 12 11 10 11 12 9 11 27 48 58 55 50 49 51 50 46 47 52 55 51 43 39 39 39 41 47 51 58 89 101 56 42 45 71 141 169 190 197 200 204 196 180 180 188 196 203 209 212 210 210 204 196 194 189 177 
42 43 44 45 46 44 36 22 13 12 11 10 11 15 9 16 37 55 57 52 49 49 50 50 46 47 54 58 54 46 41 38 39 43 49 54 64 100 137 106 84 87 103 157 197 206 209 211 208 201 194 200 202 207 212 218 220 218 217 211 206 205 201 192 
40 41 42 43 43 37 24 14 13 12 11 10 11 17 11 24 46 58 54 51 49 48 51 51 46 46 55 58 54 49 43 39 39 44 49 55 65 90 139 161 144 141 153 173 209 216 214 211 206 199 200 209 213 217 224 228 228 225 220 216 215 212 210 207 
44 45 45 46 42 30 16 12 12 12 12 11 11 17 14 33 53 57 51 50 48 46 50 51 47 46 53 57 52 47 45 42 40 44 48 52 63 83 121 174 190 185 187 193 209 214 207 205 202 200 204 213 219 226 232 234 233 229 227 218 214 213 211 221 
50 51 52 51 42 26 14 12 14 13 12 12 12 18 19 39 55 54 49 47 45 44 46 51 48 48 56 59 51 48 46 47 46 47 50 59 73 102 142 187 204 206 206 207 207 204 202 200 201 201 208 219 223 228 234 234 232 234 229 220 217 215 213 220 
50 51 52 50 41 23 13 16 23 16 14 12 12 18 24 43 54 51 47 44 43 42 46 51 48 50 58 61 53 51 53 50 51 55 63 78 101 119 152 193 206 206 203 201 199 201 197 198 199 200 205 213 214 220 224 221 224 220 219 221 215 214 212 210 
49 52 50 48 41 19 19 34 36 22 25 19 14 18 31 47 54 50 45 43 42 44 46 51 50 53 62 66 68 66 62 64 64 67 88 118 142 155 165 184 189 189 190 188 196 195 195 193 189 189 193 197 199 203 205 202 201 204 212 210 208 208 203 200 
54 58 64 54 39 24 39 62 37 44 50 29 15 20 39 52 56 51 46 44 46 52 57 63 64 74 97 106 125 124 100 102 122 126 149 162 168 175 171 170 176 181 181 185 189 188 188 179 174 176 178 183 190 185 183 184 188 196 201 201 201 200 197 196 
74 70 72 74 46 49 82 51 40 67 67 34 15 23 46 55 55 50 45 46 64 92 127 141 137 144 165 172 185 178 160 161 172 180 186 178 177 174 169 170 174 173 175 183 181 190 181 166 173 176 180 179 175 177 177 179 185 190 193 197 195 195 194 194 
103 106 105 92 83 97 83 49 65 73 79 31 15 27 53 56 52 50 53 65 104 153 186 195 197 193 184 185 192 193 194 195 187 185 190 188 179 167 167 167 166 169 176 174 177 177 164 177 182 184 184 181 178 175 175 176 180 186 194 192 192 194 191 192 
106 108 119 117 120 111 91 91 88 76 87 41 34 44 72 67 58 57 71 114 155 186 197 208 206 198 185 185 194 187 200 208 204 195 195 186 172 153 154 149 152 155 169 160 159 154 169 178 179 174 171 173 167 166 169 173 180 187 189 190 195 190 189 190 
105 105 111 130 129 108 95 92 79 90 97 76 79 79 99 113 108 110 122 155 178 195 200 203 205 195 187 188 202 193 196 205 206 198 191 182 165 136 132 131 132 144 163 139 136 150 161 169 170 177 187 184 177 173 171 174 180 183 186 189 188 187 187 186 
103 105 101 118 133 119 95 82 59 81 95 85 106 114 114 126 140 150 157 174 184 197 202 197 193 195 197 198 203 203 204 208 205 196 197 181 159 132 126 125 123 154 148 122 133 141 149 162 182 190 190 184 184 185 185 183 178 178 178 179 181 178 178 176 
71 93 104 105 118 132 111 75 51 67 93 87 120 148 147 143 148 162 167 175 187 193 196 191 193 201 203 202 203 201 204 212 208 201 189 171 161 149 141 132 145 172 160 136 138 135 142 162 174 180 179 179 184 185 183 177 170 169 172 172 170 170 166 159 
59 53 73 102 104 118 124 97 71 69 89 98 127 142 168 173 170 169 174 181 185 190 191 181 176 197 202 205 212 208 192 211 204 200 187 188 191 184 175 187 205 201 195 163 154 131 135 147 153 160 163 166 162 162 169 175 177 175 172 171 173 176 176 177 
54 40 26 57 100 106 112 111 99 92 101 110 143 167 169 175 180 177 178 187 190 191 189 178 141 163 186 197 206 206 201 211 215 215 216 220 217 220 227 234 220 221 180 174 147 128 133 130 133 137 146 146 147 156 164 170 174 177 178 174 175 179 176 167 
48 32 17 24 67 109 110 107 104 104 116 131 145 176 184 181 179 181 180 183 191 193 183 165 91 69 108 165 200 205 208 212 225 238 239 239 238 244 246 233 211 209 176 168 134 127 126 124 122 122 132 135 135 132 133 132 134 141 150 158 166 169 166 165 
44 26 15 17 51 117 122 119 121 123 134 153 170 178 188 191 189 187 186 186 189 192 182 156 88 33 42 71 163 208 213 222 234 242 247 252 249 244 234 223 202 187 162 144 118 106 92 104 117 118 121 117 113 116 118 119 126 131 137 142 136 137 146 145 
38 21 14 13 25 78 128 129 126 135 148 164 172 183 189 191 192 191 191 191 187 186 180 157 105 25 17 24 82 192 214 224 234 242 246 248 249 246 229 206 185 173 143 130 103 86 68 89 108 113 112 109 107 113 111 113 118 125 132 127 119 130 127 129 
30 16 13 13 13 20 62 128 142 142 157 169 178 186 190 191 188 186 184 180 173 165 160 157 132 60 14 15 45 136 159 172 199 209 208 215 223 233 223 196 166 155 124 114 95 72 64 85 100 108 114 111 111 105 98 106 116 119 114 113 125 124 133 145 
22 14 13 12 12 12 17 50 128 162 166 175 187 190 190 188 184 182 182 181 180 175 164 154 143 126 95 92 124 154 144 153 169 168 152 139 127 133 165 168 156 142 114 105 90 61 65 88 106 115 115 109 104 95 90 92 96 98 105 122 135 145 157 165 
16 13 13 12 12 12 12 17 58 154 191 195 202 193 185 184 179 174 171 171 172 168 156 150 152 162 179 184 199 201 176 170 168 157 139 116 105 71 75 103 121 125 104 87 68 55 74 97 110 120 121 116 104 88 75 77 89 102 118 133 140 142 144 150 
13 12 12 12 12 12 12 13 25 98 202 214 214 204 194 187 174 164 156 152 151 149 146 148 155 170 180 186 204 204 185 184 173 161 143 121 109 88 69 60 55 74 80 65 52 58 76 91 93 104 112 113 103 90 81 81 91 105 118 121 120 123 134 147 
12 12 12 13 12 12 12 13 23 106 210 218 217 215 209 200 184 172 165 152 143 144 146 155 155 169 176 177 191 187 182 188 181 161 147 130 107 85 62 50 50 71 81 67 54 57 69 79 90 102 107 105 99 89 82 75 79 94 107 115 125 134 141 146 
13 12 12 12 12 12 12 13 27 125 213 212 214 211 205 188 170 157 144 132 138 144 142 148 160 162 159 167 178 174 173 178 177 163 151 119 97 60 32 63 91 113 104 90 72 56 55 70 85 93 99 102 97 83 72 66 70 86 101 114 123 124 128 134 
12 13 12 12 12 12 12 12 31 161 215 209 204 196 183 167 160 153 138 126 135 145 146 158 159 152 153 153 168 180 172 162 156 145 130 101 74 48 62 114 131 129 116 94 84 63 47 64 80 83 89 96 94 83 72 66 67 77 90 104 106 96 110 128 
12 12 13 12 12 12 12 12 36 169 216 211 203 195 182 173 165 156 149 138 141 151 151 150 134 119 130 150 160 168 161 155 148 131 114 106 88 78 131 157 140 128 121 100 85 66 48 57 74 79 82 87 87 80 73 69 70 81 82 81 99 92 92 96 
12 12 13 12 12 12 12 13 38 172 216 212 204 193 182 171 164 162 159 154 145 136 137 129 109 109 130 154 165 158 149 141 133 118 122 132 138 151 168 164 140 123 126 109 90 69 50 49 64 73 79 79 80 80 75 72 68 72 77 81 86 89 93 94 
13 13 13 13 12 12 13 13 30 159 216 211 205 198 191 185 176 166 158 148 133 136 135 119 102 99 114 151 161 138 118 115 123 133 149 168 179 181 168 163 158 136 132 111 101 79 64 51 58 64 71 74 75 64 53 51 55 66 87 91 73 72 87 99 
13 13 13 13 13 12 12 12 21 128 211 210 203 199 190 178 165 158 157 156 159 161 151 131 113 100 95 81 66 84 116 131 155 165 173 188 197 190 177 171 176 152 143 120 117 97 84 61 54 60 67 76 75 60 54 55 60 65 75 93 98 79 74 79 
13 12 13 13 13 14 14 13 17 102 203 207 202 194 183 173 167 169 172 173 169 161 147 126 114 97 66 19 22 62 141 177 187 199 196 198 202 197 181 176 183 151 157 129 130 111 98 81 68 71 78 84 76 59 53 58 68 73 75 85 104 113 96 87 
13 13 13 13 13 13 14 15 21 74 190 204 195 187 179 178 179 175 169 165 161 153 148 140 130 102 39 11 16 52 172 206 218 219 207 202 200 194 176 189 187 151 173 132 134 122 87 87 86 85 88 90 91 81 67 60 62 73 77 80 95 110 107 107 
13 13 12 12 13 13 12 13 16 43 150 199 185 178 177 178 180 174 172 170 172 175 169 156 141 97 26 10 16 71 194 216 220 218 200 200 194 184 166 182 191 150 171 156 129 127 84 85 95 102 104 104 102 99 90 79 73 73 76 82 91 110 101 91 
13 13 12 12 12 12 12 13 15 37 129 186 176 174 175 177 179 179 175 179 183 174 164 155 132 96 31 16 33 132 204 212 206 196 185 183 190 174 147 149 168 159 150 174 135 119 100 95 94 101 112 117 121 112 103 91 78 70 71 79 86 100 108 92 
13 12 12 12 13 13 13 13 23 55 113 163 165 165 170 175 178 175 175 173 166 165 167 157 136 97 40 38 93 183 207 211 202 190 164 159 166 145 136 128 130 130 127 158 124 92 104 111 112 107 109 116 122 124 118 105 90 79 78 80 89 102 118 102 
13 13 13 13 13 13 13 14 26 46 100 155 157 159 170 171 167 165 162 158 159 166 166 165 147 111 58 97 168 195 209 203 196 191 163 147 132 115 118 110 116 107 101 106 119 101 89 112 118 123 123 112 108 109 105 99 97 94 86 78 77 93 108 118 
14 14 15 15 15 15 15 17 28 61 121 142 146 152 156 155 156 162 162 160 162 164 169 168 158 143 119 160 187 194 198 186 180 185 167 150 112 101 101 95 106 104 101 93 104 111 106 95 119 131 133 131 122 109 97 94 100 108 112 111 103 99 107 109 
13 13 13 13 13 14 13 19 64 129 139 132 139 136 145 152 158 160 158 159 162 160 159 158 163 163 158 177 187 192 187 175 174 174 163 156 121 98 93 91 99 103 104 106 90 110 112 110 107 128 140 139 138 137 125 114 109 108 111 115 117 117 116 119 
12 13 13 12 12 13 13 26 82 133 129 122 116 118 128 142 155 160 158 157 156 149 143 147 162 170 171 177 186 177 166 173 169 155 149 148 136 104 94 93 96 103 99 120 105 88 118 120 121 114 129 146 142 138 138 131 122 120 119 120 121 119 119 124 
22 20 16 14 13 13 16 54 116 128 116 97 87 89 114 135 148 155 158 156 144 132 132 151 165 175 171 174 170 161 162 170 164 141 122 137 132 111 104 100 100 107 100 125 125 96 95 130 135 127 110 119 130 127 116 109 108 115 125 134 134 131 128 120 
44 41 35 30 25 21 28 64 116 106 96 86 67 78 100 103 133 153 149 137 133 122 132 156 163 172 169 177 176 155 154 158 159 140 113 135 126 117 118 113 111 113 114 123 139 108 86 114 135 127 125 121 130 136 128 123 113 102 100 111 131 141 141 141 
57 56 55 52 48 45 55 88 105 98 93 75 52 73 83 87 114 124 121 130 129 119 146 148 157 164 173 186 177 148 147 153 144 140 133 129 121 120 122 125 124 123 132 129 140 117 90 109 126 128 120 113 108 116 124 116 113 111 111 109 109 119 132 137 
64 64 64 65 65 71 97 100 106 100 87 65 49 77 73 62 78 97 94 130 118 112 132 131 143 165 173 180 174 159 151 136 128 142 139 119 115 117 122 131 135 132 141 140 135 122 99 115 126 125 131 131 126 108 107 99 99 104 106 113 117 119 124 133 
69 69 70 71 75 99 93 113 108 92 85 54 53 80 61 54 58 60 83 121 106 94 108 118 145 164 170 170 168 163 152 130 131 138 128 112 117 107 113 128 136 139 143 150 134 120 113 119 126 125 125 131 137 131 119 116 102 104 108 113 119 124 125 129 
70 71 72 75 97 103 95 120 107 92 82 48 52 75 60 50 45 45 68 101 102 81 94 108 134 149 157 160 151 160 150 133 142 138 124 111 122 107 103 115 122 136 138 141 133 125 118 124 124 124 125 129 129 131 131 136 128 121 120 122 124 127 130 132 
71 72 75 93 103 91 99 118 106 93 69 43 48 71 66 52 45 48 62 76 93 86 91 92 110 124 133 149 137 147 145 141 143 145 129 113 124 118 109 112 110 126 127 138 135 129 120 124 127 126 122 120 121 119 122 130 138 132 133 134 134 134 136 137 
72 74 91 106 95 87 103 120 106 88 55 42 51 71 69 61 58 62 57 56 62 59 71 73 82 89 103 125 124 131 131 136 139 141 138 123 124 124 116 116 110 123 127 140 139 132 124 122 126 126 124 121 120 123 125 128 137 128 132 137 140 140 141 147 
74 80 102 93 87 86 108 119 106 79 50 46 53 70 75 77 74 62 40 24 22 22 32 30 30 36 44 58 73 81 91 95 112 125 127 128 124 119 108 119 118 120 130 134 136 136 135 129 132 134 134 130 118 120 132 143 150 143 140 141 142 144 148 152 
73 85 87 84 84 83 103 113 101 69 53 56 65 81 84 83 78 62 37 18 14 14 16 15 14 15 16 20 30 32 34 38 48 71 76 92 102 110 100 102 116 115 116 120 114 117 127 126 125 140 144 142 113 98 126 155 168 164 163 168 168 160 159 166 
71 79 75 76 77 75 92 109 95 74 72 75 78 81 83 79 77 63 39 18 14 13 13 13 13 12 13 13 15 16 15 17 21 32 30 36 58 77 82 73 83 106 113 119 121 116 122 124 114 127 140 142 122 101 135 164 177 178 178 188 201 197 182 186 
72 71 72 78 77 78 91 108 89 77 75 75 76 77 78 75 73 62 41 20 14 13 13 13 12 12 13 13 12 13 12 14 15 18 17 19 37 60 63 55 69 121 161 167 165 154 144 135 128 126 135 142 138 139 153 165 175 182 181 184 192 200 201 198 
67 66 67 70 70 72 81 92 77 71 70 70 70 70 69 67 65 57 40 21 14 13 13 13 12 13 13 13 12 12 12 12 12 13 12 15 32 52 57 51 73 153 200 199 190 176 163 153 144 133 135 142 142 148 158 174 189 190 183 179 177 179 183 185 
58 58 60 60 60 61 65 66 62 60 59 60 60 63 62 59 55 49 37 22 15 13 13 13 13 13 13 13 13 13 13 12 12 12 11 12 23 46 55 48 58 128 195 210 203 192 179 170 161 147 139 140 140 143 147 164 186 197 193 188 181 174 170 168 
47 47 48 50 51 52 53 53 53 55 56 58 59 62 60 57 53 50 41 25 15 14 13 13 13 12 12 12 13 13 12 12 12 12 12 11 20 41 51 43 42 83 166 206 207 203 196 186 176 164 152 147 141 140 142 152 178 195 195 193 188 181 177 173 
43 44 46 48 50 51 53 54 55 56 58 59 60 61 60 58 57 56 47 30 16 14 13 13 13 12 12 13 13 13 12 12 12 12 11 11 16 35 49 45 42 57 123 190 208 210 206 198 189 181 171 160 150 144 144 152 178 195 196 194 191 185 180 177 
46 48 49 50 51 53 55 57 57 57 58 59 59 59 60 60 60 60 51 35 18 14 14 13 13 12 12 12 12 12 12 12 11 11 11 11 13 26 45 49 51 59 89 159 201 211 211 204 197 190 180 170 161 154 152 157 177 193 197 194 190 186 183 178 
46 47 49 50 51 52 52 53 54 54 55 56 56 58 58 58 59 59 54 41 24 15 13 13 13 12 12 12 12 12 11 10 10 10 9 9 10 15 35 50 56 57 62 109 176 202 207 207 204 196 188 181 173 165 162 165 179 190 195 195 189 185 183 179 
44 46 48 49 50 51 52 53 53 54 56 57 58 59 60 61 62 62 62 54 40 23 15 13 13 12 12 12 11 11 10 10 10 10 10 10 10 12 24 38 50 56 55 71 138 191 202 206 206 199 191 184 178 172 173 175 182 186 190 193 189 185 181 176 
47 49 50 51 51 53 55 57 58 59 60 61 61 63 64 65 67 68 68 66 57 41 26 19 18 16 14 14 13 13 12 12 12 12 12 12 12 13 15 22 38 52 56 56 91 159 191 201 205 200 192 186 183 180 176 176 179 180 183 183 182 180 176 171 
46 48 49 51 51 53 54 55 57 59 59 60 60 62 63 63 65 66 67 68 66 57 48 44 42 38 33 30 29 27 27 26 27 27 28 29 30 32 33 36 44 53 55 53 61 120 177 194 201 198 193 189 189 187 180 176 177 178 178 176 176 173 168 165 


26 28 30 29 31 33 34 35 36 37 36 36 37 37 38 32 21 16 25 37 40 41 41 40 35 30 24 17 11 9 8 7 8 10 10 11 11 9 7 6 8 13 14 20 46 75 94 75 100 94 69 124 152 153 156 159 160 160 146 150 150 151 143 131 
25 27 29 30 31 32 33 34 35 34 31 29 28 29 32 29 21 20 33 41 41 42 42 40 36 36 34 30 24 18 14 12 11 12 13 15 16 15 17 13 11 17 21 36 73 92 120 112 132 126 98 131 153 162 169 170 170 177 171 166 158 160 152 138 
21 22 23 24 25 26 27 28 27 24 20 17 16 16 18 19 17 25 38 42 42 42 43 40 37 37 39 39 36 29 23 21 20 20 22 26 28 31 38 23 14 22 40 75 97 114 151 159 160 152 120 135 159 171 182 187 188 189 186 180 168 172 161 144 
21 21 22 22 22 22 22 21 19 17 16 14 16 15 14 14 18 32 43 44 41 41 42 41 38 38 40 41 39 36 32 30 29 30 34 37 39 56 63 32 20 27 57 108 129 158 180 183 186 176 150 153 173 182 192 200 202 200 200 194 182 182 174 156 
29 31 31 31 30 31 28 22 19 17 16 15 17 18 14 15 24 39 45 43 41 40 42 41 38 39 43 44 41 37 36 35 33 36 40 43 49 82 97 53 40 42 68 139 167 189 197 201 204 195 179 180 186 196 202 208 211 209 209 202 194 192 187 174 
32 33 34 34 34 35 29 22 19 18 16 17 17 20 15 19 32 43 44 41 41 40 42 41 39 40 44 46 43 39 37 34 33 39 40 44 55 93 134 104 82 84 99 155 196 205 208 212 207 200 193 201 202 207 212 217 220 218 215 207 202 203 199 188 
29 30 31 32 32 30 23 19 18 17 18 18 18 23 18 24 38 45 42 40 41 40 41 41 38 39 44 46 44 41 38 34 34 39 42 46 56 83 136 160 143 138 151 173 209 216 213 211 205 197 199 208 212 217 223 226 226 224 219 212 209 206 205 205 
33 33 34 35 32 27 21 19 18 18 19 18 18 23 20 30 42 44 41 40 40 38 40 41 39 40 43 45 42 40 39 38 36 39 41 44 54 76 116 173 189 185 187 194 209 213 207 204 201 199 204 213 219 225 230 231 231 228 226 214 208 208 205 215 
39 40 41 40 35 26 21 20 20 20 21 20 19 24 22 34 43 41 41 39 37 35 38 43 40 41 46 47 41 39 39 41 40 41 44 51 65 97 138 186 205 206 205 208 207 204 203 201 202 201 208 218 222 227 233 233 230 231 225 216 211 210 204 211 
39 40 41 40 35 26 22 22 27 23 21 20 19 23 25 36 42 39 38 36 34 34 37 42 40 41 48 49 44 43 45 44 45 48 56 71 95 114 147 192 205 206 202 200 200 202 198 199 200 201 205 211 211 217 221 219 220 216 215 217 211 209 205 203 
39 40 39 39 37 25 26 38 37 27 29 25 20 24 29 39 42 39 37 35 34 36 38 41 40 44 51 55 58 57 53 56 57 59 80 112 137 151 161 181 187 188 188 188 197 195 194 193 189 188 191 194 196 201 202 200 197 201 208 209 206 205 201 198 
43 47 52 45 38 31 43 59 38 46 49 33 21 25 35 42 43 39 37 36 39 44 49 54 54 64 89 98 118 117 93 95 116 120 144 157 163 171 167 165 172 178 178 183 186 187 185 177 171 172 176 182 187 182 182 182 184 193 200 201 202 200 196 193 
64 60 62 66 46 51 78 50 41 64 63 37 21 27 41 43 43 40 37 38 55 84 120 135 131 137 158 166 179 173 154 155 169 175 181 174 173 170 164 163 169 168 172 181 177 187 175 159 168 173 179 177 173 174 175 176 182 188 192 197 196 196 194 194 
92 94 94 82 78 91 75 48 60 68 75 35 21 29 47 43 41 40 43 54 95 148 180 188 191 183 172 174 180 184 186 189 181 177 185 185 177 162 161 161 161 163 171 167 169 170 154 172 179 181 181 178 176 172 173 174 179 186 194 192 193 194 189 189 
93 93 106 103 108 98 79 81 78 70 81 41 35 42 65 55 46 46 60 105 147 179 188 200 195 182 165 167 179 173 187 199 198 191 191 182 168 144 148 143 144 146 162 151 148 143 161 172 174 167 165 169 162 160 164 169 178 186 188 190 196 190 188 188 
88 89 96 117 115 94 81 79 65 78 85 65 70 70 90 105 99 100 113 147 170 188 191 191 191 176 165 168 189 178 182 195 200 193 187 177 161 127 124 122 123 135 157 128 123 141 152 163 164 171 184 183 175 170 168 173 179 182 185 188 188 185 186 185 
76 85 86 104 116 103 79 65 44 70 82 73 95 102 102 116 134 143 148 166 175 188 190 182 172 174 178 182 190 188 188 197 196 188 192 174 154 125 119 119 115 149 142 111 122 131 140 154 176 184 185 181 182 186 186 183 177 175 175 177 180 177 175 174 
47 67 82 88 102 116 95 58 34 55 79 75 109 140 139 135 141 155 159 167 178 183 183 169 166 181 183 184 186 184 186 200 194 192 181 162 157 147 137 129 143 170 157 129 129 125 132 152 164 171 170 171 178 181 180 174 166 164 167 168 167 167 161 153 
42 41 56 79 85 103 108 78 52 53 75 86 116 134 162 169 164 162 166 174 177 180 179 158 141 175 179 181 190 188 170 195 187 189 176 181 190 185 174 187 208 202 197 161 151 122 125 136 140 146 149 153 148 149 159 169 173 172 168 166 169 173 172 173 
40 34 26 43 74 85 94 94 79 73 86 96 133 161 163 170 174 171 170 178 182 181 178 164 113 143 167 173 182 184 179 193 201 206 210 218 217 222 229 237 222 225 181 175 144 119 123 117 117 121 131 131 132 142 151 161 168 173 176 171 172 175 171 160 
38 30 22 24 47 74 83 85 82 83 97 114 132 167 177 176 171 171 170 174 181 184 173 153 75 59 96 149 181 183 187 195 212 233 240 241 240 247 248 237 214 213 178 170 133 122 117 112 109 106 117 121 120 117 119 117 120 129 140 150 162 166 161 160 
36 28 21 21 43 85 82 85 91 97 112 135 156 166 179 183 180 177 175 175 176 180 170 144 76 29 40 66 153 193 194 208 226 239 248 253 251 247 238 227 205 191 164 147 118 103 84 93 106 105 109 103 99 101 103 104 112 118 124 131 126 125 136 135 
33 25 21 20 27 62 97 92 90 103 122 144 155 169 175 177 178 178 178 174 168 166 162 142 93 21 16 24 80 187 205 216 228 239 246 250 250 248 232 207 185 175 145 131 103 84 62 78 96 100 99 96 94 100 97 97 102 111 121 117 106 117 114 118 
28 22 21 19 19 24 55 107 109 103 125 144 156 167 171 172 169 166 162 152 138 128 126 131 116 51 10 14 44 126 143 155 185 194 190 203 220 235 223 191 158 151 121 114 96 70 59 79 92 100 105 100 98 91 84 92 103 106 100 99 112 111 121 134 
26 22 20 20 19 19 21 48 110 130 133 145 160 162 162 160 157 159 160 159 158 153 140 131 126 116 89 85 117 141 127 128 137 132 114 106 105 122 156 159 149 138 110 103 89 59 63 86 104 112 109 102 95 83 76 77 81 83 92 110 124 136 150 159 
24 21 20 19 18 17 18 22 55 139 166 166 168 150 143 146 144 140 137 139 143 143 131 127 136 150 169 172 187 187 151 134 131 118 104 84 78 54 64 90 110 119 99 84 67 53 72 96 109 119 119 111 97 76 60 61 73 88 105 122 129 132 133 137 
21 20 20 18 18 18 18 18 28 94 184 186 180 163 150 145 130 118 111 110 113 114 118 127 136 150 162 170 191 184 155 149 136 127 112 92 86 68 55 49 45 68 77 64 53 58 75 90 91 103 110 110 98 80 67 66 75 91 105 108 107 108 120 135 
21 20 19 18 17 18 18 17 28 101 194 193 190 187 181 171 153 139 131 119 107 111 121 134 131 150 158 160 173 158 150 155 146 127 116 103 82 65 49 41 43 65 79 66 54 58 68 77 88 101 106 102 94 80 69 60 62 79 95 102 112 122 129 134 
20 20 20 19 17 17 17 18 31 118 194 186 188 187 182 160 135 118 105 94 101 113 114 123 137 141 135 139 147 140 137 143 141 130 122 95 72 44 24 53 82 109 104 90 71 55 52 65 82 91 97 99 93 74 58 51 53 70 88 103 112 112 115 122 
19 19 19 19 17 17 18 19 37 152 193 178 173 164 147 125 116 110 100 86 96 114 117 133 138 131 130 129 142 150 136 126 118 110 98 76 52 33 52 103 123 125 114 92 83 62 45 60 77 79 85 92 89 75 61 52 51 62 76 91 93 78 94 114 
20 18 18 18 17 18 18 20 39 158 192 180 167 160 141 131 121 115 111 96 100 122 124 127 112 95 109 129 137 139 126 119 110 92 76 70 59 58 113 141 130 121 116 97 83 64 46 54 68 74 78 82 80 70 62 56 55 65 67 66 85 77 76 81 
19 19 19 19 18 19 19 20 41 161 193 182 170 156 143 131 124 125 123 116 104 102 113 109 87 88 113 140 149 139 122 105 92 75 80 89 102 124 145 145 130 114 122 106 88 66 48 45 57 67 73 71 72 69 64 60 55 57 63 66 72 75 79 78 
19 19 19 18 18 18 18 19 34 148 192 181 176 169 165 159 148 134 121 107 87 97 108 96 83 84 105 146 151 120 94 78 83 91 105 130 151 161 149 146 148 127 128 108 99 77 61 47 51 55 62 65 66 53 43 42 44 52 74 79 59 57 72 84 
18 18 18 19 18 19 19 19 27 121 189 181 174 174 164 146 125 114 113 114 123 133 130 112 96 85 84 70 55 72 97 102 122 127 132 154 176 176 163 158 170 146 140 116 115 95 81 56 46 50 56 66 66 50 43 44 47 51 61 80 86 65 57 62 
19 20 19 18 19 20 20 20 23 96 184 176 169 159 146 133 128 136 145 150 147 139 124 101 90 79 54 14 21 57 131 164 168 177 169 173 185 188 174 169 180 147 155 125 128 108 94 74 59 59 67 75 68 49 43 46 55 59 60 70 91 102 83 71 
21 19 18 18 19 19 20 22 27 72 175 179 165 149 136 138 148 149 145 142 133 119 118 114 111 88 30 8 15 50 167 197 203 201 188 185 186 184 169 187 186 146 172 128 130 119 80 79 77 77 78 81 84 72 57 49 49 59 63 65 81 99 94 93 
20 19 19 20 20 19 20 20 22 45 139 174 152 141 140 148 154 150 151 150 151 156 154 142 128 84 19 7 14 68 186 204 204 203 184 188 183 176 160 181 192 144 167 153 123 122 76 75 87 95 97 98 95 91 81 68 61 59 63 69 79 98 87 74 
19 19 19 20 19 20 21 21 22 39 119 163 147 147 153 158 160 162 159 165 170 160 151 143 119 83 23 12 30 125 192 198 189 179 169 171 183 170 141 144 165 155 145 174 131 114 92 86 85 93 104 111 114 104 95 83 66 56 56 65 73 87 96 75 
19 20 20 19 20 20 21 22 28 51 98 138 138 140 148 157 164 162 163 163 152 152 155 146 125 85 33 33 85 171 193 198 186 172 146 145 158 138 131 122 126 126 123 157 119 85 95 102 104 99 101 109 115 118 112 97 79 66 65 65 75 90 108 89 
18 18 18 18 20 21 21 22 28 42 84 126 129 136 154 157 153 152 149 146 146 156 155 154 136 98 48 88 154 180 195 189 182 178 147 134 122 106 112 105 111 103 95 102 114 93 80 104 112 117 117 106 100 100 96 89 86 82 74 64 62 79 96 105 
19 19 20 19 21 21 22 23 30 53 95 106 115 130 138 139 141 148 150 150 152 156 160 158 147 128 95 142 171 178 182 170 166 174 154 140 102 92 94 91 102 100 96 89 99 105 99 86 112 125 127 126 117 102 86 84 90 99 104 101 90 85 94 96 
18 18 18 18 20 20 21 25 59 107 101 91 110 113 127 139 146 149 146 150 154 153 151 148 151 144 130 157 171 177 172 160 160 163 152 149 112 89 87 84 93 97 99 101 83 102 105 103 99 120 133 135 134 133 120 108 101 98 101 106 108 107 105 107 
17 18 18 18 20 20 21 28 69 102 90 88 89 96 111 129 145 149 147 147 147 138 132 134 149 154 148 155 171 161 149 158 157 144 139 142 129 96 87 86 90 97 92 116 99 79 111 113 114 105 121 142 138 133 134 127 117 113 112 113 112 110 109 112 
22 21 19 18 18 20 22 45 85 90 86 70 65 70 99 124 139 146 149 148 133 119 120 139 152 162 152 155 150 139 144 156 153 127 111 130 126 104 98 95 96 101 91 120 120 87 84 124 128 120 101 112 125 121 108 101 100 108 118 128 127 124 119 108 
35 33 29 26 23 23 28 50 85 80 75 67 51 62 85 91 125 146 142 129 123 112 121 146 152 160 154 163 159 132 135 142 147 128 101 128 120 110 111 108 105 107 106 116 135 99 74 103 128 121 119 115 126 132 122 116 104 92 90 102 124 136 133 133 
41 41 40 39 37 36 44 67 80 78 76 58 38 58 69 76 105 115 113 121 119 110 138 137 145 153 161 174 162 126 129 136 130 127 120 120 112 113 115 119 117 116 126 121 135 109 77 97 117 121 111 105 100 108 119 111 106 102 102 98 97 109 123 128 
45 45 45 46 46 51 72 76 88 82 70 49 36 62 59 52 68 86 84 123 109 105 123 119 132 154 162 170 161 143 134 119 112 128 127 108 105 107 112 123 130 125 134 132 129 114 85 104 116 118 124 123 119 99 98 89 89 94 96 103 107 109 113 123 
50 50 50 50 54 74 70 95 92 76 71 36 37 65 49 45 48 49 70 112 96 86 96 105 134 154 160 159 157 151 137 113 116 125 115 100 105 95 102 120 129 131 134 144 128 111 101 109 117 118 118 123 131 126 112 109 92 93 97 103 109 114 114 119 
51 52 52 53 71 79 74 104 92 75 65 28 34 60 48 41 35 34 55 90 90 68 80 94 122 138 145 148 138 150 138 118 129 126 111 97 111 93 90 104 111 126 129 135 125 117 107 114 118 117 118 122 123 125 125 130 121 111 110 112 115 118 121 122 
51 53 55 70 77 67 80 103 90 76 51 25 31 58 54 42 35 36 49 63 81 72 76 76 95 109 121 137 123 135 131 126 131 134 117 99 113 107 95 100 98 117 117 131 128 122 113 117 122 119 114 112 112 112 115 123 131 123 126 125 127 125 126 127 
52 54 67 83 72 62 86 105 88 70 38 27 37 58 56 48 46 49 46 46 52 51 61 62 70 77 91 115 110 116 116 123 127 129 127 110 112 114 103 103 97 115 119 134 133 125 117 114 119 120 117 113 114 117 119 121 130 120 125 129 132 132 132 137 
52 56 78 72 63 63 91 104 88 61 36 34 39 56 60 60 56 49 37 28 26 26 33 31 29 35 42 55 65 73 81 86 103 114 115 118 114 110 98 108 107 114 126 131 132 130 129 124 125 128 129 128 129 123 130 139 144 136 134 133 134 135 139 143 
51 56 66 63 61 62 87 98 85 54 40 43 50 64 66 63 58 48 34 26 23 23 23 21 20 22 23 25 32 34 34 37 46 66 71 86 96 102 91 94 112 117 126 131 127 126 128 128 128 139 146 143 131 121 137 155 166 160 159 163 162 152 152 159 
47 48 54 57 58 57 76 94 79 55 54 56 59 62 63 60 57 49 35 26 24 23 21 21 20 20 20 20 22 23 22 24 26 35 34 38 54 69 73 68 105 137 135 137 134 126 126 127 122 133 146 147 135 128 149 163 177 176 176 186 197 193 176 181 
44 43 48 56 58 58 73 91 70 57 55 55 56 58 59 55 54 48 36 27 23 23 22 20 21 21 22 20 20 19 20 21 22 24 24 24 36 51 53 48 90 159 173 169 164 151 141 133 128 128 135 142 141 146 157 164 173 181 180 182 190 198 197 194 
45 47 49 50 51 53 63 75 58 53 51 50 50 51 51 48 48 44 36 29 24 23 22 22 22 22 22 22 20 20 19 20 20 20 19 21 32 45 47 42 69 155 199 197 187 173 160 150 142 133 134 139 140 146 158 174 188 189 182 176 174 177 181 183 
43 43 44 44 44 45 49 50 45 44 44 44 43 45 45 44 41 38 32 28 24 23 23 22 22 21 22 22 21 20 19 19 19 19 18 18 26 41 45 40 50 123 192 207 200 189 176 166 158 146 138 137 137 139 146 164 188 198 193 186 179 172 167 164 
36 36 37 38 39 41 43 41 41 41 41 42 42 45 44 42 40 39 34 29 23 22 22 21 21 20 20 21 21 20 19 19 17 17 17 17 24 37 42 37 36 76 162 205 205 200 192 182 172 162 152 143 138 136 140 153 180 196 195 191 185 178 172 167 
31 32 34 37 39 40 41 41 41 40 41 42 43 44 43 41 41 42 38 30 24 23 21 20 20 21 20 20 19 20 19 18 17 17 16 16 21 33 41 37 36 49 115 187 205 207 203 196 187 178 168 158 146 141 142 151 177 194 196 192 189 183 177 174 
35 36 37 39 40 41 41 41 41 40 41 42 42 43 43 42 43 43 41 32 26 22 21 21 21 21 19 19 19 18 18 17 17 16 16 16 17 27 39 41 42 47 77 153 199 209 208 202 196 189 178 167 158 151 149 155 176 192 196 191 187 183 179 175 
34 36 37 38 39 40 41 40 41 41 41 42 41 42 42 42 43 43 41 36 27 23 22 21 20 19 18 17 17 17 16 16 15 15 14 14 13 18 31 40 45 45 50 99 171 199 205 204 202 194 186 178 170 161 158 163 177 187 193 191 186 183 180 176 
33 34 36 37 38 39 40 41 41 42 43 43 43 44 44 44 46 46 46 44 36 27 22 20 20 19 18 17 16 16 15 15 15 14 14 14 15 17 26 35 42 44 44 60 130 187 201 205 203 196 188 183 176 170 170 172 180 184 187 189 186 183 177 171 
36 37 38 39 40 42 42 43 43 43 44 45 45 46 47 48 49 49 50 50 46 37 27 23 22 20 19 18 16 16 15 16 16 16 16 17 17 18 19 23 34 43 44 45 82 155 189 199 202 197 190 186 182 177 174 173 176 179 181 181 179 177 172 166 
37 37 38 39 40 41 42 41 43 43 43 44 44 45 46 46 47 48 49 49 49 45 39 37 35 32 30 28 26 24 23 24 24 24 24 25 26 27 28 30 37 44 45 42 51 112 173 191 198 195 190 186 185 181 175 174 174 175 175 175 173 168 164 161 