


180 152 120 96 75 61 53 47 49 49 45 42 56 121 160 161 159 155 151 154 170 160 170 208 229 226 225 226 223 212 183 174 156 137 124 99 52 15 14 17 19 15 12 11 11 10 9 10 10 22 26 25 23 22 21 21 22 20 21 20 20 21 21 20 
186 152 119 97 74 58 50 45 47 45 45 40 56 123 160 161 159 156 154 166 172 162 160 205 229 225 224 226 220 205 183 176 158 122 115 104 64 17 14 19 20 14 12 12 12 10 10 9 11 22 26 25 23 22 21 22 22 21 22 22 20 21 23 21 
192 153 119 97 76 59 48 45 44 44 43 38 56 123 161 162 160 157 158 170 169 131 117 202 228 224 225 226 218 197 182 176 161 115 101 103 77 20 15 21 21 15 12 12 13 12 9 9 11 22 24 24 23 22 23 23 21 21 20 20 20 21 21 20 
197 154 117 95 78 62 50 44 42 40 39 36 58 127 163 162 161 157 160 157 142 98 113 205 228 224 224 226 213 192 182 175 166 120 92 85 72 23 17 21 23 17 13 12 13 13 10 9 9 22 25 25 23 22 22 21 21 21 20 21 21 20 20 20 
198 154 118 97 80 63 50 42 37 36 35 38 62 132 163 163 162 161 156 121 130 124 150 205 228 224 224 226 208 192 183 173 170 126 94 80 66 23 16 22 22 18 13 12 12 14 12 10 9 22 26 25 24 23 22 21 21 22 21 21 22 21 21 19 
201 154 117 98 81 62 49 41 35 33 33 38 65 135 164 164 162 159 123 117 159 153 158 200 229 223 224 225 204 194 184 173 173 136 97 78 60 22 18 22 23 19 13 11 14 14 13 12 10 23 26 26 25 23 22 21 22 21 21 21 22 20 20 19 
203 153 116 99 80 63 51 40 32 30 30 37 66 137 162 162 160 148 102 98 153 132 141 198 229 224 225 223 202 194 183 174 175 143 101 84 59 22 18 23 25 20 15 12 11 12 13 12 13 26 29 26 25 23 21 23 23 21 21 21 22 19 19 19 
204 152 118 101 83 66 52 39 32 29 31 39 70 140 163 162 147 125 120 121 154 108 143 199 230 223 225 219 199 195 184 174 177 154 110 88 55 24 21 25 25 20 15 12 10 12 13 14 14 27 31 27 25 24 22 22 21 21 21 22 19 18 19 20 
205 151 120 103 85 66 52 38 31 28 31 38 75 143 165 160 126 103 98 100 160 145 170 211 232 225 224 217 200 196 187 176 176 166 117 84 50 23 23 26 25 22 16 12 11 10 12 14 15 30 30 28 24 24 24 22 21 22 22 22 21 19 20 21 
213 154 120 103 86 69 52 39 32 28 31 38 77 146 165 146 138 139 95 97 141 127 170 219 232 227 225 216 201 197 192 178 176 171 126 92 52 22 24 25 24 21 17 13 12 12 12 13 15 30 31 28 25 24 23 22 21 23 23 22 20 19 20 20 
213 153 121 105 87 69 53 38 31 28 29 37 81 150 158 150 148 146 98 91 105 119 180 223 232 229 225 214 204 198 193 180 175 174 135 99 63 22 23 27 26 22 17 14 14 15 15 15 16 31 30 28 27 24 23 23 24 23 23 22 22 20 21 22 
214 154 122 105 85 69 54 38 30 28 31 39 88 156 169 167 109 100 126 115 120 150 187 226 233 232 224 210 206 201 196 185 176 177 147 107 67 21 24 28 24 22 17 17 28 59 76 63 39 34 31 27 26 25 25 23 22 22 23 21 21 21 21 20 
214 152 121 104 85 69 52 38 31 28 32 41 94 171 186 167 97 100 150 164 164 142 190 229 233 232 221 206 208 202 200 192 179 179 160 118 73 22 23 30 26 21 18 40 126 147 123 107 83 39 30 27 26 28 25 23 23 21 22 22 21 22 23 22 
212 151 122 107 89 72 54 37 31 30 31 42 100 175 187 162 98 108 156 172 182 165 199 232 235 235 219 205 208 204 200 195 183 180 171 132 84 24 22 32 30 22 23 98 171 137 106 94 66 32 30 27 26 24 25 23 23 21 21 22 21 22 21 21 
209 152 123 108 91 72 54 37 31 28 32 45 102 148 165 151 112 137 128 159 186 178 203 236 237 237 218 206 208 205 199 198 188 183 176 146 98 32 20 34 32 25 37 140 177 141 113 93 53 25 30 29 26 25 25 23 23 22 21 20 20 20 21 21 
205 151 124 109 91 72 53 37 31 31 33 48 105 136 152 136 116 122 105 147 179 159 201 236 238 236 216 207 208 207 201 197 192 186 180 156 108 45 21 35 37 47 94 181 172 136 97 94 67 27 29 29 28 26 25 25 25 23 22 21 21 22 20 21 
199 147 124 108 91 73 53 37 33 32 34 52 108 130 128 118 120 138 127 130 162 146 189 236 239 236 217 209 210 209 203 198 195 188 186 167 120 59 30 51 83 145 191 212 199 166 138 106 59 28 30 30 29 26 24 24 25 23 24 23 22 22 20 20 
189 143 123 108 93 76 54 38 32 36 36 55 112 125 103 80 115 155 148 121 151 153 174 231 239 239 219 211 210 213 208 199 195 191 186 175 139 100 95 136 187 214 215 214 203 179 154 123 63 30 31 29 27 26 26 24 23 22 22 24 22 22 21 20 
183 141 122 108 92 77 55 39 35 40 41 60 114 123 96 65 106 146 129 118 156 159 177 222 239 240 222 212 211 213 210 200 190 179 170 164 158 158 170 196 219 222 221 218 205 181 155 131 73 34 32 30 28 27 26 24 25 23 23 22 23 21 22 22 
178 139 121 108 90 74 54 38 37 45 47 67 119 137 134 139 175 186 160 147 149 143 175 214 238 239 223 215 215 214 205 185 170 162 160 161 164 171 182 209 222 220 222 222 216 197 167 146 100 46 32 31 28 26 26 26 25 24 22 22 25 21 21 21 
172 136 119 106 90 73 52 38 39 54 56 80 136 185 190 193 194 186 176 159 139 146 175 207 235 233 227 225 217 197 177 167 163 161 162 165 168 174 184 208 217 209 210 213 208 202 186 158 120 57 34 31 28 27 26 25 24 24 23 22 23 22 22 21 
169 135 119 105 92 75 51 37 45 66 66 87 140 164 171 181 185 185 189 190 185 198 216 228 234 231 229 224 205 181 167 163 163 164 164 167 169 171 175 195 200 192 200 199 185 176 170 149 113 54 33 30 28 27 26 26 26 24 22 22 23 21 22 21 
162 133 118 105 91 74 51 39 49 72 68 86 144 167 180 188 196 208 226 233 236 237 238 239 234 227 224 218 204 177 164 160 160 162 163 165 165 166 166 173 171 163 160 168 154 127 109 95 57 36 31 31 30 28 28 25 26 25 22 22 23 23 21 21 
157 131 118 103 87 68 49 38 51 73 66 84 140 158 184 215 231 237 238 235 232 230 229 230 227 221 220 214 200 179 163 157 156 155 155 155 153 150 150 146 138 123 110 98 77 52 30 22 16 27 30 30 30 27 28 26 26 25 23 23 22 23 23 22 
154 132 122 105 89 69 48 40 52 73 64 80 127 142 168 194 206 212 215 216 211 206 204 205 202 198 203 200 194 177 160 152 148 147 144 139 136 130 122 112 83 54 39 28 19 15 13 12 13 27 31 29 29 28 27 28 27 25 25 23 22 23 23 22 
152 133 127 109 91 69 47 39 48 64 57 72 113 132 125 123 128 136 164 182 181 177 177 173 169 169 177 174 171 166 153 144 140 140 136 127 119 109 83 60 37 26 20 17 16 14 14 11 12 29 32 30 30 28 27 26 26 24 24 24 24 21 22 22 
152 134 128 109 92 68 45 37 42 50 48 64 104 132 123 111 113 113 123 128 142 150 147 149 150 158 165 149 137 143 144 134 125 132 130 119 100 73 37 28 27 26 21 17 16 15 16 14 12 29 31 30 29 28 27 26 26 25 23 24 24 21 22 22 
147 132 125 107 90 66 44 37 40 41 42 58 100 126 116 111 110 111 115 123 140 145 141 134 125 139 150 138 123 113 113 129 117 111 116 120 118 60 32 31 31 28 21 18 17 16 16 15 12 27 32 29 28 28 28 25 26 25 24 24 24 23 22 22 
144 129 119 100 86 63 44 36 37 37 38 57 100 118 108 110 111 114 122 137 153 153 141 125 124 140 153 143 128 107 109 104 109 107 116 146 133 53 43 39 33 30 22 18 17 17 16 17 15 27 32 30 30 27 27 26 26 25 24 25 24 23 22 21 
142 127 115 97 80 58 41 34 34 32 36 60 110 131 118 120 121 126 135 149 152 149 132 76 108 142 159 156 139 131 120 99 96 96 109 138 115 46 48 43 34 30 22 18 17 17 19 18 16 25 33 31 30 27 27 26 27 26 25 24 22 22 22 20 
139 126 113 94 77 56 41 34 33 30 33 57 108 141 138 125 117 130 139 148 144 134 119 68 76 136 156 157 145 141 126 100 87 91 103 121 90 39 51 42 37 31 23 18 17 17 18 17 16 25 32 32 29 28 26 26 27 25 25 24 22 22 22 21 
137 125 112 93 77 55 40 34 31 29 34 56 108 138 128 118 124 130 128 125 116 104 95 87 80 125 153 165 160 147 127 109 102 91 94 107 63 38 49 37 35 29 23 18 16 16 16 18 16 24 31 31 30 27 27 26 25 24 24 23 21 21 23 22 
136 123 110 93 77 55 40 34 30 29 35 58 124 143 131 123 117 124 124 119 123 121 107 117 123 138 160 161 141 130 117 103 99 93 82 97 45 37 48 39 35 31 24 18 17 16 16 17 19 23 32 31 29 28 28 25 25 26 25 24 22 22 22 21 
131 124 111 94 77 54 40 34 31 28 33 62 153 166 129 117 127 128 130 131 137 145 132 121 116 131 141 121 104 81 91 87 94 95 76 84 35 31 45 39 38 30 23 19 17 16 15 17 20 24 32 32 29 28 27 26 26 25 25 25 22 23 20 22 
130 121 110 94 74 53 39 32 29 28 34 70 174 179 158 144 153 161 160 159 166 168 143 114 103 112 119 108 98 80 89 88 90 92 73 72 31 29 34 35 37 29 20 18 16 15 15 15 18 22 32 32 29 29 26 28 26 25 23 24 22 22 22 22 
131 122 110 91 75 54 38 32 29 29 34 75 164 157 156 138 151 168 175 177 176 166 139 124 121 112 106 105 103 111 124 108 92 89 79 63 26 29 30 34 37 31 21 17 16 15 15 15 16 21 30 30 29 29 28 27 27 26 24 24 23 23 21 21 
129 119 106 90 72 53 38 32 28 27 35 75 156 156 144 130 132 152 160 157 158 154 133 120 112 118 129 128 131 135 130 111 92 82 88 50 25 29 29 34 36 31 21 16 15 17 14 14 15 19 29 30 27 28 28 28 25 25 25 24 22 23 21 21 
124 113 99 83 67 49 38 32 28 28 36 81 178 170 150 132 129 141 141 138 138 142 140 128 121 135 144 143 140 135 119 96 71 82 95 40 23 30 31 32 35 31 21 16 15 17 15 13 14 18 29 30 30 27 27 27 26 25 24 24 25 22 22 21 
119 110 96 81 64 47 35 30 28 27 37 85 194 188 155 139 129 130 135 135 141 146 145 139 135 141 142 138 133 123 88 65 67 90 91 33 24 31 34 32 33 30 20 15 14 16 15 14 13 16 28 30 28 26 25 25 25 25 23 23 24 23 22 20 
115 108 96 82 64 46 35 30 30 30 40 84 157 146 134 142 144 134 140 141 149 146 147 144 143 146 142 135 125 93 65 62 71 87 86 32 24 29 35 32 31 27 20 15 14 16 16 15 13 15 27 29 28 26 27 26 27 26 24 23 22 22 22 21 
117 112 98 80 62 45 35 31 31 34 47 84 131 131 123 129 143 137 141 146 149 151 155 158 157 156 147 138 122 90 84 90 94 94 91 45 28 28 36 31 32 29 21 16 14 14 15 15 13 13 27 29 29 26 26 25 25 24 23 23 23 23 23 23 
115 110 97 77 59 44 36 31 34 40 56 89 128 128 123 116 125 128 137 147 155 159 162 167 166 161 153 145 126 118 137 142 136 130 122 94 67 47 40 31 31 27 21 17 15 15 15 15 13 13 24 30 28 26 26 27 25 24 24 23 22 24 22 24 
118 112 100 78 57 43 34 31 41 48 66 96 132 125 113 114 120 119 139 150 155 158 163 164 161 156 160 176 170 169 175 163 148 139 134 125 115 97 73 53 44 32 22 18 16 15 15 15 14 13 22 31 28 27 26 26 25 23 23 23 22 21 22 22 
117 114 101 80 59 43 34 32 47 54 72 107 134 136 146 165 180 181 178 172 164 160 161 162 161 161 191 203 198 186 169 159 151 147 146 140 136 129 124 114 102 80 66 54 46 45 39 27 16 14 20 31 28 27 26 25 25 24 23 23 22 22 22 21 
114 110 95 75 57 41 33 32 48 56 76 120 157 193 217 221 223 220 209 203 193 186 182 172 169 185 212 213 202 183 165 160 157 154 152 151 148 147 150 149 141 122 123 132 144 140 128 109 77 50 36 33 29 27 27 27 25 25 24 23 22 21 22 21 
110 103 89 72 57 40 31 30 49 56 79 131 162 196 224 202 193 218 217 216 214 211 211 189 182 198 215 215 207 187 168 162 160 158 156 156 155 155 158 163 159 150 150 163 181 183 186 186 180 163 127 49 30 27 27 26 25 24 23 23 22 21 21 21 
109 102 88 73 57 40 31 30 45 54 79 141 185 202 226 189 161 205 223 215 210 209 216 204 188 192 208 215 209 192 173 166 163 161 161 160 162 164 166 169 168 163 166 180 192 197 197 198 195 180 152 67 30 28 26 24 25 23 23 22 22 22 21 21 
108 102 88 73 57 40 31 29 37 43 69 143 207 213 226 171 167 214 228 228 217 215 204 204 197 190 194 205 207 199 182 169 165 161 161 163 167 166 168 171 172 172 178 191 199 198 203 202 199 182 157 82 34 29 27 25 25 24 24 24 23 21 21 22 
110 103 91 74 56 38 31 28 32 36 56 139 197 216 221 163 179 225 232 233 231 222 205 197 200 195 188 185 189 190 187 177 168 163 161 163 168 167 167 169 170 173 178 188 198 201 210 206 198 184 174 124 39 30 28 26 25 24 23 23 23 21 21 22 
109 104 92 77 55 39 30 27 29 32 52 142 205 226 218 176 213 227 206 224 223 215 202 199 198 192 187 181 178 169 159 159 162 154 149 151 156 161 164 164 167 169 171 180 192 203 209 206 200 188 177 145 51 30 29 27 25 25 24 23 23 23 22 20 
108 103 90 74 54 39 31 27 28 30 53 150 216 225 224 221 210 203 216 217 217 213 200 197 190 184 182 183 182 170 154 155 155 130 85 80 94 100 117 131 152 159 162 164 175 196 205 207 204 196 184 161 76 31 28 25 25 24 25 25 23 23 22 21 
106 98 88 73 54 38 30 27 27 30 54 155 218 222 228 224 202 215 221 213 217 207 194 190 182 179 182 183 179 169 165 177 161 116 50 34 60 47 47 45 73 91 103 122 136 167 194 200 198 192 183 176 112 36 27 24 25 24 24 23 23 23 21 21 
105 96 86 72 54 37 29 26 25 28 56 160 217 213 222 204 219 219 213 215 215 199 188 183 172 174 184 183 179 168 171 186 159 102 34 24 58 44 35 31 31 31 28 37 42 60 108 160 185 180 168 162 124 44 26 25 25 24 22 23 23 23 22 21 
106 97 84 70 53 38 28 25 24 27 56 157 209 209 209 223 222 209 211 216 211 192 185 176 165 172 184 186 178 169 182 188 145 87 27 24 53 45 27 30 25 25 20 20 17 16 23 49 84 122 119 99 86 46 28 25 24 23 22 22 22 21 20 20 
102 95 82 69 54 37 28 24 24 28 56 161 207 176 204 218 208 203 207 211 204 187 179 169 164 173 184 189 177 175 189 178 133 66 25 33 52 43 21 28 26 22 21 19 15 13 13 15 16 22 29 22 19 21 28 24 23 22 22 23 23 21 27 24 
99 90 82 69 55 39 29 24 22 25 56 168 186 174 197 192 196 200 200 203 195 183 175 167 165 173 185 190 178 180 191 163 116 57 37 38 49 44 21 22 30 22 19 19 17 13 12 12 12 13 15 15 15 15 23 26 23 22 23 22 20 23 74 56 
98 86 76 68 54 40 27 22 22 25 56 165 190 206 195 180 177 192 204 205 190 183 173 171 167 175 185 189 181 187 186 144 101 50 42 36 45 44 21 22 35 26 20 18 18 17 13 11 10 12 12 14 15 15 17 24 23 22 21 20 20 22 69 53 
95 83 74 65 52 36 26 22 21 24 57 164 202 212 190 179 165 157 195 210 189 183 173 172 171 176 186 189 185 192 178 130 83 34 44 35 41 47 23 22 35 24 19 18 16 17 15 11 8 9 9 11 13 14 15 21 24 22 21 19 19 21 82 66 
91 80 72 62 50 34 25 22 22 25 57 143 163 197 192 175 163 139 181 212 189 182 172 172 172 178 186 188 190 193 165 118 63 28 47 37 34 42 25 21 35 24 17 16 16 17 17 13 10 9 8 9 12 12 13 15 20 22 21 18 19 19 72 69 
92 82 73 61 50 34 25 22 20 23 56 106 136 181 181 168 156 147 198 209 188 180 174 173 173 181 187 191 195 188 154 107 43 26 48 38 31 40 31 20 30 25 17 14 13 15 17 16 13 10 8 9 11 11 12 12 16 22 21 19 19 20 78 60 
92 82 72 61 48 32 25 22 20 23 57 117 115 121 124 168 157 175 219 206 186 182 176 174 174 183 188 194 195 177 144 90 30 27 49 38 32 37 36 21 28 25 17 15 12 11 16 17 14 12 9 9 9 10 11 12 12 17 19 19 19 22 68 51 
91 82 70 59 46 31 25 21 20 23 59 158 155 142 129 148 177 209 219 199 186 184 177 172 174 184 192 196 187 162 132 90 36 37 52 41 30 31 39 24 25 24 19 16 12 11 12 14 16 15 12 8 8 8 9 10 11 14 17 19 18 19 64 49 
89 80 69 58 45 29 24 21 20 22 64 184 199 202 205 198 200 222 215 194 180 182 180 165 174 188 197 192 173 137 119 95 49 43 52 42 29 30 37 27 23 25 20 16 12 10 9 11 13 16 16 11 8 7 8 9 10 11 13 16 19 22 70 59 
84 78 66 57 47 30 23 21 20 23 71 190 213 208 210 206 208 222 214 194 174 183 182 165 176 192 195 182 160 137 129 91 53 44 47 42 29 30 33 32 21 22 18 18 13 10 9 10 11 14 16 15 12 8 7 7 8 11 10 12 17 22 78 56 


181 151 118 94 73 58 50 50 50 51 51 46 57 121 156 155 153 150 147 147 158 151 162 207 230 228 225 228 224 217 196 187 173 150 132 107 62 20 22 29 32 22 18 18 15 13 13 14 15 26 29 28 27 24 24 24 26 24 23 22 23 24 22 22 
187 153 119 97 74 57 49 47 48 49 49 42 59 123 156 156 154 152 151 157 161 152 153 205 231 227 226 228 223 213 196 188 171 135 125 112 73 24 23 32 33 23 19 20 17 15 13 15 16 27 30 29 27 25 25 25 25 26 25 24 24 25 25 24 
193 154 117 97 76 57 49 44 44 46 45 39 59 125 157 157 155 153 154 159 158 127 116 203 231 226 226 228 222 208 195 189 174 125 112 110 83 25 24 34 36 26 20 20 19 16 13 13 15 27 30 29 27 25 26 26 25 27 24 24 24 23 23 22 
198 155 117 95 78 60 48 46 43 42 41 38 62 128 158 158 157 154 154 149 138 100 113 205 230 227 226 229 219 206 196 189 178 130 104 98 81 29 26 36 39 26 20 19 19 18 16 14 15 28 31 28 27 25 25 25 24 24 25 25 24 23 23 22 
201 156 118 98 82 62 49 42 39 37 35 39 66 132 159 159 157 156 149 119 126 120 145 207 230 226 226 229 217 206 196 188 182 138 106 92 77 30 29 38 39 27 19 19 20 20 19 14 14 28 31 28 28 26 25 24 25 24 24 23 24 23 23 21 
204 156 117 99 81 62 50 42 36 34 34 39 68 136 160 159 158 155 119 113 150 146 153 203 231 226 226 227 214 207 198 187 185 145 106 89 69 30 30 40 41 30 20 17 19 20 22 17 15 27 31 29 28 26 26 25 25 24 24 24 24 24 24 22 
206 155 117 99 81 62 49 40 36 34 33 39 71 138 160 159 157 146 101 96 144 127 139 199 231 225 226 226 213 208 198 188 187 152 111 94 66 31 30 40 42 31 22 17 17 19 21 20 18 28 32 29 27 27 27 27 27 26 24 24 25 24 23 22 
209 154 118 101 83 65 51 41 34 30 32 39 73 140 160 159 147 128 116 114 144 106 138 200 231 225 226 225 212 208 198 187 188 161 118 96 63 31 30 40 43 33 22 18 16 18 20 22 21 32 33 31 27 27 28 27 26 26 26 25 25 23 23 23 
210 153 120 102 84 65 50 41 32 29 32 38 76 143 162 159 132 104 99 98 151 138 161 210 232 226 226 223 212 209 200 188 187 173 126 93 57 31 33 39 44 33 23 19 16 17 18 21 22 34 34 30 27 27 26 26 25 25 25 25 24 23 22 23 
218 157 120 103 85 66 50 38 31 28 32 38 78 146 162 153 142 132 94 95 135 124 163 217 232 227 226 222 213 210 203 189 186 181 135 100 59 30 35 41 42 35 24 19 18 17 18 19 21 34 34 30 27 28 27 26 25 26 26 25 24 24 24 23 
218 156 122 104 85 67 51 38 32 28 31 39 84 149 161 156 143 138 96 88 104 117 172 221 233 229 226 221 214 209 205 191 185 184 142 107 71 30 37 47 44 35 25 21 20 19 18 18 21 34 35 31 28 27 26 27 26 26 25 25 24 25 25 25 
218 156 122 102 83 67 50 37 31 28 31 40 89 157 182 171 108 97 117 108 116 142 177 224 234 231 226 218 215 209 206 196 186 186 154 113 74 28 37 48 44 34 24 22 32 59 76 63 41 37 34 31 29 28 28 27 27 26 24 25 23 25 24 24 
220 155 122 104 83 66 50 37 31 30 32 44 98 185 207 164 96 96 137 150 153 137 181 229 234 233 225 216 216 211 209 201 189 188 167 122 79 27 34 48 43 33 24 45 123 139 114 101 79 40 34 31 30 28 28 26 28 26 24 25 25 25 24 24 
217 153 122 104 85 69 51 36 31 30 33 45 105 199 207 154 94 102 143 160 168 156 190 232 235 235 223 214 217 212 208 204 192 189 178 137 90 29 32 49 45 36 29 99 164 125 93 84 61 33 33 32 29 28 27 26 26 25 25 24 26 26 24 25 
214 154 122 105 88 70 50 37 31 29 32 46 107 191 187 139 100 125 124 148 171 166 195 235 235 235 222 214 218 214 207 206 197 190 183 151 103 38 30 51 47 39 41 137 167 126 98 79 45 26 32 31 30 29 27 29 25 25 25 24 24 24 25 25 
211 153 123 106 87 68 49 36 32 31 34 51 112 189 170 123 102 116 103 137 166 151 194 235 235 234 222 215 217 215 208 206 201 192 188 161 112 49 30 51 53 55 94 173 157 117 75 75 54 26 33 32 29 28 27 28 27 26 25 25 25 24 24 23 
204 149 123 106 87 70 51 36 32 33 36 54 117 191 165 109 106 127 120 124 152 140 185 233 235 235 222 216 217 217 210 206 203 196 192 172 125 62 36 62 92 143 186 203 186 152 123 88 43 27 33 32 29 29 28 27 27 26 26 25 24 25 24 23 
195 145 122 106 88 72 52 36 32 35 37 57 121 192 173 108 108 143 137 114 142 147 171 228 236 237 224 219 218 219 213 205 201 197 191 178 141 103 94 134 182 206 207 205 194 168 141 108 52 30 33 31 30 29 29 27 27 26 25 26 24 25 24 25 
189 142 119 104 87 71 51 37 34 38 40 60 125 192 165 113 123 136 123 114 147 151 168 220 236 238 226 219 217 218 214 205 191 179 169 161 152 151 161 187 211 214 212 209 195 167 141 117 60 33 33 33 31 28 29 28 28 25 25 27 26 25 24 24 
182 139 120 103 83 68 50 38 36 43 46 68 133 191 163 141 168 176 152 137 142 136 165 212 235 237 226 220 217 213 202 180 163 154 151 150 153 160 172 200 214 211 212 212 205 185 153 132 85 43 35 32 31 29 30 28 28 27 26 26 26 26 25 24 
176 136 117 101 83 67 48 37 39 51 53 76 137 182 171 171 170 163 158 144 130 138 165 204 232 229 224 221 211 188 167 157 152 150 151 151 154 161 171 199 209 200 199 201 197 192 176 147 107 54 36 33 31 28 30 28 27 27 26 26 26 25 24 25 
172 134 115 99 84 70 48 36 42 61 61 80 128 130 137 151 159 161 171 175 174 188 208 223 228 225 221 215 195 170 155 151 148 149 151 152 155 157 161 185 191 182 189 189 174 167 160 141 103 51 37 32 30 29 29 29 28 27 25 25 25 24 24 23 
166 132 115 100 83 67 47 36 45 66 64 81 132 140 150 162 176 193 216 225 228 231 232 232 226 219 214 209 193 163 150 147 146 148 149 150 151 153 154 162 161 153 151 159 144 117 101 88 54 36 35 33 31 30 30 29 28 28 27 25 24 26 26 24 
160 130 114 99 81 63 44 36 46 66 62 78 125 128 160 200 221 229 230 227 225 224 221 221 216 210 208 202 188 165 148 142 140 141 141 141 140 138 136 135 128 115 102 93 74 49 30 24 18 29 33 32 31 31 29 29 29 28 27 28 26 26 25 25 
156 130 118 99 80 62 43 36 47 65 58 73 103 97 139 173 188 201 205 206 202 196 192 193 189 185 188 188 182 164 145 136 132 133 130 127 124 118 111 102 78 53 40 29 21 18 16 14 15 30 33 32 31 30 30 30 29 28 27 25 25 26 26 25 
154 131 122 102 84 63 43 36 44 60 53 65 91 92 83 75 87 103 145 166 162 155 151 150 151 152 161 162 158 153 141 129 125 126 122 116 109 99 76 57 40 31 24 20 18 17 17 15 15 31 33 31 30 29 30 29 30 28 27 26 26 25 24 26 
152 130 122 102 83 62 42 36 40 46 45 57 79 97 90 74 80 81 96 97 109 114 109 113 121 138 150 135 123 130 131 120 111 120 118 109 92 67 38 34 35 35 27 23 20 19 19 16 14 30 33 31 30 29 29 28 29 28 26 26 26 26 24 25 
148 128 119 100 81 58 39 35 38 38 39 52 75 98 87 81 79 79 82 87 104 110 107 99 94 117 135 123 108 98 100 117 105 101 107 115 116 61 41 39 39 40 28 23 22 21 22 20 16 29 34 31 30 31 30 28 28 27 27 27 27 25 25 25 
145 126 113 93 76 55 39 33 35 34 36 50 76 86 73 76 75 77 87 101 119 121 108 93 100 121 136 128 114 95 96 93 99 101 113 146 133 58 62 50 44 43 30 24 22 23 22 22 19 29 34 31 31 30 29 29 29 28 27 27 27 25 26 24 
143 124 110 89 72 52 37 33 33 31 35 51 80 95 79 81 84 90 101 113 116 114 100 50 85 124 142 141 124 117 109 89 89 92 108 137 115 54 72 58 46 43 31 23 22 24 25 23 21 29 34 33 32 29 29 29 30 29 28 27 26 25 26 24 
139 122 108 86 70 50 37 33 33 29 33 50 74 98 98 86 80 94 104 114 110 100 88 46 55 113 137 142 129 127 112 90 80 86 101 119 90 54 77 60 51 43 30 23 22 22 25 24 22 28 34 33 31 31 30 29 29 29 27 26 25 26 25 24 
136 122 107 85 68 49 37 33 31 28 31 47 73 95 89 78 84 91 92 90 80 70 66 62 57 102 135 150 146 133 111 95 88 83 91 105 65 55 77 56 52 41 29 22 23 21 23 27 25 30 34 33 31 31 29 28 28 28 26 25 24 24 25 25 
135 119 105 84 67 48 37 32 29 27 32 49 89 102 90 82 78 83 85 84 94 96 83 96 103 118 142 142 122 108 93 84 77 78 77 93 47 53 75 55 53 41 28 23 22 20 22 26 26 28 32 32 30 29 29 29 28 30 27 25 25 25 24 24 
131 119 106 85 67 48 36 32 30 28 32 51 129 138 92 76 86 88 95 101 114 127 113 99 92 106 113 86 67 46 61 63 66 73 68 81 40 45 66 52 52 41 29 24 21 19 19 24 27 29 33 32 31 30 28 29 26 27 27 25 24 25 23 23 
129 117 105 85 67 47 35 32 28 28 31 61 156 154 129 112 125 135 140 140 151 153 125 87 73 80 86 69 57 39 57 63 62 69 63 68 34 37 47 50 53 42 28 23 22 19 19 20 25 29 34 34 32 30 28 29 29 28 26 27 25 25 23 24 
130 118 104 83 67 48 35 30 28 28 32 64 135 119 124 108 125 147 160 164 164 151 121 106 97 81 69 65 64 83 103 90 69 68 71 60 30 37 41 46 53 43 29 22 22 20 18 20 23 28 33 34 32 31 30 29 28 27 27 27 26 25 24 24 
126 113 100 81 64 47 36 30 28 28 34 63 121 113 105 92 100 125 140 140 142 138 115 101 89 93 105 101 109 119 113 96 77 71 84 50 30 38 40 46 51 42 28 21 22 21 19 18 21 25 31 32 32 31 29 29 28 28 26 28 24 24 24 25 
121 109 95 75 60 45 34 30 28 28 35 70 154 136 114 94 93 107 112 113 115 124 124 110 100 115 126 125 123 119 105 84 64 77 90 41 30 39 42 46 50 43 28 20 20 22 20 18 19 23 32 32 31 31 29 29 28 28 27 27 26 26 25 24 
116 105 91 72 57 43 33 30 28 28 36 74 179 168 129 106 97 100 107 108 117 127 128 120 116 121 124 121 115 107 78 59 63 86 89 35 30 40 46 47 50 42 28 19 19 21 21 19 17 20 31 32 30 28 30 29 28 28 26 26 26 25 24 24 
113 103 89 72 57 41 33 30 29 30 38 72 132 123 112 119 118 110 114 116 129 128 131 125 124 128 125 118 108 81 58 60 68 83 83 36 30 39 49 45 48 40 28 20 19 22 21 18 17 19 31 31 30 28 28 29 28 28 25 25 26 26 24 24 
112 105 91 74 56 40 32 29 31 33 44 70 105 107 101 107 126 121 124 129 134 135 140 143 141 140 133 121 107 79 76 84 88 89 89 49 34 37 51 44 45 38 28 20 19 21 22 19 16 18 31 31 30 29 29 29 28 28 26 26 26 26 24 24 
110 105 90 71 52 39 32 30 33 38 53 76 99 94 94 87 103 108 119 133 143 146 147 152 151 146 138 130 112 106 126 134 128 122 116 91 68 52 53 43 44 37 28 21 19 20 21 21 19 17 28 33 31 30 29 29 28 27 26 26 25 25 24 24 
114 107 93 71 53 39 32 30 38 45 60 82 99 86 70 74 83 91 119 136 141 145 149 148 145 139 146 163 158 159 164 152 138 129 122 116 108 93 74 57 49 38 28 22 18 19 21 21 18 17 27 33 31 30 28 27 27 27 26 26 26 25 26 24 
113 108 95 71 53 38 32 30 44 49 65 90 93 99 112 140 158 168 166 160 151 147 146 146 146 147 180 193 188 175 157 145 139 136 132 129 126 120 116 107 97 79 66 53 48 48 42 30 20 18 24 33 31 29 29 28 27 26 26 26 25 26 24 23 
111 104 88 67 52 37 31 30 46 52 69 107 120 134 170 202 216 214 202 195 184 176 170 159 154 173 204 203 192 171 151 145 142 141 138 138 136 136 139 138 131 115 116 126 138 135 125 108 79 52 40 35 32 30 29 28 27 27 27 25 24 25 24 24 
108 98 84 66 51 36 29 30 44 50 71 118 130 109 130 154 185 212 210 210 207 205 203 179 168 187 207 207 197 176 157 151 147 145 143 141 142 142 146 150 147 140 139 154 174 176 179 180 175 160 126 50 30 30 30 29 28 27 27 26 26 25 24 23 
107 96 83 66 49 36 29 29 40 48 71 112 109 97 120 131 149 197 218 210 205 203 210 198 178 182 198 205 200 183 162 154 151 149 148 147 149 150 154 156 157 153 155 169 185 188 190 190 188 172 146 66 32 30 30 28 29 28 28 26 26 25 24 24 
105 96 82 65 49 37 30 28 34 41 63 105 93 97 116 125 152 207 226 227 216 213 204 202 193 183 187 197 198 191 171 158 153 149 149 151 155 155 156 159 161 161 168 183 191 189 194 193 190 174 150 79 35 33 32 29 29 27 27 27 27 26 25 26 
106 97 83 67 48 37 30 28 31 33 52 103 87 107 117 127 167 222 232 233 230 224 211 206 206 199 188 183 185 185 181 170 158 152 150 151 155 156 156 156 158 161 168 180 190 194 201 197 189 175 166 119 39 32 31 31 29 27 26 27 26 26 25 25 
105 97 85 67 47 36 30 27 29 31 51 105 101 124 121 149 210 227 205 223 221 220 213 212 209 203 196 190 186 173 159 157 159 150 142 143 148 151 154 155 157 158 161 171 184 196 203 199 192 179 168 136 50 33 31 30 28 28 26 27 26 26 25 23 
103 95 82 65 47 35 29 27 27 31 53 106 108 128 148 210 209 203 216 217 217 219 211 208 201 197 194 193 193 179 163 162 159 133 88 81 103 103 114 126 144 151 153 156 167 190 200 202 198 189 177 155 75 35 31 29 28 27 27 27 27 26 24 23 
103 93 80 64 47 35 28 26 26 30 54 107 102 123 199 223 202 215 221 213 217 216 207 202 192 190 194 194 191 179 177 188 168 123 58 44 93 75 64 55 80 92 100 117 130 162 190 197 194 188 178 169 109 38 30 29 30 26 26 26 26 26 24 23 
102 91 77 63 44 34 27 25 25 29 55 112 107 129 213 204 219 219 214 215 216 211 202 195 183 186 195 194 190 178 184 198 167 113 46 36 90 78 58 45 47 42 35 40 43 60 105 158 181 175 162 157 119 46 31 29 29 28 26 25 26 25 25 24 
101 91 77 62 44 34 28 25 24 28 55 112 108 142 206 222 222 210 211 216 214 205 197 189 178 183 194 198 189 180 195 198 155 98 37 40 90 76 46 46 39 36 30 25 22 19 25 51 85 119 113 96 84 47 31 29 27 26 25 24 25 24 23 21 
98 87 73 60 46 34 27 24 24 28 56 114 112 150 204 218 207 203 207 211 212 200 192 183 176 183 194 201 190 188 201 189 143 80 39 60 98 74 34 43 39 32 31 28 23 19 17 18 21 25 32 27 23 27 31 29 27 26 25 25 25 23 23 22 
94 82 70 59 46 34 27 23 23 26 56 118 109 167 198 191 196 200 201 206 206 196 186 181 176 185 198 202 191 193 203 174 129 79 67 73 95 74 31 36 50 32 28 28 25 19 17 16 17 18 19 22 21 21 28 29 26 25 24 24 24 23 20 20 
93 80 67 57 46 35 26 22 23 26 57 108 118 202 194 179 177 191 204 209 202 195 186 185 181 187 199 202 194 200 199 154 112 73 80 68 86 77 32 33 54 40 29 27 28 24 17 15 14 15 17 18 20 21 22 26 25 24 24 24 24 23 19 21 
88 75 65 54 44 33 25 22 22 25 58 106 134 207 189 179 164 156 196 212 199 195 186 186 183 187 198 201 197 205 188 140 95 54 83 67 78 82 36 32 53 38 30 28 27 26 21 15 13 13 15 16 18 19 20 24 26 24 24 24 22 23 19 21 
84 72 63 52 41 30 25 22 22 25 59 106 137 194 191 176 164 140 181 214 200 195 185 185 185 190 199 201 202 204 173 129 76 46 86 71 69 82 43 31 51 39 26 23 27 27 24 20 14 12 13 13 16 17 19 21 24 25 24 23 22 22 20 19 
83 72 62 49 40 31 25 22 21 27 58 103 128 174 177 170 157 146 198 212 198 193 186 185 186 193 198 202 208 197 164 118 55 42 87 73 63 77 53 31 50 40 25 20 18 23 27 23 18 14 12 12 14 15 17 19 22 26 25 23 22 19 19 18 
83 71 61 50 39 29 25 22 20 24 60 108 105 106 111 165 158 175 219 208 197 193 187 186 185 194 200 207 206 186 153 104 42 43 86 75 58 71 62 31 47 42 27 19 17 15 23 27 24 16 13 11 12 13 15 18 19 22 22 23 22 21 19 19 
82 69 59 48 38 29 23 21 21 24 62 107 90 68 70 139 176 210 219 202 195 194 189 182 184 196 204 208 198 170 140 103 56 65 90 74 58 66 70 35 40 40 29 21 17 15 17 22 28 23 17 12 11 11 13 15 18 19 21 22 22 22 19 18 
79 68 57 46 38 29 22 21 21 25 64 112 108 143 182 197 200 222 215 197 190 193 191 179 186 200 207 202 182 146 128 108 83 79 88 73 57 60 73 42 35 37 30 23 19 15 16 18 20 25 24 18 12 12 11 13 15 17 19 20 21 21 19 19 
75 63 54 47 38 29 23 21 20 26 69 139 190 204 208 204 207 222 214 199 183 193 193 176 186 204 204 190 169 147 142 104 86 81 86 75 59 55 64 51 32 35 29 24 20 16 14 17 17 21 27 22 16 11 10 12 13 15 16 19 20 21 19 19 


175 146 111 79 60 48 45 43 43 40 43 41 56 109 134 134 134 132 126 126 128 123 132 195 222 220 219 220 215 213 197 188 172 149 125 99 57 34 38 50 55 40 36 31 30 26 28 30 26 35 37 31 33 32 31 29 27 27 32 27 25 26 29 27 
185 150 110 82 61 46 41 44 46 46 45 44 56 115 139 135 136 131 131 131 133 128 131 195 221 219 219 220 215 210 197 190 168 132 119 104 71 32 39 59 61 39 34 37 31 28 24 30 28 36 36 32 31 35 34 31 32 34 33 28 28 29 30 31 
192 150 114 88 64 53 47 44 42 40 41 39 57 118 142 138 138 135 133 134 133 111 105 192 221 218 218 221 215 207 196 190 171 121 105 105 81 36 44 62 67 45 37 38 33 33 26 27 26 35 38 31 31 32 30 32 30 31 33 27 30 28 32 32 
198 151 112 89 67 56 47 41 40 40 36 40 62 121 141 140 140 139 133 122 117 92 105 195 223 218 217 220 214 207 196 190 178 125 99 91 78 42 48 66 65 48 37 37 39 37 29 24 26 37 40 35 33 34 32 35 34 32 33 30 33 37 31 33 
201 153 109 87 69 55 45 39 33 37 36 37 62 122 143 141 139 138 127 105 108 106 126 198 222 217 217 221 212 207 196 188 181 132 101 90 76 42 50 66 70 49 37 34 39 37 37 27 26 36 39 41 36 34 32 31 31 33 34 33 32 34 32 35 
203 152 111 90 66 53 49 43 36 33 40 42 69 127 142 142 141 134 106 101 124 120 131 192 220 216 217 219 213 207 198 188 185 140 102 86 70 42 49 70 76 54 38 35 38 36 41 37 29 38 41 34 34 35 31 31 35 33 35 33 36 32 32 36 
203 151 111 91 71 53 49 43 37 33 35 39 71 127 145 143 141 128 95 85 120 110 121 187 220 215 216 217 212 208 197 188 186 148 105 86 66 45 51 71 75 57 36 32 36 42 43 41 33 38 39 35 35 37 32 34 33 32 38 35 35 36 37 39 
207 152 112 93 72 58 45 41 38 35 33 43 76 129 144 141 132 114 99 96 119 97 123 188 219 214 216 217 211 207 197 186 186 158 111 89 65 45 59 74 75 57 40 33 32 37 43 43 38 41 37 32 34 36 36 39 35 30 30 29 31 37 35 34 
209 149 111 91 72 55 48 38 36 35 35 43 78 131 142 143 122 97 88 89 127 118 139 196 221 214 215 217 210 207 199 185 185 171 121 90 60 42 59 74 77 59 42 34 33 34 39 41 43 42 41 36 38 37 36 35 33 33 31 31 32 39 36 31 
217 151 111 93 71 58 45 38 38 35 34 40 76 131 143 138 125 111 83 87 113 110 141 204 222 217 215 216 213 209 201 187 183 176 126 94 62 43 58 73 81 63 48 38 33 29 32 36 44 47 43 38 39 32 35 34 33 35 33 34 36 37 40 36 
219 151 115 95 77 61 51 42 36 35 34 41 78 132 147 139 122 113 89 85 93 107 147 206 222 218 217 218 215 208 203 189 183 180 134 99 71 45 64 73 74 61 44 37 34 32 34 36 37 44 41 41 38 35 37 35 35 35 33 33 34 33 35 30 
218 152 113 92 74 57 48 43 38 33 31 43 89 143 165 152 101 85 95 95 102 125 153 209 220 219 217 217 215 209 206 194 185 183 148 108 76 41 63 78 75 65 45 38 47 63 76 66 48 42 40 39 37 34 35 36 34 31 32 33 34 33 33 33 
220 152 114 94 73 59 47 43 36 31 34 47 93 168 185 141 88 85 108 122 128 122 159 214 222 220 218 215 216 210 207 198 186 185 163 116 81 41 59 80 77 68 45 60 118 119 99 89 70 45 41 39 37 35 35 37 33 34 35 32 31 33 37 35 
217 152 112 92 71 58 44 38 34 33 36 48 98 181 181 126 80 87 114 130 138 133 166 218 222 221 217 213 217 212 208 203 190 187 175 131 88 46 55 78 74 65 48 101 141 100 72 62 53 37 40 37 34 33 34 32 32 37 37 32 32 33 32 33 
214 149 114 96 72 57 42 36 33 34 35 50 99 166 156 110 77 96 104 122 139 134 169 220 220 220 218 214 216 213 206 205 196 189 182 146 98 49 49 78 77 65 59 132 143 99 73 56 39 31 38 35 35 33 33 30 34 32 34 34 31 32 30 34 
211 147 114 95 71 59 47 39 33 36 38 49 104 160 140 92 74 96 90 112 138 129 173 220 220 221 217 214 217 214 206 204 199 191 185 158 109 57 52 79 84 80 100 159 135 95 65 61 43 30 38 37 37 34 35 33 32 35 35 34 35 37 35 34 
204 146 111 92 70 58 44 39 33 36 39 53 108 160 135 79 74 105 101 102 128 124 168 219 220 220 219 216 217 217 210 204 200 193 188 169 119 67 59 89 108 141 172 183 163 126 98 69 40 31 39 39 35 34 37 33 32 33 31 32 36 36 34 37 
195 140 110 95 76 57 45 39 36 38 39 56 115 160 139 76 73 110 114 100 123 128 153 213 220 222 220 217 217 218 212 204 199 195 189 174 136 99 98 132 169 189 188 186 173 145 117 88 45 32 38 40 34 33 34 37 34 36 36 31 31 34 33 35 
187 138 110 94 79 59 46 38 37 41 42 59 113 157 131 84 91 111 109 105 126 130 146 202 221 223 221 218 215 215 212 201 184 170 159 145 136 134 142 170 191 193 193 187 170 143 119 94 49 35 41 39 38 36 36 35 34 33 33 36 33 33 36 38 
181 134 108 91 74 59 43 38 40 44 43 64 122 160 141 122 144 153 136 118 123 121 142 195 220 222 221 216 211 205 188 165 144 133 129 127 131 140 147 180 193 192 192 190 185 163 131 109 72 45 40 41 37 35 34 34 36 33 30 36 35 34 36 35 
172 126 105 88 73 56 42 39 38 48 50 71 125 159 145 143 139 136 133 122 117 125 144 187 216 214 213 209 196 172 145 134 128 124 127 128 130 137 148 178 186 176 174 177 177 172 157 125 92 53 38 39 37 36 36 37 37 31 34 37 38 36 33 33 
169 127 104 86 73 55 43 38 41 55 54 75 114 98 103 119 128 134 146 153 157 170 186 205 211 208 204 198 176 148 132 126 125 125 127 128 130 134 140 163 169 160 168 165 150 146 144 121 85 48 40 41 39 39 38 37 37 33 32 36 38 35 35 38 
164 125 105 86 66 55 42 40 46 60 55 73 115 111 121 136 153 173 199 209 212 212 215 216 207 200 196 192 173 142 127 121 120 125 127 127 127 131 132 141 140 131 133 142 127 99 87 77 52 43 40 36 36 39 38 38 36 34 33 34 35 33 34 38 
156 123 101 86 67 54 41 38 47 59 54 68 107 101 137 179 203 212 213 210 208 205 205 203 197 191 188 186 171 145 127 122 118 117 122 120 119 121 120 118 113 100 91 85 71 49 37 30 26 38 40 39 38 39 38 34 33 34 33 33 36 36 36 35 
151 122 104 88 69 56 43 38 45 56 53 61 89 85 126 158 171 185 189 191 185 177 174 174 169 162 169 170 165 145 127 119 113 112 111 109 102 101 96 90 77 59 50 38 31 30 30 23 22 37 38 38 36 35 36 35 32 31 34 36 34 33 39 31 
148 122 109 92 72 59 42 38 44 51 48 57 77 78 73 66 77 93 131 148 137 127 120 120 126 130 138 138 138 138 123 112 109 109 106 100 93 87 73 61 57 53 42 37 33 36 38 28 22 34 38 38 37 36 36 37 35 31 36 35 33 35 38 31 
146 120 108 92 72 55 40 36 40 42 46 55 69 85 76 67 73 72 77 71 74 77 69 76 92 115 126 110 101 111 115 103 98 103 104 96 86 67 53 54 61 67 47 42 41 36 38 35 23 34 38 37 35 34 34 36 35 34 34 34 35 35 32 30 
141 117 103 89 70 55 40 37 39 41 43 52 65 82 74 67 57 59 57 57 67 76 72 67 68 96 111 103 89 78 82 101 92 89 97 106 113 71 65 70 71 71 50 45 45 37 40 37 25 36 41 37 39 36 34 35 36 36 39 36 35 35 34 32 
137 113 99 80 61 50 38 37 37 41 41 49 55 64 62 56 48 51 55 67 81 85 76 69 78 98 113 106 93 80 83 84 89 92 105 142 131 81 104 84 79 72 49 45 47 44 43 40 28 33 39 38 34 34 36 37 35 34 35 34 33 33 34 32 
136 111 94 76 61 47 39 37 33 33 37 48 55 63 50 52 57 56 60 80 79 78 70 45 71 99 119 119 106 98 96 81 82 81 99 133 115 82 120 93 84 73 54 46 45 47 46 40 38 37 39 37 34 33 37 36 35 32 35 34 32 33 30 33 
133 111 94 75 57 48 38 36 33 32 37 48 48 58 60 55 54 61 67 82 78 71 61 43 51 95 117 118 110 111 98 78 73 78 91 115 95 88 120 94 84 69 55 45 41 46 48 45 43 41 41 37 37 36 35 37 34 32 34 33 32 32 33 33 
130 110 94 72 55 48 38 35 33 34 36 45 49 53 57 49 53 59 56 60 57 50 47 51 51 84 116 130 129 115 98 83 75 74 82 100 77 91 121 90 80 69 55 43 38 40 45 50 45 42 39 36 38 36 38 37 36 34 34 35 35 35 36 36 
126 106 92 71 59 47 38 35 33 31 34 41 61 63 54 52 47 51 55 57 68 74 64 75 85 96 125 125 103 90 75 75 68 71 71 86 61 87 119 86 80 69 52 43 41 38 40 49 46 42 40 40 38 35 35 33 36 33 32 35 33 33 35 33 
121 104 95 74 62 46 38 34 33 30 38 44 104 111 64 46 53 57 69 77 95 109 94 76 67 78 86 65 52 40 55 57 59 66 63 77 57 78 107 85 86 74 52 42 43 40 40 47 54 46 40 39 38 35 39 35 35 34 33 35 35 35 33 33 
118 103 88 71 58 49 41 34 36 31 35 52 133 129 104 86 96 115 121 123 132 133 106 69 54 54 58 49 46 42 58 62 55 58 60 69 56 69 80 78 82 74 53 38 41 39 40 39 51 48 41 36 38 37 38 33 33 31 32 35 31 35 30 35 
118 106 91 74 57 48 40 36 36 33 37 54 105 83 97 86 98 125 144 147 146 131 100 88 78 62 50 48 51 75 94 84 64 60 66 60 51 64 72 76 84 77 55 39 41 38 35 37 44 46 40 37 40 36 35 32 37 33 35 37 34 33 34 34 
117 102 90 73 56 46 38 37 32 34 36 56 90 75 71 68 76 103 119 125 126 123 99 86 79 80 87 81 89 105 99 87 68 66 79 58 51 65 68 76 83 78 51 36 38 39 35 34 37 45 41 37 38 36 37 37 35 33 32 34 35 32 32 32 
114 96 85 69 54 45 37 29 30 33 38 64 130 103 76 62 63 79 86 94 96 105 107 93 88 98 104 104 103 102 91 73 60 74 85 53 49 64 73 78 78 71 50 37 38 42 39 34 35 42 41 37 39 36 37 36 33 31 33 36 37 36 34 35 
109 94 82 68 53 43 39 34 33 35 40 64 159 148 108 77 71 72 75 85 96 108 110 103 100 103 103 100 97 89 65 51 57 79 79 50 56 68 77 74 78 72 56 42 37 43 41 32 33 35 37 39 36 36 36 36 33 30 34 31 36 33 38 32 
103 92 82 69 51 40 36 35 32 33 42 66 113 109 104 105 96 88 90 91 110 113 113 107 106 108 106 99 90 67 50 58 64 78 80 57 62 72 82 77 79 74 55 43 36 38 41 36 30 31 37 39 36 34 35 35 34 33 33 33 32 37 38 34 
103 93 80 66 52 43 35 33 32 38 43 61 95 102 93 99 112 110 109 115 119 115 121 124 122 121 111 100 89 64 63 74 79 82 84 66 61 68 84 74 78 70 50 41 33 37 38 38 32 31 38 36 34 37 38 37 35 33 30 34 35 35 35 34 
102 90 81 62 49 39 33 33 35 40 48 69 94 88 83 81 96 100 109 117 128 130 128 131 130 123 115 113 97 92 112 120 114 110 108 94 78 76 87 66 73 67 49 35 32 36 37 36 32 30 37 34 36 35 38 35 36 34 31 33 37 35 38 36 
104 95 78 63 49 39 34 33 39 45 54 75 91 78 63 68 76 84 106 117 125 128 133 130 123 114 127 147 143 142 148 135 120 113 111 107 100 92 83 71 70 66 49 34 33 37 36 36 36 30 32 35 36 34 38 36 35 35 33 34 34 35 34 36 
102 97 81 61 49 40 32 34 43 48 53 80 83 91 110 131 145 155 151 142 134 129 130 126 122 124 166 180 173 157 136 123 113 113 114 112 109 105 103 100 90 78 70 58 58 57 50 42 38 34 33 38 37 36 38 34 32 34 34 33 32 31 36 36 
100 90 79 61 48 40 36 35 46 47 62 97 109 126 163 187 201 199 190 182 168 160 153 137 132 152 187 189 177 153 130 124 120 119 116 116 115 113 118 121 114 99 101 114 127 121 116 106 85 63 49 43 37 36 37 37 35 32 32 34 31 34 34 33 
96 83 73 61 50 40 36 32 42 48 67 102 108 107 131 146 170 196 198 198 195 190 188 162 152 171 194 194 182 158 136 127 126 123 117 119 119 120 123 132 127 118 118 134 154 157 168 169 164 148 115 51 37 37 38 37 34 31 31 34 34 33 33 34 
97 85 73 58 48 41 36 30 38 48 67 104 96 100 122 127 137 183 206 199 194 192 198 184 163 167 184 192 187 166 143 132 129 128 125 127 127 130 130 135 139 131 137 151 165 173 173 176 174 158 130 60 39 35 41 39 34 32 33 34 35 37 35 33 
95 85 72 59 45 37 32 32 38 45 61 103 101 102 120 121 129 189 215 218 207 202 197 198 183 171 172 184 186 178 156 142 135 132 128 130 137 138 139 142 142 143 149 163 174 173 176 175 172 158 133 72 40 35 38 36 34 35 35 35 36 37 36 33 
95 85 70 58 47 39 31 33 33 39 55 104 91 111 118 121 147 208 220 221 218 216 214 210 209 197 183 174 174 171 170 156 145 137 134 133 137 138 138 137 138 143 151 162 175 176 185 182 171 156 147 108 47 37 38 35 37 37 31 34 38 35 31 32 
96 86 70 61 47 40 31 33 32 36 54 109 107 128 125 145 197 216 198 211 210 218 218 216 213 204 201 193 188 171 156 152 152 138 132 129 134 138 138 136 137 141 144 153 170 181 190 186 177 161 151 122 52 38 36 35 33 32 33 34 35 31 35 32 
94 82 70 60 48 37 32 31 33 38 59 114 114 130 152 204 202 196 208 206 206 218 216 212 206 199 199 198 198 183 165 164 158 134 97 93 116 111 113 117 130 136 136 138 153 174 188 189 183 173 160 139 70 39 34 35 35 35 33 32 33 34 36 33 
92 80 68 59 49 38 33 34 33 38 62 115 113 128 194 214 195 207 213 202 206 217 212 205 197 194 197 200 195 183 180 190 171 128 76 74 133 117 97 82 97 95 97 107 118 147 175 182 180 176 164 154 99 44 34 38 31 34 37 33 34 35 33 33 
89 77 69 59 48 36 34 30 33 35 65 118 114 131 204 197 212 207 203 204 207 215 207 198 190 191 198 198 194 182 188 201 170 123 70 73 134 126 100 81 77 69 57 56 53 64 101 150 167 159 148 143 109 50 35 36 31 31 33 31 34 30 32 32 
95 79 69 58 46 36 32 32 33 41 67 114 113 144 200 214 212 199 201 207 208 209 201 193 185 189 197 201 195 186 198 201 159 111 65 81 137 121 84 84 71 74 62 58 44 35 41 64 86 111 103 90 81 49 34 32 31 32 34 34 35 32 32 36 
89 74 66 58 42 36 30 32 30 37 66 120 117 147 198 208 197 193 196 201 211 204 196 188 181 187 200 205 195 193 206 192 150 99 73 107 149 117 69 78 75 64 61 56 47 32 29 31 34 39 48 46 44 37 37 34 33 33 35 34 33 35 32 32 
85 71 67 60 45 38 30 30 30 38 67 124 114 165 189 180 182 189 189 197 208 201 191 185 181 190 204 206 196 196 207 177 135 106 115 129 150 115 61 72 84 63 54 58 52 36 25 28 33 33 32 40 45 41 36 30 32 32 34 34 33 33 26 26 
80 66 63 54 46 39 30 30 31 37 66 115 121 194 184 169 164 180 192 202 206 200 192 189 187 191 204 206 197 203 201 158 123 107 132 127 141 123 67 70 89 71 56 57 59 45 31 31 33 32 29 34 45 42 35 33 34 29 32 32 30 34 27 23 
80 65 58 52 45 37 30 31 32 39 70 110 130 195 179 166 154 147 187 206 204 200 192 192 190 193 205 207 201 208 192 146 111 89 134 124 135 130 74 71 94 73 62 62 59 53 46 31 32 29 30 35 42 44 40 37 36 31 34 33 28 28 24 26 
71 59 50 51 45 36 30 28 32 41 72 111 126 179 179 165 153 129 173 210 204 199 190 191 192 196 206 208 206 208 179 138 99 87 138 128 126 133 81 67 90 76 56 47 58 59 53 42 32 26 29 31 33 38 42 40 32 31 35 33 29 29 24 26 
71 59 54 52 44 33 28 27 31 38 73 105 119 157 166 161 146 134 192 210 206 200 193 194 193 199 208 211 213 201 169 130 84 83 136 125 119 134 96 69 89 76 56 41 44 55 57 50 39 27 25 30 28 28 39 45 38 29 30 31 32 29 24 24 
71 64 59 50 46 34 27 25 29 40 72 109 101 90 101 157 147 168 217 209 206 202 198 197 195 203 209 214 213 193 161 119 78 88 138 128 115 131 107 69 84 76 58 39 39 38 45 62 52 37 28 27 28 27 33 40 38 36 33 27 31 28 26 25 
71 62 54 48 44 36 26 24 26 40 79 113 96 76 79 138 169 205 216 206 205 203 203 195 197 208 214 215 204 178 149 118 97 124 145 130 113 121 121 73 80 84 59 46 39 35 36 51 61 54 38 29 24 25 29 33 35 39 36 31 34 27 24 25 
68 60 53 50 41 34 26 29 29 39 78 123 122 152 187 196 195 219 213 203 199 204 203 190 197 212 218 209 191 156 141 124 128 141 146 130 113 115 126 88 75 79 60 53 42 31 31 37 48 63 56 37 25 18 26 30 31 35 38 34 32 27 24 24 
66 56 54 49 46 35 29 28 30 43 82 144 188 195 202 196 202 218 210 202 189 201 200 186 196 213 212 197 177 155 150 121 131 134 140 129 115 110 116 88 70 78 66 54 41 35 34 33 37 51 58 44 30 21 21 26 29 32 40 37 32 27 23 24 