


190 192 195 198 201 205 199 163 202 231 236 237 244 246 246 248 249 250 250 251 251 250 250 251 254 255 253 240 215 182 162 201 204 181 171 170 168 171 194 232 242 236 217 201 187 153 110 128 146 150 151 153 152 148 149 154 157 162 164 163 161 159 157 156 
191 194 196 198 201 205 205 167 186 228 235 239 243 245 246 248 250 251 251 252 253 252 251 251 251 241 221 191 148 109 81 98 116 126 131 151 187 219 235 232 231 236 231 214 204 167 63 32 51 78 106 131 146 151 148 150 154 159 163 164 163 162 161 159 
193 195 197 200 202 204 206 171 174 224 230 237 244 247 248 249 251 251 252 253 252 242 220 184 141 112 101 107 118 124 120 110 123 119 112 169 232 230 216 211 215 225 237 230 211 201 141 44 15 26 33 57 71 89 125 146 150 155 160 164 166 174 169 157 
194 195 197 200 201 204 207 170 166 221 235 241 245 247 250 251 251 249 236 208 168 135 127 141 170 198 220 242 248 238 208 179 175 215 235 235 223 213 211 215 217 222 233 241 226 207 192 108 29 19 30 44 66 39 54 130 154 152 158 172 197 202 204 151 
193 194 196 198 201 203 206 170 168 220 237 243 247 248 247 235 207 169 147 153 182 208 229 242 243 242 249 254 255 252 237 219 225 238 228 217 213 216 221 225 225 224 226 237 239 219 203 177 77 22 23 31 53 58 37 85 182 166 158 192 207 202 202 192 
191 193 195 196 199 201 202 169 169 210 236 238 225 196 169 159 172 202 226 237 244 249 250 248 245 247 252 254 255 253 246 241 233 221 215 217 223 226 230 231 232 230 226 226 239 233 213 200 152 54 17 25 33 58 51 44 127 186 161 153 179 186 183 181 
183 190 194 195 196 199 192 140 164 201 186 162 162 185 215 235 242 242 247 250 251 249 247 246 247 249 252 253 250 244 234 222 214 216 223 229 231 232 235 237 237 235 229 224 229 240 228 207 195 117 33 20 31 36 70 66 112 173 180 151 144 164 168 169 
173 183 188 181 189 194 164 112 135 157 186 216 237 242 243 243 247 249 251 251 248 246 246 246 247 249 248 243 233 218 207 207 215 224 231 235 236 237 239 240 240 238 233 227 222 233 239 220 201 183 79 21 25 34 49 66 86 122 177 169 139 135 154 160 
169 176 151 67 110 122 107 139 199 226 233 236 239 241 245 246 248 247 242 233 221 211 204 205 211 216 219 215 199 192 201 212 222 229 232 235 238 239 240 241 241 240 237 231 223 222 236 235 210 195 159 48 16 22 31 37 47 70 111 179 157 132 140 146 
142 114 65 64 132 155 148 191 221 229 230 235 239 242 242 229 199 159 119 86 63 48 41 40 44 51 65 89 120 157 191 214 223 228 232 235 237 238 240 241 241 239 238 235 228 221 224 237 227 201 192 130 30 16 28 31 35 41 58 129 176 138 86 50 
80 68 40 133 176 151 176 210 223 227 232 237 234 206 146 83 42 24 15 11 9 9 8 8 9 8 8 8 10 21 50 101 163 207 222 219 218 224 233 237 239 240 239 237 234 225 219 227 236 217 196 185 89 19 21 31 33 33 40 63 106 53 13 6 
162 126 132 175 158 169 201 219 227 231 230 199 126 53 18 9 7 8 10 18 25 16 15 22 25 25 31 25 18 14 12 11 21 68 144 167 120 133 181 223 234 236 238 238 236 230 220 217 230 231 209 193 167 53 13 24 35 39 29 21 14 7 8 7 
175 178 178 161 169 198 215 225 228 209 138 64 23 10 6 6 5 3 5 10 17 32 36 56 66 73 107 68 59 68 64 65 53 20 18 71 130 127 122 176 222 230 235 236 235 233 225 216 217 231 225 202 190 134 30 14 35 28 10 7 6 7 8 8 
177 174 164 174 198 212 222 225 180 76 17 10 12 11 5 5 20 6 8 35 62 112 117 130 133 134 138 38 57 135 139 149 167 114 55 18 31 113 124 108 189 219 229 233 234 233 228 220 211 219 231 217 195 181 81 19 10 6 5 5 6 5 5 5 
172 173 185 200 211 219 221 160 48 5 3 3 2 3 3 2 7 17 50 105 110 127 113 88 64 69 81 31 89 171 165 154 164 143 133 117 58 23 82 133 139 198 219 227 230 230 227 222 212 208 223 227 182 96 27 5 4 4 3 2 3 3 2 3 
192 201 207 213 218 218 150 37 4 3 2 1 0 3 3 1 14 63 43 53 96 103 68 25 19 60 122 129 106 137 151 163 174 154 135 105 104 64 26 70 140 162 200 216 224 227 227 223 215 207 195 139 47 7 3 3 3 2 1 1 1 2 3 2 
210 214 217 219 220 160 40 4 4 2 0 0 0 1 8 15 20 27 36 111 145 116 48 40 28 70 146 164 163 146 132 139 150 146 118 42 40 63 78 42 59 139 170 197 211 222 224 223 212 153 63 15 5 2 1 2 1 1 1 3 4 4 4 2 
219 221 223 223 181 57 7 7 4 0 0 0 0 10 63 31 41 107 110 98 130 106 94 103 97 126 170 174 164 153 136 156 158 159 154 81 31 53 72 112 40 97 152 165 195 209 218 210 115 24 6 4 3 2 2 1 1 4 10 8 2 1 5 7 
226 225 226 205 90 15 10 12 1 0 0 1 3 59 109 43 80 147 98 94 127 187 181 156 156 195 191 171 139 134 185 186 175 192 173 70 42 77 143 159 120 97 145 151 160 182 177 143 65 9 4 2 3 2 2 7 27 53 27 6 1 0 2 14 
228 227 222 140 30 11 17 6 0 0 2 5 31 87 50 16 31 77 85 125 153 148 144 161 152 165 159 172 163 139 164 192 201 205 149 68 126 151 162 134 161 142 78 122 113 82 122 144 115 28 3 3 2 8 35 88 130 152 86 13 4 1 4 17 
229 229 190 69 19 23 9 0 0 1 3 33 150 154 115 63 113 165 124 71 91 136 149 167 160 118 140 188 164 196 174 168 181 206 166 136 153 171 166 158 169 167 109 86 133 57 53 108 150 94 10 7 31 81 148 203 201 178 156 52 11 6 20 26 
232 223 127 26 22 21 1 0 0 1 18 85 181 175 166 103 92 70 27 31 91 89 97 125 73 44 77 125 108 112 96 103 138 185 185 180 194 208 176 165 160 154 150 57 83 92 33 75 141 145 86 94 141 178 198 219 220 196 181 135 29 11 20 31 
231 194 71 19 34 8 0 0 0 5 79 155 183 162 115 25 30 62 33 31 35 63 44 40 35 38 54 141 182 115 81 101 174 191 183 170 189 200 148 111 139 162 140 105 37 114 52 68 131 167 192 206 209 206 202 213 229 219 193 181 97 20 10 23 
225 151 41 34 32 3 1 0 8 17 105 140 144 120 37 14 78 98 83 118 53 42 16 25 31 29 41 142 205 167 146 207 194 158 129 100 153 189 142 135 158 172 164 154 59 83 80 82 141 194 211 216 218 216 212 211 226 232 212 189 168 55 10 10 
207 117 32 49 17 1 0 1 12 73 135 62 51 45 26 100 142 70 117 196 120 30 17 55 42 36 80 150 184 173 150 172 157 76 41 33 44 124 156 171 176 178 182 172 117 48 99 105 131 180 213 222 225 225 222 216 218 232 227 201 186 136 23 4 
192 92 38 60 6 0 1 4 20 161 150 36 15 21 64 152 152 37 42 70 77 38 45 85 85 80 154 180 183 185 184 179 163 74 39 26 31 61 138 167 179 192 191 190 146 39 100 102 126 157 210 226 229 230 227 222 215 223 233 219 192 179 91 13 
175 68 57 49 2 1 0 1 13 124 138 49 27 29 87 133 160 102 25 32 33 42 100 145 175 193 166 173 188 178 177 166 154 76 23 34 49 42 62 117 157 186 198 196 137 37 81 109 136 135 197 225 229 231 230 226 219 216 228 231 208 185 162 56 
161 52 78 36 0 0 0 0 2 72 145 66 33 34 120 119 75 74 48 103 116 122 182 191 195 202 196 167 177 172 158 161 161 78 22 17 38 62 48 44 116 188 200 202 107 16 62 111 132 118 180 219 229 232 233 229 224 216 217 230 223 195 179 143 
143 45 94 22 0 0 0 0 0 63 125 95 58 94 116 69 39 31 123 183 170 172 205 199 193 193 201 174 171 187 176 139 99 42 24 61 78 74 51 67 130 199 206 207 125 32 47 117 87 98 165 213 227 231 232 231 227 219 212 220 230 213 186 177 
124 43 99 12 0 0 0 0 0 58 158 107 59 123 72 74 60 59 152 175 166 160 180 197 180 165 155 169 167 171 125 77 59 41 30 75 95 66 46 40 55 170 226 174 95 87 44 121 70 95 149 205 225 229 231 231 229 222 214 212 225 227 202 179 
116 45 94 7 0 0 0 0 7 63 152 113 66 72 78 145 132 78 171 170 94 80 144 218 196 144 110 125 99 62 58 66 77 62 63 135 96 72 41 53 44 88 184 181 162 150 62 123 78 100 128 190 221 227 230 231 231 226 219 213 215 229 220 192 
114 45 88 5 0 0 0 2 38 61 85 96 130 48 54 155 111 39 64 67 27 44 102 168 143 118 87 58 65 132 141 138 166 165 161 198 153 83 41 43 33 27 103 203 198 123 109 129 87 95 91 158 216 226 229 230 231 230 225 217 211 222 230 214 
112 42 81 5 0 0 1 8 38 39 47 76 151 109 52 47 50 30 31 81 119 166 117 124 79 72 95 95 153 159 136 150 184 186 162 173 171 177 176 119 75 56 141 209 167 106 58 129 100 97 58 93 200 224 228 231 233 233 230 223 216 216 230 229 
103 36 81 8 0 1 17 10 11 33 66 46 95 146 126 107 120 139 117 109 186 203 154 132 99 76 65 107 195 191 139 161 189 177 184 217 215 201 213 185 143 87 100 132 141 84 33 145 122 113 58 27 154 217 228 232 236 235 233 229 222 216 222 234 
97 27 73 12 1 11 26 24 11 31 81 86 88 114 103 146 168 175 173 127 110 175 120 52 39 44 61 46 56 85 113 127 149 166 169 200 205 180 185 138 82 58 122 113 118 129 41 150 131 124 107 25 72 195 226 232 237 236 234 232 227 221 217 227 
123 29 59 22 5 14 65 116 29 78 81 91 72 86 115 181 173 168 168 146 109 91 69 59 83 93 141 86 81 118 68 52 167 203 108 161 207 190 153 60 43 43 65 54 109 137 54 160 127 116 148 93 20 129 216 231 235 235 235 234 231 226 219 219 
145 36 33 22 10 5 25 66 93 158 124 61 71 47 128 189 126 120 152 145 79 47 97 148 161 173 180 159 150 170 163 123 156 165 149 164 172 118 122 130 98 25 29 32 38 55 62 163 106 104 172 166 53 45 179 228 234 234 235 236 234 229 224 220 
167 67 25 32 17 8 3 12 135 179 153 77 62 63 66 88 54 64 136 153 108 55 37 140 175 177 179 166 150 144 192 174 152 137 167 181 144 91 155 161 149 85 35 24 51 54 96 142 56 111 189 197 137 24 93 208 232 235 236 236 237 233 228 223 
185 103 23 34 38 24 5 14 97 123 109 67 96 124 140 154 136 79 149 158 132 76 58 150 188 186 173 160 172 160 165 151 173 172 150 172 185 162 156 141 140 86 47 30 50 34 136 86 30 144 187 196 187 84 20 135 226 235 236 237 238 236 233 228 
202 148 39 29 47 17 11 11 15 20 38 42 71 94 135 161 152 96 190 171 157 120 146 189 186 148 126 129 154 184 197 132 134 190 104 119 121 107 67 71 79 42 36 18 24 44 150 30 72 168 185 190 190 155 41 48 190 234 237 238 239 238 237 232 
219 186 82 21 27 8 3 8 5 10 32 49 53 65 113 156 130 59 107 172 177 164 182 182 194 142 48 77 130 202 164 59 53 69 38 57 48 45 30 101 119 53 35 30 19 87 113 9 81 155 179 180 180 163 96 17 132 229 237 238 240 241 239 235 
232 208 145 37 23 21 6 5 6 7 14 43 57 82 136 129 83 25 92 177 182 179 167 178 176 94 38 63 157 161 120 53 42 38 41 29 16 7 38 132 72 54 41 20 23 133 63 76 80 53 69 97 118 117 84 25 123 228 237 238 240 241 241 238 
239 224 189 92 37 32 14 4 12 31 5 20 54 79 134 127 120 51 45 133 183 182 170 188 113 37 27 48 95 143 144 58 44 65 116 99 57 8 40 79 17 14 45 11 70 137 82 174 186 162 125 97 62 38 25 40 163 232 238 240 240 241 241 240 
241 233 211 165 74 29 32 14 17 49 7 4 19 44 73 108 105 39 51 116 171 188 187 144 70 57 53 76 111 161 177 106 32 50 90 71 45 21 40 63 67 24 8 27 135 122 145 173 178 182 176 153 109 60 52 129 220 235 238 240 240 240 240 241 
244 238 222 197 137 57 40 39 15 7 6 13 24 20 37 62 46 38 73 106 159 177 158 138 88 32 127 208 176 155 128 70 39 80 120 109 50 71 43 57 88 30 14 98 153 147 166 166 148 115 79 65 85 131 183 222 234 237 238 239 240 241 240 240 
245 240 230 212 189 135 60 43 37 18 16 19 17 9 11 39 55 31 46 98 140 148 141 141 140 82 151 181 131 87 34 38 53 53 52 72 94 148 126 80 69 16 67 151 131 115 90 68 64 89 137 184 214 227 231 233 235 237 238 239 240 239 239 238 
245 241 234 220 202 184 126 54 54 61 19 6 8 8 4 10 14 20 58 136 153 169 172 153 161 166 129 78 52 45 24 30 36 66 60 143 174 162 119 59 19 49 119 61 41 52 90 144 189 217 228 232 234 232 232 234 236 237 239 240 241 242 242 241 
244 241 236 225 209 195 177 118 59 63 68 27 2 1 2 2 2 8 55 140 159 124 173 175 171 149 107 49 20 33 29 30 88 155 126 112 145 128 65 32 49 120 79 93 147 192 219 229 232 233 233 233 234 234 235 235 236 238 239 240 241 242 241 242 
244 242 237 229 214 202 191 174 130 67 55 73 50 10 1 2 4 3 7 44 75 70 94 156 154 159 217 156 42 34 34 84 158 154 144 118 98 51 15 49 147 176 190 215 226 230 232 233 234 234 234 235 235 235 236 236 236 238 239 240 241 242 242 242 
244 241 237 232 221 208 197 184 168 139 96 67 72 66 28 6 6 7 2 2 13 57 81 94 117 162 159 132 122 84 67 154 162 140 120 83 31 15 64 163 211 221 226 229 231 232 231 231 234 235 235 235 235 236 236 237 237 238 240 240 241 242 243 242 
244 241 237 232 223 213 203 189 168 143 141 116 82 68 50 40 19 11 8 4 4 15 67 100 111 121 84 152 209 112 149 186 112 45 25 12 29 94 182 219 225 227 230 232 232 232 232 232 234 236 236 236 236 237 236 237 238 239 240 240 241 241 242 242 
242 240 237 232 224 215 207 193 176 149 140 160 140 88 42 36 64 45 16 13 9 8 10 28 33 35 29 62 103 45 45 47 21 10 17 60 138 201 222 226 228 229 230 231 233 233 234 234 234 235 236 235 235 233 236 237 238 239 240 241 241 241 242 242 
241 239 235 231 225 217 210 196 177 149 153 178 193 176 122 67 40 34 12 13 14 12 6 6 9 13 14 13 19 14 11 17 29 59 111 168 199 213 220 226 228 229 231 232 232 226 232 234 233 233 235 235 235 233 236 238 239 240 240 241 242 242 242 242 
239 237 234 230 224 217 210 197 172 152 166 186 200 202 190 165 129 85 44 27 24 23 17 11 8 6 7 13 20 35 64 99 136 161 173 183 193 203 214 222 226 229 231 231 231 231 233 233 233 234 234 234 235 235 237 238 239 239 239 240 241 242 242 241 
237 235 232 227 222 217 210 193 149 153 166 175 181 182 177 162 131 86 74 113 129 63 29 20 16 12 11 71 148 178 197 204 198 188 178 176 181 191 204 217 223 227 229 232 232 233 232 230 231 234 233 233 234 236 239 239 239 238 239 239 241 242 242 241 
234 231 227 225 219 213 208 172 104 132 157 160 144 116 94 95 121 161 196 217 223 137 34 29 21 15 12 43 170 223 222 218 210 201 190 179 175 181 193 208 217 224 229 231 231 232 231 230 232 233 232 233 235 238 239 240 239 238 239 240 240 241 240 239 
229 227 224 221 217 211 184 107 75 85 91 85 99 137 180 210 225 229 229 228 227 186 57 37 33 25 19 17 54 182 226 223 219 214 204 192 182 178 183 196 211 220 227 231 231 231 232 232 232 234 233 235 237 237 238 239 240 239 240 239 239 239 238 238 
223 223 221 217 212 191 82 23 45 102 152 189 212 222 226 228 229 230 229 229 228 226 155 51 46 39 27 21 20 66 195 227 225 221 214 206 194 183 181 188 202 215 223 229 230 231 231 231 231 234 234 237 238 238 239 239 240 240 239 239 238 237 237 236 
216 216 215 211 194 130 117 159 189 213 218 221 223 224 226 227 231 231 231 231 230 229 223 133 51 48 39 30 22 20 79 205 228 226 222 215 206 196 188 182 194 208 219 226 230 231 232 232 234 235 236 237 237 238 239 238 239 239 238 237 236 235 235 233 
209 207 205 201 193 197 207 213 216 218 220 221 222 223 225 228 229 231 231 232 231 231 230 218 107 49 48 38 29 20 20 97 214 228 227 223 217 208 199 192 194 202 214 222 229 232 232 232 235 235 235 236 237 237 237 237 237 237 236 234 233 234 233 231 
198 197 198 202 205 208 211 214 216 217 219 220 221 223 225 227 228 229 231 232 231 231 230 230 206 82 48 46 37 27 19 22 120 221 228 227 223 218 210 202 198 201 211 220 227 232 233 233 235 234 235 236 236 236 236 236 236 234 233 232 230 231 230 228 
193 193 197 201 204 206 209 212 214 215 217 218 220 222 223 225 227 230 231 230 231 230 230 230 229 183 62 47 43 34 25 19 29 146 226 228 226 225 219 212 206 203 209 217 224 230 234 234 234 234 233 234 234 234 234 233 233 233 231 230 230 228 225 225 
190 190 193 197 200 203 206 209 211 213 214 216 219 220 222 225 226 228 230 230 231 231 231 230 230 228 154 50 46 40 29 22 19 41 172 228 228 228 224 218 213 210 209 216 222 227 232 233 233 233 232 233 232 232 232 231 231 230 228 226 226 225 221 219 
184 187 189 193 196 199 203 206 207 209 211 213 216 219 220 223 225 227 229 229 229 230 230 229 229 228 221 110 45 43 34 27 22 17 63 204 228 228 226 223 218 216 214 217 222 225 229 231 231 232 231 230 230 230 230 229 229 227 226 223 221 221 219 218 


190 191 193 196 200 204 198 161 198 228 233 234 241 243 242 243 244 245 245 246 247 247 247 248 252 255 253 237 210 177 155 195 196 171 162 159 158 162 186 228 241 235 216 198 182 147 109 124 140 144 145 146 145 142 143 148 152 157 159 159 158 155 154 153 
191 193 194 197 200 203 204 164 181 223 230 235 240 242 242 244 245 247 247 247 248 248 247 248 248 242 224 193 150 112 83 100 116 125 128 145 179 216 235 233 232 236 230 213 203 163 64 33 51 78 103 128 141 144 141 144 149 154 158 160 160 158 157 155 
191 193 195 197 200 203 205 168 169 219 225 233 240 242 244 246 247 247 247 248 247 239 220 188 147 117 103 106 116 121 118 105 116 112 108 168 232 230 214 210 214 225 238 229 210 198 138 48 16 27 34 58 68 88 121 140 145 150 156 160 162 173 164 154 
192 193 195 197 200 202 204 168 161 215 230 236 240 242 245 246 246 244 234 209 172 140 129 141 169 193 214 238 246 234 204 172 168 211 234 234 220 212 209 213 218 224 234 241 225 206 188 105 31 20 30 45 66 39 53 127 149 147 153 170 199 208 204 148 
191 192 193 195 198 201 203 167 163 216 232 239 242 244 244 233 208 173 151 154 181 206 226 240 241 237 245 254 255 251 235 217 224 238 228 215 210 214 219 223 225 226 229 239 239 218 200 172 78 23 24 31 55 57 36 88 183 161 155 199 215 209 207 191 
189 191 191 193 196 198 200 168 167 206 231 234 224 199 172 160 171 200 223 234 242 246 247 244 242 242 248 254 255 253 246 241 232 220 213 216 220 224 229 230 231 230 228 230 241 233 211 196 147 57 19 27 34 62 50 46 135 186 158 159 189 194 191 189 
181 188 192 192 193 195 190 139 160 197 186 164 163 184 212 232 240 240 243 246 248 247 245 243 243 245 249 252 250 245 235 221 214 216 221 226 228 231 234 237 238 235 229 227 232 242 227 205 191 114 36 22 31 39 71 70 126 181 178 150 151 174 177 179 
171 182 187 181 188 192 165 112 135 155 182 212 233 238 239 239 243 245 247 247 246 243 243 243 243 246 247 243 234 219 205 206 214 223 229 233 236 238 239 240 242 239 234 229 226 236 240 219 199 178 77 25 28 35 50 69 98 136 182 168 139 144 163 170 
168 174 153 71 113 125 107 134 191 220 228 230 234 237 241 242 245 245 240 230 219 208 202 203 209 216 220 215 198 190 199 211 221 228 232 236 239 241 242 242 242 241 239 233 227 227 239 234 209 193 156 50 19 26 35 40 54 84 124 182 154 135 150 155 
144 118 71 66 130 154 142 184 216 224 225 230 234 239 239 226 198 159 119 86 64 50 43 42 44 51 65 88 119 155 189 212 222 229 232 236 238 239 241 242 242 241 240 237 231 225 228 239 226 200 190 124 32 19 32 35 38 47 70 135 178 138 93 58 
81 70 42 132 174 147 169 202 217 222 226 232 230 203 145 83 44 26 18 13 12 12 11 11 10 10 9 9 12 24 52 102 163 208 224 221 219 226 234 238 240 241 241 239 235 228 223 231 238 217 195 183 87 23 23 33 34 35 46 70 112 57 20 11 
161 126 130 174 156 161 194 213 221 226 225 195 124 52 19 11 9 10 12 15 16 8 7 10 11 9 15 14 12 10 10 10 21 67 143 166 122 138 187 227 236 238 241 239 237 232 225 223 234 233 207 192 163 53 16 27 35 41 34 28 19 13 12 12 
174 176 176 158 161 191 208 218 222 206 137 64 26 12 8 8 5 3 4 5 5 12 11 21 28 32 61 30 24 20 18 29 36 17 17 70 127 125 123 182 226 232 238 239 239 234 228 221 222 234 225 201 190 131 31 17 38 31 14 11 13 12 12 12 
175 171 159 167 190 206 216 221 178 76 18 12 15 13 6 4 15 4 4 15 20 50 38 52 54 51 77 24 23 58 56 77 119 68 26 12 30 106 118 114 197 224 232 237 237 235 230 223 216 224 233 218 196 180 80 23 13 10 10 9 10 9 7 8 
167 167 177 192 204 212 216 159 48 5 3 3 3 3 2 2 5 12 25 58 46 37 26 37 42 49 51 23 44 83 70 61 90 50 49 60 37 17 77 128 144 207 224 231 234 233 230 225 217 215 228 228 182 98 30 8 6 6 5 4 4 4 3 4 
183 193 198 205 211 212 149 38 5 4 3 1 0 1 2 1 9 53 52 57 65 39 33 50 47 63 52 34 31 50 50 66 97 51 48 60 57 32 17 61 133 168 209 221 228 230 230 226 220 213 200 142 49 11 5 4 3 2 1 1 1 2 3 3 
202 207 209 212 213 159 43 6 6 3 1 0 0 1 5 18 24 39 54 86 79 42 59 72 51 63 52 38 36 27 38 75 69 54 78 58 49 54 52 24 55 136 177 205 217 226 228 227 216 159 68 20 9 3 2 2 1 0 0 3 5 5 5 2 
212 214 216 217 177 60 10 9 5 0 0 0 0 4 30 41 54 95 89 69 61 68 67 54 49 76 57 45 32 30 52 107 88 86 113 87 63 80 53 53 19 90 146 172 203 216 225 214 117 30 11 7 4 2 2 1 0 5 13 10 3 1 7 8 
218 218 218 200 92 17 13 14 2 0 0 0 1 23 67 46 75 122 83 76 74 137 108 67 82 135 113 50 24 39 120 119 105 137 120 61 48 70 102 86 41 67 115 144 165 189 175 132 59 13 6 4 3 2 1 8 30 56 30 7 1 0 3 18 
220 219 216 139 35 14 21 6 0 0 1 2 12 34 45 24 47 82 81 54 35 72 63 51 69 71 70 54 33 58 101 131 146 150 97 48 38 44 52 59 74 65 41 105 107 84 113 129 100 26 5 3 2 9 37 91 132 153 84 15 4 1 6 20 
222 222 186 71 21 26 12 0 0 1 2 22 104 83 73 52 89 132 88 31 45 81 68 55 53 42 82 120 76 134 110 103 136 150 92 66 49 56 33 34 44 35 18 43 121 55 51 101 139 84 9 9 33 84 155 206 201 179 155 51 12 8 23 28 
224 217 127 30 24 23 1 0 0 0 9 47 117 68 71 74 72 64 46 56 103 93 85 88 47 46 83 113 84 91 70 70 96 96 79 57 110 144 77 39 28 23 24 17 75 83 34 75 135 124 73 97 146 185 205 224 221 196 180 131 31 13 24 32 
224 190 75 22 38 9 0 0 0 3 46 95 105 47 60 46 30 46 46 51 51 77 69 70 76 78 75 110 134 74 73 91 106 91 49 37 103 133 67 30 32 33 17 19 26 102 53 71 127 156 191 212 214 212 208 218 231 218 192 180 94 21 13 27 
218 149 46 36 35 3 0 0 6 10 51 70 52 35 55 28 41 80 91 103 59 64 55 57 68 63 26 78 150 99 86 158 128 54 22 32 109 136 58 27 43 39 21 25 12 72 73 83 145 201 218 223 223 221 218 216 230 233 211 189 166 52 11 14 
205 120 36 51 19 1 0 1 8 42 62 45 28 45 45 25 64 63 105 151 94 61 49 60 81 68 62 78 120 91 58 107 94 57 55 51 52 70 39 41 52 58 53 39 27 36 84 101 135 187 219 227 229 229 226 220 222 235 228 201 186 132 24 6 
193 98 41 63 7 0 1 3 12 117 102 67 43 60 35 30 41 42 62 71 61 66 70 67 72 78 96 96 82 72 56 53 71 75 66 58 63 45 41 44 64 111 116 108 61 20 80 93 126 163 214 229 232 233 230 225 220 228 236 220 192 179 88 15 
177 75 57 52 2 1 0 0 6 69 64 78 72 61 64 54 56 91 57 71 55 65 89 114 129 144 88 73 42 36 30 29 37 58 49 63 83 69 55 39 51 116 134 139 85 22 66 94 131 141 201 226 232 234 232 228 223 220 231 231 207 185 160 54 
165 58 81 41 0 0 0 0 2 19 42 68 70 44 88 112 44 51 55 59 46 58 127 123 117 126 124 77 59 46 27 52 81 72 54 38 67 83 79 56 72 124 125 144 71 23 52 92 126 123 183 222 231 233 233 230 226 219 220 231 223 195 180 140 
147 49 96 25 0 0 0 0 0 20 49 77 71 49 79 90 37 32 50 58 36 57 85 69 59 86 128 96 79 104 102 82 88 67 56 45 72 111 90 74 90 135 125 146 85 49 43 96 90 106 169 216 228 232 233 232 228 221 215 223 230 213 186 179 
127 46 100 14 0 0 0 0 0 24 55 79 53 54 79 61 39 44 71 53 37 58 65 84 77 46 48 59 63 135 128 101 80 75 66 64 89 105 79 58 73 128 158 104 48 78 38 101 76 104 153 208 225 229 231 232 230 225 217 214 227 226 200 180 
120 46 97 7 0 0 0 0 4 37 49 52 35 33 68 100 96 76 121 99 60 82 106 155 131 72 77 82 69 76 88 98 103 85 75 123 104 88 74 79 66 82 131 119 104 91 41 105 81 106 132 193 222 228 230 232 232 228 221 214 217 230 219 192 
115 46 92 6 0 0 0 2 28 29 45 67 55 48 65 116 81 69 80 71 45 58 87 131 110 80 94 85 72 98 102 102 133 112 87 146 118 66 59 71 68 52 87 151 138 69 74 109 87 102 95 162 217 227 230 231 232 231 226 218 213 224 231 213 
111 43 85 6 0 0 1 12 36 34 55 60 59 40 32 33 52 43 51 91 104 126 82 89 66 64 71 68 123 106 79 80 106 92 71 112 121 127 133 94 82 85 130 160 91 68 41 113 100 105 60 98 202 224 228 231 233 232 229 223 217 217 231 230 
100 36 84 10 0 1 15 11 14 34 69 43 28 40 29 39 75 90 85 89 138 137 90 84 78 58 54 81 144 135 87 106 101 69 110 156 150 137 156 128 102 102 106 83 67 67 33 130 122 118 59 30 158 217 227 231 236 235 232 229 223 217 223 234 
94 28 75 14 1 9 17 16 8 27 80 85 40 21 21 71 86 105 123 95 86 102 66 65 65 48 47 50 64 94 102 111 112 105 116 137 137 112 114 86 76 84 120 104 88 92 35 138 131 127 109 26 76 197 226 231 236 236 234 232 228 222 218 230 
119 31 63 23 5 11 48 81 15 36 35 83 61 37 54 116 100 97 92 73 76 74 51 53 83 75 47 24 64 93 65 56 124 144 65 99 138 132 104 76 76 77 78 82 109 105 46 149 128 119 150 94 23 133 217 231 234 234 235 234 230 226 221 222 
146 38 36 24 10 4 16 36 44 61 37 45 70 41 92 138 58 54 41 41 28 25 50 78 114 118 82 47 92 111 108 88 98 87 49 65 80 74 80 87 74 65 75 76 63 42 58 154 108 108 173 165 53 48 181 228 232 233 234 235 233 229 225 221 
170 68 27 34 17 4 1 6 62 74 42 30 54 53 48 59 33 49 57 67 44 23 10 38 74 94 94 70 61 58 123 93 43 34 52 61 38 38 79 77 95 99 85 73 73 48 90 134 60 116 189 195 134 25 96 209 231 233 234 235 236 233 229 224 
188 102 26 37 32 10 2 10 58 43 37 51 61 68 67 90 87 58 97 81 74 36 29 71 52 51 46 42 54 44 44 52 79 126 85 82 113 89 62 74 96 92 109 82 62 30 129 82 36 146 181 189 182 82 22 140 225 233 235 236 237 236 233 229 
205 149 45 33 43 10 4 5 10 14 73 89 101 90 73 74 99 62 121 84 91 67 101 111 65 36 24 45 55 63 116 86 95 158 119 125 122 89 74 71 58 61 78 42 13 38 140 29 76 169 182 183 185 152 41 51 192 232 236 238 239 238 237 232 
222 190 88 27 31 9 2 5 3 11 56 94 105 115 120 107 76 39 40 73 121 84 93 58 86 60 42 51 65 139 132 94 91 83 73 82 66 63 68 52 29 49 48 17 10 82 105 10 82 154 174 174 176 162 94 19 138 230 236 238 240 241 238 234 
233 211 149 46 28 24 4 2 5 7 16 54 66 85 131 113 69 23 37 68 94 61 54 88 96 73 57 63 106 90 86 78 88 76 68 50 47 26 45 38 51 74 51 26 22 125 61 80 80 54 69 93 116 116 82 27 131 229 236 238 241 241 241 237 
239 225 191 100 44 37 17 3 9 25 5 22 56 80 133 122 117 48 15 37 46 22 36 111 102 74 71 73 97 93 77 72 92 94 107 96 72 26 37 46 41 37 51 14 67 131 86 174 184 161 126 98 63 41 28 46 171 232 237 240 240 241 242 241 
241 233 212 167 84 35 39 16 12 31 5 4 21 43 79 81 91 35 15 41 40 33 42 52 92 99 83 77 70 90 73 86 76 88 74 45 40 46 70 82 70 27 16 27 128 121 147 174 179 182 176 152 108 61 56 136 222 234 237 240 241 240 241 242 
242 237 223 198 145 69 46 45 16 8 4 9 18 20 42 51 44 25 14 42 70 40 27 64 88 58 105 155 93 65 69 78 64 60 64 65 43 45 34 48 53 16 13 94 149 148 166 165 147 115 79 67 89 137 185 222 233 235 237 239 241 241 240 241 
243 238 229 211 188 142 71 51 44 19 16 14 12 8 13 28 36 15 5 31 64 68 43 40 89 75 107 118 58 55 66 75 87 79 72 64 43 30 13 17 39 15 66 145 128 113 89 68 68 95 142 186 214 225 229 232 233 236 238 240 240 239 239 239 
243 239 232 218 200 184 136 66 64 71 24 6 8 9 4 7 10 7 15 49 71 101 96 51 53 78 94 69 57 68 76 85 68 60 51 55 44 22 6 5 10 49 112 57 40 56 97 149 192 217 226 229 230 229 231 232 234 235 237 240 241 242 242 242 
242 239 233 223 206 194 177 131 73 72 81 34 3 2 2 2 2 3 16 48 95 71 115 96 53 42 89 66 72 79 69 61 56 50 37 40 18 8 5 21 48 114 78 97 151 194 218 227 229 231 229 230 230 232 234 232 234 237 238 240 242 242 242 243 
242 239 233 226 213 200 189 173 140 81 65 86 62 13 0 2 4 2 2 9 27 33 51 96 77 79 171 137 84 80 60 43 47 40 43 37 15 4 9 48 144 175 192 215 224 228 229 229 230 231 231 231 231 233 235 234 236 235 235 240 241 242 243 243 
241 238 234 228 217 205 195 183 167 146 109 81 84 77 35 8 6 8 2 1 7 46 61 55 53 98 120 111 93 81 79 88 55 41 31 28 12 14 62 160 209 219 224 227 229 229 229 228 230 232 232 233 234 234 235 235 236 232 229 240 242 243 243 243 
240 237 233 228 219 210 199 188 168 144 142 127 98 81 59 47 22 13 11 5 5 9 30 50 51 66 71 131 155 64 113 132 63 19 12 11 30 93 180 218 224 226 227 228 230 230 230 230 231 232 233 234 234 235 235 235 236 237 238 241 242 243 243 243 
240 237 233 228 222 213 204 192 177 150 140 160 146 100 52 42 57 40 21 18 14 10 5 12 11 13 22 42 64 24 27 31 16 11 19 60 136 200 219 224 227 228 227 227 229 230 231 230 230 231 233 234 230 218 234 235 236 238 240 241 242 243 243 243 
239 236 232 227 222 214 207 195 177 150 155 179 194 178 127 73 44 31 16 18 20 20 10 7 5 6 11 12 16 13 11 17 29 59 110 164 196 211 219 224 227 228 229 228 228 222 230 231 231 231 233 233 232 226 235 236 238 239 241 241 242 243 243 243 
237 234 230 226 221 215 208 196 172 153 168 187 201 203 191 166 132 89 47 30 28 31 25 16 11 7 8 15 21 35 62 98 134 157 169 178 187 200 210 219 224 226 228 229 230 229 230 231 230 231 232 233 233 234 235 237 238 240 241 241 242 243 243 243 
235 232 228 224 219 213 208 193 150 153 167 177 183 183 177 162 132 90 76 115 132 71 40 30 21 17 13 68 147 176 194 201 194 183 173 170 176 187 200 213 221 226 227 229 229 229 229 227 227 230 231 228 228 235 237 239 239 240 241 241 242 243 243 243 
233 230 226 222 218 212 207 173 107 133 157 162 145 117 96 99 127 167 199 217 223 141 46 40 31 23 17 45 167 221 220 216 207 197 185 174 171 176 188 205 216 223 227 229 230 229 228 227 229 229 229 230 230 238 238 240 239 239 241 241 241 242 241 241 
228 226 223 220 215 211 184 107 77 86 93 89 105 142 183 210 225 228 227 227 226 188 67 50 42 34 27 25 57 178 223 221 216 210 200 188 177 173 178 193 207 217 226 229 230 229 228 229 230 232 232 235 237 237 238 239 241 241 241 240 241 240 240 239 
223 221 219 216 211 191 84 26 49 106 157 192 213 222 226 224 227 228 228 227 227 224 159 60 57 50 39 30 26 67 190 225 224 220 212 202 190 179 178 184 198 212 222 228 228 229 229 230 230 232 233 236 237 238 240 239 241 241 240 240 239 239 238 237 
216 215 214 210 195 135 124 164 192 212 219 221 223 224 226 224 226 230 230 229 228 227 222 137 60 61 50 39 30 27 80 202 227 225 221 214 204 192 184 176 190 206 218 225 228 228 231 231 233 234 235 237 237 238 239 238 240 240 239 239 237 238 237 236 
209 207 204 201 195 198 208 213 216 218 220 220 220 222 224 226 226 230 231 230 229 228 228 218 112 60 60 50 39 29 27 97 212 227 226 222 215 206 196 188 189 198 213 222 228 230 230 231 235 235 235 236 236 237 238 238 238 238 237 235 234 236 235 233 
197 197 199 203 205 209 211 213 216 217 219 219 219 221 223 227 227 228 230 230 229 229 229 228 206 88 61 60 48 37 27 30 119 220 227 226 220 217 208 199 195 198 210 219 226 231 231 233 235 234 231 223 227 233 237 237 237 235 235 233 230 233 232 231 
194 195 198 201 204 207 209 211 213 215 217 218 220 221 223 225 227 228 229 230 230 229 229 229 228 185 72 62 56 45 34 27 35 144 224 226 224 223 218 210 205 202 208 217 224 229 232 234 235 234 227 209 215 226 234 234 234 233 232 232 231 230 229 229 
191 192 194 197 201 204 207 209 210 212 215 216 217 220 222 224 226 227 229 229 230 230 229 229 228 227 157 61 58 52 41 31 26 45 170 226 227 227 223 217 212 209 208 214 221 228 232 233 233 232 230 225 226 227 232 232 232 231 230 228 227 228 225 223 
186 189 190 192 196 200 203 206 208 210 212 214 216 218 220 223 225 226 228 229 229 230 230 229 227 227 221 114 55 55 46 36 29 26 66 202 227 227 225 222 217 215 214 216 221 225 229 231 232 232 231 231 231 230 231 230 230 228 228 226 225 225 223 222 


202 203 205 209 209 211 204 159 195 224 229 229 236 238 235 237 238 239 240 242 243 242 242 244 248 252 251 237 212 172 130 171 173 146 134 131 130 137 173 225 244 241 222 200 176 133 92 96 110 112 110 117 117 122 130 134 140 144 146 145 143 142 141 139 
203 205 207 209 209 211 211 162 178 220 226 230 234 236 236 238 240 239 240 242 245 244 243 243 244 240 223 195 155 117 81 91 104 109 107 124 162 210 233 230 229 236 234 219 209 169 72 32 38 59 75 98 112 120 125 130 135 141 144 146 144 144 142 139 
204 205 207 208 209 211 213 167 164 214 219 227 235 236 238 240 242 241 241 244 244 236 218 190 153 127 114 116 125 131 126 100 107 105 109 170 231 228 210 206 210 223 239 234 216 203 144 55 19 25 28 50 56 67 97 125 131 137 141 145 148 162 160 138 
204 206 207 208 209 210 212 166 155 210 223 230 236 236 240 241 241 239 230 209 177 147 140 150 176 197 214 236 244 233 204 167 150 201 233 233 218 210 206 209 213 223 236 244 229 210 192 111 39 22 27 43 66 33 41 109 136 132 139 158 184 183 195 145 
204 204 203 204 207 208 210 167 159 210 226 234 238 238 238 230 208 176 157 160 185 207 225 237 238 233 239 251 253 250 236 217 222 237 226 213 209 211 214 217 221 226 232 241 241 222 205 175 84 30 24 27 53 57 32 81 182 152 144 176 177 176 184 194 
200 202 199 201 205 205 206 169 165 201 225 229 221 199 175 165 177 201 221 232 238 243 244 241 238 236 243 250 254 253 246 241 232 218 212 213 216 217 222 225 227 229 230 231 243 236 216 200 149 65 24 23 30 61 48 44 140 188 154 146 170 174 174 177 
192 197 201 201 202 203 195 135 157 194 185 166 168 186 212 230 236 235 240 243 244 243 241 239 238 239 245 248 249 244 233 221 214 214 218 222 222 224 229 231 235 226 219 229 234 243 231 209 193 119 44 22 28 36 72 75 140 191 181 146 146 163 167 168 
182 192 196 189 197 200 168 108 136 157 182 209 229 235 236 236 240 241 244 244 243 239 239 237 238 241 244 242 234 218 205 205 213 220 225 229 233 236 235 237 241 238 232 231 228 238 242 223 202 181 84 31 27 34 49 72 111 152 188 169 136 139 155 160 
176 184 162 82 125 134 107 133 190 216 222 225 230 234 237 239 241 241 236 226 213 201 195 195 202 212 219 214 198 190 197 207 217 224 229 234 238 241 241 244 244 241 239 235 228 228 240 238 213 197 160 59 25 27 35 41 61 99 133 188 152 128 142 145 
153 127 79 78 142 156 132 178 210 219 221 226 230 234 234 221 192 153 115 85 65 50 42 43 45 52 65 86 118 154 187 211 220 228 234 238 240 241 242 244 243 240 241 239 232 227 230 241 231 205 194 131 41 23 32 35 36 50 79 141 182 135 94 63 
91 80 56 147 182 141 161 199 213 218 222 228 225 197 138 79 45 30 23 19 18 17 15 16 15 14 15 16 18 27 53 102 163 209 227 223 221 227 236 241 241 242 243 241 238 231 226 235 241 222 201 188 95 31 24 33 33 34 49 76 121 67 29 18 
169 138 145 183 151 154 189 209 217 222 221 188 116 51 23 17 16 15 17 17 13 10 7 9 10 8 9 10 12 12 12 16 24 66 142 166 126 139 188 230 239 239 242 241 239 235 228 226 237 237 213 198 170 60 21 27 33 41 37 37 30 22 19 17 
181 183 181 154 154 185 202 214 217 199 129 61 29 18 14 13 10 4 4 4 4 7 5 10 17 7 9 11 7 6 6 9 16 17 22 69 126 128 120 184 230 234 240 241 241 238 232 225 226 237 230 207 195 138 39 22 40 38 22 19 20 20 18 16 
179 171 150 156 181 197 211 216 171 71 19 17 20 18 10 5 8 3 2 6 7 21 12 13 20 8 8 7 6 5 5 6 18 32 11 12 30 102 117 116 201 228 237 241 241 238 234 228 220 228 238 223 201 185 89 35 22 18 15 16 16 16 14 12 
158 154 164 181 193 203 210 151 47 10 9 8 6 4 3 1 3 6 7 10 11 10 8 9 11 10 10 7 11 7 6 7 22 13 9 13 13 15 72 123 145 213 230 236 238 238 235 230 223 219 232 234 189 106 41 18 14 13 9 10 9 10 8 8 
168 179 186 194 200 203 139 39 11 9 8 3 0 2 2 1 3 9 8 8 12 9 6 7 6 16 14 10 10 13 8 9 22 10 18 14 9 9 11 56 126 172 216 228 233 235 235 231 226 219 205 150 61 21 13 10 11 10 6 5 5 6 7 7 
187 192 197 200 203 146 39 12 13 8 2 0 0 1 3 5 6 9 8 13 15 7 7 14 10 18 13 12 19 12 9 10 11 10 20 13 10 14 24 16 50 129 183 212 224 232 234 232 221 165 78 30 19 12 8 8 6 4 3 6 11 10 10 6 
196 199 204 205 164 56 14 15 11 2 0 0 0 2 9 8 8 14 14 10 10 14 13 13 16 17 9 10 12 14 16 18 11 17 21 20 11 32 14 17 12 78 140 177 210 222 230 217 123 37 20 15 11 9 7 6 4 8 19 18 8 3 9 11 
203 204 206 186 84 21 18 17 2 0 0 0 1 4 12 11 14 11 11 11 10 25 16 20 26 19 11 8 6 9 19 15 13 24 14 11 12 28 18 16 10 37 83 141 169 195 168 111 51 22 14 9 10 8 6 14 38 67 38 13 5 3 5 17 
207 205 202 124 35 19 24 7 0 0 1 2 4 7 8 10 15 23 13 10 11 15 10 13 22 15 10 8 6 10 14 20 31 39 19 15 16 12 12 14 9 9 24 90 105 82 92 101 72 28 11 10 8 14 46 103 146 165 93 23 10 6 8 19 
210 209 172 69 24 30 14 0 0 1 3 5 13 10 9 10 13 27 16 10 16 20 10 12 22 21 11 18 8 12 9 15 27 32 24 24 15 14 8 8 5 5 8 34 106 52 44 78 109 68 14 16 42 97 166 215 211 189 165 59 18 14 25 27 
212 204 118 36 30 27 2 0 0 1 5 11 13 13 7 8 10 9 7 18 67 58 22 20 12 11 12 11 14 15 12 18 15 14 19 16 23 20 7 7 7 6 7 10 64 70 37 70 121 93 67 108 157 195 213 231 229 205 190 139 38 19 23 32 
210 177 73 27 42 12 0 0 0 2 10 13 13 9 7 6 9 10 10 17 28 45 18 14 18 16 10 11 24 15 15 16 23 25 15 9 13 12 6 9 11 9 6 11 24 88 56 72 114 143 195 221 222 219 214 225 238 227 202 188 101 30 18 26 
206 138 49 41 39 3 0 0 5 8 11 8 10 6 7 6 9 12 23 26 15 17 7 8 9 10 9 15 24 10 17 37 22 8 6 8 15 16 7 8 14 14 13 20 13 63 66 83 153 214 229 231 231 228 223 222 236 240 220 198 174 63 19 16 
195 113 41 53 21 1 0 1 5 11 11 6 6 6 8 9 19 12 13 22 10 8 7 13 10 9 13 18 24 17 15 20 10 9 18 18 11 13 6 6 17 20 19 21 21 33 77 97 142 203 230 236 237 236 232 225 227 241 236 210 195 142 34 12 
184 97 44 66 9 0 1 4 4 18 13 12 10 9 6 11 13 9 14 18 12 12 8 17 14 12 9 13 17 18 18 13 11 12 21 13 18 9 7 7 18 32 28 25 13 15 73 92 128 178 226 239 241 240 236 230 225 233 242 228 202 189 98 23 
170 77 59 55 3 1 0 0 3 10 10 16 22 12 10 8 9 11 11 14 11 13 19 42 27 23 9 15 8 9 8 9 8 7 9 23 35 17 8 10 11 18 17 14 8 9 63 98 136 153 213 235 239 241 240 235 228 226 237 239 217 196 170 63 
160 62 84 45 1 0 0 0 2 9 9 21 34 13 25 17 8 8 16 12 10 16 28 34 25 12 13 9 15 11 6 9 12 11 11 12 16 20 15 11 20 27 15 19 8 7 53 93 124 133 195 229 238 240 241 238 233 225 227 238 231 205 192 152 
144 54 100 28 0 0 0 0 0 13 14 31 25 26 17 12 9 11 14 24 17 12 18 11 12 16 15 13 18 28 21 17 19 13 12 13 15 27 14 15 20 44 18 23 10 16 40 103 97 119 179 222 235 239 241 239 233 227 222 229 238 223 199 191 
126 51 106 16 0 0 0 0 1 12 13 25 15 23 15 12 12 12 17 13 11 16 15 24 16 13 13 17 17 33 33 23 28 23 10 15 26 23 10 14 17 25 24 10 8 18 29 110 90 117 161 213 231 237 239 239 235 230 224 221 233 234 211 193 
118 50 104 10 0 0 0 0 4 14 10 12 8 7 14 21 19 18 23 20 12 31 31 28 31 11 18 25 12 8 12 21 38 25 12 39 24 22 13 35 12 9 13 20 22 11 21 114 94 118 141 198 226 234 236 237 237 233 227 221 223 236 228 203 
117 51 98 7 0 0 0 1 13 10 8 8 13 9 14 18 13 16 15 21 11 26 19 30 43 20 21 14 16 18 18 17 37 26 14 30 19 11 8 17 16 7 19 44 35 20 39 115 100 115 102 168 221 230 235 236 237 236 231 224 218 228 236 221 
113 46 85 8 0 0 1 6 18 14 13 10 11 9 6 9 21 11 11 25 23 32 13 13 13 12 23 20 37 16 11 9 12 9 14 29 21 24 34 19 24 31 45 49 21 23 26 119 111 116 65 105 205 227 233 236 238 238 235 228 221 221 236 235 
97 39 86 12 0 2 16 10 10 30 64 34 12 14 11 8 16 16 20 14 17 20 9 14 16 14 22 20 30 26 23 28 21 11 21 33 23 19 30 20 25 56 34 22 30 28 25 133 130 128 64 37 163 220 231 236 241 240 238 234 226 221 227 239 
85 30 80 18 1 12 17 12 8 26 76 81 31 9 8 8 7 20 32 24 13 12 7 8 15 20 22 14 9 19 25 25 26 22 15 30 20 12 12 12 20 21 27 28 47 45 32 144 138 134 112 32 83 199 229 235 241 241 239 237 232 225 222 231 
115 35 66 29 8 14 31 46 10 19 22 78 55 26 17 11 11 20 13 15 15 9 6 8 17 23 16 8 12 10 10 11 25 24 10 26 21 12 11 12 10 12 16 13 62 58 45 153 133 126 152 96 31 138 219 234 238 239 240 239 235 228 223 223 
142 41 40 30 13 4 8 17 24 28 13 40 59 35 24 18 10 21 11 18 7 6 8 11 22 30 27 14 33 16 10 8 15 10 10 28 15 10 18 16 8 8 11 18 27 23 55 150 114 116 175 165 59 55 185 230 235 237 239 240 237 232 227 223 
169 71 34 39 24 5 2 5 19 18 9 12 26 44 29 17 16 21 17 25 10 7 5 7 10 13 18 15 18 13 14 10 11 13 18 31 16 7 15 14 8 7 8 16 43 48 88 134 68 122 188 193 133 33 101 212 233 236 238 240 240 236 231 226 
191 103 36 43 35 8 2 9 37 15 11 12 23 29 24 27 26 22 22 19 18 9 7 10 14 10 7 16 30 14 12 14 22 30 23 19 35 17 36 31 15 9 8 9 16 23 126 86 46 146 173 177 171 86 29 143 228 236 238 241 241 239 235 230 
210 150 54 41 41 8 3 5 9 11 14 18 21 13 29 35 56 24 23 20 50 18 11 18 21 12 8 15 21 19 32 17 18 29 17 33 31 28 30 32 24 23 14 7 8 39 138 36 85 167 176 172 177 153 48 59 195 235 238 240 241 240 239 234 
226 191 92 37 39 12 2 5 4 13 25 32 27 26 66 64 45 29 16 27 66 21 9 13 40 28 17 22 18 27 22 14 16 11 11 12 20 20 11 11 9 21 22 9 12 79 105 17 87 153 166 161 172 163 99 28 144 232 238 240 242 243 240 234 
236 214 149 59 36 29 5 4 6 9 21 58 60 77 108 72 46 24 16 19 40 23 20 28 26 22 22 23 41 20 16 13 21 21 20 14 9 6 6 6 13 30 21 18 26 116 68 89 86 60 73 92 116 117 84 38 140 232 237 240 243 243 243 237 
241 228 193 106 57 45 21 3 8 15 6 30 70 86 113 90 94 45 13 11 24 14 17 32 40 27 19 15 14 22 29 13 21 31 39 47 19 6 19 18 6 8 19 14 64 124 95 178 185 165 133 107 72 49 36 57 178 235 239 242 242 243 244 242 
243 236 214 167 99 47 46 21 13 17 4 10 34 60 101 62 63 33 10 13 15 16 19 14 45 48 35 19 21 48 29 30 14 37 31 18 12 12 34 36 11 5 9 30 120 123 152 175 182 187 179 154 111 67 65 142 224 236 239 242 243 242 243 244 
245 239 223 196 150 87 58 56 23 11 7 16 25 35 71 68 55 28 5 10 15 15 10 16 29 21 30 35 13 23 21 27 22 28 33 28 16 14 8 10 9 8 19 88 148 155 173 169 151 117 82 73 96 142 189 221 232 237 239 241 243 243 241 241 
245 241 231 209 185 151 87 64 55 24 20 19 18 19 26 44 50 20 3 8 19 12 7 9 18 17 14 17 10 15 10 22 33 24 24 28 26 17 6 6 10 16 65 140 133 118 93 73 74 102 147 190 215 225 227 230 233 238 240 242 242 241 238 237 
244 241 234 217 196 181 146 85 77 88 31 9 13 16 10 17 24 10 4 12 20 17 29 12 11 18 19 14 11 18 13 14 17 20 14 21 21 8 4 6 16 50 107 61 48 65 105 156 196 218 226 228 229 228 228 229 234 236 238 242 243 244 244 244 
243 240 234 222 203 189 176 145 92 88 100 48 7 3 8 12 12 8 6 15 26 15 24 24 16 22 42 19 9 27 24 16 22 22 16 16 10 5 8 26 49 109 83 106 159 199 219 228 230 230 227 228 229 230 232 228 232 237 239 242 244 244 244 245 
242 239 233 225 209 195 186 173 154 104 81 107 84 21 2 7 12 11 5 6 11 17 14 21 26 45 83 48 10 18 21 15 31 37 45 41 14 9 16 50 139 177 196 217 225 229 229 230 229 230 230 230 230 232 233 232 234 233 233 242 243 244 245 245 
240 238 234 227 214 200 190 178 166 158 136 108 111 102 53 13 12 19 7 6 10 38 43 28 33 40 38 31 18 22 27 36 32 28 32 34 18 20 62 157 210 220 224 226 228 228 228 227 230 231 231 232 232 233 234 235 236 227 220 241 244 245 245 245 
239 236 233 226 216 205 195 184 166 145 151 152 131 108 83 69 33 21 22 16 14 14 21 25 20 22 14 40 42 9 34 45 18 14 19 19 36 90 178 218 223 225 226 227 228 229 229 229 230 230 231 233 233 234 234 236 237 238 238 243 244 244 245 245 
238 236 232 225 218 208 199 190 176 152 144 166 163 126 77 62 53 39 32 36 33 27 15 11 8 11 9 12 17 12 15 20 19 20 26 61 135 199 219 223 225 226 225 226 228 229 230 229 229 230 231 232 224 197 232 236 237 239 241 243 243 244 245 245 
237 235 230 224 217 209 203 192 177 152 158 183 200 184 140 91 58 38 27 29 39 40 26 21 14 16 19 21 24 22 23 26 33 59 106 162 192 210 218 223 225 225 228 227 227 221 229 229 229 230 231 231 229 215 234 237 240 240 241 243 244 245 245 245 
235 233 228 223 216 211 205 193 173 156 172 192 205 207 195 169 136 94 58 39 43 60 52 37 30 21 24 27 30 42 66 98 131 151 164 175 185 199 209 219 221 223 225 228 228 228 229 228 227 228 229 231 232 232 235 238 239 240 240 242 244 245 245 245 
233 231 226 220 214 210 204 191 151 158 172 182 188 186 181 165 136 94 80 115 132 93 74 58 44 35 26 75 150 177 194 200 191 178 167 164 172 184 197 212 218 223 224 227 228 228 226 223 225 225 228 221 219 233 237 239 239 239 240 240 244 245 245 245 
231 228 223 218 213 208 203 174 113 140 164 167 149 121 101 105 132 172 200 217 221 152 80 72 59 44 33 59 170 219 219 214 205 194 181 168 165 173 184 202 214 221 226 228 228 226 223 222 226 225 225 224 223 237 237 240 238 238 240 243 243 244 243 243 
226 223 220 216 212 207 182 112 83 91 98 95 111 147 186 211 225 230 226 225 224 191 92 87 76 63 51 47 74 180 222 218 214 208 197 184 171 168 173 189 205 215 224 228 228 227 226 227 229 230 227 233 237 237 236 239 240 240 241 242 242 242 241 241 
219 217 217 214 207 189 88 32 55 111 160 196 215 223 226 221 225 230 228 226 224 221 163 90 98 89 72 57 49 82 192 223 222 217 210 200 186 174 171 178 194 209 220 227 228 229 227 227 226 229 230 234 236 237 239 239 242 243 242 242 240 240 240 239 
213 213 212 208 193 137 127 168 196 215 221 223 225 225 225 221 226 231 230 230 226 224 220 145 96 104 88 73 56 50 94 202 224 223 219 210 200 188 179 167 185 204 217 223 226 226 230 230 231 233 235 236 236 237 239 238 240 242 241 240 239 239 239 238 
207 205 204 202 198 202 211 215 218 220 222 222 223 224 225 226 225 232 233 233 229 226 226 216 126 99 101 86 70 52 49 109 210 224 224 219 212 202 191 181 184 196 210 220 226 231 230 230 234 236 235 234 236 238 238 238 239 239 239 238 236 237 237 236 
197 198 202 206 210 213 215 217 218 219 221 221 222 223 225 229 228 228 233 233 232 229 227 227 207 107 101 99 83 65 51 50 128 218 225 222 214 214 206 193 190 195 208 217 225 231 231 232 235 235 228 209 216 230 237 239 237 237 236 235 233 234 234 233 
198 199 202 206 208 211 213 215 216 217 218 220 222 222 224 226 227 231 233 232 233 230 229 227 226 187 98 104 96 78 60 49 55 152 223 223 218 221 215 207 201 200 206 216 223 229 233 234 236 235 220 181 192 215 235 236 235 236 234 232 233 232 231 230 
195 197 198 202 205 206 210 211 213 213 215 218 219 221 223 226 226 229 231 231 233 232 231 229 228 226 162 94 100 88 70 56 49 63 175 224 224 226 219 214 210 207 207 212 218 228 232 233 235 233 228 215 219 221 233 234 234 233 232 229 229 229 226 224 
190 193 195 197 201 205 207 209 210 212 214 215 216 219 221 225 227 229 232 232 232 232 232 231 226 225 219 126 92 93 79 62 53 48 83 204 225 224 222 220 215 212 213 217 220 225 230 233 233 232 232 233 232 232 233 232 232 230 230 228 226 226 224 222 