


26 31 21 27 65 49 34 66 109 100 104 66 61 56 26 10 12 15 12 8 6 3 0 0 0 0 0 2 8 22 47 56 45 35 31 29 26 28 62 84 60 37 42 43 31 10 3 1 6 22 32 58 208 209 131 207 227 243 168 98 94 86 76 74 
45 44 23 45 83 40 46 88 114 73 60 52 60 58 46 18 22 22 13 9 7 3 0 0 0 0 0 0 1 22 61 77 56 27 20 23 19 14 36 57 37 18 21 24 18 6 2 1 4 21 29 74 217 204 123 216 225 242 152 101 96 91 84 78 
42 33 15 30 62 48 52 80 103 69 25 59 87 91 66 17 21 25 19 14 10 5 2 2 1 0 0 0 0 15 62 87 70 28 9 11 7 3 8 18 12 2 2 1 3 2 1 0 1 9 13 93 226 202 145 221 233 236 136 103 98 94 87 83 
19 48 35 11 51 48 32 61 90 78 36 79 106 100 59 17 18 28 30 25 17 6 5 6 4 0 0 0 0 5 38 70 70 41 10 4 1 0 0 1 1 0 0 0 1 1 0 0 0 1 3 125 230 212 153 204 244 227 122 103 100 95 86 83 
15 90 52 9 51 53 45 62 76 74 61 105 111 88 51 34 22 32 44 35 16 8 10 13 7 0 0 0 0 0 8 33 50 38 12 2 0 0 0 0 0 0 0 0 2 8 3 0 0 0 6 159 226 210 170 213 243 214 110 101 104 98 90 89 
20 100 52 13 65 86 74 74 81 79 81 123 117 87 45 41 26 40 65 46 20 20 18 14 7 1 0 0 0 0 4 13 28 29 13 3 1 0 0 0 1 2 0 0 5 18 8 0 0 0 17 185 228 212 218 229 239 189 92 93 102 102 94 88 
13 73 53 20 84 110 89 97 99 96 99 132 130 111 71 64 60 72 93 62 30 31 26 18 15 9 4 2 3 11 21 26 25 22 11 5 8 7 3 2 11 22 7 0 6 20 9 0 0 1 34 206 230 213 220 224 241 166 81 93 100 100 99 90 
4 34 46 26 67 77 94 119 102 107 111 123 121 120 107 106 100 104 97 59 37 40 32 25 33 30 23 17 15 24 36 42 33 20 10 12 21 22 15 13 31 49 27 3 10 18 5 0 2 4 61 221 227 216 220 225 243 139 76 89 99 98 96 91 
1 10 41 43 44 48 111 135 92 109 129 125 134 128 138 136 103 95 85 61 39 37 31 37 49 50 42 30 22 26 38 41 29 16 10 17 25 26 24 24 40 63 45 13 14 15 3 0 4 9 93 230 230 222 224 233 235 117 86 93 95 96 88 87 
2 17 62 74 70 68 120 131 77 99 150 152 144 117 153 157 100 86 88 64 31 29 31 44 62 69 55 37 26 24 26 24 17 12 12 19 27 28 28 25 37 65 56 27 21 16 7 3 4 10 128 234 227 220 229 234 220 100 87 92 92 91 87 86 
5 44 114 122 115 97 120 130 79 79 134 137 108 74 128 151 116 102 94 44 14 23 34 50 73 77 62 39 27 22 21 20 16 16 19 26 33 35 33 31 41 65 61 40 31 27 18 13 9 13 160 233 230 223 227 204 203 103 98 104 103 97 91 83 
5 59 148 157 135 114 116 124 66 44 88 92 77 67 117 150 140 110 82 37 19 24 32 45 66 77 65 39 32 29 25 25 24 20 21 28 39 44 43 41 47 65 66 47 38 28 19 16 10 23 186 203 217 224 212 210 181 94 93 94 100 98 88 81 
7 54 145 160 141 134 101 80 34 29 71 85 106 118 145 156 135 84 41 31 30 28 28 38 55 61 48 33 30 31 31 34 31 19 14 17 29 35 34 31 35 55 62 41 25 19 15 15 10 40 203 146 202 215 148 224 155 95 98 100 98 99 84 74 
12 38 101 127 149 159 79 42 28 41 90 111 137 155 159 135 95 43 8 14 31 28 24 29 39 41 34 29 26 29 27 29 29 42 59 24 14 18 14 10 12 41 53 29 9 5 7 11 10 66 209 138 217 210 158 230 136 104 103 98 89 90 85 66 
17 19 43 90 159 156 63 38 34 68 120 135 142 145 130 102 65 20 7 16 29 27 37 42 35 29 26 22 20 19 18 24 103 210 221 125 91 36 3 1 3 30 43 17 1 0 4 12 11 98 223 203 223 222 218 226 120 109 101 93 89 88 84 67 
20 15 19 69 136 130 68 58 85 98 126 137 130 118 83 66 42 22 12 26 45 40 51 51 30 26 22 17 12 9 10 79 228 247 172 119 233 181 42 3 10 26 31 8 0 0 3 13 16 133 219 221 222 227 236 213 113 113 107 100 96 84 76 67 
26 19 15 46 108 113 83 107 156 137 115 131 130 110 74 49 39 33 26 46 73 61 50 42 28 27 17 11 7 5 26 187 253 227 105 95 230 211 117 21 31 35 22 3 0 1 8 20 28 160 215 220 222 222 239 195 105 112 115 108 95 81 69 58 
28 17 12 34 94 103 89 130 174 136 105 127 128 91 73 59 54 57 64 79 90 64 44 32 23 30 19 7 5 7 90 243 251 167 75 100 178 128 79 44 59 55 29 6 2 6 18 30 48 182 221 218 225 220 242 166 102 110 113 102 90 79 63 51 
29 8 6 19 60 76 75 93 120 106 116 137 133 99 76 69 68 94 119 108 98 66 35 16 18 38 35 14 12 22 173 253 228 109 51 47 39 58 35 46 75 72 44 15 6 12 21 30 63 197 220 211 216 221 241 144 102 106 100 91 87 71 57 45 
26 5 13 20 29 57 74 50 83 116 160 155 146 134 98 95 102 126 143 113 102 77 30 8 13 39 44 28 20 54 223 249 144 34 39 43 38 64 43 50 74 88 73 26 11 18 18 23 76 201 214 205 216 225 237 133 100 107 97 86 74 65 51 37 
20 26 62 63 47 58 87 70 104 129 177 160 126 122 101 113 136 137 117 84 86 75 24 8 9 30 39 28 22 100 246 241 110 52 92 64 43 24 14 51 122 107 98 44 10 14 11 14 85 203 206 207 212 224 222 127 114 115 100 89 74 60 51 31 
36 67 119 115 78 56 81 99 115 109 152 144 100 90 86 112 142 112 63 46 65 62 28 21 14 19 26 19 17 137 252 233 161 175 136 67 41 10 5 52 143 140 114 55 10 10 8 11 103 198 191 196 207 232 207 114 113 112 97 83 72 64 56 32 
84 95 136 127 89 60 75 127 140 112 129 134 106 78 66 104 121 62 18 21 42 62 58 46 26 17 13 11 19 166 253 230 238 224 112 61 41 14 14 82 133 128 119 59 13 6 3 11 124 194 178 191 199 237 196 113 112 113 102 89 81 64 65 28 
97 89 113 92 64 59 83 156 182 140 132 149 119 71 57 87 86 29 5 6 19 47 64 57 32 15 8 8 22 184 253 250 249 227 109 60 42 18 41 121 122 105 115 71 19 2 1 14 132 184 167 195 200 238 172 122 124 123 117 104 94 82 72 18 
67 63 74 50 45 63 102 162 180 130 115 145 104 54 48 60 49 20 7 5 5 18 46 50 30 17 9 8 23 190 252 251 245 238 131 62 39 26 69 129 122 104 113 102 40 10 8 23 131 168 157 195 207 237 158 128 130 125 127 109 99 102 77 9 
56 60 73 64 51 77 119 141 133 91 81 114 75 41 34 43 47 35 19 10 4 5 16 24 24 23 16 10 15 164 252 252 235 242 186 97 47 46 118 138 125 99 110 104 69 51 38 39 131 144 155 196 213 230 144 133 132 123 123 109 100 103 65 3 
70 88 114 107 60 84 123 125 97 91 84 106 66 34 35 71 99 73 42 30 19 9 6 11 16 21 23 20 18 122 250 252 241 247 243 184 119 109 156 146 111 92 99 91 80 73 48 51 77 108 163 202 222 217 128 136 139 130 122 114 109 103 45 1 
77 105 133 106 50 76 104 118 114 117 100 114 69 41 50 96 125 91 55 48 35 19 9 8 7 13 21 28 29 94 245 253 253 253 250 215 187 173 166 144 108 101 101 83 73 56 48 78 26 71 154 202 227 187 115 133 134 130 126 119 114 99 26 2 
99 106 120 91 54 61 84 117 140 122 90 114 75 42 51 80 93 64 43 42 32 18 12 8 6 10 19 32 37 94 242 253 254 253 251 232 222 192 174 144 116 108 96 78 63 65 88 65 24 85 143 199 228 169 112 126 130 131 123 119 112 86 20 8 
114 104 120 139 106 67 82 121 142 103 72 105 87 48 41 50 46 27 22 22 18 17 18 14 11 15 21 31 38 102 242 253 252 249 252 249 248 219 179 150 115 102 84 72 55 46 59 16 11 86 141 205 229 154 113 127 130 132 125 119 111 83 20 12 
112 122 128 173 142 79 74 113 120 81 61 89 86 53 33 42 43 24 11 9 14 18 19 17 18 22 25 29 34 95 236 237 243 221 250 253 249 225 176 143 102 100 80 72 56 28 13 1 16 86 152 209 224 148 122 133 133 122 124 124 120 78 18 16 
110 134 127 151 137 98 75 99 90 68 64 85 88 66 46 53 53 32 8 4 9 18 22 20 18 20 19 21 22 86 202 198 216 217 232 252 240 211 180 147 104 90 86 72 52 29 1 0 22 86 164 207 218 143 137 140 138 118 118 123 116 62 14 14 
92 114 117 113 105 105 84 99 91 86 77 89 87 78 71 58 44 30 8 6 15 28 31 26 23 25 20 15 13 70 210 208 195 200 220 252 240 212 184 154 112 93 84 74 55 32 1 0 19 90 170 211 221 139 139 140 139 129 125 122 115 40 7 8 
79 107 134 112 92 96 85 103 107 92 74 83 72 76 85 66 38 24 12 15 24 34 35 29 29 39 35 18 11 38 159 190 160 146 224 247 229 217 182 158 132 93 73 72 56 29 2 0 17 87 168 220 217 138 141 145 141 131 129 113 103 27 2 3 
85 106 153 153 130 100 87 99 105 84 82 116 79 83 109 97 59 28 16 19 27 33 32 26 27 42 47 37 28 37 140 191 163 83 132 218 204 214 171 150 127 88 71 68 59 32 7 0 15 91 176 230 202 142 146 152 145 131 127 121 99 17 0 1 
109 98 147 175 143 102 86 92 110 91 93 151 104 99 135 122 78 36 20 21 27 33 29 23 29 43 51 53 57 55 104 144 125 77 106 229 217 209 172 126 90 76 71 67 65 39 10 0 15 101 185 235 181 141 146 149 145 136 133 130 93 10 0 0 
126 107 120 140 108 88 91 112 133 100 78 144 110 107 143 115 69 39 28 25 36 53 44 41 54 56 50 63 77 62 95 145 166 84 103 210 217 191 171 118 85 77 72 71 67 33 4 0 17 109 187 233 161 147 153 152 144 136 135 129 71 4 0 0 
137 134 101 87 97 102 113 138 148 105 78 125 101 97 119 84 53 42 35 32 52 65 63 70 82 69 43 60 70 54 73 166 188 77 61 102 151 175 163 118 86 96 92 77 62 29 1 1 34 112 181 227 151 150 151 150 143 132 128 119 51 1 0 0 
117 140 91 65 92 105 121 134 143 112 89 120 94 69 71 52 41 39 40 46 59 59 65 75 88 66 33 44 48 47 71 177 172 119 62 14 46 111 145 117 82 91 96 80 62 34 8 14 56 102 190 221 148 152 150 148 142 132 131 118 39 1 0 0 
93 137 97 59 96 110 125 102 122 98 87 114 102 60 50 52 45 41 59 72 68 50 45 56 70 48 28 46 50 50 51 146 165 119 67 2 2 32 73 71 44 66 84 81 70 41 12 17 76 116 210 205 141 149 144 142 138 131 127 115 28 1 0 0 
87 118 93 65 114 120 124 87 103 77 69 94 107 79 54 52 50 65 91 92 68 42 34 46 45 35 43 60 62 56 46 104 165 112 70 1 1 34 37 18 4 29 67 79 77 49 13 42 97 149 217 181 139 145 138 138 139 132 126 105 19 1 1 0 
84 102 89 66 100 94 101 96 110 84 71 71 87 78 50 44 50 79 93 82 52 32 35 40 32 34 52 61 73 76 64 71 156 105 67 1 27 77 46 20 4 8 54 82 84 51 19 62 99 176 228 171 135 145 138 139 139 131 129 96 16 2 1 0 
90 118 110 83 90 92 90 92 115 115 94 59 53 52 38 35 41 69 64 61 44 35 36 40 34 34 49 54 70 85 79 52 102 140 123 9 48 102 70 30 12 4 41 86 91 62 25 73 134 192 230 163 140 144 135 131 130 127 127 82 13 2 1 1 
111 127 122 118 98 98 97 90 117 142 102 49 36 36 31 34 56 76 52 47 38 33 42 53 51 39 44 50 66 78 68 51 90 156 171 43 30 122 115 52 23 6 51 106 104 59 25 100 172 214 225 147 140 145 139 131 124 122 120 65 8 4 3 2 
140 128 115 139 118 101 114 106 114 126 91 59 60 45 22 21 54 83 57 42 29 23 38 58 62 42 41 49 66 86 70 49 89 141 144 70 5 86 147 93 47 14 46 131 114 40 53 124 188 220 220 140 141 140 136 128 119 117 116 46 4 5 7 5 
143 120 119 138 145 103 122 127 111 114 100 89 92 57 27 32 44 65 65 45 15 12 30 41 39 29 35 51 65 79 65 53 73 110 149 70 24 117 156 118 82 42 35 132 87 18 67 154 191 222 207 131 141 132 132 123 118 114 105 37 20 17 15 17 
120 91 112 132 175 132 110 129 118 137 125 99 84 57 40 58 64 70 82 59 12 12 34 34 24 18 19 38 48 49 46 62 89 74 93 76 74 101 120 124 106 119 108 107 20 39 107 168 199 231 184 126 137 133 132 117 113 111 93 42 33 18 39 48 
91 73 94 104 162 158 83 99 103 124 117 83 69 65 53 74 78 72 89 76 32 33 44 39 31 24 11 26 48 48 46 69 83 65 92 91 102 84 108 116 135 172 149 51 9 81 142 177 204 238 165 118 128 130 126 112 105 106 77 37 25 15 38 40 
65 80 106 95 130 175 109 112 91 90 90 71 82 77 42 49 44 51 80 71 45 40 42 40 38 36 20 29 51 49 49 66 58 42 51 101 107 88 74 108 197 191 120 25 23 114 171 183 213 243 161 126 126 130 127 116 109 107 63 33 28 22 18 9 
43 90 116 126 129 182 153 140 98 75 96 112 110 94 42 28 34 51 73 67 49 28 28 37 42 49 39 38 46 41 41 63 59 45 41 82 112 100 90 123 145 141 99 18 56 153 186 197 221 236 151 132 130 130 123 111 111 107 66 41 32 30 12 2 
25 76 94 118 119 172 161 132 115 109 116 108 107 112 85 65 55 49 62 57 34 8 16 37 46 57 50 44 43 40 42 74 74 55 46 74 113 85 96 111 127 109 46 11 104 185 207 211 224 225 134 126 128 130 121 113 113 105 64 49 35 29 10 2 
48 81 84 105 105 165 158 107 109 121 109 53 65 105 112 83 54 53 68 47 15 5 12 30 55 67 49 41 39 45 62 76 76 62 61 60 58 40 77 91 74 86 59 49 158 207 221 222 234 209 120 115 124 122 111 107 109 98 50 47 30 15 5 0 
76 110 101 115 123 159 152 87 91 91 96 57 42 55 78 71 66 99 91 52 25 27 21 21 65 76 53 49 39 59 67 54 56 58 77 55 21 35 66 70 32 31 35 123 179 214 221 226 241 191 118 126 127 116 105 102 113 97 28 15 11 5 1 0 
84 119 97 89 105 136 161 105 95 78 93 104 85 47 41 61 96 134 111 56 41 52 41 30 68 80 68 67 44 56 51 42 44 54 68 41 29 66 79 56 35 36 23 154 199 229 224 233 242 180 126 128 130 118 106 106 114 85 13 2 3 3 1 1 
75 104 78 49 79 119 161 121 83 84 86 112 110 73 46 63 105 129 94 35 35 58 53 51 69 69 55 56 47 47 43 50 49 58 36 16 36 85 91 43 18 27 36 176 219 234 225 243 243 163 126 131 134 123 106 114 114 67 6 2 2 3 2 2 
91 94 58 38 65 106 143 137 73 81 80 87 90 78 61 58 85 98 70 33 39 54 52 76 94 66 48 50 63 60 54 52 39 60 32 13 46 77 90 58 9 8 51 171 228 239 231 247 240 151 129 137 134 123 112 115 108 54 14 8 2 2 3 3 
99 98 49 45 60 99 136 168 107 86 84 72 58 60 72 70 75 85 85 64 46 38 42 88 124 92 60 67 101 101 71 58 55 55 33 14 43 71 93 83 27 3 61 198 232 241 226 236 225 140 133 136 133 122 110 116 106 44 24 20 12 8 7 6 
83 90 56 54 56 102 138 168 156 100 105 113 82 74 85 93 115 129 92 59 51 39 43 88 104 82 80 104 132 121 71 61 78 52 26 10 38 68 72 70 42 8 78 223 243 245 229 238 208 126 130 136 129 121 113 116 100 30 22 31 34 30 24 9 
82 82 73 73 78 102 116 136 175 120 123 148 124 104 77 102 149 157 92 52 60 41 52 75 64 79 118 136 134 106 67 51 54 39 24 11 33 65 73 75 56 15 110 239 247 247 244 245 189 121 129 131 125 113 110 112 86 18 12 24 21 17 12 3 
88 75 70 69 82 89 104 106 162 150 137 149 132 111 55 89 135 122 71 56 58 52 90 78 69 114 142 129 116 86 69 48 45 48 34 33 51 70 90 99 82 34 147 242 246 249 249 245 173 117 125 128 122 106 107 108 74 27 19 9 4 2 0 0 
89 92 76 51 53 68 117 100 117 161 148 132 113 102 52 83 98 75 75 86 72 91 131 95 85 130 140 110 90 71 53 27 35 36 20 25 52 65 64 101 95 44 179 244 244 248 250 245 159 116 128 127 120 108 106 106 66 51 32 13 22 8 0 0 
85 91 80 48 39 72 121 80 70 163 155 100 93 91 50 73 82 65 97 109 107 150 165 115 98 129 125 101 58 67 50 12 15 24 6 9 44 58 59 110 78 61 210 243 245 247 251 240 155 125 129 126 118 107 109 104 52 33 28 31 32 8 0 1 
78 68 51 43 41 71 89 43 58 159 155 82 90 98 55 60 81 66 75 93 139 191 173 106 84 110 115 118 53 55 61 32 20 29 20 35 62 55 76 108 64 105 234 247 248 249 252 228 142 130 127 123 112 100 106 97 36 6 9 17 10 2 1 2 
73 52 36 30 40 65 57 31 54 143 156 78 87 102 64 55 79 62 44 66 147 193 149 85 66 83 108 117 53 56 78 69 65 66 52 44 47 47 77 87 72 134 239 248 250 248 252 218 120 122 127 118 107 98 105 94 31 7 8 6 14 10 2 2 


34 41 33 34 55 48 32 41 71 100 112 77 81 68 31 11 13 22 22 17 16 8 1 0 0 0 0 1 1 7 34 51 48 47 46 39 29 18 24 33 24 10 13 18 17 10 5 1 2 12 23 48 199 203 116 186 212 240 161 75 72 61 49 44 
55 53 33 38 66 34 22 49 72 63 60 63 78 65 33 12 18 22 20 16 14 7 1 0 0 0 0 0 0 11 49 72 59 38 36 33 21 9 11 22 16 4 3 6 8 5 3 0 1 9 19 61 206 200 113 197 212 239 142 79 74 67 58 49 
53 46 29 30 64 46 25 54 74 60 34 85 115 96 48 11 15 22 25 22 14 8 5 2 1 0 0 0 0 9 49 81 74 40 20 16 8 2 2 5 5 1 0 0 1 1 1 0 1 3 8 84 219 197 131 204 224 234 124 80 75 69 60 54 
30 73 49 17 65 53 29 60 76 76 56 116 138 112 55 17 16 28 36 35 25 15 13 8 3 0 0 0 0 3 29 65 71 48 17 5 1 0 0 0 1 0 0 0 0 1 0 0 0 1 2 117 223 205 137 183 239 225 105 80 78 71 60 55 
28 123 63 13 67 63 67 82 76 71 87 147 150 122 71 40 31 36 44 42 27 23 23 16 6 0 0 0 0 0 4 28 50 39 14 1 0 0 0 0 0 0 0 0 1 1 1 0 0 0 4 150 217 200 158 199 239 211 90 75 80 73 63 62 
38 134 65 21 90 120 118 112 87 64 112 174 167 136 80 58 46 49 65 48 28 28 26 19 9 1 0 0 0 0 1 10 29 29 11 1 0 0 0 0 0 0 0 0 1 2 2 0 0 0 13 176 220 201 203 219 234 183 69 68 78 78 71 62 
27 105 72 36 115 148 138 135 99 76 134 185 177 154 109 93 91 98 109 73 35 28 25 19 16 11 6 1 1 2 8 20 26 24 11 2 1 1 0 0 2 5 1 0 1 3 2 0 0 0 28 198 223 201 205 212 236 160 57 66 75 76 75 65 
10 60 64 44 93 103 133 150 99 108 154 175 171 168 152 142 135 131 122 79 42 36 26 26 39 40 28 13 4 5 23 38 36 26 13 5 3 1 1 1 9 21 9 1 2 6 2 0 0 1 51 212 220 205 207 214 241 129 52 62 73 75 72 66 
4 23 51 48 56 67 146 160 97 134 177 176 177 176 189 178 140 123 113 80 43 37 35 44 59 59 48 31 15 13 26 38 34 21 9 6 4 2 2 2 13 32 21 3 4 8 2 0 1 2 79 223 222 212 212 226 233 100 61 68 69 73 64 62 
6 22 67 74 69 86 161 161 97 138 192 190 173 158 200 194 133 117 118 77 35 31 36 51 68 71 60 43 28 19 19 20 17 9 4 3 4 3 2 2 13 35 33 14 11 11 4 1 1 2 112 228 219 208 220 227 217 79 58 64 64 66 63 61 
9 46 127 143 129 120 165 171 101 112 170 161 126 113 173 186 154 144 132 65 15 19 30 49 69 72 63 51 36 24 13 8 7 5 3 4 6 6 7 6 16 37 42 28 21 16 9 3 2 6 146 226 223 213 221 189 198 80 67 75 73 71 67 61 
8 70 177 193 169 147 162 156 79 68 117 106 94 108 148 171 177 158 124 63 15 9 18 36 56 66 67 54 41 31 16 6 6 7 6 7 12 16 15 12 17 36 44 32 24 14 10 8 5 17 175 194 206 214 203 198 174 68 64 65 71 72 62 54 
12 76 180 193 181 173 134 96 36 40 82 90 128 159 168 171 164 128 87 52 23 10 10 25 46 57 53 46 41 37 29 16 11 8 5 6 10 13 10 7 10 29 38 26 14 10 9 11 9 35 194 138 188 207 136 217 145 71 73 73 71 71 57 45 
18 54 131 158 187 186 92 41 24 44 88 119 168 191 186 167 126 76 42 29 22 13 12 21 34 41 38 36 34 37 31 17 10 8 7 4 5 6 4 2 3 20 28 12 3 3 4 7 8 61 202 128 205 201 147 225 121 80 78 72 62 63 58 37 
20 27 61 118 187 171 66 34 44 79 118 144 169 176 160 141 101 54 31 28 34 32 39 38 30 27 24 23 24 26 21 11 11 6 5 45 97 37 2 0 1 12 18 4 0 1 2 7 11 91 216 192 212 211 207 224 102 83 75 66 61 62 57 39 
20 22 31 92 156 128 64 74 115 125 134 145 148 136 106 93 74 50 39 43 61 58 56 46 27 25 18 13 13 12 8 13 12 2 3 84 236 181 40 1 2 8 8 1 0 0 2 8 16 123 209 209 211 218 229 211 92 87 84 73 69 57 47 36 
30 28 26 68 121 94 72 133 188 165 133 144 139 114 81 60 55 43 44 76 98 79 57 44 35 29 11 5 6 5 9 30 8 2 2 83 229 196 99 9 12 12 4 0 0 0 2 11 26 147 204 206 210 213 233 191 82 86 90 81 68 52 38 27 
38 29 24 53 99 84 74 151 196 158 124 146 148 103 77 60 54 55 83 116 122 84 59 55 50 35 10 2 4 5 20 27 4 2 3 80 166 100 53 24 32 25 6 1 1 1 3 15 37 168 210 204 215 210 239 157 77 85 89 79 61 49 32 22 
39 18 17 32 68 75 68 109 142 129 132 156 171 130 91 71 66 106 146 149 134 89 62 56 46 31 14 4 5 8 30 16 3 3 2 12 31 40 24 25 42 36 16 2 1 2 5 15 46 181 210 196 205 212 241 135 76 81 77 67 59 42 27 19 
32 10 26 37 49 78 86 69 109 139 170 165 176 158 116 106 120 155 173 148 118 77 46 30 20 21 20 11 9 16 27 5 17 12 3 21 37 48 24 21 39 52 40 9 2 5 6 12 57 186 203 188 205 218 236 120 75 83 73 63 52 38 24 16 
20 38 91 97 79 89 109 98 133 158 187 162 149 142 118 135 166 172 152 118 90 51 21 11 8 21 24 17 13 23 20 4 33 20 5 34 50 18 5 7 17 54 60 22 2 5 6 7 67 185 192 190 201 218 219 108 90 92 79 66 51 38 27 15 
47 93 156 156 114 85 109 134 146 136 167 147 121 105 103 146 177 146 99 81 77 55 25 20 16 21 23 18 15 25 13 3 24 16 13 58 49 10 1 2 2 21 62 31 2 3 4 3 86 180 175 177 196 228 205 95 91 91 76 59 49 42 33 17 
109 132 178 167 124 81 101 168 175 137 139 139 126 89 85 145 158 91 44 46 61 72 60 46 29 24 21 16 16 29 15 8 25 10 43 72 44 12 2 2 1 3 29 28 3 1 1 3 107 177 161 173 186 233 192 93 92 91 80 64 57 44 43 15 
126 128 156 138 108 88 115 196 209 156 122 137 128 77 76 129 116 45 17 17 32 59 66 56 38 26 18 14 14 27 13 17 19 11 68 72 46 16 3 2 1 1 4 19 13 0 1 9 118 168 150 177 190 235 165 100 103 102 96 81 70 59 51 9 
96 102 121 102 86 98 145 203 207 145 103 126 113 68 72 96 71 31 18 14 14 29 50 51 38 28 19 11 10 23 14 22 15 17 68 71 42 18 4 1 1 1 2 12 31 10 11 19 117 152 137 175 196 234 147 105 108 102 105 86 74 77 56 5 
87 104 124 116 91 112 164 187 167 112 84 107 93 62 57 71 69 53 35 22 12 9 21 28 28 28 21 10 5 19 16 15 17 19 32 51 37 18 2 1 1 1 1 3 40 62 49 35 117 131 135 177 200 228 132 111 111 101 98 84 74 74 47 2 
99 135 163 151 107 125 163 163 137 118 101 109 88 55 53 99 125 102 67 49 29 11 7 11 17 22 21 13 6 14 18 9 16 23 7 6 7 4 2 1 1 2 1 2 27 86 59 47 64 91 141 183 211 215 111 113 118 106 98 88 82 76 30 1 
100 152 180 148 105 122 146 155 157 151 124 121 87 56 68 126 155 122 86 70 46 20 9 7 8 10 14 13 8 11 16 6 4 11 4 2 2 2 1 1 1 2 1 1 8 56 58 73 21 53 132 184 217 183 94 110 113 106 101 93 86 74 18 4 
113 152 172 136 102 110 131 156 177 156 113 117 90 59 71 112 122 93 69 58 38 20 12 9 6 6 10 16 12 14 18 5 1 7 5 1 2 1 1 1 1 1 2 1 2 29 86 56 15 61 122 181 218 162 86 101 107 107 99 93 85 62 16 12 
131 148 170 176 141 111 122 155 172 129 88 108 103 68 62 77 69 47 36 27 17 13 14 12 9 7 9 13 13 21 22 5 1 3 3 2 1 1 2 1 2 1 2 1 1 5 26 10 5 58 119 186 224 143 87 103 107 109 101 93 85 61 17 17 
140 161 173 203 176 126 115 139 144 101 79 102 107 76 60 71 64 36 17 11 10 12 12 11 10 8 9 12 14 24 30 6 3 3 11 5 2 1 1 1 2 1 1 1 1 1 1 0 7 60 128 191 218 134 97 111 111 97 99 98 92 58 17 19 
129 165 168 187 174 145 121 122 113 89 84 99 107 95 82 88 81 48 17 11 12 18 18 14 10 8 8 10 9 21 29 18 13 3 20 8 1 2 2 1 2 2 1 1 1 1 0 0 9 59 142 190 214 126 113 119 116 94 92 97 88 44 14 17 
105 141 154 151 146 149 132 123 117 105 94 97 101 110 107 94 75 47 19 14 22 32 30 22 16 15 11 6 5 15 26 24 14 10 25 7 1 2 1 1 2 2 1 1 1 1 0 0 8 63 148 194 218 119 113 118 118 106 98 94 87 30 9 12 
96 135 168 147 130 137 131 136 138 113 94 92 87 113 120 94 63 36 19 18 27 36 36 29 25 26 20 9 6 13 21 29 28 32 15 2 1 1 1 1 1 1 1 1 1 1 0 0 7 61 148 207 213 116 117 124 120 107 102 84 75 19 2 6 
102 142 192 190 165 137 129 139 140 107 100 117 97 124 143 122 86 49 24 19 26 34 34 28 29 35 33 25 19 22 28 31 44 33 26 12 2 1 1 2 1 2 2 2 1 2 3 0 6 65 154 220 194 118 125 130 125 105 99 91 73 10 0 2 
108 132 194 209 177 138 128 130 134 107 107 145 126 143 171 152 108 59 28 22 26 35 33 27 37 50 51 44 50 46 36 38 38 33 57 34 2 1 1 1 2 2 1 1 1 3 6 0 6 75 164 229 171 118 122 126 123 110 102 99 70 5 0 0 
123 135 169 179 140 125 129 122 129 111 101 151 138 151 177 148 94 50 31 27 42 60 54 54 74 79 69 73 85 68 41 31 40 28 50 41 4 1 1 1 1 2 1 1 2 2 2 0 8 83 167 227 146 122 132 129 120 111 104 98 50 1 0 0 
144 152 141 129 121 126 137 124 131 116 108 148 132 137 150 107 64 44 37 40 66 81 85 95 113 107 81 84 86 64 39 30 41 16 12 39 26 2 1 2 2 1 2 2 1 1 0 1 22 88 161 222 133 126 132 128 121 108 99 90 33 0 0 0 
140 149 110 110 127 118 123 125 143 126 121 151 121 101 94 64 48 43 47 60 80 86 94 107 123 109 75 73 68 58 45 36 36 6 5 12 25 10 7 2 1 1 1 2 1 1 1 3 42 83 169 216 125 129 130 127 119 104 101 91 25 1 0 0 
117 131 85 95 119 95 91 111 141 119 117 147 121 77 56 50 45 46 75 93 94 83 81 88 103 88 64 72 78 76 57 51 35 5 4 1 2 26 28 3 2 1 1 1 1 2 1 5 54 93 193 200 117 127 121 120 114 101 97 89 20 1 0 0 
104 111 74 86 106 84 82 114 140 106 100 128 123 86 50 42 41 68 109 118 97 72 55 66 79 67 68 85 95 87 59 43 38 5 2 0 1 33 24 4 1 1 1 1 1 1 2 22 67 126 204 172 114 124 116 115 115 100 91 79 15 3 1 0 
101 101 83 90 113 95 98 134 155 121 98 100 106 87 50 37 46 86 119 111 75 51 42 55 64 62 73 86 101 99 75 43 31 5 2 1 29 87 35 14 5 1 1 1 1 1 3 43 75 157 219 159 109 125 117 117 113 99 97 73 16 5 2 1 
114 115 91 94 127 121 114 133 154 149 117 81 77 74 54 43 52 86 97 86 51 43 44 55 61 60 70 79 96 106 91 55 35 8 2 2 55 119 68 21 13 2 1 1 1 1 2 56 111 174 224 148 115 121 112 105 102 95 98 62 13 5 3 1 
138 132 92 104 118 122 117 127 147 164 127 75 65 64 55 52 75 97 80 67 42 41 51 67 70 60 66 74 87 96 81 62 62 17 4 2 30 134 124 44 22 5 1 1 1 1 10 82 150 199 220 128 116 122 114 101 94 89 90 46 8 5 4 3 
165 144 104 120 111 115 123 128 143 152 120 89 86 69 49 48 76 99 79 59 38 31 49 67 72 62 63 73 87 101 79 65 88 36 5 2 5 74 150 95 42 15 2 1 1 2 39 103 167 207 216 119 114 116 110 98 87 82 83 29 4 8 12 12 
164 137 126 145 133 113 139 145 141 147 131 114 110 77 49 52 65 80 85 66 29 19 38 54 58 56 59 73 86 94 74 65 95 59 12 5 5 84 158 127 67 20 7 2 2 5 50 133 172 210 201 108 115 104 102 91 82 78 75 31 33 35 35 34 
144 112 136 155 156 118 131 148 144 163 156 125 107 82 61 68 76 81 104 85 29 14 33 44 44 50 52 64 72 73 60 71 104 80 21 11 16 59 114 138 83 9 6 3 2 25 86 149 182 222 175 103 115 106 103 85 78 77 69 51 60 52 69 74 
113 99 133 132 151 137 108 124 130 158 151 109 92 87 69 75 85 91 116 96 38 23 30 38 42 49 48 56 72 76 70 87 102 87 49 16 12 39 111 127 61 7 3 1 4 61 121 159 188 232 155 95 105 103 100 85 76 77 58 52 56 56 76 68 
87 109 140 111 132 164 139 139 121 130 126 96 93 94 62 64 70 85 113 96 48 29 29 36 44 54 53 62 80 86 83 91 84 67 60 51 57 72 76 49 19 17 3 1 15 95 151 168 198 240 148 100 103 105 101 87 78 77 47 48 56 60 51 27 
63 122 142 130 135 176 174 164 127 119 137 132 113 104 68 58 66 84 106 95 59 29 29 38 48 62 69 70 75 80 76 81 71 61 57 81 101 101 81 21 4 4 2 1 43 135 168 183 211 234 133 106 105 104 94 80 76 73 53 70 68 67 39 20 
34 103 118 130 139 172 172 151 141 149 155 137 116 120 100 80 75 83 99 87 51 26 33 43 58 77 80 71 67 70 66 77 81 75 67 90 109 95 127 107 30 6 7 6 87 169 192 197 215 221 114 101 101 103 91 80 77 71 62 86 75 61 35 16 
23 76 103 133 141 171 157 120 138 162 144 89 85 115 127 98 82 94 105 78 39 28 40 49 76 94 79 64 58 64 69 79 90 90 90 94 82 71 121 140 94 43 40 40 142 193 210 211 226 202 97 87 95 94 82 72 73 68 61 83 65 38 16 3 
38 75 106 146 159 172 146 105 123 136 132 93 78 85 106 99 102 134 130 89 52 42 48 58 97 107 82 71 59 68 69 65 78 93 110 97 64 68 106 119 87 68 45 113 167 205 212 215 237 183 92 98 99 91 78 71 79 71 53 51 41 18 3 0 
57 90 99 116 142 156 153 119 121 117 134 143 127 91 81 87 120 165 148 93 57 49 54 68 108 113 92 86 64 64 61 62 74 85 102 82 65 96 114 96 74 67 39 146 186 222 215 225 240 168 101 102 103 92 79 79 84 66 34 23 23 13 5 2 
78 106 90 70 115 148 160 127 108 113 127 156 155 124 92 88 121 160 134 76 52 61 70 84 109 104 83 78 63 59 62 80 83 82 70 54 69 119 127 81 49 53 47 165 208 229 216 240 242 148 99 104 106 95 78 85 86 54 18 17 14 13 12 9 
107 116 81 56 96 143 161 137 92 104 115 134 140 132 108 92 107 130 115 79 73 79 81 103 123 96 69 66 72 70 74 83 71 78 53 38 78 121 131 94 34 27 53 151 220 236 224 246 239 132 100 110 105 95 80 83 79 44 28 27 16 14 10 8 
124 125 71 62 93 142 166 168 114 108 115 118 109 107 101 90 105 123 121 105 92 82 83 123 151 116 76 84 113 115 93 74 41 58 48 39 84 117 136 119 54 14 62 183 224 238 217 231 223 119 105 109 103 89 74 80 72 37 36 40 33 28 20 15 
108 107 65 72 92 151 173 176 147 118 130 134 112 97 94 106 149 163 131 101 93 80 85 125 141 114 104 128 155 146 99 65 32 39 48 44 79 103 109 105 67 23 77 212 239 243 218 231 205 103 103 107 97 85 75 79 65 31 40 51 54 51 42 21 
95 85 65 89 107 150 158 152 157 117 135 149 133 113 93 126 187 190 131 94 95 78 86 102 101 109 142 165 167 139 92 69 54 52 56 53 72 89 98 104 84 40 110 233 246 246 239 242 183 94 102 102 95 79 73 74 58 37 43 54 48 39 26 7 
99 83 67 84 105 131 145 131 156 132 138 149 140 118 76 123 179 165 115 96 94 81 101 92 94 138 170 170 153 115 89 78 77 79 75 76 81 90 116 132 113 60 146 240 245 248 248 244 162 90 97 99 92 72 69 70 50 60 63 50 25 8 2 0 
101 111 89 69 72 99 148 125 130 148 144 141 131 114 72 119 142 121 117 120 107 113 136 111 110 157 172 150 122 90 71 61 72 77 66 66 73 77 96 134 127 70 178 242 241 246 250 243 145 88 101 97 89 74 69 70 50 85 68 33 26 10 0 0 
104 117 98 63 49 93 141 100 90 152 143 118 117 114 79 119 124 103 135 144 143 172 180 138 124 158 161 130 89 89 73 45 52 61 42 37 54 68 88 139 112 84 210 241 242 246 251 239 138 98 102 100 90 73 74 71 46 62 41 30 30 9 1 2 
96 95 69 55 49 89 110 54 62 150 141 99 110 121 83 109 130 105 113 130 174 210 196 140 115 144 155 140 83 95 97 71 57 63 49 57 72 68 105 138 96 126 234 246 246 248 252 225 124 105 104 98 85 69 71 65 33 31 32 28 13 5 5 5 
82 71 44 48 59 85 77 36 49 132 136 91 101 120 88 99 131 110 83 103 179 213 177 116 90 119 148 145 88 96 115 107 101 98 79 71 67 61 100 112 99 157 239 247 249 248 252 213 97 94 101 91 80 67 71 62 36 48 49 24 23 34 12 4 


24 25 20 18 25 14 7 28 67 75 85 46 53 52 18 5 7 18 22 14 10 4 0 0 0 0 0 1 1 4 18 29 28 25 24 23 18 12 22 33 19 12 20 24 17 6 4 1 3 17 24 60 211 215 155 205 223 244 159 77 77 66 55 54 
48 45 24 23 29 12 11 46 69 45 41 18 28 41 26 11 15 19 17 11 8 3 0 0 0 0 0 0 0 8 42 58 37 15 15 18 11 5 9 18 10 3 7 9 7 3 3 0 2 18 25 81 219 213 145 212 222 242 143 83 81 71 64 57 
50 36 14 10 25 28 17 43 62 40 11 22 64 73 38 10 12 18 21 17 8 3 2 1 1 0 0 0 0 8 45 72 54 17 6 6 3 1 1 5 4 1 0 0 1 1 1 0 1 6 13 107 226 209 160 218 233 236 127 85 83 76 67 63 
19 45 37 4 34 32 8 22 45 57 22 66 100 80 30 6 7 19 35 35 20 8 6 5 3 0 0 0 0 2 24 56 58 30 6 2 0 0 0 0 1 0 0 0 1 1 0 0 0 0 6 141 228 212 164 207 245 226 108 83 84 77 66 63 
11 101 60 5 41 26 16 21 33 54 49 107 114 84 25 11 5 17 41 41 22 14 14 11 5 0 0 0 0 0 3 22 40 30 7 1 0 0 0 0 0 0 0 0 1 1 1 0 0 0 13 171 223 205 171 213 244 211 92 79 86 79 71 68 
19 118 56 10 55 66 56 48 48 48 65 121 127 89 19 5 4 21 53 40 20 20 20 14 7 1 0 0 0 0 1 4 15 16 5 1 0 0 0 0 0 0 0 0 1 3 1 0 0 0 25 193 223 207 211 225 240 183 72 71 84 83 74 66 
13 81 44 13 79 111 76 76 61 48 63 125 130 97 32 13 23 62 95 56 18 20 18 13 10 5 3 1 0 2 3 4 6 8 4 1 1 0 0 0 3 7 2 0 1 2 1 0 0 1 43 211 225 208 215 220 242 160 57 69 79 82 79 66 
3 29 23 13 64 71 81 110 62 61 82 104 100 99 67 61 70 98 103 49 17 22 17 16 27 26 17 10 3 5 10 15 10 6 3 2 2 2 1 2 13 25 8 1 2 4 1 0 0 1 70 223 223 211 215 222 244 128 52 65 76 79 74 62 
1 4 6 12 29 26 97 137 63 81 110 103 125 117 120 119 72 74 76 43 18 23 21 31 49 47 37 23 10 8 15 18 11 5 3 2 3 2 2 3 18 40 22 2 3 5 2 0 1 3 101 229 227 217 220 231 234 99 57 66 69 73 63 58 
2 5 15 28 31 27 104 139 64 85 148 147 147 110 150 162 64 52 75 50 14 19 26 40 58 58 43 29 15 9 8 6 4 3 2 2 4 3 3 2 15 43 37 14 7 6 3 1 1 5 132 231 223 216 228 235 217 78 53 61 61 65 60 57 
5 18 79 107 91 60 104 134 77 65 134 131 95 55 113 145 95 85 88 32 6 15 26 43 58 52 38 29 17 10 4 2 2 2 2 3 7 9 9 8 18 44 47 32 20 13 9 4 1 11 164 230 227 218 230 219 199 77 61 68 67 67 61 53 
4 34 137 166 133 95 109 129 66 25 69 65 44 40 74 125 150 121 80 23 6 14 22 34 43 40 36 28 20 13 7 4 4 3 3 5 12 18 19 17 24 44 49 39 28 15 9 6 3 25 190 207 217 221 216 218 174 65 55 59 66 68 56 49 
4 40 152 179 140 129 98 73 24 14 50 56 78 85 96 125 140 87 31 11 14 16 18 26 34 30 26 23 19 19 14 9 6 3 3 4 10 14 13 11 16 37 45 28 17 10 8 8 3 45 206 155 201 215 163 228 142 61 63 68 71 68 50 40 
8 31 111 133 138 162 67 21 13 22 72 89 113 124 132 115 78 27 4 3 13 12 11 18 24 21 17 14 14 17 14 5 4 6 14 5 4 5 3 2 4 26 34 13 3 3 3 4 4 74 207 141 214 207 166 231 115 70 69 64 57 57 48 29 
13 16 42 70 139 146 37 16 19 40 91 109 113 121 115 95 44 5 3 4 6 6 16 27 23 19 12 7 7 9 7 4 18 16 17 50 91 32 2 1 2 17 21 4 0 1 1 3 5 107 219 197 218 216 215 224 96 73 62 51 45 45 40 25 
12 8 11 38 105 94 29 32 72 67 78 105 93 85 51 47 18 3 3 5 9 8 26 34 19 14 7 4 4 3 3 20 36 8 4 102 238 170 34 1 3 10 9 1 0 0 1 5 14 141 214 215 218 224 234 208 84 78 71 60 53 37 30 21 
15 8 7 27 75 56 34 82 160 124 74 94 99 68 22 17 8 7 6 24 42 33 32 26 10 7 4 3 2 2 8 55 30 4 3 97 232 179 83 10 15 12 4 1 0 1 2 8 26 163 207 213 217 218 238 187 72 80 84 72 53 33 19 11 
22 10 11 30 70 42 37 109 182 133 82 94 95 51 23 26 26 34 44 63 71 46 26 12 4 7 6 2 2 2 31 59 24 5 4 100 170 91 48 27 38 27 7 1 0 1 3 12 40 181 214 212 220 215 241 152 68 76 78 60 41 27 14 8 
31 8 7 18 38 25 32 77 120 90 94 104 96 70 38 35 41 81 120 100 84 44 11 3 4 16 17 3 2 6 54 45 15 5 4 38 63 49 29 31 52 40 16 2 1 2 3 9 54 195 215 206 210 216 241 130 66 66 57 45 36 20 10 6 
28 3 10 19 15 20 49 38 79 85 120 114 107 105 54 52 87 134 158 107 82 47 7 3 4 21 26 11 6 18 59 34 32 19 8 75 109 77 32 35 46 55 39 7 1 4 4 7 67 197 209 196 206 219 236 114 62 65 49 37 24 15 8 5 
15 22 73 77 47 35 71 62 111 99 131 115 72 67 42 79 141 157 124 54 41 34 6 2 3 17 25 15 9 33 52 31 55 32 14 113 147 75 14 44 28 60 61 18 2 3 2 4 81 194 198 197 202 217 217 100 77 76 57 43 28 15 9 4 
29 68 150 142 82 40 67 97 118 77 110 99 35 25 36 104 163 130 50 7 11 19 10 8 4 9 16 11 7 40 41 21 51 44 46 168 155 63 14 29 7 25 65 25 1 2 2 3 99 187 183 185 199 228 200 89 82 75 52 36 25 16 9 4 
94 104 168 149 70 29 54 131 151 97 90 90 60 48 48 116 144 71 8 3 8 23 34 27 11 8 8 6 8 48 42 27 60 46 134 204 153 86 34 20 2 3 31 25 2 1 1 6 117 184 167 179 189 234 188 86 80 79 61 45 35 19 16 3 
113 95 127 82 17 8 47 163 204 141 95 119 94 55 49 99 98 30 4 3 6 20 35 32 17 10 5 4 8 50 41 43 55 57 184 203 162 107 44 4 1 2 5 14 7 1 0 12 127 176 154 184 190 234 158 97 97 94 85 66 51 38 26 4 
57 46 50 13 2 8 55 165 199 115 71 125 83 29 31 57 50 15 5 4 3 10 29 30 19 14 7 4 8 48 43 51 53 72 189 206 162 119 65 5 1 1 1 10 20 6 5 22 125 161 143 183 197 234 142 104 103 97 97 72 61 66 38 2 
26 30 38 35 10 29 78 138 136 53 39 98 48 10 8 27 41 22 7 4 2 2 9 11 16 19 12 5 3 41 47 46 51 59 109 171 160 120 32 2 2 1 1 4 31 49 33 36 126 139 143 184 205 227 128 110 107 96 93 70 62 68 32 1 
48 81 116 116 34 57 108 118 79 61 58 92 35 3 6 59 105 64 10 3 3 2 2 3 8 13 14 9 3 30 50 41 47 56 35 32 49 39 6 2 1 2 2 2 24 72 43 47 79 101 152 191 219 213 107 115 117 104 94 80 71 65 20 0 
58 114 152 121 28 58 98 108 107 122 95 104 35 2 16 93 141 85 13 3 4 3 2 2 3 5 9 11 6 21 47 34 32 41 25 4 2 2 2 2 2 2 2 2 7 43 45 78 25 62 143 194 225 178 88 110 112 104 99 89 79 60 9 2 
83 111 131 100 42 38 56 100 156 141 85 101 41 4 18 75 104 52 6 4 5 4 3 3 2 2 5 11 11 26 51 31 21 31 26 5 3 2 2 2 2 2 2 1 2 30 94 70 23 73 131 193 227 156 82 101 107 104 95 88 77 45 9 6 
105 107 126 163 121 47 30 86 160 113 53 91 66 14 7 26 36 14 4 5 4 3 4 4 3 3 5 9 13 35 57 31 18 18 20 12 6 2 2 2 2 1 2 2 2 7 36 16 8 71 131 199 229 140 85 101 106 108 98 86 74 43 9 10 
106 138 140 201 169 75 24 70 116 77 55 86 83 29 4 7 15 12 6 4 3 3 4 4 4 5 7 12 15 37 65 36 23 15 32 24 16 5 2 1 2 2 1 2 2 2 3 1 10 69 140 204 223 133 101 113 113 101 100 95 88 44 7 11 
88 157 146 176 163 93 22 51 65 51 66 86 88 55 23 21 20 15 7 4 5 8 9 7 5 6 7 12 13 31 67 53 39 15 46 28 9 5 2 1 2 1 1 1 2 1 0 0 14 71 154 203 216 128 120 121 119 95 92 96 88 34 6 9 
47 113 134 131 120 99 27 58 88 86 73 77 77 75 63 40 16 10 5 5 12 23 24 14 8 12 11 8 6 22 62 58 43 32 51 27 9 3 1 1 2 2 1 1 2 2 0 0 13 76 160 209 219 122 120 120 121 106 97 93 86 23 5 6 
31 90 151 122 96 90 43 85 122 95 55 58 47 65 82 50 14 8 5 7 16 29 29 20 16 25 24 9 4 11 48 61 56 57 39 18 6 4 2 2 2 2 2 2 2 2 1 0 12 75 160 220 213 120 122 128 125 109 102 81 70 13 1 2 
46 85 172 171 145 99 72 100 116 69 54 96 49 69 112 96 57 23 5 5 15 23 22 16 16 29 34 26 15 12 47 63 71 58 53 38 15 4 2 2 2 1 2 2 2 2 3 0 11 79 169 230 195 125 132 137 130 108 98 89 64 6 0 1 
82 65 151 197 166 108 81 90 102 64 64 142 82 95 156 143 93 37 7 7 14 21 19 11 18 32 35 37 46 36 50 66 63 59 106 70 14 4 1 2 2 2 2 2 1 3 5 0 12 94 179 235 171 125 130 134 128 112 103 99 59 3 0 0 
103 82 114 155 110 84 81 82 98 68 53 145 104 111 170 140 79 30 11 11 27 48 35 31 53 53 36 52 77 54 47 62 69 51 102 104 22 2 2 2 2 3 2 2 2 2 2 0 14 102 182 231 144 127 136 137 126 116 108 98 39 1 0 0 
125 130 98 89 86 86 92 86 105 77 63 134 101 102 138 97 50 25 15 18 51 67 58 71 95 76 37 57 74 49 40 60 73 37 38 120 97 8 2 1 1 2 2 2 2 2 0 1 36 108 178 226 134 132 139 136 125 112 100 86 23 0 0 0 
112 137 84 61 81 74 86 96 126 103 84 131 85 50 66 49 35 23 24 39 60 56 53 74 101 72 21 31 41 40 40 66 67 27 23 46 113 68 33 5 2 1 2 2 1 2 1 5 66 107 187 219 129 138 140 136 125 109 104 84 16 0 0 0 
84 125 68 39 73 59 66 74 117 95 77 119 76 17 26 37 32 25 56 78 72 35 21 39 67 36 7 29 45 47 33 69 65 22 17 4 13 103 110 28 5 2 2 2 2 2 2 13 78 113 208 201 122 137 131 129 121 103 98 81 12 1 0 0 
61 97 61 34 74 56 59 61 99 72 57 88 78 37 29 28 27 50 99 108 71 19 4 14 16 5 5 34 49 42 30 50 65 15 6 0 6 100 60 63 30 2 2 1 1 2 4 40 87 144 217 172 120 135 126 123 119 103 96 69 10 2 1 0 
57 82 76 48 73 54 66 93 121 76 48 46 62 55 29 20 26 71 104 92 41 8 7 6 2 2 4 20 37 41 40 36 55 16 5 1 66 197 77 75 72 5 2 1 2 2 5 63 96 173 229 159 117 134 125 123 117 103 101 60 10 3 0 0 
75 106 85 61 91 86 85 97 127 122 83 29 37 46 15 8 20 50 59 51 15 11 10 6 4 3 5 12 29 48 52 35 41 23 10 3 106 235 148 85 106 23 2 1 1 2 4 80 136 191 230 149 124 129 117 110 104 99 100 49 9 2 1 1 
106 121 80 88 84 90 86 88 117 159 113 45 40 34 6 4 37 56 18 13 6 10 11 21 22 7 5 10 25 45 44 37 52 39 19 6 60 218 225 130 127 57 7 2 2 2 22 113 175 213 224 130 124 128 119 106 97 93 88 36 7 3 3 4 
146 130 86 115 91 89 91 86 107 137 107 76 74 47 10 6 40 71 26 4 3 4 7 34 45 15 5 11 26 50 45 30 51 49 18 8 9 116 240 193 134 99 23 3 2 4 61 128 188 219 219 122 120 119 114 100 87 83 77 22 4 5 5 5 
159 122 117 134 130 88 104 98 95 126 125 106 99 56 22 27 21 40 45 20 3 3 4 17 25 7 3 10 24 45 42 33 56 60 31 14 12 123 234 217 131 99 70 9 3 11 71 155 192 221 203 111 120 108 106 92 82 77 66 27 33 20 9 15 
134 89 121 143 171 106 82 102 95 157 158 113 88 61 39 45 32 32 71 55 8 5 10 6 4 2 2 6 22 27 23 55 101 73 30 22 32 102 195 229 137 31 51 13 4 41 111 172 200 231 178 111 119 111 106 86 81 78 60 51 53 23 46 58 
101 78 106 112 155 132 41 61 62 138 145 93 73 74 50 56 41 26 75 71 19 15 23 16 8 4 3 4 26 24 16 68 90 44 33 25 30 88 204 218 108 27 15 3 10 84 145 178 203 239 159 106 112 107 106 91 86 81 46 38 30 16 52 49 
73 98 121 98 118 168 103 110 59 87 109 74 75 81 33 33 20 18 68 59 25 20 21 21 22 15 4 4 21 14 29 68 39 8 29 74 100 144 162 97 55 51 13 1 24 119 173 185 214 243 151 109 108 107 107 93 83 74 30 31 34 28 22 9 
39 112 132 132 124 185 170 163 85 52 111 124 101 95 34 16 21 35 72 54 23 10 7 14 31 33 11 9 15 8 29 53 34 23 32 123 165 180 130 25 10 9 2 2 59 158 188 200 223 235 134 111 107 107 97 82 77 66 47 54 45 45 18 3 
15 79 90 112 117 170 171 139 117 101 127 119 97 104 71 48 47 41 66 47 16 3 3 15 37 45 19 21 24 21 33 65 65 53 46 95 148 125 110 84 29 28 27 11 107 192 211 213 227 223 114 102 103 103 89 77 72 62 54 68 52 41 14 3 
16 45 51 84 105 162 156 101 122 132 113 53 59 97 98 67 45 51 72 38 7 2 2 12 52 61 29 31 30 37 59 80 82 69 74 75 63 31 82 103 54 41 92 67 161 210 223 223 236 204 95 87 97 95 83 70 65 54 43 62 39 19 7 1 
34 55 59 98 137 164 143 84 106 93 85 57 48 49 64 57 58 106 103 55 20 10 5 7 64 74 48 48 25 49 59 46 56 62 95 70 22 25 68 79 27 27 55 162 184 219 223 226 242 185 95 100 100 96 84 76 76 56 20 13 8 4 1 0 
48 76 65 76 117 132 153 108 117 86 92 118 108 59 31 38 84 151 133 68 39 32 22 12 63 82 73 70 24 40 32 25 32 47 81 55 38 74 90 64 42 47 41 171 204 233 227 234 244 171 105 106 107 96 80 85 80 48 9 2 2 2 1 1 
57 82 57 30 75 117 155 116 90 95 87 121 132 92 47 41 85 142 115 42 28 40 42 43 58 67 47 38 14 14 17 47 44 47 35 24 44 102 109 54 28 42 57 183 222 237 230 244 244 152 106 111 113 98 78 86 80 35 3 2 2 5 5 4 
90 89 45 24 52 107 146 135 67 81 72 61 82 93 69 42 66 101 84 37 36 46 51 85 98 59 19 14 31 31 41 58 36 52 17 9 49 93 112 78 16 16 64 170 231 241 236 249 239 140 111 117 110 92 78 80 69 22 6 6 2 4 6 8 
107 108 45 39 51 102 148 181 110 88 66 24 14 45 54 45 69 95 105 77 49 34 42 104 144 99 43 54 102 105 75 53 33 42 17 6 43 84 118 110 35 3 70 200 234 243 228 239 224 127 115 114 104 85 70 78 62 14 9 10 6 6 15 17 
76 94 49 46 51 112 165 184 159 107 96 88 41 31 38 65 128 156 110 66 57 39 40 97 118 94 85 116 154 140 70 42 53 38 15 5 41 77 85 81 40 6 91 224 244 247 228 239 205 108 109 109 96 82 72 75 55 9 7 16 18 21 29 15 
74 68 45 52 86 120 140 144 171 105 108 138 109 70 24 76 171 190 111 51 59 34 49 73 59 75 138 161 157 118 57 44 55 45 22 11 42 74 83 87 59 17 124 239 248 248 244 245 182 98 106 104 91 71 69 69 42 6 8 20 12 11 11 4 
79 59 38 40 91 104 128 116 161 137 125 140 119 91 17 69 153 146 80 47 47 40 84 73 51 89 158 148 132 89 63 51 58 67 44 47 69 79 105 116 90 41 162 243 248 250 250 246 162 93 105 106 92 64 63 62 33 23 24 10 3 2 1 0 
73 97 81 40 51 68 149 126 113 153 143 128 96 88 25 66 101 81 90 100 72 87 131 100 61 101 149 118 96 64 45 30 43 47 27 37 60 63 69 113 107 59 191 244 245 249 252 245 148 94 106 103 89 65 61 60 34 58 34 10 21 7 0 0 
80 109 97 38 23 73 154 98 58 149 144 88 80 79 23 55 72 54 113 134 125 164 178 120 75 103 130 103 53 70 48 10 19 33 7 6 34 53 65 123 89 82 220 245 247 248 252 240 143 105 104 99 83 66 63 54 23 31 24 28 32 7 1 5 
83 81 49 28 26 71 107 44 44 143 137 49 67 87 32 43 73 47 67 105 155 207 186 99 64 92 112 127 51 56 64 33 22 35 19 25 58 55 80 118 76 134 239 248 248 250 253 228 125 108 103 92 75 56 58 44 10 4 7 15 9 4 2 6 
70 60 22 12 38 69 69 31 44 127 137 40 52 84 40 41 73 53 19 45 150 205 153 63 39 58 104 132 58 61 90 85 83 88 66 45 48 42 71 87 87 157 241 248 251 249 252 214 101 99 100 86 70 53 57 40 14 10 12 6 23 18 3 3 