


23 26 24 22 35 38 31 41 61 68 60 58 42 46 44 30 26 25 40 66 36 10 16 20 12 10 8 5 5 3 3 3 3 4 4 12 22 20 8 6 73 209 220 228 234 213 212 240 251 252 238 218 238 251 239 178 152 123 120 123 124 132 150 141 
29 37 25 29 61 111 91 55 61 76 65 60 44 31 50 47 23 20 26 23 23 32 59 57 24 47 37 15 6 3 7 5 5 4 3 5 12 26 22 8 20 144 219 221 209 183 184 216 235 248 251 243 242 245 201 165 138 122 121 129 138 149 144 133 
42 48 34 66 152 179 171 139 122 114 83 60 50 40 49 49 19 11 19 21 27 43 60 48 25 21 7 3 6 10 13 3 4 4 4 5 5 7 15 18 14 133 212 224 224 216 225 236 235 235 241 247 237 207 167 137 118 118 122 136 145 166 148 124 
164 159 129 157 191 190 184 174 169 165 147 109 69 56 43 38 18 16 12 9 15 37 31 24 18 7 4 11 18 21 25 24 26 27 23 16 7 3 5 8 18 138 211 216 217 223 230 236 240 240 233 230 225 183 153 124 119 121 134 145 149 140 140 122 
173 176 179 185 188 186 183 177 169 170 163 151 102 49 35 36 26 17 14 14 8 21 25 29 28 13 11 24 22 23 31 29 28 29 30 30 27 18 6 2 7 90 194 216 226 232 238 244 245 247 243 225 210 168 126 125 128 134 149 148 133 127 122 121 
167 174 178 180 182 181 179 172 169 173 170 163 151 123 75 37 23 13 23 9 12 29 29 35 33 21 18 22 23 26 29 25 25 27 30 31 31 24 6 2 4 14 80 164 223 237 243 250 251 250 250 242 196 146 120 128 132 149 155 144 136 126 122 117 
160 161 163 167 171 170 176 174 173 185 179 176 168 158 142 99 44 23 21 9 14 38 36 41 40 23 24 22 22 26 33 27 30 34 35 37 38 20 6 7 8 10 14 35 75 117 162 214 238 242 238 234 190 132 124 138 142 138 134 127 129 131 122 123 
144 140 139 144 152 159 163 175 176 188 183 186 189 175 156 130 105 44 26 23 16 33 37 42 42 19 30 24 21 26 32 46 99 131 89 75 121 113 45 44 15 9 11 39 105 122 94 87 109 115 113 107 155 129 129 138 135 132 128 124 122 132 122 119 
137 133 126 130 135 141 155 168 178 189 187 190 192 187 163 137 127 84 27 19 20 23 20 40 47 22 33 27 25 35 53 104 202 225 214 189 199 184 148 139 89 49 18 57 145 149 100 79 78 70 89 119 156 133 122 133 129 129 128 124 118 117 121 123 
131 123 117 122 124 123 138 153 174 183 188 188 189 185 169 139 127 109 32 19 16 17 8 21 49 38 36 22 47 150 207 225 250 251 251 242 217 173 148 140 137 126 96 64 116 136 103 87 84 130 199 197 149 139 123 120 131 133 131 126 119 115 115 114 
127 128 127 123 120 117 126 143 156 172 187 191 193 183 163 142 118 64 19 15 12 18 16 19 26 32 32 34 50 175 245 251 251 251 250 251 251 241 210 168 139 124 136 99 81 75 69 80 125 188 134 117 143 153 140 118 123 128 132 138 137 122 115 113 
134 135 135 126 117 116 119 123 137 155 173 178 169 154 141 136 99 15 11 12 19 28 28 27 30 19 11 25 40 96 230 250 248 244 246 246 237 229 240 226 179 124 116 95 56 12 22 95 142 96 75 86 130 140 149 144 129 121 127 131 143 139 125 119 
135 141 141 134 115 115 117 108 121 139 151 127 95 93 111 102 73 9 12 18 27 27 28 31 36 26 23 39 44 98 230 252 244 221 199 179 172 166 163 156 144 121 94 80 51 12 51 87 111 90 95 91 116 133 137 151 155 147 131 129 127 141 152 145 
145 150 145 134 122 114 100 95 108 119 109 100 81 77 103 97 61 31 22 16 22 26 30 31 34 38 48 67 68 113 215 244 251 250 237 185 159 162 145 125 114 109 112 103 108 56 55 51 72 96 92 69 97 122 123 132 138 156 156 138 129 135 149 154 
147 148 142 132 108 86 86 88 92 98 92 97 87 74 94 108 57 41 30 20 14 20 26 32 34 39 38 48 41 48 138 215 244 249 249 232 171 154 153 153 143 116 120 128 117 87 75 96 95 113 106 23 53 118 125 144 137 132 148 170 162 152 137 143 
157 149 140 125 107 92 87 86 87 96 90 96 82 84 95 105 56 39 30 22 14 22 52 69 66 34 19 17 9 9 43 132 212 244 243 240 209 142 120 123 153 192 199 196 187 168 160 151 146 141 140 77 43 92 115 128 145 143 134 140 165 171 136 119 
143 133 127 114 76 74 86 86 96 103 94 98 83 90 113 107 51 33 29 22 19 21 35 58 136 119 36 11 6 7 13 37 95 165 217 232 226 171 111 77 65 142 229 241 237 224 208 195 179 170 157 140 104 89 119 136 129 131 141 146 150 141 130 121 
83 72 64 64 63 64 73 81 89 104 93 99 94 101 109 102 40 27 26 27 20 14 24 56 103 163 183 116 89 98 97 111 115 119 135 142 128 109 82 57 51 89 212 238 242 238 240 246 246 242 226 193 152 119 124 125 121 122 125 143 148 152 136 114 
90 92 78 65 73 69 30 47 73 55 72 97 96 115 131 85 30 22 28 26 20 16 16 35 53 107 186 218 224 222 207 185 165 144 128 112 91 41 41 46 93 194 242 250 251 250 250 250 252 251 251 247 215 151 124 124 122 122 131 136 142 158 143 127 
86 90 87 88 102 96 67 71 52 63 52 79 92 116 124 61 26 27 33 33 33 34 30 42 37 70 178 171 181 212 235 234 224 192 160 117 62 33 49 77 165 241 247 249 250 250 251 250 252 252 252 251 250 213 143 131 125 124 129 125 133 148 155 151 
57 60 85 106 76 55 61 71 72 73 73 73 80 111 81 42 27 32 35 62 113 126 135 165 178 175 220 189 175 186 216 209 204 192 168 157 125 75 68 98 217 237 242 249 250 249 249 248 251 253 253 253 253 233 155 128 125 126 131 122 126 138 149 155 
54 62 91 100 53 38 42 62 69 74 101 78 67 71 57 48 33 33 31 17 30 51 74 105 166 224 236 227 222 224 220 201 182 168 158 149 142 119 67 62 191 242 246 248 249 250 250 248 249 251 252 252 252 231 186 133 129 132 135 131 128 125 131 126 
75 77 88 74 44 54 53 72 71 73 88 61 57 57 53 59 63 60 47 51 118 183 210 230 240 247 248 247 240 231 226 226 217 204 192 182 158 137 124 62 144 214 237 248 251 252 249 249 249 249 251 251 234 185 132 114 134 147 164 148 151 146 134 120 
98 91 91 64 46 49 52 70 72 75 80 56 51 47 28 24 46 61 101 200 241 248 248 249 248 249 250 251 251 250 242 231 225 214 200 186 177 156 136 119 154 179 178 217 250 252 251 245 243 235 221 190 152 100 48 47 113 137 125 139 148 139 135 133 
116 102 86 52 59 50 58 67 71 77 75 54 51 40 33 46 64 42 159 245 248 248 249 251 250 249 250 251 252 253 252 248 240 226 209 192 179 165 139 117 97 116 143 169 227 249 244 236 224 202 185 146 101 65 47 52 76 136 159 117 106 106 101 96 
114 111 76 41 68 63 65 68 71 86 58 30 27 15 34 70 59 32 75 193 246 249 249 251 249 249 251 252 252 253 254 254 252 242 225 201 182 163 138 97 68 75 80 110 155 224 236 232 215 181 142 112 68 62 84 77 67 92 141 146 106 101 106 103 
79 69 83 54 50 75 81 83 72 88 48 17 16 24 51 72 62 78 49 103 236 247 249 250 249 250 252 251 251 253 254 254 254 253 245 222 190 157 127 77 99 141 107 85 101 133 150 137 106 73 58 76 84 86 78 54 62 111 110 112 113 106 93 85 
137 57 36 43 45 57 77 86 77 92 49 15 12 25 61 74 64 99 126 157 236 248 250 250 249 251 251 251 253 253 254 254 253 254 254 247 225 185 139 108 156 163 161 150 146 141 147 163 119 64 60 69 62 33 10 17 58 85 89 96 102 107 104 90 
153 77 34 31 46 43 43 69 86 94 43 19 13 17 67 74 48 39 52 82 173 244 250 250 250 250 251 251 251 252 253 253 252 251 253 253 248 216 192 197 198 197 191 181 169 157 148 147 135 27 12 12 10 7 11 54 74 75 75 84 103 108 111 89 
139 34 31 32 50 42 33 43 69 74 32 35 22 24 65 80 44 28 23 23 62 179 243 248 250 249 250 251 251 251 251 252 252 252 252 250 228 199 209 214 221 222 212 202 192 180 167 144 89 16 9 9 11 11 34 55 56 54 54 73 103 112 114 98 
90 25 29 34 40 36 30 33 47 45 12 30 44 47 56 81 44 24 20 45 69 93 184 244 248 250 250 251 251 250 248 252 252 252 245 227 214 223 231 235 236 226 222 227 217 210 195 166 119 48 28 18 12 23 44 42 40 36 40 61 98 99 100 92 
34 28 41 22 32 37 38 35 47 46 23 46 50 52 51 57 36 27 46 67 66 60 64 164 239 250 251 249 251 251 250 251 252 245 214 206 223 242 244 243 245 236 222 240 232 221 206 182 150 76 76 90 35 40 47 43 44 39 41 52 83 92 89 87 
23 25 31 20 28 42 43 38 51 48 41 53 56 65 62 55 52 54 58 63 56 31 18 51 157 229 244 248 247 249 251 250 241 212 204 219 229 238 244 246 248 246 227 235 233 219 206 187 162 97 81 142 76 37 44 44 42 41 41 48 63 80 79 80 
31 26 23 19 21 33 40 39 49 46 35 56 66 69 67 55 56 57 57 46 31 27 22 71 107 147 164 193 217 234 241 235 223 208 205 212 228 236 243 246 248 249 235 215 226 216 197 177 155 115 95 141 102 45 80 72 59 49 41 38 45 55 57 60 
36 31 24 21 36 45 43 36 39 46 50 70 67 70 67 58 55 55 68 68 74 90 73 83 95 103 93 118 157 198 197 142 131 194 200 204 224 240 244 244 246 246 243 231 222 214 198 179 163 139 114 85 96 66 141 147 136 117 93 72 64 60 46 30 
30 35 35 27 30 47 54 49 40 41 50 71 67 76 69 48 41 65 113 124 136 138 125 99 96 94 91 108 116 123 76 37 66 192 226 219 208 226 238 242 241 237 233 226 213 199 183 164 132 105 108 96 71 62 101 114 129 138 132 119 103 84 70 47 
18 16 28 31 34 40 45 51 50 46 42 68 71 74 76 62 37 62 136 138 141 147 141 104 101 99 98 97 92 95 68 53 61 166 232 241 209 206 224 231 233 235 226 217 205 189 180 150 95 58 101 79 42 40 47 47 62 128 162 141 123 106 84 70 
16 15 12 18 25 33 46 51 56 52 44 60 75 71 71 69 49 53 125 137 138 148 143 107 104 107 105 101 101 105 76 65 83 142 185 225 218 188 197 205 210 219 216 205 193 174 158 124 63 45 52 37 37 39 45 54 48 78 150 170 147 119 101 81 
11 18 15 15 16 40 56 57 59 54 38 35 63 88 67 69 58 75 109 131 134 145 150 147 155 159 154 143 120 104 99 114 114 72 98 114 192 199 195 186 183 180 174 161 149 138 131 103 70 56 66 70 63 57 55 64 71 80 106 151 162 133 114 109 
16 29 20 9 14 35 53 55 60 59 45 36 96 164 151 102 57 54 54 83 109 158 182 193 195 192 185 174 149 108 104 83 77 38 25 26 97 131 181 168 121 128 125 106 106 98 85 77 74 72 69 96 140 147 132 105 66 75 101 118 142 137 124 131 
35 39 19 10 10 10 31 77 69 54 44 57 132 181 182 103 43 38 31 70 138 197 206 209 206 202 189 169 152 132 158 166 153 114 60 21 41 61 82 141 137 92 107 98 96 96 88 85 82 87 86 87 111 139 163 171 151 125 132 135 131 142 143 138 
105 92 51 50 28 15 33 101 76 48 48 63 144 181 172 80 36 34 61 144 198 209 216 217 219 216 199 177 157 150 183 192 175 152 126 110 121 123 124 132 165 172 152 142 142 146 139 137 138 146 153 161 170 166 159 161 174 183 193 190 173 158 160 154 
153 129 89 67 40 23 27 69 82 50 52 54 123 177 117 87 95 130 176 196 199 206 207 217 229 232 224 202 183 160 186 207 188 159 136 144 167 168 167 165 164 168 174 173 168 164 156 147 148 163 173 175 166 151 149 153 145 147 139 125 107 115 131 126 
96 103 73 33 21 22 65 76 80 41 40 41 102 137 106 153 186 178 174 180 194 190 201 218 226 231 224 206 184 150 166 194 180 147 99 64 54 56 71 80 79 80 85 103 110 108 102 97 100 107 114 135 139 139 139 125 108 101 92 93 94 98 111 98 
39 46 69 50 35 60 109 103 89 52 46 52 46 45 55 102 140 115 139 142 164 181 190 199 201 200 194 178 159 123 134 153 128 76 21 8 9 10 19 49 66 70 78 92 109 109 108 105 104 99 96 101 104 100 103 108 108 106 106 103 101 106 106 93 
32 45 48 45 29 61 78 71 73 61 57 52 36 42 49 81 125 97 111 132 136 144 164 182 188 184 170 154 130 102 117 107 65 14 4 4 5 5 3 11 36 58 75 86 108 114 107 106 105 99 101 104 96 90 103 114 104 105 107 105 106 113 106 95 
29 33 32 27 28 46 44 58 67 62 69 54 33 38 46 39 70 82 83 90 104 110 103 93 129 136 127 113 107 112 119 105 78 17 8 20 27 24 13 5 3 7 20 27 56 104 106 107 104 100 101 105 99 99 109 101 99 98 103 103 104 108 102 85 
21 20 18 16 41 31 43 63 60 73 95 80 55 37 55 47 37 32 39 37 30 26 29 46 102 96 96 98 98 103 102 93 87 23 21 34 36 37 30 20 5 2 2 2 9 46 98 105 102 99 103 101 99 103 100 101 103 102 111 107 106 96 68 27 
57 19 20 25 43 39 55 58 59 102 116 93 72 60 64 39 22 13 20 26 21 10 9 41 106 104 101 93 90 105 96 95 98 32 29 36 34 35 34 26 3 1 1 2 6 18 44 94 102 99 99 98 96 95 99 105 104 110 114 102 84 57 33 13 
156 92 88 57 59 50 62 62 58 74 65 70 70 71 73 66 33 15 11 16 18 7 4 27 96 104 98 94 91 101 101 113 105 44 51 70 77 74 63 41 7 1 1 2 10 34 20 28 60 83 96 101 101 103 102 104 99 94 80 64 50 39 39 38 
87 66 49 67 69 51 65 55 55 53 55 56 56 90 98 95 57 11 6 11 15 6 4 29 102 100 93 98 111 115 120 135 129 134 154 167 171 164 137 100 52 15 37 32 45 47 37 27 14 16 35 53 53 46 47 40 24 37 60 65 55 52 53 50 
50 57 36 44 55 53 61 45 27 42 42 35 32 38 48 60 31 4 7 14 13 7 5 20 97 104 101 103 112 126 153 184 205 227 239 240 221 184 149 121 96 75 127 131 71 49 33 29 26 9 10 15 13 8 5 3 4 41 70 71 76 59 58 54 
28 43 29 39 45 37 83 53 28 44 37 32 23 22 35 43 23 7 6 13 17 12 5 19 98 113 108 129 159 191 224 243 245 241 230 201 171 155 149 142 131 103 98 144 135 98 42 26 27 29 34 35 35 26 28 23 20 56 82 69 62 51 53 56 
31 35 29 54 68 21 70 50 38 45 28 18 13 15 24 25 23 16 12 15 21 20 8 15 53 104 126 169 215 242 248 247 243 228 197 181 174 172 168 161 153 135 102 155 160 136 88 71 81 84 88 86 91 83 87 87 93 121 159 129 108 110 111 116 
60 44 44 45 26 16 37 42 54 56 19 13 9 14 19 14 19 24 15 21 25 28 21 15 44 115 166 210 244 247 244 235 217 204 204 209 211 200 193 174 168 150 106 146 160 138 102 106 133 137 140 142 145 139 137 141 142 142 143 146 147 136 126 122 
68 110 142 137 41 36 45 51 68 72 32 20 18 20 23 10 13 20 14 23 25 27 42 76 111 150 168 225 242 232 211 197 191 196 201 211 214 198 182 167 158 141 99 135 151 126 70 49 57 59 57 56 58 51 47 49 52 69 106 120 127 128 120 113 
101 177 202 118 35 45 59 67 68 67 60 19 31 33 30 21 12 14 12 20 24 26 44 86 120 172 189 193 189 182 184 182 181 189 196 203 196 177 165 150 138 119 70 101 120 80 34 31 32 32 34 38 40 37 40 44 72 121 152 163 193 180 141 124 
182 203 209 130 31 46 74 77 66 64 70 26 34 35 36 28 14 20 20 19 24 28 35 46 48 67 73 83 111 143 179 194 176 174 171 172 172 168 155 142 125 94 64 77 52 39 33 40 35 31 40 48 43 37 58 100 151 177 183 221 235 169 136 126 
149 201 215 181 57 45 77 66 60 68 66 32 31 34 34 27 11 16 29 28 24 29 56 69 43 71 69 74 78 107 115 159 174 158 161 175 165 151 143 128 101 60 50 41 35 31 32 43 51 52 49 53 47 72 107 166 188 214 220 244 205 144 133 131 
68 177 217 219 150 53 63 54 47 66 60 44 33 33 36 38 34 33 31 26 25 28 57 43 60 122 117 116 105 93 107 116 113 117 131 124 126 118 101 76 48 34 24 23 51 54 44 49 52 49 47 52 81 101 140 188 226 245 248 228 174 146 136 134 
45 141 216 219 213 146 72 68 70 80 53 37 24 27 31 29 32 36 38 30 22 20 32 27 74 128 123 118 121 110 89 84 83 82 79 57 49 39 27 17 21 21 11 12 51 69 65 58 55 53 50 48 93 146 191 221 246 241 220 191 189 197 202 203 
41 96 170 163 145 93 41 52 49 57 56 33 22 22 33 35 34 36 33 33 25 20 18 27 83 127 127 126 127 117 112 101 92 74 30 8 8 15 22 11 8 14 13 63 151 160 123 67 63 54 51 70 130 206 223 239 235 220 223 239 248 248 242 233 
39 35 47 117 101 28 27 31 35 38 72 105 107 44 41 56 32 32 31 34 24 39 44 65 123 138 141 144 137 129 124 101 101 97 47 3 3 4 8 16 11 17 22 77 171 178 152 79 64 57 76 134 215 218 225 232 234 244 248 251 249 251 249 245 
35 31 29 105 90 25 26 19 23 66 152 144 78 35 51 62 32 18 37 41 40 48 56 129 149 147 149 145 143 134 132 105 94 100 74 12 2 3 6 7 10 29 41 117 173 179 174 112 82 110 127 176 215 203 231 236 246 245 245 251 250 251 251 249 


39 47 48 43 55 50 35 54 80 85 80 81 68 70 60 42 48 47 50 61 41 14 18 21 21 15 17 12 11 6 7 12 9 14 15 18 23 23 12 16 68 173 183 193 202 175 184 223 224 205 175 158 193 234 233 162 157 150 153 155 157 163 180 174 
45 59 46 47 71 97 81 60 72 89 82 80 64 50 72 65 43 36 31 37 34 21 31 36 22 26 32 18 13 11 12 7 8 12 16 18 20 28 26 12 22 120 180 180 165 136 137 173 200 221 217 189 215 235 187 158 150 149 154 161 168 174 175 166 
42 54 43 65 124 142 137 114 108 109 91 75 66 58 70 66 34 24 33 35 28 29 34 33 28 23 18 15 19 26 27 6 7 11 17 17 16 15 23 22 18 110 169 180 174 158 161 187 184 180 202 214 196 164 153 146 144 150 156 167 174 190 177 160 
125 121 99 119 146 144 142 137 135 135 124 98 80 76 65 58 32 29 27 22 19 35 38 36 33 20 19 24 34 40 43 39 45 47 42 30 17 13 15 12 21 112 166 170 168 169 181 192 186 181 170 181 175 149 161 152 153 155 163 175 178 172 173 158 
125 127 126 131 138 140 137 136 130 132 131 123 90 57 48 52 39 32 23 20 14 34 44 49 50 27 24 41 43 47 52 51 53 55 57 57 51 34 12 4 9 74 149 174 184 186 190 202 209 197 191 171 165 157 145 157 160 165 177 178 165 162 157 158 
100 103 93 103 122 130 130 124 121 130 134 126 120 104 70 44 34 21 28 14 22 48 51 57 58 42 35 42 44 47 51 45 46 52 54 55 55 42 8 4 9 18 71 133 173 194 195 210 212 193 198 191 161 146 145 160 164 178 184 175 168 157 155 155 
63 64 61 64 84 105 113 111 95 109 121 128 121 122 117 85 49 33 31 17 27 60 60 63 65 47 41 41 41 46 53 46 50 53 55 58 58 30 8 14 19 22 25 44 73 90 134 177 205 192 188 187 169 144 156 170 174 171 167 162 161 162 157 160 
57 54 54 47 44 68 87 99 97 95 110 121 124 114 118 102 90 51 39 37 29 49 59 64 67 41 49 42 38 43 50 56 91 121 94 67 79 71 25 35 24 20 21 33 42 31 73 86 108 112 109 96 150 149 161 170 168 165 165 161 158 165 160 157 
61 54 38 19 33 56 66 82 95 102 110 115 125 123 119 107 105 78 38 32 36 37 35 56 68 40 52 45 40 44 48 60 80 105 126 137 137 136 119 116 81 47 26 27 25 31 81 87 89 81 92 106 153 150 154 167 164 163 164 161 155 154 158 160 
47 30 14 21 33 48 47 55 88 107 116 117 121 130 125 104 102 97 41 32 30 31 16 28 67 56 53 34 44 75 77 88 97 111 124 147 162 174 164 156 141 121 94 51 44 40 84 93 91 119 164 161 146 157 155 157 165 166 167 163 157 153 152 153 
35 26 29 48 41 36 31 49 75 101 120 123 117 123 114 103 96 63 29 26 24 34 31 31 40 41 49 48 46 76 83 104 119 124 132 147 141 163 190 176 150 129 132 99 74 42 51 81 113 157 96 83 150 174 169 155 159 163 168 173 171 159 153 151 
75 60 43 55 27 24 26 24 45 84 112 109 105 110 115 101 80 18 19 21 31 46 45 46 48 29 19 36 48 55 89 112 129 135 149 162 150 141 151 173 172 132 124 95 63 16 26 87 110 73 62 75 140 164 178 175 164 157 162 168 177 170 157 150 
136 104 60 43 31 31 40 19 37 71 107 110 106 112 121 74 50 8 13 23 38 44 44 48 54 35 19 31 41 48 64 82 114 128 142 155 157 160 151 140 146 136 106 87 59 17 62 85 108 105 109 102 137 163 171 182 185 178 165 165 164 173 180 175 
121 95 77 37 33 39 34 19 18 41 99 120 110 107 125 99 56 32 19 16 23 29 36 43 50 43 34 45 52 79 82 70 89 112 135 151 163 173 163 146 134 128 127 118 128 64 65 60 82 117 103 72 113 155 160 167 173 186 184 171 165 169 178 183 
86 78 73 58 35 16 11 18 20 52 110 120 113 103 119 126 66 50 40 28 21 31 42 46 50 43 28 34 30 41 114 114 98 95 119 161 163 164 167 161 146 127 140 151 145 107 84 108 104 105 98 27 68 150 160 175 170 166 179 196 191 181 169 175 
95 87 78 64 49 30 17 21 22 79 116 120 112 112 122 126 71 53 46 32 19 29 54 77 78 41 17 12 5 6 42 117 132 120 124 137 154 149 139 139 159 193 179 165 163 145 129 134 148 132 130 77 55 123 151 161 176 175 168 173 193 198 168 156 
104 92 80 71 58 55 39 26 42 86 118 125 112 115 135 127 68 49 44 33 25 29 44 63 139 120 38 13 5 7 12 39 86 120 139 153 160 146 121 90 75 145 165 133 152 152 153 167 179 177 165 148 110 110 155 167 164 167 175 176 178 173 163 156 
54 65 67 68 69 65 43 43 53 88 115 124 120 124 131 123 56 38 35 36 29 19 28 56 103 163 182 115 87 99 98 106 97 94 109 129 125 109 86 58 48 65 122 120 125 124 126 163 205 193 176 179 160 136 157 161 158 160 163 176 178 179 169 154 
43 53 63 61 73 75 27 43 62 51 86 122 120 136 149 105 37 27 40 36 27 20 20 40 60 107 157 196 220 220 205 182 161 141 120 104 85 41 45 48 71 83 85 100 129 128 150 185 202 189 160 157 167 152 152 158 156 157 165 171 176 186 174 161 
47 47 46 44 56 57 36 56 43 52 54 99 113 135 145 80 31 31 43 36 31 32 32 46 44 50 135 166 182 214 233 229 217 186 158 113 61 45 58 74 89 85 80 96 116 126 141 123 122 141 148 133 124 136 147 158 158 159 163 162 169 179 184 182 
74 74 94 109 67 33 28 32 29 31 39 58 83 122 100 56 29 34 40 42 85 114 123 157 173 153 166 179 156 161 175 174 163 158 153 147 119 73 68 80 89 70 64 82 112 138 137 125 121 139 141 139 131 128 142 153 159 161 165 159 162 171 178 185 
75 80 110 120 71 55 58 78 76 65 63 40 26 36 33 33 23 27 35 17 21 34 44 64 102 157 196 217 222 219 211 200 188 178 172 158 142 104 55 50 63 70 69 71 98 127 137 106 121 133 135 138 141 150 159 156 164 169 171 167 164 160 163 159 
94 96 105 92 66 77 79 97 97 98 98 69 54 42 26 19 19 19 19 22 53 76 70 83 105 136 169 200 224 228 230 238 234 220 207 196 173 141 83 38 50 55 63 94 94 113 146 105 110 122 123 126 134 132 119 134 167 180 193 181 183 179 168 157 
111 109 107 79 65 75 81 93 97 99 99 70 65 63 38 23 39 33 34 87 112 111 112 125 155 182 201 221 236 237 227 228 232 230 225 208 191 164 123 58 34 27 24 72 120 136 141 114 96 111 115 126 132 101 56 67 144 172 164 175 181 174 172 168 
131 115 102 67 76 75 86 94 98 101 93 69 65 57 47 65 82 39 73 131 149 110 139 159 178 182 213 222 235 244 246 244 238 235 232 218 202 177 137 82 49 32 21 20 65 123 146 153 92 77 91 122 109 69 42 44 84 161 186 157 146 146 143 140 
126 125 91 60 82 81 89 96 99 109 75 41 35 21 46 96 75 31 39 106 116 109 141 166 187 193 221 229 234 238 251 254 252 245 238 225 209 179 142 87 64 65 55 47 51 102 125 161 156 133 106 96 71 56 62 45 44 101 164 176 146 140 143 143 
90 87 97 74 68 88 99 106 101 112 63 23 21 32 70 100 69 60 42 54 119 106 135 179 210 221 233 231 231 242 252 254 254 253 248 236 215 182 142 85 111 141 101 83 89 116 135 130 97 64 51 69 80 85 74 45 49 113 136 148 151 147 135 129 
143 78 59 65 65 75 93 107 103 112 65 24 17 31 84 102 74 83 119 128 145 125 116 162 207 223 240 233 237 245 250 250 249 249 251 248 228 194 155 126 176 176 166 153 150 150 154 166 113 56 55 69 63 35 12 24 78 117 125 132 138 143 141 133 
160 94 59 57 69 68 65 91 108 112 57 31 19 22 87 102 63 42 47 72 135 151 128 135 190 215 222 225 231 235 238 235 233 235 232 229 227 204 199 213 210 210 210 205 195 182 169 162 143 30 22 23 21 17 23 77 106 109 110 120 139 140 142 127 
152 49 54 57 75 67 60 69 90 94 48 54 36 35 85 104 53 30 23 20 50 122 142 129 156 190 204 206 220 211 211 231 225 222 220 209 209 207 227 231 235 241 236 227 218 203 180 153 98 19 18 22 23 25 54 83 84 83 86 106 138 142 142 124 
110 41 48 60 66 64 56 58 72 65 24 48 65 71 80 99 49 29 25 54 79 84 118 137 137 158 177 180 189 207 199 211 214 200 193 210 226 236 241 248 248 235 238 243 232 221 200 168 126 56 34 29 25 39 65 65 63 59 65 90 130 130 130 120 
49 43 56 39 54 68 69 65 76 69 37 70 75 77 75 68 37 33 61 83 80 69 40 90 129 122 141 161 158 162 168 171 172 169 199 226 240 249 251 250 251 236 230 248 240 228 209 182 151 88 97 110 44 56 67 63 66 61 65 81 114 124 121 117 
29 34 48 36 46 71 75 69 79 72 60 78 81 89 85 68 52 70 79 82 72 36 11 32 110 143 140 159 140 121 118 125 150 199 228 241 247 250 250 251 251 245 225 242 247 241 225 197 168 110 105 171 94 43 55 63 63 62 65 73 91 111 114 112 
49 42 36 34 37 54 70 71 77 72 54 78 89 91 89 79 76 79 78 64 38 28 26 78 110 142 145 146 142 153 164 190 217 225 230 235 244 246 249 250 252 250 228 217 239 241 225 200 182 139 122 172 128 55 90 80 72 62 62 57 69 85 90 94 
53 50 34 25 55 68 65 62 68 71 71 92 91 91 88 82 79 73 70 57 59 76 67 91 111 121 112 122 143 181 189 142 130 177 185 210 230 244 248 246 247 247 242 228 229 222 209 192 183 157 133 111 120 79 155 152 135 114 94 74 78 84 71 58 
47 52 52 39 47 72 78 74 66 62 71 91 91 96 89 70 60 60 82 91 106 112 103 104 116 115 114 120 121 124 82 42 65 164 189 209 204 224 236 239 239 237 237 233 228 219 199 183 154 129 130 122 90 76 111 115 119 116 107 97 87 80 84 68 
34 29 44 48 50 58 72 77 75 70 62 88 94 95 95 81 51 52 89 96 101 103 105 114 121 121 120 120 119 120 88 67 64 154 211 229 197 192 211 218 214 217 216 218 205 195 182 148 102 70 123 100 60 58 65 67 76 120 142 118 91 79 69 69 
31 25 25 32 43 50 63 77 82 78 67 78 98 96 92 89 65 37 74 93 94 99 105 117 124 127 125 121 122 123 88 75 83 139 179 217 212 177 183 189 193 196 176 171 162 145 129 112 76 61 74 59 57 60 65 79 74 98 148 154 132 102 78 57 
20 29 28 28 27 54 75 82 85 81 63 51 78 98 87 84 72 39 57 94 81 94 110 146 162 166 160 156 137 113 85 105 113 73 96 108 184 193 190 174 166 167 154 129 113 107 115 114 92 76 83 89 84 78 77 93 102 115 136 154 143 119 98 93 
26 36 27 14 17 44 74 79 84 85 71 53 86 124 128 92 70 42 42 77 88 136 176 194 200 201 193 186 169 126 114 95 92 46 28 27 102 136 184 173 130 134 128 113 119 123 114 108 104 98 94 110 130 125 118 110 88 104 132 144 138 117 94 105 
45 39 25 20 18 21 45 96 91 76 65 72 97 127 131 86 59 47 39 87 148 204 215 222 226 225 214 198 180 154 178 191 181 141 76 30 58 79 98 151 153 118 133 127 127 128 119 103 112 117 115 115 128 133 141 157 144 123 127 124 106 114 114 110 
43 53 45 50 41 28 44 114 101 68 68 78 110 121 110 80 54 43 71 158 204 208 211 221 223 226 222 206 184 174 204 216 206 187 158 135 138 139 141 144 172 180 162 154 155 155 144 131 138 145 153 163 172 165 156 152 169 182 176 147 102 88 105 83 
39 43 47 67 49 30 29 75 103 54 65 73 100 119 82 99 110 142 189 202 197 198 209 230 239 237 238 222 204 187 215 231 215 194 171 174 184 177 172 164 158 161 164 156 157 158 151 141 141 154 164 166 160 148 146 148 141 145 135 120 103 109 97 47 
35 36 42 40 26 19 45 59 96 55 60 58 85 108 109 154 181 174 167 175 184 180 212 226 227 227 220 206 198 177 198 220 205 181 130 83 65 66 86 94 93 96 107 122 128 131 130 126 128 127 123 141 136 128 130 134 125 123 125 130 133 138 143 111 
59 63 76 64 51 48 51 55 85 72 69 70 54 55 75 79 107 95 109 112 142 166 191 205 204 201 197 184 176 151 162 178 150 96 38 21 21 21 33 73 92 101 113 126 139 140 141 141 141 132 130 138 141 138 141 146 144 144 146 144 143 145 143 131 
50 65 63 58 44 57 67 73 68 76 74 74 55 65 73 67 99 90 90 106 113 124 144 166 178 183 180 174 153 128 141 131 83 26 13 12 12 11 8 20 55 85 108 120 139 145 140 140 139 137 140 142 136 135 143 149 144 145 146 145 145 150 142 133 
43 50 51 40 42 66 66 82 87 83 79 64 49 63 62 43 64 73 77 81 89 94 87 83 128 134 127 122 128 138 145 131 99 26 15 34 46 44 30 14 8 13 29 40 72 133 139 143 139 138 140 142 139 139 147 141 142 140 143 143 143 145 139 120 
33 31 31 27 56 56 66 86 86 79 79 89 73 54 57 43 40 37 48 47 34 28 31 53 124 127 126 129 129 133 130 123 110 33 38 59 61 62 55 38 10 7 9 11 24 68 127 139 137 137 141 139 138 144 141 142 143 142 148 145 144 134 102 43 
73 33 31 37 66 67 76 78 83 82 80 87 87 82 79 52 33 25 38 46 40 23 22 53 128 131 129 124 123 137 129 126 119 43 52 62 60 60 59 46 6 3 4 10 21 36 63 122 136 136 137 136 137 138 140 145 143 149 149 139 121 86 53 26 
163 103 96 64 79 76 83 83 82 57 32 41 64 86 94 85 49 27 26 34 36 15 8 34 116 130 128 126 122 130 131 142 125 57 73 95 105 101 92 65 13 2 1 4 25 60 39 47 86 114 131 138 141 142 141 142 135 128 115 95 77 65 64 61 
103 80 54 62 82 75 86 75 74 50 41 39 43 76 90 94 57 21 20 28 34 13 4 32 120 129 126 129 140 141 146 159 148 152 172 185 189 180 156 118 67 22 43 41 72 81 69 50 30 34 55 76 78 67 65 57 36 53 85 90 83 81 83 82 
75 80 54 56 71 74 79 61 46 65 65 56 47 56 64 75 44 14 21 33 30 18 7 25 115 133 133 135 141 152 173 193 202 216 224 229 215 194 172 149 123 97 146 150 103 82 65 61 53 25 26 32 28 17 9 5 7 58 92 95 101 87 87 87 
54 66 49 59 62 57 97 69 47 69 62 53 42 45 58 68 42 18 19 25 30 25 7 29 119 139 137 155 180 197 197 200 204 212 215 209 198 192 187 178 162 128 125 171 168 131 71 54 55 52 59 61 58 47 49 41 36 76 104 93 87 81 84 87 
46 56 48 71 84 40 81 73 59 68 47 36 30 35 45 44 40 30 22 28 39 39 15 25 76 129 152 183 187 173 171 165 165 198 217 214 208 205 199 183 173 155 128 187 193 171 122 102 111 111 112 110 111 103 104 105 106 127 167 136 112 113 112 116 
50 51 62 64 43 31 61 72 83 79 36 34 27 32 38 30 35 40 24 40 51 53 42 24 67 135 180 175 167 176 147 157 195 224 230 231 231 217 201 173 176 164 132 179 191 171 138 137 155 150 146 144 143 135 127 129 125 123 129 129 126 114 113 106 
58 115 154 151 61 54 73 80 94 95 51 40 40 42 45 25 29 39 23 44 53 54 58 75 122 163 175 162 155 186 194 218 222 226 227 232 234 219 198 187 181 163 125 169 181 158 103 75 77 77 72 69 69 63 57 62 67 83 120 129 137 137 128 111 
91 181 210 137 60 69 85 90 93 91 81 38 57 59 57 41 26 29 24 42 51 52 57 85 122 176 193 190 184 186 192 206 211 218 225 226 221 209 199 186 176 155 99 131 146 110 64 61 63 60 55 60 61 58 63 70 91 135 162 165 173 169 145 127 
186 209 215 149 56 68 97 98 92 92 94 44 58 63 64 51 27 34 36 38 49 52 51 47 64 87 93 101 130 155 149 171 190 196 197 199 199 195 184 173 158 123 86 97 77 68 64 68 62 52 60 74 70 65 83 117 162 181 164 159 178 162 143 135 
155 205 219 193 80 64 99 88 85 92 92 53 54 60 60 44 17 22 51 53 49 41 31 31 43 79 86 86 93 128 134 144 158 165 179 193 182 169 161 143 119 84 72 66 66 56 53 55 73 80 77 82 77 95 121 175 194 174 131 123 154 148 149 151 
85 180 219 221 165 74 84 80 68 83 83 61 49 56 63 63 55 52 53 51 49 46 26 33 66 112 110 102 93 94 117 127 122 126 132 124 129 122 104 82 67 63 52 42 76 81 71 77 82 79 78 82 101 116 148 189 178 129 111 138 166 164 158 155 
63 145 216 219 215 160 89 89 87 85 57 41 32 47 52 49 56 56 53 44 41 41 27 30 75 114 98 87 89 78 71 85 97 98 85 61 57 57 45 33 44 42 23 26 67 82 84 89 85 83 81 77 105 151 179 150 125 130 165 169 156 162 155 137 
61 101 167 156 137 87 39 53 59 59 64 50 36 38 51 54 57 58 53 48 34 32 28 34 75 99 86 83 82 63 61 62 70 63 31 13 17 27 36 19 15 26 27 75 128 127 111 94 90 84 82 89 139 197 152 152 176 178 152 146 145 134 97 73 
63 54 55 117 112 44 42 45 54 56 90 111 76 48 59 75 51 51 52 53 36 47 52 60 98 99 86 103 88 73 69 51 65 75 42 7 12 16 19 29 17 27 40 85 142 143 121 95 91 86 103 147 214 192 171 176 126 117 122 131 146 149 135 129 
60 53 48 114 107 44 44 39 44 78 155 139 67 47 71 86 50 33 60 64 53 55 61 109 118 93 95 100 82 78 72 59 59 72 60 12 8 16 20 20 20 49 62 111 142 132 125 107 97 118 138 175 211 170 132 125 93 91 100 102 107 135 135 138 


13 14 16 20 32 28 22 25 48 62 56 56 37 42 30 12 10 8 17 33 12 3 5 8 5 4 7 4 3 1 2 2 1 1 2 6 6 6 2 3 46 142 153 163 168 143 164 213 223 209 178 150 179 218 218 133 104 64 65 62 75 83 123 113 
12 9 15 22 40 84 66 29 41 71 62 58 39 25 44 31 6 5 10 11 7 5 16 22 7 14 19 6 2 2 2 2 1 2 1 3 3 6 7 3 9 93 158 158 140 124 137 175 196 211 207 184 196 211 163 121 81 58 65 81 99 117 109 91 
23 21 14 38 118 148 140 111 100 103 76 53 42 35 44 36 6 7 7 9 11 12 16 13 9 6 4 1 3 5 6 2 2 2 2 3 2 3 4 6 5 92 169 185 179 155 165 197 192 179 185 186 155 127 124 81 56 65 69 91 108 147 125 83 
129 122 92 119 153 154 150 143 140 138 124 87 59 51 35 24 6 10 4 5 7 17 11 11 10 4 4 8 11 15 18 18 19 21 17 9 4 2 2 3 7 99 173 180 180 179 192 205 199 192 170 145 135 121 110 66 65 69 94 112 121 104 109 83 
131 131 129 135 144 148 143 142 135 136 134 123 83 38 21 19 12 9 11 12 4 12 15 22 23 8 9 20 18 20 23 22 23 24 26 22 20 12 4 1 2 59 149 181 197 204 207 219 224 211 201 158 130 118 64 75 74 88 122 125 95 75 73 80 
99 96 82 91 118 134 134 124 118 131 137 129 122 103 57 23 13 6 21 7 5 16 19 28 30 14 15 20 19 22 23 18 21 23 23 21 19 12 3 1 1 7 52 122 180 205 204 223 228 209 209 198 145 94 55 82 86 114 133 121 104 81 74 67 
55 50 46 41 69 104 113 107 81 98 118 129 122 127 121 81 34 17 18 6 5 24 24 36 39 17 19 18 18 21 26 20 21 20 22 25 24 7 1 2 2 4 5 17 47 68 102 162 203 192 188 187 152 79 71 101 110 99 93 87 91 96 73 67 
48 42 41 32 27 54 77 88 85 83 101 114 122 118 124 103 89 37 22 17 9 17 22 36 37 13 28 19 17 18 21 22 55 83 53 36 54 57 17 19 5 3 2 6 9 10 25 40 72 78 75 59 110 76 86 101 94 88 80 74 75 98 85 76 
55 45 26 8 21 45 51 65 83 92 98 107 124 125 124 110 106 72 21 14 16 11 10 30 43 18 30 21 14 18 23 36 61 82 91 93 102 93 69 64 40 23 7 4 4 10 29 37 49 40 58 72 110 79 72 94 81 87 85 76 67 71 83 95 
39 21 7 10 22 34 36 37 79 100 113 116 117 129 129 108 103 94 25 15 10 7 2 14 44 28 27 14 18 45 59 66 71 81 89 102 101 95 74 67 57 53 52 28 21 11 33 45 48 88 144 133 92 94 73 70 90 94 88 80 71 66 75 81 
20 13 22 37 26 20 19 41 70 98 121 123 114 123 113 105 96 54 12 9 5 8 6 6 14 15 20 23 22 46 59 80 81 78 81 94 83 107 128 93 55 35 58 69 48 11 13 32 81 137 72 51 92 119 99 66 82 90 89 99 105 82 65 64 
58 46 32 47 13 11 15 16 36 79 115 106 92 94 99 99 81 11 6 7 12 22 21 14 21 11 5 15 25 31 67 91 95 91 102 108 87 76 93 120 100 41 33 51 44 4 10 43 85 44 34 43 72 84 106 110 86 73 78 88 113 105 68 56 
94 80 46 35 22 23 34 12 32 72 107 84 57 62 83 54 47 6 9 14 21 24 24 25 34 18 9 18 22 31 47 62 87 83 82 79 74 78 58 45 55 38 19 34 29 6 29 33 56 55 64 55 56 77 95 119 120 118 92 88 79 102 122 112 
94 95 74 27 22 29 23 9 13 34 66 79 57 56 85 61 36 14 7 8 12 17 22 26 31 26 17 23 23 47 58 51 74 93 97 79 78 94 68 44 29 21 31 34 54 33 22 15 33 59 53 37 46 59 65 88 95 129 131 102 85 102 126 136 
78 78 71 47 22 9 6 11 14 28 65 78 64 50 74 88 30 25 21 14 7 14 20 26 31 24 10 12 9 19 70 89 90 83 98 109 83 82 83 80 62 39 62 73 70 54 41 58 52 55 62 9 19 55 69 109 100 86 112 153 145 132 107 117 
93 88 77 52 36 21 8 11 13 48 69 78 64 62 75 86 43 33 27 17 7 14 32 47 55 24 4 2 1 1 18 71 104 107 104 101 90 57 42 52 94 147 140 117 114 95 88 93 89 80 77 36 16 37 54 80 109 111 94 102 145 157 103 71 
98 81 69 56 31 26 13 14 33 62 74 80 67 68 96 89 38 27 23 16 12 12 22 36 108 100 22 3 1 2 3 15 53 84 99 104 102 69 27 11 27 105 135 91 102 97 91 98 95 91 79 65 40 31 62 95 84 86 105 116 124 113 94 65 
31 28 30 32 31 25 12 18 39 73 75 82 75 84 91 86 29 19 16 19 13 5 10 28 62 123 153 92 61 61 52 52 44 40 50 56 48 35 22 16 17 34 86 70 82 90 90 110 135 122 105 96 68 40 65 75 69 63 68 108 119 130 108 68 
28 22 28 30 41 37 9 14 20 22 54 81 78 98 120 58 13 11 21 20 12 4 4 14 28 61 108 168 193 192 165 130 98 60 33 21 23 11 11 10 28 49 56 64 88 93 98 107 138 136 107 95 95 65 54 65 64 61 80 98 105 138 116 89 
40 38 30 33 47 44 25 40 21 18 21 62 69 98 110 44 14 16 26 23 13 8 9 22 22 30 88 101 122 171 209 206 186 141 94 41 17 12 11 27 55 60 60 71 91 95 96 87 93 115 118 92 74 80 61 73 69 72 88 77 91 120 138 134 
41 40 65 87 48 19 18 21 21 21 25 38 50 88 64 31 13 16 24 31 51 66 83 108 122 113 126 120 105 112 139 144 126 117 109 95 68 26 14 34 69 63 56 65 96 119 103 104 96 116 120 114 97 76 60 63 65 76 95 80 82 108 133 144 
40 49 84 87 42 19 16 38 42 42 59 35 19 24 20 21 12 12 17 7 11 18 28 45 79 122 141 147 155 163 157 143 120 101 94 81 75 47 9 11 44 63 63 57 86 114 115 76 100 115 117 116 110 95 83 67 77 89 103 98 92 93 107 104 
62 71 79 60 35 35 32 56 56 56 61 51 47 36 20 17 17 13 9 11 47 66 63 73 100 121 142 152 164 150 145 165 157 137 116 101 79 56 26 7 26 40 50 79 83 102 131 78 91 106 104 100 95 67 42 49 93 118 149 122 127 127 112 91 
73 82 82 52 35 32 33 53 59 58 62 52 53 49 20 9 16 17 29 71 95 95 96 109 138 156 169 175 186 177 145 134 148 146 135 116 97 75 49 20 9 12 14 60 103 121 126 88 72 86 75 59 47 26 9 15 60 98 88 115 132 118 108 110 
79 76 69 37 50 34 38 49 56 60 57 48 50 38 24 20 27 13 61 109 117 92 118 133 161 161 180 183 192 200 195 177 144 140 141 119 103 83 56 23 12 8 7 9 40 92 119 115 58 43 41 46 23 10 6 10 28 100 132 72 60 64 54 47 
76 74 48 30 54 48 51 53 58 73 44 21 20 10 13 35 27 9 26 88 98 99 124 141 161 166 183 190 197 203 223 226 213 159 124 109 105 79 54 20 23 26 14 14 20 62 81 113 104 87 63 39 14 11 20 15 11 42 105 116 56 50 59 54 
53 46 52 38 37 54 69 73 55 74 31 7 5 8 21 39 28 35 21 39 104 96 125 154 180 191 202 202 202 213 227 234 237 224 173 116 96 68 39 15 61 96 55 32 28 44 61 57 33 19 10 22 29 28 32 19 23 70 75 76 65 48 27 23 
131 50 27 31 34 45 62 77 65 77 24 3 3 5 32 45 29 47 75 99 122 111 114 141 177 193 217 202 209 223 227 224 217 211 215 195 148 104 64 55 109 106 93 75 64 59 68 88 53 10 10 25 21 12 5 9 38 58 65 74 68 49 42 33 
162 76 28 28 41 41 38 63 75 80 22 4 2 5 40 45 19 9 14 47 106 126 121 125 166 187 192 194 205 208 206 199 199 201 181 173 164 137 128 131 128 123 114 102 86 71 62 65 76 11 2 2 2 1 6 35 53 56 53 58 63 56 72 35 
149 30 23 25 47 38 29 39 56 56 15 9 5 9 39 54 19 10 7 7 29 97 126 126 141 164 178 178 193 185 185 194 180 170 167 149 144 120 123 128 142 146 135 117 99 85 71 50 30 5 2 2 3 4 17 35 39 37 34 49 67 76 90 59 
96 14 17 25 31 26 18 22 37 31 4 11 23 27 31 57 34 18 8 28 51 59 96 126 129 139 154 151 159 180 168 162 154 136 128 134 130 138 154 157 152 142 140 135 122 109 92 67 42 15 9 7 3 9 24 27 25 21 25 38 60 65 71 51 
27 10 26 12 17 22 25 22 34 32 12 25 28 30 24 28 20 15 32 55 51 36 23 77 115 112 129 148 138 135 134 127 116 107 118 129 151 180 179 172 180 169 138 151 138 122 99 82 73 33 40 66 13 19 27 27 31 23 27 35 47 60 58 51 
7 6 11 9 15 22 26 24 34 27 19 28 31 42 39 28 27 39 45 50 37 12 3 17 80 118 114 132 125 106 95 93 103 122 137 154 164 171 176 182 187 186 160 153 147 131 109 88 80 46 37 103 52 12 20 27 28 26 28 33 32 47 37 36 
12 8 6 6 12 17 19 21 31 24 13 27 38 49 47 32 37 43 41 31 18 14 6 43 66 96 106 110 114 125 131 130 140 135 137 147 166 172 164 167 167 178 152 127 141 128 113 88 69 45 46 98 75 17 54 49 38 30 25 22 18 22 18 14 
20 12 7 6 18 26 22 17 20 22 31 48 42 51 46 34 39 36 39 36 49 68 52 56 69 77 69 84 101 132 131 90 78 123 133 139 157 180 182 179 173 168 155 139 133 124 114 91 87 68 62 46 69 34 102 108 97 79 60 41 32 24 15 5 
19 13 14 10 16 31 35 29 22 17 28 46 44 58 53 25 20 26 61 75 95 101 93 73 70 74 71 82 81 79 32 8 25 128 165 167 145 158 170 169 165 160 144 135 121 108 88 67 40 36 59 63 43 35 70 75 77 70 64 64 63 51 41 25 
17 5 10 11 16 23 32 40 39 36 23 41 45 55 69 47 12 18 64 73 82 86 89 77 81 80 77 78 75 72 36 27 17 115 184 206 152 129 145 146 144 143 128 121 106 91 76 48 20 15 67 55 20 21 23 23 34 86 109 87 64 55 48 39 
13 4 2 5 12 17 25 35 47 44 29 36 46 46 59 61 28 9 50 71 76 80 84 75 78 76 72 70 73 73 44 36 38 86 133 185 177 117 120 122 121 117 101 93 80 62 49 39 21 16 26 15 19 21 24 30 24 50 108 123 111 85 59 35 
2 3 3 3 5 22 30 31 39 41 21 17 34 47 42 54 35 13 39 80 59 72 82 90 93 93 82 81 74 58 38 65 68 32 53 74 139 155 133 109 99 88 75 60 50 43 55 61 42 27 34 37 38 34 30 40 45 52 69 111 116 97 64 56 
5 21 13 2 3 16 27 28 33 35 24 25 51 90 101 63 34 13 19 49 65 102 112 114 112 108 100 93 85 62 65 54 49 20 11 12 52 92 134 111 75 76 73 55 58 56 48 50 46 45 40 56 86 83 74 72 44 49 67 88 100 85 58 68 
15 19 6 2 2 2 15 62 51 33 30 37 56 101 115 57 22 15 14 53 107 144 139 136 136 131 112 85 74 72 107 113 110 82 42 10 19 35 52 98 95 74 99 76 62 59 50 50 53 65 58 53 73 85 100 122 107 80 85 84 65 84 96 95 
10 10 7 15 7 3 17 94 66 30 39 32 76 101 91 44 18 13 38 108 137 132 143 143 143 144 120 94 74 79 127 127 115 101 85 79 86 86 86 91 115 123 116 102 99 103 88 78 81 87 89 94 111 114 113 112 121 122 120 114 86 73 95 90 
10 10 10 19 8 3 7 57 74 23 31 28 75 102 50 49 60 89 122 129 119 124 133 136 155 177 165 123 101 98 132 148 126 104 88 93 112 117 117 113 110 115 120 111 110 112 101 86 86 100 110 109 97 86 88 105 95 88 80 69 59 70 85 51 
7 8 14 12 4 6 29 39 72 23 17 20 67 91 66 102 128 114 111 117 124 113 121 138 151 167 160 126 105 92 115 138 120 97 65 44 33 34 45 60 62 62 70 74 74 76 70 66 69 74 66 85 74 67 82 90 79 66 55 57 64 68 92 72 
8 11 34 12 8 14 15 19 62 33 17 31 26 23 27 31 74 56 88 80 96 108 111 116 117 117 118 90 76 65 95 116 86 43 11 3 4 4 9 30 51 60 63 61 73 79 79 78 82 74 64 76 74 56 73 86 89 84 78 73 70 83 88 76 
15 9 15 22 18 25 23 27 34 32 20 34 21 23 23 25 59 38 56 86 93 100 111 110 106 105 86 65 51 57 102 91 42 6 2 2 3 3 2 6 23 43 54 53 71 82 74 73 79 71 74 86 67 49 73 92 78 80 83 79 82 97 92 77 
21 7 8 23 22 31 17 30 41 38 32 21 13 23 19 13 32 42 36 47 71 84 74 65 88 77 66 56 74 96 108 93 53 6 4 12 21 18 8 2 2 5 11 13 33 71 74 73 74 69 75 86 77 68 78 73 72 66 74 75 82 89 88 69 
15 9 7 15 29 14 17 38 39 41 53 64 44 22 17 12 14 9 17 17 13 11 12 30 85 79 81 85 89 86 80 73 57 10 14 26 30 32 23 12 2 1 2 2 4 26 65 75 72 67 79 78 75 69 63 76 75 71 89 84 86 71 41 17 
54 16 19 20 22 16 26 38 44 59 57 64 66 56 50 25 10 5 12 19 15 4 3 28 91 91 86 75 75 90 71 74 72 17 22 29 27 28 27 18 1 1 1 1 2 9 26 68 74 65 69 72 69 62 72 85 76 86 98 81 59 33 20 8 
159 90 93 50 33 22 35 39 43 35 13 17 38 62 71 58 18 8 5 8 11 3 2 18 79 87 84 81 75 80 81 105 85 27 32 41 43 35 28 19 3 1 1 1 5 16 9 17 37 55 70 75 74 79 77 82 76 74 56 43 37 31 28 19 
76 50 31 44 39 21 40 27 33 22 17 12 17 44 59 62 28 5 3 5 6 2 1 18 88 84 77 82 100 99 109 126 93 78 79 79 78 70 47 23 13 9 35 28 27 27 17 12 6 8 22 34 32 30 32 26 16 27 51 57 47 41 34 22 
43 44 6 27 40 21 30 18 17 34 27 19 23 25 30 48 22 2 3 6 4 2 2 11 80 86 88 94 100 107 114 121 122 143 157 158 130 99 65 35 24 40 119 115 47 31 17 12 12 4 5 6 5 4 3 2 3 38 60 61 68 42 32 35 
20 34 6 14 34 14 62 39 16 31 22 22 18 17 30 43 18 4 4 8 11 5 1 11 78 97 97 118 130 129 137 148 154 160 149 119 89 73 63 55 47 42 63 105 97 74 26 13 13 13 18 18 16 14 15 10 12 46 69 59 46 33 37 43 
15 26 8 32 60 11 64 42 24 27 9 11 9 11 20 19 14 7 6 9 12 11 4 8 37 90 109 124 133 132 138 135 121 136 130 118 106 95 86 68 73 74 55 107 109 92 61 53 62 61 63 62 64 60 62 62 67 95 138 107 73 76 74 80 
25 22 30 34 18 10 27 28 50 50 8 5 4 8 13 8 10 8 4 12 13 18 14 9 30 94 131 143 139 140 109 104 124 151 162 170 163 131 110 69 85 87 59 97 95 66 49 63 98 101 101 101 103 94 85 96 94 104 114 113 106 89 75 66 
34 104 151 144 35 25 30 41 69 71 25 9 8 10 15 5 6 8 4 13 13 18 22 42 75 115 129 140 131 141 125 139 141 151 161 177 177 144 107 81 77 73 54 88 86 64 28 19 38 39 38 42 45 37 29 36 35 50 83 80 82 80 60 40 
88 191 219 117 26 35 51 63 68 65 54 10 17 19 18 12 6 5 4 10 12 17 25 50 72 135 150 147 133 128 126 129 129 143 158 169 161 130 105 79 59 42 25 58 59 33 13 14 17 15 17 23 25 23 27 31 38 72 95 91 105 99 56 38 
196 220 224 133 22 40 75 76 67 67 66 14 18 25 23 15 7 12 10 9 14 17 19 18 28 50 56 63 88 118 117 122 111 114 110 111 115 108 88 67 44 28 37 55 28 15 12 13 14 12 15 27 26 21 34 55 90 115 102 98 125 76 52 53 
153 216 230 192 49 35 78 55 54 68 64 19 15 22 20 12 4 6 14 14 13 10 8 8 18 58 59 60 61 88 88 105 105 94 92 107 105 78 60 50 30 14 29 20 22 16 11 11 21 32 31 34 26 42 63 101 118 119 89 87 98 65 69 81 
44 186 228 229 154 38 58 39 29 61 52 28 14 14 14 15 14 12 13 12 12 13 5 8 44 108 103 93 81 64 67 70 76 73 74 70 58 51 41 36 26 15 11 14 41 43 27 28 35 33 33 35 48 61 82 107 120 101 86 104 100 93 89 89 
16 143 224 227 222 149 66 62 59 82 51 22 8 12 12 12 20 20 15 9 11 11 5 7 57 105 84 73 84 71 51 41 53 57 48 37 27 18 12 7 11 10 5 6 38 57 43 35 42 38 36 33 55 90 114 98 97 101 118 117 107 115 114 93 
15 87 174 166 146 85 22 33 31 46 52 26 6 17 26 16 22 23 15 11 6 7 4 9 55 84 67 74 79 50 52 52 55 51 19 4 3 6 10 5 4 6 5 43 113 116 82 36 42 36 33 38 83 136 114 119 133 132 120 117 120 118 87 58 
19 19 36 122 104 13 5 6 11 21 67 95 51 33 31 21 20 17 15 16 8 13 12 33 72 76 72 101 85 65 65 43 58 72 37 2 1 2 3 9 6 8 12 54 133 138 93 35 31 29 43 88 171 167 133 147 100 98 105 113 134 142 128 116 
16 15 16 115 91 6 5 3 4 57 158 139 39 14 25 18 20 10 27 28 15 16 27 88 92 65 81 92 80 74 72 56 52 69 57 9 1 2 3 5 6 17 26 92 137 111 87 54 32 47 65 111 161 124 113 116 77 76 89 89 99 125 128 131 