


94 96 95 96 95 96 98 99 99 100 100 102 104 104 104 105 106 106 106 107 108 109 109 109 110 110 111 112 113 113 113 114 115 117 117 117 119 119 119 120 121 121 121 122 122 123 123 124 124 125 125 125 126 126 126 126 126 127 127 128 128 128 128 129 
94 95 96 97 96 98 99 99 100 101 102 102 103 104 104 105 105 106 107 107 109 109 109 109 110 111 111 112 112 113 113 115 116 115 115 118 119 119 119 120 121 121 120 120 122 123 123 124 124 124 124 125 126 126 126 127 126 127 126 128 128 129 129 129 
94 95 96 96 98 99 98 99 99 101 101 102 102 103 103 105 105 106 106 107 108 108 109 109 110 111 111 112 112 113 113 114 114 115 115 117 119 119 119 119 121 121 121 120 122 123 123 124 123 123 123 125 126 126 126 126 125 125 126 128 128 128 129 129 
94 95 96 97 96 97 97 98 99 101 102 102 103 104 104 104 105 106 107 107 108 107 109 110 110 111 111 111 112 113 113 114 114 115 115 117 118 119 120 120 121 121 121 120 122 123 123 123 123 123 124 125 124 124 126 124 125 125 127 127 128 128 129 129 
94 95 96 96 97 96 96 98 98 99 101 102 103 103 103 104 104 105 106 107 107 107 108 109 109 110 111 112 112 112 113 113 114 115 117 117 117 119 120 119 120 121 121 120 120 121 122 123 123 124 124 124 124 124 125 125 126 127 127 128 128 129 129 129 
95 95 96 96 95 96 96 98 99 100 101 102 103 103 103 105 105 106 105 106 107 107 108 109 109 110 111 112 113 112 113 113 114 115 118 116 116 117 118 117 119 121 121 121 119 120 123 122 124 124 124 124 123 125 125 125 126 127 127 127 128 128 129 129 
95 95 95 95 96 97 97 98 99 100 100 101 102 103 103 104 105 106 105 106 106 107 108 109 109 110 111 112 112 112 113 113 114 115 116 115 116 118 119 118 120 120 120 121 121 121 122 121 123 124 124 124 123 124 125 124 125 126 127 128 128 128 129 129 
95 95 95 95 95 96 96 97 98 100 101 101 103 102 104 105 105 106 106 107 107 107 109 110 110 111 111 111 112 112 113 113 114 114 115 116 116 118 119 118 118 120 119 120 121 121 122 122 122 123 124 125 124 124 125 124 124 126 127 128 128 129 129 129 
95 95 95 96 97 97 96 97 98 99 101 102 102 102 103 105 105 105 106 106 106 107 109 110 111 110 111 111 111 112 113 114 114 115 115 116 116 118 118 119 120 119 118 119 121 121 121 122 122 122 124 124 124 125 125 124 125 124 127 127 128 128 129 129 
95 95 96 96 97 96 97 98 98 98 99 102 102 102 103 104 105 105 106 106 106 107 109 109 110 110 111 111 112 113 113 113 114 116 115 116 116 117 118 119 119 118 118 119 121 121 122 122 121 122 123 124 125 125 125 125 124 125 127 127 126 128 129 129 
95 95 95 96 96 95 97 99 98 98 100 101 102 102 104 104 105 106 107 106 108 108 109 110 109 111 111 111 112 113 113 114 114 115 115 116 117 119 118 119 118 118 118 119 120 121 121 122 121 122 123 123 125 125 125 125 125 125 127 127 128 129 129 129 
95 95 95 97 97 97 97 99 99 99 100 102 102 102 104 104 105 106 106 107 108 108 108 109 110 111 111 111 112 112 113 113 114 115 115 117 117 117 118 119 119 119 119 119 119 121 120 122 122 122 124 122 124 125 125 124 125 126 126 127 127 128 128 129 
94 96 96 97 97 97 97 98 99 100 101 102 102 103 104 105 104 105 106 107 108 109 109 109 110 110 111 112 112 113 113 114 114 115 115 117 116 116 117 119 119 118 120 119 119 121 120 121 121 122 123 122 124 124 125 124 127 126 126 126 126 128 128 129 
94 96 96 96 96 97 97 97 98 100 101 102 103 103 104 104 105 105 107 108 108 110 109 109 110 110 111 112 112 112 113 114 114 115 115 118 117 116 117 119 118 120 121 119 119 121 121 121 122 121 123 124 123 124 124 124 125 125 126 127 127 128 128 128 
95 96 96 96 96 97 97 97 99 101 102 102 103 103 104 105 105 106 107 107 107 109 109 110 110 110 111 112 113 112 114 114 114 115 115 116 117 117 117 117 118 119 120 119 119 121 122 122 122 122 123 123 123 123 123 124 125 124 125 127 128 129 129 129 
95 95 96 96 96 96 97 97 100 100 102 102 103 103 104 105 106 106 107 107 108 109 109 110 110 111 111 111 112 112 113 114 114 115 115 116 116 117 117 118 118 119 120 120 120 121 122 122 122 123 124 123 123 123 124 124 126 126 125 126 128 127 129 129 
95 94 97 96 96 96 97 98 99 100 101 102 103 103 104 104 106 106 107 107 108 108 109 110 110 111 112 112 112 113 114 114 115 116 115 116 116 118 117 118 118 120 122 121 121 122 122 123 123 123 125 124 124 124 123 124 124 126 125 126 128 128 129 130 
95 96 96 96 97 97 98 99 100 100 100 102 102 103 104 105 106 107 107 108 108 109 109 110 110 112 111 112 113 113 115 115 116 117 115 116 117 117 118 118 118 120 122 122 121 123 123 123 124 124 125 124 123 124 124 124 124 126 126 127 128 129 130 130 
94 95 97 96 97 98 99 99 100 100 100 101 102 103 104 105 106 106 107 108 108 109 109 109 111 111 112 113 113 113 114 114 115 115 116 117 118 119 118 118 119 119 122 122 122 123 123 124 124 123 124 125 123 125 124 124 126 127 127 127 128 129 130 130 
94 95 97 97 96 97 98 99 100 100 101 102 103 103 105 106 106 106 107 108 108 110 110 111 111 111 112 113 113 113 114 114 115 115 116 117 119 119 119 119 120 120 122 121 122 123 123 123 122 123 124 125 125 125 125 126 126 126 127 127 127 129 129 130 
96 96 96 96 96 98 98 100 100 101 102 102 104 104 105 105 106 106 108 108 109 110 110 111 111 111 112 113 113 114 115 116 115 115 116 118 119 119 119 119 120 121 122 121 123 122 123 124 123 123 124 125 125 124 126 125 125 127 127 127 127 128 128 130 
96 96 96 96 97 97 99 100 100 102 102 101 103 104 105 106 106 106 108 109 109 109 109 110 111 112 112 113 113 115 116 116 116 115 117 118 117 118 118 119 121 122 122 121 122 121 123 124 123 124 124 125 126 125 126 126 125 126 126 128 129 130 130 130 
96 96 97 97 98 99 99 99 99 101 102 103 103 104 105 106 106 108 108 109 109 109 110 111 112 113 113 113 113 115 114 115 117 117 117 117 119 120 120 121 121 122 121 122 122 122 123 123 125 136 142 125 126 124 125 126 126 127 126 127 128 130 130 130 
96 96 96 96 97 99 99 100 101 102 102 103 103 105 106 106 105 107 108 111 113 109 110 111 112 112 113 113 114 114 114 116 116 117 118 117 118 119 120 121 121 122 121 122 121 122 122 123 131 180 179 128 126 124 124 125 126 126 126 128 129 129 130 131 
95 95 96 98 97 98 99 101 100 101 102 102 103 105 106 106 107 110 121 157 165 113 110 111 111 112 112 113 113 114 115 117 118 118 119 118 118 118 119 121 121 121 122 122 122 122 124 128 169 195 187 142 125 126 125 126 125 127 127 129 129 129 129 130 
95 95 97 98 97 97 99 101 101 101 102 103 104 105 106 107 109 151 201 216 160 107 111 111 111 112 113 114 114 114 120 157 162 120 118 119 119 119 121 120 121 121 122 123 123 124 124 142 198 210 173 123 126 127 126 127 127 127 127 129 129 129 130 130 
97 97 98 97 97 98 99 100 102 101 103 103 104 105 106 107 116 207 237 231 187 121 110 111 112 112 113 113 114 116 166 228 192 132 119 118 120 120 121 121 121 120 121 123 123 124 124 156 199 184 131 124 126 127 127 126 128 128 128 128 129 130 130 131 
97 97 97 97 98 99 98 99 101 102 103 104 104 106 106 108 121 211 234 239 186 115 110 111 112 112 113 113 114 119 196 246 219 142 119 119 119 120 120 121 121 121 122 123 123 124 125 168 211 167 125 126 125 127 126 126 128 128 128 128 128 130 130 130 
96 97 97 97 98 99 98 100 101 102 103 104 105 105 106 108 142 229 236 202 138 113 110 111 112 112 113 113 114 116 178 230 232 158 120 120 119 120 121 121 121 122 123 123 123 124 129 184 232 211 147 126 126 127 127 126 126 126 128 129 130 129 130 131 
95 97 97 98 98 99 100 99 100 102 103 103 105 105 106 112 179 238 237 194 146 111 110 111 112 112 112 114 115 117 175 229 193 130 120 119 119 121 121 122 122 122 122 123 123 124 135 200 235 236 193 131 126 126 125 127 128 127 127 129 130 130 131 130 
97 97 97 98 98 98 100 100 101 103 104 104 105 106 109 134 210 240 239 207 135 111 110 111 112 112 113 114 115 117 170 234 214 140 119 118 118 120 120 121 122 121 122 123 123 124 141 204 233 233 201 133 126 126 127 128 128 126 127 129 129 130 131 131 
97 98 97 97 99 100 100 101 101 102 103 104 105 106 133 210 217 229 237 209 146 111 111 111 111 112 113 114 115 117 156 221 213 191 121 119 120 120 120 121 122 122 123 123 124 124 147 203 225 222 177 134 127 127 127 126 128 128 129 129 130 130 130 131 
97 97 98 98 100 100 100 101 101 103 103 104 105 106 158 239 244 247 236 221 188 117 111 112 112 112 113 113 114 117 155 213 188 193 119 120 120 121 121 121 122 123 123 123 124 124 153 222 222 231 148 117 127 127 127 127 128 129 129 129 130 130 130 131 
96 97 98 98 100 100 101 101 102 104 104 104 105 107 166 244 245 248 225 195 182 128 111 111 112 112 114 115 114 118 158 224 183 183 106 118 120 121 121 122 122 122 123 123 124 124 151 232 225 234 150 98 154 129 128 128 128 129 129 130 130 130 130 131 
97 98 99 99 100 100 101 102 103 104 104 106 106 111 164 237 243 248 213 170 160 128 112 113 113 114 116 116 116 118 164 229 171 162 100 105 120 120 121 122 122 122 123 124 124 124 154 229 208 205 217 166 185 128 127 128 128 129 129 130 131 131 132 131 
121 125 127 129 133 136 139 139 140 143 149 133 143 175 188 229 235 244 189 147 145 130 117 114 116 117 117 118 117 118 167 204 105 117 103 106 122 126 128 129 130 133 138 140 141 142 176 240 230 212 223 210 127 153 160 163 167 171 173 174 173 180 184 177 
219 224 227 226 232 231 237 230 226 229 229 211 214 224 225 239 234 232 175 155 165 197 191 193 192 188 186 183 180 178 201 184 89 66 58 90 139 193 189 195 205 203 202 209 212 205 201 231 227 211 211 201 195 226 206 198 209 231 203 212 209 236 230 228 
248 248 248 249 247 243 239 235 236 235 233 233 234 237 232 239 222 208 174 144 161 196 232 232 230 227 225 226 220 219 229 192 82 83 71 85 149 195 196 214 211 199 192 225 213 213 207 227 215 215 216 220 233 237 230 224 236 238 233 237 239 243 243 241 
252 251 248 242 232 224 225 227 227 225 227 228 230 228 231 239 207 198 197 112 128 145 237 232 238 234 225 215 197 195 213 169 91 102 127 148 148 180 218 221 220 217 215 222 233 239 240 234 228 231 236 240 238 237 237 233 233 235 233 237 240 238 239 235 
250 242 234 230 220 222 231 231 222 221 223 225 224 228 237 237 192 198 230 151 171 187 226 201 228 234 235 238 235 225 187 116 90 107 162 193 127 163 223 223 222 217 214 211 213 222 225 219 211 215 227 231 230 218 204 212 225 239 238 237 220 201 208 206 
236 238 242 236 224 233 238 236 236 241 238 236 237 240 235 229 161 213 245 242 193 177 222 150 224 236 234 234 239 236 146 98 102 108 194 222 160 209 229 227 228 219 200 213 221 214 224 194 195 188 214 231 226 217 189 173 236 235 222 217 195 170 100 121 
157 220 202 210 222 206 224 233 225 232 227 231 233 235 237 208 162 238 242 237 144 76 180 200 240 239 237 236 240 226 105 97 103 107 170 226 218 249 252 250 244 234 221 180 191 192 214 217 216 208 201 226 223 210 212 206 229 222 179 150 179 178 110 60 
175 212 186 195 222 202 225 242 221 237 241 241 240 234 227 182 215 240 234 209 96 83 193 232 243 245 247 248 247 223 130 129 134 147 171 227 240 245 234 206 173 195 239 219 219 211 235 227 232 241 216 236 241 230 236 236 229 216 191 178 199 191 161 120 
230 219 218 209 226 212 213 205 193 210 233 207 217 211 204 220 228 211 221 220 163 166 196 208 216 215 211 222 214 216 206 215 216 224 207 230 231 221 230 215 210 229 227 228 230 228 237 228 215 235 242 240 236 237 220 232 226 219 185 143 115 71 56 76 
219 213 223 231 235 207 220 207 221 228 231 211 216 216 234 240 226 214 230 222 216 219 195 207 227 215 225 231 213 220 213 228 235 232 217 229 230 237 246 230 233 240 230 242 239 230 246 231 228 233 240 246 246 240 238 229 231 215 155 48 57 78 91 99 
236 241 244 238 239 241 244 244 240 241 245 247 246 246 243 241 243 243 240 242 245 246 244 246 248 246 246 248 250 249 248 248 248 246 246 246 246 248 247 243 242 241 243 244 242 243 245 244 244 243 243 244 244 242 238 222 186 143 119 100 106 108 105 102 
229 229 228 217 213 223 222 214 202 199 223 225 223 228 226 221 224 227 220 224 232 234 236 240 241 237 234 237 235 238 241 233 232 231 232 227 229 232 241 234 232 237 237 233 231 232 229 235 232 236 237 234 231 227 204 172 129 104 94 96 97 96 95 94 
189 186 214 216 219 235 233 221 200 185 201 226 225 230 239 235 227 212 180 200 229 231 225 237 235 220 194 179 195 229 223 213 237 234 219 195 182 207 234 223 225 241 238 217 198 194 217 235 232 233 239 228 193 166 160 157 133 105 99 106 97 72 62 60 
202 120 141 161 186 226 228 213 200 165 106 135 161 200 219 221 213 206 117 94 106 159 193 217 214 194 178 110 83 121 175 181 220 215 200 143 100 82 162 188 198 217 211 194 150 121 121 193 198 204 214 212 164 105 61 71 89 73 74 81 80 42 27 16 
150 52 29 39 82 151 177 162 131 88 25 27 40 117 183 175 160 135 56 27 23 59 180 206 192 157 115 61 29 29 122 195 205 187 149 85 53 23 61 177 201 201 188 152 107 58 32 110 200 206 204 195 152 71 24 12 57 61 56 59 53 25 10 1 
95 51 38 33 43 100 159 158 141 104 70 53 54 85 167 187 186 175 143 97 62 70 152 199 202 197 186 158 97 77 114 196 203 198 192 180 131 78 82 166 200 202 203 198 175 105 67 100 197 208 204 203 201 137 62 46 70 84 71 71 66 56 37 19 
137 121 107 63 51 55 85 127 139 138 132 99 66 66 99 137 144 142 144 139 97 92 108 142 154 151 152 155 143 123 106 137 161 163 158 157 154 132 127 138 157 158 160 161 161 150 121 110 146 160 161 159 159 156 108 83 67 81 59 49 46 46 45 39 
146 149 161 168 157 110 110 114 189 198 201 210 193 171 155 161 212 217 218 216 217 215 209 198 223 222 223 225 225 223 224 215 227 230 228 229 229 229 228 227 229 228 230 230 230 229 229 228 225 228 228 227 225 227 224 218 183 157 111 74 68 65 62 63 
244 241 244 247 244 228 226 207 248 249 249 250 248 248 243 242 249 250 251 249 249 250 251 250 251 249 248 250 249 249 250 252 252 252 251 252 251 250 245 237 235 233 238 236 227 228 231 243 247 248 247 247 246 250 248 247 239 194 136 94 87 89 89 85 
246 246 247 245 247 247 250 250 249 249 250 251 251 250 249 250 251 250 250 249 248 251 252 251 247 247 248 250 250 249 250 252 252 251 251 250 249 248 231 139 111 119 127 116 103 98 97 136 140 144 128 129 150 231 249 246 238 205 149 103 92 96 92 87 
248 246 249 247 247 249 249 249 247 250 250 251 251 251 250 250 251 250 250 249 249 252 251 249 247 248 249 250 249 250 251 252 251 251 250 248 248 249 220 102 74 93 85 72 74 49 30 72 79 68 60 36 53 211 250 248 239 207 152 107 95 98 98 95 
249 247 249 248 247 249 251 250 250 250 249 250 250 251 251 252 250 250 250 250 250 252 251 250 248 250 251 249 249 249 250 252 251 251 249 247 249 239 156 88 94 94 51 35 24 55 90 76 68 39 33 33 130 233 249 246 240 211 155 105 96 100 103 101 
249 248 249 250 250 249 250 251 251 251 249 248 249 251 252 252 252 252 251 250 251 252 252 251 249 248 249 249 250 250 250 250 251 251 249 248 249 213 86 84 99 90 26 3 5 54 64 67 61 13 2 22 127 204 239 242 234 203 153 110 104 106 104 92 
251 250 251 251 251 251 251 251 249 251 249 247 249 251 252 252 251 251 249 244 251 252 250 249 250 250 249 248 249 247 219 221 211 168 167 161 165 154 67 53 71 91 68 35 10 1 3 19 62 51 23 28 28 65 186 222 200 140 110 88 95 111 109 81 
246 242 247 251 249 250 251 250 250 250 248 246 248 250 248 246 247 248 245 238 248 235 171 212 247 248 247 246 243 187 92 89 89 79 75 66 52 43 25 62 90 98 95 77 45 6 9 53 69 68 55 56 49 59 91 79 52 37 60 61 69 92 87 75 
211 217 235 222 187 221 236 233 232 233 227 227 233 211 185 209 225 217 202 188 240 226 129 124 205 216 234 214 168 128 64 61 68 76 59 36 21 8 23 49 64 75 64 43 28 16 40 76 59 40 49 41 57 63 53 37 20 26 55 64 75 75 81 84 
221 190 116 100 112 175 202 211 227 222 216 226 229 213 184 211 228 229 214 179 238 229 173 177 171 206 204 131 102 131 111 90 62 59 21 9 2 35 84 62 70 70 37 34 11 55 70 78 24 16 46 41 35 43 31 22 25 55 69 80 89 90 89 88 
92 98 81 53 82 122 154 178 210 218 219 214 219 231 212 143 167 235 241 236 248 227 204 240 232 240 188 105 167 185 175 88 65 60 17 1 0 11 37 67 92 53 16 3 8 63 87 82 17 11 43 38 29 35 53 60 61 63 48 43 80 84 77 78 
76 69 69 101 186 204 188 162 157 169 184 193 198 228 222 119 72 171 189 221 233 216 200 235 236 233 234 216 233 213 129 53 65 73 32 4 0 0 1 10 28 22 6 3 2 19 61 79 40 9 32 56 56 45 59 57 50 37 9 8 64 80 73 69 


172 172 173 174 175 176 176 177 177 178 178 179 179 180 180 181 181 182 183 183 184 185 185 185 186 186 187 188 188 189 189 190 191 191 191 192 191 192 192 192 193 193 194 195 195 195 195 196 196 197 197 197 198 198 199 200 200 200 200 201 201 201 201 202 
173 173 173 175 176 176 177 177 178 179 179 179 180 180 180 181 182 182 183 183 184 185 185 185 186 187 187 188 188 189 190 190 191 192 192 192 191 192 193 193 193 193 194 196 195 195 195 196 196 197 198 197 198 199 199 200 200 200 201 201 201 201 202 202 
173 173 174 175 175 176 177 177 178 179 179 179 180 180 181 181 182 182 183 184 184 185 185 185 186 187 187 188 189 190 190 191 191 191 192 192 192 191 192 193 193 193 194 196 195 195 195 196 196 198 199 197 198 199 199 200 200 201 201 201 201 201 202 202 
173 173 174 175 175 176 177 178 178 179 179 179 180 180 181 182 183 182 183 183 184 185 185 186 186 187 187 187 188 189 189 190 191 192 192 192 192 191 192 193 193 193 194 196 195 195 196 196 197 197 198 198 198 199 199 199 200 200 200 200 201 201 202 202 
172 173 173 174 175 176 177 177 177 178 178 178 179 180 181 181 182 183 183 184 184 185 186 186 186 187 188 188 188 188 189 190 191 191 191 192 192 192 192 193 193 193 194 195 196 196 196 196 197 196 198 198 199 199 199 199 200 200 200 201 201 202 202 202 
172 173 173 174 175 176 177 177 178 178 179 179 180 181 181 181 182 182 183 184 185 185 185 186 186 186 187 188 188 189 189 190 191 191 190 192 192 192 192 194 193 193 193 195 196 196 195 196 196 196 198 198 199 198 198 199 199 200 200 201 201 201 202 202 
172 173 174 175 175 175 176 177 177 178 178 179 180 180 181 181 181 182 183 183 184 185 185 186 186 186 187 188 188 189 189 190 191 191 191 192 192 192 192 194 193 193 194 194 195 196 196 196 197 197 197 197 199 199 198 200 200 200 200 201 201 201 202 202 
173 173 173 175 176 176 177 178 178 178 179 179 180 180 181 181 181 182 183 184 184 185 185 185 186 187 187 187 188 188 189 190 191 191 191 192 193 192 192 194 194 194 195 195 195 196 196 196 196 197 197 197 198 198 199 200 200 200 200 201 201 202 202 202 
173 173 174 174 175 176 177 178 177 178 178 179 179 181 181 181 182 183 183 184 184 185 185 185 185 186 187 188 188 188 189 190 190 190 191 192 192 192 192 192 193 195 195 195 195 195 196 196 197 197 197 198 198 198 198 199 200 200 200 200 201 202 202 202 
173 173 174 174 174 176 176 177 178 178 179 178 179 181 181 180 182 183 183 184 184 185 185 185 186 186 187 187 188 189 189 190 190 191 191 192 192 192 193 192 194 195 195 195 195 195 195 196 197 197 197 198 198 198 198 199 200 200 200 201 202 202 202 202 
173 173 174 175 175 176 176 177 178 178 178 179 180 181 180 181 182 182 183 184 184 185 185 185 186 186 187 187 188 189 190 190 191 191 192 192 192 192 192 193 194 194 195 196 196 195 196 196 197 197 197 198 197 198 198 200 200 201 201 201 201 202 202 202 
173 173 174 174 175 176 177 177 177 178 178 179 180 180 180 181 181 182 184 184 184 184 185 185 186 187 187 188 188 188 189 189 190 191 191 192 192 192 193 193 194 194 195 196 196 195 197 197 197 197 197 199 198 198 199 200 200 200 201 201 202 202 202 202 
173 173 174 175 175 176 177 177 178 178 179 179 180 180 180 181 182 183 183 183 184 185 185 186 186 186 187 188 188 189 190 190 190 191 192 192 193 193 194 193 194 195 195 195 196 195 197 197 197 197 197 199 198 199 198 200 199 200 201 202 202 202 202 202 
173 173 174 175 176 176 177 178 178 178 179 179 180 180 181 182 183 183 183 183 184 184 185 186 186 186 188 188 188 189 190 190 190 191 191 192 192 193 193 193 194 194 194 196 196 196 196 197 197 198 198 198 199 199 199 200 200 201 201 201 202 202 202 203 
173 174 174 175 176 176 177 178 178 178 178 180 180 181 181 182 182 183 184 184 184 185 186 186 186 187 187 188 189 189 190 191 191 192 192 192 193 194 194 194 195 195 195 196 196 196 196 196 197 198 198 198 199 200 200 200 200 201 201 201 202 202 202 203 
173 174 174 175 176 176 177 178 178 179 178 180 180 181 181 181 182 183 184 184 185 185 185 186 186 187 188 188 189 189 190 191 191 192 192 192 193 193 194 194 194 195 195 195 196 196 196 197 197 197 198 198 199 199 199 200 200 201 202 201 202 202 202 202 
174 174 174 175 176 177 177 178 178 179 179 180 180 181 182 182 182 183 184 184 184 185 185 187 187 188 189 189 189 190 190 191 191 191 192 193 193 193 194 195 195 194 194 195 196 196 197 197 197 198 197 198 199 199 200 201 201 201 201 202 202 202 202 203 
173 174 175 175 176 176 177 177 178 179 180 180 180 181 182 182 182 183 183 184 184 185 186 187 187 188 188 189 190 190 190 191 191 191 192 193 194 194 194 195 195 194 194 194 196 196 197 197 197 198 198 199 200 200 200 201 201 201 201 202 202 202 202 203 
174 174 174 176 176 176 176 178 178 179 180 181 180 181 181 181 182 183 184 184 185 185 186 187 187 188 188 189 190 190 190 191 191 191 192 193 193 193 194 194 195 195 194 194 195 195 196 196 197 198 198 198 200 200 201 201 200 201 201 202 202 202 203 203 
174 174 174 175 177 177 177 178 179 179 179 180 180 181 181 182 183 183 184 185 185 185 186 186 188 188 188 189 189 190 190 191 192 191 192 193 192 193 194 194 194 195 194 195 195 195 196 196 198 198 198 199 199 200 200 200 201 201 201 202 203 203 203 204 
173 174 175 176 177 177 177 178 178 179 179 180 180 181 182 183 183 184 183 185 186 186 186 187 188 188 189 189 190 190 190 191 192 192 192 192 193 193 194 195 194 195 195 196 195 196 196 196 197 198 198 199 199 200 200 201 201 201 202 202 203 203 204 204 
174 174 175 176 176 177 177 178 179 179 180 181 180 181 182 182 183 184 184 185 185 186 186 187 188 188 189 190 190 190 190 191 192 192 192 193 193 193 194 194 194 194 194 195 196 197 197 197 198 198 198 198 199 200 200 200 201 202 202 202 202 203 203 203 
174 174 175 175 175 177 177 178 179 179 179 180 181 181 182 182 183 183 184 185 185 186 186 187 188 188 189 190 190 190 191 192 191 192 192 193 193 193 193 193 193 194 195 194 196 196 197 197 197 194 189 197 199 200 200 200 201 201 202 203 203 203 203 203 
174 175 175 175 176 176 177 178 179 179 179 180 181 181 181 182 183 184 185 186 185 186 187 188 188 189 189 190 191 191 191 191 192 192 192 193 193 193 194 194 193 194 195 196 196 197 197 197 191 172 157 182 199 200 202 201 201 202 202 202 203 203 203 203 
174 175 175 176 177 177 177 178 178 179 179 180 181 181 181 182 184 184 183 192 183 181 186 187 188 189 189 190 190 191 191 191 192 192 192 194 194 195 194 193 194 194 194 196 196 197 197 195 173 146 144 156 196 200 200 201 202 202 202 202 202 203 203 203 
174 174 175 175 177 178 178 178 179 179 179 180 181 181 182 183 184 187 188 197 144 161 187 188 188 189 189 190 191 191 190 196 186 186 192 193 194 194 193 194 194 195 195 195 196 197 197 191 161 158 139 170 199 200 200 201 201 202 202 202 202 203 203 204 
173 174 175 176 177 177 178 178 179 179 179 180 181 181 182 183 183 196 205 202 151 144 186 188 188 189 189 190 191 191 190 202 163 161 192 193 193 193 193 193 194 195 195 195 195 197 197 182 150 135 126 190 199 200 200 201 201 201 202 203 203 203 204 204 
174 175 174 175 177 177 178 179 179 179 179 180 181 182 182 183 182 187 199 199 152 167 187 188 189 189 189 190 191 190 187 205 186 177 192 193 194 193 194 194 195 194 195 195 195 197 196 168 159 133 168 199 200 200 201 201 201 202 202 202 203 203 203 204 
174 175 175 177 177 177 178 179 179 179 179 180 181 182 183 183 182 188 196 161 140 185 187 187 188 189 189 190 190 190 183 193 202 178 191 192 193 193 193 194 194 194 196 196 196 197 193 160 185 171 177 198 199 200 200 201 202 202 202 202 203 204 204 204 
174 175 175 176 177 177 178 179 179 179 179 180 182 182 182 183 178 190 193 148 171 186 187 187 188 189 190 190 190 190 188 186 161 174 192 193 194 193 193 194 194 194 196 196 196 197 190 163 188 190 171 192 200 200 201 201 201 202 203 202 203 203 204 204 
174 175 175 176 177 178 178 178 179 179 180 180 181 182 182 180 173 192 192 171 186 187 187 187 188 188 190 190 191 189 177 186 167 144 188 193 194 194 194 194 194 196 196 196 196 197 187 160 182 184 162 182 200 200 200 201 201 202 202 202 203 203 203 204 
174 175 175 176 177 177 178 178 179 180 180 180 181 182 182 183 168 183 191 173 187 187 187 187 188 188 190 190 191 190 161 167 162 161 179 192 193 193 194 194 195 196 195 196 196 197 185 157 173 175 138 180 200 200 201 201 202 202 202 202 203 203 204 204 
175 175 175 176 176 177 178 178 179 179 180 181 181 182 179 194 197 206 186 170 179 185 188 188 189 189 190 190 190 189 161 160 140 151 156 192 192 193 193 194 195 196 195 195 196 197 184 174 170 181 115 163 200 200 200 201 201 202 202 203 203 203 204 204 
174 174 175 176 177 177 177 178 178 179 180 181 182 182 181 200 195 203 176 143 146 182 188 188 189 189 189 190 190 190 163 172 137 137 117 188 192 193 193 194 195 196 196 196 197 197 180 185 178 185 123 100 196 199 201 201 201 202 202 203 203 203 204 204 
174 175 175 176 177 177 178 179 179 179 180 181 182 182 175 187 189 203 162 119 119 175 187 188 189 189 188 189 190 190 168 178 132 120 85 161 193 193 194 195 195 196 196 197 197 197 175 177 163 156 185 137 166 185 201 201 201 201 202 203 203 202 197 188 
162 174 174 175 177 179 182 180 181 183 184 168 182 189 169 175 183 198 140 94 100 164 187 188 188 188 188 189 190 190 176 162 79 83 77 123 187 191 191 190 190 189 190 188 188 186 176 191 190 176 178 176 108 185 198 196 198 196 197 197 189 181 170 157 
181 188 189 189 198 195 198 191 192 195 196 184 196 204 185 185 183 185 128 104 112 166 183 199 199 197 193 191 187 184 180 143 68 46 41 71 130 174 169 172 182 179 172 175 182 171 164 187 189 170 169 157 151 192 169 163 172 192 164 172 167 196 195 193 
198 198 199 206 213 202 195 193 194 189 189 192 195 197 184 183 170 159 127 101 109 149 177 181 180 177 177 179 175 174 181 149 56 61 52 61 115 152 154 168 164 157 151 174 165 164 163 177 170 171 171 173 186 194 188 183 197 198 195 195 194 206 211 210 
201 202 203 201 184 172 172 174 177 172 173 174 177 175 178 182 157 148 148 72 87 114 189 186 195 193 186 176 154 149 163 131 69 80 98 111 113 135 165 169 167 167 164 169 180 184 187 182 178 180 182 187 183 184 190 185 186 189 188 194 197 196 195 190 
204 200 192 181 166 169 181 179 168 167 169 169 169 174 186 183 144 147 181 108 132 151 192 165 190 196 194 195 195 179 149 94 70 84 126 144 91 122 172 173 170 167 163 159 162 169 172 167 161 167 179 181 175 167 154 160 179 198 197 194 175 157 160 163 
209 206 213 194 170 179 183 179 180 190 185 182 183 189 183 176 112 166 210 214 154 136 182 109 181 191 185 181 190 189 114 79 81 82 151 167 113 181 195 181 179 171 153 165 178 170 183 159 152 149 173 199 186 176 146 132 199 195 180 172 147 128 65 83 
129 185 170 179 179 162 179 182 176 184 176 183 179 183 186 159 109 196 215 205 102 44 131 158 197 193 186 186 192 181 80 77 83 83 128 171 172 233 229 211 200 192 180 140 147 145 168 175 170 179 164 195 191 173 174 170 194 185 145 118 142 144 93 46 
132 165 141 155 181 164 187 203 182 197 202 206 200 197 191 140 172 204 205 167 60 47 131 183 200 206 207 206 203 179 103 107 111 124 136 183 201 224 210 174 134 153 193 174 176 171 192 184 194 214 182 206 209 197 203 198 193 177 155 142 162 160 135 96 
187 182 176 171 178 168 172 164 148 164 185 164 179 174 162 175 188 168 169 170 109 109 134 150 161 172 173 177 174 181 175 180 184 192 170 196 194 183 190 181 170 191 193 193 195 197 204 201 177 208 217 212 201 210 190 202 193 181 152 116 92 54 38 54 
171 168 178 186 193 167 177 168 179 184 193 174 177 183 202 200 184 172 183 177 169 169 146 163 183 177 190 195 179 183 182 197 205 203 186 198 204 207 217 198 198 211 198 212 209 201 221 203 197 210 218 225 222 215 212 202 202 179 130 40 48 71 82 90 
185 190 196 191 197 199 199 197 187 190 199 197 198 201 195 189 191 196 189 188 193 197 193 197 205 201 199 204 207 207 203 197 197 198 207 206 203 210 212 204 206 205 203 204 203 206 209 204 201 202 206 206 204 202 197 183 155 121 103 90 95 99 96 95 
175 173 171 162 162 171 170 160 147 147 173 168 169 178 176 167 170 176 164 165 177 182 186 190 192 185 186 187 183 190 191 182 182 180 186 183 180 184 193 188 185 190 189 186 185 184 182 189 186 189 191 186 184 181 160 136 103 83 79 83 83 82 83 84 
149 136 156 163 182 194 189 170 153 146 154 176 176 182 196 186 179 168 138 146 176 187 190 194 186 172 149 133 147 181 180 173 192 188 173 152 138 158 184 184 187 200 196 174 154 143 164 191 192 186 194 181 156 130 126 126 113 92 84 93 85 63 51 47 
158 82 92 112 139 174 176 160 152 120 68 87 113 148 165 170 163 159 78 51 61 112 145 163 159 144 133 73 42 80 127 135 170 165 154 102 61 45 114 137 145 162 158 149 110 79 76 143 151 152 163 167 128 75 42 48 60 53 50 57 63 34 21 12 
107 30 7 18 48 105 132 117 88 56 8 6 16 79 131 130 117 91 29 5 4 30 129 150 142 110 73 32 8 9 80 140 152 135 104 52 28 5 31 125 154 150 138 107 66 29 10 76 153 159 158 149 114 45 12 4 33 37 34 36 33 15 4 0 
53 18 8 6 8 55 108 104 90 58 30 16 13 40 112 130 130 118 87 48 19 23 97 136 143 138 127 102 48 32 62 134 141 137 137 125 82 35 38 114 147 149 148 144 123 61 28 55 143 156 154 153 152 97 29 16 37 51 46 46 43 35 18 7 
85 70 55 18 9 12 39 77 84 83 78 47 19 16 45 82 88 88 88 85 44 38 54 85 98 95 96 99 90 71 50 80 103 108 108 107 103 82 77 85 103 104 104 105 108 98 71 61 93 107 111 111 113 111 65 43 32 44 30 27 25 26 24 18 
91 93 106 116 105 59 58 64 136 146 149 161 139 114 99 107 161 161 156 153 160 163 156 145 176 168 168 181 178 177 182 165 182 189 194 192 190 188 187 183 184 177 183 183 185 183 184 179 171 178 190 182 179 183 185 171 132 108 73 48 43 41 39 40 
184 181 188 191 188 174 173 154 194 200 200 203 198 198 190 189 205 198 193 185 194 200 201 207 209 199 196 221 215 220 222 212 212 215 223 216 212 210 210 197 193 191 203 200 188 192 204 211 214 218 221 206 202 212 218 198 184 147 100 68 62 66 68 62 
186 187 192 190 192 195 197 197 195 199 201 208 206 204 201 207 211 201 194 189 196 206 204 208 207 202 203 216 216 224 223 216 216 217 225 215 209 207 202 122 94 101 115 102 86 84 84 120 124 129 113 106 123 195 229 204 183 159 113 79 69 76 72 65 
191 188 196 194 193 198 198 196 200 205 202 205 208 209 209 214 217 204 197 192 206 213 209 204 207 204 211 223 225 225 224 216 214 213 226 221 215 213 193 90 60 76 73 58 59 38 21 58 66 58 48 27 37 180 230 214 189 158 116 84 74 79 80 74 
196 192 196 196 194 199 202 203 205 210 208 213 214 215 216 219 219 218 215 213 214 214 210 208 204 199 209 229 226 222 228 215 213 213 220 216 223 219 139 72 78 81 41 26 18 44 77 65 59 33 26 25 107 205 228 212 189 162 119 81 73 79 86 81 
198 199 201 198 201 203 205 204 205 216 209 210 209 218 222 227 225 217 214 215 215 217 212 212 220 223 222 227 231 231 230 215 217 219 216 213 229 192 69 71 86 81 22 1 2 49 56 58 54 11 2 19 114 185 223 212 183 154 116 85 82 85 89 79 
200 201 205 203 206 208 209 209 209 215 196 196 203 221 228 234 229 223 219 214 222 223 212 208 228 227 220 228 233 231 206 208 199 159 156 145 155 140 57 45 58 78 62 31 9 0 2 17 56 45 18 20 20 53 171 199 162 109 86 69 77 90 92 71 
199 199 208 212 210 210 214 214 220 220 200 197 215 225 220 219 224 223 217 205 216 206 140 182 221 221 212 218 217 171 81 78 77 70 68 58 42 33 22 55 78 88 89 72 40 5 7 46 66 62 43 40 32 42 75 62 36 28 49 50 58 78 78 70 
168 184 205 184 146 173 186 185 184 185 172 169 178 159 130 154 176 166 152 139 191 187 87 84 157 167 184 166 126 94 50 49 58 68 53 28 16 5 19 41 51 63 56 31 19 12 32 69 58 34 33 28 40 47 36 24 12 19 44 57 71 71 79 82 
176 144 88 71 75 139 166 171 181 182 174 182 186 170 138 165 183 185 173 140 204 186 122 136 126 163 159 97 72 92 78 70 54 51 17 5 1 27 70 52 55 58 28 28 9 44 58 74 23 10 29 26 23 29 19 12 17 45 65 78 86 86 87 87 
68 63 50 29 53 96 128 146 171 178 178 171 174 188 169 110 134 193 200 195 216 184 156 203 193 207 144 74 132 142 137 77 58 53 13 1 0 9 32 58 83 46 12 2 7 56 80 77 15 7 26 24 21 25 40 50 56 63 50 43 79 84 79 77 
53 41 32 65 149 169 153 124 116 123 133 142 146 187 176 83 44 133 151 179 199 174 157 195 199 195 187 168 194 169 103 43 57 66 28 3 0 0 1 9 26 19 5 2 1 17 56 76 36 6 19 47 53 38 51 50 44 36 9 7 63 77 72 67 


221 221 222 222 223 224 224 225 226 226 226 227 228 229 229 229 230 231 231 232 233 234 234 234 235 235 235 235 237 237 237 238 237 238 238 239 239 239 240 240 241 241 242 242 243 243 243 243 244 245 245 245 245 245 244 245 245 245 245 246 246 246 246 247 
221 222 222 223 223 224 225 225 226 227 227 228 229 229 229 230 231 231 232 232 234 234 234 235 235 236 236 236 237 237 237 237 238 238 238 239 239 239 240 241 241 241 242 242 243 243 243 244 244 245 245 245 244 245 246 245 245 245 246 246 246 247 247 246 
222 222 222 223 223 224 225 226 226 227 227 228 229 229 229 230 231 231 232 232 233 234 234 234 235 236 236 237 236 235 237 237 237 238 238 239 239 239 240 241 241 241 242 242 242 243 243 244 244 245 244 245 244 244 245 245 245 245 246 246 246 246 247 247 
222 222 223 223 223 224 225 226 226 227 228 228 229 229 229 231 232 231 232 232 233 233 234 234 235 235 236 236 237 237 238 236 237 238 238 239 239 239 240 240 241 241 242 242 242 243 243 244 244 244 244 245 245 243 244 245 245 245 245 245 246 246 247 246 
221 222 223 223 223 224 224 225 226 227 227 228 229 229 230 231 231 231 232 232 233 233 234 234 234 235 235 236 237 237 238 237 237 237 238 238 239 239 240 241 241 241 241 242 242 243 243 243 243 244 244 245 245 245 245 245 245 246 245 246 246 247 247 247 
221 222 222 223 223 223 224 226 226 227 227 228 229 229 230 230 231 231 231 232 233 233 234 234 235 235 235 236 237 236 237 237 237 238 238 238 239 240 240 241 241 241 241 242 242 242 243 243 243 244 244 245 245 245 246 245 244 245 245 246 246 246 247 247 
222 222 222 222 223 223 224 225 225 226 227 228 228 228 229 230 231 231 231 232 233 233 234 234 234 235 236 236 235 236 237 237 237 237 238 239 239 240 240 240 240 241 241 242 242 243 243 243 244 244 244 245 245 245 246 245 244 245 245 246 246 246 247 247 
222 221 222 222 223 223 224 225 226 226 227 228 228 228 229 230 230 231 231 232 232 233 234 234 235 236 236 236 236 237 236 237 237 238 239 239 239 239 240 240 240 241 242 241 242 243 242 243 243 244 244 244 245 246 246 245 244 245 245 246 246 247 247 247 
222 221 222 223 223 224 225 225 225 226 227 227 228 229 229 230 231 231 231 232 232 233 234 234 235 235 236 235 236 237 237 238 238 239 240 238 238 239 240 240 240 241 241 242 242 242 242 243 244 243 243 243 245 246 245 245 245 245 245 245 246 246 247 247 
221 222 222 222 223 223 224 225 225 226 227 227 228 228 229 229 230 231 231 232 232 233 234 234 235 235 236 236 237 238 238 238 237 238 239 239 238 239 240 240 241 241 241 241 242 242 243 243 243 244 244 244 245 245 244 245 246 245 245 246 246 247 247 246 
222 222 222 222 223 224 224 225 225 226 227 227 228 229 229 229 230 231 232 232 233 233 234 234 234 235 236 236 237 238 238 239 237 237 237 238 239 239 240 241 241 241 241 242 242 242 243 243 244 244 244 245 245 245 245 245 246 245 245 246 246 247 247 247 
222 222 222 223 223 224 225 225 225 226 227 227 228 229 230 230 230 231 232 232 233 233 234 234 234 236 236 236 237 237 237 238 237 237 239 239 239 239 240 242 241 241 241 242 242 242 243 243 244 244 245 245 244 245 246 245 245 245 245 246 246 247 247 247 
222 222 222 223 223 224 225 225 225 226 227 227 228 228 229 230 230 231 232 232 233 233 234 234 235 235 236 235 237 237 238 239 237 237 238 239 239 239 240 240 241 241 241 242 242 242 243 243 244 244 244 245 244 245 246 246 246 245 246 246 246 247 247 247 
222 222 222 223 223 224 224 225 225 226 227 228 229 229 229 230 231 231 232 232 233 234 234 235 235 235 236 237 237 238 238 237 238 238 239 239 239 239 240 241 241 241 242 242 242 243 243 243 244 244 245 245 245 246 246 247 247 245 245 246 247 247 248 247 
222 222 222 223 223 224 225 225 226 226 227 228 229 229 229 230 231 231 232 232 233 234 234 235 235 234 236 236 236 238 238 238 238 238 239 239 239 240 240 240 241 241 242 242 243 243 243 243 244 244 245 245 245 246 246 246 247 246 245 246 247 247 248 246 
221 222 223 223 223 224 225 225 226 227 227 228 229 229 230 230 231 231 232 233 233 234 234 234 235 234 236 236 237 237 238 237 238 238 239 240 239 240 240 240 241 241 242 242 242 243 243 244 244 244 245 245 245 245 246 246 246 245 246 246 246 247 247 246 
222 222 222 223 223 224 225 226 226 227 227 228 229 229 230 231 231 232 232 233 233 233 234 234 235 235 235 235 236 236 237 237 238 238 238 239 239 240 240 241 241 241 242 242 243 242 243 244 244 243 244 245 246 246 246 246 245 245 246 246 247 247 247 248 
222 222 223 223 224 224 225 226 226 227 227 228 228 229 230 231 231 232 232 233 233 234 233 234 234 235 235 235 236 236 237 237 238 238 239 239 240 240 240 241 241 241 242 242 243 242 243 244 244 244 245 246 246 246 246 247 246 246 246 247 247 247 248 248 
223 223 223 223 224 224 225 226 226 227 227 228 228 229 230 230 231 232 233 233 234 234 233 235 234 236 237 236 237 237 238 238 238 239 239 239 240 240 240 241 241 242 242 242 243 243 243 244 245 245 245 246 246 245 245 247 246 245 246 247 247 247 248 248 
222 223 223 223 224 224 225 226 227 227 227 228 229 229 230 230 231 232 232 233 233 234 234 235 235 235 236 236 237 237 238 239 239 240 239 240 240 240 241 241 241 242 242 242 243 243 244 244 245 244 244 244 245 245 246 247 245 246 246 247 247 247 248 247 
223 222 223 223 224 225 225 226 226 227 228 228 229 228 230 230 231 232 232 233 233 234 235 235 235 236 235 237 237 238 239 239 239 240 239 239 240 240 241 241 241 242 242 243 243 243 243 244 244 243 243 244 245 245 245 245 246 246 247 247 247 248 248 249 
223 223 223 223 224 225 225 226 226 227 228 228 229 229 230 231 231 232 232 232 233 234 235 235 235 235 236 236 236 237 238 238 239 239 239 240 240 240 241 241 241 242 242 242 243 243 243 243 244 243 243 245 244 245 247 247 247 248 247 247 247 248 248 248 
223 223 223 223 224 225 226 226 227 227 227 229 229 229 230 231 231 232 232 232 234 234 234 235 235 235 237 236 236 237 237 238 239 240 239 240 240 240 240 241 241 242 242 242 243 243 244 244 244 229 213 243 244 245 246 246 246 247 247 247 247 248 248 248 
222 222 223 223 224 225 225 226 227 227 227 228 229 230 230 231 231 232 232 230 230 234 234 234 235 235 236 236 237 237 237 238 239 239 239 241 240 240 241 241 241 242 242 243 243 244 243 244 227 150 119 215 244 244 245 245 246 246 246 247 247 248 248 248 
222 222 223 224 224 225 225 226 227 227 228 228 229 230 230 231 230 230 221 198 172 221 235 234 234 235 236 236 236 237 238 237 237 239 239 240 241 241 241 241 241 242 242 243 243 242 242 236 154 77 83 148 241 245 245 246 247 245 246 247 247 248 248 248 
223 223 223 224 225 225 225 226 227 227 228 229 229 230 231 230 230 198 145 136 103 192 234 234 235 235 236 236 237 237 235 205 183 226 239 240 240 241 241 241 241 242 242 243 242 242 242 216 101 81 83 195 244 245 245 246 246 246 247 247 247 248 248 249 
222 223 223 224 225 225 226 226 226 227 228 229 229 230 230 230 222 153 125 123 94 146 232 234 235 235 237 236 237 236 190 135 108 168 239 240 241 241 241 241 242 242 242 242 242 242 242 185 80 68 108 234 246 245 245 245 246 246 247 247 248 248 249 249 
222 223 223 224 224 225 225 226 225 227 228 228 229 230 230 230 218 132 117 120 101 193 233 234 235 235 237 236 237 232 148 124 118 190 239 240 241 240 241 241 242 242 242 242 242 242 238 146 81 75 191 244 246 245 245 246 247 247 247 247 248 247 248 249 
223 223 223 224 225 225 225 225 226 227 228 227 228 229 229 229 198 119 116 95 127 228 233 235 235 235 236 236 237 234 161 117 127 170 237 240 240 241 241 241 242 242 241 241 241 242 229 115 107 101 182 243 245 245 246 247 248 247 247 247 248 248 248 249 
222 223 223 224 224 225 226 226 227 227 228 227 228 230 229 227 152 112 115 87 172 232 234 236 235 235 236 236 237 236 173 110 105 193 238 240 240 241 241 240 241 242 241 241 241 242 220 108 110 113 127 228 245 245 247 246 246 247 247 247 248 248 249 249 
222 223 223 224 225 225 226 226 227 228 228 228 229 229 228 204 115 112 112 109 209 233 234 236 236 237 236 236 237 235 160 107 97 133 232 240 241 241 241 241 241 241 242 241 242 242 208 96 104 108 101 207 245 245 246 246 246 247 247 247 248 248 248 249 
223 223 223 224 225 225 226 226 227 228 228 228 230 229 205 130 94 100 111 111 200 233 234 235 235 236 236 237 237 236 147 93 91 112 213 240 240 241 241 242 242 241 243 242 243 242 198 88 96 102 83 205 245 245 246 246 246 247 247 248 248 248 249 249 
223 223 223 224 225 225 226 226 227 228 227 227 229 229 178 110 114 122 106 95 145 225 234 234 235 235 236 237 237 236 147 87 73 89 174 240 240 241 241 242 242 242 243 243 243 242 188 103 94 108 76 192 245 245 245 246 246 247 247 247 247 248 248 248 
222 223 224 224 223 225 226 226 227 228 228 228 228 228 170 116 111 118 100 75 88 209 234 234 235 235 236 236 237 236 149 98 78 70 115 235 240 241 241 241 241 242 243 243 242 242 184 111 104 108 77 97 211 242 245 246 246 247 247 247 246 246 248 247 
221 223 224 224 224 224 225 226 226 227 227 228 228 226 165 103 106 117 91 63 69 196 234 234 235 235 236 236 237 236 153 105 82 59 62 196 240 240 240 240 240 241 241 242 242 242 174 104 97 89 115 86 122 221 245 246 246 247 246 246 245 241 231 214 
177 196 195 195 197 197 198 196 195 198 191 178 193 169 125 92 99 115 80 44 55 177 229 233 234 234 234 234 236 235 164 97 44 39 44 121 225 230 228 225 222 219 215 210 207 200 151 114 112 106 107 106 83 193 208 203 200 194 194 191 176 150 125 106 
120 125 123 121 129 127 128 121 123 123 123 116 129 128 107 99 102 106 70 50 55 112 150 173 174 172 171 169 167 166 136 80 31 19 26 46 107 132 125 123 127 122 117 112 114 104 98 111 112 100 100 92 94 124 110 103 109 118 102 106 98 118 115 115 
118 116 116 120 125 118 110 109 112 109 110 114 119 117 105 97 96 88 63 55 54 86 98 102 101 98 99 102 102 102 104 86 22 27 26 28 65 88 92 95 93 92 89 98 93 93 96 98 96 97 99 99 107 114 113 110 119 117 118 116 115 124 128 128 
118 118 117 114 102 92 87 91 94 93 94 94 96 93 99 98 89 80 80 41 47 66 105 109 122 121 112 104 88 80 89 73 34 44 54 64 65 76 91 91 88 91 90 94 101 105 107 102 101 102 106 109 105 107 109 107 108 110 112 114 120 118 116 113 
121 116 107 98 88 92 103 103 89 86 90 87 85 95 109 100 84 77 103 65 80 83 110 100 120 123 123 120 117 101 85 54 36 45 67 70 46 73 97 99 95 93 88 87 91 91 94 89 86 92 98 99 94 93 80 83 103 117 117 115 99 84 88 93 
124 121 128 115 93 102 106 99 99 110 105 102 103 111 107 96 66 90 123 129 92 76 103 66 115 118 110 107 115 116 64 43 45 43 83 85 54 110 118 107 103 100 83 95 103 96 107 93 84 89 99 117 106 99 78 73 121 119 108 99 77 64 33 42 
71 104 98 104 101 89 101 101 96 103 96 102 98 102 106 89 59 109 127 123 62 23 75 98 124 118 111 111 116 111 42 45 49 43 64 88 88 143 143 130 121 115 106 83 85 80 97 99 92 111 97 118 115 97 102 103 118 110 83 69 85 89 62 31 
78 92 77 88 104 100 112 124 110 118 120 124 119 118 109 79 97 118 125 101 40 24 64 103 120 124 125 126 124 108 58 63 68 77 78 108 120 138 127 103 74 90 116 105 103 101 111 105 115 133 111 129 128 118 126 124 121 106 92 86 97 96 81 57 
112 110 103 104 101 100 98 99 85 94 106 96 106 103 94 96 106 99 92 99 61 48 63 75 83 98 97 102 103 110 110 107 111 115 104 121 117 112 111 108 99 117 118 116 117 121 122 124 108 130 133 132 127 134 119 126 118 115 93 68 51 31 25 36 
93 92 100 106 111 102 103 99 104 104 113 104 106 110 119 116 107 99 99 102 94 87 80 91 98 102 110 112 105 109 112 115 121 119 109 118 122 124 129 119 120 127 118 125 123 119 133 123 122 131 137 141 138 132 131 125 126 113 81 24 36 55 60 61 
100 104 109 104 112 114 114 110 102 104 115 116 117 117 110 105 107 111 106 106 110 113 112 114 120 118 117 119 122 123 119 112 111 111 119 123 122 125 126 123 127 123 118 119 117 121 127 125 122 121 127 126 124 122 120 114 97 74 69 63 68 70 69 68 
93 89 86 77 81 89 87 78 69 73 93 89 89 96 95 88 89 95 88 86 96 100 103 105 105 101 101 101 99 105 105 97 98 98 105 102 99 100 107 107 107 109 110 106 105 103 105 110 108 110 113 108 106 104 87 74 56 47 47 53 51 52 53 53 
87 66 69 80 102 110 106 95 85 86 82 95 94 96 108 102 99 93 77 70 92 100 108 109 104 96 82 66 73 98 99 99 113 111 100 85 71 84 102 107 110 122 120 102 88 69 87 112 115 108 117 109 93 73 69 73 71 58 51 62 54 36 26 23 
92 48 42 51 70 92 94 84 81 69 38 40 56 75 85 91 85 87 46 28 31 58 76 85 81 75 73 41 24 43 66 71 96 92 83 55 35 26 59 73 77 84 84 82 62 43 38 74 81 83 93 96 70 41 23 26 28 26 22 25 33 16 10 5 
59 20 5 12 23 49 72 65 49 32 7 5 10 38 65 70 64 50 17 4 4 18 67 76 75 60 42 19 5 6 43 72 81 70 55 30 17 4 19 69 86 82 76 58 39 15 7 45 85 89 93 87 64 24 6 3 11 10 10 10 13 6 3 1 
29 8 5 4 5 24 45 45 40 27 15 7 5 16 49 58 59 53 38 23 8 9 39 57 66 66 63 49 20 11 24 58 61 57 64 64 41 13 16 58 76 74 74 74 63 27 10 23 73 80 82 86 86 51 9 4 11 12 11 13 10 7 4 2 
43 36 31 11 4 5 16 36 40 38 39 25 10 6 21 41 45 44 45 45 23 19 26 41 50 49 50 51 48 38 20 37 51 55 57 57 53 44 42 46 55 54 53 52 54 51 35 29 49 57 59 63 65 63 30 19 14 16 8 7 7 7 6 5 
47 49 57 65 58 24 20 19 68 72 79 89 75 54 46 48 84 81 76 75 80 83 81 73 96 90 88 96 93 93 97 84 95 102 107 108 107 104 103 100 102 94 97 96 101 97 101 99 94 98 105 102 102 105 102 93 68 46 22 9 8 10 9 9 
89 91 96 101 102 91 91 74 100 102 108 111 107 105 99 100 109 102 99 92 100 105 107 112 115 108 105 122 118 122 123 116 116 118 124 122 120 117 114 105 105 103 111 110 103 104 114 118 119 122 124 118 116 127 125 107 101 72 39 21 18 26 26 20 
93 95 98 100 104 103 103 104 105 103 110 116 114 110 106 114 116 107 102 99 102 113 111 113 111 109 111 120 119 126 124 117 118 118 127 120 115 113 114 73 58 61 74 65 50 47 46 71 72 77 65 59 68 118 137 116 100 84 51 33 27 37 32 28 
100 98 102 106 103 105 105 103 111 112 115 117 119 116 116 123 123 109 103 101 108 116 112 106 100 97 106 123 128 127 125 117 116 113 128 126 120 120 111 56 35 41 45 34 31 20 14 35 37 33 26 14 19 111 137 124 105 74 49 38 30 38 39 35 
109 105 106 109 104 107 110 112 115 119 121 127 124 121 124 128 126 122 120 119 115 117 113 111 95 87 99 129 129 124 131 119 115 115 121 120 127 127 78 40 50 53 24 14 11 31 46 38 36 19 14 18 70 126 134 120 106 81 54 32 27 38 44 38 
111 112 111 110 111 111 112 113 114 124 117 119 117 122 130 133 130 124 121 121 119 120 114 114 118 120 120 128 131 131 132 119 120 121 118 116 131 109 34 42 56 57 14 1 2 35 34 34 35 9 2 16 73 115 134 122 104 77 53 37 38 44 47 43 
109 112 114 111 111 111 115 116 118 124 106 109 113 124 133 138 132 127 122 121 124 123 114 108 128 128 122 128 132 131 121 121 117 95 93 82 91 81 31 27 34 50 46 23 7 1 2 12 36 30 12 10 12 34 105 114 91 55 41 30 39 48 51 40 
109 111 120 121 115 113 117 117 122 124 108 106 116 124 120 122 125 123 118 110 117 115 74 99 123 122 116 120 119 95 45 45 46 45 43 35 24 17 13 37 51 61 64 51 26 4 5 31 43 39 20 11 7 13 40 29 17 14 22 24 33 46 46 46 
94 107 122 102 71 86 92 91 90 92 79 76 85 77 60 75 92 87 79 71 104 113 53 46 83 90 105 91 69 50 25 27 35 46 35 17 8 4 15 25 25 35 35 17 9 7 16 44 36 17 12 11 9 13 11 9 6 10 22 35 51 51 57 62 
94 69 45 35 35 80 96 98 103 110 102 101 107 106 89 95 107 113 109 92 128 113 69 84 75 98 91 50 46 57 49 45 35 34 12 3 1 19 45 35 34 37 16 15 6 24 32 51 14 5 10 10 9 9 7 5 11 30 45 56 64 63 63 66 
31 22 20 15 32 60 83 86 97 103 103 95 96 111 104 62 79 116 119 115 135 112 85 123 114 124 82 37 79 83 77 44 38 36 10 1 0 7 21 37 56 30 7 2 5 35 54 55 10 4 10 10 13 16 23 28 36 45 31 31 61 64 58 55 
22 9 12 45 101 114 104 73 59 54 59 66 69 111 107 50 26 73 85 102 119 102 86 117 116 112 103 96 113 100 60 16 34 47 21 2 0 0 1 7 19 13 3 2 2 11 38 52 23 4 10 33 36 24 28 26 25 21 5 6 45 54 48 41 