


63 65 66 67 68 68 68 68 67 66 66 66 67 69 73 75 78 81 83 85 86 87 87 89 91 93 96 97 100 102 104 104 104 105 105 105 102 89 66 34 17 12 9 8 7 8 7 6 4 4 3 3 2 1 2 2 2 2 2 1 1 1 1 1 
63 65 67 68 69 70 71 71 71 70 70 70 70 73 75 77 79 81 84 85 88 89 89 90 92 94 97 99 101 103 103 105 105 105 104 102 86 56 33 20 14 12 13 10 8 8 7 6 5 4 3 4 3 2 2 3 2 1 1 1 1 1 1 1 
64 65 67 69 70 71 73 73 74 73 74 74 74 74 76 78 79 81 83 85 87 89 90 91 92 94 97 99 99 100 101 100 99 98 85 71 43 23 15 13 11 10 18 11 7 6 7 6 5 4 3 3 2 1 2 2 2 2 2 1 1 1 2 2 
64 66 68 71 72 73 75 76 76 76 76 76 75 75 75 77 78 79 81 83 86 87 89 90 91 92 94 96 95 91 86 76 64 59 37 25 17 15 12 11 9 8 11 8 5 5 6 6 5 3 3 2 2 1 2 1 2 2 2 1 2 3 3 2 
65 68 70 72 74 75 78 79 79 80 78 78 76 75 74 74 74 75 77 79 81 83 85 87 88 87 86 78 65 50 39 28 20 18 13 11 10 10 8 7 9 11 9 6 4 4 5 5 5 3 2 2 2 1 1 1 2 4 3 2 3 5 4 3 
65 69 71 73 76 78 78 80 81 80 79 78 76 73 71 70 69 69 70 71 74 76 77 76 76 63 54 36 26 18 15 12 10 9 8 6 5 5 5 4 6 9 8 7 5 4 4 4 4 3 2 3 2 1 1 2 3 3 3 4 3 3 5 3 
31 40 53 66 74 77 79 81 81 81 79 77 74 72 69 66 65 65 64 64 62 58 53 42 39 28 21 15 15 13 10 9 7 7 6 5 4 4 3 3 4 6 5 4 4 3 3 4 3 3 2 2 2 1 2 2 3 3 3 3 3 4 5 3 
39 31 28 30 39 52 61 66 70 74 72 70 68 64 63 62 58 55 51 46 34 24 21 15 15 15 13 12 11 13 11 7 6 5 5 4 4 4 3 3 4 6 5 3 4 3 2 2 3 2 2 1 1 1 2 3 3 3 3 4 3 4 4 3 
48 54 50 45 46 45 32 27 48 64 56 49 38 27 26 26 24 23 18 15 10 8 8 9 10 10 7 8 10 9 7 5 4 4 4 4 3 4 3 3 5 6 4 3 3 2 1 1 1 1 2 2 2 2 3 3 3 3 3 3 4 3 3 3 
41 49 54 56 55 62 58 53 49 72 59 45 41 28 10 6 6 6 6 6 5 5 5 8 8 7 5 5 5 8 7 5 4 3 4 3 3 3 3 3 5 4 4 3 3 2 2 2 2 2 2 2 2 2 3 4 3 4 3 3 2 2 3 2 
35 41 53 62 54 46 62 59 35 41 47 32 24 16 6 3 3 4 5 5 5 5 6 6 6 5 4 4 4 5 7 5 3 3 4 3 3 3 3 6 4 4 3 3 1 1 2 2 2 2 2 3 3 2 3 5 4 4 3 2 3 3 3 3 
41 57 57 46 34 46 52 49 51 63 87 49 33 34 16 8 4 3 6 6 6 6 6 5 5 4 4 4 5 5 4 5 5 3 3 4 3 3 3 6 4 5 7 5 2 1 2 2 1 2 2 2 3 3 3 4 4 4 3 2 3 3 3 3 
31 27 21 24 34 38 30 50 53 38 57 74 32 45 43 37 13 6 10 8 7 6 7 6 5 5 4 5 5 5 4 4 5 4 3 4 3 3 4 5 3 5 8 7 4 2 2 3 2 2 2 2 3 3 3 3 4 4 3 2 2 2 2 2 
12 9 11 29 30 23 17 35 34 28 20 34 24 16 20 19 5 6 13 11 8 6 6 6 7 7 6 5 6 7 5 4 4 4 3 5 3 3 6 4 3 4 4 4 3 2 2 4 3 2 2 2 3 2 2 2 3 3 2 2 2 2 2 2 
5 7 12 17 17 17 10 15 27 31 14 6 6 5 5 7 4 3 7 7 7 6 6 6 8 8 7 8 7 7 6 5 3 3 4 6 4 4 5 3 2 4 4 4 3 2 2 3 2 2 2 2 2 2 2 2 2 2 2 3 3 3 3 2 
4 5 8 9 12 8 8 14 31 31 17 9 4 3 4 3 4 5 5 5 7 7 6 6 7 7 7 7 7 8 7 6 5 4 3 7 5 5 5 2 3 3 4 3 2 2 2 2 2 2 2 2 2 2 2 3 3 2 2 3 3 4 4 2 
6 6 8 7 8 6 7 14 21 13 12 10 4 3 4 6 6 7 6 5 6 6 6 7 8 7 7 8 10 10 9 7 6 5 4 6 5 6 5 3 3 2 4 3 3 2 2 2 2 2 2 3 2 2 3 3 3 3 3 3 3 4 4 3 
6 7 11 13 8 7 8 15 11 6 7 5 4 4 6 12 10 8 7 5 6 8 7 9 9 8 8 8 9 11 10 7 8 6 6 7 7 7 4 4 4 2 3 2 2 2 2 3 3 3 2 2 2 2 2 1 2 3 3 3 3 4 3 3 
4 5 6 9 11 19 21 23 14 7 5 3 4 6 7 12 13 10 11 9 7 7 8 8 7 7 9 7 9 10 8 7 8 7 8 8 8 8 4 6 4 3 3 2 2 2 3 5 4 3 3 3 2 2 1 1 2 1 2 2 3 4 4 4 
5 5 4 7 9 21 28 25 11 3 3 3 6 11 10 10 13 15 13 10 8 7 7 7 7 7 7 7 8 9 7 7 7 6 7 9 9 12 6 6 3 4 4 2 3 2 3 5 5 4 5 5 2 1 1 1 2 2 1 2 4 4 4 4 
10 5 4 4 4 7 15 19 8 2 2 4 6 11 12 12 13 15 11 9 9 8 6 6 7 7 8 6 7 7 8 6 6 5 5 9 11 12 9 6 2 5 3 2 3 3 3 4 6 8 6 4 5 3 2 1 2 2 2 2 3 3 3 3 
12 6 4 3 3 2 3 4 6 5 4 6 9 10 13 12 11 11 9 10 8 6 5 6 7 8 11 8 7 9 10 11 10 7 5 6 11 11 13 7 3 6 2 2 2 3 2 5 7 8 4 4 4 4 2 2 2 3 2 3 2 2 3 2 
14 7 5 3 2 2 2 2 3 4 6 10 12 14 14 13 10 12 12 13 10 9 8 6 7 9 12 8 7 9 12 16 17 9 5 5 9 12 18 7 5 8 2 2 5 3 3 5 10 6 5 5 5 5 3 3 2 3 2 2 2 3 3 2 
16 11 9 6 4 3 3 3 4 5 9 12 16 15 15 15 15 17 15 14 12 20 38 19 12 11 11 8 6 8 10 14 13 8 6 5 12 15 21 11 8 10 3 5 6 4 4 8 6 5 5 5 4 4 4 3 3 3 2 2 2 2 3 3 
22 19 15 9 7 6 5 4 5 7 14 16 19 17 22 22 16 14 10 10 13 36 133 135 58 21 12 6 4 6 10 12 11 7 5 7 16 17 18 14 11 12 6 9 5 4 8 7 4 5 4 5 4 3 3 3 2 3 2 2 3 2 2 1 
24 26 21 17 13 8 6 7 7 10 15 20 21 22 23 17 14 10 7 7 13 27 75 143 118 43 17 7 3 4 7 12 12 10 10 19 20 13 14 13 12 13 9 11 6 7 8 4 3 4 4 3 3 3 2 2 4 5 3 2 2 2 2 2 
21 23 21 21 20 13 9 11 13 17 21 20 20 22 24 16 10 7 6 7 9 19 26 31 16 47 31 8 4 4 6 7 11 14 18 27 24 18 15 17 14 15 14 10 8 7 8 6 4 4 4 3 3 3 2 3 6 7 5 3 2 2 2 1 
13 17 21 24 22 20 15 15 21 25 25 18 16 16 15 13 11 10 8 6 6 8 13 47 113 170 80 10 5 3 4 5 11 19 24 29 23 28 25 25 23 22 22 16 11 7 8 9 9 5 3 3 2 3 4 5 6 6 4 3 2 2 2 2 
11 13 18 22 27 26 22 21 20 24 23 14 10 9 8 10 8 7 6 5 5 5 8 59 205 208 79 13 7 4 3 5 9 14 23 26 26 22 26 26 30 24 22 16 12 11 10 10 9 7 5 4 4 3 4 6 6 4 2 2 2 2 2 2 
9 11 13 20 28 26 25 23 23 24 23 19 16 11 10 8 6 6 6 5 4 4 5 12 65 69 29 20 12 7 5 4 7 8 22 31 31 21 19 26 20 24 19 16 13 14 16 13 10 7 5 5 5 3 4 5 5 4 3 2 2 2 2 2 
11 10 10 16 23 26 31 30 32 27 26 22 16 12 9 7 5 4 4 4 3 3 4 5 8 13 19 25 20 9 6 5 5 7 14 32 38 24 13 10 10 10 16 14 15 18 41 48 25 11 7 5 4 3 4 5 5 5 3 2 2 2 2 2 
13 12 14 19 25 29 31 29 29 28 28 23 15 11 8 7 5 4 4 4 3 3 3 5 6 8 9 11 12 10 9 8 8 9 15 25 30 26 19 11 6 6 10 12 17 16 26 56 61 23 12 6 5 4 4 4 4 3 2 2 2 2 2 2 
19 15 17 25 31 31 30 33 26 23 23 22 17 11 9 9 7 5 3 4 4 3 4 4 5 8 11 13 15 17 19 15 10 10 15 19 15 12 15 15 13 14 13 12 20 38 37 25 54 31 17 14 8 5 4 3 2 2 2 2 2 2 1 2 
25 24 24 29 29 29 33 30 30 27 27 22 15 11 9 8 6 5 5 5 6 7 7 7 8 9 13 15 13 14 18 14 11 9 9 9 9 11 11 12 20 23 18 14 29 84 88 44 30 26 24 22 13 5 3 2 2 2 1 2 3 2 2 2 
25 26 26 25 24 26 27 25 27 27 27 23 19 14 9 7 6 6 6 7 9 13 18 19 19 22 25 27 23 12 8 6 5 6 8 13 19 15 14 15 22 25 19 19 80 177 186 145 72 31 25 19 8 3 3 2 1 1 1 2 2 2 3 3 
22 21 24 21 21 23 25 25 24 23 22 17 13 10 9 7 5 5 5 5 6 8 12 14 15 18 19 16 13 7 6 7 7 9 14 25 35 17 15 17 18 19 17 55 151 187 194 192 161 69 24 19 7 3 2 1 1 1 1 2 2 2 3 3 
16 16 17 17 16 14 16 23 20 16 16 15 13 9 8 6 5 4 5 5 6 7 8 8 7 7 8 8 6 6 7 9 9 11 15 22 30 19 13 11 13 15 19 87 184 194 187 172 124 45 26 15 4 3 2 1 1 2 2 2 2 3 2 2 
12 11 14 13 9 7 8 13 14 17 19 14 10 8 8 6 5 4 4 3 3 4 4 4 5 5 5 6 5 6 6 9 11 15 20 26 31 19 15 16 20 21 19 41 131 166 149 98 43 26 23 8 2 2 2 1 1 2 2 2 2 2 2 2 
10 7 7 6 5 4 4 6 8 12 15 15 13 10 7 5 5 4 3 3 3 3 5 24 41 21 11 11 12 11 8 7 11 18 22 24 23 20 23 20 12 12 18 22 36 38 32 25 19 23 15 4 3 2 2 1 2 2 2 2 1 1 2 2 
6 5 4 4 3 3 3 4 5 8 11 15 17 14 11 9 6 4 4 4 4 6 13 108 194 112 20 20 23 23 16 13 14 14 12 13 14 16 12 7 6 8 11 15 17 15 18 21 17 15 6 3 3 2 1 2 3 2 2 2 2 1 1 1 
3 3 3 2 2 3 3 3 4 7 10 14 16 17 16 12 8 6 5 5 9 14 12 25 131 117 26 35 34 26 17 10 7 6 5 6 5 6 6 9 7 8 8 9 13 18 19 21 23 15 6 4 4 3 2 2 2 1 2 2 2 2 1 1 
4 6 6 3 1 1 2 3 5 9 12 13 17 20 19 13 10 9 12 23 28 40 106 127 155 66 37 39 36 31 19 8 6 7 5 5 6 7 7 7 5 9 7 10 15 21 21 22 25 19 11 5 3 2 2 2 2 2 2 2 3 3 2 2 
6 7 3 2 2 3 5 6 8 11 14 16 14 12 14 13 15 16 20 29 28 81 213 194 100 32 38 40 31 18 11 6 5 5 5 7 8 6 7 6 6 10 12 17 21 23 20 23 35 55 45 12 3 2 1 1 2 1 2 3 4 4 5 3 
7 4 4 7 8 12 15 13 14 19 19 15 10 10 11 11 12 9 12 17 17 36 70 45 22 19 24 20 16 8 7 5 4 4 5 8 11 10 9 12 16 17 18 19 24 23 28 47 97 131 101 37 6 2 1 2 1 1 2 3 3 3 2 2 
3 9 17 15 20 24 29 21 18 19 17 15 12 10 8 11 8 6 8 10 12 19 26 18 15 16 11 7 5 7 6 5 5 6 7 12 17 18 10 17 15 16 21 18 25 38 70 137 177 184 143 74 18 3 2 2 1 2 2 2 2 1 1 2 
8 13 22 23 29 37 39 17 17 12 8 9 9 8 10 10 8 7 9 14 14 18 23 15 11 9 8 7 6 6 5 6 6 10 11 15 19 18 13 19 19 23 33 37 60 104 139 162 190 191 164 99 40 10 2 1 1 3 2 1 2 1 1 1 
14 18 20 29 34 38 30 13 16 11 6 6 6 6 9 8 7 8 13 15 16 15 12 9 8 9 10 7 7 8 6 6 8 13 15 16 17 18 19 27 41 58 97 120 145 162 144 152 177 155 112 76 53 27 7 1 2 2 2 1 1 1 2 2 
26 26 26 35 32 31 24 26 20 16 16 23 26 21 18 10 12 15 15 15 13 12 11 9 9 10 8 5 6 6 6 7 11 14 19 20 27 34 43 57 66 82 148 185 191 191 145 101 93 81 74 71 63 46 20 4 2 2 3 2 2 2 2 2 
25 28 34 36 29 31 35 49 60 61 65 69 66 61 53 32 21 18 13 12 14 12 10 9 8 8 10 12 16 18 23 29 37 42 47 55 65 64 67 73 74 84 142 171 183 205 188 149 103 87 81 79 74 65 42 14 3 2 3 2 2 3 3 3 
23 25 32 46 54 55 61 72 78 79 78 75 72 69 66 60 54 44 32 24 19 16 15 16 22 37 51 56 61 64 68 73 76 76 75 78 82 77 77 78 78 79 107 173 206 220 187 181 177 148 118 97 94 84 61 27 7 3 3 3 3 3 3 2 
38 51 56 57 64 69 71 75 77 77 76 74 72 69 66 65 62 61 59 58 56 54 55 60 71 79 83 84 85 86 85 84 84 83 84 85 86 82 82 82 82 80 84 120 175 210 214 205 186 180 176 152 138 106 75 38 9 3 3 4 3 2 2 1 
56 59 62 65 68 70 72 74 74 74 74 74 71 69 67 64 64 64 66 69 72 75 77 81 86 89 90 90 90 90 89 87 85 86 86 88 86 88 86 85 85 84 85 91 135 196 220 207 166 178 167 162 185 167 122 62 12 4 5 5 3 2 2 2 
66 66 66 66 68 69 70 72 72 73 73 73 71 70 69 66 65 66 69 71 73 77 80 84 88 90 92 91 91 91 90 89 88 87 85 87 88 90 89 86 85 86 87 89 100 158 207 217 210 207 188 186 188 165 157 99 27 8 6 4 2 2 3 3 
69 69 68 67 67 68 70 71 72 72 72 73 73 72 71 69 67 68 69 71 73 77 81 85 87 90 91 91 90 91 90 89 88 88 87 87 89 89 89 87 85 87 88 90 93 104 145 211 208 198 200 199 189 175 174 141 69 17 5 3 3 3 4 2 
67 69 69 67 66 67 69 70 71 72 72 73 73 73 72 70 69 69 69 71 74 77 80 85 87 88 89 90 90 90 90 90 89 89 89 88 86 86 85 84 85 88 89 92 94 97 109 152 182 191 191 193 197 207 196 172 113 44 8 4 4 5 4 3 
67 69 69 68 67 66 68 70 71 72 73 73 73 73 72 70 69 69 69 71 74 76 80 84 86 87 89 90 90 91 91 90 89 88 88 87 84 83 83 83 85 88 91 93 95 97 99 102 120 149 161 169 202 217 196 181 147 72 15 4 4 4 3 3 
67 68 69 69 68 67 67 68 70 72 72 73 73 72 71 70 69 69 70 72 74 77 80 84 86 87 87 89 89 90 91 90 89 88 87 85 83 82 82 83 85 89 91 93 96 98 97 96 96 99 108 137 188 207 209 215 178 77 22 8 5 4 4 3 
67 67 67 69 68 67 66 68 69 71 71 72 72 71 70 69 69 69 70 72 75 78 80 83 85 86 87 87 88 90 90 90 89 87 84 83 82 82 82 83 86 90 92 94 97 97 95 93 93 92 94 115 147 161 200 211 164 107 61 21 5 4 3 3 
66 67 67 67 67 67 66 67 68 70 70 71 70 70 69 68 68 69 70 73 77 79 81 83 85 86 86 86 87 88 90 89 87 85 83 82 81 82 83 85 87 90 92 94 95 95 93 92 91 91 91 93 97 115 169 191 178 169 110 35 6 4 3 3 
66 66 66 66 65 65 65 67 68 69 69 68 68 68 67 67 68 69 71 74 77 79 81 82 84 85 86 86 86 87 87 86 86 84 82 81 80 81 84 86 88 90 93 94 95 93 92 91 90 91 91 92 92 93 107 140 175 194 149 53 8 5 3 2 
62 64 65 65 65 65 66 66 66 67 67 66 66 66 66 67 68 70 72 75 78 79 81 81 81 81 82 83 83 84 84 84 84 83 81 80 80 82 84 86 89 90 92 93 92 91 91 90 89 90 91 91 91 90 90 96 115 140 123 66 23 6 3 2 
59 62 63 63 64 64 65 65 64 64 64 65 65 65 65 66 68 71 73 75 78 79 79 79 79 80 80 80 80 82 82 81 81 80 79 79 80 82 84 87 89 91 92 91 89 89 89 89 88 89 89 90 89 89 89 89 89 89 85 73 38 10 4 2 
58 58 60 61 63 64 65 65 64 63 63 63 63 64 65 65 69 72 73 75 76 78 78 77 77 77 77 78 79 79 79 79 78 77 77 78 80 82 84 87 89 91 90 89 88 88 88 88 89 88 89 88 87 87 87 87 86 85 82 68 41 16 5 4 
55 57 58 60 62 63 64 64 63 63 62 62 62 64 65 65 69 72 74 75 75 76 75 75 75 75 75 76 76 76 76 76 75 75 75 76 78 82 84 86 89 90 88 87 87 87 87 87 86 86 86 86 85 84 85 84 85 84 84 75 57 32 14 11 


30 31 31 31 31 31 30 30 30 29 29 29 29 31 31 33 34 36 38 40 41 41 42 43 46 49 53 55 58 61 62 63 64 65 64 64 61 52 39 24 16 12 10 9 8 8 7 5 5 4 3 2 2 1 2 2 2 2 2 1 1 1 1 1 
31 31 31 32 33 32 32 31 31 30 30 30 30 31 32 34 35 37 38 41 41 43 44 45 47 50 54 57 60 62 62 64 65 65 63 62 51 35 25 19 14 11 14 11 9 8 6 5 5 3 3 4 3 2 2 3 2 1 1 1 1 1 1 1 
31 31 32 33 35 35 35 34 33 32 31 30 30 31 32 33 35 36 37 40 42 43 45 46 47 49 53 56 57 59 60 61 60 58 51 44 31 20 16 14 12 11 19 12 6 5 6 5 5 4 4 3 2 1 2 2 2 2 2 1 1 1 2 2 
31 32 34 35 36 37 37 37 36 35 34 33 32 32 31 33 34 36 37 39 41 42 44 46 46 47 49 52 52 52 50 45 39 37 27 21 17 15 12 11 10 9 12 9 5 4 5 5 5 4 4 2 2 1 2 1 2 2 2 1 2 3 4 2 
33 34 35 36 38 40 40 40 40 38 36 35 33 32 31 32 34 35 36 37 38 40 41 43 44 43 44 42 38 31 26 21 17 15 12 12 10 10 8 8 9 10 8 6 5 5 5 5 4 3 2 2 2 1 1 1 2 4 3 3 4 6 5 3 
33 35 36 37 39 40 41 42 41 40 39 36 35 33 31 31 32 32 34 34 35 37 39 39 39 34 32 24 21 17 14 12 11 9 8 7 6 6 5 5 6 8 7 7 6 5 5 4 3 2 2 3 2 1 1 2 3 4 4 4 4 4 5 4 
19 24 30 35 39 42 42 43 42 41 40 37 36 34 32 31 31 31 31 31 32 31 32 27 28 23 19 16 16 14 11 10 8 8 7 6 5 5 4 4 4 6 6 5 5 3 3 3 3 2 2 2 2 1 2 2 3 4 4 4 3 4 6 4 
27 22 20 21 26 32 35 38 40 41 39 36 34 33 31 31 30 29 28 26 22 20 20 16 16 17 14 13 12 14 13 8 7 6 6 5 5 5 4 3 5 7 6 4 4 3 2 2 3 2 2 1 1 1 2 3 3 4 4 5 4 5 5 4 
34 36 33 29 31 34 25 21 38 48 38 32 27 19 16 16 16 15 14 12 10 9 9 10 10 11 8 9 11 10 8 6 5 5 5 5 4 5 4 3 6 7 5 3 3 2 1 1 1 1 2 1 2 2 4 4 4 4 4 4 5 4 4 3 
32 37 40 39 39 48 43 40 41 60 46 33 32 25 10 6 6 6 7 7 6 6 6 9 9 8 6 6 6 9 8 6 5 4 5 4 4 4 3 4 5 4 4 4 3 2 2 2 2 2 2 1 2 2 4 5 4 5 4 3 3 3 3 2 
30 37 47 52 42 39 55 53 29 31 36 23 19 14 7 5 5 5 6 6 6 6 7 7 7 6 5 5 5 6 8 6 4 4 5 4 4 3 3 7 5 4 3 3 1 1 2 2 2 2 2 2 3 2 3 6 5 5 4 2 3 4 4 3 
39 56 58 45 32 42 49 45 45 56 80 39 25 26 14 9 6 5 7 7 7 7 7 6 6 5 5 5 6 6 5 6 6 4 4 5 4 3 4 7 5 6 8 6 2 1 2 2 1 2 2 2 4 4 4 5 5 5 3 2 3 4 4 3 
30 27 22 22 33 36 29 44 43 30 52 66 25 38 36 34 13 7 12 10 8 7 8 7 6 6 5 6 6 6 5 5 6 5 4 5 3 4 5 5 4 6 9 8 4 2 2 3 2 2 2 2 3 4 4 4 5 4 3 2 2 2 2 2 
13 10 12 28 28 21 14 28 26 20 17 30 20 15 19 18 7 8 15 12 9 7 7 7 8 8 7 6 7 8 6 5 5 5 4 6 4 4 6 4 3 5 4 5 4 2 2 4 3 2 2 2 3 2 2 2 3 4 3 2 2 2 2 2 
6 7 11 17 17 16 8 11 20 26 13 7 6 5 6 8 5 5 8 8 8 7 7 7 9 9 8 9 8 8 7 6 4 4 5 7 4 5 6 3 3 4 4 4 3 2 2 3 2 2 2 2 2 2 2 2 2 3 2 3 3 3 4 3 
6 6 8 9 13 8 7 11 23 25 15 9 5 4 5 5 6 6 6 6 8 8 7 7 8 8 8 8 8 9 8 7 6 4 4 7 6 5 5 2 3 3 5 4 2 2 2 2 2 2 2 2 2 2 2 3 3 2 2 3 3 5 5 3 
8 8 9 8 8 5 7 12 16 11 11 9 5 4 6 8 8 8 7 6 7 7 7 8 9 9 8 9 11 11 9 8 7 6 5 7 6 6 5 3 3 3 4 3 3 2 2 2 2 2 2 3 2 2 3 3 4 3 3 3 4 5 5 4 
8 8 11 12 7 7 7 14 10 7 8 6 5 5 7 13 11 9 9 7 8 9 9 11 10 9 10 9 10 12 11 8 9 7 7 9 8 7 5 4 4 2 3 2 2 2 2 3 4 4 3 2 2 2 2 2 2 3 3 3 4 5 4 4 
6 6 7 10 11 15 17 19 12 8 6 4 5 7 8 14 16 12 12 11 8 8 9 9 8 8 10 8 10 11 9 8 9 8 9 9 9 8 4 6 4 3 3 2 2 2 4 6 5 4 3 3 2 2 1 1 2 1 2 2 4 5 5 5 
7 6 6 8 10 19 22 20 10 3 3 4 8 13 12 12 14 17 14 12 9 8 8 8 8 7 8 8 9 10 8 7 8 7 8 10 10 12 5 7 3 4 4 2 3 2 3 4 5 4 5 5 2 1 1 1 2 2 1 2 5 5 5 5 
12 7 6 6 6 8 14 17 8 2 3 6 8 13 14 13 14 16 13 11 10 9 7 7 8 9 10 8 8 8 9 7 7 6 6 11 12 12 8 6 3 5 3 2 3 3 4 4 5 7 5 3 5 3 1 1 2 2 2 2 4 4 4 4 
15 8 6 5 4 3 4 5 7 6 6 8 11 13 15 13 13 12 11 11 9 8 6 7 8 9 13 9 8 10 11 12 11 9 6 6 11 11 12 7 4 7 2 2 2 3 2 5 7 8 5 3 4 5 2 2 2 3 2 3 2 2 3 3 
17 9 7 5 4 3 3 3 4 6 8 11 14 16 15 15 12 13 13 14 11 9 9 8 8 11 14 9 8 10 13 17 19 11 7 6 10 11 17 8 6 8 2 2 5 4 3 6 9 6 6 4 4 4 3 3 2 3 2 2 2 3 3 3 
19 12 10 7 5 5 4 4 5 7 10 14 18 16 17 17 16 18 16 15 12 17 31 17 12 12 12 9 7 10 11 14 14 9 7 6 13 15 20 11 9 9 3 5 7 5 5 9 7 5 4 4 3 4 5 3 3 3 2 2 2 2 3 3 
23 20 17 10 8 7 6 5 6 9 15 18 22 20 24 24 18 15 11 11 14 31 111 111 47 20 13 7 5 8 11 13 12 8 6 8 16 16 18 15 13 13 6 10 6 5 8 7 5 6 5 4 4 3 4 3 2 3 2 2 3 2 2 2 
25 26 24 18 15 10 8 8 9 12 17 22 25 24 25 19 15 11 8 8 14 24 61 119 97 35 16 8 5 6 9 13 13 11 11 19 21 13 13 12 13 13 9 12 7 7 8 4 4 5 5 3 3 3 3 2 3 5 3 2 2 2 2 2 
23 25 24 22 22 14 10 13 15 21 23 24 23 23 25 18 12 8 7 7 10 18 28 45 30 41 24 9 5 5 7 8 12 15 19 28 25 19 16 17 15 14 15 10 8 8 9 7 4 4 4 2 2 2 2 3 5 6 5 3 2 2 2 3 
14 20 23 25 23 21 16 16 23 26 27 20 19 17 16 14 12 10 7 6 7 8 14 42 96 143 66 9 4 3 4 6 13 20 25 30 24 30 25 25 23 22 23 17 11 7 8 10 10 6 4 3 3 3 4 5 5 5 4 3 2 2 2 2 
13 16 19 23 28 27 23 22 21 26 25 16 12 10 10 11 9 8 7 6 6 6 8 51 176 178 65 12 7 5 4 6 10 15 25 28 28 23 26 26 30 24 23 17 13 11 10 10 9 8 6 5 5 4 4 5 6 5 3 2 2 2 2 2 
10 11 14 21 29 27 25 23 23 25 24 20 17 12 10 9 7 7 7 6 5 5 6 12 57 63 24 17 12 8 5 5 8 9 23 32 32 22 19 26 21 25 21 18 14 14 16 13 10 8 6 6 6 4 5 5 6 4 3 2 2 2 2 2 
13 12 12 18 24 26 29 29 31 28 28 23 17 13 10 8 6 5 5 5 4 4 5 6 8 12 15 18 17 9 7 6 6 8 15 33 39 24 14 11 11 11 17 15 16 18 38 43 22 11 7 6 5 4 5 6 6 6 4 2 2 2 2 2 
15 15 16 21 25 29 29 29 28 29 27 24 16 12 9 7 6 5 5 5 4 3 4 5 6 7 8 9 11 10 9 9 9 10 16 25 29 26 19 12 7 7 11 13 17 15 23 51 55 21 12 6 5 5 5 5 4 4 2 2 2 2 2 2 
21 18 19 27 33 32 31 33 26 24 23 23 17 12 10 10 8 6 4 5 5 4 5 5 6 8 10 14 15 17 18 16 11 11 17 20 15 13 15 16 14 13 12 12 19 32 29 18 47 28 15 13 9 5 4 4 2 2 2 2 2 2 1 2 
25 24 25 30 29 29 33 30 30 28 26 21 17 13 10 9 7 6 6 6 7 8 8 8 8 10 14 16 13 15 18 15 12 10 10 10 10 12 11 11 19 22 18 14 23 55 57 29 22 23 20 20 14 5 3 2 2 2 1 2 3 2 2 2 
26 28 29 27 24 26 27 24 24 26 26 23 20 15 11 9 7 7 7 8 10 14 19 20 21 23 26 27 23 13 9 7 6 7 9 13 19 15 15 14 20 23 18 17 56 122 111 76 39 26 21 18 8 3 3 2 1 1 1 2 2 2 3 4 
23 23 25 22 21 24 26 24 24 24 22 18 13 11 10 9 7 6 6 6 8 9 13 15 18 20 19 17 14 8 7 8 8 10 14 24 35 17 15 17 17 17 15 42 122 143 134 118 85 36 20 17 7 4 2 1 1 1 1 2 2 3 4 3 
17 18 18 18 17 15 17 23 20 17 17 16 13 9 9 7 6 5 6 6 7 8 9 9 8 8 9 9 8 7 8 10 10 12 16 23 30 20 14 13 14 15 15 69 156 150 128 107 69 28 22 14 4 3 2 1 1 2 2 2 2 3 2 2 
13 13 15 14 11 9 10 15 16 18 20 15 11 9 9 7 6 5 5 4 4 4 5 5 5 6 6 7 6 7 7 11 13 16 21 26 30 21 16 17 20 20 19 32 91 110 98 61 29 23 19 8 3 2 2 1 1 2 2 2 2 2 2 2 
11 9 9 7 6 6 6 8 11 13 16 16 14 10 8 6 6 5 4 3 3 4 5 20 34 18 11 12 13 12 9 8 12 19 22 22 22 20 24 20 12 12 19 21 25 25 24 23 17 21 14 4 3 2 2 1 2 2 2 2 1 1 2 2 
7 6 6 5 5 4 4 5 7 10 13 17 19 15 12 10 7 5 5 5 5 7 12 87 154 90 19 21 23 23 17 14 15 13 13 14 14 17 13 8 7 9 12 16 17 14 17 20 17 15 7 4 3 2 1 2 3 2 2 2 2 1 1 1 
5 5 4 4 3 3 3 4 6 9 12 16 17 19 17 13 9 7 6 5 10 15 16 29 104 94 25 34 34 28 18 11 8 6 6 7 6 7 7 10 8 9 9 10 14 17 18 21 22 16 6 5 4 3 2 2 2 1 2 2 2 2 1 1 
6 7 7 3 1 2 3 5 6 11 14 15 19 22 20 13 11 10 14 24 28 35 85 106 133 57 35 39 37 33 20 9 7 6 6 6 7 8 8 8 6 10 8 11 16 21 21 22 24 18 9 5 4 2 2 2 2 2 2 2 3 3 2 2 
8 8 4 2 3 3 6 7 10 12 16 16 15 15 16 14 16 17 21 31 28 68 182 169 86 30 39 43 35 20 12 7 6 6 6 8 9 7 8 7 7 11 13 17 22 23 21 23 30 40 31 10 4 2 1 1 2 1 2 4 5 5 5 4 
8 5 5 8 9 12 16 14 16 21 21 16 12 13 13 12 12 10 13 17 17 30 57 38 20 20 26 22 18 9 8 6 5 5 6 9 12 10 10 13 16 18 18 20 24 23 25 36 74 80 46 17 5 2 1 2 1 1 2 3 3 3 3 2 
5 11 18 16 19 24 29 22 20 22 19 17 14 11 10 12 9 7 9 12 14 21 26 18 16 18 13 8 6 8 7 6 6 7 8 13 18 18 11 17 16 17 21 19 23 31 55 110 146 130 71 28 9 3 2 2 1 2 2 2 2 1 1 2 
9 14 23 24 28 36 38 18 17 12 10 11 11 9 11 11 9 8 10 15 16 21 25 16 13 11 10 8 7 6 6 7 7 11 13 15 20 18 14 19 18 19 24 20 24 67 112 126 158 155 116 54 21 7 2 1 1 3 2 1 2 1 1 2 
15 18 20 30 31 34 27 13 15 10 7 7 7 9 11 9 8 9 14 16 17 17 13 10 10 10 11 8 7 7 6 7 9 14 16 17 19 18 17 21 26 37 65 59 71 110 118 119 141 113 74 42 27 15 5 2 2 2 2 1 1 1 2 2 
25 26 25 35 31 28 21 20 16 13 12 16 18 16 15 10 13 16 16 16 14 13 12 10 11 11 8 6 7 7 7 8 12 14 17 17 20 22 27 32 36 55 122 141 138 144 117 72 60 47 40 38 31 23 11 3 2 2 3 2 2 2 2 2 
24 28 34 35 27 26 25 30 34 34 36 38 35 33 30 19 16 17 14 13 15 12 11 10 9 8 9 9 12 14 16 17 22 23 26 29 33 33 38 39 39 53 118 123 118 160 158 125 73 52 43 41 38 33 20 8 3 2 3 2 3 3 4 5 
24 25 27 35 38 33 36 41 43 44 43 41 39 38 35 32 30 26 20 18 16 13 12 12 15 21 27 28 31 31 33 35 37 37 36 38 39 38 43 40 39 41 78 144 168 186 149 142 146 119 85 57 57 49 29 14 6 4 4 4 4 3 3 3 
30 33 33 33 36 36 37 39 41 42 42 40 38 37 35 34 32 32 31 30 30 29 29 31 37 42 43 41 41 40 38 39 39 40 39 39 41 39 42 41 39 38 44 90 144 182 185 168 136 127 127 102 95 70 40 19 6 3 4 5 4 2 2 1 
32 32 33 32 34 36 37 38 39 40 40 40 38 36 35 33 33 32 34 35 37 39 41 43 46 46 46 45 43 42 40 40 39 39 40 40 40 41 42 40 40 39 39 49 103 171 195 168 89 85 75 75 126 133 93 44 10 4 5 4 3 2 2 2 
35 35 33 33 34 35 36 36 37 38 39 39 38 37 35 34 33 33 34 36 38 39 42 44 46 47 47 46 45 43 42 40 40 38 39 40 41 42 43 40 39 40 40 41 58 127 180 186 161 152 133 131 132 102 101 66 17 7 6 4 3 3 4 3 
37 36 35 34 33 34 35 36 36 37 38 39 39 38 36 34 33 32 33 35 37 39 41 43 45 47 46 46 45 43 42 41 39 39 39 39 40 40 41 39 39 39 40 42 45 59 108 182 178 161 168 168 151 133 130 96 41 11 5 4 4 4 5 3 
37 37 36 34 33 33 34 35 35 36 38 39 38 37 36 34 33 33 33 34 36 38 41 43 44 46 46 45 45 44 42 41 40 40 39 38 38 38 38 38 39 40 41 43 46 49 66 119 152 155 157 158 165 179 169 143 88 32 8 5 5 6 5 3 
37 37 36 35 33 33 33 35 35 36 37 37 37 37 36 34 33 33 33 33 36 38 40 42 44 45 45 45 45 44 42 41 40 38 38 38 37 37 37 37 38 40 42 45 47 50 53 59 80 102 95 91 148 185 164 149 118 51 13 5 5 5 4 3 
37 37 37 36 35 34 34 34 35 36 36 37 37 36 35 34 33 33 34 35 36 38 40 42 44 44 45 44 44 43 42 42 40 39 38 38 37 36 36 37 38 42 44 46 49 52 52 52 51 50 46 65 139 176 178 185 142 45 16 7 6 5 5 4 
36 37 37 37 35 34 33 34 34 35 36 36 36 35 34 33 33 33 34 35 37 38 40 42 43 44 44 44 44 44 43 42 40 39 37 37 36 36 36 38 40 43 46 48 51 52 50 49 49 48 49 71 107 119 167 183 130 65 30 15 6 5 4 3 
35 36 37 36 35 34 34 34 34 35 35 35 34 34 33 32 31 32 34 36 38 39 41 42 43 44 44 44 44 43 43 41 40 39 37 36 36 36 37 39 42 45 48 50 51 51 49 48 47 46 46 47 48 64 132 162 147 131 76 26 7 5 5 4 
35 36 36 35 34 34 34 34 34 34 34 34 33 33 32 32 32 33 35 37 39 40 42 43 42 43 43 43 42 42 42 41 40 38 37 36 36 36 38 40 43 46 49 51 51 49 48 47 45 45 45 45 46 50 67 105 146 167 124 41 7 5 4 3 
35 35 34 34 34 34 33 33 33 33 33 33 33 32 32 32 32 34 36 38 39 40 41 42 42 42 42 42 42 41 41 40 39 37 36 36 37 37 39 42 45 47 50 51 50 48 46 45 44 43 44 44 45 47 47 55 81 112 100 49 18 7 4 2 
33 34 33 33 33 33 34 33 33 33 32 32 32 32 32 33 33 35 37 38 39 39 40 40 40 40 40 41 41 40 40 38 37 36 35 35 37 38 41 43 46 48 50 49 48 46 45 44 43 42 43 43 44 44 45 47 48 51 54 52 27 9 5 2 
31 32 32 32 32 33 34 33 33 32 32 32 32 31 31 33 34 36 37 39 40 39 40 40 39 39 39 39 39 39 38 37 36 34 34 35 37 39 42 44 47 48 49 48 47 45 44 43 42 41 41 42 42 42 44 45 46 46 44 37 22 11 5 5 
29 30 31 31 31 32 33 33 32 32 31 31 31 31 31 33 34 36 38 39 39 39 39 39 38 39 38 39 39 38 38 37 35 35 35 36 38 40 42 44 47 48 48 46 45 44 43 42 41 41 41 41 41 42 42 43 44 45 45 39 29 18 10 9 


1 0 1 1 0 0 1 1 0 1 1 1 0 1 1 0 0 1 1 1 1 0 1 3 5 7 10 13 15 16 17 16 15 16 16 16 14 12 10 7 8 6 5 4 3 4 2 1 0 0 0 0 0 0 0 0 0 1 1 0 0 0 0 0 
1 0 1 0 1 0 1 1 0 0 0 0 0 1 1 0 1 1 1 0 1 1 2 4 6 8 11 14 15 17 17 17 16 17 16 16 13 11 10 9 8 7 8 6 4 3 2 1 1 0 0 1 1 0 0 1 1 0 0 0 0 0 0 0 
0 0 0 0 1 1 0 1 1 0 1 1 1 1 0 0 1 1 1 1 1 2 3 4 6 8 11 13 14 15 16 16 15 15 14 13 12 9 9 9 7 6 13 7 2 1 2 1 0 0 0 0 1 0 0 0 0 0 0 0 0 0 0 0 
1 0 0 0 0 1 1 1 1 1 0 0 0 0 0 0 1 0 0 1 1 1 2 4 4 5 7 10 11 12 12 12 11 13 11 12 10 9 6 6 5 4 7 4 1 1 2 1 1 0 0 0 0 0 1 0 1 1 1 0 0 0 0 0 
2 0 0 0 1 2 2 1 1 1 1 1 0 0 0 0 0 0 0 1 1 1 2 3 3 4 6 8 9 10 11 9 9 8 7 7 5 5 4 3 5 6 4 1 0 0 1 1 0 1 0 0 0 0 0 0 1 2 1 0 0 1 0 0 
2 1 0 1 2 2 2 2 2 1 1 1 0 0 1 0 1 1 0 1 1 1 3 4 4 6 9 10 11 9 9 7 5 5 4 2 1 1 1 1 2 4 3 3 1 0 1 0 1 0 0 1 1 0 0 0 1 0 0 0 0 0 1 1 
5 3 3 3 3 2 3 3 2 1 1 1 0 0 0 1 1 1 1 2 3 5 10 10 12 12 11 9 10 8 6 5 3 3 2 1 0 0 0 0 0 2 1 0 0 1 1 1 1 1 1 0 0 0 0 0 1 0 0 0 0 1 1 0 
14 10 8 7 8 6 6 7 7 6 3 2 2 2 3 2 3 4 4 5 7 10 13 9 10 11 9 7 7 8 7 3 2 1 1 0 0 0 0 1 1 2 1 0 1 1 0 0 1 1 0 0 0 0 0 1 1 0 0 0 0 1 0 0 
18 19 16 13 16 20 15 10 23 30 19 14 10 6 4 4 5 5 6 5 5 4 3 5 6 6 3 4 6 5 4 1 1 0 0 0 0 0 0 1 1 2 1 0 1 1 0 0 0 0 0 0 0 1 0 0 0 0 0 0 0 0 0 0 
18 22 24 23 22 34 28 24 27 47 33 21 20 15 5 2 1 2 2 2 1 1 1 4 5 3 1 1 2 5 3 1 0 0 0 0 0 0 0 0 1 0 0 1 1 0 0 0 0 0 0 0 0 1 0 0 0 0 1 1 0 0 1 1 
20 26 36 40 30 28 41 43 20 18 22 13 10 8 2 0 0 0 1 1 1 1 2 2 2 1 0 0 1 1 3 2 0 0 0 0 0 0 1 2 1 0 1 1 0 0 0 0 0 0 0 1 1 0 0 1 0 0 1 1 1 0 0 1 
30 50 55 41 24 31 40 35 34 43 69 27 12 15 5 4 2 0 2 2 2 2 2 1 1 0 0 0 1 2 0 2 1 1 1 0 0 0 1 3 1 2 4 3 1 0 1 1 0 0 0 1 0 0 0 0 0 0 0 0 1 0 0 1 
24 23 18 15 24 29 22 34 34 20 43 58 13 28 24 27 8 3 7 5 3 2 3 3 1 1 1 1 1 1 0 0 2 1 0 1 1 1 1 3 1 2 4 4 2 0 0 1 0 0 0 1 1 0 0 0 0 0 0 0 0 0 0 0 
9 5 6 20 22 15 7 19 17 10 9 25 12 10 14 13 3 3 9 7 4 2 2 2 3 3 2 1 2 3 1 0 0 1 1 2 1 1 2 2 0 1 1 1 1 1 1 2 1 1 1 0 1 0 0 0 0 0 0 0 0 0 1 0 
1 2 6 11 12 11 3 5 10 17 7 2 1 1 2 3 2 2 3 3 3 2 2 2 3 3 3 4 3 3 2 1 0 1 2 3 2 2 2 1 0 1 0 1 1 0 1 2 1 1 1 0 0 0 0 0 0 0 0 1 1 0 0 0 
1 1 3 4 7 3 2 4 12 16 9 4 0 0 1 1 1 2 1 1 3 3 2 2 3 3 3 3 3 4 3 2 1 0 1 4 3 2 2 0 1 1 0 0 1 0 0 0 0 1 0 0 0 0 1 1 1 1 1 1 1 1 0 0 
3 3 3 3 3 1 2 6 8 5 5 4 0 0 1 4 3 3 2 1 2 2 2 3 4 4 3 4 6 6 5 3 2 1 1 3 2 2 2 1 2 0 1 1 1 0 1 0 0 1 1 1 0 0 1 0 0 1 1 1 1 1 0 0 
3 4 6 6 3 2 2 7 5 2 3 1 0 1 2 9 6 5 4 2 3 4 4 6 5 4 5 4 5 7 6 3 4 2 2 4 3 4 2 2 2 0 1 0 0 0 0 1 1 1 0 0 0 0 0 0 0 1 1 1 0 0 0 0 
1 2 2 5 5 7 8 10 7 3 2 0 1 2 3 9 9 6 7 6 3 4 4 4 3 3 5 3 5 6 4 4 4 3 4 4 4 4 2 4 2 1 1 1 0 0 1 2 1 1 1 1 1 0 0 0 0 0 0 0 1 1 0 0 
2 1 1 3 5 10 13 11 4 1 1 1 3 7 7 7 8 10 9 7 4 3 3 3 3 3 3 3 4 5 3 2 3 2 3 5 5 7 3 4 1 3 2 1 1 0 1 1 1 1 2 3 0 0 0 0 0 0 0 0 1 1 1 1 
7 2 1 1 1 3 8 10 3 0 0 1 3 8 9 8 9 11 8 6 5 4 2 2 3 4 5 3 3 3 4 2 2 1 1 6 7 7 5 3 1 3 1 1 1 1 1 1 1 3 2 1 1 0 0 0 0 0 1 0 0 0 0 1 
10 3 1 0 1 0 1 2 3 2 2 3 7 8 10 8 7 7 6 6 4 3 1 2 3 4 8 4 3 5 6 7 6 4 1 2 6 7 8 4 1 4 0 1 1 2 0 1 3 4 1 1 1 1 0 0 0 1 0 1 0 0 1 1 
10 4 2 0 0 0 0 0 1 1 3 7 10 11 10 10 7 8 9 9 6 4 4 2 3 6 9 4 3 5 8 11 13 6 2 1 5 7 11 4 1 4 0 1 3 1 0 2 6 2 2 0 0 1 1 1 0 1 0 0 0 1 1 1 
12 7 5 2 1 0 0 0 1 2 5 9 13 12 13 12 11 13 12 11 7 8 16 8 6 6 7 4 3 5 6 10 9 4 2 1 7 8 14 7 4 6 1 2 3 1 1 5 2 1 0 0 0 0 1 1 1 1 1 0 0 0 1 1 
16 13 11 5 3 2 1 1 1 5 10 13 18 14 19 18 12 10 6 6 9 15 66 67 27 12 8 2 1 3 6 8 7 3 2 4 10 10 12 10 8 8 2 5 2 1 5 4 1 1 1 0 0 1 1 1 0 1 0 0 1 0 0 0 
16 19 17 12 9 5 3 3 4 8 12 17 19 18 19 14 10 6 3 3 8 15 35 77 62 22 9 3 0 1 4 8 8 6 6 15 16 9 9 8 8 8 5 7 3 3 4 0 0 0 1 0 1 1 1 0 1 1 0 0 0 0 0 0 
15 18 17 15 15 8 5 8 9 15 18 18 19 18 20 12 6 3 2 3 5 12 23 52 39 29 12 3 0 0 2 3 7 10 14 24 20 14 11 11 9 9 10 6 4 3 4 3 1 1 1 0 1 1 0 0 1 2 1 1 0 0 0 0 
8 14 16 17 15 15 11 11 17 21 21 15 13 12 11 9 7 5 3 2 2 3 9 29 59 85 39 3 1 1 0 1 8 15 21 27 20 23 20 19 17 16 17 12 7 2 3 5 5 1 0 1 1 1 1 1 2 2 1 0 0 0 0 0 
7 10 12 16 21 20 17 15 15 20 19 10 7 5 5 5 4 3 3 1 1 1 4 28 111 118 39 6 2 1 0 1 5 10 20 23 23 18 21 22 25 20 18 12 8 5 5 5 5 3 2 1 1 0 0 1 2 1 0 0 0 0 1 1 
5 6 8 14 21 19 17 16 15 17 18 14 11 7 5 4 3 2 2 1 0 0 1 4 35 44 14 9 6 3 1 1 3 4 18 28 27 17 14 22 16 20 16 13 9 9 8 6 5 3 2 1 1 0 0 1 2 1 1 1 0 0 0 0 
7 7 7 11 16 17 20 20 22 20 21 17 12 7 5 3 2 0 0 0 0 0 0 1 3 6 7 9 9 4 2 1 2 3 10 27 33 20 9 6 6 7 12 10 11 12 29 33 14 5 2 1 1 0 0 2 2 2 1 0 0 0 0 0 
10 8 9 13 16 21 21 21 21 22 20 18 10 6 4 3 1 0 0 0 0 1 0 1 1 2 4 5 6 5 5 4 4 5 10 19 25 22 15 7 2 2 6 8 12 10 17 43 44 13 6 2 2 1 1 1 1 1 0 0 0 0 0 0 
14 11 13 19 24 25 24 26 20 17 17 17 12 7 5 5 3 1 0 1 1 0 0 0 1 3 6 8 9 12 14 11 6 6 11 15 10 8 10 11 9 8 7 7 14 21 17 11 38 18 8 7 4 1 1 1 0 0 1 0 0 0 0 0 
17 17 18 22 22 22 26 22 22 21 20 15 11 8 5 4 3 2 1 2 3 3 3 3 4 5 9 10 8 10 13 9 7 5 5 5 5 7 7 6 14 16 12 9 17 43 45 20 14 15 13 12 8 2 1 1 0 0 0 0 1 0 0 0 
19 20 20 19 16 18 20 16 16 18 18 16 15 10 6 4 2 2 2 3 5 9 13 15 15 17 20 22 17 8 4 3 2 2 4 8 14 11 10 9 15 18 12 10 48 114 101 68 30 17 13 10 4 1 1 0 0 0 0 0 1 0 1 0 
16 15 18 15 13 15 17 17 16 16 15 12 9 6 5 4 2 1 1 1 3 4 8 10 12 14 15 13 9 3 2 3 3 5 9 19 30 13 11 12 12 12 10 33 112 134 125 109 76 29 11 10 2 0 0 0 0 0 0 0 0 0 0 0 
11 10 12 12 11 10 10 16 12 11 11 9 7 4 4 2 1 1 1 1 2 3 4 4 3 3 4 4 3 2 3 5 5 7 10 17 23 15 9 8 9 9 9 60 149 144 122 99 61 20 13 8 1 1 0 0 0 0 0 0 0 1 0 0 
8 8 10 9 5 4 4 9 10 12 14 9 6 3 3 2 1 0 0 0 0 0 1 1 1 1 1 2 2 2 2 6 8 10 14 19 23 15 11 12 14 13 11 24 82 102 89 52 22 15 11 3 1 1 0 0 0 0 1 0 0 0 0 0 
6 4 4 2 1 1 1 3 6 8 10 10 9 5 3 1 1 1 0 0 1 0 1 10 18 9 6 7 8 7 3 3 6 13 16 15 15 15 17 14 7 7 12 14 16 17 17 14 10 13 8 2 1 1 0 0 0 0 1 0 0 0 0 0 
2 1 1 1 0 0 0 1 2 5 8 12 13 10 7 5 2 1 0 0 0 2 6 48 90 52 11 13 17 17 11 8 9 8 7 9 8 11 7 3 2 4 6 10 10 9 11 13 11 10 2 0 0 0 0 0 1 1 1 0 0 0 0 0 
0 0 0 0 0 0 1 1 2 4 7 10 11 13 11 8 4 2 1 1 5 9 17 27 52 50 17 25 25 21 13 6 3 2 1 2 1 2 2 5 3 4 4 5 8 11 12 15 16 10 2 1 0 0 0 0 0 0 0 1 0 0 0 0 
1 2 3 1 0 0 1 1 1 6 9 9 13 16 13 8 6 5 7 17 20 19 47 59 76 33 27 31 30 26 15 4 2 2 1 1 2 4 3 3 2 5 3 6 10 14 14 14 17 11 2 1 1 0 0 0 0 0 0 1 0 0 0 0 
3 4 2 0 0 1 3 4 5 8 10 11 10 10 11 9 11 12 15 23 20 32 105 101 53 19 30 35 28 15 7 3 1 1 1 3 5 3 3 2 2 6 8 12 15 15 14 13 16 17 10 2 1 0 0 0 0 0 0 1 0 1 1 0 
4 1 1 3 4 6 10 10 12 16 15 10 7 7 7 7 7 5 8 12 10 13 30 21 12 13 20 17 12 5 4 1 1 1 1 4 7 5 5 8 11 12 12 13 17 17 13 14 33 35 15 4 2 1 0 0 0 0 0 1 0 0 0 0 
1 5 12 9 12 15 22 18 16 16 13 10 9 6 5 6 4 2 4 7 8 13 18 12 11 13 8 3 1 4 2 1 2 2 3 8 12 11 6 12 11 12 14 11 13 17 27 59 78 63 29 7 2 1 0 0 0 0 0 1 0 0 0 0 
4 7 15 16 18 26 31 12 12 7 5 6 6 5 6 6 4 3 5 9 9 14 17 11 9 7 5 3 2 2 1 2 2 6 7 11 15 11 8 13 11 8 11 8 7 35 65 62 93 92 63 20 4 1 0 0 0 1 0 0 0 0 0 0 
8 11 12 22 23 24 18 7 9 5 2 2 2 4 6 4 3 4 8 10 11 11 8 6 6 5 6 3 3 3 1 2 4 8 9 11 13 10 8 9 7 10 27 23 35 73 79 74 89 63 29 7 2 2 1 0 0 0 0 0 0 0 0 0 
17 18 17 26 22 19 13 12 8 6 2 4 6 5 6 4 8 10 10 11 9 8 7 5 6 6 4 2 2 2 2 2 7 9 9 8 6 6 6 4 3 17 70 80 79 90 75 32 20 9 4 3 2 2 1 0 0 0 1 1 0 0 0 0 
16 20 26 27 18 15 11 8 8 6 4 5 3 5 6 3 5 9 8 8 9 6 5 5 4 3 2 2 3 5 6 4 6 3 4 3 3 3 6 3 3 13 65 67 62 98 105 83 34 12 4 3 3 4 2 1 0 0 0 0 0 0 0 0 
18 18 16 17 15 9 8 5 5 6 6 4 3 5 4 4 5 5 4 6 6 5 4 3 2 3 3 2 2 2 3 2 4 3 2 2 2 3 6 2 2 4 32 90 107 121 88 93 105 80 43 14 15 11 2 1 1 0 0 0 0 0 0 0 
16 12 9 7 7 3 2 3 5 4 5 3 2 3 3 4 4 3 4 3 4 3 2 3 3 4 3 2 2 1 1 1 2 3 1 1 1 2 4 2 1 1 5 42 85 116 117 102 72 74 83 62 53 27 6 3 1 1 0 0 0 0 0 0 
5 4 4 3 2 1 1 2 2 3 3 3 2 2 3 3 4 3 3 2 2 3 3 3 4 3 3 3 2 1 1 1 0 1 1 1 1 1 3 2 1 1 1 7 51 109 129 103 37 38 33 32 70 86 54 20 2 0 1 0 0 0 0 0 
2 3 3 2 1 2 1 1 1 2 2 2 2 2 2 3 4 2 1 2 2 3 2 3 4 3 3 4 3 1 0 1 0 1 1 1 1 1 2 1 1 0 0 1 12 74 120 118 90 84 73 69 65 51 51 32 6 2 1 0 0 0 0 0 
2 2 2 2 2 1 1 0 0 1 1 2 2 1 2 2 2 3 1 1 1 2 3 3 4 4 4 2 2 1 0 1 0 1 1 1 1 0 1 1 1 1 0 1 1 15 62 123 105 92 95 90 78 74 64 46 15 3 1 0 0 0 0 0 
2 1 1 1 1 1 2 2 1 0 1 2 2 1 1 1 1 2 1 1 1 2 3 4 4 4 3 3 3 2 1 1 0 0 1 1 1 0 1 0 1 1 0 1 2 3 16 62 89 93 93 90 90 111 96 74 41 10 2 0 0 1 1 0 
2 2 2 1 2 2 1 1 1 0 1 1 1 1 0 0 1 1 1 1 0 2 3 4 4 4 3 3 3 2 1 1 1 1 1 1 1 1 1 1 1 1 1 0 2 3 4 8 26 48 51 45 82 118 99 78 57 19 4 1 0 0 0 1 
3 2 2 3 1 2 1 1 1 0 0 1 1 0 0 2 1 1 1 0 1 2 3 4 4 3 3 3 2 2 1 1 1 1 0 0 1 0 0 1 1 1 1 1 2 3 3 3 3 5 9 24 70 102 110 119 83 16 6 2 1 0 0 0 
4 3 3 3 2 2 1 1 2 1 0 0 0 0 1 1 1 1 1 0 1 3 3 4 4 3 4 3 2 2 1 1 1 1 1 1 1 2 1 1 0 1 1 3 3 3 3 2 2 1 3 21 49 53 93 108 62 27 12 6 1 1 0 1 
4 4 3 3 2 1 2 2 1 2 1 1 1 1 1 2 2 2 1 1 2 3 3 4 4 4 4 2 2 1 1 1 0 1 1 2 2 1 1 1 1 1 2 4 4 3 3 2 2 1 1 2 4 17 66 87 70 64 30 9 1 1 1 0 
4 4 4 3 3 2 2 2 2 2 1 1 1 2 2 2 2 1 1 1 2 3 3 3 3 3 3 2 2 2 1 0 1 2 2 1 1 1 1 1 2 2 2 4 4 2 2 2 1 1 1 1 1 3 15 43 76 99 65 15 1 1 0 0 
5 3 3 3 3 3 2 2 2 2 2 2 2 2 2 2 2 1 0 2 3 3 3 3 3 3 3 2 2 2 1 1 1 1 1 1 1 2 1 1 2 3 3 3 3 2 3 3 2 1 1 2 2 2 2 7 28 55 44 17 6 2 1 0 
3 4 4 4 4 3 3 2 2 3 2 1 2 1 1 2 2 1 1 2 3 3 4 4 3 3 4 2 2 2 1 1 1 1 1 1 1 1 1 2 3 4 4 4 4 3 3 2 1 1 1 2 2 2 2 3 3 6 12 15 8 3 0 0 
3 3 3 3 4 3 3 3 3 3 3 2 3 3 3 3 3 2 2 3 3 3 4 4 3 3 3 3 3 3 2 2 1 0 0 1 1 1 1 2 4 4 3 3 3 2 2 1 1 1 1 2 1 2 2 2 3 3 2 3 3 2 1 0 
3 3 3 3 3 4 4 4 4 3 3 3 3 3 3 3 3 3 2 3 3 3 3 3 3 3 2 3 3 3 2 1 0 0 0 1 2 1 2 3 4 4 3 3 3 2 1 1 1 2 2 2 2 2 2 2 3 3 4 3 2 2 2 3 