


113 109 114 113 110 99 104 105 82 74 89 84 56 56 57 60 37 42 45 19 25 33 34 40 43 56 65 62 80 136 153 143 135 117 113 107 96 114 127 119 89 113 119 115 116 107 108 99 84 92 92 75 60 62 87 84 47 56 90 116 134 140 147 147 
113 109 112 112 103 94 96 106 93 72 66 79 70 61 56 65 46 43 53 48 43 29 43 43 44 58 57 63 70 103 127 92 90 97 108 109 97 93 115 110 108 123 105 111 113 99 119 90 79 91 96 77 55 44 54 62 75 75 94 119 139 144 148 150 
112 109 110 112 107 106 103 100 91 73 59 79 77 44 47 59 52 44 34 41 27 27 49 48 61 95 79 55 66 62 71 83 87 91 90 94 93 95 129 135 140 116 95 120 124 115 110 79 68 79 95 84 60 48 51 57 57 79 103 124 142 146 149 151 
103 110 106 106 108 106 103 90 56 63 59 70 74 57 40 59 55 49 45 29 21 41 56 54 91 103 79 62 63 56 59 79 87 90 90 94 92 102 140 143 131 96 116 111 119 114 106 77 62 66 76 85 65 54 48 55 52 78 107 128 145 149 150 151 
103 106 105 109 111 105 102 84 47 70 74 59 85 81 52 66 57 70 64 32 28 44 51 56 92 110 93 71 60 55 61 78 91 93 99 95 92 95 125 148 121 126 126 130 107 97 100 81 67 69 79 80 67 56 50 61 60 61 98 127 146 149 151 151 
107 106 107 111 109 105 94 79 52 70 89 73 71 80 62 55 71 77 63 50 40 53 52 79 112 123 105 57 54 54 69 84 92 93 98 91 92 94 105 121 122 113 111 120 84 80 90 90 80 71 66 64 65 56 55 66 62 55 88 126 146 149 149 149 
108 107 107 109 107 103 86 58 34 55 95 85 61 46 69 72 69 59 56 54 53 59 56 83 119 119 91 68 55 57 72 83 93 95 96 92 92 95 97 108 127 127 106 99 70 91 89 88 93 77 62 47 54 53 59 61 56 52 83 129 143 147 153 152 
110 108 107 105 107 111 99 53 40 73 82 96 61 43 83 78 57 64 64 47 51 48 63 77 101 96 74 70 54 62 78 82 92 94 98 94 96 97 100 129 136 122 101 101 110 136 97 84 91 77 58 49 46 50 59 58 55 59 94 132 145 150 156 159 
109 107 104 98 95 89 80 75 87 104 80 83 69 45 77 89 70 70 74 52 59 45 62 84 87 75 58 55 61 68 77 79 88 90 98 96 93 97 112 139 129 117 97 98 124 135 84 64 57 73 56 50 54 45 48 50 51 64 106 135 147 150 151 155 
105 98 95 91 77 83 65 54 84 86 70 65 61 36 76 89 69 71 90 48 58 60 52 89 79 75 59 61 73 76 75 78 88 89 94 96 92 94 126 149 137 127 129 129 147 129 69 37 53 75 75 75 77 54 49 50 55 75 111 135 150 153 154 157 
106 92 98 117 82 66 53 40 62 74 70 60 60 36 57 82 59 77 82 44 77 99 68 79 89 76 69 61 75 75 74 80 86 88 95 96 93 104 144 145 149 139 128 134 144 126 74 54 55 81 83 86 88 67 56 54 58 80 115 134 150 152 157 156 
102 93 92 100 93 60 45 37 49 71 74 56 57 47 42 69 55 84 88 45 80 106 95 76 94 67 71 71 81 79 70 72 81 85 92 94 95 119 158 138 159 145 131 135 139 123 84 74 60 76 81 89 88 73 55 53 73 89 117 133 149 151 156 154 
108 90 77 77 68 59 53 44 51 59 59 51 60 57 47 57 50 77 72 37 74 106 105 85 86 75 65 82 84 81 71 73 78 81 86 89 91 114 144 137 149 145 145 140 127 103 69 66 71 88 90 88 88 77 57 55 72 98 115 130 147 151 153 153 
147 113 92 82 60 59 54 46 45 51 57 51 50 51 44 62 51 77 52 32 55 96 102 95 83 91 59 85 88 79 76 72 78 79 77 86 92 99 111 148 158 156 142 107 88 87 71 71 68 86 98 99 97 99 75 73 86 99 113 127 143 153 153 152 
164 153 117 86 61 55 47 51 42 47 52 58 51 55 38 49 57 77 46 26 52 83 100 95 91 88 70 71 87 80 77 72 74 75 71 82 91 95 101 144 158 135 102 86 86 79 74 75 72 86 95 92 95 101 98 89 88 108 116 128 144 152 154 153 
164 167 144 82 56 49 41 52 52 63 59 59 59 67 40 47 56 67 41 34 66 87 92 57 71 71 78 68 103 85 74 47 55 66 72 77 85 88 99 105 102 97 93 86 88 83 83 75 73 91 94 95 93 89 95 93 97 114 120 130 145 153 154 150 
155 163 156 87 52 55 40 48 53 68 68 61 59 77 50 50 38 39 36 47 76 86 94 61 47 68 75 62 90 120 82 57 63 69 69 75 83 87 91 91 88 89 91 92 94 89 87 82 76 91 95 94 90 92 96 99 106 119 123 135 145 152 153 151 
128 130 125 83 45 48 36 54 60 58 59 60 56 64 55 39 31 42 45 55 77 86 94 84 50 45 54 72 72 115 126 85 81 75 69 75 81 90 88 90 86 88 93 93 95 93 91 89 80 87 97 95 90 98 101 102 108 124 126 137 146 155 153 153 
124 122 118 89 45 53 47 58 64 61 62 54 64 61 48 31 32 57 61 65 82 96 92 78 64 67 58 71 81 84 97 104 107 138 121 92 84 86 85 80 85 87 88 93 97 94 91 93 84 89 92 95 96 101 104 105 114 127 130 138 146 154 151 151 
125 117 116 85 53 62 56 59 66 64 60 56 54 46 45 35 24 49 69 83 102 103 85 69 56 79 99 89 82 75 83 77 71 118 134 128 119 98 87 83 79 84 78 84 87 94 92 96 88 86 91 98 103 101 100 107 120 133 140 144 152 154 153 153 
139 131 119 88 59 52 55 58 59 61 62 60 57 55 61 55 28 51 89 113 96 82 66 67 58 45 91 100 90 77 66 76 79 95 124 131 135 131 118 110 85 78 71 82 95 102 96 96 89 88 96 103 100 101 103 108 123 137 142 147 156 155 152 150 
147 140 123 93 72 66 45 52 56 59 56 54 54 59 63 38 31 58 113 120 54 44 52 63 72 49 54 87 60 61 53 52 92 97 114 134 138 136 141 147 124 90 65 74 93 103 99 99 91 92 98 102 97 104 108 114 125 141 148 149 154 153 149 148 
108 113 104 98 97 91 59 67 63 58 49 48 51 52 32 20 46 65 107 116 49 55 62 63 74 39 52 88 81 71 51 48 114 106 62 107 139 148 142 150 154 134 93 66 84 101 98 103 94 88 96 103 101 102 107 118 129 146 148 148 153 152 149 149 
76 91 121 145 134 103 71 65 59 52 50 43 46 40 17 29 87 76 80 98 50 63 88 59 81 61 51 85 72 101 139 132 136 104 34 51 109 151 151 149 153 143 132 74 69 98 103 105 100 90 95 105 103 102 108 116 132 147 149 151 154 155 152 155 
129 142 171 184 160 121 94 81 64 51 53 55 64 57 47 58 78 58 61 89 50 72 98 67 70 65 74 86 44 52 85 106 107 106 82 69 70 129 156 155 159 155 146 104 58 91 103 109 103 93 96 106 107 103 110 117 138 150 149 152 152 153 158 155 
148 132 143 134 103 93 88 63 53 54 40 50 59 46 67 77 57 53 68 84 44 75 83 64 68 42 77 85 83 83 87 82 59 50 53 61 64 67 122 150 153 161 152 124 59 71 104 111 112 95 96 108 111 109 113 122 142 151 150 155 153 152 157 158 
116 84 73 55 49 64 87 57 38 40 43 48 50 53 73 56 51 58 79 78 44 77 80 54 59 67 94 91 102 108 108 112 103 85 58 41 44 59 66 137 150 149 150 135 72 49 100 108 105 99 93 105 112 109 119 126 144 151 150 154 153 152 153 155 
108 101 84 62 58 88 118 107 56 41 49 52 57 77 70 48 74 95 92 82 41 78 72 54 61 85 99 101 102 113 119 116 115 110 102 83 66 58 71 125 149 147 152 136 99 51 88 102 98 94 96 106 111 109 126 130 143 150 150 153 158 155 155 153 
60 88 101 102 95 100 96 97 72 43 44 52 65 80 79 74 133 124 93 94 49 72 62 54 61 85 103 112 112 116 123 120 120 112 107 99 131 103 116 142 150 152 151 143 118 87 108 105 101 97 96 104 112 116 128 136 147 150 150 155 156 154 153 155 
51 82 83 82 86 84 76 79 71 45 43 50 71 74 95 94 117 119 86 116 69 63 45 43 65 92 108 117 121 121 122 126 124 115 108 92 126 158 151 155 151 159 157 154 126 91 118 108 104 101 101 108 120 118 127 136 147 151 152 154 153 155 154 154 
73 66 53 77 85 79 75 79 70 44 45 67 71 76 99 96 86 106 101 139 104 48 28 31 61 85 111 121 123 130 128 129 126 119 112 106 127 169 170 159 153 160 157 152 127 91 131 121 103 98 102 109 124 118 128 139 146 150 155 152 153 155 152 154 
102 85 64 79 85 79 75 77 70 43 50 63 66 77 97 92 96 137 143 141 135 55 17 31 58 82 104 120 128 137 139 135 134 126 118 118 141 165 171 163 157 158 157 151 134 104 111 112 108 108 107 108 123 119 131 139 142 149 152 152 154 154 152 158 
103 77 59 81 81 79 76 78 69 49 55 44 66 75 96 98 100 136 146 121 147 57 13 30 53 84 101 114 131 137 137 136 134 131 123 118 145 169 167 164 163 161 156 147 139 104 110 107 114 115 118 109 122 123 137 142 142 150 150 153 153 154 151 155 
87 52 61 80 76 76 75 78 80 92 71 47 64 87 106 122 131 140 159 116 150 57 13 27 53 75 102 113 122 128 134 134 135 131 123 118 144 166 162 160 161 155 152 142 140 102 103 109 111 113 127 121 121 129 134 144 147 154 151 154 154 155 153 158 
46 37 66 72 71 74 76 76 89 97 75 43 58 95 110 131 147 160 162 130 138 57 13 25 51 67 97 113 117 123 133 135 138 137 130 127 149 156 157 161 162 156 151 134 133 95 110 107 118 119 163 169 130 133 140 144 150 154 150 153 153 156 156 157 
30 45 65 67 70 71 76 78 96 97 84 59 52 89 109 129 135 148 158 143 123 80 77 57 59 63 81 107 120 120 122 136 145 148 147 147 153 158 161 163 158 159 150 135 127 94 102 110 128 135 161 183 130 131 139 144 150 151 149 153 157 157 158 157 
32 49 65 66 70 70 76 74 105 114 107 73 43 88 125 129 122 139 116 126 118 121 115 78 62 61 63 96 113 111 110 129 140 144 148 149 149 155 157 159 158 158 150 140 129 89 103 113 125 141 165 163 129 129 135 141 147 150 149 151 156 159 157 157 
41 51 61 66 68 71 74 71 89 117 110 84 53 115 140 140 142 149 94 79 104 105 87 75 61 56 56 86 104 108 113 131 142 142 147 151 155 155 154 156 155 155 148 138 109 100 117 108 121 140 166 174 141 139 143 142 149 149 151 151 156 156 157 158 
38 49 59 65 67 72 72 63 101 138 107 77 75 133 167 182 176 159 103 79 75 90 89 105 89 87 87 91 93 112 121 139 145 142 155 156 157 161 165 161 150 151 148 116 100 111 127 111 122 141 150 155 147 139 146 144 149 153 154 150 151 157 157 158 
32 49 60 67 70 72 65 56 96 140 122 77 74 154 190 185 170 145 87 87 87 78 91 117 114 109 109 96 90 112 122 143 149 143 156 160 161 161 168 169 155 159 142 89 104 116 127 130 120 140 153 153 148 139 145 144 151 154 156 151 150 157 157 156 
37 47 58 65 67 70 61 53 78 142 130 86 113 170 177 180 157 128 85 88 99 68 63 111 122 114 107 99 94 110 123 142 156 144 149 168 163 161 165 168 159 161 127 81 108 122 130 138 125 137 164 160 150 142 142 144 151 155 153 151 152 156 158 156 
48 40 55 58 62 65 54 48 59 113 130 131 154 167 159 149 108 88 94 100 100 92 52 77 127 127 110 94 93 112 113 125 145 170 154 155 174 163 168 168 158 157 106 81 112 126 132 137 132 135 153 159 154 144 138 145 151 151 153 152 151 154 156 157 
69 36 55 61 59 58 54 48 50 91 122 155 152 152 148 120 59 73 89 98 89 108 91 53 84 133 114 81 122 128 118 119 133 172 165 63 126 167 167 164 159 142 89 80 111 133 143 143 138 129 148 158 154 141 135 146 154 150 154 151 152 158 160 158 
100 49 55 66 66 63 61 50 48 61 96 147 133 126 132 123 82 84 100 97 94 88 99 92 65 88 100 81 103 97 108 124 125 143 169 106 110 152 152 165 151 121 86 81 112 136 145 147 142 124 139 154 150 139 134 145 149 149 154 155 155 158 158 156 
131 72 62 68 72 75 63 54 58 49 69 138 133 133 143 146 116 87 98 94 94 100 91 95 84 71 72 87 86 97 114 120 127 126 137 141 134 146 159 155 130 118 91 83 109 135 147 145 143 124 135 143 148 137 128 134 136 147 153 156 156 156 156 157 
100 71 73 75 82 79 64 59 62 52 87 126 144 145 154 149 100 82 93 92 89 82 102 103 93 90 77 55 73 89 120 107 113 123 124 123 128 148 174 174 144 120 94 87 110 134 148 148 143 128 131 147 150 140 122 122 119 138 155 156 155 155 155 154 
68 72 77 79 89 87 74 57 70 71 72 106 158 170 171 152 113 86 84 92 95 78 99 99 101 95 91 72 61 92 104 98 93 102 116 121 139 147 154 179 178 180 123 94 121 135 145 149 138 131 134 147 149 142 130 128 122 124 151 157 156 155 154 155 
78 79 84 89 88 88 83 69 98 122 79 98 165 167 135 131 125 114 103 103 100 87 79 81 79 77 98 106 90 104 121 92 80 80 93 108 113 116 140 155 194 225 176 108 123 135 143 147 143 138 135 147 147 141 137 145 145 121 147 157 157 154 154 156 
81 82 86 91 88 92 87 79 98 127 112 111 126 114 82 74 93 134 121 114 97 82 84 75 79 84 95 91 94 110 126 107 64 68 88 113 130 144 141 127 170 211 170 128 129 134 142 145 143 138 131 155 153 144 146 152 152 128 140 159 156 157 156 158 
77 78 85 92 89 91 88 85 94 114 106 92 80 112 129 105 90 139 135 112 97 83 104 94 89 80 80 80 107 117 102 73 51 56 87 120 142 154 155 147 158 176 148 134 134 137 140 148 146 138 136 155 149 155 160 162 161 133 136 159 157 156 156 156 
70 74 86 89 90 87 88 86 91 112 115 88 84 108 119 102 87 113 141 116 102 86 93 79 67 68 85 104 118 118 87 53 70 68 87 119 140 154 158 155 155 151 141 140 139 138 140 148 147 134 146 162 165 166 169 159 154 126 135 157 157 149 159 154 
71 73 79 82 85 88 91 94 93 106 107 93 95 97 88 83 80 98 140 125 101 82 92 114 73 76 98 99 106 118 96 60 62 56 86 115 135 148 155 155 157 153 149 144 145 143 144 148 147 148 145 155 160 166 165 159 154 123 142 159 156 155 159 152 
72 73 76 77 85 93 93 96 92 95 94 93 93 85 73 90 90 103 142 138 117 94 115 139 125 128 103 95 99 107 102 63 52 41 72 106 130 148 155 154 158 157 152 147 144 145 145 150 152 154 148 138 151 165 153 159 144 121 148 156 157 157 157 154 
76 78 79 80 87 93 93 93 94 96 94 94 95 89 80 92 101 118 141 140 129 117 123 132 135 133 94 105 111 108 62 49 44 40 70 80 122 149 157 154 157 155 152 151 148 147 150 157 157 155 148 143 152 155 153 148 117 126 148 148 152 157 157 157 
77 86 85 81 84 94 92 92 96 96 91 93 96 91 93 95 92 100 121 121 113 103 107 110 129 132 107 118 111 101 77 43 39 40 74 76 109 144 156 157 157 158 156 152 150 149 152 157 157 156 145 139 153 156 153 128 115 138 146 147 147 158 162 160 
75 87 85 81 83 94 94 94 94 90 90 95 100 97 105 99 91 89 102 102 93 97 109 128 143 140 135 130 116 90 59 39 47 55 73 118 114 131 153 158 155 157 158 155 150 151 152 154 159 156 148 141 155 157 151 139 133 141 151 154 151 158 161 162 
78 81 81 82 85 89 95 92 91 88 95 98 100 97 91 94 92 91 102 101 96 102 113 149 151 143 138 142 127 98 80 112 134 148 133 112 129 108 146 154 159 158 157 154 149 154 154 154 160 160 154 144 152 153 156 150 138 143 148 156 155 159 158 165 
80 75 78 85 88 89 93 92 91 95 99 98 98 93 89 89 89 96 98 99 99 98 114 151 156 140 138 135 138 135 144 155 157 167 169 119 109 80 136 151 160 160 160 152 149 155 156 157 159 159 153 146 147 156 159 156 148 143 146 154 156 162 161 162 
87 77 79 87 84 84 88 88 88 94 96 93 94 93 94 96 96 99 94 94 100 106 130 138 141 138 136 131 135 130 143 149 155 166 169 155 129 84 125 152 161 163 160 156 154 156 157 159 159 161 154 146 140 153 155 158 148 142 145 153 158 160 160 162 
84 71 80 89 82 80 83 86 87 94 94 95 99 99 93 98 97 103 104 96 100 119 125 124 135 150 142 131 127 132 135 141 159 169 172 159 134 113 120 142 155 164 162 156 157 157 159 158 158 161 153 147 134 151 155 158 152 147 145 153 157 159 162 161 
45 66 81 89 82 79 84 86 89 97 99 99 97 83 86 97 93 99 105 102 115 130 116 124 134 138 138 139 138 145 150 149 165 171 173 156 114 116 120 146 157 162 160 156 155 157 161 159 158 160 154 152 138 147 149 155 155 150 145 150 159 159 167 164 
42 66 83 92 85 86 87 87 93 94 98 96 96 83 87 97 95 96 105 94 103 129 126 129 132 128 137 148 145 150 156 161 167 172 169 125 61 101 115 144 157 160 160 159 154 157 162 163 158 155 154 150 139 142 144 148 153 152 139 141 158 165 173 163 
48 66 83 89 86 89 90 88 93 94 95 98 97 96 100 99 102 108 89 77 92 112 130 147 147 150 157 168 164 168 168 166 164 174 155 129 55 79 116 145 153 158 160 155 155 159 158 159 156 156 154 150 142 142 145 149 152 151 141 148 158 161 165 162 
52 66 85 93 86 89 89 88 90 96 93 93 91 97 94 101 104 117 83 77 102 126 148 166 169 168 166 163 171 173 172 175 172 166 145 137 48 61 121 149 152 155 159 154 156 159 158 159 160 156 153 154 141 142 150 151 153 150 139 148 158 160 162 161 


104 101 104 104 102 94 97 95 71 50 54 52 38 49 55 57 40 44 47 24 25 30 37 40 42 55 62 50 57 130 151 137 124 108 114 107 96 101 85 81 62 81 84 76 77 69 78 78 66 76 80 68 58 56 75 69 43 53 82 112 138 144 150 153 
103 100 102 103 97 90 91 95 81 57 43 50 48 50 53 57 43 44 54 46 33 33 45 42 47 62 59 50 52 102 124 92 88 93 103 105 95 91 96 78 82 85 66 76 82 71 92 68 60 75 82 70 55 44 51 54 64 69 91 119 140 149 153 154 
101 99 100 101 97 97 95 93 77 57 39 46 47 40 47 54 50 44 38 37 26 32 50 48 67 104 89 53 50 58 71 79 85 88 86 89 90 90 106 97 101 80 60 79 94 88 82 65 59 69 85 79 59 49 50 53 53 73 105 125 145 149 154 155 
96 97 97 98 99 97 95 82 51 49 38 40 41 39 42 58 53 48 39 30 27 41 54 56 97 111 94 75 51 51 61 79 88 90 90 90 89 93 101 101 99 82 106 85 79 80 88 63 60 63 72 76 60 53 47 50 50 68 104 131 150 152 155 157 
96 96 96 98 101 98 94 77 45 58 50 38 48 51 45 61 57 49 43 34 34 45 52 61 106 120 105 89 58 51 60 79 90 92 95 90 88 88 100 114 114 119 125 123 77 76 87 63 63 66 70 69 62 54 48 52 52 52 96 129 151 153 157 155 
98 96 98 99 99 96 87 73 48 57 61 44 42 51 48 51 64 48 44 49 47 55 51 84 132 136 116 70 52 52 70 85 91 91 94 88 89 89 92 105 119 104 98 109 65 72 77 69 70 70 62 57 64 55 51 56 53 46 81 126 151 152 154 154 
98 98 98 98 96 92 79 54 32 44 60 49 36 40 62 66 51 41 49 50 56 56 56 88 138 131 110 79 52 55 75 85 92 93 92 88 90 90 90 101 117 109 102 92 67 81 72 69 76 70 64 49 55 52 53 55 53 46 71 132 149 150 157 158 
101 100 98 97 95 86 72 43 34 54 61 61 38 45 83 74 43 46 54 44 51 47 64 79 116 108 96 85 55 60 80 85 91 93 93 90 92 90 96 128 129 103 97 94 113 120 74 69 74 69 59 52 47 49 52 53 53 50 88 135 150 154 160 164 
100 98 96 91 86 74 52 44 55 73 60 60 50 40 74 87 56 48 58 46 58 46 60 84 92 85 69 61 63 68 78 81 89 91 93 92 90 90 112 145 135 111 91 98 122 115 69 55 50 63 55 51 51 43 50 53 51 58 104 138 151 155 155 159 
98 91 83 79 68 67 48 35 52 59 51 54 53 35 63 79 58 54 67 45 63 66 55 88 80 79 64 61 70 76 77 81 90 90 91 92 90 92 122 147 139 134 127 121 138 115 59 35 48 68 73 67 74 54 52 53 54 68 111 138 154 157 159 162 
96 79 77 88 67 54 43 30 43 49 51 53 57 37 47 63 49 62 63 44 81 106 73 79 87 77 69 61 70 75 76 81 86 89 94 94 89 98 134 135 142 141 139 134 140 122 67 47 52 74 82 87 88 68 58 54 56 71 115 136 153 158 163 161 
90 71 62 73 68 51 41 31 40 52 55 52 58 48 38 56 49 74 68 44 84 112 100 77 92 68 70 67 75 79 72 76 82 86 92 91 91 110 142 123 141 134 133 137 139 118 79 62 60 74 81 90 88 70 57 56 69 80 115 137 154 155 162 158 
81 63 53 54 54 51 44 37 45 50 47 48 60 56 41 49 46 69 59 39 83 116 115 89 85 76 65 77 80 80 73 76 82 84 87 88 89 105 126 124 128 125 133 131 123 105 74 69 74 85 90 89 84 71 57 55 65 94 115 134 154 156 159 157 
97 75 64 57 52 53 48 41 40 41 41 45 50 50 37 48 47 68 47 35 65 105 115 105 81 88 61 80 82 78 75 75 81 83 78 86 90 92 99 129 132 136 133 109 91 90 75 73 71 82 95 96 88 83 68 69 78 98 115 129 146 156 158 158 
110 97 77 56 51 48 42 41 35 34 39 48 51 54 37 43 55 71 43 32 58 94 110 105 88 85 70 72 86 76 76 72 76 79 74 82 90 89 94 122 130 117 96 85 86 82 77 77 75 86 94 92 94 92 88 82 79 107 116 128 145 155 159 158 
113 112 93 55 47 43 37 42 38 37 38 41 54 66 41 42 50 57 39 38 68 101 102 62 67 67 71 69 103 83 73 49 58 69 74 78 87 86 91 92 88 88 86 82 86 85 86 75 73 91 93 94 95 90 94 89 94 112 120 131 147 157 158 153 
107 114 104 62 38 41 37 44 45 45 41 37 45 68 48 40 34 39 40 51 75 100 105 66 47 64 72 60 92 123 81 59 68 72 72 77 84 85 85 84 81 80 83 85 91 88 89 81 76 90 95 94 92 92 98 98 105 118 122 136 146 156 157 155 
86 88 82 55 30 32 32 47 53 50 43 35 35 48 43 30 34 48 54 59 76 101 111 94 53 45 54 71 72 116 127 85 85 80 71 77 82 86 84 82 80 78 82 85 90 90 89 86 80 86 95 94 91 97 101 102 108 123 125 138 147 158 157 157 
77 74 72 57 32 33 38 48 52 52 47 36 35 37 34 27 33 56 66 65 91 119 111 87 66 68 62 72 77 83 97 102 107 142 123 94 86 83 83 78 79 78 78 83 87 90 90 91 84 88 91 94 96 99 102 105 112 128 130 141 152 159 156 154 
78 76 72 58 38 39 46 52 49 44 41 38 34 31 33 33 29 54 76 95 129 127 101 71 54 77 97 89 80 73 79 72 69 116 129 120 113 95 99 101 81 76 71 77 81 88 89 93 87 87 91 96 100 100 102 105 116 133 142 146 155 158 156 157 
89 86 77 62 47 40 42 46 42 38 39 39 36 36 41 39 32 61 108 140 118 92 72 65 56 46 86 97 86 74 63 68 72 90 117 126 125 119 115 118 89 73 66 74 83 92 90 93 87 86 94 99 100 102 102 107 122 137 143 150 160 157 156 154 
103 97 81 65 59 54 43 47 43 39 38 37 36 40 41 29 30 65 138 146 60 44 52 67 71 47 52 82 58 58 54 50 86 90 103 130 133 123 125 135 117 87 62 67 80 91 93 94 88 87 93 101 98 103 104 113 126 145 149 152 158 156 154 153 
80 82 73 69 76 81 57 61 51 43 38 37 40 42 26 20 37 62 107 111 46 49 57 65 71 39 49 84 72 66 53 47 111 102 59 103 134 139 132 141 146 129 88 60 72 89 91 99 90 86 94 100 99 101 105 116 129 151 153 152 157 156 154 155 
64 83 111 127 110 81 63 58 52 42 38 38 40 36 20 26 51 57 79 82 42 57 83 62 77 57 47 80 59 87 136 136 134 101 35 51 107 144 144 142 145 139 125 71 61 85 95 98 94 86 94 102 99 102 108 116 134 150 153 155 158 159 155 158 
101 126 156 161 131 97 84 74 58 41 42 47 47 39 33 39 45 40 57 72 39 58 87 71 70 61 69 82 44 50 79 102 100 101 80 70 69 120 144 145 150 150 141 100 54 75 93 103 98 89 95 102 101 101 109 119 141 154 153 157 158 157 161 158 
114 111 128 114 81 74 79 59 46 42 39 47 51 44 49 44 38 38 57 67 36 57 61 58 66 46 77 77 73 77 79 72 54 48 51 60 59 59 109 139 141 153 147 121 60 61 91 103 103 90 93 106 107 106 112 123 143 154 154 160 158 156 160 161 
114 89 66 47 43 61 73 52 39 41 43 48 50 48 46 36 42 49 67 61 34 56 57 45 56 65 87 80 88 94 98 98 87 73 53 42 42 51 57 120 134 137 141 128 70 47 86 98 96 93 89 105 108 107 119 128 147 157 154 157 158 155 156 159 
118 115 83 56 50 71 85 75 52 46 52 52 50 54 45 37 61 74 78 67 33 53 51 44 55 78 88 90 89 98 114 109 99 92 84 75 68 55 65 115 133 132 138 125 90 47 76 93 92 86 88 103 109 107 127 133 146 154 153 157 163 158 159 158 
61 79 81 76 74 78 82 81 66 45 49 53 52 50 50 62 111 95 79 75 40 52 44 44 55 81 94 99 98 98 113 117 110 99 91 80 124 100 107 130 137 137 138 131 106 72 82 95 94 87 90 101 110 115 129 138 150 154 154 159 159 157 157 161 
45 55 57 65 77 78 76 78 70 46 45 50 55 47 56 69 102 93 71 93 54 45 34 39 57 85 101 105 107 104 105 119 123 108 95 75 113 154 138 141 141 144 143 142 113 72 88 95 96 92 92 101 117 117 129 141 151 154 156 158 157 158 157 160 
64 56 50 69 81 79 75 76 67 46 47 53 48 48 63 67 77 87 82 111 81 35 26 33 51 79 105 112 108 115 112 116 123 116 101 93 118 158 152 146 144 146 141 135 112 70 97 101 95 94 95 102 121 116 127 143 149 154 158 157 158 158 155 158 
80 73 64 77 83 78 75 76 67 46 46 44 42 51 70 72 87 122 119 109 105 42 21 32 50 78 100 112 116 122 122 116 118 123 108 108 134 149 149 147 140 139 141 135 119 78 79 93 98 104 102 102 120 119 130 140 141 151 157 158 160 160 156 162 
81 66 61 78 81 77 74 76 68 49 41 31 41 51 69 88 95 127 132 102 117 47 19 30 45 76 95 104 120 123 120 119 118 123 115 109 136 149 142 138 139 134 133 129 123 85 77 82 103 111 115 107 122 124 136 141 144 154 156 159 158 161 157 159 
65 48 62 78 77 77 74 75 72 63 42 31 40 62 90 117 126 130 146 105 117 49 19 29 44 66 93 105 109 115 123 120 120 120 119 116 136 142 132 129 133 127 127 121 124 90 80 82 100 109 125 117 119 129 134 146 150 158 157 161 158 160 158 163 
37 41 66 74 74 74 74 73 65 57 43 32 41 76 103 126 139 145 144 113 108 48 20 29 42 57 92 105 109 115 128 131 134 133 125 123 135 133 128 127 126 126 125 111 114 85 85 83 110 113 166 169 126 133 140 146 153 159 156 159 159 162 161 162 
30 47 66 69 72 72 74 72 68 56 50 37 44 78 100 118 120 130 135 118 95 66 64 48 47 52 77 102 113 114 117 133 143 145 143 142 142 139 132 129 126 131 125 114 108 86 84 87 119 131 158 180 127 131 140 142 152 155 154 157 162 163 162 162 
32 49 63 69 72 71 73 71 84 70 59 43 41 85 114 113 102 118 101 101 93 94 88 62 53 51 55 91 108 104 98 122 137 140 140 141 142 146 143 135 132 134 128 122 111 86 95 94 117 139 147 129 124 127 136 143 151 153 152 155 160 164 161 162 
39 49 62 69 70 71 71 67 76 76 59 46 47 104 127 123 118 127 87 67 83 76 68 61 57 50 47 73 98 101 102 126 137 133 134 137 142 143 144 139 131 133 129 121 101 95 107 97 115 138 147 130 138 139 145 146 154 154 156 157 162 162 161 164 
39 49 60 67 69 70 67 61 76 82 62 47 61 115 146 160 157 141 94 67 63 73 76 81 70 63 61 56 75 103 109 132 135 128 137 139 140 142 149 145 129 129 129 109 102 107 120 102 117 141 148 140 148 141 148 144 154 158 159 156 157 163 161 163 
37 48 58 66 67 68 61 55 75 94 80 50 64 125 168 169 154 130 81 73 74 67 78 90 84 75 73 56 52 99 112 137 137 126 137 142 142 139 147 147 130 136 130 90 107 115 121 121 116 140 147 136 152 138 145 143 157 159 162 155 158 162 162 161 
40 43 55 62 65 65 57 50 67 97 86 63 90 135 153 153 132 108 77 79 78 55 56 88 94 80 67 58 58 97 114 135 146 125 129 151 139 137 143 145 134 140 123 84 110 123 127 132 119 135 150 139 154 143 143 146 157 160 160 156 160 161 164 164 
46 38 50 55 60 59 53 47 52 72 82 99 117 129 128 117 86 76 83 83 78 67 46 67 97 93 79 63 61 97 103 115 138 150 127 136 151 134 141 145 134 140 107 85 116 129 131 132 127 134 154 161 158 146 139 146 156 158 159 158 158 160 164 165 
57 37 49 55 56 54 51 48 44 57 81 116 116 119 114 92 58 71 83 82 73 79 68 46 67 99 82 62 75 96 111 111 124 157 147 59 107 137 135 141 138 137 96 86 118 137 142 139 133 126 150 162 157 145 137 148 158 157 161 158 157 163 167 165 
76 48 50 58 60 58 53 47 42 47 74 116 103 100 102 95 79 80 88 83 77 73 79 71 51 70 77 62 61 63 104 118 112 128 145 87 89 121 121 145 137 131 92 84 118 141 144 144 140 121 140 157 154 141 134 147 149 155 161 162 163 163 165 165 
94 66 60 63 66 65 57 51 48 41 66 107 103 108 111 106 95 77 82 69 71 76 78 80 63 52 55 68 62 74 87 108 119 113 120 111 106 114 129 133 133 132 94 86 114 140 146 144 140 120 134 144 152 140 130 137 137 149 158 163 162 162 162 164 
84 71 71 72 75 71 60 55 53 48 72 90 110 123 124 112 83 75 85 75 70 71 88 85 74 67 55 45 56 62 67 65 94 111 111 106 105 121 136 148 151 130 96 90 117 140 148 145 139 123 128 149 156 145 124 125 118 137 161 161 159 160 162 162 
74 74 75 77 81 77 66 57 68 76 63 79 123 137 135 115 89 76 79 76 74 67 81 83 82 79 69 50 42 54 54 47 51 81 99 105 123 135 139 163 162 167 122 100 130 141 147 147 136 125 131 149 154 146 131 131 121 120 154 162 162 161 163 162 
79 77 79 80 83 81 74 67 98 129 90 88 126 131 108 102 103 102 98 88 78 67 63 69 69 71 80 78 56 60 71 49 43 46 55 81 101 106 131 148 173 203 159 113 136 144 145 147 141 134 134 150 151 145 140 148 146 115 149 162 162 161 163 165 
78 78 81 85 84 86 79 74 100 137 119 99 103 112 89 75 89 119 111 103 85 67 62 61 71 76 79 63 54 64 78 67 33 36 56 93 121 139 140 126 146 171 131 131 140 142 144 145 143 138 131 160 158 149 149 157 155 123 137 163 163 164 163 165 
77 78 81 84 84 87 82 79 93 120 111 86 81 120 134 111 94 119 119 99 82 69 69 61 68 69 59 46 58 67 59 42 26 35 76 107 135 150 154 151 150 144 135 145 144 144 143 148 147 139 138 162 153 160 164 167 164 130 134 163 164 164 164 164 
74 77 82 83 85 85 84 83 88 112 115 83 79 108 122 109 93 97 114 101 89 75 64 42 37 50 55 57 62 65 49 30 45 48 75 107 132 150 158 160 161 155 148 150 149 146 145 148 148 138 152 169 169 171 175 159 154 125 135 160 163 156 168 160 
73 74 78 79 83 86 87 88 89 102 105 89 89 88 83 84 82 90 114 107 89 67 61 63 43 48 57 52 50 60 53 36 38 39 72 101 126 145 157 159 162 159 155 152 151 148 148 150 149 151 153 165 166 170 170 163 156 119 141 163 161 162 168 159 
73 72 74 77 83 88 89 90 90 91 91 90 88 77 69 82 83 96 123 115 94 71 79 88 81 78 59 49 47 54 55 37 30 30 56 89 117 142 155 157 162 161 158 153 148 150 146 151 152 156 150 147 156 172 157 163 145 118 148 159 162 165 165 160 
76 75 77 79 85 89 89 90 91 93 92 89 88 76 74 81 81 98 121 113 100 87 84 85 82 80 56 51 57 61 35 28 26 26 41 67 108 141 157 156 160 159 155 155 149 150 150 157 157 156 149 146 159 161 154 150 120 125 149 153 157 162 164 163 
78 81 81 80 83 88 89 90 92 92 88 88 89 81 82 86 78 86 104 104 95 87 95 82 69 66 52 53 55 52 40 24 24 24 39 51 90 134 157 158 160 161 159 156 150 149 151 157 158 158 147 140 157 163 158 134 119 139 147 150 152 159 167 166 
77 84 83 80 83 89 90 91 90 86 87 91 94 88 91 93 85 86 96 96 89 95 97 80 78 70 72 73 67 49 31 24 31 34 39 57 76 116 151 162 159 162 161 158 150 151 151 153 160 159 150 141 157 163 155 146 137 143 154 161 155 158 165 167 
78 80 80 80 84 88 90 88 88 85 90 94 96 91 84 89 88 90 96 96 94 96 88 91 87 80 83 85 77 58 48 67 88 106 90 59 80 93 141 157 162 162 163 156 147 151 151 153 163 163 156 145 154 160 160 156 141 144 150 162 158 163 164 167 
78 76 76 82 85 87 87 87 87 90 93 94 93 90 85 86 86 91 95 95 97 91 87 104 99 87 88 98 99 90 92 103 103 114 118 76 70 71 129 152 163 164 164 154 147 154 154 157 163 163 153 147 148 161 165 161 153 143 146 158 159 167 167 165 
76 74 78 83 82 83 83 86 85 92 92 91 91 90 91 92 93 96 93 90 95 90 95 99 93 94 91 92 97 86 93 99 103 103 109 105 90 70 118 152 164 165 163 157 153 156 157 160 163 163 155 149 143 157 162 163 152 143 147 157 163 166 167 166 
63 71 80 83 79 77 78 82 84 90 90 89 91 90 89 94 94 98 98 91 91 86 93 94 102 110 102 93 82 83 87 92 113 104 105 101 94 95 117 144 157 166 165 158 157 157 160 160 160 162 155 148 136 154 163 163 153 148 147 158 161 168 169 167 
50 67 81 83 77 77 79 82 85 91 93 92 90 81 84 92 86 94 100 94 89 89 89 95 101 101 96 91 82 90 92 94 107 107 105 94 79 96 117 144 158 166 163 156 155 159 164 162 162 162 157 154 139 149 155 160 158 153 147 153 162 165 173 170 
50 67 81 85 81 80 84 85 89 93 93 93 91 82 87 91 87 94 99 82 80 97 91 95 90 78 78 84 88 92 97 102 102 104 99 78 42 85 110 137 160 165 163 158 156 159 166 168 161 159 157 154 141 142 149 154 158 156 141 142 163 171 182 170 
55 69 80 87 85 85 86 85 88 92 93 93 93 93 95 94 97 102 84 67 74 86 95 98 97 95 97 104 98 94 95 95 101 101 97 94 42 76 110 143 156 162 162 156 158 163 162 164 159 160 157 153 145 143 150 156 156 153 144 150 164 167 174 170 
57 71 81 87 86 86 85 85 86 91 91 89 89 93 93 97 99 106 74 66 83 94 102 116 114 115 111 109 103 99 89 88 89 92 93 102 44 61 110 136 154 157 160 156 159 163 161 161 163 160 157 156 144 144 156 158 159 151 140 148 162 166 168 169 


88 85 88 90 92 82 86 82 59 34 38 37 26 50 61 58 32 42 45 19 15 20 29 32 32 39 52 40 41 72 76 69 71 57 64 57 51 50 36 35 29 46 60 69 69 64 73 77 67 80 86 76 67 61 74 65 41 44 65 98 132 141 151 160 
87 84 88 86 84 75 77 85 71 47 30 35 36 52 57 59 36 42 53 45 25 22 37 34 36 42 43 41 41 59 61 65 72 69 73 73 62 58 53 34 39 62 55 71 78 65 87 69 63 79 86 75 63 51 57 54 59 60 79 106 136 150 156 159 
85 83 85 85 81 85 83 82 72 54 23 31 34 41 54 53 44 44 36 36 20 24 42 38 44 57 48 38 40 45 52 70 74 78 76 78 78 78 72 41 50 59 49 69 86 82 79 66 66 76 91 85 65 56 56 59 56 71 94 116 141 150 160 160 
82 83 81 81 83 82 81 70 40 45 24 26 25 34 48 59 51 50 35 26 22 30 48 43 56 56 55 49 40 44 56 71 77 78 79 81 77 82 69 44 42 35 53 52 64 75 85 62 69 73 81 82 65 62 53 55 53 65 97 126 152 155 162 163 
81 81 81 82 88 85 82 67 34 52 35 21 29 38 42 65 52 40 34 32 31 36 44 45 55 49 51 60 43 41 54 69 82 81 85 81 76 77 65 50 45 49 56 62 55 73 83 59 69 73 79 75 68 62 54 53 54 49 85 122 152 154 164 164 
85 82 82 83 86 84 77 67 43 55 50 29 25 38 39 43 48 35 35 44 42 47 46 61 69 64 57 48 42 41 62 73 84 81 85 79 77 78 63 38 44 44 44 62 54 72 76 65 70 76 69 62 71 61 56 57 55 47 75 118 152 153 161 164 
85 82 83 85 81 79 70 49 29 37 54 32 21 29 45 40 31 31 49 43 52 51 52 67 69 62 47 45 42 46 67 73 84 84 82 77 78 79 69 43 50 48 46 58 50 63 63 61 72 70 68 52 60 58 56 56 55 47 68 126 152 154 162 164 
87 86 84 83 82 77 64 35 22 38 55 50 24 32 55 38 29 38 52 36 46 41 56 66 65 43 35 45 45 52 72 77 85 85 83 81 82 76 72 76 59 42 43 55 62 66 39 45 69 70 64 58 51 54 56 57 56 49 82 131 152 158 164 169 
88 83 82 78 73 63 40 36 41 55 51 58 42 32 54 45 37 37 51 36 52 40 54 73 73 49 38 44 53 62 75 75 83 82 83 83 79 77 68 86 64 49 35 43 64 61 29 26 39 51 54 55 52 46 54 57 56 58 98 135 153 159 160 157 
88 78 69 62 55 59 38 26 40 46 42 50 53 24 51 50 39 42 60 35 53 48 48 79 67 65 55 56 62 70 72 76 85 84 84 84 79 71 62 84 69 67 66 64 77 64 29 22 34 50 62 60 65 50 57 59 58 68 104 133 158 163 163 158 
86 65 58 68 50 52 37 19 36 41 42 54 63 32 40 55 40 54 50 31 59 65 55 72 74 63 61 55 63 69 71 77 81 84 87 85 78 72 70 64 69 67 75 78 84 77 38 28 39 59 68 72 76 64 62 61 60 69 103 130 159 165 169 165 
77 56 46 54 58 47 39 26 33 47 53 52 67 52 28 52 48 75 61 31 58 64 64 68 84 55 58 55 65 72 67 71 78 80 87 85 80 79 80 53 65 61 66 73 86 76 56 50 48 61 69 75 77 69 62 65 72 75 100 130 158 162 170 164 
57 48 36 42 48 49 43 34 42 51 46 48 73 64 30 42 46 68 52 28 57 70 68 67 79 64 53 65 71 73 67 72 78 78 82 81 79 77 67 60 62 57 67 68 73 77 72 65 64 71 75 74 77 69 62 63 67 83 99 126 155 162 165 162 
72 51 50 50 49 51 48 39 37 38 37 45 54 54 26 42 46 68 37 29 47 64 67 66 70 72 49 69 74 71 70 71 80 78 75 78 80 82 72 75 79 75 75 72 75 83 74 71 65 71 80 80 78 79 73 77 75 85 99 119 145 161 163 162 
80 71 59 52 53 47 39 38 27 23 31 48 57 63 29 39 51 68 37 25 43 56 67 69 76 70 56 62 77 71 73 71 76 77 72 77 82 82 79 79 80 75 73 72 79 80 77 74 67 74 81 80 84 86 87 84 75 91 96 115 135 159 166 164 
76 73 65 45 45 40 33 37 30 26 26 34 61 79 35 39 51 56 31 30 54 64 63 48 61 56 52 55 96 77 70 46 58 69 75 76 81 78 78 72 69 72 74 71 78 80 82 72 68 81 81 81 83 80 85 81 86 96 97 112 134 160 162 161 
76 79 78 48 30 35 32 39 37 34 30 27 42 75 40 35 28 28 30 42 62 64 63 47 44 57 58 45 86 113 76 56 70 72 72 76 80 77 77 75 69 69 70 71 83 83 84 75 71 84 84 81 77 80 87 87 93 99 102 120 136 160 160 160 
62 66 65 47 18 24 23 42 46 42 34 25 26 46 40 23 22 27 39 49 61 59 67 60 47 43 47 57 59 108 116 79 82 77 73 79 79 79 75 73 68 66 67 71 80 84 83 78 74 77 82 82 76 85 91 89 96 110 108 123 142 162 160 160 
56 55 55 46 19 22 29 41 44 44 41 29 29 31 30 19 26 34 49 53 55 52 64 56 54 56 48 56 59 63 80 88 98 132 112 86 80 77 68 62 66 64 63 69 75 80 80 80 75 79 80 82 82 87 92 90 99 113 115 130 151 163 161 160 
56 57 56 48 26 26 36 45 43 40 33 32 31 26 28 35 19 36 60 57 46 56 64 50 44 61 77 71 63 58 58 50 55 104 111 99 92 81 64 55 57 61 54 59 65 75 78 82 76 75 80 84 86 88 89 91 101 118 128 137 158 163 161 164 
59 62 58 50 35 28 32 39 40 34 31 33 35 33 40 40 22 42 55 57 49 50 51 50 44 36 71 79 70 58 50 48 45 67 99 109 100 89 85 81 63 60 50 58 66 78 78 81 77 77 84 86 86 93 91 94 107 124 132 144 161 161 159 161 
80 76 63 52 45 42 30 34 37 34 32 33 35 40 38 22 20 38 50 65 41 35 42 51 55 37 42 64 46 46 42 39 63 70 84 113 110 92 91 105 92 70 49 51 62 75 80 84 79 79 86 90 85 94 97 101 111 137 142 151 157 157 155 155 
65 71 58 54 49 46 33 52 46 39 34 35 37 42 23 13 24 42 64 66 28 41 47 45 56 33 40 73 55 45 38 38 98 89 50 93 117 115 105 116 124 107 70 46 52 68 76 90 81 77 85 92 88 89 97 103 117 149 150 152 157 157 153 156 
39 50 74 97 83 50 45 50 46 40 36 34 38 34 15 17 41 42 58 62 25 46 73 41 57 47 40 72 46 56 100 112 114 89 29 44 96 120 120 118 122 118 103 55 45 63 77 85 84 80 88 93 89 90 99 97 122 147 154 157 158 160 157 160 
52 82 123 140 107 75 72 66 51 35 40 41 46 36 29 32 40 33 46 60 22 43 71 48 47 45 50 73 39 38 58 80 75 75 62 56 57 101 118 119 122 127 120 81 41 54 75 89 86 80 87 91 90 89 95 102 131 152 151 161 160 161 163 160 
66 66 99 89 54 51 66 51 37 37 37 45 51 42 48 40 36 34 49 54 19 41 40 31 42 40 68 58 53 55 58 51 36 32 36 44 42 48 87 110 114 131 125 98 44 44 71 90 92 83 86 95 95 94 97 108 134 153 157 165 163 160 163 162 
54 34 38 32 34 51 66 48 37 42 44 49 51 50 42 28 40 44 57 47 17 37 35 23 37 53 68 54 60 65 76 74 61 48 37 29 29 41 44 87 101 109 116 104 52 35 68 84 86 84 81 97 99 96 110 117 145 161 161 166 165 159 160 161 
52 38 33 27 35 62 75 66 50 51 60 56 52 47 37 26 51 65 70 55 17 36 28 26 40 60 62 61 60 69 99 90 74 60 56 53 53 43 53 87 101 99 110 100 71 37 59 79 81 76 80 97 98 100 122 122 146 155 155 164 168 161 163 162 
35 39 44 46 54 68 71 72 62 46 54 63 49 39 38 47 98 73 64 65 23 32 25 27 39 60 70 72 72 69 89 104 92 70 58 55 106 81 86 99 106 104 107 100 82 59 63 81 84 79 81 94 98 105 124 133 150 150 157 163 163 160 162 165 
34 45 44 51 72 72 68 71 68 46 46 54 51 34 44 56 93 78 55 81 35 27 18 23 38 64 77 79 76 71 77 106 112 89 66 48 99 134 106 109 113 112 112 107 88 58 69 81 84 88 86 97 110 106 116 133 151 150 155 164 163 161 162 165 
57 49 39 62 78 73 69 69 64 44 46 51 39 37 53 57 70 77 61 93 57 20 14 20 36 64 84 86 84 81 81 88 109 103 76 66 99 132 118 114 116 112 107 103 85 55 75 84 84 89 90 99 113 102 112 131 145 149 153 163 164 165 160 160 
73 68 58 70 77 72 70 68 63 44 44 38 30 38 61 63 82 113 100 81 80 23 11 21 37 64 81 87 91 88 85 81 89 109 90 83 113 116 111 113 109 106 108 104 90 65 67 79 87 97 98 100 113 107 119 128 127 145 159 163 166 167 162 163 
82 66 52 72 75 70 66 69 64 46 33 18 25 36 59 78 91 117 123 72 94 28 11 19 33 61 77 83 94 92 86 85 88 104 101 88 110 113 101 97 99 96 98 97 94 67 69 72 94 109 112 102 113 113 127 131 131 150 162 165 165 166 162 165 
67 39 54 72 71 71 64 67 66 54 29 19 24 45 83 110 125 118 137 75 92 30 12 19 28 52 76 82 86 87 94 90 90 97 104 103 109 101 91 87 91 87 87 89 96 72 73 75 91 105 124 112 112 121 125 139 147 159 163 166 165 167 166 171 
30 30 56 66 68 68 66 61 54 40 26 18 24 64 102 123 135 132 132 86 82 28 11 17 26 43 72 85 93 96 112 116 116 115 107 107 108 96 88 83 83 84 87 80 87 70 76 75 105 113 171 155 119 128 133 140 152 161 161 167 169 171 168 169 
19 40 57 59 62 61 64 61 54 34 30 23 32 70 95 113 106 113 119 98 70 45 48 34 33 39 60 84 98 100 103 121 131 132 125 119 114 107 94 88 84 92 91 85 80 74 75 76 115 133 167 171 118 124 131 136 150 156 158 164 172 172 169 169 
23 40 55 57 60 56 63 62 72 47 35 27 31 82 109 102 81 109 85 85 67 70 76 51 46 45 45 74 95 92 80 104 118 121 119 117 118 121 112 100 96 101 96 94 87 75 84 83 113 143 143 116 117 119 123 135 150 151 155 163 168 173 169 170 
30 38 53 58 59 58 61 61 62 54 36 30 33 93 120 108 94 116 80 52 69 59 57 55 56 48 41 63 85 89 84 106 116 107 106 107 112 115 119 108 95 98 98 97 87 86 95 86 111 141 139 109 136 133 135 140 152 150 160 166 173 172 170 171 
25 34 47 56 58 58 54 51 60 60 40 28 44 101 124 143 142 127 83 55 48 64 68 72 64 57 52 44 62 88 88 109 110 94 100 100 101 105 119 113 96 95 98 95 101 102 108 90 112 139 150 136 150 135 141 140 145 160 164 159 167 172 172 173 
24 34 46 56 56 55 51 45 60 80 65 33 43 95 149 154 134 116 71 61 61 55 73 82 71 65 61 37 40 85 90 113 107 92 99 101 97 93 109 110 95 102 106 89 113 114 111 108 106 137 147 137 157 135 136 137 157 165 166 158 168 171 174 174 
25 28 41 54 52 50 48 42 52 85 69 41 62 93 125 129 110 93 67 71 68 44 48 81 86 70 54 43 44 82 95 112 112 89 95 115 93 90 103 107 99 110 111 87 117 124 121 123 110 133 146 141 159 143 137 142 164 160 163 163 171 169 175 180 
33 24 33 43 45 46 43 41 44 52 47 66 84 91 94 87 64 67 77 76 69 57 34 56 91 86 76 58 47 83 87 96 113 110 94 106 113 90 104 110 102 114 104 88 124 132 127 125 121 133 159 171 166 147 135 143 160 161 162 160 163 169 179 180 
47 23 33 41 43 41 38 41 39 42 49 82 84 88 84 72 54 73 79 76 69 69 55 34 56 92 77 58 53 76 97 93 104 121 114 53 83 97 97 106 108 126 99 88 129 142 141 134 129 120 154 171 163 144 133 144 158 160 170 163 166 172 182 180 
67 37 37 44 46 44 41 42 36 37 55 94 75 74 77 71 78 85 87 77 76 69 71 59 36 60 77 60 43 47 96 102 94 100 103 61 67 87 87 112 120 142 96 88 131 148 146 142 137 112 142 165 160 140 132 144 147 156 169 171 171 173 180 182 
88 56 47 49 52 51 44 45 43 37 56 88 77 86 84 77 86 76 80 62 66 72 77 72 48 36 48 68 56 66 78 95 100 88 86 72 71 86 105 107 142 153 100 88 124 148 145 143 138 114 134 151 159 139 126 130 128 148 164 171 169 173 178 180 
76 63 59 57 63 56 48 53 56 43 62 56 75 99 99 87 74 76 89 71 67 69 87 82 63 51 40 38 52 53 50 52 77 88 88 81 75 101 117 131 163 144 100 94 131 151 147 142 136 118 128 157 165 147 121 115 100 133 164 168 167 170 175 179 
65 65 64 64 71 66 53 48 44 39 48 47 79 107 106 91 80 74 79 74 71 64 79 84 81 73 59 38 32 44 41 29 34 70 83 86 106 131 133 148 136 143 117 108 149 154 147 144 133 120 130 155 164 150 129 124 104 109 156 171 174 176 179 179 
70 66 66 69 73 73 62 54 51 37 35 56 86 103 78 83 96 100 99 84 72 58 57 67 69 74 76 66 44 50 59 36 35 38 43 67 88 107 138 143 141 170 139 123 156 158 149 146 140 132 134 154 155 145 138 142 130 105 153 174 174 176 181 177 
68 66 67 72 73 77 69 62 59 39 35 61 79 113 81 60 75 115 108 103 83 62 52 55 76 84 81 55 42 52 69 58 22 24 45 82 112 137 148 133 130 141 110 148 162 160 148 144 143 139 133 163 158 147 147 152 141 109 137 174 177 180 179 177 
65 64 66 71 71 74 71 68 72 61 45 58 63 125 143 109 85 113 114 93 76 65 60 48 63 71 55 37 43 51 51 29 13 21 66 96 129 151 160 162 155 132 137 164 164 158 148 148 148 141 144 167 154 160 165 164 152 119 131 171 179 181 179 177 
61 62 67 70 72 70 73 73 75 70 65 67 64 96 129 112 91 84 109 96 88 79 59 25 24 41 45 43 43 47 39 18 33 36 61 93 124 150 163 172 173 168 163 169 165 158 153 151 151 141 161 175 169 169 176 155 145 117 133 168 178 177 185 177 
61 61 64 66 68 72 75 78 78 75 75 76 77 71 72 81 79 79 106 102 91 67 48 44 30 39 46 38 33 43 36 22 26 26 57 83 115 144 161 170 174 172 171 168 164 158 156 154 155 159 162 170 166 167 167 160 149 112 139 168 175 179 181 172 
62 60 63 64 71 78 77 81 79 80 80 81 79 63 57 71 75 87 117 113 91 63 70 70 63 63 47 34 30 42 39 20 18 18 42 71 101 141 160 166 173 175 173 166 159 159 152 156 159 165 155 153 159 171 153 158 139 115 147 166 172 179 179 172 
64 64 66 65 72 78 79 82 82 84 80 79 80 68 69 73 72 91 115 107 94 78 74 71 65 65 46 36 38 46 22 14 12 14 26 49 88 138 165 167 170 171 166 163 157 155 155 164 163 163 152 149 163 164 155 147 117 124 142 151 161 173 177 177 
64 70 67 66 71 78 80 82 83 85 77 77 82 74 75 79 70 79 97 96 85 76 89 71 48 44 34 31 34 36 27 13 13 12 23 35 71 124 165 169 170 172 170 164 156 151 155 162 164 165 150 143 167 172 161 134 121 140 143 147 151 161 178 180 
63 73 69 67 72 79 79 83 82 78 79 84 88 79 84 86 76 79 89 91 82 86 90 64 59 50 51 49 46 35 19 14 22 22 23 36 54 99 152 170 164 173 173 164 153 154 154 157 167 165 153 145 168 173 159 148 137 142 160 169 156 159 175 179 
66 70 67 71 76 79 78 79 80 76 83 87 87 84 75 83 80 81 87 92 88 89 76 76 73 68 68 65 61 48 38 56 77 95 74 34 55 74 136 163 166 175 176 162 147 154 153 157 170 171 160 148 163 169 166 159 142 145 155 170 161 170 173 176 
67 65 64 71 76 79 79 78 80 82 88 87 85 82 76 79 77 84 85 89 90 84 78 93 85 76 80 90 92 78 76 88 86 98 99 57 50 55 121 159 171 176 174 160 148 158 156 162 173 173 159 151 156 173 172 165 153 143 148 164 166 179 177 175 
60 64 66 69 72 74 75 78 77 84 85 82 81 81 83 84 84 90 87 82 89 82 89 90 83 89 89 87 88 71 76 81 88 83 85 86 73 57 108 159 173 177 172 163 156 160 162 167 174 172 161 154 147 165 169 169 154 146 150 166 172 175 179 177 
44 59 67 72 69 68 69 73 76 83 82 82 86 81 81 88 87 95 94 83 83 78 85 90 97 103 95 84 66 65 72 77 100 87 83 83 82 85 112 145 164 176 176 163 163 163 166 168 169 167 159 149 137 159 169 169 157 150 151 167 171 175 178 179 
36 58 69 73 68 69 70 72 76 84 86 84 83 73 77 83 75 87 93 87 81 82 84 88 92 88 80 73 61 73 76 80 92 89 82 76 63 83 113 146 167 177 172 161 162 168 174 170 170 167 163 159 140 151 158 164 163 157 149 160 173 174 182 183 
39 58 70 74 71 75 75 77 81 83 85 83 83 75 80 84 80 86 93 73 73 89 80 82 77 61 60 65 71 77 84 86 85 82 79 61 28 76 104 138 170 178 174 165 162 169 175 178 168 164 162 162 144 144 147 151 162 158 138 146 175 183 190 182 
44 58 70 76 71 76 76 76 79 85 86 85 84 84 88 86 89 94 74 67 71 77 83 81 84 80 81 81 73 70 75 75 83 81 80 81 30 66 100 143 165 171 171 162 167 171 170 174 164 165 161 160 149 144 153 157 159 152 142 155 174 178 184 183 
47 59 72 77 73 76 77 78 79 86 83 81 78 84 83 88 90 92 62 66 82 92 92 104 95 95 94 94 76 70 60 57 65 74 75 92 36 53 99 130 161 166 168 164 168 172 171 170 170 168 166 163 145 145 156 159 160 148 138 150 173 180 182 182 