


9 9 9 8 9 8 7 8 8 8 7 7 7 6 6 6 6 7 7 8 8 15 13 12 16 34 117 145 162 174 181 181 170 164 173 156 134 145 142 58 22 28 94 79 38 23 7 1 1 2 5 3 5 5 8 10 19 24 24 21 23 19 7 5 
10 9 9 9 9 8 7 8 8 8 7 7 7 7 7 6 7 7 7 8 9 16 16 16 42 52 114 152 166 177 181 180 177 164 167 166 149 145 151 78 28 41 67 58 30 10 3 2 2 2 5 4 3 2 5 18 27 26 24 23 25 22 11 11 
9 9 9 9 9 9 8 7 7 7 7 7 7 6 7 7 7 7 7 8 12 37 78 120 152 163 169 174 172 175 181 180 175 171 161 165 159 148 154 95 35 37 52 43 21 7 3 2 2 3 5 4 2 3 15 26 26 24 21 24 26 24 12 12 
9 9 9 9 9 8 8 7 7 7 7 7 7 6 7 7 7 7 7 9 34 110 165 196 204 207 207 206 201 192 182 176 173 169 157 154 161 152 150 79 38 35 42 32 15 8 4 3 3 5 6 3 2 13 29 27 24 22 22 25 27 26 18 13 
9 9 9 9 9 9 8 7 7 7 7 7 7 7 7 6 7 7 8 10 61 144 215 243 246 245 242 240 234 227 212 194 175 160 136 161 157 155 118 50 38 36 36 21 12 7 5 6 5 5 3 1 7 30 33 27 25 22 23 26 27 25 22 16 
9 9 9 8 9 8 8 7 7 7 7 7 7 7 7 6 7 7 8 17 90 128 191 234 250 253 253 253 251 248 241 231 213 189 168 163 159 144 81 44 39 36 30 12 11 8 6 6 5 3 3 4 23 38 31 25 23 22 25 27 26 25 23 17 
9 9 9 9 8 8 7 8 8 7 7 7 7 7 7 7 7 8 8 47 121 135 151 209 223 243 254 254 254 254 253 248 241 231 210 184 160 96 57 48 42 36 25 19 11 10 7 8 4 3 3 15 38 36 29 26 23 22 26 27 27 24 24 18 
9 9 9 8 8 7 8 8 8 7 7 7 7 7 7 8 10 12 14 87 120 119 128 177 216 224 240 253 254 254 255 254 252 249 238 219 191 155 108 60 45 35 34 27 20 9 12 5 4 3 9 37 44 33 28 27 23 23 26 27 27 24 25 20 
9 9 9 8 8 8 8 8 8 7 7 7 7 9 19 40 71 81 77 106 107 130 122 141 189 228 231 237 251 254 254 254 254 253 250 241 220 196 167 119 64 37 51 45 22 14 8 4 5 6 29 51 41 29 27 25 23 24 27 26 28 25 25 20 
9 9 9 8 8 9 8 8 8 7 7 7 8 13 51 76 80 95 114 115 86 67 65 88 149 198 236 236 232 247 253 254 254 253 250 247 240 223 199 170 125 73 109 110 61 19 5 6 6 15 49 52 34 27 26 26 22 25 29 27 27 25 25 19 
9 9 8 8 8 8 8 8 8 7 7 7 7 8 37 104 110 96 97 101 91 53 30 33 69 157 208 240 239 228 241 252 252 252 251 247 242 236 222 193 154 133 149 165 152 103 34 8 7 30 56 46 29 25 25 25 22 30 32 27 26 24 23 20 
9 9 8 8 9 8 8 8 7 7 7 7 7 7 13 64 120 124 113 104 101 85 50 32 32 89 173 218 241 240 223 233 249 251 249 248 243 235 228 207 117 132 144 175 182 176 142 58 17 47 55 38 28 25 24 24 25 39 36 28 26 24 23 37 
10 10 9 9 9 8 9 8 7 7 7 7 7 7 8 26 83 124 124 121 119 110 86 47 32 41 119 188 223 241 242 221 225 245 247 245 242 237 228 213 144 80 138 156 194 196 190 160 75 55 51 32 26 25 25 25 34 45 33 28 25 23 21 24 
9 9 9 8 9 9 8 8 7 7 7 7 7 7 8 13 52 100 126 120 122 128 119 87 44 32 50 137 195 228 243 242 221 219 240 244 242 236 225 200 141 62 93 144 181 206 203 187 100 57 46 29 24 25 24 27 43 46 29 28 25 22 10 10 
9 9 9 8 9 9 8 7 7 7 7 7 7 7 8 9 27 70 108 121 110 116 134 126 86 42 33 61 152 201 228 240 242 223 210 229 236 231 224 207 147 64 50 112 155 198 209 187 80 55 39 25 24 26 25 35 49 37 28 27 24 19 8 14 
9 9 8 8 8 8 7 7 7 7 7 7 7 7 9 12 11 35 89 116 112 100 111 132 125 82 78 74 74 162 203 227 239 240 223 200 211 222 217 207 164 69 44 67 131 164 194 167 67 49 32 23 25 26 28 43 46 29 27 26 24 15 10 19 
9 8 8 8 8 7 7 7 7 7 7 7 7 8 23 34 56 64 71 108 120 113 103 101 125 127 178 155 34 89 167 203 223 235 238 224 195 195 208 202 170 73 40 48 90 144 164 135 58 42 28 22 26 26 32 45 37 26 26 25 25 10 16 21 
9 8 9 8 8 8 7 8 7 7 8 7 8 16 69 120 151 129 86 81 115 123 114 108 98 133 192 174 49 31 96 163 195 216 227 231 224 199 184 192 177 74 37 42 59 133 142 108 51 36 26 24 28 27 35 40 28 26 26 24 20 6 21 18 
9 9 9 9 8 8 8 7 8 7 8 11 30 55 142 170 180 177 132 86 80 113 123 117 114 142 160 174 91 31 34 97 154 182 209 221 221 220 203 176 161 67 35 40 46 123 141 95 48 38 26 27 30 28 34 32 26 27 24 23 8 10 21 16 
9 9 9 8 8 8 7 7 7 7 16 68 97 123 168 169 174 176 159 106 69 69 106 123 120 157 160 146 142 42 30 36 89 137 168 199 211 213 209 197 159 55 33 36 43 120 138 103 51 40 32 33 29 29 31 26 27 25 22 14 4 14 18 13 
9 9 9 9 8 8 8 8 8 8 36 117 88 108 124 116 136 169 175 159 107 58 47 90 118 169 184 139 135 105 65 30 28 73 120 150 179 197 198 192 161 49 32 33 44 124 130 100 58 46 39 40 39 35 28 25 23 21 16 4 8 17 16 8 
9 9 9 9 8 8 8 8 8 7 20 87 50 40 46 53 60 104 174 175 151 96 41 33 60 131 183 158 131 142 159 71 21 17 49 95 124 152 172 178 148 43 30 33 41 112 121 80 57 48 43 45 44 44 45 33 23 19 5 4 14 19 14 5 
9 9 9 8 8 8 8 8 8 8 8 16 30 37 41 47 53 50 133 177 174 153 89 33 14 62 157 162 142 138 171 153 35 13 15 24 59 92 114 131 123 44 28 28 43 86 95 58 53 45 43 45 43 46 51 58 39 10 2 7 21 19 10 4 
9 9 9 8 8 8 8 8 8 9 13 23 32 38 39 39 45 41 70 166 180 177 149 82 25 27 128 166 157 136 145 177 59 13 16 16 11 20 38 59 72 41 24 22 51 68 60 47 52 45 45 45 45 48 50 56 67 21 7 13 29 20 7 5 
9 9 9 9 8 8 9 11 26 52 80 96 64 40 45 43 37 36 39 105 157 164 160 126 47 24 122 190 179 153 133 151 99 24 16 17 15 13 11 9 10 12 17 20 62 65 36 47 52 48 46 48 47 46 47 52 65 73 51 28 28 25 20 20 
9 9 9 9 9 12 32 65 93 113 126 129 95 46 51 51 45 37 33 47 96 103 94 79 41 24 95 171 170 166 144 137 153 106 29 12 15 22 18 10 7 5 5 12 67 71 38 48 48 47 47 48 44 42 44 51 60 80 82 30 26 28 28 28 
9 9 9 10 23 61 95 114 119 119 122 116 74 35 50 57 55 48 39 36 77 99 73 32 15 18 47 159 169 169 156 142 148 174 144 47 13 20 32 29 20 8 5 11 64 77 49 44 45 45 45 44 40 39 41 46 56 72 92 62 29 31 32 33 
9 9 10 28 73 100 112 120 125 127 128 118 71 31 29 35 41 39 34 27 26 51 61 46 32 24 20 113 177 177 170 147 144 162 198 180 94 26 25 34 31 20 10 8 54 80 54 42 44 45 44 41 36 30 30 39 54 85 94 94 46 36 40 37 
9 9 24 54 88 115 130 134 136 132 128 124 92 41 25 22 21 22 23 29 35 39 48 37 37 37 17 40 156 183 181 155 141 146 182 198 200 150 95 90 76 50 38 6 37 79 63 30 38 32 26 17 18 22 32 25 19 33 66 97 83 42 40 38 
9 9 17 31 63 90 111 126 136 139 139 141 136 107 65 42 34 36 52 80 93 91 87 51 59 67 33 15 89 183 186 169 141 140 164 193 200 200 197 186 168 114 67 18 19 69 70 32 13 11 10 7 8 27 54 31 17 19 27 59 95 54 40 40 
9 9 10 10 37 65 80 94 108 121 129 135 139 144 142 128 113 109 118 122 121 114 92 54 63 81 55 22 36 146 188 191 165 144 153 184 204 204 200 195 190 180 130 48 17 44 71 53 20 17 15 10 10 18 38 53 44 20 21 26 62 78 43 42 
10 10 9 9 13 40 66 76 83 92 100 107 115 124 131 135 128 115 106 99 93 83 65 35 52 66 51 21 24 74 201 221 190 152 149 172 199 212 214 210 203 191 174 109 39 25 57 67 45 26 22 15 11 11 16 32 45 17 16 23 31 61 45 42 
10 9 9 9 8 9 20 39 56 64 70 74 80 88 88 89 83 74 69 74 85 87 79 59 95 94 58 26 28 97 214 224 198 159 146 161 190 215 222 225 223 202 190 175 146 119 93 74 64 44 26 17 10 11 14 18 42 19 16 21 27 35 37 36 
10 9 9 9 8 8 8 9 14 23 36 51 60 63 60 57 57 66 76 80 82 83 80 58 57 35 23 39 63 184 215 201 181 163 146 151 178 211 227 226 222 210 204 195 179 163 149 121 102 79 53 37 32 24 16 14 13 8 15 19 22 25 25 25 
9 9 9 9 8 8 8 8 8 8 8 10 17 24 31 36 35 27 36 50 51 43 30 25 40 32 35 60 147 210 207 188 183 165 141 145 167 205 226 212 214 218 214 207 194 176 158 148 146 131 104 68 69 47 13 6 4 7 12 17 19 24 26 25 
9 9 8 8 8 8 7 7 7 8 7 6 6 5 6 7 7 6 7 8 8 8 9 19 45 47 55 143 207 210 196 190 196 189 158 149 155 199 217 196 216 223 220 215 210 203 187 163 145 138 113 56 33 12 3 3 5 10 12 16 20 27 29 29 
9 8 8 8 8 7 7 7 7 7 6 6 6 5 5 5 5 5 6 6 6 6 7 14 42 46 92 201 216 204 191 193 210 204 172 149 144 184 200 192 220 228 228 226 222 215 199 175 145 121 91 25 4 3 6 4 12 17 13 15 18 26 31 31 
9 9 8 8 9 8 8 7 7 7 6 6 6 6 6 5 5 5 6 6 6 7 7 9 40 53 147 220 213 199 190 207 212 205 184 154 142 154 174 196 225 233 235 233 227 216 198 171 135 104 80 17 3 9 14 6 23 26 18 15 16 22 29 29 
9 10 9 9 9 8 8 7 7 7 7 7 7 6 6 6 5 5 6 6 6 7 7 8 26 79 197 222 208 190 201 204 187 168 177 167 141 136 161 206 230 236 237 233 225 210 182 154 128 111 63 6 5 15 13 7 23 28 24 19 19 21 21 22 
9 9 8 9 9 9 8 8 8 7 7 7 7 6 6 6 6 5 6 6 6 6 7 9 27 133 221 217 199 188 199 167 138 126 142 179 150 138 176 213 234 238 236 230 217 187 166 160 127 95 18 3 11 16 10 6 20 24 25 21 23 24 22 22 
10 9 8 8 8 8 7 7 7 7 6 6 6 6 6 6 6 6 6 6 5 6 7 8 49 186 225 210 187 182 166 144 151 112 137 154 155 153 195 219 235 237 235 220 191 172 173 160 107 38 5 8 16 15 6 5 18 20 22 21 22 24 23 23 
9 9 8 8 8 8 7 7 7 7 6 6 6 6 6 6 6 5 6 6 5 6 7 10 94 216 220 193 168 148 140 150 162 121 166 190 179 154 208 225 235 234 219 193 184 186 178 142 56 10 6 14 17 13 4 3 15 20 19 21 20 21 22 22 
9 8 8 8 8 7 7 7 7 7 6 6 6 6 6 6 5 5 6 6 6 7 7 22 146 226 207 161 139 127 122 150 142 118 159 174 161 156 214 220 228 214 191 194 202 190 168 115 23 5 7 17 17 9 3 3 8 19 19 19 20 20 19 19 
9 9 8 8 8 8 7 7 7 6 6 6 6 6 5 4 13 18 15 10 7 7 8 48 183 221 181 136 120 118 117 119 102 128 144 148 152 159 191 191 200 183 196 208 201 181 157 94 10 3 6 15 13 4 3 3 3 14 20 18 17 20 21 18 
9 9 9 9 8 8 8 6 6 6 5 5 6 6 5 5 14 46 55 52 39 24 16 84 199 202 164 123 116 117 115 68 77 123 157 157 166 161 144 161 174 192 206 204 193 174 153 57 10 2 3 8 5 4 3 3 2 5 18 20 18 19 20 20 
9 9 10 9 7 7 7 6 6 5 5 5 5 5 5 5 9 50 71 78 78 67 58 114 199 184 140 116 126 163 148 67 89 138 171 182 170 155 136 157 190 204 207 201 189 178 123 21 20 4 2 4 5 4 3 2 2 2 8 21 18 18 19 19 
9 9 8 8 7 6 6 6 5 5 5 5 5 5 5 5 6 31 71 80 84 87 82 141 213 184 119 123 176 201 133 66 112 155 219 208 167 157 143 179 206 210 211 201 193 170 65 10 22 10 2 4 4 3 3 2 2 1 2 10 17 17 18 19 
9 8 9 8 7 6 6 6 5 5 5 5 6 5 5 5 5 14 57 79 85 86 83 161 229 170 114 164 213 204 132 109 136 191 241 202 163 158 163 207 216 216 213 201 189 120 17 13 17 20 4 4 7 7 7 6 5 2 1 2 11 17 17 18 
9 9 8 8 7 6 6 6 5 5 5 5 5 5 5 5 5 6 36 73 82 85 77 119 150 126 136 202 221 182 137 134 168 231 238 187 145 151 193 223 221 214 208 191 163 56 5 7 13 25 11 8 10 9 7 9 11 7 3 1 3 12 17 17 
9 9 8 8 7 6 6 6 5 5 5 5 4 5 5 5 5 5 14 62 80 82 75 100 117 132 183 215 216 157 133 151 217 240 227 148 133 147 198 229 221 200 182 171 120 28 4 4 5 16 21 12 10 7 8 10 12 11 7 3 2 4 13 17 
9 8 8 8 7 7 7 6 6 5 5 5 4 4 5 5 5 5 6 31 80 81 70 112 146 185 213 223 204 138 133 186 236 239 199 117 127 176 200 207 209 159 128 122 101 13 4 4 5 7 23 15 9 8 9 11 11 11 10 6 3 3 8 14 
9 8 8 8 8 7 7 6 6 6 6 5 5 5 5 5 5 5 5 8 46 77 59 136 204 215 223 221 185 131 143 213 240 225 160 119 122 190 219 206 143 141 135 118 74 5 4 3 4 4 16 20 11 9 9 10 11 11 10 9 3 2 3 8 
9 9 9 8 8 7 7 7 7 6 6 6 5 5 5 5 5 5 5 5 12 36 36 134 220 223 218 212 165 129 157 231 240 188 146 124 105 164 215 180 126 129 136 140 39 5 4 2 3 5 7 21 15 8 7 8 10 11 12 7 2 2 2 4 
10 9 8 8 8 7 7 8 7 7 6 6 6 6 6 5 5 5 5 5 10 28 29 101 206 210 206 200 159 133 181 241 213 153 144 126 94 107 129 124 119 124 134 130 17 7 3 3 3 5 6 13 19 10 8 8 11 12 13 6 2 1 2 3 
10 9 8 8 8 8 7 8 7 7 6 6 6 6 6 5 5 5 5 5 7 24 30 57 176 200 197 187 152 141 205 213 158 144 138 130 105 88 109 116 134 143 141 102 7 11 13 7 3 5 5 6 14 12 9 9 10 12 12 6 2 1 2 3 
9 9 8 8 9 7 7 7 7 7 6 6 6 6 6 6 5 5 4 5 6 10 25 36 108 166 180 170 145 154 183 153 145 142 156 121 108 106 108 126 171 162 147 70 6 9 17 19 6 5 4 5 7 12 9 10 12 13 13 18 9 3 2 3 
9 9 8 9 9 7 7 7 7 7 6 6 6 6 6 6 5 5 5 5 6 6 16 41 57 104 128 136 180 169 145 147 139 153 139 121 123 91 110 154 187 157 151 48 10 17 25 29 20 6 7 8 6 8 10 11 13 13 15 28 20 7 3 3 
9 8 8 9 9 8 7 7 7 7 6 6 6 6 6 5 5 5 5 6 6 8 34 84 78 101 128 169 206 161 136 130 135 138 105 116 76 37 113 158 182 150 151 34 10 19 35 35 30 15 10 14 13 8 9 12 13 12 14 24 19 10 4 3 
10 9 10 9 9 8 7 7 8 8 7 6 6 6 5 6 6 6 6 11 18 22 62 118 144 119 163 200 206 153 117 138 127 76 42 21 10 23 100 147 169 149 150 29 13 13 14 20 24 19 14 15 11 5 8 12 12 11 10 8 11 14 5 5 
10 9 9 9 9 8 8 8 8 8 7 6 6 6 6 6 6 7 7 14 19 35 80 126 158 138 171 197 197 158 132 124 59 17 16 10 8 25 126 161 166 154 148 21 14 16 13 13 25 24 15 10 5 7 11 11 10 10 8 9 18 10 3 9 
9 9 8 8 8 8 7 7 7 7 6 6 6 5 5 5 6 7 8 11 16 33 74 93 104 113 157 127 75 48 31 24 16 16 10 6 7 28 143 170 150 148 148 19 13 16 15 14 16 11 13 9 7 8 9 9 9 9 9 11 12 7 6 16 
8 9 9 8 8 8 7 7 8 7 6 6 6 6 6 7 10 9 8 11 14 16 16 24 31 63 126 55 16 9 11 27 18 8 6 7 25 57 116 160 129 128 149 26 16 16 15 15 14 11 10 8 9 8 8 8 9 8 9 11 14 14 19 14 
8 8 9 8 9 8 7 7 7 6 6 6 6 6 6 7 8 7 7 7 9 9 8 7 7 22 64 20 9 7 10 35 17 7 6 13 51 69 94 151 127 109 132 34 15 16 14 13 14 12 5 6 7 7 8 7 7 7 10 10 12 15 24 10 
8 8 8 8 8 8 8 7 7 6 6 6 6 6 6 7 8 7 7 6 7 7 8 7 8 26 21 11 9 6 11 39 20 8 6 17 53 65 49 124 133 116 112 64 17 17 15 13 13 13 7 5 5 6 6 5 4 7 10 11 11 13 20 17 


9 8 8 8 8 8 7 7 7 7 7 7 7 6 7 7 7 7 8 8 9 14 14 12 14 34 121 149 166 177 183 182 168 165 175 159 136 147 141 58 25 39 112 104 67 42 12 3 2 3 5 4 7 11 14 16 40 53 50 45 43 36 9 4 
9 9 9 9 9 9 7 7 8 7 7 7 7 7 7 7 7 7 8 9 10 16 17 16 22 32 115 156 169 179 183 182 177 164 168 169 151 147 151 77 40 68 94 85 54 19 3 2 2 3 6 7 5 4 9 35 53 53 49 46 45 42 15 14 
9 9 9 9 10 9 8 8 8 7 7 7 7 7 7 7 7 7 8 9 14 42 77 115 140 149 165 173 174 179 184 182 178 171 161 168 162 151 155 101 62 68 80 70 37 10 3 2 2 3 8 6 4 6 29 53 53 50 46 47 47 44 26 28 
9 9 9 10 10 9 8 8 7 7 7 7 7 8 8 7 7 7 9 9 40 124 168 194 202 205 204 201 196 188 180 177 176 172 156 154 163 156 154 101 71 65 71 54 27 11 3 3 3 8 8 5 4 24 57 54 52 47 45 47 47 45 40 32 
9 9 9 9 10 8 8 7 7 7 7 7 8 7 7 8 7 7 9 11 68 148 206 237 242 242 241 238 233 225 209 190 175 161 136 160 158 159 131 81 71 64 62 36 23 11 5 6 7 9 5 3 14 57 62 53 50 45 46 48 47 46 45 32 
9 9 9 9 8 8 8 8 7 7 7 7 8 7 7 7 7 7 9 17 93 136 188 226 247 253 253 252 250 246 240 231 214 190 169 164 161 151 105 76 71 64 50 20 19 13 11 9 9 6 5 7 43 68 59 53 49 46 49 49 47 46 46 33 
9 9 9 9 8 8 8 8 8 8 8 7 7 7 7 8 8 8 10 48 122 139 160 203 219 242 254 255 255 254 251 247 241 233 214 187 164 107 84 80 73 62 42 31 17 15 10 13 7 4 5 29 70 65 57 52 46 45 48 49 49 47 47 37 
9 9 8 8 8 7 8 8 7 7 7 7 8 8 8 9 11 13 15 87 122 122 138 180 210 219 238 253 255 255 255 253 251 247 239 224 197 163 124 87 75 58 49 37 23 17 19 10 6 4 15 63 75 61 53 51 45 45 48 48 49 46 48 40 
9 10 9 9 8 8 8 8 7 7 7 7 7 10 25 48 80 92 89 115 115 138 131 151 188 222 228 235 251 254 255 254 253 251 248 241 226 205 177 134 87 57 68 61 30 23 14 7 6 8 47 79 68 54 52 50 45 45 49 48 48 47 49 41 
9 9 8 8 8 8 8 8 7 7 7 7 8 13 64 94 104 117 132 130 101 80 75 98 157 193 230 234 231 246 253 254 254 252 248 246 240 228 209 181 139 86 114 116 70 25 8 7 8 24 75 78 59 51 52 50 44 47 53 48 47 48 48 40 
8 8 8 8 8 8 8 8 7 7 7 7 7 8 45 116 128 120 120 122 107 66 38 39 77 162 202 236 236 227 240 252 253 252 250 246 241 236 225 202 168 144 153 165 154 105 34 10 13 48 83 71 53 49 50 49 44 54 58 48 46 48 47 45 
9 9 8 8 8 8 7 7 7 7 7 7 7 7 15 77 136 141 133 127 124 105 65 42 40 98 175 211 237 239 222 234 248 250 249 246 242 236 230 211 135 150 154 177 182 177 143 59 23 72 82 62 50 48 48 46 47 63 59 47 47 47 47 62 
9 9 8 8 8 8 8 7 8 7 7 7 7 7 8 32 99 140 141 138 139 133 106 63 44 49 126 185 217 239 240 222 226 244 247 245 242 238 230 217 160 113 155 164 196 196 191 162 87 82 77 56 50 48 48 46 56 69 55 47 46 45 42 40 
9 9 8 8 8 8 8 8 7 7 7 7 7 7 8 16 64 116 142 135 139 147 142 107 60 44 59 145 192 223 240 242 222 220 240 244 242 237 229 205 156 102 124 158 188 209 206 192 118 83 72 53 47 48 47 50 67 71 50 49 47 43 21 24 
9 9 9 8 8 8 7 7 7 7 7 7 8 7 8 11 35 84 126 139 127 135 154 148 105 57 43 71 157 197 224 238 241 224 214 232 238 234 229 213 159 103 93 136 166 204 214 194 102 81 65 48 47 49 46 59 75 61 49 48 47 38 17 32 
9 9 9 8 8 8 7 7 7 7 7 7 7 7 10 13 13 42 102 133 132 121 132 155 147 100 85 78 86 166 199 222 237 240 225 205 216 227 223 215 175 104 87 102 148 172 201 177 91 76 56 45 48 49 50 69 72 51 48 48 46 28 23 39 
9 8 9 8 8 7 7 8 8 7 7 7 7 8 22 33 57 67 79 121 137 134 124 124 149 145 183 158 43 99 170 200 220 233 238 228 203 204 214 210 182 106 83 87 119 157 172 147 84 68 51 44 49 49 55 71 61 48 47 46 44 18 34 42 
9 9 9 9 9 8 7 8 8 8 8 8 8 16 69 124 156 134 92 90 130 142 136 128 119 149 198 179 59 40 105 167 193 215 227 233 228 205 193 201 187 105 78 82 95 150 152 124 79 62 47 46 51 50 59 65 51 48 47 46 34 16 43 38 
9 9 9 9 9 8 8 7 8 9 9 12 35 64 148 175 184 182 137 93 93 133 145 138 135 152 162 179 102 44 44 108 159 185 210 223 226 225 209 187 173 98 76 78 83 143 154 114 77 66 50 51 54 52 60 56 48 46 45 43 15 24 42 34 
10 9 8 9 9 8 8 8 8 9 18 76 110 131 175 177 181 184 168 114 79 85 127 146 143 169 163 148 148 57 43 47 103 147 174 202 215 218 216 205 170 88 76 74 76 140 154 124 79 67 62 67 59 53 55 49 48 44 45 25 12 33 38 27 
9 8 8 8 8 9 8 9 8 8 43 127 101 120 139 134 149 176 181 165 114 68 62 113 142 181 188 141 139 112 75 42 41 85 131 158 186 203 205 200 172 83 74 72 74 144 150 124 85 74 69 73 74 68 54 49 45 44 32 8 20 37 34 18 
9 9 9 8 8 8 9 8 9 8 23 97 71 63 74 85 92 123 178 179 159 105 53 45 78 142 188 159 132 144 163 80 30 22 56 107 135 161 179 185 160 74 66 69 72 133 143 109 84 77 76 78 78 82 81 60 48 39 10 9 31 37 28 13 
9 9 9 9 8 8 8 8 8 8 9 22 57 69 72 80 84 81 144 182 181 162 99 45 23 68 161 164 144 139 174 158 41 16 20 30 69 104 126 142 134 71 60 59 75 112 122 87 80 76 77 81 79 84 90 96 66 20 5 19 42 36 21 10 
10 9 9 9 8 9 9 8 8 10 17 31 61 75 74 73 79 76 94 173 185 184 157 95 45 43 135 169 159 137 147 181 63 16 20 20 19 28 46 69 82 65 55 47 82 96 88 74 80 77 79 81 81 84 90 98 99 34 16 32 53 36 14 8 
9 9 9 9 9 8 9 14 32 64 97 119 95 77 80 78 71 70 70 122 167 172 169 136 63 46 135 196 183 156 135 154 101 25 16 20 23 21 15 14 13 20 38 42 93 94 58 73 82 79 81 86 84 84 88 91 103 101 75 54 56 51 43 39 
9 9 9 9 9 14 41 83 118 139 152 154 121 81 87 86 81 71 64 75 116 117 106 91 53 35 103 175 173 168 145 138 155 107 30 13 21 40 30 18 10 8 9 23 97 101 62 76 80 78 81 85 84 85 87 91 99 115 110 60 58 60 60 58 
9 9 9 10 29 78 119 139 145 146 149 142 100 61 83 90 88 81 72 66 102 124 94 46 24 24 52 164 173 172 158 144 149 177 144 46 14 36 59 51 29 10 7 17 93 107 79 77 77 76 76 78 80 82 85 89 97 110 123 90 61 63 65 64 
9 10 10 37 94 123 136 145 149 152 154 144 96 50 49 61 70 69 60 47 44 78 92 64 33 24 23 118 182 180 172 148 145 166 200 180 93 31 43 56 43 21 11 12 80 109 82 73 77 76 75 73 72 64 62 69 84 116 126 122 78 71 74 71 
10 9 29 76 113 139 153 159 160 156 155 150 119 63 42 37 36 36 39 46 57 67 80 60 42 33 16 43 162 188 184 157 142 149 187 202 202 150 97 102 96 60 39 10 56 107 89 51 63 52 43 31 29 36 39 23 29 58 95 126 109 76 76 73 
10 9 20 46 90 118 139 153 162 166 167 168 163 133 90 65 55 56 74 106 121 120 118 83 85 82 40 21 95 189 192 172 143 140 168 199 204 203 198 189 176 125 73 24 32 98 100 51 23 16 14 11 11 37 69 30 23 42 57 88 121 86 76 75 
9 9 9 13 49 88 106 122 136 149 157 164 167 171 167 154 138 136 145 151 150 143 125 89 89 102 75 37 46 152 193 194 165 143 154 189 209 210 205 197 191 183 135 55 23 69 102 78 34 27 22 15 12 22 48 60 50 38 48 58 91 103 76 74 
9 9 9 9 15 50 85 100 108 118 126 134 142 150 157 161 155 143 135 128 122 115 98 64 66 76 64 33 39 79 205 223 191 150 148 176 205 218 220 215 206 194 178 115 43 37 87 97 68 42 33 23 14 12 20 46 65 32 39 53 64 85 74 73 
9 9 9 8 9 11 25 52 75 86 93 98 104 112 115 115 110 100 94 98 108 111 102 74 96 93 59 36 42 101 218 226 198 158 144 163 196 221 229 231 229 208 196 181 152 123 107 102 95 69 36 24 17 16 18 30 61 30 33 48 57 61 63 66 
9 10 9 8 8 8 9 10 16 30 49 68 80 84 81 78 79 86 94 95 93 92 85 62 59 37 27 59 74 188 218 203 180 162 143 148 180 216 231 231 228 215 210 200 185 169 157 133 118 97 69 53 49 38 25 21 19 13 27 39 47 49 50 49 
9 10 9 9 8 8 9 9 9 8 9 13 22 33 44 50 50 39 41 51 50 43 31 29 46 39 52 78 153 215 209 189 181 160 136 140 167 209 229 217 219 223 218 210 197 180 163 155 155 140 117 91 94 67 21 8 6 11 22 32 42 48 50 48 
10 9 9 9 8 8 8 8 8 8 8 7 7 7 8 9 9 8 8 9 9 9 9 23 53 56 77 153 213 213 197 188 192 183 154 144 153 201 220 199 220 226 223 218 212 204 188 165 149 143 123 75 47 18 7 6 9 21 24 30 42 51 53 54 
9 8 9 8 8 7 7 7 7 7 7 6 6 6 6 6 5 5 6 6 7 7 8 16 52 64 111 206 221 205 190 190 207 201 171 146 141 184 204 195 222 231 229 227 221 214 196 174 148 126 102 33 6 6 14 8 24 34 28 31 40 52 56 55 
8 9 8 8 8 8 7 7 7 7 6 6 6 7 5 6 5 5 6 6 7 6 7 10 49 74 159 225 215 199 187 205 212 204 184 152 138 153 176 198 227 234 233 230 222 211 195 170 137 110 91 21 4 15 29 12 44 50 38 30 33 43 53 54 
9 9 8 8 8 8 7 7 7 7 7 7 7 7 6 6 5 5 6 6 6 6 6 8 31 96 203 225 210 188 198 202 166 131 160 165 138 133 162 207 230 232 232 227 219 205 181 154 130 117 70 7 7 24 25 14 47 55 48 39 34 36 40 43 
9 9 9 8 8 8 7 7 7 7 7 7 7 6 6 6 6 6 6 6 7 7 7 8 32 142 225 218 198 187 196 142 78 63 99 174 148 136 179 213 231 234 229 223 213 186 166 159 128 100 21 5 15 26 18 12 42 49 50 44 46 46 42 39 
9 9 9 8 8 8 8 7 7 7 6 7 6 6 6 6 6 6 6 6 7 7 7 9 55 192 228 210 181 158 123 86 62 55 124 157 159 154 201 220 229 230 228 215 191 172 172 159 109 40 6 11 22 24 11 10 37 40 44 43 45 49 46 44 
9 9 8 9 8 8 8 7 8 7 6 6 6 6 6 6 7 6 6 6 6 7 7 11 98 220 221 184 117 64 68 80 61 79 163 191 180 157 213 224 227 227 214 191 183 182 175 141 58 12 9 19 23 21 8 6 30 37 35 42 40 41 45 46 
9 9 9 9 9 8 7 7 8 8 7 6 7 6 6 6 7 7 7 6 6 6 8 23 149 227 201 109 51 42 55 78 69 110 169 185 173 163 220 218 220 208 190 192 197 186 168 117 26 6 10 22 23 15 5 5 17 37 33 34 40 38 39 40 
9 8 9 8 8 8 7 7 7 7 6 6 6 5 5 6 17 29 24 15 9 7 8 52 186 220 140 54 45 71 86 60 92 149 162 159 144 142 194 186 196 183 194 205 198 181 159 96 12 3 9 22 18 7 6 5 5 28 38 32 34 39 37 36 
9 8 8 8 8 7 7 7 6 6 5 6 5 5 5 5 19 69 81 76 59 34 19 89 201 189 78 51 87 114 109 50 67 113 154 147 123 139 144 160 175 190 203 203 192 176 155 62 15 4 5 11 7 6 7 4 3 10 37 37 30 35 37 38 
9 9 8 8 8 7 7 6 6 5 5 5 5 5 5 5 12 70 96 102 105 95 79 121 199 152 54 83 126 166 144 40 40 84 145 161 119 142 139 159 189 202 207 203 189 180 125 26 33 8 4 5 6 7 7 4 2 3 16 41 33 30 34 37 
9 9 8 7 7 7 6 6 6 5 5 5 5 5 5 5 7 44 96 103 108 113 102 144 210 158 69 119 180 205 109 20 39 104 211 186 118 151 150 181 206 211 213 204 195 173 69 16 38 18 4 5 6 9 9 4 2 3 4 21 37 31 30 33 
9 8 8 7 7 7 6 6 6 5 5 5 5 5 5 5 5 19 80 104 108 110 101 162 228 167 110 167 217 195 63 33 77 182 241 181 117 155 168 207 218 218 216 204 193 122 21 23 31 35 6 8 15 18 18 15 9 4 3 4 23 35 30 30 
9 9 8 7 7 6 6 6 6 5 5 5 5 5 5 5 5 7 49 98 107 109 96 124 151 129 139 206 223 143 47 63 157 231 240 164 96 143 197 227 224 217 212 195 166 56 6 10 19 43 22 19 22 21 21 22 24 15 5 3 6 26 32 30 
8 8 8 8 7 7 6 6 5 5 5 5 5 5 5 5 5 5 18 82 106 107 96 107 119 135 188 218 215 94 46 115 218 241 225 105 86 140 202 233 225 203 184 174 121 28 4 4 7 32 40 23 21 21 21 24 27 25 16 7 4 9 28 32 
9 8 8 8 8 7 7 6 6 5 5 5 5 5 5 5 5 5 6 39 101 107 94 122 150 188 217 226 190 63 57 174 238 239 170 54 85 174 201 211 212 158 129 123 102 13 4 5 6 16 44 28 21 21 23 25 26 25 23 14 6 6 14 30 
9 8 8 8 8 8 7 6 6 6 5 5 5 5 5 5 5 5 6 9 57 100 83 146 207 220 227 225 155 51 81 212 242 217 94 47 73 188 220 206 149 140 137 119 74 6 4 4 5 8 31 39 24 22 23 23 24 25 25 22 7 4 5 16 
9 9 8 8 8 7 7 7 7 6 6 6 5 5 5 5 5 5 6 6 16 56 59 146 222 227 223 216 127 47 113 232 240 148 59 47 51 160 217 178 133 128 140 142 40 7 4 3 5 7 15 40 30 20 19 20 23 25 27 15 4 4 4 7 
9 9 9 8 8 8 7 7 7 7 6 6 6 6 6 5 5 5 5 6 16 61 59 117 210 214 211 204 113 52 160 242 190 72 53 48 44 89 120 119 117 122 138 132 19 13 5 3 5 7 9 25 35 22 19 20 24 26 25 10 3 3 4 6 
9 8 9 8 8 8 7 7 7 7 6 6 6 6 6 5 5 5 5 6 9 49 68 80 183 206 203 193 126 88 199 191 85 49 53 56 84 75 103 113 134 144 145 101 10 17 15 7 5 8 9 13 28 26 20 22 24 26 25 9 4 3 4 5 
9 9 8 8 8 8 7 8 7 7 7 6 6 6 6 6 5 5 6 6 7 15 54 71 121 169 183 173 145 146 147 73 49 49 53 77 106 106 107 127 173 165 150 70 8 14 17 20 8 9 10 13 17 25 22 24 26 27 27 22 12 4 3 4 
9 9 8 8 8 7 7 7 7 7 7 7 6 6 6 6 6 5 5 6 7 7 24 76 86 105 124 134 180 134 58 48 55 53 61 112 124 91 111 158 191 161 154 51 16 22 28 33 23 8 16 20 15 19 23 25 27 27 27 33 22 9 4 5 
9 8 9 8 8 8 7 7 7 7 6 6 6 6 6 6 5 5 5 6 10 12 36 96 107 112 126 170 206 111 55 76 64 54 82 115 75 36 114 161 186 157 154 39 21 28 39 37 32 16 21 31 27 16 18 25 27 26 26 27 21 12 6 7 
9 8 9 8 8 8 7 7 7 7 7 6 6 6 5 6 6 5 6 17 34 34 63 117 149 129 164 202 209 149 108 131 79 51 39 19 10 24 102 150 172 155 153 31 21 25 24 24 24 19 24 32 22 9 16 25 25 25 20 11 15 14 7 11 
9 8 8 8 8 7 7 7 7 7 7 6 7 6 6 5 6 6 8 25 36 48 80 121 154 140 172 198 198 161 133 124 60 18 18 10 7 26 130 165 170 160 151 22 20 25 25 24 28 22 22 18 12 15 22 23 23 24 20 22 29 13 5 21 
9 9 9 8 8 7 7 7 7 7 6 6 6 6 6 6 7 8 12 25 31 45 74 90 103 112 155 126 72 46 32 37 25 19 13 8 8 29 147 175 153 154 152 21 21 26 26 26 28 15 17 14 16 19 20 21 21 21 21 26 28 15 14 33 
9 9 9 9 8 8 7 7 7 7 6 6 7 6 6 7 9 10 12 20 26 26 19 23 30 59 123 57 19 11 17 51 26 9 8 9 26 56 118 165 130 131 154 31 25 27 25 25 28 23 14 12 13 16 18 19 20 16 19 24 29 29 34 21 
8 8 8 9 8 8 7 7 7 7 7 6 6 6 6 7 7 7 7 8 12 10 7 7 8 20 58 19 13 12 19 67 26 8 8 14 49 66 94 156 130 111 134 42 26 27 25 25 26 26 15 16 16 16 17 18 15 17 21 20 24 29 39 16 
8 8 8 8 8 7 7 7 7 7 7 6 6 6 6 7 7 7 7 6 6 8 7 8 9 28 21 14 15 10 20 70 29 10 8 16 48 60 47 129 137 118 114 71 27 27 25 24 25 27 16 15 16 16 16 11 8 18 24 23 22 25 33 31 


5 6 5 6 6 6 5 5 5 5 5 5 5 5 4 4 4 4 4 6 6 9 8 9 10 30 121 154 170 179 182 174 135 125 161 148 126 135 119 45 24 26 94 73 23 12 4 0 0 1 4 2 2 2 3 6 18 26 25 24 24 21 4 2 
6 5 5 6 6 5 5 5 4 5 5 4 5 5 4 3 5 5 5 6 5 8 9 10 15 24 111 158 173 182 182 177 160 120 138 154 138 137 130 60 23 29 60 48 17 6 1 0 1 1 3 2 1 1 4 17 28 25 26 26 27 24 6 6 
6 5 6 6 5 5 5 5 4 5 5 6 5 5 4 4 5 5 6 6 7 19 44 75 100 109 129 144 154 169 179 178 168 149 117 144 146 139 136 74 19 24 43 31 12 3 1 0 1 1 3 3 1 3 17 30 25 23 24 27 28 26 13 13 
6 6 6 7 5 5 5 5 5 5 5 5 5 5 5 5 5 5 5 6 24 63 82 100 112 124 128 134 141 145 147 156 163 158 124 112 143 142 134 60 21 22 31 23 9 4 1 1 1 3 4 3 3 14 32 29 23 22 23 28 28 26 20 16 
6 6 6 6 5 4 4 5 5 5 5 5 4 5 5 5 5 5 4 5 45 90 124 166 169 161 155 150 146 146 139 133 131 132 109 124 126 143 106 31 21 22 25 13 7 4 2 2 3 3 3 2 8 32 36 26 24 22 24 28 28 27 23 17 
7 7 6 5 5 5 5 4 5 5 5 5 4 5 5 5 5 5 5 13 78 79 104 159 208 219 211 205 188 174 159 145 133 121 118 128 122 124 67 26 22 22 20 7 6 4 3 3 3 2 3 5 24 39 31 24 24 23 27 29 28 26 25 18 
6 6 6 5 6 6 5 4 5 4 4 5 5 5 5 4 5 5 5 43 96 86 86 133 149 197 234 239 234 222 202 179 160 147 127 112 106 66 38 31 25 25 15 7 4 5 4 6 2 1 3 16 40 38 29 26 25 24 28 29 28 26 25 21 
5 6 6 6 6 5 4 4 5 5 5 5 5 4 5 4 5 6 9 75 72 81 95 107 151 155 183 231 242 240 232 217 196 177 156 133 108 87 67 38 27 24 14 8 8 9 9 3 3 2 9 39 49 35 28 29 24 25 28 28 29 26 25 20 
5 5 6 5 6 6 5 5 5 5 5 5 5 5 9 15 30 37 40 68 74 125 119 100 115 173 173 175 222 240 241 231 217 202 184 160 132 111 92 67 39 23 17 15 8 12 6 2 3 4 30 54 45 31 29 28 25 27 29 29 30 26 27 21 
6 6 6 6 5 6 6 5 5 5 5 5 5 6 23 18 17 30 48 52 37 49 59 76 91 124 189 190 165 206 236 237 230 214 188 173 156 136 113 92 70 39 52 50 28 12 2 2 4 12 51 56 38 29 29 28 24 27 33 30 29 26 26 20 
6 6 6 6 6 6 5 5 4 5 5 5 4 4 18 41 37 28 30 35 29 13 9 15 37 87 141 201 198 158 187 229 229 223 204 181 162 151 137 112 82 70 96 103 88 58 18 4 5 30 61 50 32 28 27 27 24 34 37 30 28 26 25 23 
7 6 6 6 6 6 5 5 5 5 5 5 5 5 8 26 52 52 43 36 35 28 12 10 16 47 101 156 200 205 154 171 217 222 206 192 172 154 144 128 59 66 84 123 127 117 90 36 12 50 62 42 30 28 27 26 27 46 42 30 28 27 25 40 
7 5 5 6 6 6 5 6 5 5 5 5 5 5 4 11 30 56 54 50 50 46 29 10 9 19 64 112 161 203 207 157 154 205 211 191 175 161 148 133 82 34 71 100 149 149 137 111 57 59 57 35 28 28 28 27 38 54 38 29 27 26 23 27 
7 6 6 6 6 6 6 6 6 5 5 5 6 5 5 6 19 42 61 51 53 62 59 36 11 6 19 73 120 171 205 203 157 143 192 198 183 166 148 123 73 28 46 81 135 165 161 143 84 62 51 31 27 28 27 30 50 55 31 30 28 24 12 13 
6 7 6 6 5 6 6 6 5 5 5 5 4 5 5 5 10 27 50 60 46 52 72 72 41 9 6 26 82 129 171 192 196 160 132 167 181 167 154 138 79 29 26 62 99 158 171 154 75 60 44 28 27 29 27 39 57 43 30 29 26 23 9 18 
7 7 6 6 5 6 5 5 5 5 5 5 5 5 5 8 5 12 39 59 56 42 52 76 76 42 48 45 34 90 131 164 188 192 161 119 138 161 154 144 104 32 24 42 80 118 159 143 68 54 36 25 27 29 31 51 56 33 30 31 27 17 13 22 
6 6 6 6 6 5 6 5 5 5 5 5 5 5 12 21 32 22 23 51 64 59 49 45 73 85 166 130 11 43 92 129 160 179 185 167 121 118 142 143 115 38 25 32 59 91 119 112 60 46 31 25 29 29 36 55 43 29 29 28 27 12 20 26 
6 6 6 5 5 6 6 5 4 5 4 4 5 6 34 74 100 78 38 33 58 66 62 59 47 95 191 163 22 9 46 87 119 151 166 175 167 131 106 125 125 46 22 29 42 84 91 84 53 39 28 26 30 30 39 47 31 29 31 26 22 8 26 24 
7 7 6 5 5 5 6 5 5 5 5 6 17 27 87 116 136 138 93 46 35 57 66 64 70 115 148 169 64 6 10 44 78 108 143 160 162 164 141 104 99 41 19 28 35 78 86 67 46 32 24 28 31 31 39 37 28 30 27 25 9 12 24 20 
5 6 6 4 4 4 5 5 5 4 7 35 58 82 118 123 131 133 118 59 24 26 53 64 66 135 149 135 125 16 6 11 40 65 95 133 149 154 153 143 105 32 18 24 34 76 79 54 39 31 24 28 29 31 34 29 30 28 23 14 5 18 22 16 
7 6 6 6 5 4 4 4 4 6 15 56 51 67 78 70 92 126 135 122 65 25 18 42 65 149 179 124 121 87 47 10 10 32 51 78 112 134 139 138 116 32 17 22 32 84 71 41 36 42 36 37 36 31 28 28 27 22 16 3 8 19 21 10 
7 6 6 6 6 5 5 5 5 5 8 41 24 16 20 19 25 71 133 135 112 53 14 12 27 110 179 145 115 130 152 58 7 6 21 37 55 85 112 124 104 28 18 21 27 74 66 28 43 43 35 38 41 40 38 33 24 18 5 3 14 21 17 5 
6 7 6 6 6 6 6 5 5 5 5 8 9 11 14 16 18 20 89 125 126 108 40 11 6 51 150 151 127 125 166 149 27 5 6 11 26 39 52 71 70 24 21 21 27 46 40 26 48 39 35 39 38 40 42 53 40 9 2 8 21 20 10 3 
5 6 5 5 5 5 5 6 6 5 8 13 11 13 14 13 16 15 37 115 129 132 104 45 15 22 122 158 145 121 136 176 55 5 7 6 4 9 18 27 30 15 19 17 30 34 16 32 48 41 38 39 39 40 39 48 66 20 5 13 28 20 6 2 
7 7 6 6 5 6 5 7 14 27 40 49 28 14 18 17 12 12 12 63 106 114 113 81 16 15 121 192 174 140 118 143 80 12 7 8 7 5 4 4 5 6 13 12 36 41 18 45 50 46 41 42 40 40 39 45 62 72 36 23 27 28 25 24 
7 7 6 5 5 7 15 28 41 54 67 71 44 15 20 19 17 13 9 17 47 52 50 39 14 10 90 168 162 155 127 121 132 80 15 6 7 12 9 5 3 3 3 6 39 49 30 49 48 42 40 42 40 38 39 47 59 81 80 29 27 32 35 34 
6 6 6 5 11 25 41 55 59 60 65 59 29 8 18 23 24 19 14 11 44 56 34 14 7 10 41 156 164 161 142 124 134 158 115 32 7 11 17 14 9 3 2 5 39 54 38 48 48 43 40 38 38 38 38 43 56 74 95 64 29 33 39 38 
5 5 6 14 26 40 51 60 63 66 68 60 23 4 5 10 13 13 9 7 9 23 20 14 15 14 12 109 176 173 161 130 126 154 181 149 68 16 12 16 15 10 6 4 32 55 38 41 44 43 37 34 32 27 25 32 51 87 99 97 48 39 45 42 
5 5 11 17 25 46 61 69 70 66 64 63 39 8 2 3 2 2 3 4 6 7 11 10 16 21 9 35 157 183 176 142 120 131 177 186 173 115 73 74 56 35 34 4 21 49 43 23 34 27 19 13 11 14 20 12 15 31 63 97 84 45 44 44 
5 6 10 9 13 24 42 58 71 75 78 82 80 59 28 11 6 7 16 35 43 39 34 14 31 42 18 7 87 186 186 161 122 116 157 194 194 180 161 153 152 95 55 14 12 42 48 22 8 7 7 5 5 21 40 17 12 18 24 54 90 56 43 44 
5 6 6 6 13 16 22 34 48 60 69 77 84 95 101 91 72 62 67 68 67 60 38 13 37 53 29 10 26 144 188 186 148 117 136 184 205 204 192 171 155 151 110 36 9 25 44 34 11 11 10 6 5 13 29 43 36 18 18 22 54 71 44 44 
6 6 6 5 7 17 20 22 29 37 44 50 59 72 85 93 83 63 50 43 38 30 18 9 21 28 25 11 14 67 202 218 179 124 123 169 203 216 216 209 193 170 151 91 27 14 32 40 27 16 14 9 3 4 9 24 33 12 13 18 27 44 41 45 
7 5 5 4 4 5 10 17 21 23 25 25 30 40 41 43 37 28 28 35 45 50 49 32 43 46 28 18 18 90 214 220 186 134 117 147 194 221 228 229 226 204 190 170 132 96 62 40 34 21 16 10 4 3 5 8 31 15 14 16 22 27 33 38 
7 5 5 5 5 5 5 5 8 12 16 20 24 26 23 21 23 35 47 47 44 41 36 24 18 12 14 29 52 182 213 192 163 139 113 120 171 215 231 229 226 211 204 193 174 148 124 91 69 45 27 17 14 10 7 7 8 6 13 16 20 24 26 27 
6 5 5 5 6 5 4 4 4 4 4 4 6 9 12 13 13 10 15 22 21 18 12 7 9 8 25 48 143 211 202 175 161 121 89 103 147 206 227 214 215 216 209 201 185 164 143 133 128 94 55 29 39 34 9 3 2 4 10 15 19 26 28 28 
5 5 5 6 6 4 5 5 4 4 3 3 2 3 3 3 4 3 3 4 3 4 4 6 11 17 44 139 210 208 186 170 160 146 121 108 126 194 215 194 214 218 213 206 194 180 163 136 116 99 67 24 17 8 2 1 3 7 10 14 21 29 32 33 
6 6 6 6 6 5 5 5 5 4 3 4 4 3 3 2 3 3 3 4 4 3 3 6 10 24 82 204 218 197 175 165 182 181 147 115 111 169 200 187 213 222 220 209 195 181 157 133 99 81 54 12 2 2 5 3 10 14 11 13 17 29 35 34 
7 7 6 6 6 6 5 5 5 5 4 4 4 2 3 3 3 3 4 4 4 2 2 3 14 36 144 225 211 188 166 184 198 190 167 123 107 127 165 187 220 221 212 204 184 165 143 109 82 70 45 8 2 9 15 6 22 25 19 16 15 22 32 32 
7 6 4 5 5 5 5 4 5 5 5 5 5 3 3 3 3 3 3 3 3 2 2 3 16 68 200 223 201 172 180 188 161 130 151 143 110 102 147 198 217 205 202 185 165 148 114 87 85 86 44 4 4 15 14 7 24 29 27 20 19 22 23 23 
6 6 5 6 5 5 4 5 4 5 5 5 5 4 4 4 3 3 3 3 2 2 3 3 20 127 225 213 187 171 182 131 78 61 87 149 115 97 166 201 209 201 183 165 146 112 96 107 96 76 12 2 10 17 10 6 22 26 28 23 24 27 25 24 
5 7 6 6 5 4 4 5 5 5 4 4 4 4 4 4 3 3 3 4 2 2 2 4 42 186 226 201 168 148 112 77 46 36 78 96 95 98 191 207 195 182 172 144 108 99 119 124 83 28 5 8 17 17 6 4 19 21 24 24 23 26 25 25 
6 7 6 5 5 5 5 5 4 4 4 4 4 4 4 4 4 3 4 4 2 2 3 6 87 220 217 174 111 66 59 67 33 47 125 147 128 105 208 207 176 166 140 106 112 134 142 118 43 9 7 14 19 15 3 2 16 20 19 22 22 22 24 25 
6 5 5 5 5 5 5 4 3 3 4 4 3 3 4 4 4 3 3 3 2 2 3 15 141 228 195 106 53 46 48 62 41 71 119 117 89 106 218 192 153 129 110 128 154 158 148 102 19 4 6 16 18 10 2 2 9 19 18 19 21 21 21 21 
7 6 5 6 6 4 5 4 3 3 4 3 3 3 3 3 6 6 5 4 2 2 3 40 181 216 129 51 47 67 74 43 34 70 79 76 81 123 187 132 112 104 142 168 173 162 145 87 8 2 6 17 13 4 2 2 3 14 20 17 18 20 21 18 
7 6 6 6 4 5 5 3 4 4 3 2 3 2 3 3 4 8 10 9 9 8 8 74 198 181 55 47 80 100 97 26 26 64 98 91 92 130 106 82 102 144 177 181 181 166 147 54 7 1 2 9 6 3 2 1 1 4 17 18 17 19 20 19 
7 7 6 6 5 4 3 3 3 3 3 3 3 3 3 3 3 6 12 18 18 16 27 102 192 140 42 78 115 158 137 30 27 59 103 122 96 128 71 91 151 179 194 195 184 174 121 18 15 2 1 5 6 3 2 2 1 2 7 18 17 17 18 18 
7 6 5 5 4 3 2 3 2 3 3 3 2 3 3 3 2 4 8 19 27 29 45 126 197 149 62 111 177 203 109 18 35 85 183 170 97 129 84 146 191 202 208 202 194 172 64 6 18 7 2 5 6 4 3 2 1 2 2 9 16 16 18 17 
7 6 6 5 4 4 3 4 3 3 3 3 3 3 3 3 3 4 7 15 25 32 54 140 216 160 99 163 217 194 64 35 70 164 230 173 96 136 131 194 213 217 216 206 195 121 15 7 12 15 3 4 9 9 9 7 4 2 2 3 10 17 17 18 
6 6 5 5 4 4 3 3 3 3 3 3 3 3 2 3 4 3 8 13 18 31 51 98 142 119 131 203 220 137 46 61 144 226 235 158 79 132 185 224 224 218 214 199 165 47 3 4 6 16 9 10 12 11 9 9 11 7 2 1 2 12 16 17 
7 7 6 5 5 5 4 3 3 3 3 3 3 2 3 3 3 3 5 17 20 22 46 84 110 126 183 216 212 88 48 109 213 239 222 103 71 127 196 234 225 203 184 177 111 21 2 2 4 10 16 14 13 9 9 10 13 12 7 3 2 4 13 16 
7 6 6 6 6 4 4 4 3 3 3 3 2 2 3 3 3 3 3 11 32 29 39 103 143 183 214 225 187 59 58 170 236 237 170 52 71 164 186 186 207 149 121 115 89 9 2 2 3 4 14 13 10 8 9 11 12 11 10 6 2 2 5 13 
7 6 6 6 5 4 5 4 4 4 3 3 3 3 3 3 3 2 1 3 21 42 34 126 204 216 226 227 152 48 81 209 239 215 97 50 66 184 208 152 108 122 134 105 62 2 2 2 2 3 9 13 10 9 10 11 11 11 12 10 3 2 2 7 
7 7 6 6 5 5 5 4 5 4 4 4 3 3 3 3 3 3 1 1 6 27 24 120 220 228 226 219 126 48 112 230 238 151 63 52 52 159 215 150 92 104 137 130 32 3 2 1 2 3 4 10 10 8 9 11 11 12 13 8 1 1 1 3 
6 6 6 6 5 5 5 5 5 5 5 4 4 4 4 3 3 3 2 2 7 21 20 88 210 218 215 207 114 52 155 239 192 76 58 55 42 88 114 100 93 100 132 120 13 6 2 1 2 3 3 6 10 9 10 10 10 12 13 5 2 2 1 3 
6 6 6 6 6 5 5 5 5 5 5 4 4 4 4 3 3 3 3 3 3 13 20 49 179 209 207 196 121 78 190 189 89 54 53 53 72 63 88 95 116 130 138 92 4 5 6 4 2 3 3 5 7 9 10 11 11 14 14 5 2 2 2 2 
7 7 6 6 5 5 5 4 5 5 4 4 4 4 4 4 3 3 3 1 2 5 19 29 99 158 180 170 135 130 145 76 48 48 31 68 95 95 94 115 167 163 142 61 3 5 10 15 5 3 4 5 5 7 8 11 13 14 13 16 8 2 2 1 
7 7 6 6 5 6 5 4 5 5 4 4 4 4 4 3 2 3 2 1 2 2 9 28 35 53 84 105 167 128 59 37 45 37 42 106 119 82 100 155 194 165 144 42 8 12 19 24 16 4 7 9 6 6 8 12 14 14 14 25 17 6 2 2 
7 6 5 5 5 5 5 5 4 4 4 5 4 4 4 3 2 2 2 2 3 4 13 37 44 57 85 151 200 107 43 60 59 39 74 115 74 30 110 163 190 159 143 31 11 15 29 31 26 12 10 14 11 6 9 14 14 13 14 22 18 8 3 3 
6 6 5 4 4 5 5 4 3 4 4 4 3 4 3 3 3 1 2 6 13 11 15 49 89 73 142 196 209 144 96 123 76 43 29 16 6 18 96 151 177 158 141 23 12 13 12 16 20 15 11 14 10 3 8 12 12 12 11 7 8 9 3 5 
5 6 5 4 4 5 5 4 3 3 4 4 3 3 4 4 3 2 2 9 13 13 23 72 112 87 151 197 200 154 125 121 51 6 5 4 3 21 126 168 175 163 140 16 13 16 14 12 17 18 10 7 4 6 10 12 12 11 10 9 12 7 2 9 
5 6 5 6 6 5 5 5 5 4 4 4 4 4 3 4 3 3 4 7 10 13 29 40 44 57 128 109 54 32 19 14 8 6 5 3 3 23 149 179 157 157 140 14 14 18 17 14 13 9 7 6 7 10 11 11 11 10 9 11 13 8 6 17 
6 6 6 5 5 5 5 5 4 4 4 4 3 4 3 3 4 4 3 6 7 8 6 7 11 39 97 29 7 3 4 16 10 3 3 4 19 44 111 170 132 129 142 20 17 17 15 16 13 11 6 7 8 9 10 9 11 8 8 10 15 18 20 13 
6 6 6 5 6 5 5 5 4 4 4 4 3 4 3 3 3 3 3 3 3 4 3 3 3 15 37 11 5 3 4 24 11 3 3 8 37 41 70 160 132 106 125 31 17 19 15 15 14 11 6 8 8 8 9 10 8 7 11 11 13 18 23 10 
6 6 6 6 6 5 5 5 5 5 5 4 4 4 4 2 3 3 2 2 2 3 3 3 4 16 10 3 3 2 5 26 11 3 3 9 23 23 26 131 141 115 110 65 18 19 16 14 15 12 6 7 8 8 9 6 4 8 11 13 13 13 20 21 