


63 71 71 86 89 98 92 112 121 104 106 123 121 109 119 128 107 112 131 132 114 112 112 110 109 106 104 100 118 109 94 106 103 105 85 95 105 87 105 109 91 107 109 96 74 107 99 97 102 89 90 81 90 89 91 78 63 75 71 56 54 54 52 37 
77 81 83 103 111 99 96 103 117 114 125 126 117 102 114 125 114 122 121 121 116 124 113 100 108 116 112 93 110 106 94 106 112 96 95 100 89 87 95 112 82 96 107 103 76 95 98 81 104 93 90 95 78 80 85 89 61 69 79 58 48 56 60 42 
105 106 92 97 114 116 96 107 114 117 132 132 108 103 117 116 115 130 126 107 105 117 118 88 99 112 106 91 101 101 94 105 112 97 82 102 93 86 98 94 91 93 96 91 95 95 91 78 95 101 86 97 87 82 76 80 65 62 65 50 41 55 52 47 
99 108 106 98 108 119 111 110 124 110 113 125 114 99 126 120 105 109 129 115 104 104 105 104 105 103 96 108 100 92 84 96 101 96 96 97 91 75 106 92 95 104 87 83 98 93 74 79 86 86 77 80 81 86 80 67 75 74 57 54 51 48 42 53 
98 108 108 105 113 113 117 115 116 117 111 116 122 110 118 128 109 107 106 109 109 120 104 100 110 102 94 100 104 95 85 94 95 93 104 113 88 88 94 88 83 99 91 73 83 93 63 82 86 76 88 64 65 81 81 58 63 77 55 49 56 41 40 51 
96 108 114 106 113 119 114 119 124 112 111 117 117 116 114 113 103 105 120 104 96 110 108 89 103 107 90 89 97 91 85 107 93 83 96 110 91 102 87 91 100 90 83 81 85 80 81 89 81 74 91 73 65 71 71 59 60 63 45 43 51 34 42 39 
111 114 116 117 113 117 117 104 122 118 95 118 115 106 111 111 101 97 117 108 95 103 103 93 100 100 92 87 93 86 78 101 96 78 93 91 90 105 94 85 104 93 76 83 92 72 79 74 75 71 74 71 76 63 53 56 57 41 44 47 29 21 37 25 
115 117 127 119 107 117 114 105 116 115 105 110 106 93 96 113 104 97 108 105 106 111 99 90 98 95 82 82 98 86 74 95 91 82 97 85 80 94 91 81 96 89 81 82 88 78 85 71 70 75 56 56 66 53 34 41 44 24 40 42 18 19 31 22 
117 112 120 123 113 114 122 110 123 123 107 111 108 98 98 113 109 92 106 103 91 102 100 89 93 103 84 89 93 80 79 98 86 85 98 87 90 100 86 87 97 89 88 88 76 70 75 63 63 68 48 41 44 37 26 43 47 34 41 42 28 33 37 41 
134 119 125 134 123 114 126 121 123 132 109 111 121 102 101 116 106 96 111 110 89 99 101 90 102 106 88 96 96 76 87 103 86 81 95 84 106 113 82 90 100 79 79 85 63 72 64 57 55 54 35 45 42 50 38 45 52 41 40 53 38 50 66 74 
160 138 129 139 133 115 128 132 121 137 131 123 131 115 95 119 114 96 113 108 91 107 111 89 105 99 85 97 103 85 98 90 77 92 92 76 108 102 81 96 95 77 83 67 58 72 50 38 48 43 36 43 54 59 54 50 80 57 67 96 97 89 96 117 
184 192 162 141 148 143 145 170 159 167 173 138 147 144 101 123 133 113 144 135 101 115 120 92 118 128 117 120 112 94 117 96 81 98 78 79 100 76 78 88 69 66 78 50 56 58 30 32 49 45 50 57 60 72 85 102 120 130 112 121 132 86 106 132 
226 233 212 161 172 185 167 184 214 189 208 170 144 177 146 151 172 125 139 165 119 133 156 122 149 175 116 125 110 90 124 111 99 95 77 98 86 73 85 73 61 64 48 37 46 38 41 48 50 48 58 76 92 98 124 159 180 156 143 143 139 92 96 99 
251 239 238 227 232 241 233 233 245 222 214 229 205 225 215 182 180 161 133 172 144 155 176 128 112 122 76 70 66 50 67 57 59 66 34 51 37 35 44 28 31 39 30 36 44 56 64 68 57 51 61 93 141 155 153 148 134 144 98 99 108 94 80 78 
255 254 254 254 254 254 239 254 255 254 254 254 240 189 155 126 99 80 57 72 55 41 50 32 29 36 31 14 16 25 29 19 12 9 4 5 9 18 24 29 34 41 53 55 50 58 60 62 66 75 82 96 132 147 155 130 94 101 75 88 88 76 73 67 
255 255 255 255 255 251 226 253 255 255 255 254 233 163 105 81 72 58 44 36 28 26 33 41 43 40 34 31 34 30 30 26 28 26 27 37 51 56 58 58 57 58 66 50 48 53 58 65 75 94 114 113 126 129 120 107 88 73 56 76 90 60 70 77 
255 255 255 255 255 249 229 254 255 255 255 254 218 144 102 82 70 62 56 42 36 39 52 63 63 51 40 35 30 24 47 64 59 67 78 77 78 73 66 70 73 63 68 64 68 72 68 60 65 65 91 115 111 107 89 90 95 75 58 66 86 76 64 74 
255 255 255 255 255 246 230 254 255 255 255 253 210 150 120 94 77 69 61 54 55 71 83 77 59 48 42 37 37 54 97 75 83 106 87 84 85 76 84 97 93 80 73 79 83 84 71 62 59 60 83 102 94 80 72 85 84 79 66 64 79 80 54 52 
255 255 255 255 255 245 230 254 255 255 255 253 214 163 129 92 73 72 75 84 96 95 77 61 57 57 50 51 58 92 108 84 99 111 78 89 92 80 82 72 59 63 67 77 83 83 67 58 52 58 79 89 87 69 54 66 70 76 81 84 86 70 39 40 
255 255 255 255 255 246 231 254 255 255 255 254 226 160 127 93 92 105 108 98 85 79 74 67 70 72 69 81 85 120 108 132 134 116 93 95 79 70 66 66 65 68 62 81 80 72 61 52 53 57 64 78 78 67 45 44 61 69 72 78 84 67 39 41 
255 255 255 255 255 251 237 255 255 255 255 255 229 161 140 143 127 119 106 94 95 95 87 84 91 92 84 95 104 149 133 142 154 108 95 98 80 78 76 68 65 64 66 77 73 68 77 69 52 44 43 59 66 64 61 38 47 73 79 74 66 61 51 54 
255 255 255 255 255 253 241 254 255 255 255 255 247 219 193 162 147 140 126 115 115 108 101 119 129 115 121 111 118 149 121 121 129 112 101 104 90 79 78 71 76 76 75 72 78 66 75 74 57 50 49 52 65 65 63 37 24 54 67 72 66 54 44 42 
255 255 255 255 255 252 239 255 255 255 255 255 255 251 228 193 172 206 192 140 143 161 170 157 173 146 132 112 107 136 128 123 137 124 108 107 100 86 82 81 78 84 69 66 74 71 78 91 78 56 46 41 49 56 58 50 38 45 63 56 60 49 41 43 
255 255 255 255 255 250 241 255 255 255 255 255 255 254 243 213 212 246 242 208 207 222 219 199 175 157 135 125 110 118 133 106 120 119 106 104 101 87 85 87 90 81 71 70 79 85 79 72 70 65 54 45 37 34 38 45 57 50 48 54 61 64 58 56 
255 255 255 255 255 254 248 254 255 255 255 255 255 255 249 226 240 254 252 243 242 235 216 195 160 145 125 109 99 92 114 99 101 110 108 99 102 95 88 95 102 90 87 80 74 70 67 60 59 62 57 47 36 32 39 38 36 29 21 18 24 29 28 42 
255 255 255 255 255 255 248 254 255 255 255 255 255 255 254 246 248 254 253 251 236 202 165 143 127 114 107 100 92 93 101 101 92 95 103 101 103 102 93 102 93 86 81 82 86 85 76 71 63 55 49 53 36 29 31 34 40 45 42 38 40 37 23 17 
255 255 255 255 255 255 248 254 255 255 255 255 255 255 255 254 254 255 255 250 219 167 131 110 101 100 95 93 92 87 97 113 98 103 98 101 104 103 104 106 96 90 87 85 83 79 74 67 64 60 54 56 43 46 56 68 75 75 70 66 68 68 53 43 
255 255 255 255 255 255 247 254 255 255 255 255 255 255 255 255 252 242 227 190 155 127 113 100 90 90 87 88 93 96 96 114 118 116 114 114 113 111 114 103 94 94 85 80 78 70 64 60 61 61 53 50 44 55 71 88 96 89 83 89 94 88 77 69 
255 255 255 255 255 255 246 254 255 255 255 255 255 254 245 217 186 159 135 106 104 108 105 102 99 100 95 90 92 95 96 101 123 124 123 117 116 116 125 110 103 101 100 91 88 79 69 66 66 57 45 35 33 49 78 94 101 91 83 91 109 109 95 81 
255 255 255 255 255 255 246 253 255 255 255 254 244 216 181 153 137 127 122 108 100 102 106 111 109 105 106 98 90 87 90 96 105 119 120 117 113 114 125 112 106 105 89 81 83 80 75 79 74 66 60 54 53 52 70 88 103 103 101 90 108 124 116 97 
255 255 255 255 255 255 246 253 255 255 255 241 191 160 149 142 134 126 124 114 102 94 94 104 108 107 105 113 107 98 93 93 92 107 121 123 118 120 122 102 103 93 83 74 77 83 84 83 78 75 77 76 67 59 49 55 82 96 101 101 107 130 151 129 
255 255 255 255 255 255 248 253 255 255 249 213 163 149 144 138 134 138 155 151 123 91 84 91 105 120 120 125 130 133 131 120 108 130 162 166 149 138 135 111 105 96 88 78 78 82 81 83 79 75 70 69 61 48 35 38 47 56 65 75 83 99 106 117 
255 255 255 254 255 255 252 254 250 238 208 175 161 149 143 136 140 214 246 248 226 131 85 85 106 128 126 124 127 125 125 127 129 160 177 190 172 157 145 118 104 98 97 89 83 82 79 80 77 72 64 65 59 48 41 44 50 53 53 57 62 60 49 52 
255 255 254 251 252 255 255 251 236 212 184 164 150 141 136 127 130 206 239 239 213 126 89 83 99 115 115 112 110 100 102 105 108 123 140 140 138 147 141 127 114 99 89 86 81 72 69 70 71 70 70 69 60 46 37 38 42 41 43 47 50 50 50 50 
255 255 253 248 247 251 248 235 215 187 162 148 141 132 130 123 114 121 138 130 110 99 99 100 102 97 99 104 104 92 85 88 92 92 97 104 106 109 112 112 112 111 101 86 77 75 76 75 71 67 66 66 58 49 47 52 54 50 48 46 45 50 57 59 
255 255 252 246 244 240 223 198 185 171 155 149 148 138 135 127 118 114 112 105 101 105 103 103 101 95 88 91 84 81 97 104 101 99 99 102 105 108 114 113 113 125 122 111 94 90 87 83 80 77 76 70 59 43 35 39 43 47 48 45 47 55 60 64 
255 254 249 240 232 222 205 188 184 171 164 169 168 151 149 130 117 114 112 102 98 99 94 90 83 83 85 78 69 73 72 102 127 115 108 104 102 101 107 108 111 114 127 126 109 100 99 98 92 86 82 69 56 46 37 37 40 45 46 42 50 56 59 63 
254 250 245 235 224 214 200 194 194 171 170 181 166 147 146 132 118 110 107 92 91 93 89 85 85 83 90 88 83 77 68 73 88 90 95 92 89 89 91 93 94 89 81 86 92 96 99 105 103 98 91 74 53 36 33 38 45 49 47 49 54 57 60 66 
255 251 242 229 217 207 198 193 191 178 176 170 147 133 131 124 113 104 97 78 78 83 83 88 95 95 95 93 91 88 90 103 111 111 107 105 105 107 115 121 119 111 91 79 88 98 95 93 93 89 79 61 42 33 37 42 47 50 48 48 47 52 58 62 
255 255 250 235 214 195 185 178 175 166 158 146 129 119 111 111 103 96 80 66 66 71 76 81 82 80 76 74 76 89 103 106 102 96 101 104 107 111 119 121 119 113 101 81 104 99 83 78 76 68 60 49 37 33 33 34 36 46 50 46 42 48 55 57 
255 255 253 242 224 197 175 161 153 145 139 129 117 105 95 93 91 85 63 53 54 59 59 57 56 59 68 78 83 87 87 89 95 101 106 109 112 114 122 119 115 103 97 106 114 85 62 58 52 42 37 37 36 37 38 36 38 46 48 42 43 51 56 58 
255 255 255 252 237 204 166 149 141 132 123 115 111 108 97 89 85 71 51 44 48 51 49 46 48 59 67 73 77 78 75 80 87 90 92 95 93 98 104 103 98 96 104 114 105 77 68 67 64 62 59 55 50 49 47 42 39 31 35 38 39 42 46 52 
255 255 255 255 255 243 189 144 126 116 109 103 100 101 93 88 85 72 63 58 58 54 46 46 55 58 55 56 57 64 69 74 79 81 81 78 78 72 74 80 86 94 95 105 101 86 84 80 76 73 70 67 63 60 55 45 37 31 31 34 31 38 48 55 
255 255 255 255 255 247 205 152 129 120 112 106 97 94 90 86 67 46 46 52 63 75 77 74 72 66 62 59 54 59 64 69 76 76 85 89 78 83 77 72 72 75 87 102 93 84 85 85 86 83 78 72 68 64 59 52 49 46 46 42 32 30 36 42 
255 255 255 255 255 246 198 156 136 126 117 112 106 100 93 77 57 45 39 37 40 43 49 58 69 80 80 76 68 62 59 60 62 70 87 68 91 118 89 78 80 83 162 155 94 85 88 86 87 84 86 85 83 76 68 66 64 63 63 57 52 47 41 37 
255 255 255 255 255 252 222 171 135 125 126 117 108 96 77 58 49 39 35 32 30 29 29 29 36 42 44 49 55 62 64 66 60 69 57 46 59 91 72 73 81 121 230 240 152 92 82 82 83 87 93 93 87 85 83 78 73 69 69 69 67 58 52 52 
255 255 255 255 255 255 252 217 162 130 113 103 90 72 62 57 46 33 29 26 27 27 28 31 32 32 30 31 37 45 45 42 42 60 54 46 52 73 53 53 71 143 239 251 216 152 105 97 101 102 100 96 96 94 93 91 89 80 71 70 70 71 66 62 
255 255 255 255 255 255 255 252 220 140 96 77 69 64 56 58 48 38 25 18 14 12 14 16 15 20 27 34 35 32 32 44 61 68 55 42 73 63 52 62 97 165 239 248 217 188 150 118 109 104 100 97 100 102 99 94 94 91 87 80 77 77 77 77 
255 255 255 255 255 255 255 248 235 153 95 69 61 57 54 54 39 30 18 16 10 6 9 9 10 14 24 29 32 37 46 50 45 46 45 51 61 52 55 66 126 170 239 244 208 183 174 153 124 110 106 101 108 105 105 104 99 103 99 93 89 80 80 85 
255 255 255 255 255 255 255 223 235 190 103 71 58 47 48 41 25 17 11 12 9 4 6 9 11 17 24 27 27 31 30 31 37 44 40 41 47 52 65 122 181 165 237 241 200 175 163 146 148 134 119 108 107 106 107 101 107 112 107 101 95 92 88 87 
255 255 255 255 255 255 255 218 229 226 139 86 58 43 43 29 13 9 16 26 11 9 17 23 22 17 24 23 29 31 30 33 34 29 19 27 41 62 124 193 193 158 237 236 188 164 153 135 150 164 149 123 118 115 109 104 112 115 112 105 100 101 97 94 
255 255 255 255 255 255 255 219 219 253 215 128 70 43 41 21 11 7 23 22 16 17 24 35 43 36 25 23 24 25 28 28 28 34 35 41 64 119 177 204 184 149 234 232 179 153 139 121 138 156 155 144 124 118 113 106 106 104 105 105 102 100 98 100 
255 254 253 254 253 252 254 228 221 252 247 224 136 63 39 21 13 12 42 29 34 43 40 30 45 50 35 15 16 20 23 23 31 48 67 106 149 159 163 192 167 142 229 225 170 147 130 110 128 144 145 144 137 123 124 121 114 106 104 106 105 96 90 93 
231 237 185 232 199 171 229 148 181 202 133 201 200 120 58 29 18 29 59 36 48 61 65 48 36 39 39 18 21 32 41 51 63 102 65 104 146 56 126 180 148 136 225 215 161 138 117 99 119 135 137 136 137 134 131 123 115 110 108 114 116 108 98 99 
208 229 146 213 177 125 214 104 139 181 76 169 198 164 79 50 40 51 66 38 50 68 74 74 70 76 59 74 78 58 92 93 72 114 47 87 133 37 113 171 134 130 219 205 149 128 106 91 113 127 128 126 124 124 126 125 122 111 109 116 117 111 109 111 
198 231 150 202 183 116 208 110 121 182 74 153 138 109 120 83 63 67 72 44 56 75 81 77 68 85 20 58 79 21 87 68 30 99 28 67 123 27 105 161 118 123 211 195 141 118 94 84 108 119 120 119 116 114 115 113 117 116 115 120 118 116 117 116 
179 228 139 183 183 99 195 111 103 177 65 126 104 36 140 120 85 88 80 52 65 80 101 69 53 86 19 57 84 22 91 87 43 110 43 74 129 48 113 150 103 117 203 186 133 112 86 77 100 113 112 110 109 109 107 105 104 106 115 120 123 122 119 110 
205 236 201 219 219 177 214 134 121 219 188 194 184 163 200 168 110 109 84 62 74 121 182 173 171 153 138 169 188 171 196 218 210 202 176 178 178 181 161 136 90 115 197 179 125 105 78 73 96 105 105 103 102 102 101 99 99 98 104 115 123 121 114 111 
240 244 241 243 242 235 237 152 129 237 250 239 223 225 231 214 143 128 88 70 104 193 223 231 233 209 192 196 217 231 242 248 251 227 207 200 184 203 172 125 81 110 191 171 118 97 69 70 91 99 100 99 99 98 98 96 95 95 94 96 105 111 113 114 
236 241 241 242 241 241 240 160 128 235 252 247 231 230 232 238 188 143 91 77 159 213 234 242 248 250 240 199 185 188 225 239 234 212 204 186 151 127 146 113 73 109 187 165 113 94 65 66 87 95 97 96 94 94 95 95 95 94 91 92 89 93 106 114 
225 234 234 236 238 239 240 170 116 219 247 248 238 234 234 240 226 161 91 117 202 211 231 240 242 239 245 229 184 149 175 199 208 212 216 184 135 91 133 106 68 109 185 161 110 92 63 66 86 92 94 94 93 93 91 92 93 93 90 87 84 80 85 101 
220 225 217 221 234 236 241 180 112 217 252 252 246 244 242 237 237 187 103 187 231 231 240 239 243 237 237 224 194 168 172 168 163 184 179 170 161 163 155 101 62 109 185 155 104 86 60 66 84 90 90 90 90 89 88 87 87 87 83 80 77 73 68 68 
223 223 216 210 228 231 238 189 109 214 252 254 249 251 252 249 242 217 160 231 235 224 240 238 235 242 247 237 230 223 206 192 180 170 142 152 150 148 152 94 58 111 183 151 100 81 57 64 82 88 89 88 87 86 86 83 81 78 75 71 67 64 58 53 
194 208 210 206 223 221 226 192 101 205 248 253 249 246 251 253 252 244 234 242 241 224 241 236 217 238 253 243 228 224 223 196 174 173 155 158 145 143 151 87 54 110 181 147 96 78 55 63 79 85 86 84 84 84 82 80 78 73 68 64 59 54 48 41 


33 41 38 51 51 58 53 70 78 58 62 79 75 64 74 83 61 67 88 86 67 66 69 64 64 62 61 55 76 68 51 62 60 62 44 52 65 46 63 67 50 64 67 55 36 68 58 57 63 50 51 40 55 55 55 45 31 43 39 22 22 28 25 11 
45 49 48 66 70 60 56 64 75 68 81 81 72 59 72 81 68 78 79 78 71 79 69 55 63 73 70 50 68 68 52 62 70 56 52 57 49 48 56 72 42 54 67 65 39 56 60 44 65 54 53 58 44 47 49 54 26 36 48 28 21 29 34 15 
68 68 54 58 77 76 55 69 70 71 89 87 62 60 73 73 72 87 82 65 62 73 74 42 55 69 66 49 58 61 53 60 70 55 39 59 50 47 56 54 49 50 56 55 55 55 54 38 56 65 50 58 53 49 40 46 30 28 36 23 13 26 24 16 
63 71 68 60 71 78 68 70 80 64 73 80 70 56 84 76 61 64 86 72 59 60 62 60 59 62 58 66 60 52 42 52 58 54 52 53 50 37 62 49 55 63 48 45 57 53 39 40 47 52 39 45 52 53 45 36 41 43 26 21 18 19 14 22 
63 71 71 67 74 74 75 73 75 73 69 73 79 65 76 86 65 61 66 67 65 77 61 56 65 60 54 58 62 53 41 50 53 51 59 69 46 43 54 47 44 62 52 36 42 51 29 44 47 44 56 33 32 47 49 27 30 45 20 16 26 13 12 19 
58 71 77 66 75 81 75 80 83 71 70 77 74 73 73 72 63 63 77 61 53 71 67 45 60 63 48 48 55 53 44 63 49 43 54 67 47 59 49 51 59 54 44 40 42 39 41 52 49 43 56 35 29 38 40 28 29 35 16 13 21 9 16 12 
70 77 82 80 75 82 80 71 88 80 57 80 73 67 73 72 63 58 75 67 52 63 62 51 57 59 52 47 53 48 41 61 56 38 53 52 49 65 56 46 66 53 37 46 57 38 44 39 41 32 39 37 43 36 28 27 27 16 17 18 6 6 15 7 
82 82 91 84 73 83 81 73 87 84 70 78 73 60 63 77 67 58 70 68 65 68 59 51 59 56 44 43 58 49 37 58 54 43 61 49 45 62 56 44 60 51 43 46 51 40 50 36 34 42 29 26 35 25 11 16 18 5 18 19 5 5 11 7 
89 84 92 92 83 86 92 78 90 90 76 80 80 68 64 81 75 56 71 65 56 66 62 51 56 64 44 48 57 47 41 60 51 48 64 52 53 65 51 51 58 51 52 54 39 39 48 34 33 42 23 17 16 12 8 19 20 13 22 26 15 20 24 27 
113 95 103 112 99 90 104 93 96 106 79 78 95 72 73 87 74 67 85 81 58 68 71 54 63 74 55 59 59 42 50 70 56 52 66 49 65 71 51 60 63 43 48 54 34 43 33 28 29 33 16 20 20 32 24 31 36 26 28 43 27 42 58 60 
143 119 109 121 113 95 108 111 99 117 109 98 110 92 70 96 88 68 89 85 68 81 85 61 76 71 52 62 71 52 65 64 50 63 66 50 74 71 55 69 65 41 44 35 30 49 31 22 30 26 21 30 43 50 46 40 69 46 58 84 87 81 90 109 
172 181 148 126 137 130 130 156 144 151 159 119 132 130 80 103 116 94 128 116 79 96 99 66 93 97 86 91 88 68 93 69 49 67 59 61 76 54 58 69 50 43 53 31 38 38 14 20 37 33 38 45 50 66 81 97 110 122 105 116 125 79 102 125 
221 229 207 151 163 180 159 175 210 184 203 161 130 171 134 131 161 108 124 155 105 116 143 101 131 161 99 110 94 73 107 87 68 70 57 75 66 53 66 59 42 43 32 25 35 25 25 36 43 45 53 69 85 94 124 160 180 156 142 139 139 89 90 89 
250 237 238 225 228 240 231 229 244 222 212 229 201 222 214 177 176 152 125 169 138 149 174 123 108 115 65 62 60 55 71 50 51 54 24 40 33 35 39 26 31 32 19 27 40 51 53 49 40 42 57 93 142 156 150 144 134 146 97 97 104 87 71 66 
255 254 254 254 254 254 244 254 255 255 254 254 244 195 158 129 97 77 57 75 59 42 47 30 26 34 27 10 16 26 28 20 15 10 3 10 17 19 25 36 37 33 36 43 56 65 59 55 55 60 67 86 129 147 155 126 87 91 68 86 85 68 64 58 
255 255 255 255 255 254 237 254 255 255 255 255 240 168 104 79 69 58 47 39 30 27 34 42 42 34 25 28 34 27 26 26 24 18 30 48 54 50 49 54 56 46 51 49 54 57 60 65 69 81 96 99 118 125 116 100 79 65 52 74 85 54 62 64 
255 255 255 255 255 253 238 254 255 255 255 255 228 149 102 82 70 60 56 46 39 38 49 58 53 44 44 43 34 34 58 63 48 60 78 73 68 61 61 71 65 46 55 59 61 63 67 67 70 69 91 109 108 110 88 83 87 66 51 64 83 65 51 62 
255 255 255 255 255 252 238 254 255 255 255 254 222 156 122 93 76 71 63 52 51 62 67 61 56 53 46 41 47 64 103 77 84 108 89 86 85 75 84 90 77 68 66 69 71 73 64 57 59 63 78 92 87 75 66 77 79 76 65 66 74 69 44 44 
255 255 255 255 255 252 238 255 255 255 255 254 226 168 132 98 79 73 71 75 82 80 69 60 60 59 53 56 65 98 116 91 105 117 87 101 103 91 87 75 67 69 66 67 71 71 63 65 59 61 76 81 80 66 60 72 69 70 74 76 73 56 35 41 
255 255 255 255 255 252 239 255 255 255 255 255 233 167 137 96 90 102 104 94 85 81 78 69 68 69 68 77 82 119 110 133 132 114 97 103 88 80 74 71 70 74 73 84 75 70 66 63 61 59 64 71 69 63 52 50 61 67 68 69 72 58 36 40 
255 255 255 255 255 253 242 255 255 255 255 255 234 158 141 147 130 123 111 97 94 90 81 81 90 92 86 97 109 149 131 138 154 115 108 107 92 89 81 73 73 73 73 80 75 73 81 74 61 53 52 60 60 55 52 35 44 64 68 63 56 52 40 42 
255 255 255 255 255 254 246 255 255 255 255 255 249 217 190 166 153 142 125 111 112 109 104 123 131 117 121 112 121 149 127 129 138 117 104 104 92 84 86 83 84 79 79 75 76 67 75 72 55 49 52 54 62 63 64 39 25 52 62 65 60 47 35 33 
255 255 255 255 255 254 245 255 255 255 255 255 255 251 227 190 172 205 194 145 149 169 175 160 176 149 137 119 115 140 136 125 134 119 105 107 106 100 97 91 84 86 74 71 77 73 74 81 71 58 53 49 56 59 57 51 39 42 56 53 59 49 39 38 
255 255 255 255 255 253 246 255 255 255 255 255 255 254 244 211 213 247 244 213 213 227 226 206 182 164 139 131 120 127 137 110 123 122 113 112 111 98 93 92 95 92 85 83 85 84 73 65 67 65 58 48 41 43 48 50 53 47 50 57 63 59 50 48 
255 255 255 255 255 254 250 255 255 255 255 255 255 255 251 230 242 254 253 245 245 241 225 204 168 155 137 126 116 107 124 108 109 117 114 108 112 109 107 114 117 106 101 95 86 78 73 68 67 65 58 50 44 39 39 40 44 38 27 22 28 31 30 41 
255 255 255 255 255 255 251 255 255 255 255 255 255 255 255 249 250 254 254 253 244 216 178 157 140 128 120 109 99 99 107 107 100 104 110 110 112 112 108 116 108 101 94 90 89 88 85 80 73 64 55 53 38 37 41 42 43 44 39 39 45 43 28 19 
255 255 255 255 255 255 252 255 255 255 255 255 255 255 255 255 254 255 255 251 227 176 138 115 106 107 103 101 99 95 101 114 102 108 106 110 113 115 119 122 113 108 104 98 94 90 86 79 76 73 68 66 52 49 53 59 64 66 64 66 68 65 49 40 
255 255 255 255 255 255 251 254 255 255 255 255 255 255 255 255 252 242 227 194 158 129 115 105 99 103 100 96 98 99 100 116 122 123 122 122 123 123 127 121 114 112 105 99 96 88 82 80 82 79 70 62 54 57 67 79 85 76 71 82 89 83 74 65 
255 255 255 255 255 255 251 254 255 255 255 255 255 255 248 219 184 153 129 113 110 111 107 103 98 100 98 91 94 97 100 106 127 129 133 129 130 131 137 127 120 116 111 99 95 91 88 87 81 69 57 50 49 59 75 85 90 83 78 85 103 104 93 78 
255 255 255 255 255 255 251 254 255 255 255 255 247 222 183 148 127 114 108 106 104 104 105 107 105 105 107 101 97 97 102 110 119 132 133 131 127 127 134 124 119 116 100 90 90 87 84 85 79 72 67 62 59 55 64 77 89 91 92 83 101 121 114 95 
255 255 255 255 255 255 251 254 255 255 255 245 197 162 144 134 123 116 113 112 110 105 103 107 113 113 112 117 115 109 108 108 108 120 131 132 128 129 132 118 118 108 97 87 88 92 94 97 92 85 78 72 65 59 54 58 76 88 93 93 97 123 147 124 
255 255 255 255 255 255 252 254 255 255 250 218 166 150 140 131 129 136 153 154 136 104 94 98 110 122 129 135 138 141 139 130 120 129 154 162 154 144 141 122 116 108 100 89 88 92 92 93 88 82 78 76 71 61 53 51 53 58 62 70 74 89 98 111 
255 255 255 254 255 255 253 254 245 234 220 199 179 154 145 140 140 215 247 249 234 147 99 99 123 146 144 147 154 151 148 143 137 151 165 180 172 159 146 125 114 107 104 95 92 89 85 86 84 80 74 73 65 53 46 47 51 51 49 50 51 51 51 62 
255 255 254 250 251 253 253 244 216 196 204 207 186 149 140 137 135 208 241 241 221 141 102 99 114 129 134 138 135 125 124 123 121 127 139 142 142 147 139 127 118 108 101 97 92 84 80 80 81 79 76 72 64 57 51 50 49 51 52 52 47 42 45 49 
255 255 253 245 239 236 227 211 193 170 153 143 137 131 127 118 113 121 136 130 119 111 107 106 106 102 105 109 108 101 99 105 108 109 114 118 118 118 115 110 109 110 106 96 90 88 87 84 79 74 70 68 59 52 49 50 51 49 48 46 41 40 43 45 
255 255 252 242 230 220 204 182 170 158 145 139 137 129 126 117 107 103 99 99 107 114 111 109 109 105 101 105 99 97 110 118 117 117 117 117 117 116 118 115 115 124 121 111 96 91 86 84 81 78 77 70 59 48 43 47 51 49 46 42 45 48 51 53 
255 253 248 237 224 210 190 172 171 159 152 156 153 137 136 116 100 94 92 92 98 102 100 96 91 90 92 93 87 88 87 108 129 122 120 118 113 109 109 108 109 110 120 119 104 96 96 95 89 83 78 67 58 53 46 44 43 44 47 46 50 53 52 52 
253 250 245 233 220 206 186 178 180 161 159 168 148 130 130 115 99 90 86 82 88 94 92 89 88 87 89 91 90 89 83 85 95 99 104 101 99 98 99 99 98 94 84 84 89 89 94 99 97 92 83 67 51 43 43 43 41 41 41 43 47 47 48 48 
255 251 242 228 215 202 189 181 177 166 164 156 130 113 113 106 93 82 76 69 74 81 84 89 94 93 92 90 91 92 95 106 112 113 109 108 106 105 110 113 111 105 89 76 83 90 87 89 90 87 78 64 50 45 49 52 50 45 41 40 37 39 44 49 
255 255 250 234 213 191 178 170 164 154 145 133 114 101 95 93 84 75 67 61 65 71 75 81 83 82 79 80 83 95 106 109 107 103 105 106 106 107 111 111 109 104 96 86 106 102 89 84 81 73 65 55 44 40 42 44 43 44 42 38 32 35 43 46 
255 255 254 244 226 196 169 152 143 134 125 116 102 88 81 77 73 67 59 55 57 63 65 65 67 71 76 84 88 94 96 98 101 106 111 114 115 116 118 115 110 100 94 102 109 86 70 68 63 57 53 50 42 38 40 44 46 47 40 32 36 43 43 43 
255 255 255 253 240 208 167 144 133 122 112 104 97 88 80 74 68 61 54 50 54 58 57 55 58 65 72 77 81 83 84 89 95 98 99 99 96 98 100 99 97 97 103 111 108 90 82 75 66 59 55 56 53 49 45 42 44 41 37 28 26 31 35 37 
255 255 255 255 255 245 192 141 120 110 102 95 89 82 71 66 65 66 63 63 65 63 55 54 59 60 60 62 64 69 71 75 79 82 83 82 82 80 81 82 84 88 90 100 101 90 88 85 80 73 64 60 58 58 54 48 41 36 33 28 20 26 35 37 
255 255 255 255 255 249 208 150 124 113 103 96 89 81 71 66 57 48 48 52 62 75 81 83 80 73 66 62 57 61 64 66 70 71 82 85 78 82 79 76 75 75 86 100 94 87 86 80 77 75 75 71 65 58 52 46 43 41 39 31 19 18 24 24 
255 255 255 255 255 247 199 153 131 118 107 102 96 87 73 63 55 50 46 44 45 48 51 58 69 81 83 81 75 67 61 60 59 65 78 62 80 104 83 75 75 79 168 163 98 84 83 79 74 70 72 72 70 66 59 56 55 55 51 41 36 34 30 23 
255 255 255 255 255 252 225 168 128 115 115 103 92 83 68 58 54 46 42 39 36 35 35 37 41 46 46 48 52 57 60 63 60 66 60 51 57 81 72 76 82 121 232 240 154 93 79 76 77 79 83 82 78 76 73 66 60 58 56 48 41 36 34 30 
255 255 255 255 255 255 252 219 157 121 99 89 83 71 62 56 50 41 38 36 34 32 29 29 31 32 31 35 42 48 48 45 45 59 58 54 56 71 53 52 73 149 242 249 202 149 101 87 87 83 84 84 82 80 79 75 70 63 60 60 57 54 50 45 
255 255 255 255 255 255 255 252 221 136 94 79 71 65 59 60 49 41 32 28 26 24 23 22 18 17 22 30 33 32 35 48 61 65 55 46 68 61 53 60 93 168 242 247 202 173 148 117 98 85 78 80 82 82 79 77 76 73 73 72 69 67 64 58 
255 255 255 255 255 255 255 251 241 164 103 76 66 60 55 58 43 35 26 23 19 15 18 16 15 18 25 28 29 33 41 45 42 43 41 45 53 47 48 62 132 177 243 242 190 167 166 147 119 97 88 84 84 82 86 86 82 85 79 76 74 72 67 64 
255 255 255 255 255 255 255 235 242 202 113 78 63 52 53 48 31 23 16 15 12 9 11 14 14 17 24 27 26 28 29 32 35 39 36 37 42 46 61 130 198 172 243 240 180 157 157 140 139 126 110 95 93 92 92 89 93 90 81 78 76 76 73 67 
255 255 255 255 255 255 255 230 236 234 149 89 62 49 52 37 20 15 16 22 11 9 16 21 21 18 22 20 25 28 28 30 30 27 21 26 37 56 130 214 212 164 242 236 172 149 144 126 135 145 134 110 103 98 92 89 93 94 90 85 84 84 77 71 
255 255 255 255 255 255 255 230 229 253 224 138 76 49 48 29 17 12 19 17 13 13 18 25 33 29 20 19 20 22 23 23 23 27 29 38 64 127 198 228 202 156 241 233 164 141 132 110 118 129 131 129 116 107 98 92 93 88 87 86 83 81 78 76 
255 255 254 255 254 253 255 236 231 254 250 233 147 69 46 27 16 14 33 20 25 31 27 19 34 40 27 11 12 16 19 19 25 44 64 113 163 178 189 216 182 148 239 227 153 130 118 99 110 120 121 121 120 113 111 106 101 93 90 89 86 75 70 74 
240 244 202 240 212 186 238 163 193 217 148 215 214 127 62 34 24 29 47 24 35 48 51 35 26 31 32 15 18 30 41 50 65 113 72 120 163 69 152 203 159 140 235 219 145 123 106 89 102 111 112 112 112 111 116 116 103 92 91 94 94 85 76 79 
223 239 170 227 195 143 228 122 153 201 94 187 217 174 83 53 43 50 55 25 34 50 56 59 61 81 66 80 83 64 107 104 83 131 57 104 150 50 139 193 143 133 230 209 133 115 98 83 95 103 104 104 103 101 102 114 115 97 95 103 100 90 89 91 
213 241 171 217 201 134 223 129 137 202 90 171 157 122 129 88 65 66 60 32 41 57 64 66 69 98 26 69 91 24 101 80 38 116 34 80 139 35 129 182 126 124 222 199 124 107 86 75 87 94 95 94 93 93 92 91 103 107 100 107 102 97 98 95 
193 239 158 199 201 116 212 129 119 199 83 144 127 53 157 127 89 89 67 39 48 62 97 73 62 103 27 72 102 31 111 105 56 134 56 90 147 61 135 169 109 117 212 190 116 101 76 66 79 86 87 85 85 85 83 81 82 92 110 114 110 106 99 88 
225 247 220 233 235 201 233 153 139 235 208 218 213 192 224 182 116 113 73 47 58 116 199 196 195 179 171 205 219 201 223 234 227 230 203 205 203 207 189 154 93 112 206 181 107 93 67 60 73 80 79 79 79 80 78 76 77 78 91 108 114 111 100 93 
254 253 253 253 253 253 250 170 147 246 254 254 252 253 254 233 151 131 75 51 97 213 240 249 250 230 216 224 243 250 254 254 254 248 230 223 208 224 199 140 80 108 200 174 100 86 58 56 67 73 74 75 75 75 74 74 74 75 77 81 97 105 106 105 
253 253 253 253 253 254 251 178 147 247 254 255 254 254 254 252 200 147 77 60 174 244 253 254 254 254 248 223 210 210 244 254 254 248 232 210 172 148 172 128 71 107 196 166 96 83 54 53 64 71 72 71 71 71 72 75 76 77 77 75 73 83 101 109 
251 252 252 253 253 254 252 188 132 235 254 254 254 254 254 254 239 167 76 113 231 248 254 254 254 254 254 248 212 171 200 231 241 247 243 209 157 114 159 119 65 106 193 161 93 80 53 53 65 69 71 71 72 73 73 76 76 76 73 71 66 63 71 91 
251 249 246 249 252 253 252 197 128 232 254 255 254 254 254 254 253 197 94 200 253 254 255 254 254 254 254 251 231 204 206 200 195 214 202 194 181 184 179 110 58 107 192 156 90 76 51 53 65 68 69 71 71 71 70 70 69 68 65 63 59 55 50 50 
253 250 248 248 250 253 253 204 124 229 255 255 255 254 254 254 254 228 160 243 253 250 254 254 254 255 254 255 253 251 243 233 224 210 178 182 171 169 176 102 53 108 191 152 88 72 48 53 64 68 69 69 68 68 68 66 65 61 58 54 50 46 39 33 
232 241 242 245 248 251 251 208 116 222 254 255 254 254 255 254 255 251 244 253 251 246 253 254 254 254 254 254 254 253 253 237 224 215 198 196 170 173 176 93 48 108 190 147 84 68 45 51 63 66 67 65 66 66 65 63 60 57 53 49 44 37 29 22 


33 38 36 48 46 48 42 58 64 47 50 63 57 48 54 61 43 50 68 66 49 50 51 45 44 45 43 39 59 50 32 44 42 44 31 35 45 35 48 52 32 46 49 40 22 50 44 38 45 33 34 26 37 39 37 29 11 24 24 10 9 14 13 7 
43 43 44 60 61 49 46 53 59 54 66 63 53 42 52 59 49 58 58 57 51 59 51 35 42 51 50 32 49 49 34 44 50 37 33 37 29 31 38 52 27 36 47 47 26 37 45 27 46 38 34 42 27 32 28 36 13 16 30 14 5 10 16 7 
63 62 50 53 65 63 47 59 55 55 68 66 45 45 56 52 50 64 63 47 43 54 55 25 37 51 47 33 40 43 37 42 51 37 23 41 34 30 39 35 36 35 40 40 38 36 37 21 34 47 34 42 37 32 21 28 17 13 19 13 5 12 12 7 
58 64 62 54 60 64 56 59 65 48 54 59 53 44 66 56 41 46 66 54 43 43 43 43 42 45 41 48 43 36 28 35 41 37 36 35 35 24 45 32 36 45 32 29 38 35 21 22 28 34 21 26 31 36 31 19 26 30 14 11 10 6 4 14 
59 64 61 59 64 61 62 61 59 58 53 55 61 52 58 66 48 45 48 50 50 62 45 39 47 41 37 41 46 38 25 33 34 33 42 52 29 27 35 32 29 41 36 20 22 34 17 26 27 25 41 20 18 31 34 16 19 34 14 7 14 6 7 11 
54 66 69 60 66 69 63 67 68 57 56 62 59 57 57 52 46 48 59 45 39 53 50 30 40 44 31 32 39 37 29 46 30 25 36 49 29 40 32 36 42 36 32 25 22 18 21 32 37 31 40 23 19 25 28 20 17 20 9 8 14 7 11 7 
66 71 74 74 68 70 66 61 74 65 49 65 58 55 58 54 47 44 57 51 40 45 45 36 38 38 37 34 38 33 27 43 39 23 35 34 34 45 39 30 47 36 24 30 36 23 32 29 31 18 22 27 32 23 17 16 15 8 10 13 4 4 10 6 
75 75 82 78 69 72 67 65 73 70 59 62 58 50 50 59 53 43 53 51 50 49 41 35 41 40 29 29 41 33 24 41 38 30 42 33 28 41 40 31 39 32 30 38 44 35 35 19 20 30 18 19 27 19 7 11 17 5 14 18 6 5 11 9 
84 78 85 86 76 74 79 72 78 77 64 65 64 54 52 61 57 44 54 50 42 48 45 39 42 50 31 32 38 31 30 44 35 32 45 40 40 45 35 33 39 40 43 41 29 31 27 21 22 30 19 14 12 14 11 21 24 16 24 31 19 23 26 32 
109 92 97 101 89 82 92 85 84 89 69 68 77 59 58 65 56 55 65 62 46 50 54 44 47 52 39 39 41 28 35 52 41 35 46 35 46 53 39 42 50 39 38 45 31 34 23 22 22 26 15 22 25 34 24 31 41 33 36 55 36 44 69 74 
133 116 105 113 106 90 98 101 91 100 94 83 89 74 56 76 68 56 70 69 55 61 68 48 54 51 38 42 51 36 46 47 38 45 46 29 51 58 45 48 48 34 38 34 28 37 25 23 28 29 29 36 45 51 50 48 73 54 69 101 100 89 100 121 
171 180 149 124 129 121 120 143 137 141 145 103 112 109 68 85 95 81 109 99 68 78 80 53 70 75 66 66 64 49 68 53 41 58 50 48 59 44 43 50 37 30 38 28 35 38 23 28 42 40 45 53 57 69 86 103 117 134 121 132 138 87 107 132 
221 230 206 149 157 171 152 167 202 174 192 146 114 151 114 105 139 91 107 134 90 98 122 83 110 138 81 85 75 57 77 58 51 60 53 64 54 44 52 46 37 42 35 29 34 32 35 43 47 50 59 78 95 101 135 176 194 169 149 152 152 101 96 94 
250 235 236 223 222 238 229 225 241 218 207 224 191 215 204 159 162 135 114 156 125 135 161 117 102 105 58 55 58 57 61 45 47 46 28 40 40 41 39 31 35 38 35 37 43 52 55 57 53 52 65 101 150 166 162 157 146 157 110 107 110 92 76 71 
255 254 254 254 254 254 243 255 255 254 254 254 244 197 160 133 103 83 66 81 68 53 59 41 33 37 35 35 44 44 42 38 30 18 16 27 37 43 49 50 46 50 55 55 58 62 59 56 57 69 79 96 136 152 162 137 98 104 81 91 91 71 70 69 
255 255 255 255 255 253 235 254 255 255 255 255 241 172 110 86 77 67 58 53 46 42 47 51 49 44 42 46 47 40 42 40 35 38 54 62 64 65 67 67 64 64 69 65 65 67 65 64 68 86 105 108 123 131 123 108 90 79 67 83 94 62 67 73 
255 255 255 255 255 252 235 254 255 255 255 255 230 153 107 89 79 72 68 62 60 58 63 68 64 61 62 58 50 49 65 68 67 82 90 78 74 73 73 78 73 62 75 84 84 83 76 67 71 75 99 116 114 114 93 92 99 82 69 76 89 71 58 72 
255 255 255 255 255 251 234 254 255 255 255 254 224 161 127 101 85 83 81 75 72 75 73 72 74 75 70 67 70 77 109 85 90 110 92 92 96 88 85 80 73 72 76 82 84 86 76 73 75 77 87 99 93 83 76 88 91 89 77 73 77 73 55 57 
255 255 255 255 254 250 234 254 255 255 255 254 229 173 137 107 94 90 87 86 83 79 73 72 73 75 75 82 89 113 129 109 117 125 102 114 117 106 100 89 79 77 75 77 83 88 85 83 76 74 83 88 91 77 69 78 78 78 83 83 83 69 53 57 
255 255 255 255 255 248 233 254 255 255 255 255 234 172 147 111 103 110 106 95 90 90 90 81 83 88 89 94 95 126 122 140 137 124 113 119 108 102 97 92 87 86 81 92 92 91 84 78 76 73 74 83 84 78 66 67 79 83 82 84 88 76 58 62 
255 255 255 255 255 253 240 255 255 255 255 255 235 164 149 153 137 129 121 110 103 93 90 96 107 110 104 111 120 150 134 139 155 124 123 125 117 112 102 94 93 93 92 98 94 88 89 84 74 67 60 69 73 71 69 59 64 77 80 76 72 67 62 67 
255 255 255 255 255 254 244 255 255 255 255 255 249 220 196 175 163 151 131 113 113 116 118 137 144 129 130 121 128 151 137 137 143 127 120 121 113 106 103 98 100 99 97 88 86 80 88 89 77 68 63 65 79 84 83 64 54 68 72 77 74 63 58 60 
255 255 255 255 255 253 244 255 255 255 255 255 255 252 231 196 179 206 195 150 156 175 179 164 182 157 145 130 127 147 143 132 140 127 119 123 122 116 114 110 105 106 96 91 92 89 90 91 82 69 67 72 81 82 80 75 64 65 72 65 72 67 60 61 
255 255 255 255 255 253 245 255 255 255 255 255 255 255 246 214 217 248 245 215 216 229 229 212 191 175 145 137 130 138 149 131 139 136 129 128 129 121 116 113 114 113 107 105 103 98 86 79 81 82 81 80 78 73 69 67 70 68 67 69 74 74 72 75 
255 255 255 255 255 254 250 255 255 255 255 255 255 255 251 233 245 254 252 246 246 245 230 209 173 164 148 136 129 124 137 125 127 131 128 125 129 131 130 134 134 122 118 113 108 102 96 89 87 88 85 80 72 64 63 64 65 59 54 52 56 60 62 69 
255 255 255 255 255 255 250 254 255 255 255 255 255 255 255 250 251 254 253 252 246 218 180 159 145 144 138 125 116 119 125 125 120 124 128 131 134 137 132 134 125 119 117 117 116 112 107 101 98 95 88 85 75 68 65 63 64 65 64 66 69 66 57 56 
255 255 255 255 255 255 251 254 255 255 255 255 255 255 255 255 254 255 255 252 227 180 148 132 127 135 136 126 121 119 122 131 121 126 125 129 133 135 138 140 134 130 125 120 115 109 104 102 103 100 93 86 73 74 80 80 79 78 78 84 85 82 75 73 
255 255 255 255 255 255 252 254 255 255 255 255 255 255 255 255 253 243 230 202 170 147 136 128 125 133 135 126 123 123 122 131 135 137 136 137 137 138 142 140 134 131 126 121 118 110 104 107 108 106 98 91 82 81 83 90 95 89 84 92 100 98 94 87 
255 255 255 255 255 255 252 254 255 255 255 255 255 254 250 226 193 163 142 131 129 130 127 123 120 126 128 117 116 118 122 126 141 144 145 142 142 142 146 138 132 129 124 115 113 110 107 110 106 99 92 88 84 84 90 96 100 95 90 96 116 122 115 103 
255 255 255 255 255 255 252 254 255 255 255 255 250 232 198 165 145 131 125 127 130 131 131 131 130 132 136 127 122 122 125 130 135 143 144 143 140 140 145 140 137 133 119 111 110 107 104 107 102 97 92 89 84 80 86 91 97 97 99 92 111 132 130 114 
255 255 255 255 255 255 252 254 255 255 255 248 214 190 179 173 163 147 134 133 135 133 129 130 133 134 134 134 131 129 130 132 134 141 146 147 142 141 148 143 144 139 127 112 111 114 116 121 113 102 92 88 83 82 77 78 90 100 105 103 106 130 157 141 
255 255 255 255 255 255 253 254 255 255 252 233 202 200 195 186 186 195 194 183 174 142 131 133 140 158 184 192 175 157 154 146 135 139 163 174 173 166 162 149 146 139 131 114 111 114 113 114 109 101 98 97 90 82 74 72 76 82 84 87 87 100 113 128 
255 255 255 255 255 255 254 253 245 237 229 228 235 231 228 223 205 236 252 252 244 192 140 139 169 210 218 224 228 186 169 163 150 155 175 190 193 182 169 151 144 137 128 111 105 102 99 101 104 102 99 95 86 76 70 70 73 74 72 72 74 78 78 82 
255 255 255 254 254 254 253 245 220 204 212 233 242 231 224 224 203 232 249 247 238 184 136 137 152 179 200 207 192 152 146 144 139 140 151 158 158 156 150 145 139 132 120 112 108 101 97 98 102 102 98 96 90 83 76 75 80 83 80 74 72 72 73 73 
255 255 253 251 248 241 232 219 202 186 173 172 186 194 194 185 180 187 188 165 156 142 131 130 131 130 136 139 132 124 124 130 132 133 135 136 135 134 131 128 128 130 127 118 112 106 102 97 94 94 95 94 89 83 81 80 80 83 82 75 69 68 71 72 
255 255 253 247 238 230 219 202 190 180 167 158 160 160 162 161 156 142 124 122 134 140 136 132 132 128 124 125 119 119 130 136 136 135 135 136 136 137 137 134 132 136 135 126 114 109 105 103 100 98 98 92 83 75 73 74 73 73 74 72 69 66 68 70 
255 254 251 246 236 224 209 194 189 177 169 166 160 145 143 129 116 109 108 111 124 129 125 121 116 114 114 113 108 108 112 128 142 139 137 135 132 128 127 124 122 121 128 126 116 111 110 110 104 97 95 89 80 75 70 68 68 71 75 76 78 73 65 63 
254 253 251 245 233 219 204 196 193 176 172 171 153 137 134 121 110 102 98 99 108 114 115 113 112 108 110 111 108 106 106 107 113 117 122 120 117 115 114 113 111 108 101 103 108 108 108 110 105 98 91 84 79 77 76 73 70 71 68 66 65 62 61 61 
254 254 251 243 230 216 202 193 187 176 172 161 137 123 120 113 102 92 89 89 96 103 105 109 113 111 109 108 108 108 111 118 121 122 119 117 116 115 119 122 122 116 105 96 103 108 103 102 103 101 94 83 73 72 72 70 66 66 64 64 63 64 64 64 
255 255 253 243 225 206 192 181 173 163 153 140 123 112 105 103 95 88 85 84 88 94 99 103 104 105 103 103 104 111 120 122 120 116 117 119 118 118 121 120 118 115 108 97 111 107 99 98 97 90 83 74 67 64 63 62 60 63 66 65 64 69 72 67 
255 255 254 248 235 210 185 168 156 146 137 126 112 103 97 93 88 83 81 80 83 88 90 89 91 92 95 100 104 110 113 114 117 119 121 122 122 122 125 122 119 111 106 111 116 99 87 87 84 77 71 67 62 61 64 65 63 63 59 54 52 51 51 52 
255 255 255 254 244 220 184 163 150 138 128 116 107 101 94 87 82 80 79 77 81 83 82 81 82 86 90 93 96 101 102 105 110 113 115 116 113 113 113 112 108 109 115 122 119 102 92 85 80 77 75 74 71 64 61 59 61 54 47 44 45 45 44 47 
255 255 255 255 255 247 203 159 142 132 122 111 101 94 86 81 77 79 78 77 82 82 79 80 83 85 84 83 84 89 91 93 97 97 99 100 101 99 100 101 104 106 105 109 108 99 97 92 85 79 74 74 74 77 77 72 61 47 38 35 34 44 49 45 
255 255 255 255 255 250 214 163 142 133 123 113 101 92 85 80 76 72 73 73 79 84 87 87 86 84 84 82 80 84 84 85 88 90 98 100 93 98 99 97 97 98 104 110 105 97 94 88 85 81 76 74 72 70 69 65 60 53 50 47 39 36 39 36 
255 255 255 255 255 249 206 163 142 131 122 116 107 96 85 79 76 71 68 67 70 71 73 75 78 81 80 79 77 77 75 74 76 82 93 88 103 117 101 92 91 95 173 166 108 98 97 88 80 75 76 75 74 71 69 70 68 64 59 54 49 41 32 26 
255 255 255 255 255 253 227 173 137 126 126 114 102 93 83 79 76 67 63 61 59 59 59 58 60 61 59 59 59 63 68 73 72 77 71 65 75 95 88 86 84 115 227 237 148 104 97 93 87 83 87 87 80 75 72 73 70 64 58 51 49 44 40 36 
255 255 255 255 255 255 253 219 162 130 110 102 98 91 83 78 72 63 60 56 54 53 52 53 51 50 48 49 52 57 61 64 67 79 75 69 75 87 75 76 87 139 236 242 175 135 100 89 91 85 82 79 78 75 71 68 67 66 66 62 58 56 53 50 
255 255 255 255 255 255 255 252 222 144 110 98 90 86 79 77 67 61 57 52 48 44 43 42 39 39 43 47 48 46 47 57 69 75 69 62 79 75 71 75 99 157 238 240 171 143 133 108 92 81 76 77 78 79 76 71 70 71 75 73 70 65 60 60 
255 255 255 255 255 255 255 251 241 168 118 96 85 79 74 74 58 50 45 44 42 38 38 36 36 37 44 46 48 49 54 58 56 57 54 58 66 63 63 72 129 159 238 237 165 141 148 134 113 91 83 80 81 80 80 76 71 75 73 70 72 69 62 60 
255 255 255 255 255 255 255 232 241 202 124 95 81 71 69 63 47 40 35 33 33 31 32 34 33 36 42 43 41 44 45 46 47 52 49 51 55 59 72 132 191 155 238 233 157 136 140 122 123 113 101 89 85 81 81 80 84 82 78 79 76 70 65 64 
255 255 255 255 255 255 255 227 236 234 154 103 80 67 71 57 39 33 35 38 31 30 35 39 39 36 38 37 41 44 45 46 46 43 37 41 50 65 134 212 207 148 238 230 149 127 129 109 116 124 117 98 91 85 78 75 80 82 79 78 77 74 70 69 
255 255 255 255 255 255 255 228 229 254 223 140 88 67 66 47 35 31 35 33 32 32 33 39 47 45 38 36 36 37 40 41 42 44 44 49 72 130 201 227 196 142 236 228 141 119 117 98 103 110 110 110 100 92 86 83 85 80 74 74 74 71 66 67 
255 255 255 255 254 254 254 233 227 253 251 231 145 78 62 45 34 29 43 35 40 45 41 32 45 50 41 29 30 32 35 35 40 56 74 118 162 182 196 214 172 134 233 222 133 112 108 90 95 101 103 102 101 98 97 93 89 80 74 73 73 68 64 68 
246 243 214 243 214 199 236 166 193 212 157 214 207 126 69 47 37 40 51 36 47 57 58 45 37 41 42 27 32 41 50 56 69 114 79 128 164 78 161 201 150 128 231 214 125 108 99 83 89 94 94 93 94 92 100 103 90 78 76 77 77 69 64 70 
236 236 183 231 192 156 222 127 160 193 104 185 209 168 86 59 50 57 57 36 46 58 60 61 63 81 68 79 82 67 107 103 87 135 67 115 152 62 149 190 133 120 225 205 115 101 91 77 81 86 85 83 82 83 85 97 97 79 79 85 81 74 74 79 
230 240 186 224 198 150 220 133 146 193 103 173 155 128 124 87 70 71 60 40 49 62 65 65 70 95 32 70 88 31 105 82 48 122 46 91 141 48 139 179 115 109 212 192 105 93 80 69 75 79 79 77 73 72 72 74 87 91 85 89 83 78 81 83 
209 236 167 205 194 128 208 127 126 186 87 144 122 66 151 122 91 90 65 45 53 62 89 65 56 98 28 69 95 32 110 94 45 135 65 100 149 70 143 166 97 100 198 182 97 86 71 61 67 71 72 70 69 69 68 67 66 79 95 98 93 85 81 75 
220 242 212 228 225 194 223 146 145 225 191 203 177 149 196 166 116 112 67 49 56 91 152 126 131 156 144 181 198 184 200 196 174 205 203 207 203 210 192 148 81 93 188 172 89 82 64 56 62 65 65 64 64 64 63 63 63 65 79 95 99 92 84 79 
245 249 247 249 249 246 243 161 154 246 252 242 222 219 227 208 145 129 70 50 78 144 183 181 193 194 167 186 217 207 220 220 219 214 218 217 201 219 198 133 69 87 179 164 84 76 57 53 59 60 61 62 62 62 62 63 64 65 66 72 86 91 91 90 
246 248 249 249 248 249 245 168 160 248 253 247 229 228 230 232 185 141 72 58 133 165 203 193 199 214 187 166 188 156 187 204 172 184 190 196 169 152 176 120 61 88 175 156 81 74 53 51 57 60 61 61 62 63 65 68 69 69 68 67 65 72 88 95 
241 242 244 245 246 248 245 175 141 231 251 250 240 236 236 241 223 157 71 100 173 150 193 173 172 191 183 177 189 150 176 173 145 182 184 187 154 112 159 113 58 88 174 151 77 73 54 53 58 62 65 65 65 65 66 68 68 67 65 63 59 55 62 81 
225 230 227 232 241 245 245 182 133 228 254 254 249 246 241 236 235 181 84 167 203 175 211 191 192 202 182 173 189 155 176 173 153 188 166 172 171 160 169 105 52 88 176 146 76 72 55 56 60 63 64 64 64 65 66 67 66 63 60 57 54 48 44 46 
212 218 212 212 230 232 240 186 129 225 253 255 250 250 247 240 234 208 137 212 225 203 232 222 203 216 211 189 193 160 169 168 146 179 143 151 158 150 168 96 47 89 176 144 76 70 55 57 61 63 64 64 64 66 66 66 65 61 57 51 46 40 34 30 
194 204 207 202 221 214 221 186 119 217 250 253 248 243 247 243 239 234 215 232 239 219 239 221 180 216 231 204 178 139 155 155 134 168 140 142 147 144 166 87 43 89 177 140 74 70 53 56 62 63 63 64 64 65 65 63 60 57 51 45 40 33 27 19 