


255 252 211 165 149 170 157 123 115 92 99 89 71 66 97 114 116 64 96 130 145 98 134 181 192 189 180 173 161 159 161 189 213 204 213 226 228 219 189 199 204 148 164 175 171 174 191 200 193 187 202 225 229 219 194 189 195 180 183 195 174 162 165 154 
222 251 243 215 188 210 169 193 175 116 101 81 69 52 44 55 91 57 109 117 155 198 179 186 201 193 177 171 163 164 176 202 210 211 208 206 206 207 182 184 184 160 182 180 180 186 196 197 196 202 219 227 226 222 210 200 193 209 221 213 194 169 130 60 
182 248 251 224 239 245 215 211 166 153 163 142 97 90 80 79 70 36 109 125 127 139 184 181 212 200 172 168 159 168 171 173 180 187 193 199 197 188 173 171 175 190 198 188 184 182 199 212 217 218 213 210 211 210 206 182 180 220 229 219 203 164 68 32 
223 221 179 196 225 237 245 240 224 231 236 217 129 105 63 39 45 38 133 139 108 114 169 178 224 200 177 169 154 140 144 151 130 117 159 180 180 178 178 188 200 219 213 202 194 189 203 203 198 194 191 193 192 197 197 167 165 170 175 177 170 145 98 27 
188 194 133 211 226 229 252 249 254 255 253 201 123 71 33 13 4 52 143 138 171 213 199 201 224 192 176 169 151 130 105 107 133 164 187 189 198 203 203 199 204 220 224 211 200 199 192 191 191 186 184 181 183 193 185 157 158 161 160 160 156 70 31 23 
190 175 175 212 249 247 254 255 255 255 244 189 149 88 54 45 41 126 139 140 169 210 202 197 199 184 165 158 154 132 111 146 161 163 172 191 192 193 198 204 207 210 207 203 199 196 194 198 207 191 178 174 177 182 170 166 169 166 160 162 157 68 9 14 
137 116 185 249 255 255 255 255 255 255 220 184 170 143 113 71 110 150 139 139 171 207 203 187 183 184 153 119 127 124 129 133 132 127 135 170 183 189 187 177 169 162 156 167 185 190 181 184 197 197 181 177 175 179 181 166 154 152 153 158 108 22 5 16 
109 85 164 236 254 245 232 235 228 204 184 159 159 144 116 82 72 132 136 134 158 189 205 189 193 191 177 159 134 122 108 107 109 117 133 149 134 117 102 101 103 105 114 135 182 202 194 182 174 183 188 189 193 186 155 135 134 144 156 130 36 12 5 4 
112 139 150 232 254 205 103 112 123 79 84 126 131 105 80 84 67 115 122 121 140 175 205 211 213 190 178 170 163 143 110 100 99 112 125 121 116 126 136 159 171 185 202 221 234 234 223 201 180 167 174 174 169 167 164 126 131 149 148 106 49 24 9 5 
74 111 216 254 243 174 64 70 90 60 78 104 87 67 78 113 103 130 124 97 122 167 197 211 206 179 176 173 164 156 122 110 104 103 102 131 159 172 180 187 195 203 215 231 247 248 240 220 201 181 176 171 182 203 210 175 153 133 139 126 95 47 37 21 
108 178 232 249 213 142 67 64 81 73 63 37 29 45 90 115 105 106 120 145 129 174 193 200 193 180 180 173 168 160 151 138 108 89 92 90 99 120 125 132 142 158 175 189 214 236 241 226 207 195 187 187 192 198 193 173 172 157 133 120 112 32 38 52 
99 155 224 214 183 161 111 87 69 45 19 7 6 36 99 85 53 44 113 178 160 174 198 211 190 180 174 161 161 161 147 117 94 88 95 107 87 72 71 62 54 62 85 109 170 200 221 228 216 193 170 165 168 169 167 157 148 146 127 115 64 31 46 50 
170 200 238 231 218 165 108 56 57 52 13 3 3 30 79 89 74 36 103 172 149 161 204 219 189 178 167 157 155 137 119 113 116 112 106 94 98 91 76 71 67 63 76 116 155 168 184 197 193 166 143 136 142 157 163 152 125 118 123 100 46 43 57 68 
255 254 255 254 233 154 127 83 74 57 22 4 3 12 60 63 75 69 136 165 125 152 192 203 190 177 170 160 151 150 154 146 132 123 107 109 97 90 87 92 96 126 144 149 138 126 100 109 165 179 166 142 126 139 154 134 94 89 98 74 63 59 66 69 
255 255 249 218 173 114 92 83 78 37 12 16 23 26 20 10 9 53 155 129 98 148 188 204 184 176 169 158 163 164 152 145 126 131 113 112 95 87 97 101 87 125 125 110 100 96 85 92 132 146 157 161 139 122 126 109 90 110 105 51 46 44 43 34 
249 254 245 175 121 89 69 66 88 75 90 88 68 52 41 33 29 88 150 102 84 152 185 202 184 178 165 160 166 169 154 141 136 140 115 97 98 93 101 102 127 159 173 178 186 195 192 175 160 147 126 124 142 146 160 113 106 94 86 56 45 46 20 9 
218 253 254 236 154 61 57 92 95 86 70 75 75 72 70 62 65 109 148 90 65 158 190 203 183 178 175 164 168 161 134 121 130 134 124 110 108 88 103 154 209 231 236 230 219 214 195 181 176 150 180 207 188 162 133 125 120 106 85 80 66 49 25 14 
227 242 242 247 217 134 92 77 69 84 75 43 43 44 54 26 37 98 156 91 58 166 196 204 189 178 171 164 167 127 115 125 131 131 131 128 169 186 184 212 235 235 228 217 208 193 183 199 192 132 146 212 226 190 140 135 129 120 100 98 81 80 78 74 
244 243 221 198 177 164 115 89 104 90 59 46 55 48 61 40 41 88 162 92 81 175 203 206 188 176 170 165 173 157 125 101 113 137 168 208 222 211 207 214 213 203 192 187 206 218 185 201 185 137 159 202 222 185 116 124 88 42 46 41 36 56 66 74 
241 254 249 209 147 126 105 90 108 98 89 69 60 87 100 65 35 76 177 136 115 185 212 211 186 173 170 166 175 163 141 128 124 142 180 171 179 187 194 204 212 216 214 215 233 238 198 191 209 165 149 220 219 170 147 121 21 10 16 23 49 67 74 79 
234 254 251 246 235 218 158 117 109 91 69 67 90 122 129 71 32 86 174 148 143 189 203 199 184 178 171 169 181 165 149 148 151 154 182 181 189 199 200 199 201 200 200 195 188 191 178 174 186 162 132 173 178 166 184 95 5 6 19 51 64 67 87 87 
254 255 255 255 254 222 169 123 97 90 81 86 111 141 125 66 112 119 134 128 160 193 199 191 185 185 171 174 181 161 156 154 185 189 151 148 154 162 170 175 174 186 187 156 141 147 144 146 160 151 132 152 159 142 138 57 7 15 41 65 63 78 114 98 
255 255 255 254 224 191 119 93 100 78 80 93 104 129 118 73 106 99 110 100 141 190 191 185 185 184 174 176 184 157 153 152 158 175 186 182 175 178 184 200 223 218 168 128 139 148 146 148 161 147 137 146 82 40 19 14 13 27 63 80 78 91 118 146 
235 248 242 222 189 130 142 129 123 95 70 102 128 126 109 81 47 61 110 106 151 197 190 184 185 189 177 175 176 152 156 163 152 129 122 140 172 206 207 203 213 202 169 151 158 166 162 158 166 162 108 96 35 11 14 37 45 59 73 89 116 123 115 165 
153 158 158 141 110 92 105 108 104 85 96 129 111 122 106 82 54 119 178 195 210 205 186 193 190 193 185 190 190 157 152 163 138 118 99 94 94 116 182 203 186 174 166 166 176 164 171 157 161 136 83 46 20 11 50 76 82 79 80 91 119 142 125 154 
132 92 90 97 82 74 89 86 64 38 103 102 68 104 98 91 152 228 242 242 235 228 232 232 228 233 232 228 195 159 142 151 128 104 88 94 68 72 85 130 173 153 143 148 160 155 144 153 143 125 70 36 14 34 74 81 92 106 89 103 107 133 144 152 
106 83 71 60 82 90 85 77 36 47 114 164 156 115 136 206 244 248 246 243 244 243 246 247 246 242 236 213 186 168 148 151 129 107 92 98 75 79 77 80 95 108 107 112 130 145 130 87 88 73 38 20 13 48 79 87 106 129 115 105 116 116 133 149 
112 67 74 76 55 43 43 64 42 33 141 216 230 220 221 240 245 246 243 243 246 247 250 251 246 234 205 173 166 157 129 118 108 102 98 100 92 84 81 83 79 74 60 38 54 88 120 81 39 18 13 13 12 55 83 102 131 149 123 105 114 106 123 139 
110 99 104 81 30 15 33 31 41 88 190 220 236 240 236 233 235 245 247 248 247 246 246 247 236 225 190 150 153 145 102 86 81 80 82 90 94 89 88 82 76 63 47 21 32 56 66 45 30 17 13 23 32 63 86 120 124 111 108 102 84 90 120 146 
80 68 89 85 59 29 45 34 41 139 223 233 233 233 237 244 241 241 242 244 246 244 242 243 243 238 194 149 150 143 109 98 90 85 84 88 98 99 95 82 69 69 54 45 51 65 76 44 35 21 29 65 81 83 96 116 125 122 125 113 117 97 92 109 
87 49 72 106 116 102 100 127 151 180 207 185 188 209 225 238 244 238 243 230 228 239 240 239 245 248 224 158 159 154 128 121 108 88 81 82 83 77 75 72 72 79 78 81 85 87 90 84 84 81 83 93 96 96 98 100 106 109 109 108 116 109 96 93 
87 85 59 77 86 96 141 232 214 175 168 136 134 157 177 216 233 237 234 236 232 239 243 242 238 234 223 170 161 147 126 138 121 85 74 88 88 80 75 74 77 68 52 48 38 34 67 75 71 75 89 100 112 107 112 117 115 118 108 108 127 141 111 101 
50 52 45 63 63 39 148 236 176 152 162 155 171 206 225 241 241 235 242 231 227 224 231 219 202 210 197 143 136 142 146 141 132 103 89 100 89 69 59 63 61 44 35 34 24 35 88 126 92 81 110 112 112 112 108 119 120 124 126 128 133 140 115 108 
28 22 32 34 34 78 101 158 159 146 165 178 196 216 230 244 252 246 244 232 223 221 227 228 198 177 147 138 138 140 146 135 124 112 100 85 72 57 56 64 51 43 42 41 44 81 116 143 116 115 126 123 112 116 112 112 115 119 115 121 118 90 78 84 
17 7 3 2 13 65 56 57 65 46 114 167 189 198 204 218 243 229 214 214 209 210 216 217 197 151 134 133 139 145 131 118 117 107 94 75 76 81 80 89 89 105 110 111 114 127 140 141 127 126 121 117 120 117 109 113 115 124 115 127 135 97 75 95 
5 8 2 2 12 44 23 39 23 17 43 67 75 116 157 195 224 220 196 195 189 188 194 199 200 174 156 139 137 144 133 141 142 123 122 123 124 123 118 112 97 98 110 83 86 125 172 152 124 135 141 120 111 102 113 117 98 103 92 99 139 142 103 109 
2 4 4 13 34 43 47 70 38 46 38 32 13 17 47 136 195 219 194 190 187 185 189 191 191 168 164 160 146 145 141 137 134 124 108 94 81 84 78 68 42 63 114 108 138 144 148 141 133 141 140 103 110 119 130 126 105 101 96 101 136 147 128 130 
2 5 18 28 23 65 67 31 24 25 19 5 8 10 22 51 91 194 198 181 174 168 164 164 153 147 148 149 144 144 137 123 127 120 100 91 71 73 65 53 46 89 152 140 149 163 176 151 140 138 129 105 137 122 117 126 108 108 111 98 109 156 176 166 
48 62 47 23 52 83 70 45 27 4 5 25 36 41 43 41 52 152 205 153 163 165 146 139 143 132 154 132 118 110 133 141 163 124 104 104 82 55 47 63 105 131 170 151 144 174 188 150 128 126 112 115 127 123 114 104 98 106 104 97 136 195 172 154 
79 62 57 76 86 50 37 13 10 8 14 25 32 30 27 22 71 130 193 174 163 138 130 134 162 135 129 132 113 76 84 122 161 111 88 75 88 132 176 192 207 200 179 157 137 145 174 142 124 141 127 123 132 137 133 129 97 109 109 97 104 113 106 117 
45 48 86 73 41 12 2 2 2 5 17 20 21 16 17 52 112 59 150 176 167 146 128 151 171 136 142 149 141 94 72 73 81 89 89 120 204 243 248 248 248 242 232 200 171 152 165 141 139 154 133 126 142 129 133 130 103 100 95 98 123 149 148 164 
27 22 32 25 38 13 3 3 2 5 26 23 5 7 16 108 100 56 146 196 205 201 190 185 149 143 139 142 168 172 93 78 98 129 181 230 247 248 247 246 236 219 205 185 152 141 142 136 126 130 115 99 97 93 96 115 112 116 109 109 130 144 140 138 
80 26 7 15 12 3 2 3 5 6 25 19 13 17 35 120 120 134 165 195 216 217 196 170 158 151 139 131 130 141 156 180 193 209 223 232 225 215 228 226 207 196 188 170 151 129 111 105 100 103 110 117 106 108 113 129 129 114 114 115 121 131 123 122 
68 68 64 105 36 2 2 5 4 3 20 55 54 36 33 82 134 144 154 137 161 197 192 177 176 173 154 136 136 141 178 211 212 201 194 197 184 192 202 204 208 189 179 158 140 119 115 122 143 143 146 134 113 111 112 114 116 112 113 107 99 104 100 109 
75 76 74 130 51 5 11 26 3 2 5 8 5 41 120 159 180 185 181 174 182 190 180 166 163 163 159 147 138 144 192 192 171 159 182 172 183 213 227 229 211 186 180 153 126 129 157 181 175 138 125 111 112 91 71 92 81 84 84 77 75 86 90 71 
44 82 135 164 61 4 16 19 3 2 3 2 3 52 148 164 166 183 178 162 174 190 179 149 137 156 166 176 165 165 179 173 167 162 183 198 226 236 224 208 192 179 157 137 150 193 234 245 214 152 130 117 95 66 50 64 44 36 38 51 81 86 70 53 
25 78 137 129 35 25 6 4 8 5 2 3 2 37 164 158 129 144 174 129 120 148 153 143 143 156 167 177 186 189 189 193 202 215 203 192 187 191 190 188 181 164 159 196 231 247 250 248 217 156 141 119 85 60 46 47 40 43 42 64 101 85 64 59 
69 117 161 64 19 70 21 5 16 24 8 2 2 38 190 222 213 210 181 166 103 75 94 108 115 122 136 159 183 183 159 126 150 173 171 168 180 190 196 190 182 201 229 249 252 252 252 247 222 162 171 173 177 163 61 40 41 43 49 75 105 77 69 60 
163 175 160 51 51 83 37 45 38 17 7 2 1 7 86 185 225 184 160 170 171 131 106 98 92 83 92 130 152 157 160 159 160 165 180 171 173 180 183 197 224 246 251 252 252 252 252 248 213 189 194 196 193 162 76 53 47 51 55 68 101 74 79 67 
171 219 175 109 93 88 92 89 47 13 8 18 14 6 9 32 89 161 214 222 205 201 189 170 157 136 140 121 107 151 191 175 199 217 206 202 201 202 206 226 245 250 251 252 252 252 251 245 218 188 188 170 153 134 82 69 48 43 49 64 92 75 74 68 
178 185 157 136 77 59 64 57 41 22 25 31 25 16 21 19 5 33 135 229 227 204 191 182 174 165 158 119 100 121 173 169 220 212 198 197 203 206 211 232 248 251 251 251 251 248 242 238 227 184 149 138 136 110 79 67 43 38 49 73 75 71 71 70 
229 214 167 160 130 60 24 13 6 5 7 5 3 6 11 8 1 2 16 151 224 188 164 161 213 216 193 180 146 164 176 187 213 183 166 161 178 209 228 245 251 252 251 248 239 232 228 221 214 174 139 135 112 82 69 63 50 42 58 76 69 80 78 71 
244 230 179 235 224 130 59 15 3 1 1 1 0 0 1 0 0 1 1 49 188 194 191 144 201 245 225 210 220 219 192 195 216 214 211 213 231 246 251 251 251 249 239 225 215 209 208 207 209 170 121 127 107 74 60 59 52 36 64 85 83 94 80 67 
221 208 222 247 251 233 168 78 24 5 3 5 11 11 4 1 0 1 6 24 145 204 241 229 242 250 240 211 209 233 235 222 191 180 199 217 231 242 248 246 238 225 211 202 199 197 201 209 225 157 99 90 89 76 50 50 44 41 56 54 64 95 86 62 
221 196 246 254 253 253 215 208 150 70 43 66 119 104 56 26 6 3 13 23 105 190 236 251 252 246 235 213 193 211 226 193 183 176 179 202 215 228 240 246 247 240 223 202 190 188 201 214 205 163 122 79 86 88 51 34 39 47 45 39 67 99 98 72 
177 175 247 255 255 254 240 244 240 182 108 138 200 169 122 81 39 24 14 18 116 219 240 249 251 247 233 214 193 185 175 186 190 162 173 188 220 239 231 223 232 244 227 219 213 199 196 183 177 185 169 97 89 107 73 46 52 51 42 52 74 90 92 67 
172 192 250 254 255 255 255 254 252 244 175 167 198 184 171 145 109 74 42 32 88 203 232 243 247 248 248 234 212 187 180 196 182 141 164 166 215 245 249 245 246 249 238 203 188 197 202 201 207 199 194 177 98 71 53 48 51 47 45 50 61 77 67 51 
187 181 244 254 255 255 255 255 255 254 238 214 191 186 184 184 170 140 109 65 75 160 199 230 234 236 240 246 231 208 179 180 150 138 147 103 180 246 252 251 251 251 250 230 183 166 176 184 195 198 206 225 123 59 44 43 46 48 48 43 51 49 48 41 
168 160 218 242 243 255 255 255 255 254 241 224 196 187 186 182 179 174 163 118 85 162 185 194 207 214 218 217 196 192 169 148 139 146 136 79 146 242 252 251 252 252 252 243 200 151 165 181 201 217 231 210 108 58 44 51 48 47 41 38 45 45 43 37 
124 149 177 225 240 253 255 255 255 255 255 252 218 193 198 193 191 181 149 105 84 151 191 188 202 205 184 183 182 172 146 120 116 126 123 72 108 206 251 251 251 251 251 247 209 156 162 190 196 181 153 101 78 64 55 51 43 46 40 37 44 50 34 30 
144 137 129 148 186 213 231 249 255 255 255 253 209 192 201 198 180 162 128 99 108 161 185 192 197 184 153 131 103 95 93 81 58 58 67 43 44 93 221 248 249 248 246 247 215 169 160 168 162 102 49 54 62 66 63 49 44 49 45 41 39 38 23 25 
145 119 89 93 123 159 182 168 218 252 255 252 202 189 202 188 164 123 100 98 107 142 166 178 198 162 136 116 90 81 84 66 52 45 36 27 34 38 116 226 234 231 234 236 203 146 143 160 156 130 48 60 70 87 65 51 43 44 45 53 39 31 32 29 
149 130 111 85 110 147 169 140 110 141 193 223 175 164 183 175 155 113 90 78 88 109 119 140 181 162 127 105 101 87 82 71 54 40 26 19 33 32 52 176 196 212 224 200 157 144 104 87 83 68 47 71 91 81 59 48 49 41 43 51 43 36 48 40 
144 114 70 55 108 127 135 114 83 53 74 124 115 110 124 141 147 132 112 84 99 146 133 115 137 151 127 106 86 78 82 85 66 54 42 29 29 25 41 166 108 98 178 128 89 119 102 62 47 41 43 57 91 81 64 51 54 47 45 66 54 39 54 46 


255 254 244 214 199 219 210 176 163 143 142 127 100 98 137 156 156 100 131 173 179 124 168 215 206 220 226 217 208 210 208 190 156 147 163 183 186 173 122 142 163 119 119 100 97 114 146 158 140 118 130 169 175 166 142 137 146 115 120 129 101 97 118 134 
236 253 252 238 222 240 218 229 217 167 148 131 119 101 92 100 130 86 145 168 192 208 203 217 209 223 222 217 203 184 177 158 152 159 148 143 144 144 106 115 129 114 116 100 106 128 149 147 138 137 160 174 173 170 159 144 130 147 167 152 127 106 106 97 
211 251 254 245 251 253 249 246 215 201 204 185 145 132 117 116 115 69 143 178 183 178 208 214 221 228 217 214 159 93 95 100 118 121 121 134 140 131 113 107 115 139 125 111 107 103 134 157 163 162 158 160 161 159 148 116 123 170 178 166 162 125 84 92 
242 241 216 232 248 250 254 253 250 245 247 236 165 143 111 87 95 73 155 188 163 149 197 213 236 228 219 212 135 63 76 103 92 70 113 144 151 145 136 143 155 186 155 133 126 123 145 142 132 126 126 130 128 132 130 96 101 110 118 125 133 110 81 81 
226 232 181 236 250 247 254 254 255 255 255 225 157 115 84 62 37 66 159 192 217 227 221 227 237 226 220 211 123 64 61 75 96 116 138 146 161 167 167 158 157 174 157 132 134 136 128 125 116 101 99 99 106 122 112 89 95 106 112 118 121 94 81 88 
231 217 215 232 254 252 255 255 255 255 252 218 176 130 102 94 61 139 178 196 220 235 228 225 219 222 207 202 194 128 88 97 105 112 125 148 148 148 151 153 146 146 115 95 116 129 129 131 142 112 86 85 96 107 93 92 105 109 101 108 118 97 76 86 
187 169 218 252 255 255 255 255 255 255 241 214 199 173 147 115 145 188 196 194 216 237 233 214 206 222 184 140 154 130 152 146 126 118 114 120 128 133 128 113 106 103 89 89 101 120 116 120 142 139 117 110 104 105 109 95 81 74 86 104 101 78 69 83 
162 136 201 246 255 252 244 245 244 229 213 191 191 177 154 123 117 185 194 189 207 230 237 211 213 225 217 196 159 124 129 158 162 161 119 83 77 84 84 88 94 94 98 99 108 131 128 116 123 115 117 117 124 120 88 61 61 77 97 98 83 79 75 72 
160 187 193 243 255 232 158 165 178 138 134 163 170 149 127 123 104 162 181 178 197 220 237 222 228 225 220 216 212 186 136 112 128 141 104 52 70 105 113 126 132 144 162 169 156 153 150 130 117 95 94 84 84 93 93 54 62 87 87 74 54 70 79 74 
127 160 232 254 251 211 123 126 144 115 127 145 132 117 120 138 127 144 172 154 176 207 230 222 228 224 221 220 213 202 169 153 126 112 89 90 107 121 135 143 154 162 179 190 188 185 172 154 137 115 104 88 111 147 151 106 89 71 86 89 74 54 60 71 
157 217 247 254 241 191 124 120 136 128 116 87 75 90 122 138 129 127 155 188 178 212 226 214 222 225 222 218 213 202 196 181 150 139 116 75 74 99 104 110 115 118 128 139 157 184 186 164 143 132 123 124 135 145 137 105 110 98 77 74 91 83 77 65 
156 194 245 244 223 204 159 139 124 102 70 53 42 73 122 111 83 77 143 209 206 216 227 221 224 226 220 208 206 202 193 170 147 136 135 132 91 79 88 95 99 102 105 100 114 127 158 166 152 121 79 73 83 94 97 84 78 81 71 83 89 100 111 108 
201 220 250 246 238 209 160 110 110 104 60 44 42 68 105 112 98 62 122 198 200 204 229 224 219 222 213 202 197 179 166 160 158 154 151 140 140 119 89 58 47 83 114 125 125 119 119 122 117 82 39 39 44 62 84 86 71 65 76 82 93 103 115 125 
255 255 255 255 246 198 171 130 125 111 73 40 38 35 78 82 91 91 165 210 180 193 220 211 217 220 213 204 187 185 195 192 177 166 154 151 145 140 138 116 58 92 119 114 95 89 79 76 91 99 83 90 94 55 77 64 41 54 74 72 74 73 81 85 
255 255 253 236 209 164 140 127 123 89 50 35 35 35 29 22 28 85 202 186 156 186 214 210 215 217 213 203 199 199 197 193 172 170 157 156 145 140 147 149 118 114 97 72 68 80 83 88 95 87 87 91 101 98 89 64 51 80 93 91 99 100 101 86 
253 255 251 207 161 141 119 112 128 128 126 95 83 68 59 51 49 114 200 162 142 189 210 208 217 219 212 205 203 207 202 193 183 179 159 147 144 127 141 136 111 134 149 138 141 147 139 111 102 107 100 81 79 86 123 105 111 100 100 100 100 105 91 77 
240 254 255 246 190 113 103 132 135 128 108 104 103 94 93 84 88 134 194 151 124 193 214 212 217 219 217 209 205 193 174 168 179 177 168 150 124 95 109 140 161 173 180 175 159 141 99 73 87 65 134 142 106 92 80 106 118 110 93 100 103 100 86 72 
249 252 252 252 238 172 132 118 104 104 110 79 78 81 95 67 66 122 198 146 113 199 215 215 223 220 216 208 199 140 135 151 163 171 150 118 133 132 122 146 161 163 158 131 114 94 92 127 118 35 63 112 139 137 89 105 124 128 108 102 82 81 80 79 
253 252 243 228 210 198 151 124 131 108 95 81 91 87 96 75 67 113 194 140 127 206 218 219 224 219 215 210 213 191 147 99 99 135 147 153 148 130 126 131 122 94 69 63 107 133 82 113 86 49 70 104 157 140 79 101 103 99 100 90 68 83 88 80 
252 255 254 236 183 162 143 124 138 113 120 106 95 125 120 88 66 103 206 185 159 216 224 226 225 220 217 214 214 205 181 159 140 105 93 99 109 106 101 101 103 104 106 119 154 164 92 90 130 88 78 145 138 95 103 107 81 84 82 74 68 86 92 94 
247 255 254 252 245 238 196 155 144 111 107 101 122 151 150 99 57 102 201 194 180 217 214 221 224 221 218 216 218 204 194 183 112 73 84 97 107 111 106 100 99 94 91 81 75 82 70 88 113 87 82 135 88 63 113 92 74 80 82 88 83 82 96 98 
255 255 255 255 255 242 204 162 135 127 122 115 135 164 155 105 124 147 173 172 195 220 212 219 224 222 217 220 218 201 198 180 126 101 59 54 63 79 87 83 65 78 76 28 11 21 20 24 50 82 97 123 114 98 104 83 80 81 88 96 98 94 117 108 
255 255 255 255 242 220 157 133 140 134 118 111 135 176 170 120 120 135 164 160 180 219 206 215 224 221 221 219 221 198 198 194 167 133 114 106 100 102 103 115 148 135 52 3 9 26 36 46 71 67 82 122 106 90 73 78 77 75 86 104 106 108 127 152 
247 253 252 244 225 179 187 174 166 139 109 132 159 183 173 144 107 120 165 161 179 204 177 211 221 224 223 217 216 197 199 204 190 159 122 108 108 126 114 113 125 106 43 20 39 58 46 65 96 95 86 123 96 80 72 77 81 85 91 106 128 135 126 167 
200 199 204 195 167 145 161 163 161 135 143 178 159 182 170 148 114 142 171 177 156 126 151 219 221 221 219 201 187 196 199 199 176 167 137 138 129 124 133 123 97 85 73 61 67 56 68 57 89 74 80 100 85 71 84 96 99 94 95 109 137 159 139 167 
185 146 143 153 140 127 138 141 124 94 154 156 117 160 161 143 144 178 180 150 111 124 199 217 211 210 185 165 185 188 190 188 167 159 141 133 128 133 133 127 115 66 50 51 60 50 51 72 65 65 89 96 70 65 90 98 109 127 107 121 127 149 159 167 
161 140 123 120 137 146 135 128 91 101 149 160 141 131 168 211 200 194 160 113 116 152 193 221 212 158 154 146 150 178 191 187 171 158 148 133 126 139 140 137 132 115 85 63 55 57 77 88 93 83 90 88 71 74 93 104 125 152 142 125 135 131 148 164 
170 127 126 129 107 96 93 107 92 78 118 156 167 161 172 206 185 192 162 159 182 211 234 246 213 165 136 100 117 154 170 166 158 149 147 139 127 141 142 140 136 135 125 100 98 90 94 97 97 85 84 82 62 75 98 116 151 171 145 142 148 125 134 150 
166 155 154 131 75 54 85 72 82 103 151 159 173 179 167 166 167 165 162 176 194 207 217 226 162 140 120 94 122 139 155 149 144 141 140 143 126 126 140 139 137 128 116 93 102 117 119 93 89 84 78 71 70 85 103 131 137 133 125 133 141 141 149 160 
132 121 135 129 100 67 92 73 68 137 173 171 153 144 145 175 175 149 132 141 161 174 191 180 143 164 130 100 114 136 134 127 123 118 114 119 114 94 96 107 117 118 107 98 102 115 124 98 91 80 66 84 101 101 111 127 136 145 143 131 153 152 148 147 
133 96 117 145 138 119 116 135 152 163 152 121 122 141 154 167 180 133 147 123 118 149 177 154 171 219 189 100 105 111 117 140 133 117 110 109 106 98 80 61 57 62 63 66 71 77 81 76 75 76 74 81 85 85 88 89 97 103 101 101 113 113 106 106 
139 133 110 125 120 121 153 215 189 140 133 104 100 119 132 161 177 126 114 135 141 170 199 193 193 191 183 118 109 107 121 186 176 147 137 142 129 92 75 102 116 111 99 96 89 78 95 95 87 87 102 113 125 120 124 129 125 126 113 112 127 136 110 105 
98 103 95 114 108 82 164 217 162 118 122 109 130 158 183 216 211 159 139 126 128 131 144 125 111 138 137 83 81 132 173 192 185 158 129 106 83 93 117 129 124 111 105 101 88 88 111 129 105 100 136 137 138 135 127 139 138 137 134 133 130 132 118 120 
70 63 76 76 64 123 142 171 158 134 135 122 132 150 168 203 247 207 159 150 144 142 155 154 109 109 85 83 96 148 189 179 149 113 97 110 125 124 125 128 117 113 110 102 94 108 128 141 119 122 134 125 111 112 105 102 104 112 114 127 127 125 132 144 
54 31 19 16 28 107 105 101 107 76 114 130 140 142 140 151 207 168 114 122 128 140 154 157 123 67 58 73 95 114 128 119 126 141 146 136 135 134 130 128 122 126 122 113 106 109 123 126 117 120 120 121 127 127 121 124 130 146 142 152 154 138 140 157 
24 25 11 13 31 86 64 82 78 62 83 102 83 95 120 145 165 143 91 91 92 97 115 133 136 99 83 69 76 118 152 175 174 150 138 128 122 119 115 115 109 105 114 104 107 132 178 169 144 156 168 144 134 124 137 139 116 122 113 121 154 161 158 155 
15 22 22 41 70 90 94 118 87 99 94 83 51 44 68 152 178 163 123 111 99 97 104 118 126 97 102 100 89 128 138 133 134 136 133 132 129 134 129 124 102 92 124 131 157 157 158 158 157 166 165 124 130 144 158 151 125 116 113 122 154 173 156 153 
19 25 54 79 71 110 119 80 68 64 64 31 28 29 41 71 102 156 145 130 107 92 87 92 98 79 90 94 93 154 171 168 173 168 155 148 132 130 125 115 98 113 162 162 169 175 186 171 164 159 149 120 155 144 142 151 126 123 129 122 144 171 178 177 
93 103 103 75 103 133 121 95 70 23 30 54 71 76 79 76 85 147 144 117 126 110 92 80 113 85 133 74 88 137 154 142 148 154 155 151 136 117 107 110 138 151 178 168 160 182 196 164 150 142 130 130 143 143 136 123 115 122 125 133 152 184 166 145 
129 109 108 121 136 98 75 44 40 29 44 60 70 66 56 53 87 112 131 126 154 114 124 98 113 79 56 51 88 111 115 108 124 151 142 130 133 139 143 147 160 155 150 136 139 162 186 154 144 163 150 144 152 161 156 145 113 122 120 98 89 89 85 85 
93 94 133 124 92 54 21 20 20 29 49 55 52 45 40 60 96 53 100 119 132 127 113 121 122 54 64 70 78 104 100 102 95 122 136 133 163 183 202 217 213 192 183 155 155 156 173 158 164 179 158 147 164 149 143 124 88 79 78 89 120 146 143 116 
69 57 61 68 80 49 25 27 26 39 60 56 22 20 41 102 73 39 106 139 144 143 126 114 64 45 58 68 100 138 101 92 94 87 113 146 201 217 213 196 172 146 135 124 110 126 158 158 146 144 120 95 89 79 83 109 113 125 124 126 147 151 148 130 
124 60 23 47 46 14 7 15 28 41 60 52 38 27 55 117 91 95 126 134 159 153 122 78 65 58 57 58 59 74 102 111 92 103 121 142 141 134 157 157 133 121 114 102 98 89 107 98 90 95 109 125 115 120 128 146 139 126 128 134 141 143 136 127 
108 109 105 148 78 14 10 25 27 26 50 86 85 56 44 82 117 124 110 89 137 162 120 103 111 110 105 83 74 80 91 122 109 92 92 101 95 124 138 140 138 106 98 85 62 69 113 136 163 166 171 160 131 128 129 129 127 126 128 126 122 127 126 132 
113 124 119 173 89 22 30 56 24 21 29 36 34 53 92 125 144 149 127 117 124 128 111 94 92 98 116 124 109 107 106 81 69 61 109 95 115 150 153 152 120 93 89 52 40 83 145 174 178 153 142 130 129 126 113 119 115 117 114 113 116 126 130 117 
91 127 179 206 96 26 47 45 35 26 26 28 18 53 116 119 136 142 106 94 94 122 119 67 50 86 107 116 101 90 76 77 83 80 97 110 152 159 131 108 90 72 40 33 82 133 168 176 159 117 135 133 124 114 105 111 103 101 101 102 120 130 117 105 
73 122 183 172 62 53 32 21 48 31 20 38 15 43 135 115 103 111 117 94 103 138 144 105 97 111 111 104 115 124 136 138 138 139 121 101 101 117 113 106 92 61 60 118 162 179 185 176 146 109 119 111 111 107 99 102 100 105 101 107 131 129 110 111 
118 162 208 108 53 116 60 29 46 63 46 28 11 43 156 185 177 172 111 104 89 103 135 151 154 153 140 118 126 143 138 116 107 114 107 99 116 123 115 88 72 113 174 204 206 204 199 175 154 112 112 117 125 137 103 100 100 99 105 116 128 119 115 113 
209 217 207 94 87 127 84 85 82 64 43 16 4 11 71 157 189 118 64 92 113 102 101 115 129 129 127 116 106 128 116 112 96 105 119 127 116 90 74 92 147 203 210 215 220 210 192 180 132 107 126 136 131 114 108 107 100 105 110 115 125 118 121 118 
212 245 219 156 135 131 132 126 96 62 50 47 30 14 16 38 71 120 158 163 144 129 107 102 119 114 101 102 113 141 124 89 131 151 138 134 123 112 110 149 210 228 209 212 209 201 192 161 119 104 115 106 99 109 119 116 100 102 109 114 118 118 119 116 
217 229 204 185 125 105 102 97 83 67 64 61 51 42 46 42 11 30 105 176 168 144 145 139 126 104 86 108 141 131 126 92 149 145 144 134 122 117 114 152 205 229 212 203 198 185 151 136 133 101 92 93 106 121 119 117 99 98 110 121 116 119 119 122 
248 244 217 205 179 110 66 54 44 35 23 18 10 16 26 20 5 6 13 125 185 174 151 105 140 144 106 113 137 136 114 109 121 110 140 151 144 150 157 193 212 211 207 195 160 139 135 138 139 113 101 124 138 119 116 115 105 98 113 119 114 124 123 121 
254 249 225 251 245 178 107 58 35 22 4 2 0 0 2 2 0 1 1 48 135 135 147 101 146 183 148 125 143 148 110 107 127 129 140 155 186 207 217 223 217 205 170 129 117 118 127 135 145 115 123 161 147 120 114 111 110 97 119 123 118 130 123 114 
250 244 246 253 254 246 207 129 70 29 12 18 19 19 10 3 1 2 7 46 104 128 188 179 202 205 179 135 133 180 173 147 103 85 110 134 149 162 191 188 151 114 92 89 88 86 99 122 154 103 76 88 108 125 107 105 104 101 112 100 102 131 126 108 
245 237 253 255 255 255 245 238 191 116 82 92 125 105 66 39 22 17 21 55 109 114 200 224 219 195 169 144 117 157 201 143 115 91 96 114 120 124 144 171 175 154 125 104 95 90 95 116 119 97 78 43 65 121 104 95 101 107 101 91 111 136 137 119 
224 216 252 255 255 255 253 253 251 215 150 156 186 156 119 84 55 42 36 64 129 154 183 208 226 203 170 142 119 107 123 147 147 89 101 105 132 135 118 127 144 163 136 126 123 112 103 92 101 119 107 56 85 136 118 107 115 107 97 99 122 137 138 119 
220 229 254 255 255 255 255 255 255 251 207 184 189 171 164 140 111 86 68 85 125 170 180 179 188 207 210 181 147 109 127 166 143 80 119 107 131 150 156 170 178 181 157 103 98 110 120 122 137 142 140 130 125 127 112 113 112 108 106 107 117 132 122 112 
234 222 251 255 255 255 255 255 255 255 250 234 191 180 175 169 157 135 117 110 128 189 208 188 171 170 190 218 204 173 137 148 108 84 108 117 133 169 179 189 192 195 181 136 96 85 93 107 126 136 148 170 141 120 106 110 112 110 109 99 106 111 104 103 
213 209 238 253 253 255 255 255 255 255 252 242 200 183 182 171 170 165 159 142 135 192 223 215 182 163 164 170 158 169 137 95 78 98 110 122 137 172 185 191 191 192 185 160 108 79 91 110 140 159 178 179 146 122 109 116 116 111 102 94 102 107 100 101 
168 193 211 240 250 254 255 255 255 255 255 254 219 188 192 180 182 182 172 145 135 184 227 228 214 182 179 165 170 158 127 102 111 117 127 126 135 160 179 183 187 189 186 171 125 86 92 126 142 147 150 135 132 126 116 114 109 114 105 96 102 108 91 97 
192 185 176 187 223 238 245 252 255 255 255 254 212 189 195 187 187 189 168 144 151 183 222 234 232 228 204 182 157 146 146 141 123 119 118 109 106 116 162 172 179 179 183 176 143 112 100 115 108 101 109 116 122 125 121 114 109 113 108 103 102 101 86 93 
198 172 136 134 164 189 209 197 228 253 255 254 210 189 199 186 182 161 140 132 136 161 200 223 241 218 192 177 156 147 146 131 122 116 108 99 102 101 128 159 160 163 169 166 141 134 130 125 107 104 104 121 126 133 120 113 109 108 107 112 101 95 98 95 
200 185 161 135 153 190 202 178 143 160 203 231 189 170 182 180 176 151 129 115 115 135 161 188 225 215 185 167 166 152 146 138 125 113 99 92 101 97 99 146 142 151 162 141 130 162 148 122 109 105 112 129 141 129 118 109 112 104 105 111 107 100 111 103 
197 172 128 115 154 171 166 142 113 80 88 145 149 140 150 153 170 157 142 115 115 158 176 168 187 207 186 169 154 144 147 151 134 124 116 102 100 94 92 142 112 113 152 121 126 156 149 126 116 110 111 118 142 133 122 116 117 111 105 122 114 105 116 109 


255 253 212 157 146 174 160 139 130 100 99 69 39 43 68 73 69 26 59 93 97 66 94 129 133 124 120 115 98 97 101 143 176 166 179 195 190 178 128 148 163 92 138 150 143 152 186 196 176 159 180 218 224 216 189 174 182 157 175 179 132 114 132 131 
226 253 243 216 198 223 185 215 202 139 113 80 59 44 30 29 51 19 69 84 113 155 133 130 133 122 111 114 103 112 125 162 175 176 164 162 166 166 130 135 142 113 149 150 153 168 183 183 179 184 209 219 219 216 204 182 163 193 216 201 166 128 101 42 
188 250 252 225 245 251 238 238 197 183 190 158 95 84 74 63 44 16 74 81 82 99 136 128 140 124 107 110 102 108 114 125 139 139 140 152 159 152 135 130 144 176 171 162 153 145 178 200 205 203 195 196 198 195 185 141 143 194 205 191 183 135 43 25 
233 233 188 202 235 244 251 252 246 241 245 224 114 82 55 33 33 25 98 89 65 81 117 128 159 125 109 109 104 79 88 115 101 81 123 150 159 165 171 191 210 232 200 181 179 173 187 176 162 157 157 163 161 166 163 112 116 128 137 142 134 106 59 15 
209 219 146 226 243 241 254 254 255 255 254 207 103 55 37 19 6 26 87 103 128 165 141 149 172 123 110 105 95 83 74 84 109 138 152 171 208 221 222 215 214 224 202 177 186 191 180 172 156 131 128 128 136 155 142 106 116 130 135 135 132 50 15 7 
217 193 192 223 253 251 255 255 255 255 246 176 116 75 56 42 20 75 93 109 127 161 145 147 147 120 109 101 100 115 100 118 129 128 145 197 206 207 209 209 197 190 160 142 163 179 182 183 191 149 114 113 123 134 117 117 130 129 118 122 128 47 4 2 
147 116 192 252 255 255 255 255 255 254 217 153 134 119 93 55 77 111 105 104 125 154 144 128 127 120 111 85 90 105 103 98 88 78 109 176 188 187 176 156 144 135 119 120 138 168 172 174 185 172 142 133 128 132 138 117 96 89 101 119 79 11 3 2 
108 67 163 241 255 251 238 238 234 211 165 128 125 111 79 50 48 102 100 92 104 133 143 128 127 121 118 119 110 92 93 91 79 79 115 134 102 91 81 79 88 90 96 115 146 174 175 163 155 142 143 146 154 142 100 68 70 88 112 94 18 4 2 2 
109 145 141 235 255 223 97 84 113 73 62 81 90 77 56 58 49 89 88 72 79 107 141 143 143 123 120 110 105 110 97 83 80 104 120 98 93 119 136 160 174 188 204 213 200 194 191 174 161 141 130 109 107 115 117 60 67 98 95 70 19 6 3 2 
60 111 219 254 247 183 45 31 77 57 62 60 59 54 60 90 82 84 96 72 80 93 129 146 141 118 119 113 100 100 97 102 95 98 91 121 160 177 188 193 202 208 219 231 230 226 214 197 185 167 148 122 143 180 186 139 110 78 96 88 64 21 13 6 
122 203 243 253 225 121 30 39 75 69 60 36 34 42 70 90 85 80 89 111 97 109 129 142 133 118 116 114 107 94 99 109 105 88 89 68 73 106 113 122 135 148 163 176 194 220 225 209 193 183 164 155 166 176 170 131 133 122 89 69 79 17 15 18 
114 169 239 234 201 124 48 62 71 54 29 15 11 37 75 66 41 33 80 131 131 126 133 153 134 124 118 104 104 102 100 93 88 83 83 88 72 43 37 30 25 38 59 85 141 163 192 205 197 163 111 100 111 122 126 112 86 89 72 69 38 10 18 15 
176 205 247 241 228 155 92 59 64 59 23 10 9 30 61 67 55 21 66 137 129 121 142 158 134 125 112 100 102 103 97 91 88 75 57 52 72 74 50 40 27 32 53 110 158 159 155 156 152 116 67 55 62 84 107 111 83 70 74 64 26 20 30 36 
255 255 255 255 239 154 122 82 73 64 35 12 8 10 51 45 46 41 114 141 105 111 133 144 133 123 113 103 103 102 100 91 80 72 56 66 59 59 56 65 74 119 148 151 131 114 79 70 116 132 115 75 41 61 94 80 46 49 65 44 38 30 35 41 
255 255 251 219 168 89 71 81 80 47 20 10 8 9 9 5 6 42 132 114 83 108 134 143 124 118 112 101 105 102 95 91 77 83 70 72 56 56 58 54 55 107 93 66 47 48 47 62 98 102 106 111 78 60 74 56 38 74 79 27 25 16 13 12 
251 255 248 173 104 52 45 71 90 106 106 69 60 49 42 34 32 89 134 94 71 113 135 141 121 121 110 100 106 109 99 91 84 91 72 61 69 56 65 65 84 111 132 132 147 160 156 126 110 105 80 61 85 90 106 73 80 76 71 38 19 18 10 4 
225 254 255 241 163 58 57 87 98 104 80 77 79 73 75 68 71 108 129 75 52 117 141 145 115 115 112 99 104 105 92 80 78 83 82 85 84 48 72 134 174 190 200 198 189 172 125 90 96 59 124 136 101 113 86 88 94 89 66 55 43 31 21 12 
241 250 251 252 234 153 97 76 69 71 75 49 49 50 62 36 41 72 119 77 45 121 146 149 121 109 106 96 105 81 79 87 93 104 113 104 135 149 141 163 180 182 178 155 141 116 109 145 129 28 55 118 150 154 102 82 77 91 65 59 39 39 40 41 
250 250 241 225 202 180 116 88 92 72 65 58 62 53 59 44 40 57 109 72 63 130 151 148 119 106 104 101 108 99 78 62 73 119 148 172 178 164 157 157 144 112 84 80 127 152 100 130 97 42 68 117 168 140 61 39 18 27 23 22 16 32 38 37 
247 255 253 232 170 146 115 85 89 68 75 69 61 81 63 43 35 51 119 94 78 139 156 149 116 105 104 102 109 102 93 95 100 100 116 121 131 130 124 124 124 125 125 140 173 182 109 104 143 88 66 150 149 99 97 66 4 6 5 8 22 41 47 46 
238 255 254 252 243 235 171 101 77 59 51 50 66 88 81 37 24 54 120 107 98 141 151 141 119 112 108 108 115 102 88 99 113 94 111 122 135 143 138 133 131 123 118 105 97 104 80 91 122 84 35 65 72 72 123 54 3 7 15 34 35 32 48 56 
254 255 255 255 255 227 168 112 78 86 71 53 72 87 77 33 73 77 90 91 111 141 150 134 122 119 109 112 114 99 94 101 142 136 86 76 84 101 108 105 90 105 102 40 22 34 28 31 61 63 34 32 67 82 91 32 8 11 27 45 37 43 68 71 
255 255 255 254 226 184 100 78 85 94 79 55 68 80 80 56 77 67 80 77 95 140 150 133 125 121 112 111 115 98 95 93 107 137 145 139 132 130 129 140 173 165 69 4 20 48 49 55 87 69 63 81 35 18 11 11 10 12 34 55 58 74 95 126 
237 248 243 221 180 105 111 108 93 78 62 70 86 85 68 49 23 35 81 86 105 147 146 127 124 125 114 108 110 95 94 98 89 88 77 97 126 151 146 150 160 135 59 33 62 83 63 71 104 99 50 70 13 3 6 20 29 35 44 66 98 114 99 140 
136 136 139 118 94 67 72 73 76 75 81 106 84 79 63 48 27 80 145 168 166 143 123 131 126 127 123 126 124 101 98 107 85 72 58 47 52 71 123 154 143 130 109 90 93 73 87 66 92 60 25 14 6 3 26 53 59 51 60 74 110 141 121 145 
102 54 42 60 54 51 59 54 41 26 77 76 52 63 56 60 127 205 221 193 154 155 203 206 201 200 181 162 128 102 87 101 84 57 51 52 33 36 40 77 125 108 94 91 94 69 54 73 59 49 26 10 4 8 41 63 77 91 78 95 102 131 143 147 
65 56 42 21 34 58 52 47 16 25 88 146 144 89 103 196 232 238 199 154 153 184 221 240 228 180 171 150 128 111 92 97 87 63 50 47 34 37 24 30 48 62 63 67 76 82 67 39 41 31 14 5 3 18 50 68 99 124 107 100 115 111 125 139 
72 45 41 36 20 20 21 38 20 17 118 196 212 202 204 227 225 230 199 197 216 233 245 250 221 182 149 110 123 126 89 81 81 81 71 57 42 41 30 32 29 28 22 11 22 45 74 51 13 3 3 3 4 27 52 82 132 156 116 90 103 94 101 117 
69 60 56 51 14 6 15 15 26 85 171 197 217 220 205 204 204 203 201 212 226 234 239 240 182 164 133 102 127 119 71 60 56 62 69 78 55 48 48 39 24 19 11 3 8 19 25 17 8 4 2 6 17 42 62 103 114 113 101 85 62 68 99 135 
47 40 54 54 39 20 24 22 40 133 204 204 190 177 174 208 206 181 162 169 189 204 219 203 173 191 122 92 109 92 69 64 62 63 65 72 66 57 60 55 34 33 23 24 28 34 35 20 19 13 15 37 63 65 80 100 113 128 122 103 109 82 80 103 
34 24 38 73 62 32 32 87 132 156 165 135 140 159 177 198 206 161 175 143 134 172 201 177 196 235 194 83 54 38 46 70 68 54 51 53 50 44 46 50 40 36 34 36 39 43 41 40 42 42 43 52 58 60 66 66 75 82 81 81 96 88 72 73 
28 42 29 51 47 33 96 220 197 128 111 90 96 121 145 184 196 149 135 156 159 190 215 209 209 208 196 83 40 37 46 82 70 50 41 48 56 52 42 39 38 28 22 19 18 18 33 36 40 49 70 88 103 99 104 108 105 104 89 91 106 118 89 72 
22 24 22 34 36 26 146 227 154 86 90 98 140 182 210 232 224 183 158 147 150 153 166 144 129 163 148 56 55 54 81 83 76 65 61 63 47 33 28 31 28 15 10 10 6 21 59 76 58 68 116 119 120 116 109 124 123 122 119 119 113 112 88 78 
13 7 16 21 19 46 78 161 151 108 132 143 166 189 206 225 249 220 177 170 167 167 182 180 126 118 84 74 92 93 94 87 79 68 54 45 40 29 29 37 23 16 19 18 21 59 95 106 90 106 119 108 94 97 89 86 89 94 95 107 102 66 59 74 
7 4 2 2 7 35 30 41 56 36 99 148 167 174 172 182 226 184 136 145 154 168 184 188 144 70 58 74 99 115 87 68 66 65 54 41 49 57 54 59 58 68 74 75 75 87 104 109 99 104 103 102 109 110 100 102 109 127 123 134 132 82 64 85 
3 3 1 1 5 19 10 19 10 7 22 47 68 106 134 163 192 171 115 114 115 124 146 168 167 118 94 74 81 108 89 96 98 84 83 84 82 78 73 67 56 54 62 50 63 103 154 152 126 140 154 125 114 102 117 119 87 99 91 98 129 124 92 93 
1 2 3 6 15 22 24 37 17 23 20 16 7 11 33 110 174 190 148 134 123 123 132 157 161 123 124 122 97 98 95 92 86 76 64 54 49 50 44 39 15 29 73 96 133 135 133 139 143 153 153 104 109 123 142 134 100 96 93 104 129 122 106 128 
2 4 12 16 12 38 41 15 10 11 8 3 4 5 9 31 81 173 170 155 135 122 115 121 117 107 103 117 105 89 91 84 84 76 58 53 43 41 33 25 24 59 132 146 152 154 166 156 150 144 135 97 135 126 124 134 106 105 109 95 94 120 147 154 
27 36 30 13 29 53 42 22 12 2 2 5 13 17 19 16 35 138 166 121 141 132 104 92 97 100 109 98 81 66 88 97 124 83 63 60 49 28 22 34 97 121 153 148 139 156 175 146 135 123 111 108 122 126 117 103 91 101 100 86 109 147 143 127 
43 33 30 45 49 26 20 6 4 3 3 4 6 8 11 11 64 106 149 128 146 106 96 96 126 110 80 88 61 13 27 63 114 69 53 45 58 98 130 142 161 153 139 119 120 140 164 134 126 148 132 125 134 144 138 126 91 104 95 74 72 69 65 72 
29 28 51 46 22 4 2 2 1 2 3 3 5 4 7 52 90 46 108 131 133 116 84 107 137 94 99 111 90 28 5 5 16 41 52 81 154 191 206 213 206 184 172 139 137 134 148 137 146 167 142 129 153 135 129 112 70 62 57 68 95 115 120 123 
43 23 19 28 47 7 2 2 1 2 4 3 2 2 11 103 89 49 111 171 182 181 161 150 106 85 86 95 126 131 31 14 32 58 106 157 207 221 216 203 182 155 141 130 107 114 135 137 130 132 106 79 74 59 60 87 90 103 104 102 119 126 132 121 
106 28 10 34 22 2 1 2 2 3 5 7 11 14 28 113 115 129 148 168 192 194 162 121 106 92 87 82 79 94 99 109 113 131 150 166 164 155 174 175 152 141 133 114 102 86 87 74 63 67 81 99 89 97 104 124 118 98 101 101 110 117 109 101 
71 46 76 150 54 2 2 2 2 2 5 43 46 26 24 82 127 150 148 112 132 175 162 148 152 149 132 112 112 118 114 141 136 117 107 112 107 142 156 161 162 130 113 77 54 51 82 109 143 149 157 146 105 96 95 98 97 94 98 87 81 84 80 87 
56 57 97 178 73 3 2 3 2 2 3 5 4 45 121 163 187 194 180 167 170 173 155 135 130 134 141 135 122 114 130 95 72 62 101 93 121 167 176 175 141 106 98 56 37 79 141 175 177 138 119 105 95 70 50 72 65 68 64 58 63 72 77 57 
28 89 185 211 81 4 3 3 2 2 2 2 3 62 163 170 178 186 158 134 141 165 153 100 78 114 138 151 137 108 89 84 91 89 108 127 168 175 149 123 103 89 65 54 96 154 196 206 189 125 106 97 69 39 29 44 32 30 30 37 66 68 54 39 
31 110 184 176 45 22 3 2 3 3 2 3 2 42 179 168 135 137 162 107 84 123 132 115 112 130 139 142 152 153 139 138 154 160 146 124 114 124 120 113 101 78 89 150 196 213 217 213 187 115 101 86 61 35 17 26 27 33 31 48 77 64 48 43 
106 164 207 92 20 60 21 3 5 8 3 2 2 43 203 231 218 209 161 150 66 40 67 88 103 115 126 134 152 160 136 82 109 125 122 111 124 131 124 101 91 140 204 238 244 243 239 221 190 113 128 139 145 127 33 25 26 28 42 61 75 49 43 42 
207 216 203 73 71 101 46 22 14 4 2 2 1 8 99 200 228 149 102 140 143 93 71 71 80 83 91 103 106 126 128 119 111 118 130 130 126 108 96 116 171 227 242 249 251 247 234 221 164 127 144 156 150 117 51 38 28 39 48 50 75 48 47 40 
208 245 214 132 111 110 102 59 22 4 3 5 4 3 7 34 95 147 193 208 188 171 143 126 124 110 104 86 78 130 147 111 156 175 162 158 148 137 136 176 227 245 238 247 245 241 231 196 145 121 129 117 100 89 51 40 21 30 39 39 61 56 45 36 
211 223 179 133 67 50 60 43 18 7 10 11 8 9 12 11 4 34 140 229 216 186 170 157 141 119 102 89 87 99 139 102 185 173 153 147 146 141 139 178 226 246 240 237 234 220 183 166 167 122 93 90 84 60 44 38 19 19 31 38 48 54 47 49 
243 235 188 172 147 65 26 16 8 6 5 4 2 4 7 5 1 2 19 163 218 178 145 113 162 159 122 118 109 133 142 139 164 132 118 123 144 167 176 216 236 238 236 225 192 171 169 174 179 134 92 87 60 37 33 28 17 11 31 37 38 56 51 50 
253 246 212 248 236 151 74 24 7 5 1 1 0 0 1 1 0 1 1 48 152 143 142 101 154 199 165 138 148 157 131 142 174 181 183 184 205 230 238 243 241 231 201 162 152 156 166 175 185 126 67 71 51 24 24 22 20 9 32 41 44 56 43 36 
248 241 241 252 254 243 198 106 40 10 4 4 9 10 4 1 1 1 2 15 110 155 197 184 208 214 196 156 142 173 171 152 120 119 154 179 195 205 226 216 180 143 119 116 119 123 140 163 192 91 25 34 35 29 14 17 16 16 23 10 28 48 38 29 
244 237 253 255 255 254 244 237 181 99 60 61 94 78 41 20 9 6 8 10 84 146 213 228 226 207 184 162 134 154 176 108 91 99 121 149 154 159 181 206 208 183 147 122 116 117 135 156 149 92 40 13 13 27 16 9 11 20 15 12 37 47 43 30 
220 216 252 255 255 254 252 253 251 213 143 138 155 126 93 62 39 27 19 14 95 181 207 217 227 213 187 156 133 108 83 110 117 85 103 137 169 168 150 163 185 197 165 153 149 138 135 123 124 139 117 38 20 46 30 18 32 24 12 21 44 49 44 22 
219 231 254 255 255 255 255 255 255 251 205 170 159 139 133 111 88 66 45 27 71 166 204 208 206 210 210 185 154 110 95 134 92 45 112 121 170 190 192 207 223 219 188 128 116 131 144 149 161 166 168 135 46 39 24 21 27 16 19 26 42 50 35 21 
234 214 249 255 255 255 255 255 255 255 250 227 165 150 145 137 126 105 86 53 52 113 158 205 198 189 195 207 193 159 98 97 42 43 99 88 148 210 220 229 240 237 217 170 113 98 110 125 145 158 173 194 84 24 17 18 16 21 24 18 34 32 28 22 
204 187 229 251 252 255 255 255 255 254 252 238 176 154 151 139 135 128 118 82 56 110 131 167 191 186 181 176 140 137 80 31 43 72 93 77 124 207 226 232 241 239 227 197 131 90 107 132 161 178 197 186 66 26 18 23 20 19 9 9 26 27 19 15 
154 183 201 238 250 254 255 255 255 255 255 252 198 160 164 151 147 134 107 67 50 104 135 154 186 183 164 163 159 143 110 76 87 95 101 82 107 181 221 229 235 239 231 212 153 96 103 146 168 162 136 68 34 29 25 22 14 18 7 9 21 25 9 9 
154 135 129 183 231 243 247 253 255 255 255 252 192 164 170 159 139 118 90 62 70 113 138 163 178 168 147 141 112 107 104 88 70 73 77 57 55 92 194 217 228 230 233 221 174 125 109 129 125 67 20 19 20 17 26 22 15 23 14 15 15 15 7 15 
148 102 89 128 167 193 212 198 229 253 255 253 189 164 173 148 118 85 63 54 62 95 126 150 175 146 130 128 105 95 93 75 65 61 50 40 47 47 113 197 211 216 221 212 172 107 102 134 118 93 20 23 31 33 24 23 21 25 21 31 14 11 12 19 
137 122 139 119 153 190 200 168 135 157 203 228 164 140 153 136 111 78 51 40 50 69 87 115 152 147 125 114 115 98 92 87 70 53 36 27 41 27 46 170 182 199 207 171 131 108 67 65 61 44 20 29 41 33 27 23 27 19 20 29 20 11 23 18 
120 102 84 82 157 176 167 139 107 59 56 105 99 94 103 102 105 89 73 58 68 103 103 86 99 129 123 115 100 88 91 102 83 71 60 41 38 30 41 158 106 96 167 102 49 77 65 36 22 15 9 12 38 42 37 34 34 27 21 43 27 17 29 22 