


57 60 63 66 69 71 73 76 78 79 78 78 80 83 86 88 90 91 92 94 97 100 105 110 115 120 124 127 129 130 131 133 135 136 134 132 130 129 129 130 130 130 131 130 129 126 125 123 121 119 116 113 111 108 104 98 90 86 82 80 80 80 77 75 
74 77 80 82 84 86 87 89 91 91 90 89 90 92 95 99 103 107 111 115 118 121 126 130 133 136 139 141 142 143 142 143 144 144 143 140 138 137 137 137 137 138 138 138 137 136 135 134 134 134 133 131 130 130 128 124 118 112 107 102 100 97 95 95 
86 87 89 89 90 91 92 93 94 94 93 94 98 104 111 118 123 127 130 132 134 135 138 140 141 142 144 145 146 145 145 145 145 145 144 141 139 139 138 139 139 139 139 139 139 138 137 137 136 136 136 136 137 137 136 135 133 131 129 126 122 117 111 106 
87 88 88 90 91 91 92 94 95 99 105 111 118 124 130 134 137 137 137 137 138 138 139 140 141 142 144 145 145 144 144 145 145 145 143 141 140 140 139 139 139 140 140 140 140 139 138 138 138 138 138 138 138 138 139 139 137 135 135 136 135 134 131 126 
86 88 88 91 92 93 96 103 111 119 125 130 133 135 137 137 138 138 138 138 138 139 139 139 140 142 143 143 143 144 144 144 144 143 142 141 141 140 140 140 140 140 140 140 140 139 139 139 139 139 140 141 141 141 141 141 139 136 136 137 138 139 140 138 
88 89 90 91 95 102 113 122 129 133 135 136 137 137 138 138 139 139 139 139 139 141 141 141 141 141 143 143 143 144 144 144 144 142 142 142 141 141 141 141 141 141 141 141 140 141 140 140 140 141 143 145 145 144 143 142 140 138 138 139 139 140 140 140 
90 91 93 100 112 122 130 134 136 136 137 137 138 138 139 139 140 140 140 141 142 142 143 143 143 143 143 143 142 141 139 140 139 138 137 136 136 135 135 135 136 136 137 137 137 139 139 140 141 143 145 147 147 146 144 143 141 139 138 138 140 141 142 140 
92 97 108 120 129 134 136 136 137 137 138 138 139 139 140 140 141 141 141 142 142 142 141 140 138 136 133 131 128 125 122 121 121 119 118 117 117 116 116 116 116 116 117 119 120 122 124 127 131 136 141 145 147 147 145 144 143 140 139 139 141 142 142 142 
100 113 126 134 136 137 137 138 139 139 139 139 139 141 142 143 143 142 142 138 135 131 127 124 122 118 115 111 109 107 107 106 107 107 107 108 108 108 108 107 107 108 109 110 110 109 109 109 112 117 122 127 132 137 140 143 143 141 140 140 141 142 143 142 
117 130 137 139 139 140 140 141 142 142 141 141 142 143 143 142 139 134 129 122 118 114 114 116 118 117 113 110 107 106 106 106 106 106 107 108 109 109 110 110 110 111 113 115 115 114 112 111 112 113 113 113 112 114 122 130 137 140 141 142 142 142 142 142 
131 137 140 140 141 141 142 143 144 144 144 144 144 142 138 131 125 120 117 114 114 113 116 121 124 123 117 111 108 107 106 107 107 108 108 108 110 110 111 111 111 113 115 117 118 118 116 115 115 117 116 115 112 110 110 112 119 130 139 142 143 143 142 142 
138 140 141 143 143 143 143 145 146 147 147 145 140 132 123 120 121 124 124 122 118 115 117 123 126 126 121 114 109 108 107 109 110 109 110 110 111 111 112 112 112 113 116 118 120 120 119 119 120 121 120 118 115 112 109 109 108 114 130 140 143 143 142 142 
140 142 143 144 144 145 145 147 148 149 148 141 129 121 120 124 129 133 133 128 120 115 116 124 129 129 124 116 111 109 108 109 110 111 111 111 112 113 113 113 113 113 116 119 121 122 122 122 124 125 124 122 119 115 111 110 109 108 121 138 143 143 142 140 
142 143 144 145 145 146 146 148 150 151 146 135 124 123 126 131 136 139 138 130 121 114 117 125 131 133 127 119 113 111 109 109 110 110 111 112 113 114 114 114 114 114 117 119 121 123 124 125 127 127 127 125 123 119 115 112 110 109 120 138 144 144 142 140 
143 143 144 145 146 146 147 149 152 152 145 133 129 130 133 135 137 140 138 130 121 114 116 126 134 136 131 122 116 113 113 111 110 109 110 112 114 115 115 114 114 115 117 120 122 123 126 127 129 130 129 128 125 121 116 113 112 113 128 142 144 144 142 140 
144 145 146 146 146 147 148 151 154 154 146 136 135 135 135 137 136 137 135 129 121 115 117 127 136 139 135 127 119 117 116 114 112 110 110 112 114 116 116 115 115 115 117 119 122 125 128 130 131 132 131 130 127 122 118 114 114 123 140 145 145 144 143 141 
144 145 146 147 147 148 149 152 155 157 151 140 137 136 135 134 132 133 132 128 123 117 118 128 137 141 137 130 121 118 117 116 114 111 111 112 114 116 115 115 115 116 117 119 122 126 130 132 132 133 131 130 128 123 119 117 126 140 146 146 145 144 143 141 
140 145 147 148 148 149 150 152 155 157 155 147 138 134 133 129 127 128 129 128 124 118 118 126 136 140 138 131 124 118 117 117 116 113 113 113 115 115 113 114 114 115 117 119 123 127 131 133 133 132 132 131 129 126 127 134 143 147 147 146 145 144 144 141 
130 143 148 148 149 150 150 152 154 157 158 155 146 138 131 126 123 125 129 129 127 122 119 125 133 138 136 130 124 120 119 119 119 117 115 114 113 112 111 112 113 115 117 120 125 130 133 134 132 130 130 133 138 142 147 149 149 149 147 146 145 144 143 141 
117 130 143 148 150 151 151 152 154 156 158 158 157 152 143 134 128 128 131 132 130 126 124 127 132 133 131 126 123 122 122 122 121 119 116 113 111 109 109 110 112 115 118 122 128 132 135 134 133 135 141 149 154 156 155 153 150 148 146 145 145 142 135 123 
116 119 127 140 148 151 150 152 154 156 157 159 160 160 158 154 148 143 140 138 135 131 130 131 131 130 126 123 122 123 122 121 120 118 116 114 112 110 110 111 113 117 123 130 136 143 147 148 150 152 154 156 158 158 156 154 151 148 146 142 134 123 112 106 
116 118 120 124 132 142 148 151 153 155 157 159 160 161 162 161 159 157 156 154 151 148 146 144 142 138 133 130 130 130 130 128 128 127 127 127 127 127 128 131 136 141 146 152 156 159 159 157 156 154 155 157 158 158 156 154 148 140 129 118 112 108 107 106 
118 119 120 122 122 125 130 138 146 152 156 159 160 162 163 162 161 160 159 158 158 157 157 156 155 154 153 152 152 153 153 152 151 151 151 150 150 148 147 149 150 152 155 158 161 161 160 157 155 153 154 155 156 153 148 138 126 116 110 109 109 108 108 107 
120 120 122 123 123 123 123 124 128 135 144 151 157 161 163 163 163 161 159 157 157 156 157 156 155 154 153 155 156 157 157 156 156 155 154 153 151 149 148 148 150 153 156 159 162 161 158 154 149 144 140 138 137 136 130 122 115 111 110 110 110 109 107 106 
120 121 123 124 123 124 124 125 127 130 133 137 141 147 152 157 158 157 156 154 155 156 156 155 154 152 152 154 155 157 158 158 157 156 155 154 152 149 146 146 147 147 150 152 154 150 143 132 124 119 120 124 129 130 126 119 113 111 111 111 109 108 107 107 
123 123 123 122 123 124 125 127 130 131 132 133 137 142 147 152 152 148 143 139 141 142 143 139 135 133 134 136 139 143 145 146 146 145 141 137 131 124 120 118 119 124 133 140 143 140 132 123 118 117 118 122 126 127 123 117 113 112 111 110 109 108 107 106 
127 125 124 122 122 124 129 133 135 136 137 137 141 148 153 159 159 153 146 143 144 144 142 135 123 119 119 120 124 131 137 141 143 143 139 133 125 116 111 112 116 126 136 143 144 140 132 125 122 121 122 126 128 129 127 124 122 121 122 120 110 108 107 106 
131 129 127 124 122 125 131 137 141 143 144 144 147 154 160 165 167 162 154 149 148 147 147 142 135 132 132 134 138 144 149 153 156 156 153 150 145 140 138 139 142 148 154 157 157 155 151 148 146 144 145 147 147 148 147 145 145 145 143 126 109 108 107 105 
133 133 129 125 124 125 139 152 156 157 159 159 161 165 170 174 176 174 169 162 160 159 159 157 155 153 152 154 155 157 160 162 162 162 160 158 155 152 150 150 152 155 158 160 160 157 153 151 150 148 148 148 148 148 147 146 146 146 134 112 109 109 107 106 
134 133 130 127 126 127 137 156 160 161 162 162 163 166 169 174 177 175 170 164 160 158 157 157 154 153 152 154 155 156 158 158 159 158 156 154 152 150 149 148 149 151 152 153 153 149 146 143 141 140 138 137 137 135 134 133 131 129 114 107 103 98 92 85 
133 132 130 128 129 130 134 151 159 160 160 160 161 163 165 169 172 172 168 163 159 156 152 147 142 139 138 139 141 143 145 147 148 149 149 148 149 150 149 150 150 151 152 153 152 149 145 143 141 137 134 132 129 126 122 116 106 93 80 69 62 57 53 53 
128 126 125 126 131 136 138 142 147 149 152 154 156 158 160 164 166 167 165 161 158 157 156 154 151 148 149 152 155 158 161 163 165 166 166 166 165 164 164 164 163 163 163 163 163 162 161 161 159 157 155 155 154 153 152 149 143 137 129 118 104 88 73 63 
97 96 100 113 130 143 148 144 138 133 133 136 141 145 152 162 168 168 165 162 159 157 157 157 157 156 155 154 154 154 155 156 157 158 158 159 160 160 160 159 158 158 158 159 158 159 158 157 157 156 155 155 154 154 154 153 152 152 152 151 151 148 142 132 
47 44 52 84 121 148 160 148 134 128 136 150 160 164 166 168 170 170 169 165 162 160 160 161 160 159 157 155 153 153 152 153 153 153 153 154 153 153 153 152 152 152 152 153 155 155 155 156 155 155 154 153 153 153 152 152 152 152 151 151 151 150 149 146 
42 40 44 77 115 141 156 158 160 163 164 164 164 164 164 166 168 168 168 165 163 161 162 164 164 163 162 160 158 157 156 155 155 154 154 153 152 151 151 149 148 147 147 147 149 149 149 149 149 150 149 149 150 150 151 151 151 151 150 150 149 148 147 145 
42 42 42 57 99 149 165 167 165 163 162 162 162 161 162 163 165 166 165 163 161 159 160 161 163 163 161 159 157 156 155 155 155 155 154 154 153 151 150 148 146 146 145 145 147 147 147 146 146 146 145 145 145 147 149 150 149 149 149 149 148 146 145 144 
46 45 46 51 118 159 162 161 160 158 155 155 155 155 155 156 157 158 157 155 153 152 152 153 154 155 154 152 150 150 150 150 149 149 148 148 148 147 147 145 145 144 144 144 145 146 146 146 145 145 144 144 145 147 149 149 147 148 147 146 145 143 135 121 
46 46 47 49 89 141 156 157 156 155 150 149 149 149 150 151 152 153 152 151 150 149 150 151 152 152 152 152 151 150 150 150 150 149 149 149 148 149 147 146 146 144 144 145 147 148 148 148 148 147 147 146 147 148 147 147 146 142 135 125 107 85 64 50 
42 42 42 42 45 63 95 123 140 148 150 151 152 154 154 155 155 154 154 152 152 152 153 154 156 157 157 157 156 156 155 155 154 152 152 152 151 150 148 146 145 144 143 144 144 145 146 146 145 144 142 140 136 129 120 108 94 79 66 55 45 41 40 39 
37 36 35 36 41 44 45 47 57 73 97 140 150 152 152 153 152 150 149 148 148 149 149 150 152 153 155 155 152 152 152 152 151 149 148 147 147 146 143 140 137 135 134 136 139 141 141 140 139 133 94 65 57 51 47 45 44 45 46 44 41 40 40 40 
36 34 36 45 60 75 77 63 51 45 55 114 142 142 141 140 137 132 129 126 126 125 124 124 124 126 126 123 117 112 109 106 101 93 86 83 83 77 67 58 51 47 44 72 127 134 134 133 131 87 16 6 6 7 7 8 10 11 13 15 14 17 19 22 
42 39 41 56 77 94 98 83 66 49 45 60 69 64 59 51 37 29 25 22 22 20 19 17 20 32 45 44 33 26 29 33 28 14 5 9 23 19 5 1 1 1 12 86 128 130 131 130 101 24 1 1 1 1 0 1 1 0 0 0 0 1 2 2 
49 44 41 47 59 66 62 42 22 11 8 10 17 23 27 26 13 3 1 1 1 1 1 1 8 28 44 47 43 39 42 47 46 34 20 27 38 37 15 2 1 3 51 118 127 128 128 112 39 3 1 1 1 0 1 1 1 1 0 1 1 1 1 2 
33 20 11 8 7 5 3 2 1 0 1 11 26 38 42 39 29 12 2 1 1 1 2 2 6 29 47 52 50 46 48 54 55 47 38 38 41 36 14 2 1 14 77 99 99 98 94 50 5 1 1 1 1 1 1 0 0 1 1 1 2 1 1 2 
14 4 1 1 1 1 1 1 2 1 3 17 35 46 50 46 37 23 10 6 6 7 9 10 19 43 59 67 66 64 67 75 79 76 70 67 67 63 49 45 44 47 57 61 64 63 31 4 1 1 1 1 1 1 2 1 1 1 1 1 1 1 2 2 
49 34 14 2 1 2 1 1 2 1 6 26 49 86 104 103 98 93 90 89 89 90 93 98 106 118 127 132 132 131 133 137 139 138 133 128 125 120 113 107 102 97 95 93 91 70 19 1 2 1 1 1 1 2 1 1 1 1 1 1 2 2 2 2 
73 61 40 12 1 2 1 1 2 1 9 32 56 101 133 132 124 116 109 103 99 94 91 92 97 105 111 114 111 109 113 118 121 119 111 102 96 90 84 81 79 76 76 77 60 16 1 2 2 2 1 1 1 1 1 1 2 3 6 9 12 16 21 26 
91 78 57 25 4 1 1 1 1 1 10 32 53 79 120 129 124 118 115 112 110 109 108 109 113 117 119 118 114 114 120 126 126 121 111 99 91 86 80 75 70 65 61 57 34 7 3 4 5 6 7 9 13 16 19 24 29 34 39 42 44 46 45 44 
136 126 105 73 42 26 20 15 12 11 16 32 52 74 108 124 125 124 123 121 118 117 116 115 116 115 112 104 94 91 97 101 97 84 63 45 34 31 27 24 22 20 21 21 23 27 30 31 33 35 37 39 43 46 47 48 49 49 48 48 47 47 47 46 
143 141 129 109 86 66 56 48 42 41 45 56 72 89 101 106 103 95 87 79 69 64 62 67 77 86 91 92 94 100 113 122 124 120 112 105 102 99 94 89 84 78 59 36 31 33 35 36 36 37 39 43 47 48 48 48 48 48 47 47 47 47 47 46 
116 118 112 103 97 81 69 54 38 31 32 39 52 64 80 105 117 115 109 103 95 91 88 89 93 96 96 94 93 96 105 111 110 104 97 94 95 95 95 93 90 77 48 28 24 24 26 26 26 26 27 33 44 49 50 50 50 50 49 49 50 50 50 48 
89 98 99 106 109 95 72 48 27 17 19 24 32 43 62 93 120 124 120 113 102 94 91 89 90 93 98 99 99 99 98 98 95 88 82 79 84 99 108 107 98 69 40 34 34 34 36 38 41 44 49 53 60 62 63 64 64 65 65 66 66 66 65 63 
100 107 105 111 113 98 78 56 34 26 26 29 34 42 55 81 118 133 131 121 94 72 67 66 66 83 109 119 118 105 79 66 64 61 59 60 79 107 118 115 98 73 62 64 66 68 70 73 76 78 79 80 81 81 80 80 80 79 78 76 75 74 72 68 
96 102 102 97 93 86 78 70 64 61 61 62 62 64 66 74 98 117 118 112 90 69 66 67 67 80 98 106 103 93 76 69 69 69 69 70 77 87 89 85 78 72 70 70 69 68 67 66 65 63 62 60 59 58 55 54 53 52 50 48 46 45 42 40 
84 84 85 84 83 82 81 80 79 77 76 75 73 72 70 69 71 74 73 70 65 61 59 58 56 56 56 55 53 51 49 48 47 45 44 43 42 43 42 41 40 39 39 39 39 39 39 40 40 40 41 42 43 44 44 45 47 47 48 49 50 50 50 49 
50 48 48 47 45 44 44 42 41 40 40 41 40 39 39 39 39 39 38 39 40 40 41 42 43 43 45 45 47 48 49 50 51 52 54 55 57 59 61 62 63 65 66 66 68 69 71 72 73 74 75 75 76 77 76 76 76 76 77 77 75 73 72 71 
47 48 50 51 53 54 56 58 59 60 62 64 66 67 69 71 72 73 74 76 77 78 78 80 81 81 82 82 83 83 83 83 84 84 84 84 84 84 84 84 84 83 83 83 84 84 84 83 80 79 79 77 77 76 76 75 73 73 73 72 70 69 67 66 
83 83 84 85 85 85 86 86 86 87 86 85 86 85 85 85 85 85 84 83 82 80 79 78 78 77 76 76 75 74 74 74 75 74 72 71 73 72 69 67 66 66 73 80 88 93 91 82 70 62 63 64 65 65 65 65 64 64 64 63 63 62 61 61 
72 72 71 70 70 69 69 69 69 68 67 65 63 61 59 56 53 50 47 45 42 39 36 36 36 38 40 40 41 45 50 56 61 61 58 57 58 58 55 52 51 53 67 81 96 104 100 86 67 57 60 62 63 64 64 65 64 64 63 63 62 62 61 61 
45 45 46 46 47 48 49 49 52 53 52 51 46 45 43 39 35 31 27 25 23 21 20 20 23 27 31 32 32 38 48 57 63 65 61 58 57 57 54 52 50 52 66 80 94 103 99 86 67 57 60 62 63 64 64 65 63 64 64 63 63 63 61 61 
38 40 42 43 44 45 47 48 49 50 50 48 43 43 43 41 39 35 31 29 27 26 25 23 26 32 34 36 36 39 46 58 66 68 66 60 56 56 54 52 49 49 62 77 92 101 98 86 67 56 59 61 63 64 64 64 63 63 63 62 61 61 60 59 
38 38 40 41 42 42 43 44 45 45 44 43 42 43 43 42 39 37 34 33 32 30 28 27 28 33 36 37 38 39 44 56 63 65 63 56 51 50 49 47 45 44 59 74 88 98 96 84 66 54 57 60 63 63 64 64 63 63 62 61 61 61 60 59 
35 36 37 37 37 37 38 39 39 40 40 39 38 39 39 38 36 35 33 33 32 32 31 30 31 34 36 38 39 40 42 49 54 56 55 51 49 49 50 51 51 52 65 76 87 95 95 83 65 54 57 60 62 63 62 62 62 63 63 62 62 61 60 59 
35 36 38 38 40 41 42 44 45 47 47 47 48 49 50 52 52 54 55 56 58 59 61 63 63 65 67 69 71 72 74 77 79 81 81 81 83 84 86 87 87 88 92 95 94 95 93 82 65 54 56 59 61 62 62 62 62 63 63 62 62 62 61 60 


39 37 36 35 33 31 30 30 30 27 24 20 19 20 22 24 23 22 22 25 29 37 47 58 68 79 88 97 104 110 115 120 124 127 127 127 126 126 127 127 127 127 127 126 124 120 116 112 107 102 95 87 79 69 58 47 36 28 22 21 22 23 23 24 
22 21 21 20 20 19 19 21 22 21 19 16 17 19 23 29 37 47 58 70 83 95 106 116 124 130 135 139 142 143 144 145 146 147 146 145 144 143 143 143 143 144 143 143 143 141 140 139 138 137 135 133 130 125 117 108 95 80 64 50 37 29 24 22 
18 17 18 18 18 18 19 21 22 22 21 23 31 46 63 81 97 111 121 128 134 137 140 143 144 145 146 147 148 148 148 149 149 149 148 147 145 145 144 145 145 145 145 145 145 144 143 143 143 143 142 142 142 142 141 140 137 132 125 114 98 79 58 40 
17 16 17 16 17 17 19 21 26 35 50 69 90 109 123 133 138 141 142 143 143 143 144 144 144 145 146 147 148 148 148 149 149 149 148 147 146 146 145 145 145 146 146 145 145 145 144 144 144 144 144 144 144 144 143 142 142 141 141 139 138 132 120 101 
17 16 17 16 17 19 26 43 67 91 112 126 135 140 142 143 144 144 144 144 144 144 145 145 145 146 147 147 147 148 148 148 148 148 148 147 147 146 146 146 146 146 146 146 146 145 145 145 145 145 145 145 145 144 144 144 142 142 142 142 142 142 142 139 
17 17 18 18 26 46 75 104 124 135 140 142 142 143 144 144 145 145 145 145 145 144 145 146 146 147 147 147 148 148 148 148 147 148 148 147 147 147 147 147 146 146 146 146 146 146 146 146 146 146 147 147 147 146 146 145 144 144 143 142 142 143 143 143 
18 19 24 42 74 106 128 138 141 142 142 143 143 144 145 145 145 146 146 146 146 146 146 146 147 146 146 144 143 141 139 137 134 132 131 129 128 127 126 127 127 129 131 133 136 138 140 142 144 146 148 148 148 148 147 147 145 145 144 143 143 143 144 143 
21 30 60 98 126 138 142 143 143 143 144 144 145 145 146 146 146 147 147 147 146 144 141 136 129 120 111 102 94 85 78 72 66 62 59 56 54 53 53 54 55 57 60 65 71 77 85 95 107 119 131 139 144 147 147 147 146 145 145 145 144 144 144 144 
38 73 114 135 141 142 143 144 145 145 145 145 145 145 147 146 147 145 140 132 119 103 86 71 58 46 39 32 28 25 23 22 21 21 21 21 21 22 22 23 23 23 24 25 26 27 28 31 36 46 60 77 97 117 134 143 146 146 145 145 145 145 145 145 
83 120 139 142 143 143 144 145 146 146 147 147 146 146 146 142 131 112 88 65 46 34 27 24 22 21 21 20 20 19 19 19 19 19 20 21 22 22 23 23 24 24 26 28 28 28 26 25 25 25 27 28 34 46 69 100 128 142 145 145 145 145 145 145 
123 140 143 143 144 144 145 146 148 148 148 148 147 140 124 96 67 46 33 27 24 22 22 22 22 22 22 20 19 18 18 19 19 20 21 21 22 23 24 24 24 26 28 30 31 31 29 28 27 27 27 27 27 27 29 38 65 108 138 145 146 146 145 145 
140 143 145 145 145 146 147 148 150 150 150 147 131 97 60 40 36 37 36 32 28 24 22 22 22 23 22 21 20 18 18 19 20 21 21 21 22 24 24 25 25 26 28 31 33 33 32 31 30 29 29 29 28 27 27 26 27 51 108 142 146 146 145 145 
144 144 145 146 146 147 147 149 150 152 149 127 80 43 33 38 44 49 48 39 31 24 23 23 24 24 23 22 21 19 18 19 20 21 21 22 23 24 24 25 25 26 28 30 32 33 33 32 32 31 31 31 31 29 28 26 25 27 73 133 146 146 146 146 
145 145 146 147 147 148 148 150 152 153 138 86 43 37 41 47 53 56 53 42 30 24 22 23 24 24 24 23 22 20 19 19 20 20 21 22 23 25 25 25 25 26 28 30 32 34 34 33 33 32 32 33 33 32 30 28 26 26 65 131 147 147 146 146 
146 146 147 147 148 148 149 151 154 153 122 65 46 47 50 54 56 56 52 40 28 22 22 23 24 26 25 25 23 21 21 20 20 19 20 22 24 25 25 25 25 26 28 30 32 34 34 33 33 33 33 34 35 34 31 28 26 32 87 139 147 147 146 146 
147 148 148 148 148 149 150 153 156 154 122 67 55 54 54 55 53 51 46 35 26 22 22 23 25 26 27 26 25 23 22 21 21 20 20 22 24 26 26 25 25 26 27 30 32 34 34 33 33 32 33 35 36 35 31 28 30 64 125 148 148 147 146 146 
146 147 148 149 149 150 151 154 157 158 136 82 59 55 54 52 47 42 38 31 26 22 22 23 26 27 28 27 26 24 23 22 21 20 21 22 24 26 25 25 25 25 26 29 32 33 34 34 33 32 33 36 37 35 33 36 70 124 147 150 148 147 146 147 
135 147 149 150 150 151 152 154 158 159 153 115 68 53 49 45 39 35 32 28 25 23 22 24 26 27 27 27 25 24 24 24 23 22 22 23 22 23 23 24 24 25 27 29 31 33 34 34 32 31 33 35 37 40 57 96 136 150 151 150 148 147 147 146 
92 135 149 151 151 152 152 155 157 159 160 151 116 72 49 40 34 32 30 28 26 24 23 24 25 26 25 25 25 27 28 28 28 26 24 22 21 20 21 21 23 25 27 29 32 33 33 33 31 30 34 46 68 102 133 149 152 151 150 150 148 147 146 143 
43 82 130 149 151 152 152 154 156 158 160 160 158 140 106 71 48 38 34 31 29 27 26 25 25 24 24 25 27 30 32 32 30 28 25 23 20 19 19 20 22 25 28 31 34 35 36 40 48 65 92 122 144 153 155 154 152 151 150 149 148 142 120 82 
32 34 62 110 142 151 152 154 156 158 160 161 162 162 159 148 127 102 79 60 46 38 34 30 27 25 25 26 30 33 33 32 30 27 26 24 21 20 21 22 26 31 41 53 66 82 99 117 133 145 152 155 156 156 155 154 153 151 149 139 113 74 41 27 
32 28 29 41 73 114 141 152 155 158 159 161 162 162 162 161 160 158 152 144 132 119 107 95 82 72 67 64 64 65 63 61 60 60 62 65 67 72 80 90 102 115 128 141 150 155 157 157 156 154 154 155 156 156 155 152 144 124 92 57 33 25 24 25 
33 29 29 29 30 39 64 100 132 151 158 161 163 163 163 163 162 160 159 158 158 158 158 157 155 152 151 150 150 151 150 149 149 148 149 150 150 151 152 152 154 156 157 160 161 160 159 157 155 154 154 153 149 139 119 91 60 37 26 23 23 25 26 26 
35 30 29 29 29 28 29 35 53 79 107 131 147 156 161 163 163 162 160 159 158 158 159 158 158 157 158 158 159 160 161 160 160 159 158 157 156 155 154 154 155 156 158 161 162 160 157 149 139 126 108 88 68 51 38 30 26 24 23 24 24 26 27 26 
37 31 30 30 29 29 30 32 39 46 53 60 70 83 100 117 129 137 143 147 152 155 157 158 157 156 157 157 159 161 162 161 160 160 158 156 154 151 148 144 140 137 133 129 120 105 85 63 46 35 29 29 31 33 31 28 25 24 24 25 26 27 27 27 
41 34 32 31 30 30 33 38 43 48 51 51 53 56 60 66 66 63 61 65 74 82 88 90 88 89 92 97 102 107 109 109 106 102 95 86 76 64 55 48 44 45 48 53 53 48 38 29 26 24 25 28 30 31 30 27 24 24 25 26 27 27 27 27 
49 41 37 34 32 33 40 47 53 56 56 55 59 66 73 80 79 67 55 53 56 58 58 52 36 29 29 31 36 45 53 58 60 58 52 45 36 27 24 25 30 40 50 59 61 57 50 45 44 45 47 50 54 58 59 60 60 63 66 62 32 27 27 28 
58 50 43 38 34 36 48 60 68 73 74 74 80 91 101 110 113 103 90 84 86 89 91 90 82 80 82 86 93 102 111 117 121 123 121 120 117 114 115 117 122 128 135 140 142 140 138 137 137 138 139 141 143 144 145 145 146 146 143 88 31 28 28 28 
64 57 48 41 37 40 90 136 142 146 148 150 153 158 164 170 172 170 165 161 159 158 159 159 158 157 157 157 159 161 163 164 164 164 162 160 158 156 154 154 155 157 159 160 160 158 155 153 152 151 151 150 150 150 151 151 150 148 111 39 28 28 29 29 
70 63 54 47 43 43 78 153 163 164 165 165 166 168 172 176 178 176 172 167 162 161 161 161 160 158 158 158 158 160 161 161 159 158 156 154 152 150 147 146 145 145 146 145 142 138 133 129 125 122 119 116 114 112 110 106 103 95 49 30 31 32 34 36 
72 65 57 50 46 47 57 130 161 163 163 163 164 166 168 172 174 174 171 166 162 158 147 133 121 109 104 103 104 105 107 109 109 110 110 110 110 110 109 109 108 109 109 108 105 101 95 89 84 79 73 68 63 58 54 51 49 47 44 43 44 45 46 48 
67 60 53 48 47 50 53 77 106 119 131 140 148 155 161 166 169 170 168 164 161 159 156 151 143 132 130 131 131 132 133 133 133 133 132 131 130 130 129 129 128 128 129 129 129 128 127 125 124 123 122 122 122 121 120 118 116 112 104 96 86 74 63 56 
69 60 54 52 55 60 64 63 61 60 63 68 78 94 115 141 156 159 160 159 157 158 159 159 159 158 157 157 156 156 155 154 152 150 147 143 139 136 134 132 130 128 129 129 129 128 127 126 125 124 123 123 123 124 124 124 124 124 124 123 122 120 116 108 
74 67 65 73 84 97 106 98 93 96 105 117 126 133 138 142 144 145 145 142 140 141 143 146 149 150 152 153 154 155 155 156 157 157 157 156 156 155 153 150 147 144 141 137 135 132 129 127 125 123 123 123 123 123 124 124 124 124 123 123 122 121 120 119 
66 63 61 71 83 94 109 119 127 133 136 136 136 136 137 139 142 143 142 139 137 135 135 135 135 135 135 135 135 136 138 141 144 148 149 151 152 153 152 153 152 151 151 151 150 149 147 145 141 137 134 131 128 125 123 123 123 122 121 121 120 120 119 118 
57 57 56 61 81 115 130 133 133 133 133 134 134 134 135 137 140 141 140 138 136 134 134 135 136 136 136 136 135 134 134 135 136 137 138 139 141 142 145 148 150 150 149 149 149 149 149 149 148 148 147 146 145 133 121 121 121 120 120 120 119 119 118 117 
52 53 54 57 101 128 130 131 130 132 141 143 144 145 146 148 150 152 152 151 150 149 150 151 151 152 152 152 152 151 151 151 151 151 151 151 151 151 150 149 149 148 148 148 148 147 147 147 146 146 145 144 138 122 120 120 121 120 119 118 118 116 110 100 
54 54 55 56 82 117 127 128 128 130 146 151 152 152 153 153 154 155 154 153 152 151 151 151 151 151 152 151 150 149 148 147 146 145 144 143 142 141 139 137 135 133 132 132 131 131 131 130 128 127 126 125 121 119 119 119 118 115 111 103 90 74 60 50 
57 55 55 55 56 67 86 105 115 122 132 138 139 139 139 139 140 139 139 137 135 134 133 134 135 137 137 137 137 136 136 136 135 134 134 134 134 134 132 131 130 129 130 131 132 134 134 134 134 134 131 117 109 105 99 91 81 71 62 53 46 43 42 42 
54 52 50 50 53 55 55 54 57 67 86 129 140 141 143 144 145 146 147 146 145 145 145 146 149 151 152 153 153 152 152 152 152 151 150 150 150 149 147 145 142 141 141 141 144 144 144 143 142 138 102 67 60 56 54 53 51 51 50 48 45 42 42 42 
54 51 51 56 67 79 79 68 55 48 56 116 144 145 145 145 145 145 145 145 144 142 140 140 141 143 144 144 142 139 138 137 134 130 126 124 123 121 116 108 101 96 94 111 138 141 141 141 138 116 74 64 64 65 66 66 65 64 63 61 57 54 52 50 
63 58 57 67 82 93 95 85 71 56 57 78 94 96 96 97 99 101 102 101 100 96 94 95 99 105 110 110 109 108 107 107 105 101 97 96 98 97 91 81 72 68 75 117 138 139 138 137 122 82 68 67 68 69 70 71 71 70 70 69 69 68 67 66 
76 70 67 73 86 98 101 94 83 77 80 85 89 92 93 93 94 94 95 93 91 88 86 88 93 101 108 111 110 109 109 110 109 105 101 100 102 100 93 83 73 70 97 132 137 137 137 127 89 68 66 66 67 69 70 70 70 70 70 69 68 68 67 66 
92 87 86 86 90 93 93 89 83 81 84 89 93 97 97 96 95 95 94 91 89 85 84 86 92 100 109 113 113 111 111 112 112 108 104 101 101 98 91 82 74 78 110 122 122 122 119 95 69 66 65 65 66 68 69 69 69 69 69 68 67 67 66 65 
115 109 101 94 90 90 88 84 81 81 84 89 95 101 101 99 97 94 93 91 89 86 86 89 95 105 113 118 119 118 119 120 121 119 116 113 112 110 105 100 96 97 101 103 105 104 87 70 65 65 64 64 65 66 68 68 68 67 67 67 66 66 65 65 
128 121 112 101 91 88 85 82 81 81 85 92 102 120 128 127 124 123 122 122 122 122 122 125 130 137 142 145 146 145 147 148 149 148 144 140 138 135 130 126 122 119 117 116 115 105 78 66 64 63 62 63 64 65 66 67 66 66 66 66 65 65 64 63 
137 131 120 107 94 87 84 82 81 81 85 94 105 127 143 141 135 131 127 126 124 122 120 121 125 129 133 134 134 133 135 138 139 137 132 126 122 119 115 112 109 108 107 107 99 78 67 64 62 61 61 61 63 65 66 66 65 65 65 63 61 59 56 53 
146 139 127 111 96 88 84 81 80 81 85 93 103 116 135 139 136 133 131 130 130 129 128 127 129 132 133 133 132 133 136 139 139 135 129 122 117 113 109 105 102 99 98 96 84 70 65 62 60 58 58 59 59 60 60 59 58 57 56 54 53 51 48 47 
164 158 144 124 101 85 81 79 78 78 81 88 99 111 128 136 136 134 133 133 131 131 130 129 129 128 126 122 119 119 123 125 123 115 104 94 88 84 79 74 71 68 66 65 64 61 57 53 48 46 47 49 51 52 51 52 51 51 50 50 49 49 49 48 
165 162 149 129 106 82 73 69 67 66 71 80 93 106 115 119 119 114 111 108 102 99 100 101 105 109 111 113 115 120 127 132 133 130 124 119 117 114 109 105 101 96 84 73 69 67 63 58 55 53 52 52 51 50 50 50 50 50 49 49 48 49 50 49 
142 139 127 111 97 81 76 74 72 73 76 82 91 100 110 122 129 128 125 122 117 114 112 110 111 111 111 110 111 115 121 124 123 118 113 111 111 111 110 109 107 100 85 76 75 73 71 69 68 68 67 64 58 54 53 53 53 52 52 52 53 53 54 54 
115 114 106 105 104 98 92 86 82 81 82 84 87 93 102 118 132 134 131 126 120 115 112 109 107 108 110 111 113 115 115 115 112 107 103 100 104 112 117 117 112 96 82 79 79 78 77 76 75 75 75 72 69 67 67 67 68 69 69 70 70 70 71 71 
120 118 113 113 110 103 97 91 85 84 84 85 87 91 98 112 130 139 137 131 117 104 100 98 98 106 119 125 126 119 107 100 98 96 94 94 104 118 124 123 112 97 90 89 89 88 87 86 85 84 84 83 83 82 81 81 81 81 80 80 78 77 75 74 
114 113 110 105 102 100 98 96 96 96 96 97 98 99 101 106 117 127 128 124 112 101 99 98 98 104 113 116 114 108 98 93 91 89 88 87 90 93 93 90 84 78 76 74 72 71 69 68 66 65 64 62 61 60 58 56 55 54 52 51 50 49 47 45 
97 98 97 96 95 94 92 91 90 89 88 87 86 84 83 82 82 83 82 79 75 72 69 67 66 64 64 62 60 58 55 53 52 50 49 47 46 46 45 44 43 43 43 43 42 43 43 43 43 44 45 45 46 47 48 49 50 51 52 53 54 54 55 55 
59 58 57 55 54 53 51 50 50 48 47 46 46 45 45 45 45 45 44 44 45 45 46 47 47 48 49 50 51 51 52 53 54 56 56 58 59 60 62 63 65 66 67 68 70 71 72 73 74 75 76 77 78 78 78 79 79 79 80 80 80 80 79 79 
55 57 58 59 61 62 64 65 66 68 69 70 72 73 74 76 77 78 79 80 81 82 82 84 84 85 85 85 86 85 85 85 85 85 85 85 85 85 85 85 85 84 85 85 85 85 85 84 81 80 80 79 79 78 77 77 76 76 75 75 73 72 71 70 
93 93 94 94 95 95 95 94 94 93 93 92 92 92 92 91 91 90 89 88 86 84 83 82 82 81 80 79 78 76 76 76 76 75 75 75 75 74 72 71 68 69 77 84 92 95 91 82 70 62 63 64 65 65 65 65 65 64 64 64 63 62 61 61 
80 79 78 77 76 76 74 74 74 73 71 68 64 62 59 57 55 54 52 49 46 43 40 40 40 41 42 42 43 46 49 53 57 58 59 60 61 60 58 55 53 56 73 88 102 107 99 84 66 55 58 60 62 63 63 64 64 63 62 62 62 62 61 61 
47 47 46 46 46 47 48 49 51 52 51 48 42 39 37 34 34 33 31 29 26 24 23 23 26 29 32 33 33 38 44 50 56 59 60 59 59 58 56 54 52 54 72 88 101 106 99 84 66 54 56 60 62 63 63 64 64 63 63 62 62 62 61 61 
38 39 39 38 39 40 41 42 45 47 47 45 40 37 36 36 36 35 32 31 29 28 27 25 28 32 35 37 38 40 46 53 59 62 63 61 58 58 56 54 53 54 71 85 98 104 97 84 66 53 55 59 62 63 63 63 63 62 62 61 61 61 60 59 
37 38 38 37 38 38 39 41 43 44 43 41 39 38 37 38 38 37 35 34 33 31 30 29 30 33 36 38 40 41 45 53 57 59 59 56 52 52 51 50 49 50 66 82 96 102 96 83 65 53 55 59 62 62 63 63 63 62 62 61 61 61 60 59 
35 35 35 35 35 36 37 39 41 41 40 38 36 36 36 36 36 36 35 35 34 34 34 34 35 37 39 40 42 43 45 50 54 55 55 54 53 53 53 54 54 58 72 84 94 99 94 82 65 53 54 58 61 62 62 62 62 62 62 62 62 61 60 59 
38 39 40 41 42 44 46 48 50 51 52 51 51 53 54 56 56 58 58 60 61 63 64 65 67 68 71 72 74 76 77 79 81 83 83 84 85 86 86 88 88 89 94 98 98 98 93 81 64 52 53 57 60 61 61 62 62 62 62 62 62 62 61 60 


39 36 35 34 33 30 27 26 26 24 20 17 16 17 17 17 17 17 17 21 28 36 47 60 72 83 94 102 110 118 124 130 134 137 138 139 138 138 139 140 140 140 140 138 136 132 129 124 119 113 105 97 87 74 61 47 34 25 19 16 16 17 17 17 
21 19 18 17 18 17 15 16 17 16 15 13 12 14 18 25 35 48 61 76 91 103 116 127 135 141 146 149 152 155 157 158 159 159 159 159 157 157 158 157 157 158 157 157 157 156 156 154 154 153 150 147 143 137 129 118 103 87 68 50 35 24 18 15 
15 14 14 14 14 14 13 15 16 16 16 20 30 47 67 87 106 120 132 140 146 150 153 155 156 158 158 159 159 161 161 161 161 161 160 160 159 159 159 159 159 159 159 159 159 158 157 157 158 158 158 158 158 156 156 153 150 145 137 125 107 84 58 38 
14 13 13 13 14 13 13 16 22 34 52 75 99 119 134 145 152 154 156 157 157 157 158 158 159 159 159 159 160 160 160 161 161 161 161 161 160 160 159 159 159 160 160 160 159 159 158 158 158 158 158 158 158 158 158 157 156 155 155 154 151 144 130 109 
12 12 13 12 13 15 24 45 72 99 123 138 148 154 156 157 158 158 158 158 158 158 159 159 160 159 159 159 160 160 160 160 161 162 162 161 161 160 160 160 160 160 160 160 160 159 159 159 159 159 159 159 159 159 158 158 157 156 156 157 157 157 156 152 
13 13 12 14 24 48 82 114 136 148 154 156 156 157 158 158 159 159 159 159 159 159 160 160 160 160 160 159 160 160 160 161 162 161 161 161 161 160 160 160 160 159 160 160 160 160 160 160 160 160 161 160 160 160 160 159 158 158 157 157 157 158 158 156 
13 13 20 43 79 116 140 152 155 156 157 157 157 158 159 159 159 160 159 159 159 159 160 160 160 159 158 157 156 154 151 149 148 145 143 141 140 139 139 139 139 141 144 146 148 151 153 155 158 160 162 162 161 161 160 159 159 159 158 158 158 158 159 158 
15 28 64 107 138 151 156 156 157 157 158 158 159 159 159 160 161 161 161 159 158 156 153 148 141 133 123 114 104 95 86 80 73 68 63 61 58 57 57 57 59 63 66 72 78 86 96 106 119 132 144 153 158 160 160 160 160 160 159 159 159 159 159 159 
36 78 123 147 155 156 157 157 158 158 159 159 159 159 159 161 161 158 153 144 131 114 96 78 62 49 39 31 25 20 17 15 14 13 13 13 13 14 15 14 15 17 16 18 20 22 23 28 36 48 64 84 106 128 145 156 159 160 159 159 160 160 160 159 
90 132 152 157 158 158 159 158 158 159 159 160 160 160 159 155 143 123 97 71 48 32 22 15 13 13 13 12 11 10 10 10 10 10 12 13 14 15 16 16 16 17 19 20 21 21 19 17 16 17 18 20 27 43 73 109 139 155 160 160 160 160 160 160 
136 153 158 157 158 159 160 159 160 160 160 160 159 154 136 107 74 48 31 21 16 14 12 11 10 11 12 12 12 10 10 10 11 11 12 13 15 16 17 17 17 19 21 23 24 24 23 21 19 19 18 17 16 16 20 33 69 120 152 160 161 161 160 160 
154 157 157 158 158 159 159 160 161 162 162 159 143 107 66 41 34 35 33 27 21 16 12 10 9 11 12 13 12 10 10 11 11 12 13 13 15 17 18 18 18 19 22 23 24 25 25 24 22 22 21 19 18 17 16 16 20 55 121 155 161 161 160 160 
159 158 158 159 159 160 160 162 162 163 160 137 87 43 31 35 41 46 44 36 26 18 13 11 11 12 14 14 13 11 10 11 11 11 13 14 15 17 18 18 19 19 21 24 25 26 26 25 24 24 24 24 23 20 18 16 15 22 83 146 160 161 160 160 
160 159 159 160 160 161 161 162 164 165 148 93 43 34 38 44 49 52 50 40 27 17 14 12 12 15 16 16 14 12 10 10 11 11 12 14 15 18 19 19 19 19 20 22 24 26 26 26 25 25 26 28 27 23 20 18 16 19 73 144 161 162 160 160 
160 159 160 160 161 161 162 164 166 164 131 67 43 43 46 51 52 53 49 39 24 15 14 13 14 19 20 19 17 12 10 10 9 10 12 14 16 19 19 19 19 20 22 23 24 26 27 26 26 25 26 28 28 25 22 18 16 30 97 152 162 162 161 160 
161 160 161 161 161 162 163 165 168 166 131 70 53 50 51 51 50 48 43 34 21 15 14 13 16 22 24 22 19 14 12 11 10 10 12 14 16 18 18 19 19 20 21 23 24 26 27 26 25 24 24 26 28 26 22 18 24 70 137 160 162 162 161 160 
161 161 161 162 162 162 163 166 169 169 146 87 58 51 50 48 43 39 36 29 20 16 15 14 18 23 25 24 20 14 13 12 11 11 12 14 16 18 17 17 18 18 21 23 24 26 27 25 25 23 23 26 27 26 23 30 74 134 160 162 163 162 161 161 
149 160 162 162 163 163 165 167 170 171 164 123 70 49 46 42 36 32 29 24 20 17 16 15 18 21 21 21 19 17 18 18 17 15 14 15 15 16 15 16 17 17 20 21 24 26 26 25 24 23 24 26 28 34 56 103 146 162 163 163 162 162 162 160 
104 147 161 163 163 164 164 167 169 171 171 161 122 73 46 37 31 29 28 25 22 19 17 15 15 16 15 17 20 23 25 26 25 21 17 15 13 12 13 14 15 17 20 22 25 27 26 25 23 22 27 40 67 105 141 160 163 164 163 162 162 162 161 156 
48 91 141 161 163 164 165 167 169 171 172 172 167 147 111 73 49 38 34 30 26 24 22 20 16 13 14 18 24 29 32 32 29 25 20 15 12 11 11 12 14 17 21 24 27 29 30 35 46 66 97 128 151 163 165 165 164 163 162 162 162 156 132 90 
32 35 69 120 153 163 164 166 168 170 171 173 172 171 167 156 135 108 84 64 50 41 35 29 23 18 19 23 30 34 35 33 29 24 20 16 14 13 14 16 20 28 38 51 66 83 103 123 142 155 162 165 166 167 166 165 165 163 161 150 123 81 41 24 
32 26 28 42 80 124 153 164 167 169 171 173 173 172 172 171 170 168 162 153 142 129 116 102 89 77 71 69 71 71 70 67 65 64 65 68 72 77 87 97 110 123 137 150 158 163 166 167 167 166 166 166 167 167 166 163 154 133 98 59 31 20 18 20 
33 27 26 26 28 41 70 109 143 161 169 172 172 172 171 171 171 170 171 170 170 170 170 169 167 164 162 162 162 163 162 161 160 160 161 162 163 163 165 166 167 168 169 171 170 169 168 167 167 165 165 164 159 147 125 94 60 33 19 15 16 17 18 20 
34 29 29 27 27 26 27 35 55 84 115 139 155 164 168 170 170 170 170 171 170 171 172 171 170 170 170 172 173 174 174 173 172 171 170 170 170 168 167 167 168 168 169 171 170 168 165 159 149 135 116 92 68 48 31 21 17 15 15 16 18 19 20 21 
37 29 28 28 27 27 27 31 37 44 52 59 68 82 99 117 131 141 149 156 162 166 169 170 169 168 169 171 173 173 174 173 172 172 170 169 166 163 160 157 152 147 141 134 122 107 86 64 46 32 23 21 22 22 22 19 16 15 17 18 20 21 21 20 
40 31 29 28 27 28 31 36 41 45 47 46 45 46 49 53 53 53 54 62 75 86 95 98 96 97 101 107 111 116 118 116 113 108 101 92 81 67 57 49 43 42 43 44 43 38 30 23 18 18 17 19 21 22 22 19 16 17 18 19 20 22 22 22 
48 37 32 30 27 31 37 45 50 52 53 50 51 56 61 66 64 52 42 43 51 54 57 52 36 29 29 32 37 46 53 56 57 55 49 42 33 22 18 20 25 35 44 50 52 50 46 42 41 43 45 49 52 55 58 60 62 65 69 63 29 23 22 22 
59 46 37 33 30 32 44 58 67 71 73 71 75 83 91 101 103 94 83 81 86 92 95 95 89 87 90 94 101 109 118 124 127 129 128 126 125 123 124 127 131 137 142 145 147 148 148 147 148 149 151 152 153 155 156 156 157 157 155 93 28 23 23 22 
68 55 44 37 32 35 92 143 149 154 156 157 159 164 169 174 176 174 170 168 168 170 171 171 170 169 169 171 172 173 174 176 176 175 174 172 170 168 167 166 167 168 169 170 170 168 167 165 165 164 163 162 162 162 163 162 162 161 119 36 24 24 24 23 
77 64 51 42 37 38 77 160 172 173 174 174 174 176 178 181 183 181 178 175 173 172 173 173 172 170 170 171 171 171 172 172 171 170 168 165 164 161 159 157 156 155 154 152 150 146 142 138 135 131 128 125 122 119 116 112 109 100 47 23 24 25 27 29 
79 67 55 46 40 38 52 134 169 171 172 172 173 174 176 178 180 179 178 175 173 170 161 146 132 119 106 98 92 87 83 77 71 67 61 56 51 48 45 41 38 36 34 31 30 27 25 23 21 20 19 17 18 18 19 20 23 27 28 30 33 34 36 37 
70 59 48 40 36 36 38 68 104 123 137 147 156 163 169 173 176 176 176 173 172 170 168 162 154 140 120 99 76 55 39 25 14 7 3 2 1 1 2 2 2 2 2 1 1 2 1 2 2 2 2 2 2 1 2 2 4 7 9 11 15 21 26 32 
59 47 41 35 32 32 31 35 40 47 54 58 60 63 66 75 97 115 130 141 152 158 165 170 171 170 169 169 167 163 157 148 134 118 100 79 61 44 30 18 9 4 2 2 2 1 2 2 2 1 2 2 1 0 0 0 0 1 1 1 2 2 4 7 
45 36 38 38 37 33 28 32 36 36 28 17 9 5 2 2 3 5 9 17 27 38 53 72 92 110 126 139 150 158 163 166 167 166 166 165 163 157 149 137 123 105 86 67 49 34 21 12 5 2 1 1 2 1 1 1 1 1 1 1 1 2 2 2 
37 33 35 35 33 25 13 9 6 2 1 1 1 1 1 1 1 1 1 1 1 0 0 1 2 4 8 16 28 40 55 73 93 111 126 138 148 156 161 163 163 162 162 160 156 149 139 126 110 92 72 53 39 21 2 1 1 1 2 2 2 2 2 1 
36 35 37 38 30 11 2 1 1 1 1 1 1 2 3 4 5 6 7 8 9 10 12 14 17 19 22 26 29 31 33 37 41 47 56 67 81 97 117 139 158 161 160 160 161 161 160 159 159 159 156 154 145 69 3 1 2 2 2 2 2 1 1 1 
36 36 39 39 15 2 1 1 1 20 76 86 91 96 100 105 111 115 119 122 124 127 131 135 138 141 143 146 148 150 151 153 155 156 157 158 159 159 160 159 159 159 158 158 158 158 156 154 154 152 150 147 109 17 2 2 2 1 2 2 1 1 4 10 
33 34 36 37 24 7 2 2 2 17 125 156 158 158 158 158 157 157 156 153 151 149 148 146 144 143 141 138 135 132 128 124 121 117 112 109 104 99 94 89 84 79 75 70 66 62 58 54 51 48 45 39 19 2 1 1 2 2 6 10 16 24 32 37 
30 30 30 32 33 29 19 10 6 5 46 71 67 64 60 57 54 52 50 46 44 41 40 39 39 40 40 40 40 40 41 41 43 44 46 48 51 53 56 58 61 65 69 73 77 82 87 90 94 97 91 27 6 8 12 18 24 31 38 42 42 41 41 40 
29 27 27 29 35 40 40 36 31 27 31 72 85 90 94 98 103 108 112 115 117 120 123 126 130 135 140 143 145 146 148 150 151 152 152 153 154 155 155 154 153 152 152 153 154 155 155 155 154 152 110 48 45 49 52 53 53 52 51 48 44 42 42 41 
35 31 31 37 51 64 66 56 46 41 50 121 153 153 153 153 155 156 157 158 158 156 157 157 158 159 161 162 161 160 159 159 158 155 154 153 152 150 148 144 141 139 138 144 154 155 155 154 153 145 124 117 116 116 114 112 110 107 103 98 91 85 78 72 
44 35 33 42 58 71 77 71 63 55 63 90 112 118 125 130 136 140 143 145 145 143 143 143 145 148 150 151 151 150 150 150 149 146 145 144 144 143 141 136 131 129 130 145 153 154 154 153 147 133 129 128 128 128 129 129 129 129 128 127 127 126 124 121 
55 44 42 53 74 96 110 114 114 116 125 131 136 138 139 140 140 141 142 143 142 141 140 141 142 146 150 152 152 150 150 150 149 146 144 143 144 143 140 136 131 128 137 150 152 152 152 148 134 128 126 126 126 127 127 127 127 127 127 126 126 124 123 122 
101 103 110 116 123 128 130 129 129 129 131 135 138 140 140 140 140 141 140 140 140 139 138 140 141 146 149 151 152 151 150 150 149 146 144 142 143 141 138 134 130 130 142 145 145 145 145 136 125 124 124 124 124 124 124 124 124 125 124 123 123 123 122 120 
154 148 140 132 126 125 125 125 126 127 130 135 138 140 142 141 139 139 139 139 139 138 138 139 142 146 150 152 152 151 151 152 152 150 147 145 145 144 141 139 137 135 136 137 137 138 132 125 122 121 121 120 121 122 122 122 121 121 121 121 121 120 119 119 
165 159 149 136 126 124 122 122 122 125 129 134 140 147 151 150 149 148 148 147 147 147 148 150 153 156 159 161 161 161 161 161 161 160 157 155 154 152 149 147 145 143 141 142 141 137 126 121 120 119 118 118 118 119 120 120 120 120 120 120 119 118 117 114 
173 166 156 141 127 122 120 120 120 123 126 133 140 150 157 155 152 149 147 146 145 144 145 146 149 151 153 155 155 154 154 154 155 154 150 147 145 143 141 139 137 137 136 136 133 124 121 119 117 117 116 116 117 118 118 117 115 113 111 107 101 93 83 75 
178 171 160 144 129 120 118 119 119 120 123 130 137 145 153 154 152 148 148 147 146 146 146 147 150 152 152 153 152 152 153 154 155 152 148 144 141 140 137 135 133 132 130 130 125 118 116 112 110 107 104 101 98 95 91 85 79 73 67 62 57 53 49 47 
186 179 164 140 112 94 94 97 102 105 111 118 128 137 145 150 149 147 146 146 144 143 143 144 144 144 144 143 141 141 144 146 144 140 135 130 126 122 115 109 103 99 94 89 85 81 75 68 62 57 55 54 53 54 52 50 49 49 47 47 48 48 48 47 
186 180 162 130 86 45 40 42 46 48 54 66 82 96 106 112 113 108 104 99 92 90 91 93 96 98 102 106 111 118 129 136 139 139 138 135 133 129 121 115 107 99 73 42 34 33 30 28 28 30 35 40 45 47 47 47 48 47 47 46 47 48 49 48 
163 156 136 104 67 33 25 25 24 23 22 28 38 47 63 96 116 116 113 109 106 105 105 106 108 109 109 108 108 111 116 120 119 116 112 110 110 110 109 108 105 89 53 28 24 23 21 19 19 20 24 31 41 49 50 50 51 51 50 50 52 53 54 53 
133 122 92 63 36 14 11 15 14 14 14 16 22 32 47 84 121 127 125 121 114 110 109 108 107 109 114 116 117 116 110 105 102 97 93 91 97 115 124 125 116 78 41 33 34 34 34 34 37 42 48 53 61 64 66 67 68 69 69 71 71 72 73 73 
136 119 88 56 36 22 19 22 25 25 25 27 32 38 48 76 124 144 145 134 105 80 75 74 74 93 125 138 138 121 86 65 63 61 59 61 85 121 134 131 110 75 61 62 64 67 70 72 76 79 81 82 83 83 83 83 83 84 83 83 82 82 80 79 
128 122 108 92 80 74 71 69 69 68 68 68 69 70 71 80 110 132 134 127 100 73 68 69 70 85 109 118 115 101 79 68 68 68 67 69 80 94 96 92 82 73 70 70 70 70 69 67 67 65 63 63 61 60 59 58 56 55 54 53 52 52 50 49 
107 105 104 103 101 100 98 96 94 91 89 87 84 82 80 79 81 84 83 80 73 67 65 63 62 61 62 61 59 56 53 51 51 49 47 46 46 47 46 45 45 44 43 43 43 44 44 44 45 45 45 46 48 48 49 50 52 54 55 56 58 61 61 62 
64 62 61 59 57 55 54 52 51 50 49 48 48 47 46 46 46 46 46 46 46 46 47 48 48 49 50 51 52 52 53 54 56 57 58 59 60 62 64 65 67 68 69 71 72 74 75 77 78 79 80 80 82 83 83 83 84 84 85 86 87 87 88 88 
59 60 62 64 65 67 68 69 70 71 73 74 76 77 78 79 80 81 82 84 85 86 86 87 87 88 88 89 89 89 87 87 87 87 87 87 88 87 87 87 87 88 88 89 89 89 89 87 85 83 83 82 82 81 81 80 79 79 78 78 77 76 75 74 
103 102 102 103 103 103 102 101 101 99 99 98 98 97 95 94 94 94 93 92 90 88 86 85 85 83 83 81 80 77 75 74 73 73 74 75 75 73 72 71 70 70 80 91 100 101 95 84 69 59 61 62 62 63 64 64 63 63 62 62 62 61 60 60 
87 85 84 82 80 79 77 76 76 75 72 69 64 61 59 55 54 53 51 49 46 43 40 38 39 39 40 39 39 39 39 40 41 45 50 53 56 55 53 52 50 55 78 98 113 114 102 84 63 49 53 56 58 59 61 61 60 61 60 60 60 60 59 59 
44 44 43 42 42 42 43 44 47 47 45 42 36 33 30 27 28 27 25 23 21 19 18 18 21 24 27 28 28 30 32 34 37 41 46 51 53 53 51 49 49 54 77 97 111 114 101 83 63 49 53 56 58 59 60 60 60 61 61 60 60 60 59 59 
33 34 34 33 33 34 35 36 39 40 40 38 34 31 30 29 31 30 27 26 24 23 22 20 23 28 31 32 33 34 36 36 39 43 46 51 53 52 51 49 50 54 75 96 110 112 100 83 62 49 52 55 58 59 59 60 60 60 60 59 59 59 58 57 
33 33 33 31 32 33 34 36 38 39 38 36 34 34 33 33 33 33 30 29 28 27 25 25 27 31 34 34 35 36 38 39 38 41 44 47 48 47 47 47 45 49 70 92 107 110 99 82 63 48 50 55 58 58 59 59 59 60 60 59 59 59 58 57 
30 30 30 30 30 31 32 34 36 36 35 34 33 32 32 32 32 33 32 32 31 32 32 32 33 35 37 39 40 41 44 45 45 47 48 50 52 52 54 54 54 59 76 92 103 105 96 81 63 48 50 55 57 58 59 60 60 60 60 60 60 60 59 57 
37 38 39 40 42 43 46 49 51 53 53 53 53 54 55 57 59 61 63 64 65 67 68 70 71 73 75 76 78 79 81 83 83 85 85 87 88 89 90 90 91 93 98 104 104 103 97 80 62 47 50 55 57 59 59 60 60 60 60 60 61 61 61 59 