


152 157 140 133 162 176 159 162 112 110 115 118 138 156 107 95 118 117 124 141 127 116 103 127 163 158 135 102 113 93 94 103 109 128 150 133 107 135 126 132 126 129 117 136 146 111 121 145 135 119 110 100 106 131 149 158 149 135 161 172 196 190 195 200 
144 160 128 125 140 139 121 134 121 100 108 105 109 151 117 95 127 131 110 98 108 106 118 138 158 142 127 114 98 74 100 82 97 102 143 145 135 145 115 121 124 105 120 123 133 115 112 144 139 104 129 105 130 150 129 136 140 159 164 140 157 163 157 186 
139 119 101 98 113 133 104 126 144 135 129 130 113 125 124 111 100 115 93 104 104 99 116 149 135 88 115 111 113 104 97 105 142 133 150 153 118 131 117 122 94 82 110 106 94 120 109 108 154 137 144 103 119 121 134 162 131 136 142 155 132 134 139 168 
114 114 119 121 118 88 110 137 142 136 125 126 135 129 132 137 114 115 130 121 145 137 143 154 137 140 125 103 103 124 130 123 157 134 131 139 112 71 92 112 116 108 115 104 100 140 132 83 123 156 142 167 153 105 127 151 191 189 137 136 147 153 150 158 
104 115 129 126 124 136 137 96 96 132 126 125 122 133 132 124 108 104 138 130 168 176 155 150 143 170 149 116 85 112 118 116 135 140 112 102 81 68 80 96 89 96 78 93 119 135 131 103 92 142 151 140 129 162 147 107 124 156 114 98 157 175 147 144 
99 113 152 130 119 144 132 120 129 124 134 125 109 126 110 114 116 106 110 130 137 133 121 138 109 127 121 116 110 112 89 83 91 113 145 129 105 130 101 85 96 103 104 138 144 116 115 117 115 145 138 96 137 183 151 138 143 151 128 115 152 166 182 184 
131 130 158 157 126 126 140 147 154 152 157 140 100 89 80 99 105 104 119 119 131 105 96 117 112 123 118 123 118 120 94 105 113 128 154 151 144 158 137 141 117 114 125 170 165 162 152 128 113 148 117 102 153 145 148 148 163 157 148 119 151 176 189 182 
123 117 145 135 112 127 120 108 137 109 112 129 100 89 94 94 97 107 115 130 142 152 146 148 163 129 122 142 139 106 111 127 118 119 151 124 107 135 129 135 144 144 156 160 157 145 176 175 160 195 181 129 142 157 126 144 154 139 164 162 160 151 161 180 
94 97 109 120 109 137 146 128 130 94 114 148 136 139 132 128 109 125 128 131 159 159 162 164 166 147 143 158 146 123 124 151 138 182 164 148 139 121 125 119 149 165 154 173 164 136 156 180 169 179 189 168 166 174 127 151 163 149 157 167 149 153 143 147 
131 136 122 111 120 127 130 116 118 143 140 123 143 114 152 159 128 120 147 158 161 169 169 148 146 154 143 122 137 161 146 156 140 171 151 115 111 129 128 129 157 176 165 185 178 180 177 182 192 170 158 154 145 143 126 130 119 128 138 158 159 152 135 132 
159 159 153 154 157 117 116 117 105 116 137 118 154 132 125 128 132 136 137 126 150 155 164 134 134 136 108 109 130 150 130 159 149 164 163 98 93 123 104 106 132 135 145 168 161 162 174 181 189 171 166 160 139 136 159 144 129 135 148 163 172 150 151 147 
126 143 154 159 171 150 124 105 100 130 141 147 144 146 142 146 127 136 148 161 147 151 172 157 147 123 126 121 111 154 147 145 169 170 169 137 117 105 128 141 143 112 129 141 155 157 170 180 181 190 164 128 137 140 149 147 164 135 134 152 149 145 128 150 
121 121 152 163 154 158 133 125 109 118 137 136 151 152 154 145 134 147 167 163 151 149 161 152 145 125 143 133 122 139 145 153 179 191 158 125 133 135 164 152 168 159 169 133 149 146 151 174 183 176 171 138 121 136 133 149 165 139 132 122 121 140 140 140 
150 136 148 174 139 140 130 143 122 127 136 134 155 136 137 145 137 136 147 169 164 179 176 147 139 136 183 185 155 148 152 176 185 172 164 149 152 174 184 178 175 181 184 166 149 134 133 168 176 176 155 141 137 141 139 149 137 132 146 106 131 159 167 153 
168 157 139 156 133 139 128 123 129 165 144 137 141 150 122 130 138 113 117 125 127 171 182 148 98 105 121 141 131 139 150 167 169 162 158 143 156 161 135 151 151 153 153 142 156 136 133 183 157 163 170 136 124 140 166 139 134 124 122 127 123 158 159 161 
162 136 140 146 156 137 117 116 137 158 137 125 116 138 132 117 89 75 91 72 87 90 84 106 103 95 100 131 125 138 160 175 168 151 116 153 162 163 142 139 147 171 147 135 137 156 154 149 156 155 130 125 141 146 142 152 152 145 143 131 123 120 145 159 
132 121 149 153 168 153 160 156 170 158 140 126 127 130 150 98 83 79 85 72 88 66 69 91 72 60 77 83 104 112 107 127 159 163 149 159 158 134 136 144 139 164 134 147 138 134 134 147 134 135 134 133 130 130 134 128 127 151 178 151 156 128 137 135 
122 153 174 154 159 152 155 144 139 105 82 95 151 137 129 81 60 60 70 64 71 64 71 74 57 62 80 83 73 74 96 110 111 101 105 93 113 120 112 106 118 158 131 148 150 131 110 114 119 100 142 149 139 138 143 149 154 155 163 159 168 161 158 139 
156 159 151 148 160 135 133 151 161 137 106 113 142 130 115 94 72 80 69 68 75 65 60 55 55 62 64 67 70 71 93 90 77 78 72 53 70 69 59 81 76 106 97 92 110 124 131 103 110 128 130 140 129 152 158 169 163 142 137 137 152 154 137 140 
162 151 145 151 152 132 162 157 164 163 167 171 174 155 129 104 92 99 68 78 82 80 93 64 61 66 63 65 61 64 77 78 75 60 51 46 46 53 54 54 46 49 54 70 68 78 79 71 83 114 121 146 153 148 124 141 150 127 140 142 138 138 131 140 
142 139 159 187 172 153 161 144 143 154 141 159 138 118 93 100 80 68 72 75 83 96 112 76 76 100 74 66 70 77 68 57 51 45 48 46 51 51 46 46 53 53 49 53 52 53 51 57 49 46 80 79 89 120 146 150 129 126 145 147 131 142 141 134 
158 154 135 192 171 158 172 139 149 156 138 141 142 124 125 113 92 75 83 87 92 89 91 82 83 101 82 76 90 90 73 60 64 68 65 71 61 57 57 58 62 62 60 65 68 64 56 52 50 49 50 56 33 74 144 144 122 133 152 148 150 144 138 136 
178 176 150 171 182 159 171 185 170 151 146 148 132 117 120 149 150 103 112 125 105 79 86 89 85 82 81 79 81 84 75 74 73 79 75 84 62 67 57 60 71 74 81 87 83 70 60 59 60 52 50 52 23 58 139 135 123 130 138 135 137 149 150 136 
169 187 186 186 181 156 181 186 154 117 147 142 130 116 100 125 128 133 140 130 75 69 82 81 82 84 82 79 81 80 74 77 78 81 85 80 61 62 59 72 80 82 85 97 91 84 80 75 63 49 42 46 37 82 144 146 156 143 145 128 121 130 115 127 
159 183 192 197 185 173 197 154 138 126 139 141 141 144 133 135 122 123 90 87 64 61 72 72 72 75 78 76 77 79 79 81 80 84 88 64 66 61 69 72 73 79 82 89 87 86 87 83 72 54 44 56 53 90 132 141 170 159 151 122 109 133 129 130 
171 152 150 154 163 152 177 130 143 145 148 150 147 150 151 159 130 134 117 96 59 54 64 64 64 64 69 71 72 75 76 78 80 86 87 61 65 62 66 71 79 87 81 75 75 79 87 89 80 52 60 102 127 130 125 137 154 155 149 130 117 137 145 135 
181 169 166 136 122 116 129 137 141 160 138 149 144 158 149 144 127 146 151 121 87 68 60 58 60 65 63 64 65 65 68 68 74 83 77 60 59 61 62 75 88 84 79 79 83 88 93 88 74 99 126 145 129 135 135 151 166 150 160 159 139 126 126 116 
137 167 175 130 126 132 137 129 165 158 147 155 138 137 150 155 121 150 163 157 125 90 67 59 61 59 61 60 59 58 60 63 69 79 67 56 56 61 66 77 85 87 89 87 84 88 106 101 92 113 103 101 92 67 62 81 105 129 142 143 131 124 128 129 
181 187 156 144 160 150 140 138 151 141 138 167 179 148 163 146 124 153 154 158 123 107 106 68 62 55 56 56 57 55 55 58 62 69 54 52 56 61 76 86 91 90 85 72 73 92 103 121 115 103 94 71 81 87 59 75 44 47 70 116 125 123 124 112 
207 215 196 175 196 165 158 169 150 150 164 197 204 178 179 179 162 170 158 144 116 102 109 94 69 59 58 58 56 55 50 53 54 63 48 49 58 66 79 79 85 97 107 113 116 98 111 115 113 109 100 84 79 66 56 49 40 43 55 60 93 128 128 127 
193 206 208 186 194 186 172 166 172 173 174 190 187 185 180 159 154 171 152 101 103 99 99 100 84 82 65 61 59 55 50 44 49 60 45 51 67 78 85 59 56 58 56 74 104 117 111 107 97 90 81 83 82 75 60 49 44 42 45 46 76 142 160 155 
161 170 155 153 178 194 203 198 204 167 127 163 171 172 189 186 177 168 139 90 92 91 109 102 105 105 108 91 66 60 54 43 49 59 47 61 78 105 132 128 130 105 83 39 57 93 86 78 72 66 62 67 75 73 59 53 47 44 45 52 62 121 150 151 
158 159 155 161 143 145 168 170 170 187 179 181 170 164 186 200 182 165 142 112 107 121 109 104 124 121 137 106 90 76 66 58 56 66 71 75 93 100 118 123 123 101 75 54 72 75 70 64 56 52 52 58 66 63 56 53 44 39 44 45 88 146 148 143 
177 168 138 123 132 130 157 174 156 166 174 184 196 170 170 207 190 166 140 119 134 125 127 122 140 150 148 127 103 88 91 76 66 84 81 59 70 83 93 94 83 71 74 73 67 60 56 54 52 53 55 60 69 64 54 47 41 43 48 65 104 140 143 125 
151 155 137 147 145 149 187 172 152 167 176 176 179 174 175 176 179 186 162 121 119 104 146 132 114 129 116 119 117 96 81 59 60 65 56 58 69 65 63 64 62 64 66 62 62 64 65 63 59 59 58 62 63 54 48 42 40 50 65 102 130 140 146 135 
173 166 168 175 179 190 191 160 139 162 182 182 183 186 185 187 199 194 190 177 140 127 130 84 99 111 101 124 106 86 84 66 77 91 69 69 66 66 62 62 63 64 65 68 71 67 67 63 59 59 59 63 60 53 45 42 47 70 93 113 117 123 163 152 
162 166 159 165 173 169 187 172 152 160 162 173 178 153 179 161 177 179 182 190 182 173 155 133 116 106 96 101 102 88 87 100 94 105 72 67 55 50 51 56 64 70 75 79 82 84 81 79 77 73 69 61 51 48 46 59 64 118 145 133 130 122 144 142 
168 147 141 139 151 133 149 178 176 150 141 164 171 149 164 173 177 177 179 175 184 183 166 154 165 173 154 116 122 108 102 106 89 96 76 63 55 52 52 52 59 65 70 76 79 85 87 87 84 76 69 51 47 53 59 76 122 185 179 168 161 112 123 121 
172 166 165 164 160 158 153 172 175 165 166 182 177 173 171 171 170 166 162 156 175 177 167 158 171 187 184 158 142 133 109 86 62 80 89 62 52 49 50 53 57 61 68 76 81 84 83 81 76 67 55 44 44 51 80 148 174 187 178 170 176 140 145 135 
166 177 191 195 187 184 187 189 177 153 144 163 167 176 163 162 160 145 142 147 165 166 177 174 165 169 166 153 136 116 106 78 80 99 112 72 55 49 49 54 58 61 68 75 80 81 78 78 76 61 47 48 53 63 137 189 188 191 153 158 179 179 157 164 
166 176 172 178 187 185 188 170 168 179 159 155 161 165 162 148 163 158 145 137 145 160 158 173 165 156 158 144 141 124 140 145 146 146 155 122 70 53 48 53 58 63 71 76 80 79 74 74 76 59 49 48 52 68 149 180 182 186 186 204 212 196 187 179 
155 149 154 159 167 154 157 163 171 155 181 189 166 146 159 156 162 177 174 143 134 147 154 164 167 167 169 164 154 144 176 163 159 148 128 130 102 60 48 50 59 63 68 74 78 74 77 82 67 59 55 63 71 84 144 181 175 148 144 173 198 191 191 193 
159 157 166 173 158 154 173 174 167 159 164 176 174 175 185 174 156 156 162 163 160 149 150 148 172 165 163 147 137 129 154 128 113 126 110 107 106 79 52 48 53 61 66 70 79 75 74 73 61 55 52 56 59 75 134 168 169 136 125 140 150 154 154 165 
164 168 150 171 179 180 159 168 153 143 150 164 153 168 179 164 171 174 171 173 161 172 165 170 172 153 160 170 163 146 141 135 113 123 117 111 93 100 83 81 80 72 76 72 73 74 84 70 56 54 56 71 65 110 158 162 167 169 171 184 168 154 154 170 
177 188 161 168 192 199 156 138 145 166 153 141 161 155 161 169 177 174 176 192 184 187 177 167 161 161 154 165 164 163 157 154 132 133 124 105 102 124 124 104 93 79 66 59 56 60 69 56 50 52 55 60 57 108 152 152 167 179 175 204 199 193 195 187 
212 212 200 202 216 202 188 165 177 200 183 158 171 162 170 181 181 173 175 190 174 171 169 170 180 178 175 161 132 139 144 146 144 151 142 112 117 107 120 116 100 91 75 57 58 75 52 47 51 52 54 52 73 121 143 140 155 179 190 182 173 169 179 196 
196 182 156 167 189 187 162 166 186 209 198 188 181 168 168 177 181 179 181 174 160 163 163 175 194 185 181 174 157 144 141 143 152 132 130 138 141 129 119 116 105 107 119 102 100 88 67 62 67 60 63 76 123 125 141 162 166 171 182 188 186 147 165 193 
191 178 197 201 188 192 185 185 189 192 199 190 185 184 189 184 180 187 173 150 168 162 186 192 187 169 177 180 172 160 152 145 140 128 149 143 150 147 128 134 126 126 123 124 133 124 131 119 100 103 110 120 132 135 135 130 136 137 147 159 189 174 164 177 
180 197 214 204 193 189 165 183 192 204 201 191 168 177 182 167 182 182 188 189 194 196 204 214 210 206 201 195 168 168 151 156 148 154 148 137 142 139 130 121 137 133 125 116 123 128 129 115 108 110 109 104 113 128 143 143 142 150 154 152 187 179 169 159 
183 190 190 196 203 185 175 150 144 191 201 189 153 183 197 197 196 194 192 200 202 205 202 207 196 198 196 187 183 198 187 185 174 170 161 137 141 154 151 131 114 119 126 118 123 121 113 98 93 101 111 104 117 119 118 133 121 115 148 159 172 178 187 190 
202 197 187 200 196 167 168 179 171 200 187 175 167 186 201 196 177 153 145 169 156 161 191 209 201 199 199 187 168 187 187 169 178 170 170 137 120 138 153 144 140 139 125 105 117 126 106 108 106 108 116 131 153 172 167 162 147 143 161 158 174 189 203 206 
181 187 200 211 200 174 184 190 171 158 170 162 171 193 202 187 188 179 185 184 145 162 182 194 191 202 196 185 187 186 177 164 171 183 193 174 155 138 144 142 137 136 148 147 139 143 137 134 138 142 149 141 149 160 151 122 101 103 158 184 205 201 206 204 
41 61 115 168 192 196 203 199 183 181 175 154 175 189 190 197 207 223 222 186 189 208 207 210 209 200 211 211 209 211 196 182 193 199 201 190 173 156 172 169 162 149 157 149 139 135 141 133 127 141 140 137 137 124 116 96 106 105 142 157 182 187 187 180 
21 18 20 43 88 144 176 196 190 186 183 158 177 193 197 159 187 215 225 196 189 189 194 201 222 212 208 205 214 219 205 186 199 197 178 171 182 179 185 178 169 159 146 129 141 140 156 141 134 143 135 142 151 141 146 137 138 146 157 163 157 155 169 169 
31 30 27 27 30 39 63 120 154 164 169 170 174 175 174 148 149 188 214 185 166 144 131 174 205 187 168 202 216 210 207 201 202 210 197 174 168 166 186 193 187 181 156 162 159 144 159 155 144 154 138 122 127 111 142 156 161 159 154 151 147 132 156 177 
33 37 35 36 41 40 27 35 56 74 62 44 66 107 123 128 136 165 190 205 192 193 163 178 190 189 198 223 225 223 220 220 212 207 195 190 183 170 186 186 191 198 175 156 149 149 147 132 145 151 163 147 126 133 150 160 155 146 131 142 148 135 122 156 
36 42 48 52 59 61 57 49 30 40 49 35 20 58 84 73 81 93 118 153 189 211 222 215 206 202 209 228 228 221 211 221 211 211 185 196 193 197 199 194 192 185 172 172 164 162 152 154 167 176 184 161 133 143 144 154 146 144 137 133 145 149 154 161 
44 41 43 49 62 82 87 80 66 51 40 30 14 16 37 52 69 64 38 58 74 90 122 179 189 193 205 219 220 221 221 220 210 200 182 215 209 209 208 201 196 188 173 171 157 154 149 153 155 152 159 140 114 131 153 148 125 114 100 96 115 157 158 154 
51 51 43 35 28 60 95 109 110 117 112 89 68 44 21 17 32 42 22 27 37 31 28 46 94 148 181 210 212 203 206 204 196 204 195 211 197 176 165 195 204 206 207 188 174 169 167 163 176 165 150 148 138 150 162 139 116 122 134 144 128 161 178 148 
57 69 58 57 27 14 20 41 73 99 99 100 100 100 93 72 41 22 12 8 13 15 13 14 11 20 49 103 149 171 207 223 217 204 161 185 180 172 183 194 198 207 204 191 171 169 185 184 168 148 157 144 142 135 147 113 112 123 124 157 171 168 140 112 
85 83 69 72 72 51 10 7 34 87 100 96 80 72 70 81 94 100 84 61 46 31 16 8 8 10 11 23 49 54 78 164 212 216 223 231 231 224 209 197 191 175 180 209 199 177 191 182 144 113 147 171 155 146 134 112 81 73 82 109 145 160 141 130 
118 101 66 71 84 79 33 10 13 55 93 100 104 85 62 36 31 83 105 110 113 91 56 30 10 9 11 22 45 64 65 56 72 84 99 128 155 169 157 143 150 191 215 229 220 199 196 153 101 112 150 185 170 163 144 134 152 142 106 104 93 110 109 116 
101 107 103 94 91 86 78 44 18 21 64 90 113 113 91 78 36 24 60 82 96 86 71 59 33 18 10 14 26 47 65 64 46 16 10 11 18 28 32 70 191 233 232 241 238 223 193 137 95 121 142 160 155 159 135 131 148 138 93 58 73 122 111 109 
69 108 124 121 114 109 97 78 60 19 39 87 100 91 87 98 69 22 29 60 87 91 73 55 60 38 11 10 11 29 52 55 62 48 18 8 9 10 13 21 113 194 218 236 237 235 233 219 200 183 161 166 176 169 161 158 130 96 75 63 78 114 112 121 


143 151 132 128 156 169 152 155 105 105 109 110 131 147 96 84 102 105 113 127 120 111 98 122 153 144 120 89 98 82 83 95 102 117 133 118 95 119 112 119 108 113 104 119 127 94 103 127 121 99 92 83 92 117 127 132 125 113 130 137 175 171 177 179 
136 152 122 119 132 133 116 125 111 89 100 100 106 139 105 83 105 114 97 89 102 100 111 131 147 127 117 103 90 65 86 75 90 92 125 127 119 127 101 105 104 88 102 109 114 100 94 126 124 89 112 90 114 130 108 112 115 136 136 108 116 128 126 153 
126 111 94 89 105 123 97 116 130 118 112 118 102 108 108 97 88 104 86 96 98 94 112 142 124 82 106 103 99 87 85 93 127 119 132 134 103 113 101 102 79 73 99 95 84 108 93 91 137 124 129 97 107 109 120 136 110 119 124 130 104 109 106 123 
95 101 107 106 103 75 94 121 129 123 111 112 120 115 119 126 107 106 118 111 137 130 137 148 130 130 112 93 95 111 117 108 139 115 116 122 100 65 83 99 102 97 100 94 88 121 111 74 107 137 128 153 139 95 112 126 169 170 118 119 125 129 120 120 
88 100 106 103 108 117 115 82 85 113 111 112 106 116 118 111 98 94 123 123 168 171 139 138 135 157 134 105 79 99 102 100 115 119 98 91 74 63 75 87 80 89 71 84 105 118 115 93 79 126 136 123 116 143 120 84 104 132 95 77 128 142 119 114 
83 97 125 109 102 125 114 107 110 106 118 110 96 109 97 105 101 91 100 123 130 120 105 126 102 120 114 105 99 97 77 74 80 98 125 113 95 113 90 78 86 93 93 121 128 103 101 104 101 125 120 85 118 156 122 106 114 129 110 92 124 134 150 151 
106 108 129 133 109 111 121 127 133 129 132 120 89 79 71 91 96 92 108 111 119 93 85 106 107 119 113 111 105 105 84 93 97 114 132 124 123 139 116 117 100 96 103 142 141 135 131 113 99 132 101 89 132 121 126 121 133 135 126 103 127 148 155 149 
94 92 115 114 97 113 108 94 122 95 97 110 90 82 84 87 89 101 109 118 129 143 141 148 157 124 114 132 121 94 103 116 103 106 130 103 93 117 111 115 120 120 130 131 132 123 151 147 136 180 160 109 121 134 112 128 133 123 146 143 137 129 134 146 
66 74 83 92 91 120 125 109 117 87 103 129 124 125 121 117 101 118 122 128 149 149 162 165 155 139 138 145 124 109 113 133 123 163 138 125 119 107 111 105 124 137 131 143 139 117 134 155 145 150 165 147 146 152 114 136 143 129 138 149 131 129 122 121 
90 98 95 98 100 100 106 101 105 119 123 112 133 106 139 141 113 112 140 153 158 166 166 147 146 149 140 115 118 142 129 136 124 150 129 98 99 115 111 113 132 150 143 159 153 158 151 155 160 139 130 131 122 123 110 115 108 114 121 138 136 128 115 113 
112 115 117 142 147 95 95 95 91 101 122 109 145 125 120 119 122 129 130 122 154 160 163 131 132 133 105 105 119 131 114 135 127 142 137 84 86 113 97 100 122 124 131 148 142 142 152 161 163 146 140 139 121 119 140 127 118 121 132 139 140 124 131 130 
94 113 131 152 165 140 106 87 85 112 123 129 128 132 129 130 117 128 144 155 144 157 177 161 153 125 124 110 101 140 129 125 147 154 146 117 103 99 120 131 129 105 122 126 144 144 157 167 169 170 141 110 117 124 132 131 142 118 123 133 129 131 115 134 
103 108 144 151 127 134 112 104 89 96 110 111 120 125 129 122 115 134 155 155 145 148 163 158 154 132 144 125 116 129 131 133 155 174 136 106 114 120 144 139 159 152 157 123 136 133 141 164 171 157 152 120 107 124 121 137 147 123 119 113 111 130 125 125 
124 109 130 162 115 113 106 116 97 108 110 111 123 112 107 116 109 112 127 149 144 164 171 146 142 140 180 177 146 138 138 151 154 153 147 133 132 154 165 161 159 166 169 154 134 115 124 158 166 169 144 127 122 125 127 137 126 120 134 99 123 149 147 132 
133 115 120 143 112 114 102 101 107 144 122 114 114 125 102 108 109 87 95 102 105 146 163 134 95 104 117 134 121 127 136 147 149 145 149 131 141 143 120 137 136 139 140 131 142 121 126 167 141 148 160 124 115 126 150 128 125 116 113 115 112 144 144 144 
123 104 120 132 140 118 97 98 117 138 114 106 102 117 111 98 68 59 76 54 71 72 67 93 95 88 94 123 114 128 148 156 154 136 102 140 148 147 131 131 138 160 136 123 125 147 147 139 138 136 117 114 132 134 127 140 136 128 128 118 113 110 132 143 
98 91 126 134 153 136 137 135 146 135 118 112 111 112 127 79 72 67 71 57 74 51 54 77 56 44 64 72 96 103 100 119 148 151 139 146 149 130 131 135 131 154 125 136 130 126 127 138 123 122 121 120 116 120 121 113 112 132 160 138 147 118 124 123 
95 122 144 131 146 134 136 130 121 85 67 81 130 114 107 64 47 46 55 47 54 49 58 61 42 48 67 67 57 59 85 100 99 95 99 86 105 115 105 101 113 151 124 140 142 122 105 107 110 94 130 139 122 125 133 134 140 135 140 142 156 152 148 127 
124 123 124 125 147 118 114 134 149 118 90 103 123 109 94 74 59 67 54 53 60 49 47 40 40 49 53 54 58 58 84 80 65 69 63 44 56 54 42 67 66 98 86 84 103 118 124 97 104 121 119 133 116 132 142 150 145 126 122 123 143 145 130 128 
132 130 119 117 126 114 144 143 151 157 158 163 156 130 104 86 81 87 52 69 73 71 85 52 48 55 51 50 46 53 69 71 67 52 40 34 31 37 36 36 31 35 36 50 50 62 64 60 71 105 117 136 138 137 111 124 136 117 129 131 129 129 122 130 
120 113 128 160 156 139 145 128 129 137 130 148 122 103 86 91 65 49 58 70 79 93 110 69 73 98 69 58 63 71 60 45 42 37 40 35 38 35 32 32 35 34 32 33 33 35 37 40 35 38 72 69 79 113 134 136 121 121 133 134 121 131 132 122 
142 132 112 177 153 145 159 127 139 138 125 129 129 115 116 100 75 57 71 83 94 88 91 82 89 109 87 79 95 95 71 56 62 67 59 66 48 44 42 42 43 44 41 43 45 45 38 34 32 35 38 47 27 71 138 132 109 126 141 134 135 134 128 127 
159 156 128 152 159 143 156 170 155 138 133 132 114 105 105 133 123 84 102 120 107 78 88 99 99 100 96 95 103 106 84 81 80 91 79 90 62 66 52 59 60 57 61 65 59 50 42 41 43 37 35 41 20 56 135 126 118 128 130 125 122 140 138 124 
146 163 164 157 156 141 165 172 141 104 134 126 115 104 91 112 110 117 134 122 69 64 91 99 102 103 101 102 105 103 92 95 94 97 98 100 81 75 78 94 94 93 105 99 73 65 59 54 44 35 30 37 33 83 141 143 148 134 131 116 114 122 110 117 
139 157 169 171 161 154 178 133 122 112 124 129 130 129 120 120 111 113 83 76 51 55 80 87 95 98 100 103 102 103 103 102 102 103 103 89 98 88 106 104 105 127 140 123 104 89 80 70 55 39 32 46 47 86 125 132 153 144 141 116 106 126 121 122 
152 132 130 132 143 133 150 109 131 135 135 136 136 136 137 145 118 122 103 81 45 45 67 74 79 84 88 94 97 97 100 99 106 104 102 92 95 94 102 102 122 135 128 119 115 103 94 84 65 37 48 99 121 122 119 131 144 142 140 125 114 126 133 129 
163 144 138 115 105 105 116 122 129 145 123 132 128 137 130 127 114 131 130 106 77 58 58 63 69 75 79 81 87 83 87 89 100 100 98 88 86 92 94 106 123 131 139 148 139 115 103 85 64 87 113 132 119 122 123 142 155 135 138 140 128 116 115 109 
122 147 146 105 101 109 111 108 139 139 130 134 123 121 132 137 105 129 140 142 112 79 57 58 63 65 69 72 74 72 74 81 92 93 85 78 85 95 96 112 138 158 162 148 126 103 106 93 84 102 89 86 79 57 52 73 96 117 125 129 124 120 124 125 
165 166 132 115 129 123 112 111 124 122 120 145 159 127 139 126 108 133 136 140 107 95 95 59 59 57 61 62 66 64 64 73 81 81 69 74 84 93 110 136 158 161 143 100 74 81 92 109 103 90 80 55 65 74 47 65 37 40 60 110 120 122 118 108 
187 194 178 156 173 138 135 143 122 127 142 174 179 154 155 152 136 146 135 123 102 93 101 90 63 54 58 60 62 62 58 63 68 69 62 73 85 96 122 125 131 121 106 101 104 88 100 104 103 97 86 70 65 51 41 38 30 28 38 51 88 125 120 121 
176 192 198 166 164 156 153 148 150 145 150 171 172 172 160 133 133 146 127 87 97 94 92 95 83 78 61 61 61 61 53 52 61 66 62 75 93 109 115 70 56 56 52 68 97 112 111 108 103 99 95 94 86 75 55 41 33 29 30 34 67 136 157 148 
145 153 139 134 152 169 186 188 191 147 104 138 151 161 176 170 160 148 120 79 85 88 102 96 98 98 101 82 63 62 57 49 58 66 63 77 87 104 128 123 123 101 79 39 75 128 127 122 118 124 129 130 111 84 56 47 39 33 33 39 54 111 134 141 
150 151 144 152 134 135 152 154 159 175 160 162 154 153 174 189 163 143 123 102 99 109 100 94 109 109 125 98 87 71 62 57 58 64 69 73 88 96 111 115 116 100 84 85 126 144 150 160 181 183 165 143 105 69 53 46 36 32 34 36 79 132 138 134 
172 161 133 118 128 124 148 162 146 154 163 179 188 158 159 199 175 151 123 105 120 109 117 109 128 137 138 120 97 80 82 68 58 76 80 58 70 86 100 107 118 133 135 149 163 179 184 181 178 170 158 135 102 68 52 43 35 35 38 56 96 128 134 121 
141 143 128 141 139 142 174 159 148 160 169 172 176 162 160 162 166 170 145 109 106 94 138 124 107 121 110 114 111 92 72 49 54 61 54 62 82 87 96 103 108 112 116 136 150 141 120 116 111 107 98 91 71 52 43 36 34 39 55 89 117 123 130 120 
163 156 160 167 165 175 183 149 132 159 181 182 179 173 172 173 187 182 174 159 125 118 123 80 94 105 92 115 99 82 79 60 71 85 67 84 95 95 88 86 90 94 97 105 109 102 99 90 84 85 90 75 57 44 36 33 37 61 84 102 108 114 147 136 
154 163 153 160 167 164 184 168 149 158 162 169 172 144 176 157 169 164 162 169 164 158 148 126 104 95 88 94 97 83 81 94 89 100 69 71 71 69 70 75 84 92 98 104 108 109 105 101 97 84 72 54 38 36 35 43 52 103 129 118 117 107 128 125 
155 142 137 136 148 129 148 178 174 143 136 159 166 149 159 172 175 168 166 164 167 159 151 142 148 151 139 105 115 104 97 99 82 88 69 62 61 62 64 63 68 79 87 99 99 100 102 103 96 79 69 43 33 41 50 66 111 166 156 144 144 100 111 109 
162 160 159 161 153 152 149 167 172 160 167 183 175 172 172 171 168 163 159 151 169 171 159 152 160 172 165 143 134 128 106 80 53 72 78 58 54 53 57 64 72 76 87 99 103 104 98 93 83 68 49 33 32 39 72 137 161 171 159 146 159 125 132 122 
164 173 187 196 183 181 180 186 171 149 145 159 158 173 165 164 158 142 139 140 158 161 171 165 159 161 159 148 131 112 104 72 71 89 100 64 54 51 53 60 69 74 85 98 105 101 100 95 84 59 35 34 40 52 127 175 176 182 143 145 160 163 143 151 
166 175 167 174 186 183 187 170 172 180 156 153 155 161 157 146 162 154 140 130 140 154 150 162 157 149 155 140 138 120 136 138 135 135 139 109 64 52 50 57 66 74 88 97 104 96 86 83 76 50 34 34 38 57 143 173 176 182 177 192 197 175 167 163 
150 143 153 153 165 154 158 164 170 150 167 180 160 144 156 150 161 176 170 138 132 144 153 160 162 163 163 161 151 141 173 161 156 146 123 125 97 56 48 52 65 72 80 89 95 89 87 85 63 45 41 49 57 73 139 173 171 139 132 161 188 174 171 178 
150 147 161 167 152 151 171 172 166 158 157 173 174 177 188 176 157 157 162 162 156 142 146 140 163 159 161 146 136 126 151 126 111 127 109 103 105 78 46 43 54 66 70 77 100 88 75 69 50 40 37 42 46 67 127 162 166 129 116 129 134 137 137 154 
152 158 146 164 169 175 148 159 146 139 147 158 148 167 183 162 168 174 168 173 160 168 162 167 168 149 159 169 161 144 137 130 111 120 114 110 94 100 79 79 77 71 76 74 83 80 84 65 43 38 43 60 54 110 159 160 163 161 162 174 152 138 142 161 
166 174 151 159 186 190 138 125 137 160 146 134 150 152 159 164 170 166 170 188 177 182 179 167 159 157 150 161 161 160 153 147 129 131 121 100 99 120 121 105 92 76 61 54 52 55 63 43 35 38 42 48 49 107 153 150 165 172 169 199 191 188 188 180 
204 206 194 194 209 193 176 155 173 195 179 153 166 155 165 175 172 164 165 183 170 166 169 171 178 179 177 159 130 136 141 141 140 151 139 110 113 106 118 116 100 90 69 48 50 67 38 33 37 40 43 43 70 121 140 139 152 169 183 180 166 164 175 188 
184 171 144 157 182 177 150 154 176 202 190 180 177 159 162 169 172 174 179 172 160 161 158 172 192 183 175 170 156 145 142 146 154 131 127 132 135 121 115 113 104 108 118 101 99 82 58 53 60 55 60 78 126 127 138 155 159 158 162 176 181 142 159 187 
176 163 186 189 177 185 177 178 175 180 188 181 178 177 182 176 175 185 170 145 166 157 178 180 178 163 169 174 166 155 151 144 139 124 145 141 146 138 126 133 123 124 122 123 133 124 128 115 100 104 114 125 134 133 131 126 132 129 134 149 184 173 161 175 
165 186 206 194 183 179 149 175 185 195 189 179 151 162 169 156 173 175 184 185 194 194 201 208 206 197 190 187 159 156 146 153 145 146 143 133 138 134 127 121 135 132 125 117 123 127 127 113 108 111 111 107 111 124 139 140 139 146 147 145 181 174 162 156 
165 174 178 185 192 174 162 139 136 183 192 175 137 168 184 188 185 179 181 192 197 198 194 199 189 190 184 176 172 190 179 177 168 162 149 127 134 145 146 130 111 117 125 121 124 120 112 98 93 101 112 106 116 114 112 129 119 110 147 157 166 171 181 180 
192 185 176 189 185 155 161 170 162 193 180 166 155 175 189 187 166 144 135 154 144 153 180 199 188 191 195 182 163 184 182 161 172 165 163 129 113 133 152 141 135 133 122 103 111 118 101 103 100 100 108 124 148 161 156 151 140 133 153 149 163 180 198 199 
177 181 193 202 185 155 168 174 155 142 149 143 155 179 190 176 173 167 174 170 133 146 171 185 180 194 187 174 177 180 167 153 160 171 186 171 152 137 143 141 135 132 146 145 135 137 131 125 130 131 139 127 136 149 143 113 94 95 145 167 191 192 200 200 
42 62 114 162 185 183 186 178 165 160 149 129 154 168 168 179 190 211 211 173 178 193 196 203 201 190 200 200 201 200 182 169 183 191 191 179 163 149 166 164 158 146 153 145 134 125 134 130 115 127 124 120 122 113 108 87 100 96 132 145 164 169 174 170 
24 21 22 44 87 137 165 180 172 164 163 136 153 169 177 140 171 194 209 180 172 172 184 191 215 200 195 193 205 212 194 174 189 187 168 165 176 173 176 171 166 156 143 126 134 130 146 136 124 131 121 128 137 126 132 122 128 134 140 151 144 141 155 156 
31 29 28 29 32 40 61 115 145 149 155 155 156 160 161 134 135 170 194 166 150 126 115 156 190 168 151 183 200 201 201 192 191 201 190 167 159 153 174 182 178 176 153 155 151 134 152 149 136 141 124 110 115 103 132 145 153 146 142 140 139 126 147 163 
35 38 35 38 43 43 30 38 58 74 59 41 60 98 115 117 124 151 174 188 174 172 144 161 172 164 172 201 205 210 213 213 203 198 183 180 173 162 183 180 183 188 167 149 143 138 136 124 136 140 152 136 116 122 139 151 144 134 121 133 136 124 111 141 
39 45 53 54 60 63 57 45 30 43 51 34 18 52 77 65 71 82 106 142 178 192 207 194 177 167 177 209 208 200 195 203 199 203 178 190 185 194 202 195 191 181 165 168 160 156 140 143 158 170 177 153 125 134 133 141 133 133 128 124 135 135 139 145 
46 45 45 49 59 77 78 69 56 45 37 28 13 14 33 46 59 53 31 52 67 83 116 166 172 176 187 206 203 206 209 210 201 192 175 212 201 201 204 196 192 184 167 169 154 149 141 144 141 138 145 129 107 118 131 131 115 106 92 90 106 145 140 142 
50 49 41 33 27 56 87 96 96 100 97 77 58 38 19 16 27 34 19 25 31 25 24 42 90 138 169 197 198 186 187 186 185 198 191 207 189 167 158 191 199 199 196 178 167 162 161 152 164 151 135 131 122 129 137 119 107 112 122 129 111 142 161 139 
53 65 58 55 25 13 20 38 68 89 89 90 89 86 79 61 36 20 12 8 12 14 12 12 10 20 46 99 141 159 197 213 210 196 153 177 172 162 174 184 191 199 197 185 166 165 179 173 157 138 145 130 128 119 130 99 103 115 116 142 152 142 123 103 
76 78 71 72 66 42 9 7 35 84 93 90 76 63 57 67 80 87 73 51 38 25 14 7 7 9 11 21 42 47 72 161 207 210 216 221 221 216 199 182 177 162 174 203 191 171 187 177 135 108 139 162 150 143 129 108 79 71 80 105 136 145 130 121 
104 92 67 71 78 70 29 9 14 57 92 97 96 79 55 29 26 76 92 94 96 75 44 23 9 7 10 19 40 56 56 48 67 80 93 120 145 161 142 129 137 182 213 219 203 177 182 145 94 106 139 176 168 164 141 131 148 138 103 101 88 105 102 108 
91 96 96 86 83 81 71 41 18 23 66 89 106 103 83 66 29 21 49 69 83 72 56 46 26 14 8 13 22 41 54 53 37 13 9 10 16 25 28 68 185 228 227 234 230 212 181 125 85 113 130 148 152 151 126 126 144 135 90 57 71 118 106 104 
65 98 111 107 99 95 88 76 58 20 36 83 98 86 82 85 58 19 24 50 75 78 60 44 48 28 9 8 10 25 44 46 51 39 15 7 8 9 11 19 109 185 205 229 231 231 227 208 187 168 147 154 168 157 151 148 121 92 72 60 76 114 112 119 


115 124 109 110 131 143 130 122 79 79 85 83 97 103 67 59 71 77 84 94 91 87 80 100 122 110 87 63 71 57 63 76 80 87 100 87 67 86 85 89 78 88 77 89 94 68 72 92 90 73 66 59 68 90 96 95 87 81 92 98 130 128 138 133 
114 127 100 99 105 109 96 101 86 65 80 81 77 95 76 57 73 82 71 66 80 78 88 100 111 95 94 80 65 41 59 53 66 65 90 93 88 95 71 74 73 58 70 79 81 74 65 93 93 63 82 66 86 98 78 80 80 98 92 72 79 92 90 102 
98 89 76 70 85 93 75 96 98 86 80 86 73 78 79 70 64 80 64 70 74 68 88 108 91 63 90 80 72 60 59 65 95 86 95 99 75 78 69 71 54 51 74 69 62 84 65 62 105 94 100 79 84 85 96 103 79 86 86 89 70 77 70 76 
68 77 81 79 77 53 69 91 96 95 82 82 84 86 89 97 85 79 85 83 104 96 105 109 103 99 84 68 75 92 91 76 103 85 84 90 76 46 59 72 76 71 76 71 62 89 77 52 79 102 100 124 111 76 86 92 129 134 86 87 92 94 85 84 
60 72 71 70 80 88 86 59 62 82 85 88 76 82 87 82 73 71 87 99 137 130 100 104 103 121 100 77 57 73 72 68 82 83 68 66 56 49 57 64 58 66 54 62 77 86 85 70 56 96 105 91 90 112 86 56 71 97 67 48 89 102 86 81 
57 70 84 77 75 93 85 82 79 76 88 80 69 79 70 80 73 63 77 101 99 83 76 94 73 94 88 78 73 68 52 50 55 69 87 81 70 78 64 57 63 67 68 88 99 76 74 77 76 93 88 63 86 115 87 72 80 99 85 63 89 95 107 109 
75 75 89 97 80 81 88 93 97 91 90 85 64 56 48 70 73 68 84 89 89 66 60 78 78 87 85 80 78 76 58 65 68 83 90 83 86 102 82 84 72 68 68 97 101 96 96 83 72 101 76 68 101 88 93 87 97 102 92 76 94 112 112 107 
60 59 78 81 65 80 80 68 93 68 70 79 67 62 62 65 69 81 90 91 94 113 101 114 114 83 84 98 81 65 79 89 73 78 90 69 64 83 80 81 85 85 90 91 93 87 107 105 98 145 124 81 89 98 85 99 100 93 115 108 103 97 96 102 
39 44 52 57 59 82 84 72 84 62 76 92 93 98 97 92 79 94 103 105 114 108 119 115 104 98 100 99 83 78 84 97 91 125 97 88 84 81 86 81 86 96 94 101 100 83 97 113 108 111 126 113 113 115 87 106 112 98 105 114 101 93 88 88 
59 66 67 64 64 62 64 62 67 77 83 81 100 79 101 104 83 87 115 119 117 121 118 101 99 106 104 77 81 104 96 101 92 109 91 70 72 84 82 89 90 103 103 115 110 117 108 113 114 100 93 97 91 91 84 89 81 86 90 103 102 95 85 84 
75 79 85 102 100 56 57 56 53 64 78 76 104 90 83 90 97 104 104 90 99 116 122 96 94 100 83 84 86 91 80 94 88 99 94 57 64 84 74 77 95 95 99 110 106 102 110 120 118 109 102 104 93 88 107 96 94 94 99 101 104 93 101 100 
61 79 93 112 120 101 68 51 49 70 82 87 85 90 87 94 87 102 116 115 93 102 116 99 91 82 88 79 74 104 95 92 105 108 100 79 70 72 94 101 93 74 93 95 113 113 123 132 134 128 102 77 85 91 97 101 107 91 100 103 99 102 89 102 
74 77 107 111 88 91 73 68 57 63 69 71 77 84 90 83 78 96 110 108 99 94 99 90 86 74 92 85 85 98 99 98 109 124 95 72 74 83 99 96 109 105 112 93 103 100 107 127 130 112 113 87 79 97 94 111 116 94 92 90 87 103 97 95 
86 72 96 125 82 77 72 78 61 76 74 73 81 75 70 73 69 74 81 95 100 111 111 92 95 86 120 125 99 99 101 104 105 103 101 91 91 108 115 112 111 118 120 111 95 80 96 120 112 113 104 95 92 90 98 106 98 92 103 79 100 120 112 97 
92 80 97 116 81 78 67 69 76 108 86 76 77 87 68 69 70 54 62 66 72 95 108 81 66 69 70 87 76 87 95 96 100 98 94 83 101 104 88 103 100 103 104 99 105 90 101 128 105 109 124 93 88 90 104 91 93 87 90 87 85 109 108 110 
82 69 93 109 112 87 68 70 85 105 81 73 74 81 72 61 40 44 59 36 54 46 43 60 65 55 56 74 75 92 100 100 99 86 64 98 100 99 93 96 106 122 104 94 97 117 116 107 106 104 89 86 105 101 89 97 95 93 96 90 86 81 98 103 
63 55 93 105 124 111 103 104 108 101 83 82 85 83 91 53 57 56 56 42 59 34 41 62 36 28 46 47 69 72 72 83 103 103 91 94 101 95 97 95 93 112 95 107 102 99 100 108 95 95 93 89 88 90 89 80 81 95 113 102 110 88 93 91 
66 83 103 95 113 102 105 105 92 56 42 54 96 80 76 43 34 33 40 31 38 33 47 47 26 36 55 51 40 44 70 75 67 63 72 64 82 90 77 75 79 103 91 103 104 87 80 83 83 73 101 109 90 92 97 96 106 101 100 102 110 110 112 96 
89 88 90 90 108 82 83 103 117 88 63 80 94 79 66 53 48 58 40 41 45 34 34 26 26 37 41 41 46 48 74 68 50 55 48 34 44 39 28 51 44 68 61 62 75 87 92 73 77 93 92 100 83 94 100 104 102 91 86 83 98 101 89 91 
92 94 89 77 84 81 102 108 115 123 126 131 120 95 74 62 70 73 38 67 69 65 80 43 39 49 40 37 35 44 60 64 59 42 31 22 21 26 24 23 18 23 22 33 29 42 45 42 50 76 88 89 93 98 77 86 99 88 93 89 89 94 91 94 
87 78 90 115 113 99 103 92 96 100 99 114 89 74 64 67 48 34 49 76 88 97 109 68 77 101 68 51 62 70 52 36 34 29 31 26 26 21 19 19 21 19 18 19 19 22 25 27 21 23 52 40 47 76 97 97 88 94 95 94 86 97 101 88 
113 98 83 143 110 115 117 94 107 101 93 98 99 91 89 73 53 41 66 91 111 101 105 98 106 126 100 91 112 112 75 58 68 75 60 66 40 34 30 28 26 24 23 26 27 27 23 20 19 23 28 33 10 43 87 79 71 90 101 97 98 97 93 89 
131 128 100 121 121 112 123 130 114 106 103 100 83 82 80 106 91 64 94 119 121 89 107 126 128 125 119 121 133 133 102 102 106 119 97 106 72 76 58 68 57 47 51 51 37 28 24 26 29 27 23 28 8 32 82 78 77 94 91 89 83 94 96 87 
116 130 131 117 119 116 134 134 105 81 104 92 83 76 69 84 80 84 120 115 79 76 124 136 140 140 133 139 134 132 122 125 124 129 124 128 107 100 109 125 123 127 142 124 69 55 45 34 26 24 21 27 20 45 90 90 95 96 91 81 81 85 73 79 
109 120 134 133 124 126 143 99 94 86 95 99 100 97 93 89 82 80 64 63 51 71 113 125 135 137 138 145 135 137 138 137 137 136 129 118 129 122 144 135 143 174 186 165 137 112 87 62 40 28 24 36 30 58 84 88 101 95 99 84 79 86 79 82 
119 100 96 99 107 102 111 79 102 106 104 107 109 105 106 114 92 92 75 57 34 56 96 105 112 120 121 132 129 127 135 133 144 140 131 121 127 128 136 131 163 172 166 161 156 138 112 86 55 24 33 76 85 88 88 93 99 99 103 92 83 84 88 92 
125 102 96 83 74 80 87 91 98 112 94 100 100 106 100 98 92 104 95 76 56 56 75 89 97 103 109 111 118 111 118 121 136 134 131 116 118 126 127 140 162 170 182 194 181 149 125 87 49 61 78 94 80 87 82 94 98 87 97 96 85 78 77 77 
91 110 101 69 70 76 75 74 98 103 96 99 96 94 103 105 78 97 105 107 82 58 53 71 83 89 95 98 99 96 100 111 124 122 112 106 114 132 132 151 181 196 196 190 167 124 99 73 59 72 62 61 58 38 27 40 55 70 79 86 83 88 91 93 
132 125 97 79 91 86 74 74 84 89 86 110 122 94 107 97 81 103 106 106 79 68 71 52 64 74 84 86 89 85 88 99 110 107 93 100 112 124 141 170 191 192 173 122 73 61 70 87 81 71 66 46 52 58 34 50 23 22 35 68 80 84 85 76 
150 156 145 121 136 97 100 104 83 93 107 132 134 117 119 114 101 111 99 90 73 69 76 71 55 57 70 77 83 82 78 86 94 90 81 97 110 122 152 156 146 123 97 88 89 76 88 91 90 86 76 61 51 37 28 27 22 18 23 32 60 90 88 89 
141 162 168 132 124 116 121 113 113 104 114 133 136 140 124 98 102 110 88 62 74 70 69 73 65 64 55 67 73 79 69 72 82 82 79 95 115 128 121 69 48 47 43 58 87 106 112 113 120 127 131 126 104 78 46 30 24 19 19 23 45 93 111 106 
114 118 107 102 116 131 152 158 156 110 72 99 114 130 140 132 124 112 84 55 63 66 80 74 75 76 79 66 59 66 67 63 71 75 71 85 88 92 109 104 101 86 68 35 97 175 195 195 199 209 219 213 163 97 44 30 26 23 22 26 32 72 87 96 
124 125 113 124 105 106 118 115 123 140 122 126 118 122 139 154 123 104 88 74 75 81 77 69 80 82 97 75 68 55 50 53 57 61 61 64 77 87 101 102 100 93 96 133 202 224 225 231 238 238 229 216 147 70 37 29 25 23 22 25 50 89 94 96 
146 130 104 95 100 100 117 121 101 111 120 132 144 120 125 164 132 114 89 76 91 79 91 80 98 107 110 93 73 58 62 49 46 65 71 50 63 90 110 122 151 184 208 224 230 235 232 229 226 226 226 218 151 69 35 28 25 24 24 40 67 91 91 81 
110 110 99 113 108 113 137 114 100 104 116 120 126 120 117 123 124 125 107 80 75 69 111 96 81 95 86 90 84 70 53 33 42 52 47 61 93 117 137 146 156 159 163 193 206 195 167 158 150 155 147 124 72 39 27 23 22 25 39 63 82 86 93 84 
118 112 119 128 122 134 147 107 87 103 123 125 124 121 121 125 141 134 133 120 90 87 85 54 72 81 68 86 73 62 60 44 53 64 56 91 125 135 122 117 123 128 129 137 142 136 131 119 114 121 127 88 48 24 20 19 23 44 62 72 80 85 110 101 
105 113 108 108 116 122 145 125 97 103 109 119 118 104 127 111 129 122 120 121 119 109 99 84 73 68 59 62 67 57 59 70 68 80 55 73 89 93 95 102 112 122 127 134 138 141 138 132 126 105 82 49 24 21 21 26 35 76 99 88 89 78 95 94 
106 95 89 88 97 87 100 120 118 97 96 110 108 101 115 116 130 128 122 115 113 105 100 97 109 109 98 71 78 69 67 71 59 66 53 60 70 77 81 84 89 102 113 129 124 123 126 129 120 95 76 34 22 29 37 50 88 129 119 108 108 75 82 81 
110 107 110 108 107 106 98 110 111 110 114 124 116 115 116 120 119 117 106 104 119 121 113 107 115 127 121 103 88 84 72 56 30 47 55 54 57 61 70 80 91 99 111 126 131 129 119 112 100 77 45 22 20 26 53 105 124 127 120 110 121 92 99 92 
111 117 137 142 133 133 128 132 117 98 96 112 110 114 103 106 107 102 97 104 115 116 119 116 109 108 108 100 84 71 73 50 48 59 72 51 53 55 64 72 87 92 105 124 134 127 131 127 105 62 22 19 27 35 97 135 138 135 101 106 118 125 109 118 
110 117 113 120 133 134 140 124 126 135 118 117 116 113 103 93 111 112 104 99 107 110 107 112 102 95 102 92 90 78 94 98 100 99 103 80 51 53 60 70 81 91 105 117 131 118 106 104 83 42 20 19 24 37 111 131 133 137 134 147 157 133 126 127 
98 95 100 104 119 106 108 109 116 103 122 134 113 100 105 104 113 129 127 99 98 105 112 114 110 109 113 108 103 99 124 107 109 100 85 85 62 48 52 61 82 88 97 105 113 111 105 95 63 29 23 32 39 47 97 118 123 98 95 117 149 133 127 136 
99 100 107 113 100 102 116 112 109 99 108 118 118 118 130 117 106 110 116 112 113 102 105 103 120 111 117 103 96 94 109 88 78 83 71 74 69 49 37 41 61 76 79 87 123 107 82 68 38 22 21 27 30 41 90 117 120 89 83 94 98 101 97 117 
108 115 96 118 124 126 101 113 102 94 99 105 101 111 123 100 114 121 117 122 116 124 122 120 123 109 112 124 111 99 92 89 76 82 80 77 57 61 50 66 70 67 76 80 96 89 83 59 28 21 26 45 35 69 108 119 124 123 128 139 113 99 105 127 
127 134 117 127 144 144 99 94 110 125 105 94 107 98 107 113 118 117 122 142 131 134 127 116 109 111 103 113 111 111 107 101 84 85 80 65 65 84 81 69 73 64 54 49 49 54 57 29 19 20 27 33 30 69 108 110 121 134 132 157 149 145 153 148 
162 170 161 162 168 155 139 124 143 150 131 113 122 104 113 126 122 117 120 133 119 121 118 122 128 131 126 114 88 90 88 93 99 109 96 77 78 74 81 79 65 61 49 31 36 54 26 20 23 27 30 29 42 79 96 95 101 118 133 128 119 115 129 148 
143 133 109 124 143 144 118 126 145 166 145 136 132 112 115 121 126 123 126 119 115 123 120 130 141 133 125 116 107 101 94 96 105 91 92 92 94 86 78 78 69 72 81 67 69 59 40 39 44 38 37 45 80 86 101 113 113 111 116 127 129 93 109 140 
143 131 154 158 144 155 146 150 140 148 154 140 127 126 131 128 130 141 122 106 120 116 137 137 134 117 121 122 113 106 104 101 100 89 102 95 98 98 87 93 85 84 82 80 90 81 89 80 64 66 70 78 88 97 101 96 102 97 97 107 129 110 108 125 
133 157 177 165 155 147 119 150 159 166 159 147 114 125 130 118 136 134 142 147 149 149 159 167 165 156 145 138 120 117 111 118 104 108 103 97 99 97 88 84 94 90 83 76 82 85 86 75 68 71 71 70 76 88 101 103 107 110 108 107 134 126 121 115 
127 140 146 154 161 143 133 114 111 158 164 144 106 138 152 157 154 145 144 160 163 167 160 161 148 149 141 135 131 144 134 134 120 115 105 95 104 107 106 88 73 81 90 82 83 80 76 62 59 66 74 74 85 76 74 90 86 78 96 104 123 132 144 143 
161 154 148 160 154 126 138 145 135 170 154 138 127 148 161 161 137 117 107 123 114 127 152 169 152 154 148 134 120 141 136 119 124 116 116 93 80 98 109 95 91 89 84 74 81 86 70 69 70 72 73 89 114 124 123 120 111 103 114 108 125 139 153 161 
152 153 163 170 148 118 135 139 123 110 116 110 124 150 162 148 142 139 146 139 104 115 142 158 152 163 146 132 138 145 131 116 118 131 140 124 107 93 98 101 100 94 102 105 97 99 96 89 94 94 101 98 105 119 117 86 71 72 117 138 160 155 160 163 
28 46 94 136 156 147 147 134 129 121 107 90 118 128 130 143 154 181 182 142 150 162 166 178 175 164 170 170 171 170 148 133 144 150 148 137 120 113 130 126 120 108 110 103 98 93 100 95 84 91 88 90 94 87 86 64 76 70 103 118 132 135 137 133 
6 6 7 25 64 109 133 144 133 125 122 99 114 128 136 109 138 158 173 146 141 142 158 166 192 172 166 164 181 189 160 139 155 143 121 124 134 128 135 130 121 114 106 94 101 100 112 105 95 99 92 100 109 98 105 93 99 103 107 118 112 111 122 119 
11 10 8 8 10 17 38 86 111 112 119 121 125 127 130 105 106 136 152 130 115 94 86 123 159 134 122 146 162 167 167 154 153 161 145 129 128 117 136 142 138 131 110 113 112 102 119 116 105 109 96 84 89 80 105 114 120 112 114 110 107 94 113 123 
11 12 11 12 12 11 7 13 29 39 29 25 42 72 88 86 93 119 137 152 138 135 106 126 140 126 134 160 163 173 179 179 167 161 142 142 136 122 142 140 138 145 122 103 95 102 108 98 108 113 122 109 90 92 109 120 116 103 91 104 103 92 80 108 
10 13 16 16 24 24 23 18 10 15 19 11 6 31 48 34 43 55 77 113 148 155 170 152 131 121 136 171 172 164 159 168 164 169 144 158 150 158 165 157 148 138 125 130 116 115 106 112 128 141 143 122 94 103 105 113 102 102 98 94 103 101 105 112 
13 12 14 18 31 47 49 41 34 25 19 11 4 5 16 21 32 27 16 32 46 61 94 133 137 141 148 172 167 172 176 183 174 162 146 187 169 170 175 163 155 145 126 126 111 113 105 111 112 105 110 99 80 92 101 102 86 77 65 64 77 112 107 112 
18 18 14 11 13 37 61 68 67 73 72 57 38 21 8 5 12 15 7 10 14 11 11 30 74 112 139 164 164 150 146 148 154 171 169 185 163 138 127 162 168 165 162 144 124 123 124 120 135 118 104 101 94 103 110 90 81 86 92 98 80 107 129 113 
24 30 22 24 9 5 8 19 37 58 58 63 60 58 54 40 20 8 4 2 4 6 4 4 4 12 35 80 118 131 169 181 182 168 126 148 145 135 145 149 164 172 167 156 135 135 147 141 128 110 117 102 99 92 102 74 78 90 94 114 121 109 95 81 
47 42 32 33 36 23 3 2 14 47 59 58 40 29 28 44 55 63 50 33 21 11 4 2 2 2 3 9 21 28 57 144 186 187 194 196 192 191 171 147 140 127 144 175 161 144 164 151 107 87 115 135 126 113 100 85 60 56 63 83 111 116 105 98 
79 60 28 34 44 42 12 3 4 29 57 61 63 41 22 10 13 59 65 68 71 49 21 9 2 2 3 7 16 31 35 31 55 66 77 100 121 137 111 99 106 155 190 189 169 143 153 119 71 86 113 150 147 139 113 107 124 116 85 82 66 85 81 88 
63 70 64 54 51 48 40 17 5 8 31 51 72 70 48 39 13 11 28 41 52 43 28 21 9 4 3 4 8 17 31 30 20 4 3 4 8 16 16 52 161 205 204 215 211 187 153 98 61 91 104 122 135 130 104 106 125 117 75 44 54 98 84 84 
34 73 84 79 72 69 56 40 26 5 17 51 61 49 47 55 33 6 10 29 47 51 34 20 23 12 3 3 3 10 22 24 31 22 6 2 2 3 3 10 91 156 175 211 212 208 204 180 159 138 124 130 149 136 129 125 101 76 56 45 61 96 97 102 