


75 64 62 63 65 63 64 78 106 112 112 113 107 111 108 105 112 121 114 123 126 112 116 112 89 89 85 87 88 85 86 86 85 85 82 86 88 68 38 24 36 31 20 16 37 55 54 56 61 52 47 41 36 36 44 45 44 48 62 69 83 99 111 110 
76 63 61 64 64 63 63 72 106 114 107 93 104 108 110 107 105 112 114 120 119 118 119 113 93 89 89 89 90 82 91 86 89 82 85 87 86 77 45 18 26 32 26 22 22 30 47 60 59 52 51 46 43 37 36 27 30 28 40 50 60 85 104 110 
74 62 61 64 67 64 67 70 109 119 95 106 107 102 106 112 113 123 127 121 109 103 106 113 96 95 90 95 92 86 93 88 82 83 80 81 84 70 46 21 18 30 26 20 14 20 23 29 32 35 39 37 37 31 24 19 21 20 19 27 35 55 89 106 
80 65 65 66 69 73 72 69 107 115 98 99 90 105 119 121 122 128 137 140 139 125 102 95 84 80 80 89 88 87 90 87 77 68 59 53 50 44 34 24 22 36 23 19 15 15 20 23 23 22 23 23 21 20 18 14 11 10 14 16 19 29 44 64 
85 74 68 73 71 71 74 76 109 112 107 91 83 101 115 122 126 130 131 132 140 140 133 119 96 79 73 76 74 76 75 73 63 55 56 56 52 52 48 40 38 40 28 28 18 14 16 18 22 20 27 25 26 32 27 24 16 13 15 16 18 21 21 26 
85 71 66 77 71 64 69 73 104 115 115 93 77 89 97 112 121 127 131 130 135 136 142 141 131 125 121 116 100 55 55 62 61 65 73 68 64 65 48 49 64 47 38 40 27 22 19 20 24 23 24 25 25 29 28 24 24 28 30 27 24 24 15 11 
78 66 65 64 66 69 67 72 97 108 112 99 79 78 80 92 106 117 127 135 139 136 142 142 136 134 123 112 93 41 46 51 54 60 67 66 65 53 49 83 94 65 45 52 48 40 29 23 23 17 23 23 21 22 25 27 30 48 62 59 46 42 37 35 
71 57 52 53 56 53 57 57 79 93 93 94 90 69 66 84 96 109 121 120 122 127 128 124 123 124 113 89 62 37 43 60 60 70 75 59 44 47 66 99 117 89 59 55 63 51 43 36 28 18 18 17 17 33 33 30 33 63 81 68 67 53 53 52 
69 56 49 49 52 55 57 57 78 99 102 102 99 89 64 68 84 101 108 103 104 108 109 113 119 112 106 68 55 53 60 65 76 75 45 37 44 71 101 122 130 117 68 59 70 69 59 47 39 25 27 25 39 34 24 26 34 76 76 73 75 61 60 59 
75 62 53 51 58 55 56 56 75 98 97 99 101 94 81 61 58 75 94 97 99 98 106 108 88 77 71 54 59 53 54 53 52 44 25 48 61 86 119 151 160 150 107 71 69 80 67 60 49 36 32 50 50 29 27 31 50 60 44 58 73 72 76 80 
72 65 55 50 53 52 54 53 69 96 98 100 104 104 94 78 56 56 72 76 107 103 103 75 57 59 55 53 67 59 65 77 81 56 38 72 76 90 128 158 166 165 142 110 83 83 87 76 60 46 50 53 49 40 36 33 64 54 47 43 57 68 80 78 
72 66 50 54 56 56 56 57 64 95 99 102 105 108 104 70 70 53 42 53 70 82 78 66 66 63 65 72 62 60 60 71 95 86 71 84 88 104 146 166 165 161 151 137 119 96 107 87 75 64 54 55 49 54 46 45 50 55 58 47 53 64 66 65 
73 68 51 56 60 55 59 62 66 92 91 97 98 99 94 67 41 69 60 45 36 58 80 76 76 69 65 55 53 70 56 56 71 80 102 139 97 113 149 164 164 148 149 148 140 104 113 108 87 67 63 63 55 64 56 69 56 56 69 61 65 68 57 59 
79 71 58 56 53 51 52 51 60 101 109 109 107 96 95 85 40 32 54 52 32 68 79 79 76 72 53 56 62 82 64 68 78 99 89 143 112 105 146 165 161 152 158 157 145 114 120 129 98 68 69 52 65 74 68 71 67 68 63 69 63 80 68 67 
78 76 63 56 52 52 57 56 58 95 112 105 104 97 93 67 33 25 25 30 56 69 82 84 78 73 73 82 89 100 99 102 112 133 99 115 126 96 140 168 167 169 173 174 159 134 121 133 99 80 62 65 69 71 67 74 75 61 57 71 77 78 84 90 
77 74 59 53 52 54 54 54 56 84 104 102 99 101 92 39 23 37 43 35 31 37 72 92 70 66 76 67 54 51 54 74 102 135 139 97 136 113 142 162 168 178 181 178 168 152 141 131 106 67 64 76 67 62 75 71 70 53 52 85 82 81 103 96 
78 77 55 51 54 53 53 57 59 85 101 102 99 99 76 26 18 36 61 45 30 39 76 74 70 75 74 90 80 68 59 43 63 136 123 97 141 137 130 156 169 180 183 181 175 181 179 157 112 80 77 82 78 67 74 74 71 53 50 77 79 87 101 87 
80 80 57 53 58 53 54 60 60 79 103 106 102 99 64 17 13 30 46 58 67 66 82 91 105 102 93 95 85 72 91 94 101 146 131 77 111 125 112 143 170 188 199 199 196 205 201 179 141 99 86 77 75 73 74 77 72 59 45 67 74 88 108 72 
87 88 68 55 55 57 59 57 60 73 97 99 91 89 41 11 11 10 16 25 34 46 50 54 72 80 88 87 91 92 115 116 106 127 159 103 61 62 53 78 124 191 216 219 215 214 203 191 168 110 87 74 64 72 76 69 77 69 50 52 71 85 93 59 
81 79 66 58 54 57 58 54 57 72 100 108 105 100 27 6 8 14 18 15 30 42 36 57 78 103 92 82 103 120 122 130 119 105 116 132 118 78 49 66 129 202 224 227 225 223 212 197 178 124 90 72 69 67 81 70 88 74 59 51 77 101 68 44 
82 88 73 56 55 54 56 52 51 69 104 108 101 79 15 7 12 31 30 33 48 56 55 59 83 102 95 115 136 140 148 148 146 139 120 110 106 107 133 156 174 191 204 222 228 223 218 208 190 152 125 89 72 66 82 75 73 76 68 57 81 90 43 28 
71 79 72 52 52 52 52 52 55 66 93 96 93 45 13 16 21 36 52 62 59 65 77 97 118 116 91 94 116 133 148 151 157 176 170 133 138 170 194 193 187 182 178 186 217 219 217 204 183 160 149 117 77 72 70 78 67 56 66 67 94 81 48 27 
73 74 65 53 52 56 52 54 57 57 89 95 78 31 32 37 56 69 44 43 57 88 128 130 110 93 71 70 93 115 123 128 126 143 146 154 173 182 189 190 188 184 176 167 179 202 203 186 172 170 168 140 100 76 71 75 75 63 55 64 73 68 49 28 
76 75 70 55 52 56 52 57 57 58 88 93 63 37 34 31 37 82 73 72 86 92 95 106 110 117 108 104 118 123 116 107 106 113 114 106 114 137 143 149 149 138 121 126 122 148 168 167 176 178 182 168 130 94 76 71 68 71 55 54 48 56 38 24 
79 72 67 55 56 58 54 59 56 58 84 71 60 70 69 59 44 83 85 89 90 98 96 90 98 106 118 126 129 133 141 156 158 143 122 100 80 87 83 83 86 66 70 93 116 155 152 166 184 182 179 175 146 130 101 73 60 58 55 32 37 61 45 30 
74 70 76 62 65 58 54 59 66 73 84 80 78 59 50 47 49 91 80 87 88 88 84 88 83 61 50 60 83 126 161 171 146 100 71 49 31 47 59 69 86 98 124 174 188 191 163 163 180 181 176 167 144 143 144 118 79 62 52 35 31 60 45 27 
90 91 94 79 75 80 80 77 68 66 64 68 76 69 71 77 84 91 81 87 78 84 73 88 101 98 101 111 137 165 158 117 79 101 109 84 46 35 63 100 117 134 153 166 177 180 162 159 180 182 171 164 153 152 155 149 130 105 71 46 20 34 47 34 
91 94 101 98 94 89 81 79 79 85 86 89 101 101 107 99 105 95 86 85 89 78 73 75 98 106 113 136 161 164 132 113 116 164 145 109 103 89 99 119 118 114 121 144 163 163 154 155 174 167 165 162 155 158 157 148 142 133 94 50 17 28 50 50 
93 107 111 98 94 97 95 101 108 112 111 108 113 104 118 110 124 89 80 83 80 90 80 71 69 73 95 123 148 150 150 104 146 124 100 88 98 112 114 107 104 104 130 137 147 143 137 151 161 175 182 153 110 137 158 152 144 126 81 50 15 27 36 47 
91 128 107 110 113 117 113 120 128 131 125 124 118 107 114 117 129 110 92 89 76 76 76 69 71 74 101 111 104 100 112 145 125 104 101 97 107 121 118 101 102 116 128 134 135 126 140 158 172 197 191 110 84 118 132 138 132 104 70 63 20 15 33 58 
95 130 113 118 128 131 127 131 138 140 141 138 140 131 128 130 133 127 101 87 89 78 82 86 82 86 109 107 85 121 148 130 106 107 105 107 112 132 130 119 127 134 138 135 135 143 159 168 175 187 195 117 72 133 145 135 106 77 63 68 32 16 43 105 
80 113 125 116 119 122 127 135 139 141 144 144 149 145 144 132 124 136 120 93 84 81 84 83 84 94 111 104 116 144 126 96 107 108 112 126 100 133 137 137 143 141 143 135 125 119 121 139 163 181 188 165 140 144 154 136 97 70 54 69 49 29 50 117 
88 90 108 116 107 104 112 123 137 146 148 148 147 150 147 124 115 124 119 110 87 71 80 79 83 75 73 73 70 90 82 86 116 122 111 119 87 100 127 139 145 147 149 139 97 92 78 78 130 152 146 143 152 153 146 113 76 77 44 65 67 55 67 109 
95 94 93 87 76 83 97 102 116 121 128 133 130 128 134 124 96 94 103 98 85 69 70 75 77 75 78 69 43 68 75 92 109 122 115 128 104 63 115 136 135 142 140 108 80 69 63 102 148 144 138 149 151 131 124 81 63 79 41 44 71 81 87 97 
95 96 98 90 75 70 69 72 74 66 63 104 115 103 106 114 106 99 83 55 49 54 59 63 82 91 99 82 45 47 75 106 113 120 135 135 116 64 73 78 73 110 110 93 83 69 122 172 181 158 140 144 157 128 82 46 55 63 40 25 52 94 104 94 
84 90 88 79 73 62 61 66 67 64 48 57 89 109 105 95 85 75 57 42 51 71 61 52 63 71 78 82 74 61 64 87 90 88 91 110 115 108 92 56 64 92 92 99 119 132 158 166 167 161 142 135 133 90 48 28 43 57 44 23 39 76 100 84 
65 70 67 58 43 46 45 50 44 44 38 49 58 71 94 101 103 93 66 53 64 70 67 61 65 73 81 78 79 73 67 61 55 42 52 79 99 108 91 82 100 100 96 118 136 145 141 146 146 155 143 123 94 65 34 24 21 42 58 40 42 67 82 85 
64 66 65 62 48 39 40 44 44 46 40 62 50 48 51 52 63 57 55 73 72 62 62 78 75 83 99 96 74 43 65 90 82 68 64 98 130 114 78 63 59 85 99 121 131 129 109 126 129 137 129 95 92 70 45 22 18 27 55 60 59 66 60 68 
58 56 69 61 48 39 39 42 47 44 42 77 63 36 52 48 36 42 64 74 59 67 71 82 89 107 121 90 72 97 124 116 106 102 115 136 118 73 66 74 72 82 90 116 131 119 110 121 123 117 104 72 89 67 45 28 22 22 41 58 59 39 33 44 
62 60 68 61 51 45 40 42 44 44 45 68 73 40 39 51 46 37 44 53 49 66 72 79 89 114 84 69 94 101 88 60 53 71 115 96 64 102 83 67 73 90 92 111 116 108 123 129 129 106 84 69 73 80 64 41 31 37 45 61 66 33 19 21 
85 88 94 92 79 66 65 63 63 60 66 88 118 101 54 41 43 28 35 36 50 65 66 81 106 98 69 75 69 63 57 60 74 97 116 96 94 99 75 85 101 112 114 114 113 102 132 147 129 103 84 64 57 65 70 49 39 35 44 66 78 51 23 19 
108 106 112 109 88 77 77 72 76 73 84 101 119 110 64 32 23 20 23 30 55 71 83 70 89 98 81 75 82 84 96 88 83 90 110 104 108 97 90 88 105 121 129 135 126 121 134 137 122 100 76 63 59 52 68 56 51 50 54 76 89 67 40 29 
105 102 109 106 94 75 78 69 73 74 75 87 104 66 39 18 12 15 24 36 67 89 65 71 99 82 67 70 78 76 77 72 71 85 85 100 100 96 95 90 102 117 137 148 152 136 136 122 106 82 68 60 59 68 71 68 60 63 76 77 84 71 58 49 
101 96 99 99 87 71 75 68 74 70 76 75 52 27 25 10 8 11 22 53 76 56 50 72 86 73 65 76 81 76 75 73 83 95 91 96 93 91 97 103 116 121 143 148 156 149 131 105 75 69 70 61 55 77 82 83 71 78 87 73 80 68 66 70 
103 104 102 102 89 80 85 74 70 70 65 44 18 14 12 8 9 10 11 27 40 49 76 72 73 60 58 72 74 77 83 87 97 102 87 96 97 101 105 121 122 123 136 136 136 130 119 88 65 62 69 67 53 67 90 97 91 90 98 69 51 47 60 60 
104 102 100 100 86 81 85 80 74 70 49 30 18 14 9 9 11 11 15 21 30 56 55 57 61 58 57 74 85 80 88 92 95 90 90 105 104 107 113 125 127 133 132 118 113 123 111 76 59 65 68 77 72 82 95 109 108 99 109 67 28 25 38 36 
103 102 103 98 90 80 80 69 65 59 40 21 12 9 10 14 17 14 19 15 31 47 43 44 54 68 56 67 84 85 90 91 90 88 85 83 87 106 120 128 128 130 121 100 111 107 90 75 62 75 84 95 96 102 109 113 113 104 116 80 29 24 25 20 
103 101 99 98 88 77 78 76 63 49 37 12 8 7 11 18 19 16 17 15 37 48 45 56 55 67 62 60 78 68 75 77 79 88 86 77 82 110 129 128 131 127 106 84 115 95 76 75 70 80 99 112 120 120 122 122 120 108 117 98 54 31 27 30 
101 101 100 102 92 78 78 74 64 53 27 9 9 9 11 19 24 21 15 22 43 49 45 47 57 80 79 61 68 67 73 75 79 89 94 78 63 102 120 125 131 118 80 76 98 80 77 71 80 95 111 121 134 132 132 129 125 107 115 107 85 61 55 51 
106 103 101 98 94 75 71 73 63 47 15 9 12 12 9 18 22 22 20 33 46 50 47 60 75 72 86 68 66 68 70 77 84 87 94 80 48 66 89 119 131 120 67 74 80 80 95 103 110 115 124 130 138 136 136 136 124 101 105 102 85 75 74 68 
89 88 89 85 85 67 67 66 57 37 14 7 8 11 10 20 23 28 33 49 52 68 77 68 61 66 88 84 70 68 80 82 87 88 95 86 52 39 80 110 122 109 68 76 76 87 107 126 138 139 140 139 139 137 138 136 117 93 90 83 77 73 69 73 
82 82 83 77 81 62 64 62 57 38 17 8 7 8 12 21 27 33 40 55 73 85 79 78 82 86 105 110 86 78 82 82 84 83 91 86 61 38 85 116 118 89 65 82 94 101 112 131 145 148 142 136 133 136 139 130 112 86 56 52 64 57 59 63 
86 82 83 83 85 60 58 58 60 49 24 9 7 7 12 19 25 33 63 84 90 99 105 106 111 112 114 115 93 75 72 70 72 73 75 76 52 47 92 111 99 69 71 84 96 119 134 146 147 139 136 132 127 135 139 125 113 87 37 31 43 43 44 46 
85 81 82 82 79 57 55 54 57 51 34 11 6 7 10 17 27 66 98 100 107 117 127 127 124 120 118 91 81 65 68 70 77 73 75 75 59 50 83 89 70 65 72 80 100 121 136 141 141 134 128 124 132 138 136 118 115 100 56 31 34 37 27 20 
77 75 81 80 74 61 53 53 54 54 48 27 9 8 10 19 69 103 101 113 118 125 133 138 132 125 127 105 82 74 66 66 66 68 67 61 58 44 64 68 72 82 86 91 108 122 132 135 134 129 124 118 135 139 128 107 104 103 75 39 33 42 30 19 
75 75 80 76 73 57 57 57 55 55 51 42 19 9 11 50 104 100 111 119 127 130 133 133 134 126 127 125 107 80 69 66 62 61 57 57 57 46 56 70 82 88 100 119 130 130 124 126 133 131 122 116 132 125 117 101 92 100 82 48 36 50 42 33 
71 69 73 74 69 57 55 56 58 58 54 51 50 24 21 93 102 102 114 121 127 130 132 129 128 130 117 117 110 86 69 65 61 58 53 49 51 59 65 73 80 93 113 126 131 134 123 117 116 119 113 105 120 112 113 101 90 92 70 43 32 48 52 58 
72 68 74 73 73 60 49 52 56 52 53 51 62 47 40 101 98 99 110 115 119 125 132 128 118 129 122 114 112 79 56 65 61 62 59 54 56 65 69 78 90 105 117 126 125 122 117 111 111 113 103 99 102 101 95 88 82 85 58 37 38 61 75 67 
66 66 71 72 70 57 51 53 55 54 56 53 60 78 63 99 104 100 106 111 117 124 122 118 112 126 116 99 79 56 45 55 58 61 61 59 55 58 67 79 97 115 123 123 116 105 107 103 107 106 92 91 82 93 87 80 73 74 48 31 39 56 67 68 
67 68 69 71 68 56 49 46 49 50 50 48 60 84 75 77 91 101 107 109 109 104 98 80 72 69 50 43 47 59 58 62 62 60 61 60 61 59 56 79 108 119 116 113 110 99 95 96 102 96 86 81 65 82 76 70 74 74 49 26 30 42 54 62 
67 68 68 71 69 56 51 48 50 49 54 53 63 94 96 89 66 68 66 64 66 61 54 48 48 57 50 53 66 85 89 88 85 81 72 67 71 66 61 81 106 117 113 107 105 102 92 96 100 93 87 81 58 71 71 62 63 70 52 33 31 31 46 53 
62 61 62 62 67 54 47 47 45 46 49 54 62 98 102 92 78 75 62 63 63 62 58 58 57 57 58 60 73 86 82 84 81 82 81 76 66 63 69 92 110 113 108 99 93 97 92 86 96 86 87 75 56 58 57 48 41 64 54 29 28 27 33 48 
58 62 63 67 64 53 46 45 47 47 47 50 58 89 91 96 87 82 70 62 63 59 57 63 66 66 69 69 68 74 75 75 70 70 69 68 56 61 73 99 114 109 101 89 83 85 79 70 85 87 86 73 51 54 56 43 32 54 55 34 24 24 28 44 
55 57 61 62 62 50 44 49 45 47 48 45 54 82 84 88 81 82 85 77 70 57 55 57 62 62 65 60 61 61 64 64 59 54 53 49 51 65 84 100 104 99 85 72 74 73 76 69 83 89 89 66 48 51 62 43 33 49 56 45 37 25 21 43 


43 47 47 49 50 50 49 57 74 79 81 81 72 79 73 68 77 86 81 91 92 79 84 88 80 80 77 79 78 73 74 80 78 77 76 78 80 61 34 21 33 26 17 12 30 47 45 45 48 38 34 31 28 29 35 35 33 35 49 56 74 91 101 96 
46 49 47 49 50 49 47 52 74 81 76 70 86 90 92 85 78 83 85 89 85 85 84 86 81 80 80 83 82 72 79 77 76 73 76 76 79 73 42 17 23 32 24 19 16 24 39 49 48 41 39 35 33 30 30 22 23 22 30 39 52 77 94 98 
38 48 47 50 53 50 51 53 79 84 68 92 94 88 88 94 91 104 109 101 88 75 71 82 81 84 80 86 83 74 84 81 72 74 71 72 75 64 44 20 16 31 26 21 13 15 16 21 24 27 30 28 30 25 20 16 17 16 17 23 30 48 80 97 
39 48 49 51 54 57 56 53 77 80 74 86 76 90 103 103 103 113 119 121 121 104 80 72 69 68 71 79 77 74 82 81 69 61 50 48 46 40 33 24 21 36 23 20 14 13 14 17 16 14 16 16 15 15 15 12 9 8 12 14 17 27 40 59 
36 51 52 58 56 55 56 60 81 78 80 78 68 86 105 111 118 124 119 110 118 118 113 97 70 53 50 51 52 58 63 61 53 49 50 49 47 46 43 36 35 38 26 30 19 13 15 14 17 15 18 16 16 21 19 19 13 10 13 14 15 18 18 23 
36 48 49 57 55 50 53 57 76 82 85 74 62 73 87 103 114 122 122 116 116 113 126 122 102 100 95 86 72 37 41 49 51 57 62 59 57 58 39 39 57 42 35 39 28 22 18 17 20 18 19 20 19 21 21 19 19 24 26 24 20 20 13 10 
35 50 53 51 55 57 57 61 76 83 86 77 64 62 67 81 97 106 119 127 130 118 123 131 119 112 97 87 75 33 38 42 46 52 59 58 59 49 41 68 81 53 39 47 45 38 27 21 21 14 19 19 17 19 22 24 25 38 54 50 39 37 34 31 
38 51 52 51 56 53 59 59 75 81 83 83 74 56 54 74 87 100 113 112 116 115 110 110 109 106 95 70 48 33 39 54 56 63 68 52 36 41 55 81 101 74 46 47 58 50 42 35 26 17 16 16 14 31 32 25 27 52 68 55 54 46 46 44 
39 48 50 50 54 57 59 59 75 88 91 91 88 73 52 55 74 90 99 93 96 100 98 102 107 98 95 57 48 49 55 59 69 68 40 32 38 61 89 107 115 103 55 47 60 63 56 47 37 23 25 23 35 32 21 22 28 65 63 61 62 51 52 49 
38 49 54 53 59 56 58 57 69 89 87 89 90 84 68 50 47 64 83 86 93 91 95 97 77 66 62 47 53 48 48 48 47 40 22 42 53 76 107 135 145 132 83 48 56 70 62 57 47 31 29 46 46 26 22 27 45 52 36 48 62 61 63 67 
40 48 57 50 54 54 56 55 67 86 86 89 92 93 82 66 48 48 60 66 98 94 92 66 50 50 49 48 60 53 58 71 77 52 33 64 67 77 112 140 150 148 112 75 66 70 79 72 55 40 47 48 43 36 33 28 55 47 41 36 48 58 67 67 
40 49 52 54 57 58 59 59 63 84 87 90 92 96 89 59 60 45 36 44 60 71 70 61 59 54 56 64 54 52 52 61 87 79 65 79 77 86 124 143 145 135 118 103 99 82 96 81 66 58 50 51 46 50 40 39 44 47 51 42 46 58 56 57 
39 46 52 58 60 57 63 64 67 84 83 89 89 88 84 59 35 59 54 40 29 51 73 69 69 62 57 48 46 63 49 50 65 72 91 132 86 91 119 137 138 110 118 121 117 87 97 96 77 59 59 60 50 57 51 59 53 51 62 55 57 62 51 53 
43 42 57 57 53 52 51 52 61 87 92 93 92 87 85 73 33 27 46 44 29 62 73 70 68 66 48 51 57 75 60 65 74 92 79 132 101 85 114 136 130 118 136 136 125 97 101 113 88 60 65 48 58 69 64 62 59 61 55 61 58 73 63 62 
45 44 60 54 51 54 58 58 60 86 95 90 90 89 83 57 27 22 21 26 51 62 76 76 70 66 66 76 83 92 93 99 106 127 91 103 117 80 110 136 136 141 154 159 148 120 100 114 86 72 54 58 63 63 60 63 65 53 49 63 70 71 78 84 
36 43 55 54 53 55 56 57 59 79 91 90 86 90 78 30 21 35 39 31 27 33 66 83 62 60 68 63 49 46 47 66 94 130 128 86 124 97 109 129 139 154 163 164 159 145 130 118 94 58 57 70 63 56 67 62 63 48 46 78 75 74 97 90 
33 38 49 55 58 56 54 61 61 77 86 87 86 87 61 19 17 37 58 43 31 38 71 68 68 70 67 85 74 61 52 37 57 129 115 90 121 116 100 124 143 160 167 164 161 177 174 154 103 72 68 76 74 61 65 65 61 47 43 69 73 82 94 81 
41 44 50 57 60 54 57 62 61 74 91 93 89 86 51 12 11 29 45 57 64 63 77 86 98 96 87 88 76 65 83 86 93 137 122 69 85 99 94 123 150 172 192 192 194 208 202 178 137 88 77 70 69 67 65 67 63 54 40 58 68 81 102 65 
49 46 55 55 58 59 61 59 59 70 86 92 88 81 33 8 8 9 15 24 33 44 47 49 68 77 81 79 84 85 108 109 98 115 145 95 51 49 44 70 116 188 219 225 220 220 207 195 172 105 74 65 56 63 68 59 67 61 45 44 63 77 85 49 
47 47 56 60 57 59 60 58 59 70 88 94 92 85 20 5 6 13 17 14 28 37 33 51 72 98 88 79 99 116 115 124 114 98 104 118 105 66 42 59 127 205 228 231 229 227 216 202 182 126 81 61 59 56 72 59 77 63 51 44 69 94 61 36 
40 46 51 57 57 55 57 52 54 68 89 93 87 63 11 6 11 30 29 31 45 50 50 52 78 93 89 112 134 135 144 144 143 135 114 97 92 94 124 154 173 189 202 222 230 225 222 213 194 156 125 81 61 56 71 64 60 65 58 50 73 83 38 23 
33 36 41 42 45 43 44 45 49 55 70 74 69 31 10 15 20 35 50 59 56 60 72 93 111 107 83 88 110 128 143 147 155 177 171 128 134 168 193 189 178 168 162 171 209 211 218 206 184 158 150 114 65 61 59 65 54 46 55 57 86 73 40 23 
27 25 29 37 38 40 36 37 39 39 60 64 50 22 30 35 53 65 42 42 53 82 120 120 98 81 62 63 84 107 116 121 119 136 139 148 172 179 184 183 174 165 152 139 154 192 201 184 168 164 168 140 90 61 56 60 61 49 42 54 66 61 41 24 
24 25 30 36 37 39 37 40 38 41 60 65 46 32 31 25 34 75 67 68 81 84 82 94 101 110 104 98 110 114 107 100 97 103 104 96 101 126 128 138 140 129 81 77 87 131 164 162 167 169 179 169 129 82 59 56 52 55 42 45 42 49 32 20 
24 22 28 35 37 39 38 40 38 44 59 52 53 61 60 50 38 76 78 81 82 90 86 80 91 100 108 117 119 125 132 146 146 130 108 86 63 66 58 60 70 59 50 77 109 153 151 158 172 172 176 175 146 127 90 59 44 43 43 27 31 54 38 26 
23 28 30 33 39 37 36 43 50 59 70 65 63 48 41 39 43 82 72 80 79 80 77 81 77 57 43 50 73 116 151 157 133 85 58 39 24 35 44 53 65 79 109 162 183 191 161 156 172 176 176 167 148 143 142 112 64 48 43 31 27 53 39 23 
25 23 26 31 40 52 61 59 54 53 52 56 65 58 61 65 73 80 71 77 70 75 65 82 96 91 95 106 129 155 146 109 73 83 87 68 41 30 53 88 102 117 137 149 160 167 149 152 177 183 173 164 158 153 153 147 124 98 63 42 17 29 42 30 
22 23 43 69 74 71 64 61 65 71 74 79 91 90 98 88 91 82 78 76 79 67 63 68 90 101 107 130 154 154 122 108 101 144 125 97 92 82 89 110 110 106 109 128 143 144 138 150 175 169 167 165 158 158 156 147 141 133 93 46 16 24 45 44 
26 62 90 82 77 81 80 88 98 101 101 100 104 97 108 99 111 76 71 74 72 80 72 64 62 65 87 117 143 140 137 93 133 111 92 82 91 105 104 99 97 96 120 124 130 128 125 147 162 177 187 161 119 137 157 152 143 126 78 46 13 23 33 42 
53 111 95 97 100 104 102 112 121 120 116 118 110 97 104 104 117 97 81 78 67 65 67 62 64 67 91 104 98 91 102 134 117 95 95 90 100 115 112 93 95 105 119 121 122 116 136 156 169 198 197 116 82 118 131 136 131 104 64 59 18 12 32 56 
69 114 99 104 113 115 111 118 132 133 133 129 129 113 111 115 118 114 89 77 78 68 73 77 72 77 98 96 75 112 139 120 98 100 96 98 103 125 122 110 117 126 129 126 127 135 152 160 164 177 196 123 74 135 149 135 105 74 56 63 29 14 40 106 
33 87 112 101 98 96 103 115 121 127 127 121 128 126 130 113 103 122 107 82 73 73 75 74 77 87 102 92 103 134 115 86 99 101 103 117 92 123 126 126 132 129 136 127 116 105 108 127 147 168 185 169 144 146 157 139 97 64 48 64 48 28 47 117 
22 30 66 90 88 82 86 96 105 115 117 121 127 134 131 98 89 108 105 98 75 63 72 71 76 68 67 65 63 82 73 80 110 114 102 110 80 89 114 127 131 136 137 130 89 77 57 65 123 148 146 147 156 156 148 114 70 71 40 61 67 55 65 110 
22 22 23 31 43 59 75 80 90 97 107 112 108 98 109 99 71 75 87 87 77 63 64 70 72 70 72 62 39 60 66 84 101 111 107 119 93 58 107 123 120 130 128 97 77 63 53 89 140 141 137 149 154 135 126 81 57 73 38 41 70 82 87 97 
22 21 21 27 30 34 37 38 43 39 53 85 95 77 74 80 83 83 70 48 43 49 53 58 76 85 93 74 42 42 68 97 104 112 127 125 107 59 64 69 62 99 95 75 67 59 107 151 159 142 130 137 153 129 79 42 49 57 38 23 50 95 102 92 
22 21 20 25 33 36 38 38 36 33 32 47 72 93 90 77 69 62 49 37 44 62 54 46 57 66 72 76 67 56 60 81 84 81 84 102 107 99 81 48 52 81 76 80 90 108 134 140 137 137 123 123 125 88 44 23 37 51 39 21 37 74 97 80 
22 23 22 25 34 40 38 42 37 38 33 41 46 58 80 90 92 80 56 46 58 63 61 56 59 67 73 71 71 68 62 54 48 37 45 70 88 96 77 67 80 88 81 100 108 118 118 121 116 129 119 111 86 59 30 22 18 37 51 37 39 63 76 78 
22 24 24 25 38 35 37 40 40 41 35 51 39 43 42 41 53 47 48 68 67 58 58 73 69 78 90 88 65 37 57 81 73 59 55 85 114 97 62 49 46 74 83 107 112 110 90 106 102 113 108 84 84 64 39 19 15 23 49 54 55 62 54 60 
22 24 26 27 39 36 36 39 43 39 37 64 47 31 46 37 29 37 61 69 56 63 66 77 83 100 112 82 65 88 112 104 95 89 102 122 103 59 43 53 58 69 75 103 116 106 92 101 97 95 87 63 81 62 39 23 18 18 35 52 56 35 27 38 
25 23 25 31 41 42 37 37 40 39 40 58 57 29 32 43 41 33 41 49 46 59 67 75 83 107 79 60 84 92 78 50 42 55 99 81 51 82 63 53 62 78 80 99 104 96 105 108 108 87 71 61 66 73 55 34 25 31 39 56 64 32 16 18 
39 37 40 39 50 55 55 50 50 49 54 70 89 71 39 36 40 26 31 33 45 59 61 76 98 91 62 66 60 54 46 49 63 85 102 81 79 86 66 73 90 101 100 101 101 88 113 128 111 90 74 56 51 57 61 42 33 30 40 62 73 49 20 18 
50 44 54 56 56 61 63 58 59 57 67 80 87 77 44 27 20 17 20 27 49 64 77 68 84 92 74 67 73 73 86 80 74 80 100 91 97 85 81 76 90 105 113 118 113 106 117 120 107 87 66 55 53 44 61 50 46 46 51 73 84 63 36 26 
44 44 51 47 57 59 64 55 57 57 59 68 75 46 29 14 9 12 21 32 61 83 62 67 92 76 62 62 67 63 64 62 60 76 76 86 87 84 85 78 83 96 117 127 135 120 120 106 93 71 58 53 53 61 65 62 56 61 77 76 79 65 52 42 
42 42 41 45 52 57 62 54 60 56 60 56 36 23 21 8 7 9 19 47 69 53 48 67 79 65 58 67 69 61 62 62 73 85 81 81 78 77 82 86 95 95 120 127 138 135 117 90 62 60 64 55 49 73 77 80 70 79 91 70 73 62 59 61 
49 49 43 47 53 62 67 56 54 54 52 33 13 11 10 6 8 8 10 25 35 46 68 66 66 54 51 63 63 65 70 75 85 91 71 78 78 82 87 104 102 99 114 112 116 115 107 73 54 55 63 62 48 63 88 97 91 90 98 65 45 41 53 53 
43 40 42 44 51 65 70 63 59 54 37 22 14 10 7 8 9 10 12 19 26 49 50 52 54 50 50 64 74 69 76 80 82 74 69 84 85 90 98 108 108 112 112 92 91 105 97 64 50 58 64 74 70 82 93 108 109 98 106 63 23 21 33 31 
41 39 44 38 52 65 65 56 54 47 31 17 10 7 9 14 16 13 16 13 27 40 36 38 48 60 49 57 73 73 78 77 77 72 67 63 68 91 106 114 111 112 101 73 89 90 76 66 57 72 80 93 95 103 110 113 112 100 110 76 24 21 21 17 
43 44 43 45 47 61 64 61 52 39 29 9 5 6 10 18 21 16 16 13 33 42 37 48 49 59 53 51 68 58 63 66 67 76 70 60 65 96 116 116 116 110 86 62 94 79 63 68 67 78 99 112 120 120 121 121 116 101 109 93 50 28 24 26 
43 45 45 49 49 59 62 58 49 39 19 6 7 8 10 19 25 22 13 19 38 44 38 40 49 68 70 53 58 58 62 64 66 77 82 67 50 89 107 110 114 100 63 57 80 68 68 65 80 95 111 122 133 131 131 125 119 98 106 101 80 57 52 48 
48 46 45 42 51 57 58 57 49 34 10 6 11 11 9 19 25 24 19 32 41 46 42 49 63 60 77 60 57 59 59 67 73 77 82 65 37 53 73 99 112 100 52 56 67 74 92 98 107 113 121 127 135 133 132 129 116 92 97 97 79 72 69 64 
47 40 39 39 44 59 63 62 52 32 10 6 7 10 10 22 26 30 35 48 48 62 64 55 46 50 80 76 61 59 72 72 77 77 83 73 41 30 64 91 104 92 56 63 67 82 105 123 134 134 136 134 135 131 131 126 108 86 84 78 72 69 65 70 
44 46 47 38 48 62 70 66 61 39 14 6 6 7 12 23 30 35 41 51 62 68 65 64 65 69 94 100 77 67 72 72 73 72 81 77 50 30 70 101 104 76 55 76 91 97 108 127 140 141 135 130 128 130 130 121 104 81 53 47 60 52 55 58 
42 49 45 43 60 58 61 62 65 52 23 7 5 6 12 22 26 32 53 66 74 87 95 96 101 99 102 104 81 64 60 60 61 60 64 66 42 38 79 100 87 57 62 80 92 115 129 139 139 131 127 123 117 125 130 116 105 82 34 27 39 39 39 42 
43 46 45 44 51 54 59 60 60 54 33 10 6 6 10 19 26 52 79 88 99 111 121 118 115 108 105 77 67 53 57 58 63 60 63 64 48 42 72 80 60 54 65 76 97 117 130 131 131 124 116 115 123 128 127 109 108 94 51 28 30 32 23 19 
43 42 46 45 45 57 57 56 57 58 52 27 8 7 10 19 55 87 94 109 115 122 130 133 125 113 114 90 68 58 52 51 52 55 55 49 48 36 54 60 65 77 82 84 101 116 125 126 123 117 113 109 124 129 120 99 96 96 69 34 28 38 27 17 
37 40 40 35 39 51 60 60 59 60 54 44 18 7 10 42 90 96 108 116 124 128 132 131 131 116 116 111 95 64 51 50 47 48 46 45 47 38 49 64 76 83 95 113 122 121 115 115 121 117 108 105 123 115 109 94 84 93 76 43 32 46 38 29 
34 37 42 41 42 52 59 62 63 64 58 56 49 20 18 82 97 99 112 120 127 131 130 127 125 123 107 105 98 73 51 48 46 46 42 39 43 49 55 65 74 87 107 120 124 125 112 106 104 106 100 92 113 104 107 95 83 86 64 40 29 43 48 54 
37 35 40 37 44 54 52 58 61 58 56 57 64 42 34 93 92 93 111 115 117 116 124 124 112 118 111 103 102 71 45 48 45 47 46 44 48 57 62 73 86 99 110 118 117 113 106 100 99 101 93 90 96 96 89 82 77 80 53 33 34 56 71 63 
35 35 37 40 47 53 54 58 59 58 60 57 58 70 55 91 94 87 95 100 100 107 115 108 100 118 107 89 67 46 36 43 44 47 48 48 46 51 60 75 93 111 117 116 108 96 95 92 97 98 84 85 77 86 81 73 66 68 43 28 36 52 63 66 
35 35 38 34 39 51 52 50 53 54 55 51 57 75 69 71 85 93 97 99 96 93 88 69 59 55 37 31 34 42 41 45 46 47 50 51 52 52 52 76 104 113 111 107 101 89 86 86 93 88 79 76 58 76 69 63 69 70 45 23 27 39 51 59 
36 37 42 35 36 51 55 51 55 54 59 56 62 85 84 77 59 64 61 59 59 51 41 32 32 36 30 34 44 60 64 64 63 63 58 59 66 63 58 76 101 111 106 100 96 91 82 87 92 87 82 77 53 65 64 55 57 66 47 29 28 27 42 49 
31 34 38 33 37 45 51 51 49 50 52 58 60 85 89 82 73 66 57 59 58 54 45 41 39 37 37 40 50 63 61 64 62 66 68 70 63 60 65 87 104 107 102 93 84 87 83 79 91 81 82 70 51 53 52 41 37 61 51 26 24 25 29 44 
28 35 32 33 37 45 50 51 52 51 51 55 58 80 82 84 78 75 62 59 59 53 47 50 49 48 49 49 48 55 55 57 55 58 62 63 52 58 70 95 109 104 95 82 75 77 70 62 80 82 83 67 47 48 50 38 28 49 52 32 22 21 24 41 
31 36 32 32 35 44 48 55 49 51 52 47 54 74 76 80 73 75 73 66 63 52 46 46 48 48 47 45 46 46 49 51 47 44 46 45 48 61 82 96 100 94 79 65 67 67 69 61 78 84 84 60 44 46 57 39 29 44 52 43 34 22 18 39 


26 30 32 33 32 35 33 33 37 43 47 45 35 43 35 32 36 45 43 52 52 41 44 58 61 59 56 58 55 52 52 59 58 56 57 58 60 42 25 18 27 22 13 8 23 34 31 31 32 23 20 19 19 19 25 25 22 23 34 44 65 81 86 75 
29 31 30 33 33 32 31 31 39 42 43 45 60 66 70 60 48 49 48 52 46 45 44 50 59 59 61 65 63 51 56 56 53 51 57 55 57 54 31 13 20 29 20 14 11 18 29 37 33 28 24 21 21 20 21 15 16 14 21 29 44 68 81 83 
24 31 31 31 35 34 31 33 41 45 40 71 80 73 72 75 71 85 91 82 62 45 37 47 57 62 59 66 63 52 65 61 50 53 52 53 59 49 34 17 14 32 25 21 10 9 11 15 17 19 21 18 20 17 14 12 13 12 12 16 25 43 70 83 
23 31 32 32 36 39 39 33 42 41 48 71 60 72 84 85 84 97 105 107 108 89 60 47 50 51 53 60 57 54 63 63 50 45 39 40 39 34 28 21 19 36 23 19 12 11 9 11 9 7 10 10 8 10 11 8 7 6 9 10 14 23 36 53 
22 32 35 38 37 37 37 38 47 40 49 63 53 68 93 97 107 117 108 93 103 102 97 77 49 32 30 30 31 40 45 44 38 37 39 38 38 37 34 28 29 36 23 27 17 12 11 11 12 9 9 8 8 10 9 11 8 6 8 9 12 15 16 20 
23 30 31 37 36 33 35 37 43 42 49 55 46 55 75 93 105 114 111 100 100 93 112 106 77 77 71 60 45 21 26 34 37 42 48 46 45 46 31 29 45 35 28 35 25 19 15 16 15 12 13 13 12 13 12 13 14 15 17 16 14 13 11 8 
23 34 36 36 39 42 39 44 46 51 51 51 49 46 52 68 87 94 109 120 121 102 105 122 105 94 78 67 59 23 27 32 35 40 46 47 48 41 31 48 65 39 29 39 38 34 23 19 17 10 14 13 12 13 17 20 19 27 40 38 28 26 25 22 
29 41 40 41 46 42 46 46 54 53 55 57 52 44 41 59 75 89 105 106 109 104 98 100 98 90 83 56 37 27 31 44 45 54 58 44 29 32 42 59 82 54 33 37 48 44 38 32 23 13 12 12 10 26 28 19 21 41 50 39 37 34 36 33 
31 37 39 40 43 45 47 46 52 59 63 65 62 52 40 44 61 77 91 85 91 95 91 90 95 88 84 48 40 42 47 52 61 59 34 26 31 49 71 85 93 83 41 34 49 52 50 42 32 19 20 18 31 29 16 16 22 51 46 44 42 37 39 35 
28 38 44 41 47 45 47 45 48 61 59 63 61 57 49 40 37 52 72 74 86 83 84 83 67 57 54 40 45 41 42 42 41 35 18 33 44 64 88 113 125 107 58 29 43 56 54 50 42 25 24 41 41 19 16 22 37 40 27 37 46 45 47 48 
32 38 45 40 42 43 44 43 49 58 57 59 62 63 54 51 39 38 49 54 86 83 78 56 43 42 41 41 52 45 51 62 68 46 28 54 56 63 92 118 131 126 79 43 47 56 66 65 46 33 42 44 36 30 29 24 44 35 30 28 36 44 50 48 
31 39 40 43 44 45 44 45 47 55 57 58 60 64 59 42 50 36 29 35 48 59 59 52 50 46 48 55 45 44 45 55 79 72 56 69 64 67 101 118 122 109 84 68 74 65 80 71 56 52 44 45 42 43 32 30 35 36 40 33 37 46 43 42 
31 36 41 45 47 44 48 51 50 58 54 60 61 60 56 41 29 47 43 32 23 42 62 60 61 53 48 40 37 54 42 45 58 64 81 120 74 69 90 109 111 74 87 92 91 67 81 79 67 49 54 53 43 48 41 47 43 43 52 43 47 50 40 42 
33 31 44 45 42 40 39 39 44 55 56 58 59 59 56 48 25 21 37 36 24 53 64 61 61 58 42 44 50 67 54 60 69 85 71 120 90 68 86 108 99 84 111 112 106 78 82 93 75 51 61 42 50 59 54 50 47 50 44 50 48 62 53 54 
35 34 46 42 38 41 45 45 43 54 59 55 57 59 56 38 20 17 16 22 44 53 66 66 62 59 60 67 75 85 86 90 99 117 74 90 105 66 85 108 106 114 133 142 133 103 80 93 67 64 47 50 55 55 49 50 51 43 39 51 59 60 68 73 
26 33 43 41 41 44 43 44 46 54 60 59 54 58 50 20 18 30 33 26 24 29 58 73 54 53 60 57 44 40 42 59 85 117 98 67 108 81 82 100 111 130 143 148 147 134 115 100 81 50 52 62 54 48 55 49 50 39 37 66 64 64 86 76 
23 27 37 41 43 43 42 47 47 51 54 55 55 57 36 12 14 33 52 39 28 35 64 61 62 63 59 76 65 53 45 31 49 117 95 71 99 97 76 97 119 140 151 148 147 169 166 145 92 62 58 67 65 52 53 52 48 38 34 57 62 72 82 65 
30 33 39 44 46 41 43 47 46 51 60 61 57 55 33 8 8 25 42 52 58 58 71 77 89 88 79 79 67 59 72 75 81 124 108 59 63 75 78 105 133 157 184 184 189 207 199 174 129 75 68 60 59 56 53 56 51 43 31 49 57 72 89 50 
37 34 42 44 45 46 48 46 45 49 58 64 65 55 21 5 5 7 13 21 30 39 41 43 61 73 73 72 78 78 97 97 87 103 129 83 40 40 38 66 111 186 220 224 221 220 206 195 169 95 60 52 45 51 55 48 53 48 33 35 52 68 72 36 
35 35 43 47 45 48 47 44 44 50 57 62 62 56 12 3 4 11 15 12 24 33 28 44 64 91 83 78 94 109 106 115 105 88 91 101 90 53 33 53 124 207 229 233 231 228 215 202 182 121 67 46 46 44 57 47 63 48 38 35 60 83 48 25 
28 33 37 44 44 42 43 39 41 48 57 61 55 40 7 4 9 26 25 27 40 45 43 46 69 84 84 108 128 129 137 139 139 129 106 83 76 79 113 147 171 190 204 224 230 224 222 214 196 156 119 67 47 43 56 49 47 49 44 39 63 70 27 16 
20 23 27 28 32 29 30 31 33 36 40 43 40 19 7 12 17 32 44 52 51 54 64 84 102 96 75 81 103 121 136 141 151 174 167 121 126 164 191 188 177 163 158 166 202 203 215 208 185 156 146 104 48 47 46 51 39 33 41 44 73 59 28 15 
12 13 15 22 23 24 22 22 25 21 29 29 24 14 25 31 49 61 40 40 49 73 106 106 88 70 54 56 75 97 108 113 110 129 131 143 170 178 182 181 171 157 144 127 142 184 198 185 165 160 163 134 74 43 43 44 42 33 30 42 54 48 29 15 
12 12 15 22 22 24 22 23 22 23 27 34 29 25 25 20 29 68 61 62 74 74 69 81 89 100 94 90 98 101 96 89 86 89 91 83 90 115 117 130 136 125 64 55 74 126 163 161 163 165 176 166 119 65 40 38 35 35 29 33 33 37 22 13 
11 12 15 21 21 23 24 24 23 27 30 34 44 51 49 41 31 66 71 73 73 80 76 69 81 89 96 104 106 111 119 131 131 114 93 70 46 46 38 42 56 53 39 67 107 152 151 158 171 170 175 174 140 116 73 41 29 29 30 18 25 42 26 17 
12 14 16 18 22 22 22 27 33 43 53 52 51 39 34 32 35 70 63 70 68 71 69 72 69 50 35 40 62 102 137 141 119 73 46 31 18 24 31 38 46 61 95 148 175 189 157 154 171 176 176 164 143 136 133 99 48 32 32 23 22 42 29 16 
14 13 16 19 26 36 43 44 42 42 40 45 52 47 50 52 60 69 62 65 59 64 56 72 86 82 84 94 116 140 131 95 66 65 65 55 36 25 44 74 86 97 120 129 141 153 134 145 176 183 173 162 155 147 146 138 112 83 50 33 13 23 33 21 
11 12 26 49 54 53 48 46 52 58 62 70 81 78 84 74 75 70 67 64 66 56 55 60 82 92 99 121 144 143 104 85 84 122 104 83 85 75 80 98 100 94 96 111 124 126 121 142 175 168 165 163 155 153 150 139 132 125 82 37 12 19 36 35 
15 43 69 64 60 64 65 74 85 87 90 93 98 87 97 84 96 65 61 62 60 70 63 55 54 57 82 110 136 123 104 78 119 98 82 75 85 98 95 89 89 87 106 109 111 112 110 143 161 176 186 161 118 135 152 146 135 118 70 38 11 19 28 35 
37 90 78 79 85 91 90 101 111 108 109 114 106 84 94 91 102 85 70 67 57 55 56 51 55 59 83 97 93 76 85 123 111 88 89 86 94 106 103 84 87 93 104 106 106 103 127 151 164 196 196 112 79 113 125 131 125 96 55 49 14 11 31 53 
50 95 84 87 98 101 98 108 128 127 127 124 120 97 98 103 104 102 79 66 68 57 63 67 62 69 89 87 66 99 126 111 93 94 91 90 94 114 111 101 106 111 115 112 112 124 140 148 150 167 191 119 74 135 146 131 98 65 46 52 23 12 44 108 
21 68 96 86 79 74 83 99 106 116 117 109 115 112 123 103 88 109 94 71 63 63 67 66 66 75 90 82 90 120 104 79 92 92 92 106 82 109 111 112 118 117 124 117 103 92 95 111 129 153 175 164 140 144 154 134 88 54 40 54 41 25 49 119 
13 18 50 73 70 64 67 74 80 92 98 105 115 126 122 79 73 96 91 85 65 55 63 64 68 61 58 57 55 72 66 70 100 103 89 98 71 78 99 113 114 123 124 118 81 69 44 55 116 139 138 144 154 155 145 107 62 59 32 54 62 52 67 110 
12 12 12 20 30 44 59 63 70 80 90 95 91 76 91 81 52 60 74 75 70 55 56 63 66 63 66 56 33 52 58 74 90 100 93 105 82 53 94 108 100 117 114 90 75 61 48 80 130 132 131 144 151 133 121 72 47 59 30 37 67 80 85 91 
12 11 10 15 17 21 24 25 30 29 41 62 73 56 48 54 61 65 56 39 36 40 47 51 68 76 84 65 36 37 59 85 93 100 114 112 95 53 55 61 52 92 85 67 56 52 95 131 137 120 115 126 144 121 70 34 40 45 29 18 48 93 96 84 
12 12 11 15 21 22 25 26 23 22 23 33 52 70 69 55 48 46 36 28 33 48 43 37 49 58 63 65 58 49 54 70 73 71 74 91 94 86 68 43 43 75 67 69 67 87 110 113 107 110 99 108 111 75 35 19 31 39 29 16 35 69 85 67 
13 13 13 14 22 26 26 28 24 25 22 29 35 42 60 69 73 62 42 36 47 51 50 47 50 57 62 60 59 58 52 46 40 29 36 57 72 78 61 54 62 78 73 85 81 89 93 93 86 101 93 92 72 47 23 17 14 29 40 29 36 55 63 64 
13 13 15 15 25 24 25 27 27 27 23 30 24 32 30 27 37 33 37 57 58 49 50 61 57 66 78 75 54 29 47 67 61 49 45 71 94 78 46 37 36 65 70 94 90 88 71 82 75 87 83 67 71 50 30 14 11 18 39 44 48 50 42 47 
13 14 16 17 26 24 24 26 30 26 25 39 28 22 35 27 19 27 50 58 47 52 56 65 70 88 99 70 54 75 96 87 77 70 84 101 83 47 28 39 47 59 63 91 98 88 73 77 70 71 67 50 69 48 28 15 12 13 26 42 47 27 20 28 
16 13 15 19 28 29 24 24 26 26 27 34 33 18 22 33 31 26 33 41 39 49 56 63 72 93 67 49 68 76 63 35 29 41 81 64 37 61 43 41 55 71 69 89 90 78 85 86 81 63 53 48 54 58 41 24 17 22 29 47 53 25 12 13 
24 23 24 22 31 36 37 32 30 30 35 42 49 37 21 25 33 20 26 27 37 49 52 66 84 79 52 54 50 44 35 37 50 69 84 66 63 70 55 62 79 89 85 88 87 72 91 103 88 69 57 42 40 43 45 30 25 23 33 54 63 39 15 13 
30 24 33 33 32 38 40 35 37 35 44 48 44 37 24 19 16 13 15 22 40 54 67 59 72 80 63 57 62 59 70 66 60 67 86 78 82 72 69 64 75 87 92 96 96 84 92 96 87 68 50 44 41 32 48 36 34 40 45 65 72 51 27 19 
26 25 30 26 32 37 42 32 36 37 37 39 39 25 17 10 7 10 16 26 50 70 54 58 80 64 53 51 55 50 50 50 49 63 66 72 73 69 69 63 62 70 91 100 111 99 97 83 74 54 43 41 43 49 52 51 47 56 73 68 67 50 39 32 
24 24 23 27 29 35 40 32 38 34 40 33 17 14 14 5 5 7 15 39 56 45 42 57 66 53 47 54 56 49 48 48 61 72 68 64 60 60 63 64 69 66 93 99 114 115 97 69 44 48 52 43 40 62 66 73 65 77 88 60 59 46 43 47 
29 30 25 26 31 39 41 34 33 33 32 20 6 7 6 5 6 6 8 19 28 39 58 54 54 44 41 49 49 50 54 59 68 74 54 55 54 59 65 80 76 69 86 80 91 95 90 54 37 42 51 48 39 55 80 92 87 86 90 53 32 30 39 40 
25 23 25 25 31 40 47 39 37 34 23 13 8 7 5 6 7 8 9 15 21 40 40 42 44 40 39 49 58 55 60 64 62 53 46 57 59 67 78 86 81 81 87 61 68 82 79 48 37 47 53 64 62 75 86 102 104 90 94 50 15 14 22 22 
23 23 25 21 32 43 43 35 33 30 20 9 6 5 7 12 14 11 13 11 20 31 27 30 39 48 38 42 57 58 63 60 59 50 43 42 46 69 84 91 86 85 76 48 65 67 59 57 47 63 73 86 90 99 106 107 104 88 96 61 17 15 15 13 
24 25 24 26 28 39 40 39 34 25 19 5 4 5 7 16 20 14 13 11 25 32 27 36 38 45 42 39 53 45 48 50 49 57 51 42 46 75 95 95 92 84 64 44 68 58 47 59 60 70 92 106 113 113 116 114 105 85 93 77 39 20 20 23 
25 27 25 27 29 36 37 37 29 23 13 4 5 6 8 16 26 22 12 15 29 35 29 29 38 53 56 42 45 43 46 49 51 60 66 49 34 68 86 87 91 73 44 40 57 52 55 56 73 85 100 112 126 123 122 113 104 82 89 85 65 46 43 40 
28 25 25 23 30 37 37 35 29 21 7 4 9 10 7 17 24 22 19 26 32 37 32 37 48 47 63 49 44 45 47 55 60 61 65 48 24 37 51 72 87 74 39 40 50 64 83 91 99 103 109 114 124 122 120 113 98 75 80 80 65 60 58 53 
33 25 25 27 29 43 45 44 36 23 6 4 6 8 8 22 26 30 34 41 39 49 46 39 32 35 66 63 49 47 59 59 63 60 65 54 29 21 45 66 80 70 41 47 56 71 94 111 121 120 123 122 123 118 116 108 90 70 68 61 57 55 53 57 
34 35 37 28 36 48 55 51 48 31 10 4 5 5 11 22 29 34 36 42 46 46 48 47 48 50 77 82 62 52 56 56 56 54 62 60 38 21 53 78 80 58 42 63 81 87 97 114 125 124 118 114 114 115 114 101 86 65 39 34 45 39 42 47 
30 35 34 33 47 44 47 47 51 41 18 4 4 5 9 20 24 27 41 47 54 71 81 82 86 80 81 83 63 49 44 43 44 45 48 51 30 28 59 79 65 40 49 68 81 104 115 124 122 113 108 106 102 108 112 97 88 66 25 19 29 28 28 32 
32 34 35 34 38 41 47 46 46 41 26 7 3 5 7 18 22 35 57 71 85 99 111 104 100 91 83 58 49 36 40 39 43 44 46 47 36 30 54 64 48 41 52 65 85 104 114 114 113 105 97 98 105 108 109 91 90 76 38 19 22 22 15 13 
31 32 35 35 34 44 45 44 43 44 40 22 6 4 8 16 38 64 79 98 104 113 122 122 114 99 96 72 51 38 33 33 34 37 39 34 35 25 41 48 55 66 71 73 89 101 107 108 104 97 94 91 106 109 102 81 78 79 54 24 20 29 22 13 
27 31 32 29 30 39 47 47 46 47 43 35 15 6 8 30 69 83 99 111 117 124 127 123 122 105 102 94 79 44 32 30 28 31 31 31 33 26 37 51 63 72 83 99 106 103 96 96 98 92 85 87 106 95 93 76 68 77 61 31 23 35 29 24 
27 29 33 32 32 42 48 48 50 51 46 45 36 15 14 63 83 86 104 116 123 126 124 121 118 113 95 89 81 54 31 27 27 29 27 26 30 37 43 51 61 73 93 104 106 106 94 85 81 82 75 74 95 87 90 78 67 70 47 27 21 33 40 45 
30 27 31 29 34 42 40 44 47 46 46 44 46 29 23 73 78 78 103 110 112 104 113 116 102 106 99 89 85 55 28 26 24 28 30 30 33 42 48 60 75 88 95 102 99 93 86 80 79 81 72 73 78 78 71 65 60 64 38 24 27 47 60 51 
28 27 28 31 37 41 44 46 47 45 47 45 41 44 37 71 79 69 78 83 79 87 103 97 87 106 93 71 48 31 22 26 26 29 31 34 32 36 46 64 80 96 101 99 90 79 77 74 79 79 66 68 62 69 63 56 51 52 31 20 28 41 51 52 
27 27 30 25 29 40 41 38 41 43 43 39 40 46 44 49 67 76 81 83 78 77 72 53 44 40 24 18 19 23 23 26 27 30 32 36 38 40 41 64 91 98 94 90 84 72 68 69 76 73 64 60 45 61 53 46 54 54 33 16 20 29 40 46 
27 28 34 27 28 40 44 41 43 43 47 43 44 56 54 50 42 50 48 46 46 38 26 18 16 17 15 17 22 29 32 32 33 36 39 43 51 51 47 63 85 94 88 82 77 71 63 70 76 71 68 60 39 50 48 40 43 50 34 21 20 19 32 38 
23 27 31 26 29 34 40 40 37 38 41 46 43 52 58 54 49 43 44 47 46 41 30 24 22 19 19 20 27 33 31 33 34 41 50 56 49 49 54 73 89 92 85 74 66 69 65 62 76 67 68 54 37 38 37 29 26 44 35 17 16 16 21 34 
21 28 26 27 30 36 39 40 40 41 41 43 42 50 51 53 51 48 41 44 46 40 31 30 29 27 27 26 27 28 29 33 32 37 46 50 40 45 57 81 93 87 78 66 58 58 51 46 66 68 68 50 34 36 37 26 20 37 38 23 16 15 17 33 
25 27 25 25 28 33 38 44 37 39 41 37 40 49 50 54 47 50 47 42 44 39 34 30 31 29 27 26 27 26 28 31 29 31 34 36 39 50 71 82 82 76 63 49 51 51 53 47 65 70 67 43 29 34 42 27 21 33 40 31 24 15 15 30 