


56 56 53 58 51 53 45 42 40 40 53 55 53 44 46 47 45 39 42 53 37 35 39 37 38 44 42 40 45 41 45 50 40 37 38 43 44 44 48 47 44 43 37 40 41 58 63 60 50 54 55 51 55 56 39 50 39 43 38 37 30 30 30 29 
52 51 63 58 50 47 46 41 46 47 47 51 49 49 48 45 43 44 51 48 43 43 39 43 46 47 43 37 45 41 37 39 44 45 47 38 42 45 44 51 42 43 41 35 43 52 63 52 49 53 47 50 51 50 43 37 35 43 32 41 35 34 37 35 
43 40 47 44 43 39 37 45 47 53 49 47 50 48 47 48 55 50 54 55 48 53 45 52 51 47 43 37 47 45 36 37 49 45 48 42 43 51 59 55 59 50 49 48 54 55 51 45 62 62 46 50 59 50 39 35 39 43 38 42 45 51 55 47 
47 51 45 41 47 40 43 51 55 59 56 56 57 57 53 49 53 55 51 47 43 42 39 47 51 44 46 40 46 49 54 55 43 45 45 55 59 50 52 53 79 48 51 55 62 58 63 55 63 52 46 46 60 65 49 49 50 48 54 56 52 54 54 50 
43 46 47 44 47 48 51 51 55 51 45 54 67 66 55 55 53 53 52 53 49 41 44 48 56 87 117 86 55 115 167 157 86 56 51 51 47 51 52 47 66 49 62 69 66 67 61 56 65 50 49 52 62 70 63 65 57 55 52 56 53 55 65 63 
40 47 49 48 49 46 51 49 53 54 50 53 61 61 57 53 65 55 52 58 56 44 47 48 102 185 205 188 133 208 208 215 191 75 52 48 47 55 51 46 54 57 63 65 62 69 63 51 59 57 50 55 55 60 65 65 58 54 51 52 50 67 71 59 
39 43 51 50 52 45 49 48 53 59 51 55 56 55 52 64 58 56 52 53 54 43 42 50 154 200 202 211 208 213 210 218 198 82 58 47 48 53 62 65 63 54 52 56 61 58 48 56 57 58 54 62 60 77 73 59 57 53 52 49 52 51 49 50 
49 45 50 48 49 47 50 45 51 59 52 60 57 61 63 66 56 63 54 46 48 45 51 57 135 200 196 210 215 215 218 212 124 49 54 51 53 56 60 56 55 55 57 57 67 65 57 56 62 64 68 64 57 71 68 73 70 58 59 57 52 56 57 63 
45 45 49 46 44 43 45 48 48 54 47 53 64 65 71 63 60 56 49 47 57 48 49 50 65 157 194 216 222 224 206 133 79 69 56 47 54 61 55 59 55 46 57 67 67 67 65 62 67 55 55 61 62 56 65 64 72 67 62 61 64 66 52 50 
45 41 47 46 54 51 45 42 45 50 53 59 57 50 61 63 61 45 44 51 55 53 53 82 90 115 191 226 232 223 202 198 198 194 159 90 58 64 65 65 65 51 56 69 78 54 56 69 63 52 50 62 63 61 60 59 54 59 61 65 65 61 52 49 
42 41 44 41 44 50 50 47 48 55 56 57 54 54 63 60 50 44 44 55 48 51 130 201 205 197 205 223 232 233 228 226 225 220 212 166 58 59 63 61 61 60 62 64 75 56 48 65 51 51 57 69 71 65 64 63 54 61 62 62 55 49 48 54 
48 52 56 46 46 39 45 45 48 61 62 57 56 60 92 116 104 64 41 45 43 65 196 226 215 206 208 217 227 229 224 222 223 219 218 157 69 60 58 59 56 56 57 50 56 62 55 65 66 52 64 66 74 65 61 64 50 54 58 54 49 53 45 51 
45 45 46 47 54 48 42 54 52 53 55 46 59 157 213 224 223 178 66 52 45 68 160 223 222 215 207 188 220 228 219 166 164 190 179 100 68 56 65 58 54 60 56 55 58 61 56 60 60 68 63 63 59 57 59 59 58 56 55 52 55 57 56 53 
51 53 43 44 50 50 46 51 53 63 62 57 80 207 230 230 230 226 122 60 109 189 212 220 216 187 131 114 214 225 224 181 69 69 65 64 63 68 68 64 58 60 67 71 71 67 57 60 61 56 59 59 58 56 64 53 51 49 54 47 47 42 49 57 
53 58 40 42 44 39 42 46 51 55 54 52 63 178 229 231 231 229 159 128 218 231 231 226 210 133 57 76 198 224 222 199 85 55 51 63 57 55 60 62 58 53 66 72 63 67 63 58 66 59 54 50 55 56 61 55 60 70 63 59 51 52 57 55 
47 50 58 55 51 48 48 49 46 55 71 75 64 94 200 228 230 231 201 212 231 232 231 226 215 143 53 61 144 216 214 174 87 69 57 56 58 59 65 60 53 54 61 60 66 73 61 56 71 64 56 69 59 64 74 66 71 63 62 58 53 58 53 57 
43 38 52 52 45 49 51 46 50 138 202 208 194 165 159 208 229 237 233 235 235 233 229 211 156 68 50 56 72 118 120 86 69 72 66 57 62 55 60 54 47 47 53 63 74 74 78 73 63 63 74 72 60 63 66 70 63 54 48 48 52 53 50 62 
41 38 45 51 50 54 50 44 66 186 229 233 232 231 227 224 234 243 241 244 233 201 141 87 57 47 50 49 58 58 60 60 57 66 68 60 67 62 58 62 50 49 60 59 51 67 65 73 57 66 74 72 70 62 60 53 63 57 59 53 52 49 51 53 
42 45 47 48 51 51 49 52 61 146 225 232 234 233 233 234 238 246 243 244 235 210 155 111 75 52 52 56 59 63 69 56 60 64 64 61 59 67 61 60 59 54 59 59 49 52 58 51 56 59 71 74 69 59 57 61 67 56 57 58 58 58 40 41 
48 53 42 44 53 51 50 57 60 75 151 206 220 212 190 194 229 241 236 234 236 235 234 227 199 99 53 54 58 62 73 67 58 52 54 60 56 61 64 65 56 54 53 57 47 48 54 48 57 53 53 57 60 58 56 62 65 57 51 50 50 47 47 39 
58 54 49 51 53 52 49 53 47 44 53 76 97 91 133 216 235 237 215 190 232 234 234 230 220 156 57 59 54 52 67 66 57 49 57 63 64 57 56 54 51 48 46 44 44 43 42 47 58 49 47 55 58 50 55 57 56 59 55 55 42 44 50 44 
48 53 52 48 48 45 46 46 51 44 45 59 65 109 211 233 236 236 209 106 173 222 227 222 194 105 56 60 58 58 62 57 60 61 59 64 66 64 53 51 48 51 54 52 40 43 45 42 55 45 40 45 50 54 52 56 59 64 56 52 48 43 44 46 
53 47 45 50 52 41 49 50 53 51 45 46 66 141 226 234 235 235 206 74 65 118 154 149 100 58 57 66 71 70 68 58 56 56 62 62 62 60 59 52 55 54 49 54 50 49 48 44 49 47 48 50 56 66 48 60 70 72 59 51 54 49 50 58 
50 44 46 48 47 47 45 48 40 47 52 49 58 90 168 213 224 220 152 65 59 54 56 52 58 59 71 72 67 58 61 49 51 58 61 60 63 53 61 55 56 52 49 55 51 49 48 51 54 56 48 58 53 60 54 62 61 51 53 53 48 51 47 62 
48 51 42 51 51 45 43 46 49 46 41 46 53 61 68 89 113 110 74 58 58 64 66 54 57 67 71 65 64 59 57 52 55 53 57 56 55 62 59 55 52 54 53 52 54 53 49 44 52 52 47 56 53 46 49 55 53 47 52 57 55 55 52 53 
44 51 42 48 46 41 43 43 48 47 49 47 52 51 49 55 52 64 68 63 59 58 64 66 72 85 74 66 63 64 60 52 51 58 63 65 63 63 53 55 55 54 61 58 55 59 53 58 56 57 56 52 56 49 55 56 51 48 52 54 54 56 47 48 
43 41 46 47 44 43 44 39 43 48 53 52 59 55 51 55 55 56 59 67 68 65 70 71 81 86 76 67 61 65 63 60 58 67 66 67 65 58 51 50 61 54 64 61 60 64 57 67 55 52 53 53 63 60 48 46 53 55 59 51 49 42 41 44 
43 49 52 44 45 38 43 50 49 51 50 49 54 53 57 56 56 59 57 66 64 67 65 62 83 76 66 68 64 56 61 51 55 61 53 55 59 52 51 54 57 69 71 61 60 61 56 56 46 48 50 55 58 58 49 47 47 45 49 46 44 47 44 55 
47 46 49 44 45 48 51 58 55 54 51 55 54 48 53 58 53 57 55 61 60 63 60 62 73 73 68 68 63 54 56 49 51 54 47 54 61 47 58 61 61 65 79 63 59 58 50 50 45 48 52 58 62 51 45 49 52 54 43 39 38 43 42 51 
39 44 55 50 43 42 44 56 57 55 54 47 49 51 56 57 57 55 52 56 67 66 57 55 57 63 70 62 64 60 57 59 54 59 52 52 60 62 62 58 60 63 71 73 66 62 57 51 47 54 59 61 68 66 51 53 53 50 50 43 45 49 52 51 
44 42 49 51 46 42 48 49 46 56 51 45 51 64 70 66 56 55 50 51 55 67 52 55 54 57 62 62 61 62 64 68 53 53 52 44 57 62 61 60 64 68 64 65 62 61 59 50 47 54 63 72 62 59 59 52 48 51 59 56 56 54 56 54 
46 43 44 49 51 48 53 55 55 61 53 53 56 64 60 66 60 54 53 48 47 59 58 61 57 65 59 67 72 69 62 64 57 55 56 54 49 52 65 60 68 68 65 58 59 57 55 50 51 55 54 63 56 55 59 63 60 59 49 54 59 51 58 54 
42 46 47 44 48 53 54 54 58 53 62 53 54 61 61 62 61 55 56 55 50 56 57 55 65 56 56 69 62 61 75 73 63 58 63 52 47 54 64 59 62 72 68 66 66 58 47 46 50 54 56 53 52 48 55 62 72 59 45 51 59 58 55 43 
40 39 44 54 53 63 54 54 52 47 57 59 56 68 64 64 63 64 70 71 60 67 77 70 62 58 58 54 57 61 67 58 62 73 62 59 55 55 57 61 66 73 67 76 77 63 56 57 57 60 51 47 48 54 65 60 58 68 68 66 62 62 58 49 
52 48 46 55 49 53 59 60 45 44 53 58 59 66 67 62 65 68 62 68 75 74 71 67 64 64 53 53 56 56 58 64 60 60 65 59 64 58 57 58 65 65 65 67 60 61 67 71 61 62 64 61 63 68 56 57 56 62 64 68 72 66 55 52 
43 42 49 50 42 44 49 60 59 51 48 59 73 68 74 68 73 56 59 69 75 65 64 62 70 70 54 53 61 58 72 77 68 65 69 59 64 56 66 62 58 64 72 67 63 58 56 52 58 59 56 59 64 70 68 57 58 54 59 59 67 62 52 54 
49 44 44 47 46 44 56 63 54 57 61 69 68 66 74 67 63 62 66 66 73 66 66 59 66 67 63 58 61 65 84 84 78 77 78 68 67 64 62 64 61 72 72 67 61 57 57 54 54 53 57 65 72 75 93 67 62 48 49 51 60 61 57 51 
40 44 49 44 48 51 53 57 62 60 60 59 62 68 62 70 50 59 56 53 64 68 68 58 61 67 72 66 60 71 73 70 61 63 72 73 66 65 50 47 62 68 70 64 53 52 60 64 51 49 57 55 72 72 69 63 57 52 50 52 57 59 59 51 
45 45 45 43 48 55 53 59 56 56 59 57 61 58 60 60 63 56 55 63 59 66 69 65 69 73 75 76 74 83 77 66 59 58 76 73 72 68 55 57 61 61 65 70 61 51 53 68 65 49 56 54 64 62 67 63 67 66 54 58 62 57 62 62 
47 46 41 48 54 50 49 58 53 57 63 54 50 59 54 51 68 63 68 67 56 56 68 65 66 61 67 86 79 85 81 83 73 64 64 68 63 68 63 60 65 67 67 70 67 62 62 51 56 64 59 57 57 55 65 60 61 67 64 64 58 54 59 56 
47 42 50 48 50 57 54 60 61 62 49 47 54 60 61 50 56 66 66 64 60 50 66 67 64 54 65 76 66 69 91 80 77 66 55 68 72 70 65 66 69 66 58 58 57 61 73 55 54 60 56 58 60 58 68 56 54 58 62 52 57 55 53 50 
48 44 50 51 50 54 62 61 76 66 51 48 51 61 65 61 70 59 54 64 67 63 60 70 60 66 74 66 65 60 78 86 66 64 62 66 77 67 58 67 63 59 57 54 53 62 69 64 56 64 66 59 54 52 58 57 55 66 68 47 60 58 53 57 
51 54 58 59 46 41 57 63 60 53 56 52 43 51 55 56 61 58 55 63 65 71 64 64 66 64 62 71 78 68 71 87 77 77 73 66 73 61 60 66 66 74 66 57 60 59 65 71 59 57 66 55 48 41 46 49 47 49 52 49 49 54 54 60 
50 50 52 57 45 42 46 56 58 58 52 47 51 52 54 52 50 64 59 62 65 69 77 69 71 75 63 77 91 72 73 69 67 73 72 65 73 64 69 72 69 76 70 71 63 59 56 65 64 63 60 54 61 55 49 51 57 49 53 50 45 53 62 53 
52 55 49 52 54 50 45 56 58 54 56 54 51 53 56 57 67 62 60 61 68 77 68 64 71 75 61 67 80 74 64 65 74 67 59 65 66 67 70 81 67 60 64 62 64 51 51 55 52 57 50 58 55 55 62 56 52 56 58 53 55 58 48 43 
46 57 55 54 56 54 62 61 54 51 54 57 59 53 51 66 79 64 68 77 69 70 67 61 65 70 63 60 69 74 73 66 66 70 57 69 69 61 61 69 66 65 67 66 71 61 63 77 68 58 60 65 63 59 67 70 60 49 55 53 55 59 51 45 
54 45 56 52 54 53 64 66 55 57 56 57 55 50 58 66 72 70 56 70 78 75 69 62 76 76 65 66 70 81 63 55 59 61 61 61 62 67 62 66 70 67 73 69 68 68 69 61 61 72 70 54 52 57 58 58 54 50 53 47 48 54 52 49 
56 52 51 61 50 56 63 69 56 59 48 51 55 51 60 65 63 68 70 67 79 87 73 66 75 70 70 67 73 73 63 62 60 62 62 62 68 80 66 59 62 59 72 71 67 71 74 58 60 75 69 58 51 49 53 51 50 55 50 50 47 49 46 55 
51 56 57 53 52 52 56 61 52 54 57 52 50 55 61 64 60 67 73 81 83 79 64 61 82 69 65 65 72 70 59 60 60 59 58 67 77 72 67 71 62 56 65 68 64 67 57 66 63 60 60 68 65 59 60 63 70 65 55 55 58 50 48 47 
53 56 54 57 53 45 52 61 55 59 59 54 59 63 60 56 61 67 75 71 79 74 69 73 70 68 72 61 61 69 57 51 58 58 56 67 66 66 65 75 67 71 67 61 68 62 47 57 58 62 67 66 56 67 72 68 76 73 62 52 49 42 41 44 
54 59 50 51 55 51 52 59 51 62 60 60 61 59 64 64 65 75 81 70 69 69 70 77 80 87 71 59 68 79 66 70 65 62 57 61 78 73 67 72 58 62 62 59 61 62 58 59 59 61 66 69 55 57 55 56 49 62 52 52 48 38 41 46 
49 46 47 59 52 52 59 59 54 61 53 58 61 57 65 68 70 82 74 69 62 62 60 65 79 85 72 70 64 83 72 76 76 62 69 59 62 74 74 66 56 59 66 66 61 59 56 56 55 57 54 60 50 51 65 62 55 54 49 48 48 45 42 45 
55 48 58 58 55 60 61 60 61 67 78 70 52 60 61 59 61 70 81 71 70 67 64 66 67 76 67 57 58 64 76 75 64 61 73 61 57 61 55 58 56 57 60 60 61 61 61 66 55 52 60 62 53 50 56 61 63 56 49 52 49 45 43 40 
65 58 54 49 52 63 68 55 65 74 78 67 56 66 58 60 67 76 85 72 60 57 62 67 72 70 60 59 56 58 69 71 72 66 73 64 61 58 56 61 54 53 55 57 54 62 62 59 57 58 64 58 51 53 53 46 53 59 57 52 52 61 49 36 
53 59 73 56 48 57 68 63 65 66 66 53 53 60 64 65 69 66 74 78 74 71 72 72 83 73 62 55 59 59 62 75 74 73 73 63 58 53 70 67 55 51 57 53 49 62 62 56 49 60 55 44 43 50 49 43 41 47 58 53 50 54 57 37 
46 49 54 62 43 44 61 91 63 57 64 53 60 61 73 68 61 59 69 68 73 71 71 68 70 76 64 67 87 62 53 62 62 70 66 63 63 58 72 69 67 63 51 56 54 62 61 56 47 58 57 51 49 52 44 40 44 48 49 52 48 43 38 41 
43 52 48 52 52 51 55 72 69 56 58 64 66 57 63 64 66 63 65 60 54 63 61 59 68 61 54 73 65 57 57 58 61 69 68 63 54 57 69 67 51 62 52 59 56 51 59 71 56 51 51 50 49 57 52 48 51 48 43 46 45 34 27 37 
47 59 50 45 48 51 57 58 73 59 48 65 60 56 69 69 67 73 59 59 57 60 57 57 67 60 59 61 59 55 63 69 66 62 64 57 47 48 56 79 61 61 55 54 51 51 52 56 66 56 52 59 46 46 51 50 46 39 47 46 50 39 39 41 
51 52 53 55 51 48 54 45 60 67 54 59 62 55 56 69 76 69 67 68 70 60 62 57 61 53 49 64 52 58 61 60 56 51 55 63 66 65 78 70 56 57 62 53 46 47 44 47 62 56 52 51 43 42 42 44 48 44 49 50 49 45 41 43 
61 60 64 58 53 50 53 48 58 74 60 56 59 58 67 71 66 64 69 65 55 50 50 59 61 59 51 64 58 61 57 58 48 51 52 58 60 73 85 63 59 57 57 58 57 56 52 48 52 56 52 51 46 44 47 43 46 47 41 40 36 38 29 29 
57 57 62 68 62 56 56 57 58 64 67 57 61 64 61 63 63 58 58 67 61 65 63 62 63 68 59 60 64 57 55 66 52 53 59 61 64 66 77 65 54 56 52 66 61 59 70 54 49 53 48 44 51 49 45 42 44 47 49 46 37 39 28 25 
57 50 58 68 76 71 54 58 58 63 60 60 54 55 50 52 54 57 49 51 54 66 59 54 54 62 54 62 70 62 67 67 54 60 64 60 72 77 69 61 55 58 56 60 53 50 57 54 54 52 53 44 49 46 42 46 49 44 51 52 39 34 30 32 
54 51 54 59 62 78 61 53 44 48 51 58 54 47 50 47 43 53 47 46 52 52 58 59 43 46 52 58 50 64 68 65 58 48 54 54 55 71 62 62 59 67 66 59 48 51 48 54 52 57 67 52 48 53 45 45 43 41 49 53 44 33 32 26 
48 54 53 54 56 63 55 52 51 52 58 50 56 47 46 40 46 54 44 42 49 49 49 52 52 50 50 50 56 57 54 54 49 53 53 59 63 63 66 61 60 60 62 66 59 54 55 53 55 56 55 56 56 57 54 46 51 46 45 48 41 34 28 22 


57 61 64 70 70 65 53 54 62 66 65 58 64 64 65 77 74 65 63 83 57 54 64 69 57 64 69 55 63 67 67 73 57 62 57 66 69 55 59 68 71 82 60 67 77 79 83 92 67 75 80 67 65 57 66 69 58 66 57 59 56 49 49 45 
55 56 76 75 83 65 59 61 74 73 74 70 72 60 61 73 73 71 73 78 71 60 58 69 65 62 69 65 74 75 66 59 66 76 66 64 70 78 74 83 71 79 71 60 73 84 79 75 68 69 76 70 69 54 68 61 56 69 49 64 47 42 62 59 
53 53 75 67 80 63 57 73 76 92 86 76 77 76 75 76 87 72 78 83 79 82 74 80 73 72 59 56 70 74 60 65 82 68 60 63 61 76 80 79 78 79 84 77 75 82 65 57 74 70 80 84 89 70 58 59 67 68 66 72 68 62 67 74 
68 72 80 67 77 66 70 83 74 92 80 74 71 74 80 73 75 73 72 71 69 73 68 74 84 65 64 64 75 74 74 83 64 67 65 74 78 75 71 75 100 65 73 85 82 82 91 80 80 70 71 66 67 65 59 56 60 58 88 86 68 60 65 56 
56 61 72 75 74 73 66 70 82 84 63 81 74 72 75 69 65 61 79 82 71 58 68 67 84 100 118 107 79 130 169 163 95 74 77 79 74 70 72 78 90 71 68 80 82 77 73 83 96 70 72 84 68 69 68 55 58 71 74 74 72 56 63 76 
55 70 77 74 71 73 71 66 81 81 73 83 76 67 74 65 74 74 81 78 87 76 72 63 105 185 203 190 144 207 205 213 190 79 65 78 74 86 82 75 80 91 84 91 84 82 79 81 96 88 68 86 72 70 70 70 59 69 61 66 57 68 62 67 
60 68 80 73 79 74 79 73 80 74 83 80 70 70 62 84 84 97 96 88 83 69 73 73 159 198 200 209 206 210 206 216 197 83 69 64 71 71 79 91 86 81 69 78 87 76 52 75 86 87 82 75 63 62 62 73 79 77 77 70 71 75 69 66 
74 73 85 68 74 63 80 78 75 79 71 81 63 70 71 90 89 98 94 77 80 75 84 87 147 198 194 207 211 211 215 209 121 49 59 56 65 67 64 74 80 83 78 76 89 87 80 83 91 90 93 74 58 58 70 59 68 74 92 92 69 71 62 64 
78 79 90 81 72 64 78 75 64 74 48 56 89 80 90 95 94 92 79 66 77 83 82 76 87 161 192 211 215 220 204 130 70 72 69 55 56 74 68 74 71 71 80 75 75 83 75 78 76 77 84 85 79 63 86 62 76 92 88 93 72 70 78 77 
85 77 85 77 90 85 83 78 75 81 81 74 66 68 85 94 96 72 72 64 78 87 78 96 100 118 182 209 220 219 201 194 195 193 162 99 75 80 81 78 83 74 68 76 81 79 79 75 76 68 75 77 71 72 90 85 80 80 81 93 60 53 71 78 
75 72 74 73 82 82 72 66 78 92 99 94 83 85 89 89 86 72 64 81 79 74 137 199 202 194 188 200 217 225 223 222 222 217 209 168 76 72 77 77 85 85 81 76 81 75 74 86 73 77 77 75 78 88 95 101 88 97 91 96 70 60 75 89 
80 81 85 75 80 65 62 64 74 94 93 97 92 79 111 134 119 88 62 62 61 84 196 223 211 202 201 207 219 223 220 218 218 216 215 158 82 77 74 78 81 81 81 67 78 83 76 90 82 64 72 77 95 89 93 99 77 79 96 96 79 79 71 86 
75 68 83 81 79 75 66 89 84 79 84 69 75 160 212 224 223 181 85 76 67 85 162 220 218 211 204 185 215 223 216 169 171 193 183 107 79 75 85 74 79 84 78 72 79 92 84 87 82 83 83 84 82 86 95 92 89 84 91 90 90 92 90 80 
89 90 79 73 75 80 83 88 78 82 89 87 101 208 228 229 229 225 137 78 116 189 210 217 213 187 134 117 210 220 220 182 85 89 91 95 87 85 82 87 87 89 78 86 90 90 83 87 84 71 78 84 80 76 94 89 82 78 83 68 72 60 73 86 
78 85 75 75 76 66 74 75 81 80 72 72 85 182 228 228 228 228 167 136 217 228 227 223 207 136 70 91 197 220 217 196 90 64 75 97 86 81 82 89 91 79 83 85 74 87 78 68 84 80 75 79 89 81 85 81 83 97 99 86 76 78 82 84 
75 81 92 83 74 72 74 77 77 72 82 94 80 109 202 226 227 228 199 210 228 228 227 223 213 146 69 84 155 213 211 176 99 83 77 81 86 92 90 85 84 86 92 85 81 88 70 65 91 85 81 95 73 53 77 92 95 96 97 76 69 83 73 89 
75 61 81 82 73 78 82 66 71 146 200 208 198 174 162 203 224 228 224 228 230 229 226 210 159 73 59 72 94 136 130 106 82 80 90 90 98 86 88 82 71 77 85 94 100 86 86 83 92 90 98 86 71 66 74 100 93 76 69 79 79 85 82 93 
70 62 80 84 73 84 88 72 71 184 227 230 229 227 223 218 223 221 212 226 229 201 147 95 70 67 77 70 72 85 84 82 75 82 92 85 100 91 89 91 76 73 93 86 74 87 90 91 82 102 106 81 83 84 81 76 89 80 78 82 81 81 80 73 
78 74 78 69 63 72 82 91 92 154 224 231 231 231 229 228 227 223 212 226 230 209 159 118 84 71 77 80 79 87 93 69 77 84 90 88 87 96 82 76 83 68 81 93 75 77 87 77 88 84 84 86 96 90 80 81 86 83 84 85 78 83 61 66 
70 74 72 72 82 84 78 95 93 95 157 207 218 212 190 193 223 230 227 228 232 232 231 224 197 112 81 76 82 81 89 84 76 82 86 86 87 87 76 70 81 73 75 91 77 74 85 77 93 88 82 85 84 79 76 76 78 87 77 66 70 71 60 62 
95 94 86 89 83 82 83 90 74 67 72 91 107 98 133 214 231 233 215 191 228 230 229 226 217 159 81 90 83 73 94 97 83 70 76 84 93 84 84 78 88 85 67 61 78 76 71 74 88 78 67 76 75 61 75 79 75 86 73 74 72 68 65 71 
76 93 92 85 80 75 79 79 86 70 67 75 85 127 209 231 233 233 211 121 178 220 223 218 193 117 70 91 88 91 93 84 81 79 75 67 78 80 84 88 84 84 77 82 68 62 72 65 88 69 68 75 84 79 73 80 74 81 73 62 58 64 65 71 
74 73 66 87 86 67 82 79 85 86 72 61 100 158 225 230 232 231 206 96 91 133 153 153 116 90 82 86 92 91 92 84 81 70 76 84 91 84 87 84 81 85 79 82 69 62 74 73 84 71 79 75 78 89 73 83 87 79 82 69 67 63 69 68 
87 71 62 79 78 77 81 86 76 87 90 84 91 117 173 212 223 219 158 88 91 82 77 75 80 84 100 100 95 77 76 67 79 81 87 87 94 87 96 89 83 72 80 79 78 74 74 71 74 79 65 76 72 77 65 73 77 68 50 50 67 67 63 77 
81 87 66 73 77 83 78 85 90 84 74 79 90 92 100 112 123 124 99 81 87 92 94 82 67 74 94 96 98 82 76 81 79 73 76 85 82 101 92 75 70 76 80 79 83 85 72 70 72 71 70 73 70 69 70 78 80 73 59 61 64 59 65 67 
65 82 69 81 78 70 75 77 85 85 88 79 78 74 80 85 71 69 89 89 94 86 87 94 80 91 94 90 97 87 89 80 76 90 98 99 101 100 83 86 90 87 92 86 83 86 84 92 79 75 81 82 88 83 85 81 80 77 74 62 57 63 55 61 
66 72 78 81 78 79 79 69 76 80 88 87 84 80 77 83 85 87 81 94 103 93 92 89 97 99 99 91 84 90 93 89 90 100 93 99 99 90 83 80 94 80 77 76 77 88 75 96 76 72 83 81 91 92 76 69 77 61 73 68 68 62 59 63 
67 72 72 81 77 62 73 85 78 75 79 73 82 82 89 84 82 83 89 97 92 88 88 69 81 97 94 99 89 87 95 75 81 80 66 75 76 80 83 79 77 80 89 84 90 91 63 80 74 73 76 85 79 73 75 80 76 58 64 75 72 69 66 72 
76 85 86 80 77 80 87 96 88 78 85 89 81 70 88 88 68 70 80 90 85 96 96 91 80 85 97 93 88 83 84 75 82 86 64 76 89 77 92 85 92 83 79 83 92 91 76 74 70 76 76 75 79 74 66 80 89 89 67 59 54 57 54 64 
74 79 79 81 75 72 69 88 91 90 91 74 78 85 91 87 88 88 83 86 98 102 89 83 81 91 98 85 82 89 86 82 88 93 80 80 84 96 91 81 72 78 79 88 88 84 77 83 70 78 83 79 87 89 78 81 82 81 75 67 63 61 55 62 
78 69 71 78 77 70 81 85 79 83 73 66 84 101 104 98 88 90 86 85 89 102 78 72 83 84 89 95 93 91 96 97 85 83 76 64 91 98 93 72 66 75 81 94 97 78 82 72 67 75 67 74 72 86 80 63 70 86 79 78 78 69 71 71 
84 66 77 78 82 71 87 93 87 86 78 79 84 91 92 106 100 90 90 84 80 95 83 81 88 98 84 89 93 91 81 88 82 80 77 75 78 77 98 89 79 83 91 89 92 87 86 76 72 67 65 79 78 82 75 88 92 89 61 66 72 63 76 69 
72 78 84 76 80 84 86 94 94 77 94 85 73 82 94 94 98 85 88 91 83 78 78 87 101 78 75 86 90 89 98 99 88 75 73 71 70 78 90 90 82 84 87 96 88 91 76 75 79 77 69 74 76 70 80 90 99 74 57 68 75 70 69 52 
77 74 72 84 89 98 79 88 82 75 83 93 83 86 93 96 97 93 91 101 82 83 103 106 90 81 89 82 88 85 84 81 89 99 90 88 80 80 84 72 75 82 87 88 88 88 79 95 94 96 76 69 70 76 91 74 78 84 81 76 88 75 66 54 
87 88 77 87 78 87 92 97 75 69 80 94 91 99 105 102 92 91 90 105 101 91 93 87 88 94 81 86 92 87 79 98 93 86 88 87 84 87 91 77 85 87 84 81 79 79 84 100 88 98 89 80 78 93 84 76 77 83 92 72 83 86 64 72 
77 69 83 85 69 75 81 98 100 81 69 85 101 95 100 100 99 88 87 105 104 93 97 88 91 94 85 86 93 88 98 106 102 81 85 84 82 70 93 93 84 92 92 94 94 86 89 78 76 91 83 81 57 81 88 73 77 66 76 81 85 82 77 80 
88 77 77 81 80 76 91 103 91 94 95 89 95 77 95 90 79 87 98 96 105 91 91 82 90 98 95 87 92 90 99 97 96 93 102 94 95 87 81 95 85 94 87 82 86 83 89 82 87 84 89 93 72 98 100 87 80 60 67 79 79 67 79 74 
60 60 86 69 77 80 93 100 98 90 91 83 90 97 82 89 73 88 90 82 91 98 97 87 80 94 96 96 88 88 79 85 85 89 95 99 101 88 68 77 95 99 100 94 86 72 89 98 84 83 90 79 101 106 89 84 81 72 77 77 76 81 73 70 
75 70 81 70 66 76 89 96 91 86 83 90 87 89 76 75 88 91 87 99 84 93 96 73 84 98 105 101 99 100 95 93 83 74 88 96 102 102 76 83 89 98 90 105 90 73 79 103 98 75 80 69 89 84 95 90 90 88 78 83 81 75 90 96 
81 76 69 78 89 85 80 83 80 85 88 84 71 79 81 78 86 89 98 101 87 86 100 80 81 87 93 104 97 105 100 110 87 58 73 97 98 107 93 94 85 94 101 103 104 87 90 79 85 99 81 77 83 69 95 79 81 81 84 96 86 70 79 82 
77 66 83 84 77 84 90 87 76 85 74 70 76 94 92 84 85 94 97 93 94 87 105 107 97 77 90 98 95 103 101 93 97 88 74 94 105 104 89 96 91 84 95 90 90 84 99 87 84 97 66 70 86 75 103 84 67 71 77 75 80 75 72 68 
71 67 79 89 73 78 101 91 108 100 78 74 76 86 96 87 101 87 83 91 99 97 94 105 91 96 105 95 94 90 96 110 100 99 97 92 112 105 82 99 88 87 96 84 83 94 87 93 81 94 99 82 67 73 95 89 75 86 82 62 70 72 78 84 
66 78 90 93 72 66 87 89 88 83 89 85 78 69 79 76 90 91 82 91 83 91 83 87 94 91 100 106 111 105 105 116 105 106 108 97 105 98 90 102 91 101 103 84 89 93 92 96 82 83 100 83 65 61 71 71 78 78 79 75 74 82 78 81 
81 82 79 90 74 68 66 77 86 84 84 80 87 79 90 88 78 94 86 70 66 93 100 92 98 107 95 101 111 90 102 103 96 90 100 97 107 94 89 97 94 102 99 102 100 94 82 68 74 86 87 92 91 86 83 80 84 78 67 60 69 84 91 78 
87 86 82 85 84 79 67 83 86 90 91 87 75 66 81 89 101 97 96 82 73 96 95 91 105 103 88 87 102 97 89 94 108 98 84 98 99 84 68 94 95 90 86 86 97 72 69 73 73 89 74 89 86 91 96 88 81 92 84 71 69 84 66 60 
83 96 89 91 86 71 83 81 79 83 87 89 87 82 66 95 107 101 93 103 97 100 87 80 88 94 80 75 100 97 101 95 94 105 83 96 100 96 90 96 90 97 94 93 98 94 95 110 97 90 86 87 86 90 97 94 76 72 78 83 79 87 71 61 
91 85 95 83 84 79 84 92 88 85 79 85 92 83 87 94 100 101 83 90 108 94 96 77 82 92 74 86 92 102 88 84 88 98 92 89 83 89 80 74 87 96 97 81 85 102 94 80 74 87 94 78 85 95 92 80 69 76 88 84 78 82 79 74 
91 92 88 97 87 88 96 102 84 84 79 77 88 71 69 82 88 98 101 85 101 104 99 93 97 96 85 91 86 88 85 85 84 96 92 85 79 83 83 70 70 82 98 79 86 104 96 85 79 70 86 86 79 82 89 79 82 87 82 84 76 66 60 71 
84 92 97 84 81 87 93 95 84 80 89 83 77 70 72 90 93 99 99 103 95 100 91 78 90 88 88 91 99 85 72 90 87 89 83 96 95 83 80 92 79 58 81 93 96 101 85 94 87 79 88 96 85 85 88 95 101 94 76 75 82 82 74 63 
72 82 84 83 87 82 70 96 98 85 91 84 83 77 79 80 89 98 106 82 86 94 92 94 77 75 87 87 93 94 69 65 81 85 82 89 73 76 81 103 88 84 78 85 104 96 71 80 87 89 84 91 74 85 89 93 95 109 101 82 66 65 66 73 
79 85 72 80 97 91 76 94 90 93 78 77 87 83 70 85 91 103 108 92 76 88 89 80 70 81 103 85 90 110 94 96 91 89 75 78 73 76 88 106 83 87 88 94 100 96 90 83 89 88 84 89 70 82 82 82 61 89 85 88 71 61 65 63 
81 68 72 92 85 93 94 92 88 100 86 88 93 86 72 89 101 100 98 96 91 91 89 82 88 100 105 85 70 105 96 87 99 90 105 85 70 98 92 83 65 75 92 101 96 91 94 92 82 92 91 92 77 71 79 83 76 79 80 81 76 68 67 65 
85 78 85 89 91 98 96 91 95 100 96 103 89 95 83 82 83 83 98 95 100 98 91 95 91 104 97 95 89 96 103 97 91 90 103 92 84 90 70 76 79 77 79 90 86 93 98 105 84 85 102 98 80 77 73 69 86 74 69 74 82 78 75 65 
91 91 79 80 81 90 84 80 88 100 106 100 89 91 89 90 82 75 101 95 93 86 91 93 82 95 86 93 80 82 99 91 97 100 99 99 74 68 66 86 82 88 89 89 84 101 104 98 91 93 96 81 73 84 79 63 79 99 89 80 85 95 82 54 
79 95 104 87 73 81 97 98 94 96 104 85 82 91 98 96 96 82 96 103 105 88 101 100 87 85 90 79 70 84 99 96 90 99 103 88 78 50 90 100 85 71 90 76 82 106 108 87 75 91 85 74 82 90 68 72 81 81 90 88 85 75 78 59 
74 91 91 103 83 72 93 97 96 91 77 71 83 88 95 99 94 85 103 96 93 93 99 96 92 98 93 86 88 94 79 86 78 75 86 91 90 69 97 87 87 80 73 85 80 100 92 93 75 87 81 74 81 92 61 68 80 75 67 93 90 67 49 58 
75 84 82 81 88 86 96 86 84 91 67 69 85 85 92 96 100 98 99 82 66 89 86 77 94 92 79 77 81 87 72 78 91 96 92 87 72 73 91 89 56 84 81 88 82 88 84 104 84 76 73 62 61 86 78 76 72 76 68 83 79 59 46 55 
83 88 81 72 78 84 97 85 87 94 72 80 84 86 90 89 91 96 87 92 84 92 86 72 92 89 90 94 94 89 94 98 97 94 97 98 83 81 86 102 86 91 89 86 85 92 76 83 100 83 68 68 50 63 79 81 69 59 73 73 75 63 66 63 
92 88 85 87 88 82 91 74 84 89 89 94 91 95 84 95 91 73 94 103 95 92 89 73 88 84 74 102 90 93 100 87 90 80 82 94 106 101 106 99 88 81 93 83 72 77 62 72 92 87 85 83 72 65 73 85 83 59 59 74 63 61 66 64 
86 93 94 91 86 82 93 71 81 93 89 98 97 100 100 104 95 79 95 104 87 83 83 95 91 90 69 83 90 96 97 94 67 64 74 83 82 100 98 87 87 74 79 88 77 72 71 75 82 92 85 72 74 72 67 79 80 71 64 60 51 52 42 40 
80 77 69 79 85 88 92 86 82 89 82 86 100 104 86 87 99 85 75 97 88 90 100 94 85 90 82 85 99 87 90 96 78 83 97 90 66 74 92 86 85 75 75 90 78 81 75 72 69 78 87 73 81 76 62 68 71 69 73 67 59 50 38 34 
72 67 69 68 78 83 74 79 84 91 76 82 86 77 69 74 77 77 63 79 74 96 100 92 76 75 67 89 90 82 89 86 81 91 91 88 79 89 96 84 87 73 84 81 66 59 72 79 80 71 84 74 74 80 71 70 76 66 67 73 60 45 40 39 
64 70 73 58 53 74 68 74 66 63 73 84 83 70 69 76 68 80 77 78 73 76 95 96 70 68 79 90 75 90 97 95 88 71 71 78 75 91 90 94 83 83 88 82 70 83 70 79 78 84 75 77 63 76 75 69 66 64 73 75 68 48 42 37 
63 71 76 70 71 79 78 75 71 73 87 79 91 77 71 70 79 75 72 71 76 76 81 87 89 74 74 84 85 88 90 82 67 80 85 85 91 91 88 90 79 74 72 77 79 81 81 80 80 69 64 68 61 67 71 61 69 65 62 70 59 58 47 37 


23 23 22 22 19 20 17 14 17 18 20 20 22 17 19 23 18 14 13 22 15 15 15 11 11 14 15 14 12 12 19 25 14 14 14 16 21 18 15 16 17 18 16 16 14 21 24 27 16 22 21 19 20 20 16 24 19 21 17 15 14 15 15 13 
19 23 29 23 23 20 19 18 24 24 22 22 22 19 22 20 17 16 21 24 22 19 14 12 14 16 16 13 13 10 12 12 15 19 20 16 16 22 20 17 16 20 19 13 14 16 22 20 17 21 21 23 22 19 15 14 16 19 14 18 15 14 19 14 
17 19 23 21 24 18 18 19 20 28 25 21 21 23 23 21 23 17 21 27 21 20 18 21 19 20 16 11 15 14 12 13 22 18 18 13 13 21 24 22 28 22 23 20 20 21 20 17 23 26 22 27 31 28 17 13 16 18 18 20 22 24 24 25 
24 26 22 19 23 17 20 25 23 29 25 22 21 23 23 21 17 16 15 16 15 13 14 19 22 16 17 13 18 20 30 33 21 18 17 20 23 20 20 25 46 20 20 22 21 22 28 25 27 23 20 20 28 28 19 18 21 21 28 30 24 23 23 21 
18 21 21 19 22 22 20 20 22 22 20 24 23 23 22 19 16 16 18 22 20 13 18 22 30 68 103 65 31 101 156 146 70 23 21 20 18 19 18 19 34 17 22 27 25 24 23 24 31 22 20 23 29 32 29 27 23 26 24 28 28 26 31 33 
16 19 20 19 19 18 20 22 26 24 20 20 18 24 25 20 21 21 20 21 26 19 21 21 82 174 196 180 121 199 197 208 184 47 20 20 22 27 22 18 23 20 25 28 25 26 26 19 25 27 26 27 26 27 30 30 22 25 24 25 23 34 36 29 
17 19 23 23 26 22 21 21 23 26 23 21 18 23 23 31 24 27 22 20 25 16 20 28 140 187 189 201 198 200 199 211 189 54 26 20 21 22 27 30 29 23 20 22 22 21 17 22 27 23 24 27 26 36 33 26 25 25 25 23 25 26 26 24 
22 22 23 21 22 20 22 20 19 25 22 29 24 26 26 32 27 32 27 20 21 17 26 31 116 185 177 195 197 199 208 202 98 21 22 22 23 23 26 23 22 27 23 24 28 26 20 20 33 32 29 30 25 29 30 30 29 29 35 32 27 30 27 27 
19 21 25 22 22 22 23 23 21 22 18 21 30 29 34 30 31 28 20 15 23 21 21 23 40 136 162 174 180 202 193 114 54 47 31 20 22 25 22 23 21 18 22 28 25 21 17 20 25 23 21 25 31 25 29 25 31 34 34 36 33 31 26 27 
24 22 26 20 27 27 23 19 19 23 22 24 19 24 32 29 30 19 18 18 21 23 25 59 76 98 115 95 146 190 185 191 193 187 150 69 23 27 26 26 26 20 21 30 31 17 20 25 27 18 20 28 27 26 27 28 25 29 28 40 31 26 25 26 
20 20 23 18 18 25 26 21 20 23 22 24 23 26 29 28 21 15 18 24 21 24 119 194 193 176 103 72 126 184 204 211 215 210 202 152 28 23 25 23 23 22 28 26 28 20 19 28 23 22 25 29 35 35 33 34 29 37 33 37 24 22 29 33 
22 19 23 22 26 17 22 25 22 27 29 25 26 32 73 104 94 43 18 19 19 39 188 218 202 186 165 149 166 198 205 207 212 209 209 136 31 23 26 23 20 22 29 21 22 24 19 26 31 23 28 29 37 34 32 40 26 25 32 31 24 27 26 28 
18 18 19 20 26 23 22 29 23 21 24 19 34 147 208 222 221 170 43 24 21 47 146 214 210 200 189 162 191 207 205 147 143 172 161 70 29 23 28 22 24 28 27 25 26 26 22 26 27 31 28 30 33 30 29 32 25 27 29 27 32 33 32 24 
19 25 20 20 25 22 19 21 24 28 25 24 57 200 225 225 226 223 105 33 98 184 206 210 202 168 102 85 198 209 210 168 43 37 33 31 29 32 31 30 26 28 27 27 28 28 22 25 25 24 28 31 29 26 28 25 25 26 28 23 24 19 22 29 
25 26 14 17 17 14 16 18 22 23 21 20 38 166 223 221 222 224 147 117 214 226 226 220 198 117 28 46 184 214 210 184 56 23 22 29 26 23 27 32 28 25 27 31 26 26 26 22 30 28 24 25 30 28 27 25 30 39 33 30 23 23 28 30 
23 24 28 24 25 22 20 16 17 28 50 52 40 72 189 215 210 213 188 203 221 224 225 220 208 124 21 23 119 204 202 154 49 29 22 22 28 29 28 29 29 28 28 25 24 30 26 25 34 30 25 35 29 24 33 35 35 33 30 25 22 26 26 28 
21 16 26 26 22 21 20 18 26 126 201 206 188 156 146 190 189 153 159 181 213 225 223 203 138 40 18 22 37 91 92 53 30 31 30 31 33 25 25 21 18 19 21 27 35 37 34 39 30 32 37 37 27 26 31 39 28 23 19 24 24 27 27 32 
17 15 23 26 27 28 21 19 40 179 227 229 226 222 212 187 145 78 53 109 202 187 122 64 30 22 26 23 23 25 25 27 24 27 30 27 34 27 24 26 22 20 30 30 19 26 29 33 25 32 36 28 32 30 28 25 24 25 24 25 29 24 27 30 
21 26 28 20 22 25 23 24 32 131 221 228 228 224 215 197 152 80 54 111 205 202 147 100 54 25 23 25 25 30 29 22 22 25 25 22 23 29 19 23 26 19 24 29 22 21 26 22 27 25 28 29 35 30 28 30 29 21 24 22 28 30 20 24 
21 27 23 22 26 25 25 31 37 51 132 195 211 200 171 174 192 155 169 191 217 227 228 222 192 82 24 24 29 28 33 26 20 20 22 21 22 27 18 22 22 21 22 29 23 21 26 25 29 29 24 26 33 27 29 29 25 24 27 23 22 20 21 19 
29 31 25 26 25 27 27 27 23 19 26 50 67 61 115 207 219 216 199 173 224 227 227 223 211 139 31 30 24 21 36 37 24 19 25 27 31 29 23 19 23 23 20 20 20 22 22 24 30 26 21 28 33 21 27 23 19 29 27 27 19 22 21 21 
23 29 28 24 24 22 24 23 22 19 21 30 36 90 207 229 229 229 200 79 157 214 220 213 177 76 25 30 29 26 30 28 26 26 28 20 24 24 20 26 24 21 26 27 16 16 24 20 30 22 17 19 27 25 20 19 18 22 26 22 16 17 24 23 
24 22 21 24 26 22 26 26 25 25 23 23 37 127 223 229 230 229 195 47 36 94 134 129 71 29 27 28 33 28 27 28 26 21 25 25 30 26 27 28 27 28 26 27 22 21 27 21 24 23 21 22 27 32 22 26 29 25 25 25 23 21 30 29 
22 20 21 22 17 21 21 19 15 21 26 28 32 63 153 204 217 211 129 34 29 23 26 25 26 25 34 33 31 22 21 18 21 25 26 27 32 26 34 27 25 24 24 27 24 20 27 24 23 24 22 27 22 30 21 24 26 21 18 17 22 26 23 36 
21 28 20 22 21 21 22 19 21 20 18 18 23 26 36 63 86 82 38 26 27 32 35 26 19 24 33 32 32 23 24 22 26 24 25 27 23 34 30 26 21 22 25 23 23 23 21 16 18 19 24 26 25 21 21 27 27 22 20 22 24 22 20 27 
17 22 20 22 20 18 19 21 21 21 20 19 21 20 24 30 20 25 30 29 29 26 27 30 26 36 34 31 30 24 27 22 21 27 29 33 33 33 26 24 26 30 32 27 23 25 25 30 23 22 28 26 32 29 29 28 27 27 30 26 22 24 15 19 
18 18 21 22 21 21 20 20 21 23 23 23 29 27 25 27 23 21 25 34 37 29 29 28 33 41 33 25 22 25 27 31 29 34 27 33 34 25 19 20 31 27 26 25 22 28 25 41 24 21 25 20 28 34 26 23 25 22 30 28 23 20 15 14 
17 20 20 20 20 17 22 26 27 23 25 22 25 27 32 30 27 20 21 32 30 29 30 23 25 30 27 34 29 25 30 26 28 29 15 18 21 19 22 25 25 30 32 28 27 29 22 31 23 21 23 22 24 23 26 25 21 20 23 27 25 21 17 23 
18 18 21 20 23 27 27 35 33 24 23 27 24 21 23 31 24 23 23 28 31 33 28 24 23 26 27 33 33 27 27 20 20 24 15 23 27 19 31 27 30 23 22 21 26 31 23 25 20 23 23 20 20 19 19 25 31 32 21 19 16 17 16 21 
14 20 22 18 17 20 24 30 29 29 28 22 24 25 28 29 29 26 24 24 35 36 29 23 20 27 32 30 27 28 25 17 20 30 23 26 30 32 30 22 20 21 23 32 29 24 23 26 21 23 28 29 29 31 24 25 28 25 22 20 21 23 20 23 
20 18 19 22 22 19 22 18 16 28 20 17 27 36 33 26 24 24 22 22 27 33 22 20 21 24 26 28 27 30 28 34 23 23 21 16 30 30 31 23 17 19 23 33 34 25 25 20 20 22 22 28 28 29 27 21 25 25 25 26 31 26 26 26 
25 20 19 23 27 19 24 27 23 28 26 27 27 32 27 29 26 20 21 19 18 27 24 27 24 26 22 28 31 27 22 29 26 22 17 19 22 21 34 26 20 24 29 28 31 25 22 19 20 14 18 24 23 29 20 26 34 33 20 19 25 21 27 27 
17 20 22 19 23 26 26 28 27 23 31 24 20 24 25 28 24 21 23 22 20 19 23 24 30 22 18 28 24 21 35 39 30 22 20 13 21 24 30 24 20 22 26 36 34 23 15 17 22 21 23 25 24 24 24 27 38 28 17 17 21 23 23 19 
15 14 19 25 26 34 28 28 26 21 24 27 23 26 27 31 27 25 31 31 20 25 37 35 32 28 24 17 24 22 25 24 32 35 28 24 24 23 23 21 21 19 25 34 33 22 21 28 29 28 25 21 25 27 30 24 23 26 26 21 25 24 24 20 
24 19 21 29 23 26 35 34 20 19 25 25 27 31 35 31 29 31 24 30 36 30 28 26 27 28 24 21 25 21 24 34 30 21 23 21 25 25 21 21 24 23 28 27 23 21 29 32 28 29 32 23 26 34 27 24 21 27 29 24 33 30 23 25 
20 19 24 25 21 21 23 30 32 27 23 24 35 28 35 34 37 26 28 34 41 29 25 22 31 32 22 21 30 26 36 37 33 23 22 19 24 21 26 24 24 28 32 33 35 31 29 22 25 30 25 23 19 27 31 24 21 21 22 25 30 30 24 26 
20 20 25 24 25 20 28 30 25 28 30 27 30 25 33 31 29 29 34 32 37 30 23 21 23 30 28 22 26 25 38 36 33 31 35 33 37 26 25 22 21 31 30 27 26 26 27 25 23 23 27 28 28 37 44 23 22 16 16 23 26 21 25 23 
18 20 25 19 21 22 22 27 32 27 28 25 27 34 29 31 18 25 25 25 31 34 30 21 20 25 31 31 26 25 26 28 27 28 32 33 33 26 14 12 32 37 35 29 21 19 24 33 20 16 24 22 39 39 33 26 23 20 21 21 21 25 27 23 
24 24 22 18 21 24 25 28 22 21 23 27 30 28 24 21 26 23 28 33 31 33 34 24 27 34 37 38 38 36 32 27 28 23 28 27 36 33 22 21 27 30 33 37 28 19 20 40 37 19 20 18 31 25 34 27 29 28 21 20 23 23 30 34 
24 23 18 23 29 26 24 28 18 21 24 23 19 26 23 18 33 32 36 28 24 23 37 28 28 25 28 37 34 42 37 40 29 22 23 26 28 38 34 28 24 29 37 40 35 25 33 25 26 34 29 21 22 21 35 24 19 21 25 26 26 26 28 26 
22 21 25 23 24 27 26 33 28 27 20 20 24 29 31 25 28 38 33 26 28 23 31 32 29 21 25 30 25 29 43 39 33 28 20 26 33 38 35 34 27 31 31 29 30 24 36 29 27 31 22 16 22 23 36 25 18 22 21 20 27 24 22 19 
22 20 29 29 23 26 35 33 38 29 20 19 22 28 38 31 39 30 22 31 36 36 28 34 23 23 29 25 22 25 34 48 33 34 33 28 35 30 23 34 30 31 34 29 27 33 28 31 23 29 37 27 19 21 28 27 24 24 23 16 21 22 23 30 
20 26 35 36 23 21 33 36 29 26 28 24 18 21 29 29 29 30 23 30 27 34 27 27 27 21 21 27 33 33 33 44 39 38 39 28 29 27 28 33 32 42 39 26 28 29 29 32 23 28 39 25 16 13 16 19 18 18 20 18 16 21 28 31 
24 23 26 30 20 21 23 25 27 30 25 24 23 21 25 24 22 34 25 22 21 29 36 30 32 39 26 29 35 31 33 32 31 29 34 27 31 28 31 34 35 40 38 40 33 27 21 24 30 35 32 25 25 27 23 22 26 18 17 17 15 23 34 25 
28 30 23 23 26 29 28 31 30 29 35 34 22 20 22 26 33 30 26 26 25 36 27 28 34 36 25 22 29 29 25 29 37 34 31 33 29 25 22 33 32 27 29 29 34 21 15 19 20 28 17 24 21 24 35 25 22 25 23 19 21 25 19 16 
21 32 29 27 31 28 34 30 24 26 28 35 35 25 18 29 34 27 25 39 32 28 25 22 26 29 19 18 28 31 32 29 28 37 26 32 34 28 26 32 29 33 31 27 37 33 29 36 30 29 30 27 24 28 29 28 25 20 24 24 25 31 24 20 
25 21 32 28 30 27 32 39 30 30 25 29 28 23 27 29 36 36 24 36 43 29 28 21 28 35 27 28 35 42 28 21 26 31 28 23 23 25 21 25 33 34 33 26 30 37 35 23 19 27 36 25 24 29 27 25 22 21 26 22 23 27 25 23 
33 28 26 34 28 30 35 44 31 29 21 25 28 23 25 29 28 33 35 31 39 42 30 26 34 31 27 29 34 36 24 26 26 28 28 28 24 28 26 19 27 27 33 24 22 37 30 22 19 24 31 26 21 19 25 24 21 24 24 19 19 18 15 18 
24 28 29 24 26 21 28 36 26 26 26 23 23 25 30 29 29 31 36 42 37 36 29 23 32 35 29 27 33 31 22 31 25 24 23 35 38 27 25 27 28 23 27 31 33 38 21 22 22 23 28 34 29 23 24 31 37 33 24 21 24 24 20 16 
21 24 23 23 23 19 21 31 26 26 29 23 23 29 31 27 28 31 37 31 33 31 29 29 26 27 27 22 25 30 20 21 25 25 23 31 28 24 24 33 25 25 24 25 39 32 15 15 22 29 31 37 23 26 28 30 35 43 36 26 21 16 16 17 
25 29 19 22 30 29 22 28 23 28 24 21 25 27 26 31 30 36 43 35 27 24 25 29 33 33 27 19 32 44 32 38 32 27 26 30 36 31 29 39 24 25 26 27 31 32 23 18 24 33 24 34 18 23 22 24 17 29 28 29 24 12 18 19 
20 19 22 25 23 27 30 31 24 30 20 26 28 23 24 33 36 40 33 29 25 27 24 24 35 37 33 26 23 41 31 34 38 26 37 30 24 38 37 34 28 27 35 31 31 30 21 24 24 30 25 32 16 21 24 25 27 26 25 24 20 20 18 18 
28 24 31 26 31 37 37 32 32 34 34 34 23 29 25 29 27 30 37 32 32 29 27 28 29 36 31 24 22 27 38 34 29 29 33 27 23 28 19 30 29 26 24 23 23 27 26 36 24 25 33 32 21 22 25 23 31 26 25 25 24 25 25 23 
35 32 30 25 33 36 32 26 30 36 41 36 26 29 26 32 33 34 46 32 26 23 25 27 30 30 28 27 19 20 23 27 27 33 32 30 24 20 21 30 25 22 24 26 19 30 31 31 27 30 34 24 22 26 28 20 27 36 34 25 26 33 26 19 
25 29 46 32 22 30 35 35 32 32 33 26 26 31 34 34 36 29 34 43 38 31 33 33 37 35 28 21 20 24 26 31 33 37 41 27 29 18 32 33 23 20 30 23 19 33 36 28 19 24 27 16 17 24 20 18 17 23 32 26 26 26 33 22 
25 25 28 37 20 22 34 41 35 29 21 18 27 32 35 35 32 23 32 33 32 32 31 31 31 33 26 23 29 26 28 30 21 27 31 25 33 24 34 32 33 28 22 31 23 34 32 27 16 22 22 16 24 26 15 13 19 21 20 21 21 21 20 23 
17 25 23 28 26 29 31 30 32 30 16 21 26 31 33 30 32 31 31 26 18 24 27 28 33 25 21 24 25 23 26 26 28 31 30 24 24 27 35 30 18 27 22 30 24 26 25 35 20 16 20 17 19 28 23 17 19 20 20 22 19 14 11 18 
22 26 22 20 23 29 33 30 31 34 22 31 29 28 34 27 29 36 28 28 23 27 24 24 32 24 29 31 28 24 30 38 34 30 33 30 22 20 26 38 20 21 28 22 22 28 21 22 33 24 22 26 16 17 23 22 17 13 21 23 23 14 16 18 
28 25 29 30 26 24 31 22 24 29 30 33 30 25 23 28 36 29 34 33 26 24 29 25 32 19 20 34 25 25 33 27 25 20 25 30 34 29 36 27 18 23 31 22 16 23 17 17 28 24 27 25 22 17 17 21 27 17 17 22 22 18 19 20 
32 33 37 32 25 25 31 24 26 32 31 31 33 30 31 37 35 27 31 30 22 21 21 31 32 26 18 25 26 24 24 27 16 17 20 22 25 34 40 25 25 24 23 26 22 23 23 18 20 27 22 17 22 21 19 22 25 23 15 15 14 15 11 11 
29 25 29 30 29 32 34 30 30 34 28 26 33 35 29 30 38 27 26 36 29 30 27 28 26 30 24 22 27 22 23 28 18 19 23 25 19 24 25 17 14 22 16 23 19 21 23 17 17 19 17 18 20 22 15 20 22 22 25 20 16 18 11 8 
26 23 26 29 33 32 22 23 25 33 25 29 28 25 23 24 28 21 21 24 25 34 31 29 22 26 21 28 31 21 25 26 24 31 33 29 24 24 24 18 21 21 20 22 18 16 18 20 22 17 19 17 22 22 18 23 25 18 22 21 16 13 12 10 
24 26 28 28 26 32 21 22 18 18 21 29 27 17 21 22 21 25 24 25 21 26 32 36 21 19 21 27 21 29 35 33 28 19 22 25 20 25 25 28 26 25 23 20 16 24 20 22 20 24 24 20 22 22 19 20 17 19 18 21 23 13 12 9 
22 26 31 29 29 32 22 21 25 30 27 22 28 22 19 17 26 26 23 24 26 27 29 30 28 21 19 23 22 23 26 27 23 22 22 27 25 25 31 30 26 25 20 27 24 25 27 22 24 23 21 22 22 22 19 15 20 16 16 22 18 16 11 10 