


81 67 70 81 86 89 92 100 107 109 104 109 116 119 114 113 116 113 117 119 120 125 122 113 116 126 133 138 137 142 146 143 137 132 128 121 112 108 106 100 95 98 92 79 77 106 88 121 114 129 130 151 163 172 191 191 192 193 199 201 200 203 210 207 
64 58 69 98 88 97 99 97 93 101 101 103 106 110 106 111 116 116 123 121 127 130 130 124 127 133 137 141 144 144 145 140 134 131 136 127 120 114 107 100 97 100 97 89 85 108 99 127 94 99 107 128 137 164 172 180 189 192 199 201 199 198 205 204 
104 104 100 113 96 89 88 84 88 90 95 91 95 101 101 110 120 123 126 127 134 140 144 143 143 144 139 142 145 142 142 136 134 133 132 129 127 120 115 103 99 101 105 100 94 117 115 121 83 87 95 107 121 154 159 172 183 190 202 203 200 199 199 200 
120 121 105 97 90 90 85 74 76 82 87 85 89 94 106 117 122 127 129 125 126 126 134 138 136 139 142 149 152 146 150 141 139 133 132 127 122 120 119 113 108 103 102 98 104 134 112 117 83 82 90 99 123 148 145 166 179 190 201 204 201 202 197 199 
113 102 93 90 84 83 74 66 70 77 81 85 94 97 103 115 120 124 124 120 117 117 121 123 124 126 133 136 142 147 152 150 147 141 132 125 119 117 115 115 113 110 105 107 111 141 111 122 87 87 91 108 117 147 134 158 177 192 197 202 204 201 199 203 
95 92 92 86 71 71 73 72 62 73 83 86 94 89 94 111 120 120 117 111 111 106 109 111 113 118 123 126 129 136 141 147 153 155 149 132 118 112 114 116 120 119 108 110 110 141 110 132 94 91 94 116 130 133 126 148 174 189 192 198 204 204 204 203 
85 83 81 83 81 73 80 79 79 82 92 90 95 93 107 123 122 126 121 104 102 95 96 98 102 103 111 117 122 131 136 141 145 150 155 147 127 111 119 122 132 129 117 110 108 130 111 136 102 94 113 117 149 119 130 148 177 187 194 198 203 207 207 205 
84 86 83 82 78 83 91 95 95 96 94 96 99 115 131 136 131 129 128 111 104 95 90 90 89 92 98 108 117 123 128 134 134 134 142 149 147 129 129 129 140 134 132 116 124 133 116 136 105 106 130 132 150 123 140 162 178 190 197 199 201 203 204 206 
93 92 89 94 107 103 107 112 111 111 109 112 110 124 125 125 124 125 131 127 116 96 78 74 80 88 90 99 110 112 118 124 126 126 132 140 147 145 142 140 140 138 144 128 140 139 121 134 109 118 128 153 130 133 150 175 179 190 194 195 199 198 200 204 
100 100 95 95 107 108 124 127 126 126 126 117 102 82 65 57 58 64 79 97 112 110 92 79 74 84 83 87 97 103 111 119 121 122 126 127 136 148 151 145 142 150 151 141 155 140 141 134 114 135 136 146 121 135 161 169 184 183 184 192 197 193 196 198 
94 98 83 91 103 109 124 126 126 118 107 103 99 85 89 85 68 47 32 32 49 74 99 88 70 66 71 73 81 94 109 113 110 119 117 107 124 149 160 153 154 157 158 157 167 148 161 134 124 150 157 122 126 140 157 168 178 173 179 189 190 189 192 195 
88 98 92 92 103 111 113 115 115 88 63 90 131 180 194 171 160 136 100 62 39 33 50 89 85 69 63 69 73 85 97 101 98 106 107 104 122 142 155 169 164 165 168 167 176 161 172 142 141 174 160 129 137 152 152 173 155 161 171 176 184 185 187 193 
86 90 86 94 100 108 106 109 91 68 89 149 167 164 159 156 163 158 145 124 96 58 25 43 90 78 62 63 70 81 80 86 94 101 104 105 124 130 139 158 159 166 168 174 183 176 177 163 173 188 162 147 157 153 157 142 142 153 150 150 166 173 185 188 
75 82 81 83 96 98 98 107 80 76 131 154 152 157 156 137 162 180 159 144 132 99 44 20 52 96 72 60 66 73 70 75 88 94 93 105 112 114 124 137 141 147 158 169 176 171 177 178 185 175 168 170 162 171 146 129 138 132 118 126 149 161 171 179 
76 75 77 74 84 93 93 101 74 94 144 140 141 137 109 81 111 154 137 136 146 137 89 29 23 86 108 66 61 62 67 73 78 82 88 100 107 111 113 123 132 140 145 144 153 158 169 165 176 164 171 178 185 178 153 133 126 111 110 130 131 139 152 169 
70 80 71 72 71 82 95 98 76 106 144 131 94 44 17 18 28 40 39 78 143 154 124 55 18 54 116 93 61 59 63 70 79 84 91 97 106 113 116 120 123 127 125 127 140 150 159 152 152 160 162 169 183 177 163 138 126 121 124 116 113 122 144 157 
75 78 87 83 90 80 98 98 81 88 128 118 55 23 18 19 30 48 86 114 136 150 143 78 21 31 93 110 69 60 55 64 79 92 94 99 105 114 120 124 127 126 125 124 131 140 148 138 140 161 162 161 168 176 166 146 140 124 111 110 110 118 133 144 
96 98 111 118 113 107 112 118 108 80 96 108 97 103 108 110 119 122 124 124 142 155 145 89 25 28 86 128 93 72 64 73 83 90 95 99 99 108 113 120 129 131 127 111 105 121 139 124 127 148 160 151 156 171 173 160 137 115 112 118 120 123 127 137 
103 101 111 115 124 118 119 125 131 118 85 94 109 105 112 114 118 121 116 130 150 153 137 75 25 37 104 141 108 75 69 81 86 91 91 94 102 107 114 124 135 135 127 111 108 118 131 125 124 134 151 145 153 163 173 169 142 131 131 126 121 125 128 139 
86 85 90 90 88 93 100 116 134 145 132 85 106 114 115 121 119 131 142 147 151 135 102 51 35 62 128 145 123 93 83 75 76 86 85 91 98 106 118 130 134 131 130 123 107 113 133 124 112 127 148 149 145 160 164 172 169 145 133 130 132 134 138 150 
57 55 55 50 46 42 49 68 94 127 148 133 92 101 127 139 145 146 148 133 119 85 64 48 50 83 131 134 110 88 80 64 65 69 82 88 94 106 126 131 127 129 127 121 103 100 128 124 115 124 148 152 150 154 162 169 173 162 144 130 132 139 150 161 
44 45 45 43 41 42 42 41 62 91 119 143 142 114 84 85 95 98 94 85 70 73 80 54 64 85 100 98 87 76 64 63 60 65 78 87 94 115 130 129 128 132 129 127 113 121 131 137 130 128 149 156 153 159 165 165 171 174 154 143 141 146 157 165 
41 42 46 51 53 58 66 74 84 104 119 137 154 158 146 116 92 79 71 94 92 89 79 82 80 73 81 76 71 67 70 65 67 78 89 102 111 119 121 130 132 134 129 137 134 135 143 149 136 141 164 162 155 163 162 160 169 179 179 168 152 146 152 159 
64 73 78 86 89 91 93 97 96 100 106 118 140 156 167 164 160 150 138 126 116 111 104 102 97 88 83 69 66 66 66 64 77 97 113 119 113 117 124 132 130 134 137 136 142 150 156 156 147 156 173 168 158 160 163 164 162 169 186 187 167 148 143 146 
102 99 99 106 105 102 96 96 100 105 109 111 124 135 152 168 175 176 173 172 168 158 151 142 136 124 104 89 78 82 83 95 108 112 118 117 118 122 130 132 139 131 124 128 141 158 161 167 164 169 166 163 156 159 158 154 151 155 177 188 184 165 149 145 
99 102 100 100 101 97 91 96 92 101 110 103 108 119 122 135 148 154 162 164 159 151 154 146 133 123 109 104 105 112 119 123 118 113 119 122 117 117 114 106 108 98 91 105 127 150 159 169 171 168 167 164 153 149 151 150 145 153 170 180 183 175 155 154 
92 92 87 87 86 84 82 91 94 94 98 96 102 110 118 118 119 123 125 131 130 130 134 134 128 126 124 122 124 130 129 130 127 137 136 135 127 117 102 91 86 74 103 125 118 126 154 169 168 168 165 159 151 147 144 142 138 150 164 178 184 184 169 158 
60 63 68 64 60 61 65 84 90 96 107 106 108 109 114 115 120 122 125 125 119 122 125 125 128 129 129 129 129 128 131 129 129 135 132 125 120 112 102 93 80 75 111 126 110 89 127 155 164 169 165 149 138 139 138 135 138 152 160 168 182 188 185 172 
58 50 48 48 51 63 68 71 85 92 92 98 108 110 109 111 110 111 120 121 117 117 125 128 126 129 121 121 120 115 108 109 112 114 114 111 104 99 90 80 67 70 101 120 112 60 72 99 121 146 155 140 138 134 126 124 137 150 159 164 175 180 185 178 
81 76 79 73 76 77 80 83 94 89 90 95 88 97 98 95 96 101 104 110 105 107 110 115 115 114 108 101 95 89 91 101 107 101 99 95 89 84 78 74 60 60 80 94 105 94 84 95 82 85 106 120 124 117 103 117 137 148 158 161 167 172 176 176 
85 84 76 74 74 82 70 70 74 67 71 71 72 73 76 77 82 86 87 89 86 89 92 97 93 98 94 85 84 83 87 93 102 99 93 85 80 78 77 74 59 53 72 87 96 102 107 109 97 66 46 77 95 85 75 111 135 146 151 156 160 165 169 172 
67 58 53 49 43 41 39 40 40 46 58 65 66 63 69 67 71 72 74 79 76 74 74 82 85 72 65 61 69 73 79 84 87 89 85 81 77 75 77 74 63 52 71 88 95 99 98 90 76 55 37 66 93 86 71 106 131 144 154 158 157 164 169 171 
42 54 49 42 40 40 40 39 43 52 68 74 74 64 71 71 73 72 69 66 70 75 74 69 59 46 45 44 49 60 61 61 63 71 77 73 74 72 75 74 70 59 73 85 91 98 97 94 78 57 82 118 128 131 114 114 130 139 146 153 155 161 166 168 
50 46 43 46 49 50 60 66 72 78 83 79 72 79 78 73 72 67 63 61 67 68 67 64 56 57 58 47 42 46 51 55 58 62 66 70 70 68 66 65 61 51 59 69 77 75 45 37 55 98 146 146 136 141 137 131 127 136 140 146 152 153 155 159 
51 53 61 75 76 86 95 97 100 104 101 96 89 87 80 73 67 63 62 59 55 56 54 54 55 56 52 50 42 37 29 35 47 54 53 55 55 50 50 49 41 30 41 49 54 35 27 71 114 143 157 151 141 135 138 140 124 125 131 138 141 140 146 152 
65 66 64 78 80 78 80 86 89 88 81 78 83 83 79 69 56 52 43 39 32 30 31 32 38 38 37 38 32 28 28 32 32 33 32 33 31 32 28 26 22 15 23 32 38 43 78 114 126 130 134 138 131 129 136 139 132 118 122 127 132 135 146 154 
34 33 31 33 37 38 52 62 69 78 73 65 66 58 55 50 45 36 30 28 25 24 27 24 24 27 27 27 26 27 27 25 24 24 22 20 21 20 17 15 14 11 11 20 33 62 98 107 111 114 114 126 126 125 130 138 139 122 119 121 127 136 151 160 
24 29 36 37 42 48 48 49 60 68 63 58 59 49 42 37 31 26 27 27 30 30 34 32 31 27 22 19 16 17 19 20 19 17 20 21 19 19 19 18 17 16 13 14 41 75 82 91 95 94 98 105 113 107 118 126 136 126 120 124 131 143 154 162 
61 66 67 64 64 68 70 64 67 64 60 56 60 49 38 37 37 36 41 45 48 49 49 52 49 41 28 20 14 13 12 12 14 14 14 20 18 19 19 21 23 24 24 28 48 66 61 67 75 76 82 90 95 97 105 119 134 130 118 125 140 150 157 165 
72 79 82 78 68 72 69 69 65 64 57 52 44 52 56 58 62 59 56 51 52 54 52 49 36 31 26 18 15 16 16 16 13 11 12 16 20 21 21 24 24 28 30 31 35 42 44 49 63 63 76 81 85 88 100 113 130 132 127 140 152 158 161 164 
49 53 52 51 53 60 63 65 66 63 57 52 58 69 81 86 76 63 46 32 24 19 18 16 12 10 8 9 12 13 14 16 16 16 16 16 16 19 27 34 32 31 31 33 31 32 35 43 57 48 50 73 83 83 98 114 122 131 134 144 153 157 164 166 
17 24 28 28 30 33 37 50 60 66 67 74 87 93 91 71 40 18 10 7 7 7 6 7 9 8 10 13 17 17 16 18 19 18 17 20 21 22 23 30 35 35 35 34 36 26 28 37 52 43 48 64 77 76 91 114 121 127 139 149 156 159 166 168 
11 11 13 15 18 20 25 30 39 46 58 79 98 89 51 22 16 18 21 20 15 11 8 6 6 8 18 28 28 22 16 16 21 21 21 22 23 22 25 27 31 35 36 37 42 32 36 44 50 44 43 66 71 68 81 108 119 125 135 150 157 163 166 166 
19 18 16 15 18 19 20 22 38 46 68 87 85 43 20 26 42 53 67 59 47 36 24 11 7 7 19 43 45 34 22 22 22 23 23 23 23 23 24 25 28 28 31 33 31 32 43 55 51 42 55 62 82 64 89 109 118 120 132 148 158 166 168 158 
37 40 36 38 36 35 36 46 56 67 86 83 41 19 35 61 92 114 159 117 73 67 57 35 13 7 14 45 63 46 28 25 26 27 26 24 21 21 23 23 27 27 26 28 23 18 24 48 55 38 43 65 81 65 86 114 111 123 130 145 151 159 162 152 
61 57 59 61 67 68 66 73 74 86 97 60 22 37 71 96 107 109 130 123 92 79 70 62 32 9 12 40 69 54 36 29 32 30 28 25 27 19 19 27 29 27 26 24 22 27 27 47 52 37 39 69 81 75 89 103 110 111 126 140 146 148 150 147 
39 50 57 63 57 64 72 76 85 90 83 37 33 53 66 59 49 52 66 86 94 90 80 76 47 12 15 49 77 57 40 34 39 33 32 29 26 24 18 23 26 26 26 23 25 34 33 52 50 39 49 64 89 80 98 81 86 110 115 131 140 146 145 143 
27 33 31 37 36 45 58 68 77 81 56 26 48 28 11 8 6 6 10 16 33 73 84 82 56 14 19 64 75 56 46 45 43 35 34 29 26 27 20 18 21 25 26 29 27 35 31 54 53 49 67 73 88 76 94 99 63 83 109 122 134 142 145 146 
20 21 23 27 31 34 43 52 78 83 42 34 60 47 31 16 9 10 14 25 44 72 84 87 58 13 32 79 74 51 49 49 50 42 43 37 31 30 28 20 17 22 25 29 29 48 37 56 59 56 77 78 73 61 72 103 95 66 89 119 130 141 147 143 
22 17 17 23 29 30 36 45 70 77 37 50 81 67 68 65 55 59 60 65 65 78 88 80 33 20 62 86 64 50 50 53 45 48 50 52 38 34 37 29 22 25 28 33 41 60 51 52 56 54 71 72 48 56 56 65 93 89 80 102 127 134 144 142 
17 15 17 23 27 30 37 37 60 86 49 38 97 93 71 73 71 71 66 67 77 92 94 55 21 47 90 75 58 52 52 51 46 46 49 55 56 45 45 39 40 37 37 38 41 58 57 46 43 43 58 73 42 42 58 50 58 88 90 84 108 127 135 139 
13 13 13 21 27 35 31 43 58 84 61 25 40 99 112 95 89 86 96 105 110 94 52 25 45 91 89 63 55 53 55 46 43 51 56 62 55 45 55 54 47 35 35 38 40 51 57 44 35 37 46 70 54 38 37 53 45 66 100 94 101 119 127 135 
24 18 17 16 29 31 27 42 57 78 75 39 11 24 64 95 106 103 97 82 54 30 29 58 90 95 69 61 52 54 55 49 45 54 51 53 50 47 49 54 38 30 30 35 37 43 55 48 32 30 37 60 70 36 33 41 55 55 81 100 104 112 116 126 
19 19 17 18 27 28 28 36 46 62 80 58 21 9 10 14 18 20 18 19 26 48 84 105 96 71 53 46 48 43 47 41 52 50 47 47 49 45 45 42 28 27 25 28 29 37 45 53 30 29 32 41 77 45 27 30 52 50 67 103 106 116 117 117 
15 18 20 20 19 22 23 24 35 44 64 56 35 16 16 21 24 27 37 55 81 97 108 98 82 60 41 43 47 40 42 41 45 48 49 42 48 45 43 29 22 24 19 23 29 30 38 56 28 27 31 31 52 66 28 23 40 62 62 88 110 110 114 109 
14 18 20 18 19 18 15 17 26 28 38 44 32 21 19 32 45 55 71 78 89 90 83 73 64 57 47 48 46 45 43 39 41 43 43 44 51 42 29 20 18 20 17 20 26 28 34 48 32 23 31 26 27 64 41 22 29 58 77 89 102 107 105 103 
14 16 14 15 16 13 11 16 19 18 17 21 23 22 15 18 38 62 74 74 70 72 74 57 49 51 40 43 40 40 41 40 39 41 41 46 43 32 22 18 17 18 17 18 22 26 33 42 35 28 24 20 17 44 46 34 39 61 85 84 94 101 102 96 
15 12 11 12 10 9 10 15 16 12 11 13 17 16 13 13 20 39 54 59 62 63 65 59 51 41 29 34 40 39 39 33 32 32 37 41 32 23 21 19 18 18 18 18 21 21 33 36 37 26 23 20 18 32 53 44 56 72 89 86 82 86 98 101 
14 13 12 10 9 9 11 14 12 11 10 11 13 18 16 13 15 20 27 44 58 52 49 44 39 26 24 26 29 31 30 27 30 30 28 27 25 21 20 19 19 17 18 19 17 17 31 30 34 21 20 19 21 31 59 55 69 80 82 88 85 83 87 93 
17 16 13 11 11 9 11 11 9 12 10 13 14 22 20 13 14 16 16 28 38 38 38 31 28 24 27 21 23 25 24 20 22 22 22 19 21 19 21 21 17 18 18 16 16 15 31 30 20 30 20 23 26 37 60 68 71 75 78 85 83 82 83 88 
15 13 14 14 13 11 11 9 10 12 12 14 15 19 16 13 13 13 13 15 19 24 29 25 21 21 22 19 18 19 19 15 16 16 19 18 19 20 22 18 16 17 17 15 15 14 26 27 14 31 33 35 48 55 67 69 69 70 74 83 83 79 78 78 
8 7 9 9 11 11 11 11 11 11 13 15 14 16 15 13 13 10 11 12 12 14 17 19 14 14 14 14 15 14 15 14 15 16 18 19 19 16 18 17 15 15 14 14 14 15 25 35 27 35 55 53 59 63 69 70 71 68 72 77 82 79 78 76 
5 5 6 6 7 8 8 9 11 13 14 15 16 15 15 15 14 12 12 12 12 11 11 10 11 13 12 12 12 13 12 13 15 15 15 15 15 12 13 15 15 14 16 19 22 28 43 50 50 55 59 66 61 64 69 69 72 68 69 74 77 76 77 77 
13 14 16 16 20 22 13 12 12 14 16 17 17 17 17 17 15 14 14 13 13 11 11 11 12 12 11 12 12 12 12 13 14 14 13 15 16 17 16 19 25 27 32 38 40 45 54 57 58 57 58 65 64 63 68 67 68 68 67 71 77 76 74 73 


66 53 56 67 66 71 79 88 95 97 93 98 105 108 103 101 104 101 104 108 108 112 109 102 105 113 121 125 126 129 132 130 121 118 116 107 95 95 92 85 81 81 75 63 61 92 71 108 95 107 110 132 146 157 178 174 176 178 184 187 185 188 199 197 
55 52 62 86 71 81 86 85 82 89 89 90 92 96 94 98 104 108 112 110 116 120 119 114 116 119 123 127 132 133 130 123 119 117 122 113 107 102 95 87 83 86 83 75 67 94 85 115 76 78 85 108 117 149 160 166 174 178 186 190 186 184 193 190 
90 90 87 97 80 77 76 73 77 76 82 75 81 87 89 98 107 110 115 115 122 128 132 132 133 132 126 130 134 129 127 121 120 117 115 116 113 106 104 92 84 85 89 85 80 105 101 107 65 67 72 84 103 142 145 157 168 177 190 193 188 187 188 187 
102 101 87 81 79 76 71 60 63 67 70 69 72 78 95 105 111 114 115 112 109 109 119 122 121 125 128 135 139 134 138 129 125 117 118 113 108 107 108 99 94 88 87 84 89 123 99 105 67 60 69 78 108 135 130 152 167 179 191 194 192 194 186 188 
92 83 78 73 68 67 59 54 56 60 63 68 76 82 91 103 104 106 107 104 99 100 103 105 108 110 117 120 126 131 137 136 136 127 118 113 106 104 105 101 98 96 90 92 97 129 95 109 69 66 70 93 102 135 118 143 163 180 187 192 197 195 190 194 
78 74 75 69 56 56 56 56 50 56 64 68 77 74 79 96 104 104 101 95 92 87 92 93 97 101 105 108 113 119 127 131 138 142 136 120 107 102 101 102 106 106 93 94 95 129 92 119 78 74 75 102 115 121 109 133 160 180 181 190 197 197 199 196 
69 67 64 65 62 57 62 60 60 62 74 72 78 78 91 106 108 111 105 90 87 80 79 83 88 89 94 102 107 117 121 126 129 134 140 135 117 100 106 109 116 117 105 96 94 117 90 122 84 78 97 103 139 109 116 134 165 179 186 192 195 201 203 200 
68 68 65 66 62 66 71 75 75 75 72 76 81 99 114 120 116 117 114 97 92 81 77 78 77 81 85 96 103 107 113 120 119 119 126 134 134 118 119 115 125 119 120 103 109 123 98 123 87 87 118 116 141 111 128 152 170 183 191 193 193 196 198 200 
75 74 69 76 88 84 89 92 90 90 89 94 90 105 106 106 108 110 119 116 106 87 69 64 69 79 81 88 96 98 105 110 111 112 117 127 132 132 129 128 126 123 130 115 127 128 106 121 92 100 114 140 118 120 138 166 173 183 188 189 192 190 191 196 
80 78 73 74 86 90 107 108 105 106 107 98 82 67 52 45 48 54 67 86 99 101 83 71 65 74 73 77 86 90 98 104 108 111 112 113 122 136 139 131 127 134 136 128 144 129 126 121 97 119 120 135 107 122 151 161 178 176 177 185 190 186 188 190 
74 78 65 73 85 90 104 107 106 98 88 93 85 76 83 79 65 44 30 29 42 66 88 80 62 60 64 65 72 84 98 103 97 107 103 93 112 136 147 141 139 142 142 141 154 133 148 119 107 138 146 107 108 127 147 161 171 164 170 181 183 182 185 187 
70 80 75 73 83 94 92 97 96 71 54 81 118 157 171 155 147 126 94 59 38 32 44 81 80 63 57 61 67 77 86 90 89 96 96 94 112 129 144 157 152 151 153 150 165 146 157 126 123 162 148 112 120 141 140 164 144 149 163 168 178 179 179 185 
69 71 69 74 80 93 88 93 77 57 82 137 156 152 148 145 153 149 137 117 88 54 25 40 83 71 56 56 63 71 70 76 85 93 94 98 113 118 127 147 146 151 153 157 169 159 163 145 158 176 146 132 144 140 148 130 128 141 138 138 157 166 177 180 
59 67 66 68 77 82 81 90 66 68 122 147 145 149 148 131 160 179 155 137 124 89 40 21 48 88 67 55 60 65 61 66 78 87 83 96 102 104 113 125 127 130 142 150 160 149 158 158 168 155 151 158 148 160 137 115 125 119 101 110 136 150 161 170 
61 63 61 59 70 79 78 88 65 90 139 137 135 128 101 83 121 160 137 133 141 130 81 28 23 79 101 60 55 56 60 66 72 75 80 90 99 101 103 110 118 125 130 124 134 134 149 145 157 140 154 161 171 169 142 122 115 99 94 114 116 124 139 159 
58 67 57 58 60 71 82 87 70 104 140 130 92 42 17 22 35 47 42 78 138 145 115 49 18 47 107 86 54 54 57 63 71 76 84 88 97 105 106 107 113 114 109 112 122 126 140 135 133 138 144 151 168 163 152 128 115 106 111 100 94 104 130 144 
60 67 76 70 77 69 89 87 73 85 124 115 55 25 20 21 31 49 84 111 130 145 136 69 21 30 83 102 64 55 52 61 74 83 87 92 97 105 108 115 115 112 111 111 115 119 132 121 120 139 143 143 150 159 154 135 127 109 93 93 94 101 117 130 
81 86 101 106 100 94 100 108 98 72 93 107 97 100 103 105 112 118 119 121 137 148 132 78 24 27 77 120 87 65 59 67 74 80 85 91 91 97 103 110 116 118 115 101 92 100 121 109 108 125 139 133 135 153 160 149 125 99 96 104 103 106 111 123 
88 86 95 99 108 104 107 115 119 107 76 90 105 100 104 108 113 116 113 127 144 144 121 66 25 34 92 131 99 68 63 72 77 82 82 86 91 97 105 111 122 124 115 101 99 99 113 111 108 111 132 127 134 141 157 156 130 116 115 109 104 107 111 123 
70 72 76 74 71 79 88 104 121 135 121 75 98 109 109 115 113 126 137 141 141 121 90 50 35 54 114 133 114 85 74 67 67 76 77 81 86 97 109 120 121 119 118 113 94 96 117 110 96 107 128 133 124 139 146 155 157 131 117 114 115 119 124 139 
48 48 48 43 40 37 43 59 81 114 135 121 83 91 117 129 135 138 138 117 102 77 64 48 44 69 114 119 98 78 69 58 59 62 72 78 82 96 115 119 115 119 117 111 92 85 111 108 103 105 127 133 129 133 143 152 157 150 131 116 117 125 139 150 
40 40 42 40 38 39 40 38 55 79 107 131 131 104 74 74 85 86 78 72 67 76 81 48 51 66 81 84 76 67 57 57 54 58 70 76 84 106 119 117 116 120 118 116 102 108 115 122 115 109 130 138 134 140 147 147 153 160 140 129 127 134 145 156 
39 40 43 47 47 49 58 65 73 92 107 127 143 148 136 106 82 69 63 88 87 81 67 65 60 56 66 67 65 60 65 58 59 69 78 91 100 108 111 119 120 122 116 122 121 121 128 136 121 124 147 148 136 145 144 141 151 165 165 155 138 133 138 148 
57 65 68 76 75 78 81 84 83 90 94 107 131 148 159 155 149 139 126 115 104 97 91 87 81 75 71 62 59 59 59 56 68 84 100 106 101 105 111 120 118 121 121 119 126 135 140 140 130 137 156 153 142 142 145 146 147 153 171 173 153 133 128 132 
88 86 85 94 93 90 82 84 89 95 99 102 114 127 143 157 164 167 163 162 157 147 140 129 124 110 90 81 71 73 74 84 93 96 101 102 102 106 114 116 125 115 106 112 123 142 146 150 147 150 148 147 140 139 140 137 136 139 161 174 171 152 135 131 
84 91 88 88 88 83 78 86 82 92 100 94 97 109 114 127 138 145 152 153 150 141 143 135 122 111 96 90 89 97 102 105 102 97 102 106 100 99 94 85 87 81 72 85 107 133 144 154 155 151 150 146 136 130 134 135 132 137 157 167 172 163 140 139 
78 78 76 76 76 72 73 84 86 86 90 86 92 100 110 110 110 115 116 121 122 120 124 123 116 112 109 106 107 113 110 114 110 117 116 115 107 97 82 70 61 53 67 86 89 108 138 157 156 153 151 144 135 129 127 128 123 134 150 166 176 175 157 146 
54 56 62 57 54 56 60 79 84 88 101 97 99 100 107 104 110 111 114 114 109 111 114 112 113 114 116 115 114 113 113 112 110 114 113 103 98 89 82 71 59 54 75 92 82 72 109 142 152 157 155 136 121 121 123 122 120 131 142 152 172 180 177 162 
53 46 46 47 49 57 61 63 78 83 87 90 100 102 100 100 103 104 111 111 106 105 113 115 113 115 109 109 104 98 88 91 94 95 94 89 85 79 71 61 52 52 74 95 90 47 58 83 106 132 143 127 122 118 112 110 117 128 140 146 164 173 177 171 
73 71 70 66 70 70 73 75 86 82 84 88 82 89 90 85 87 94 96 100 97 97 101 106 104 102 97 90 81 72 75 83 90 85 82 77 73 68 65 59 49 44 54 63 71 65 61 70 63 72 96 108 110 107 89 96 115 127 138 145 155 164 170 169 
75 76 68 68 69 73 65 66 70 63 64 66 70 68 72 72 74 79 82 82 80 82 84 87 83 86 84 74 71 70 73 77 86 84 78 70 66 65 65 60 47 39 46 52 56 59 62 66 63 50 42 68 84 77 59 86 111 124 129 135 143 156 162 166 
60 54 50 47 41 40 39 39 40 46 55 63 65 59 66 64 65 64 68 73 70 68 68 72 76 63 56 53 58 61 66 67 73 75 73 67 64 62 64 61 52 40 45 52 57 58 57 55 51 44 35 59 82 77 57 78 108 123 136 144 144 155 162 165 
42 52 47 41 41 41 40 40 43 51 66 71 71 61 67 66 68 65 63 60 66 70 67 63 54 43 41 41 43 50 52 53 54 60 66 62 63 60 62 62 58 46 48 53 55 59 60 60 53 44 73 106 113 119 104 96 111 121 129 138 145 152 159 162 
48 45 43 46 48 51 59 65 68 74 77 74 70 75 73 69 68 62 60 57 61 65 62 60 53 53 51 43 38 40 45 49 51 54 57 60 60 59 57 57 53 41 42 45 49 48 31 28 46 90 138 136 123 128 124 120 113 121 126 133 143 145 149 154 
49 52 58 70 71 82 90 93 95 98 96 89 83 83 75 70 65 60 58 55 53 52 52 50 51 51 49 46 38 35 28 33 44 48 49 50 51 45 45 45 38 28 32 36 39 28 26 64 104 135 150 141 128 121 126 131 115 111 118 127 133 132 136 144 
60 61 59 71 73 72 74 81 83 81 76 74 80 77 75 65 55 49 41 36 31 29 31 31 37 36 36 37 31 28 27 30 32 33 31 31 30 30 28 26 22 16 21 26 30 37 71 108 120 122 125 127 119 117 126 130 124 105 107 116 121 125 137 146 
36 33 31 32 35 37 50 59 65 72 67 60 62 54 52 49 45 34 30 28 26 24 27 25 25 27 26 26 26 27 27 24 23 24 22 21 22 21 18 16 15 12 12 18 27 53 90 102 105 106 104 115 113 114 119 129 130 111 108 111 116 127 141 154 
24 29 36 37 40 44 45 47 55 63 59 53 55 47 39 36 31 27 28 28 29 29 33 31 31 28 22 19 17 19 19 20 19 17 20 21 20 19 19 18 17 17 13 15 38 67 75 82 86 82 88 95 101 95 105 114 125 115 109 115 120 133 146 158 
57 62 65 59 58 61 61 57 59 57 56 52 53 46 36 36 36 35 40 42 45 45 46 48 46 40 28 20 15 14 14 14 15 14 16 20 20 20 19 22 23 24 24 27 43 59 55 60 67 65 69 77 79 82 91 106 122 122 108 113 131 143 150 159 
65 73 76 70 61 65 62 62 56 58 52 48 42 48 51 54 58 56 52 47 48 50 48 46 34 31 26 19 17 17 17 17 15 13 14 16 20 22 21 24 24 27 29 29 32 39 40 44 55 55 67 69 69 73 84 100 118 124 116 129 142 152 155 160 
47 50 48 47 51 55 55 58 58 58 53 48 52 62 74 77 69 58 42 30 24 19 18 17 13 12 10 11 14 15 16 17 18 18 17 16 18 20 26 33 31 29 30 32 29 31 32 39 49 44 44 63 68 69 83 100 107 121 125 135 145 153 160 163 
19 24 27 28 30 32 35 47 55 60 63 68 80 87 86 64 38 19 12 9 9 8 8 8 10 10 11 14 18 17 17 19 20 20 18 20 22 23 25 30 34 34 32 32 35 26 26 34 45 40 43 53 66 65 76 98 108 116 130 141 148 154 161 164 
13 13 14 17 19 21 25 29 39 44 55 76 94 83 49 23 17 18 20 19 16 12 9 8 8 10 19 26 26 22 17 17 22 22 21 24 24 23 25 27 30 34 33 35 39 30 35 39 44 41 40 55 59 57 64 93 107 115 127 142 153 157 160 162 
22 20 18 17 19 20 21 24 36 43 64 81 79 41 20 26 39 52 64 53 43 33 22 12 8 9 20 38 41 32 23 22 23 24 24 24 23 24 25 25 27 27 29 32 29 30 40 48 45 39 51 51 70 54 75 96 109 110 122 140 154 161 165 154 
37 39 36 37 34 34 34 44 53 61 80 78 40 20 34 58 87 115 164 114 66 60 50 32 14 9 15 40 56 43 29 26 25 27 26 24 21 22 25 23 27 25 26 28 23 19 24 44 49 36 41 55 69 52 72 103 99 113 120 137 144 153 156 147 
57 54 56 57 62 63 61 65 70 81 93 57 22 37 67 89 103 110 134 123 87 73 62 53 31 11 14 40 64 51 36 29 31 30 28 26 27 20 19 27 28 26 25 23 23 27 26 42 46 35 35 59 66 60 72 92 102 99 117 133 140 142 144 142 
38 48 54 58 54 60 66 70 81 87 79 36 33 53 63 56 47 50 65 83 89 84 71 65 41 14 17 47 72 55 40 35 39 33 32 30 26 24 18 23 25 27 26 23 26 33 31 44 43 37 43 53 74 65 84 71 77 102 105 123 136 141 139 139 
28 34 32 36 37 45 56 64 74 77 54 26 45 29 13 10 8 8 11 17 34 70 75 73 49 15 20 60 72 55 46 44 42 34 33 29 26 27 20 19 22 26 27 28 27 34 28 46 46 42 58 56 75 65 80 92 56 74 100 114 128 138 141 142 
21 23 24 27 30 34 42 49 73 78 39 31 53 45 31 16 10 11 15 22 42 68 76 76 49 15 32 76 73 51 49 47 50 41 43 37 31 30 27 20 18 22 25 27 26 41 32 47 49 45 65 65 62 52 62 95 89 58 79 111 125 136 143 140 
22 18 19 24 28 29 35 42 69 74 37 42 72 64 63 59 50 54 56 58 59 73 79 70 30 20 56 81 64 49 50 54 45 46 48 50 37 34 36 29 21 23 26 29 34 50 42 43 46 44 58 63 42 49 51 57 86 81 69 91 122 130 139 137 
18 17 19 23 27 30 36 37 58 80 45 35 90 87 67 67 66 64 62 64 71 84 84 49 21 44 83 73 58 50 48 50 46 44 46 51 52 42 43 36 34 31 31 32 34 47 47 38 36 37 50 66 39 38 54 46 52 81 82 75 102 122 130 135 
14 14 14 21 27 33 30 42 55 77 55 25 37 90 104 88 82 80 91 99 100 83 46 24 42 84 83 60 54 50 51 45 42 47 51 55 52 42 51 48 41 30 29 31 33 41 49 37 31 33 41 63 50 35 35 52 43 58 91 86 93 113 123 131 
24 18 17 16 29 29 26 39 53 72 68 37 13 24 59 87 95 95 89 74 50 28 27 52 83 88 65 57 50 51 53 48 44 50 48 49 47 43 44 47 34 27 26 30 30 36 47 40 28 27 33 53 65 34 31 39 52 48 70 93 98 108 113 123 
19 19 17 18 27 28 27 33 43 56 71 53 21 11 12 15 18 20 18 18 25 44 76 96 88 64 51 45 47 42 45 40 48 47 44 44 44 42 41 38 25 25 23 25 26 33 40 48 28 27 30 37 70 42 27 29 48 45 58 95 100 110 111 110 
15 19 21 19 18 23 23 24 31 41 59 52 32 16 17 21 24 26 34 49 72 90 100 92 77 56 41 42 46 40 40 39 41 44 45 39 42 40 39 27 21 23 19 23 26 27 34 51 27 26 29 29 48 61 29 23 36 54 53 79 103 103 108 102 
14 18 20 18 19 18 16 17 25 27 36 41 30 21 19 31 42 50 63 69 83 85 77 67 59 55 44 47 45 42 42 38 39 39 40 40 45 39 27 20 19 20 18 21 24 27 32 46 30 24 29 26 27 60 41 23 28 51 66 78 93 99 97 93 
15 16 14 15 17 14 12 16 19 18 18 21 23 22 16 19 35 55 66 67 66 68 69 53 47 47 38 42 38 38 39 37 37 37 37 38 37 29 22 18 18 18 18 19 21 25 32 40 34 27 24 21 18 42 44 34 36 54 74 75 85 91 93 84 
16 13 12 13 12 10 11 15 16 13 12 14 18 18 15 14 19 36 50 53 56 58 59 53 47 37 28 33 39 39 36 31 30 30 33 36 29 23 22 19 18 18 18 18 20 22 31 34 37 26 23 20 18 30 48 41 51 62 79 77 70 75 87 90 
16 13 13 11 11 10 13 14 14 12 12 12 15 19 17 14 15 21 27 41 53 49 46 43 37 27 24 25 28 30 29 25 27 28 26 26 24 22 20 19 18 18 18 18 18 18 31 29 33 22 21 20 22 29 51 47 58 67 72 77 74 73 78 83 
18 16 13 13 13 11 12 12 11 13 11 14 15 23 20 14 14 17 17 29 37 37 36 29 27 24 26 21 22 24 23 19 21 21 22 20 21 20 20 21 18 18 17 17 16 15 30 28 21 30 21 23 25 33 52 57 56 63 68 72 73 72 72 76 
15 14 14 15 13 12 11 10 12 13 12 15 17 21 17 14 13 13 13 15 19 25 27 23 20 20 21 20 18 20 19 15 16 17 20 19 20 21 22 19 16 17 17 16 15 15 25 25 15 31 32 31 41 48 56 58 54 56 62 72 73 67 65 67 
10 9 11 11 11 12 11 11 11 13 14 16 16 17 16 14 15 12 12 12 12 14 17 18 15 14 14 14 15 14 15 14 15 17 19 19 19 17 19 17 15 15 14 14 15 15 24 32 26 33 50 44 48 51 57 57 57 55 58 63 70 66 66 63 
7 7 8 8 9 10 9 11 12 14 15 16 16 16 16 16 15 13 13 12 12 12 12 11 12 13 12 12 12 13 12 13 15 16 16 16 15 13 14 15 15 14 16 20 22 26 37 44 41 44 50 55 49 51 55 55 59 56 57 59 65 61 63 64 
13 15 17 17 19 20 14 14 14 15 16 18 17 17 17 17 15 15 14 13 13 12 11 11 12 12 12 12 12 12 12 13 14 14 14 15 16 16 16 19 23 24 29 34 36 37 45 48 48 47 47 54 54 51 55 53 57 56 54 55 61 62 61 60 


62 49 51 62 65 72 81 91 96 102 95 100 108 111 104 101 106 103 108 112 111 116 114 106 107 116 123 128 127 130 133 131 123 119 114 107 97 93 90 82 76 80 75 61 58 93 66 109 91 106 106 131 145 158 183 177 177 179 185 191 190 191 202 201 
54 51 59 84 70 81 88 91 85 91 91 92 93 100 95 102 109 111 118 115 118 124 126 118 119 121 125 130 133 133 131 124 118 116 121 112 107 101 94 84 80 83 79 71 66 93 80 117 71 73 80 104 115 151 161 165 173 178 188 194 189 186 197 194 
88 88 84 94 79 77 77 75 77 77 84 75 81 90 91 99 110 116 119 120 125 132 136 134 135 134 126 133 135 131 127 121 119 117 116 115 111 105 103 89 81 80 85 80 74 104 99 108 56 58 64 78 100 143 146 158 169 179 194 198 192 190 191 188 
98 98 87 82 77 77 68 59 59 63 69 68 72 79 96 109 112 115 117 112 107 109 118 122 121 124 127 136 142 137 140 130 126 114 117 112 107 105 107 97 91 86 83 77 85 123 99 104 60 55 61 70 104 135 130 154 169 182 197 198 195 198 188 190 
88 79 78 73 66 66 59 55 55 58 58 63 72 82 90 103 103 104 104 101 96 99 102 104 106 106 115 117 125 132 140 137 138 129 116 113 105 101 104 98 97 95 85 88 95 130 92 108 61 59 64 88 97 135 114 142 165 185 192 197 201 198 193 198 
76 73 73 67 55 53 53 53 46 52 58 61 76 73 77 94 98 100 97 93 88 83 89 90 93 98 103 107 112 119 126 130 137 143 138 121 104 99 100 99 103 104 90 91 91 131 89 117 68 63 66 98 113 122 103 130 161 182 184 194 201 200 203 200 
65 65 61 59 56 50 59 58 56 56 67 64 74 78 90 103 104 107 103 88 83 77 76 79 84 85 92 101 105 114 117 123 128 133 140 136 118 99 106 107 115 112 104 93 89 117 84 121 76 67 91 96 139 105 111 132 167 181 189 196 200 205 208 204 
62 62 61 59 57 59 65 73 69 68 66 73 79 97 111 116 111 113 116 96 92 81 75 76 74 78 82 95 100 102 110 116 117 117 123 131 135 119 118 116 124 115 117 100 105 123 91 121 79 78 111 113 141 106 124 150 171 186 194 198 198 200 201 204 
71 68 63 68 82 78 84 89 86 87 86 94 90 102 105 102 105 107 116 113 104 84 66 62 67 78 80 88 94 95 102 109 108 110 115 122 132 133 129 126 123 118 126 112 125 127 101 118 84 93 110 139 113 116 137 169 176 189 191 193 197 195 195 200 
75 72 66 69 81 84 102 105 103 104 107 103 83 67 52 43 44 51 64 81 95 97 82 69 64 73 75 76 84 91 97 102 106 109 112 108 120 136 138 129 124 130 132 124 144 125 123 117 88 116 117 130 98 118 150 163 182 179 179 187 195 189 191 193 
69 74 60 69 80 85 101 103 103 96 92 104 91 76 77 69 55 36 25 26 38 58 84 81 62 59 64 62 70 83 96 100 96 107 102 89 110 136 147 139 138 140 137 138 156 130 145 114 97 133 144 98 102 123 145 161 176 166 173 185 186 184 186 190 
64 76 71 68 79 88 89 96 94 68 52 74 100 135 148 136 128 105 75 49 36 30 38 76 81 62 56 60 65 77 85 87 86 92 94 90 110 128 142 157 150 150 151 145 165 144 156 120 115 163 147 107 115 139 138 168 145 149 165 169 178 180 181 189 
64 69 69 73 78 89 84 90 75 56 62 107 130 132 129 123 131 129 119 98 77 51 21 35 80 70 52 54 65 73 70 74 83 89 91 95 113 116 125 147 146 150 153 153 170 158 162 140 155 178 146 128 140 138 146 126 125 140 137 135 156 166 180 184 
57 63 63 65 76 79 78 89 66 67 93 117 121 126 120 103 139 170 145 122 106 72 32 17 45 87 66 52 62 65 58 65 77 84 81 94 101 103 113 124 128 129 142 150 159 143 154 153 167 149 150 157 146 160 136 109 122 115 96 102 132 148 161 170 
60 62 58 57 69 77 78 88 67 96 116 116 114 101 78 71 118 163 128 112 120 103 61 22 19 73 100 60 57 57 59 63 70 73 81 91 99 101 102 109 118 124 128 122 132 126 143 142 153 131 148 160 171 171 140 118 109 92 86 110 110 118 135 159 
59 68 56 58 57 68 81 86 70 114 118 103 70 29 13 19 34 50 40 60 112 116 88 36 15 43 103 86 55 52 55 62 73 77 86 90 98 107 106 106 111 113 107 111 121 119 134 134 127 131 136 145 166 162 153 124 109 100 106 94 86 97 125 142 
60 66 76 71 77 69 88 89 72 92 102 83 38 18 14 15 22 36 62 86 109 120 107 49 16 27 80 102 64 56 48 58 73 85 88 93 96 106 111 114 114 113 113 112 115 110 126 117 114 133 137 139 144 157 154 133 125 104 86 83 83 92 108 124 
82 86 101 106 99 92 99 107 97 78 88 85 76 74 72 76 81 85 89 98 114 124 104 56 18 25 73 119 87 66 59 66 75 82 87 93 90 99 106 110 117 119 117 100 91 90 115 106 103 118 132 130 129 149 160 150 121 91 87 95 95 97 105 116 
84 82 92 98 108 101 105 112 119 108 77 78 78 72 78 83 87 88 92 107 118 117 94 48 23 32 90 130 101 70 63 74 79 83 82 88 93 99 106 112 123 124 118 104 100 96 107 108 107 106 126 123 129 135 157 158 125 109 111 102 95 97 101 115 
69 67 73 70 67 74 81 100 120 135 120 74 78 83 81 87 91 105 111 118 113 95 66 50 36 52 108 131 113 86 75 67 67 78 75 82 89 100 112 120 123 119 121 113 94 93 113 106 91 99 122 131 117 130 140 153 156 130 111 106 108 110 115 130 
45 45 45 41 36 32 37 53 76 110 133 122 80 72 84 99 104 110 107 89 74 57 70 57 42 65 108 115 94 77 68 56 58 61 74 79 84 99 117 120 116 120 116 110 89 81 108 105 98 99 118 129 126 124 136 150 157 148 126 109 109 115 131 145 
37 39 40 39 36 35 36 35 51 75 104 130 132 104 70 58 61 63 58 64 71 93 99 49 49 63 80 85 78 69 59 58 54 57 72 79 85 106 120 120 118 123 119 117 104 108 114 121 112 104 121 136 131 134 139 144 151 160 138 126 123 127 142 156 
37 39 43 46 45 49 55 63 71 90 106 125 143 150 139 108 80 69 63 99 103 91 69 67 61 55 67 69 66 63 66 60 61 71 80 94 101 107 113 121 121 122 115 121 119 119 125 132 117 116 143 145 130 138 137 137 151 166 168 156 135 129 134 145 
56 64 66 74 74 77 79 81 82 89 94 106 131 150 159 156 151 142 131 119 105 96 91 91 86 81 76 67 63 64 60 59 71 87 102 107 100 106 112 120 119 120 118 114 122 131 136 136 127 131 155 149 140 138 141 142 147 155 173 178 155 131 121 126 
90 85 86 95 91 86 80 82 89 96 99 100 116 127 144 161 167 170 166 167 160 148 142 131 126 112 93 85 76 77 76 85 97 97 104 103 102 106 114 116 125 112 104 107 117 138 143 146 144 147 146 143 135 135 135 135 137 143 162 180 177 154 130 124 
85 90 88 85 86 81 77 87 82 93 100 92 97 109 115 127 141 149 156 157 153 142 148 139 124 110 96 94 91 99 105 107 100 98 104 106 100 98 93 85 87 82 70 83 103 130 141 151 153 149 147 144 133 126 131 135 136 142 158 172 177 167 138 134 
80 80 76 75 75 72 74 84 86 87 90 85 91 100 111 112 113 118 117 125 123 123 126 126 119 113 108 108 108 114 111 113 110 117 116 115 108 98 84 71 65 53 61 76 82 105 134 156 155 151 147 139 132 126 126 130 128 140 154 173 183 183 158 144 
53 57 62 57 54 55 60 79 84 89 101 97 98 101 107 108 113 113 116 117 110 114 116 114 116 116 116 115 113 114 112 111 108 111 110 102 98 89 83 73 62 53 69 87 80 70 105 139 151 156 155 135 120 117 121 126 127 138 148 159 180 189 185 166 
52 43 45 44 47 60 63 66 80 86 87 91 100 104 103 103 105 107 113 113 107 105 115 117 114 114 108 108 104 98 86 89 92 91 91 87 84 80 73 65 53 47 69 96 91 46 59 85 106 131 144 126 123 119 114 116 125 136 146 154 171 182 187 178 
73 69 71 68 70 72 74 78 91 85 85 90 85 91 93 90 91 97 99 102 97 97 101 105 103 101 96 86 79 68 71 79 89 81 78 75 73 70 67 59 46 39 49 55 64 60 59 71 63 72 97 109 113 110 94 103 125 135 146 154 162 172 178 176 
77 77 72 72 71 76 66 65 71 63 65 66 71 67 69 72 78 81 81 82 79 79 84 85 82 87 83 69 68 66 67 75 84 79 72 67 62 65 64 59 46 37 40 43 47 50 53 58 59 49 42 71 88 84 64 93 118 130 137 144 152 163 170 173 
61 55 54 49 40 39 37 37 36 43 56 62 63 60 67 62 64 62 68 72 70 65 66 71 74 63 55 50 55 57 60 66 69 72 63 64 59 61 63 60 51 38 38 42 46 47 48 49 50 43 35 62 86 83 62 84 116 130 144 153 152 162 172 173 
42 51 47 40 41 41 38 36 43 50 67 72 71 62 70 65 66 63 63 58 64 68 67 62 49 39 37 37 40 47 50 47 47 54 58 56 58 58 60 60 57 44 40 41 48 51 56 57 50 43 75 112 117 125 110 104 118 128 137 146 153 160 166 172 
47 45 44 47 50 51 59 65 72 75 79 75 71 76 73 68 68 61 59 55 59 63 60 56 47 47 48 38 34 37 42 44 45 49 54 57 57 57 55 52 50 37 35 37 42 43 27 25 46 91 143 142 125 131 130 130 124 129 132 140 151 152 156 162 
48 51 63 76 75 86 95 96 98 102 100 93 84 85 76 70 65 60 56 54 51 50 49 47 48 46 45 42 35 31 24 29 39 43 43 46 45 44 44 42 36 24 28 31 32 24 23 65 109 140 156 147 133 124 128 137 122 118 125 134 141 136 142 147 
63 63 61 76 77 77 75 85 88 84 76 76 81 80 77 66 55 48 37 33 29 26 26 28 33 34 32 33 27 24 23 26 27 27 27 28 27 26 25 24 20 13 18 22 25 33 69 110 120 124 127 129 123 119 128 134 131 112 113 120 126 128 139 145 
33 31 29 30 34 35 49 59 68 75 66 59 60 52 50 48 43 33 27 23 22 22 23 21 20 24 23 23 23 23 23 21 20 20 19 16 17 17 16 13 12 10 10 14 23 49 91 104 104 106 103 115 114 114 120 132 137 116 111 113 119 129 144 154 
21 28 33 34 38 44 42 46 55 64 57 52 53 44 38 33 27 24 24 23 25 26 29 27 25 24 20 17 15 15 17 18 17 15 17 19 16 15 15 15 13 13 11 12 34 64 72 80 83 84 84 92 102 94 104 117 132 121 113 118 122 136 148 159 
58 64 65 59 57 62 62 56 57 56 54 50 51 42 33 33 31 30 35 37 39 41 40 44 41 36 24 17 12 12 11 11 13 12 13 17 17 17 16 18 19 20 20 23 39 56 49 55 61 61 64 73 76 79 87 104 126 128 111 114 133 147 153 161 
69 76 78 72 61 64 60 59 53 55 53 46 39 46 48 50 52 51 47 41 43 44 44 41 32 28 22 15 14 15 14 14 12 10 11 14 18 20 18 19 20 22 24 25 28 34 36 40 50 51 63 64 65 68 78 99 120 129 120 132 148 156 159 161 
45 48 47 46 49 53 54 55 54 55 51 47 51 62 73 75 66 53 36 26 20 15 15 14 10 9 7 8 11 12 13 14 15 15 14 14 15 18 23 28 27 25 25 25 25 27 30 34 46 40 40 59 66 64 77 96 104 125 128 138 149 155 164 167 
14 20 24 25 27 30 32 44 52 58 62 66 78 87 85 64 34 16 9 6 6 6 5 6 8 7 9 11 15 15 15 16 18 17 15 18 19 19 20 25 29 29 28 26 30 23 24 30 41 36 40 47 60 60 67 96 107 119 133 146 154 159 165 170 
10 10 11 14 16 17 21 26 34 41 52 72 92 84 48 20 12 14 15 14 12 9 6 5 5 7 16 21 23 20 15 15 19 18 18 19 20 20 22 24 27 29 30 32 37 27 32 35 41 39 37 46 51 53 58 88 108 116 130 148 158 163 165 168 
18 17 16 14 16 18 17 22 35 40 63 82 79 39 17 19 30 41 55 43 31 25 16 8 6 6 16 32 35 29 19 20 20 20 20 20 19 21 22 22 23 23 27 28 27 28 39 46 40 37 47 44 65 48 70 92 109 109 125 145 161 169 172 160 
34 35 33 34 32 33 33 42 50 59 78 78 38 16 25 45 71 106 168 109 46 41 32 21 10 6 12 35 49 39 26 22 22 23 23 22 19 20 21 19 22 23 22 23 20 16 21 41 42 31 37 49 65 48 64 101 98 113 122 142 151 161 166 153 
54 52 54 56 61 61 60 63 65 82 96 57 19 27 48 71 83 95 125 113 69 53 43 35 21 7 11 33 56 46 31 25 27 26 24 22 23 17 16 23 25 23 21 19 19 23 23 38 41 31 30 52 58 54 65 88 101 98 119 140 146 147 148 146 
34 44 54 59 53 58 66 70 84 89 77 34 25 38 40 38 32 36 49 63 65 65 50 40 28 10 14 41 62 50 35 30 36 29 28 25 22 21 16 20 22 25 22 19 22 30 25 39 40 31 39 46 70 59 82 68 74 103 107 130 142 146 142 141 
25 29 29 33 32 39 56 68 79 80 53 21 32 19 8 6 5 5 8 11 22 46 48 43 32 11 17 54 67 53 42 38 39 32 30 25 23 23 16 15 18 21 22 24 23 30 23 39 38 37 55 51 73 63 81 93 53 71 103 117 131 145 147 147 
17 19 21 23 27 29 41 50 77 79 37 22 34 32 20 10 6 7 9 14 26 44 52 46 29 11 27 68 70 48 45 43 47 38 37 32 28 26 23 16 15 19 21 23 23 38 27 40 41 39 60 59 57 50 61 96 92 56 79 114 128 143 150 145 
20 16 16 21 26 26 33 40 70 76 35 25 48 47 44 36 30 31 34 39 43 50 57 45 19 18 52 78 61 46 47 50 43 42 43 45 33 29 30 24 17 19 23 25 29 46 36 37 41 38 52 59 36 44 47 54 86 83 70 92 126 136 148 143 
17 14 16 21 25 28 34 33 56 84 45 25 59 64 46 44 46 44 44 47 55 62 56 31 16 39 78 73 55 49 49 48 42 42 44 47 48 38 38 31 29 25 25 27 27 41 41 33 29 31 44 61 34 35 51 42 49 82 84 75 102 126 137 140 
12 11 12 19 23 30 27 38 52 78 54 22 25 62 77 65 60 58 68 76 75 59 32 20 38 78 83 60 52 48 48 42 39 43 48 51 46 39 45 42 35 25 24 25 26 35 45 32 25 28 36 58 49 32 32 49 41 57 94 91 95 119 128 137 
20 14 16 14 25 25 22 37 48 70 66 34 10 16 42 66 73 70 68 54 33 19 22 47 78 86 65 56 46 47 50 45 41 48 45 46 43 40 39 42 28 22 21 23 23 29 45 37 24 23 29 49 66 32 28 35 51 46 71 97 102 112 116 129 
16 15 15 16 23 23 23 29 39 55 72 51 18 8 9 10 13 14 14 15 20 38 70 93 87 66 50 42 43 39 44 39 47 43 39 39 41 38 37 33 21 19 19 20 21 27 36 44 23 23 26 34 68 41 23 25 46 44 58 100 102 115 115 113 
13 15 17 17 16 19 18 19 29 38 58 48 29 13 14 17 21 22 31 45 67 85 97 91 73 54 37 38 41 35 37 34 37 40 41 34 38 36 36 23 17 19 15 17 21 23 31 47 23 21 25 26 48 64 26 21 35 55 54 82 108 106 112 105 
11 15 18 16 16 15 12 13 21 24 35 39 27 17 16 27 34 44 59 66 79 82 73 63 57 51 41 44 42 39 39 34 35 37 36 35 40 34 23 16 14 16 14 15 20 23 28 42 28 19 25 22 23 58 39 20 24 49 67 81 96 101 101 95 
11 13 12 13 13 11 9 13 16 15 15 19 19 18 13 16 31 52 63 62 60 65 65 48 42 46 35 39 35 35 35 33 32 32 32 34 33 24 17 14 14 15 14 14 17 21 27 38 33 24 21 19 15 39 43 32 33 51 74 72 86 93 97 84 
12 10 9 11 9 7 8 13 14 10 9 11 15 15 12 11 17 32 45 48 52 55 55 50 43 35 26 30 35 34 33 27 26 25 28 30 24 18 17 15 14 14 14 15 16 17 28 31 35 22 21 18 16 28 47 40 49 59 80 75 67 73 88 94 
12 11 10 9 8 8 10 12 11 9 9 9 12 15 13 11 13 16 23 36 48 44 41 39 33 22 20 22 25 27 26 21 24 24 22 21 20 17 16 16 14 14 15 15 15 14 26 25 31 20 18 17 19 27 50 46 56 67 73 76 70 68 76 86 
14 13 11 9 10 8 9 10 8 10 9 11 13 20 16 11 12 14 14 24 33 32 32 27 24 20 22 18 19 21 20 16 18 18 18 15 17 15 16 17 14 15 15 13 12 13 25 25 18 29 18 20 21 30 51 57 53 63 68 72 71 69 70 76 
13 11 12 11 10 9 9 7 9 11 10 12 14 17 15 12 11 11 11 12 16 21 23 20 16 16 18 16 15 17 16 13 14 13 16 15 16 17 19 15 14 15 14 12 11 12 22 23 13 29 30 30 38 44 53 57 53 53 61 71 70 67 65 67 
7 6 8 7 9 9 9 9 9 10 12 13 12 14 13 11 11 9 10 10 10 12 14 16 11 12 11 12 13 12 13 12 13 13 14 16 15 13 15 13 13 13 12 11 12 12 22 29 23 31 48 43 46 49 56 57 55 53 55 61 70 68 66 63 
4 4 5 5 6 7 7 8 9 11 13 13 14 13 12 13 13 11 11 10 10 9 9 8 8 10 10 10 10 11 10 11 13 12 12 13 13 11 11 13 12 12 13 16 18 23 33 39 38 41 47 54 47 49 54 56 57 54 52 57 62 62 64 64 
11 12 14 13 16 18 11 11 11 13 13 13 14 14 14 14 13 12 12 11 11 10 9 9 10 10 9 10 10 10 10 11 12 12 12 13 13 14 14 16 20 23 27 31 32 35 42 44 46 46 44 52 53 49 54 52 53 54 54 54 61 63 57 58 