


99 90 87 81 99 114 101 77 78 76 82 80 108 105 122 166 157 164 160 120 125 140 152 124 146 167 129 122 111 116 125 122 119 124 126 121 114 121 116 108 118 119 110 113 96 78 93 95 70 92 112 140 88 122 140 127 119 118 84 85 84 81 61 70 
95 95 71 66 73 64 95 77 97 122 145 137 129 93 113 148 173 153 152 144 147 159 158 157 149 156 136 118 110 109 109 109 114 127 134 132 128 122 119 101 117 132 132 144 171 129 116 116 100 117 108 133 93 101 125 122 122 114 103 90 93 79 66 64 
95 117 111 103 89 86 108 94 126 158 170 132 97 99 121 138 145 144 143 139 141 150 146 137 137 142 141 114 86 83 81 80 85 124 141 137 129 131 130 124 130 138 142 161 151 154 138 131 141 126 117 98 93 88 97 110 142 148 133 105 97 87 71 69 
108 102 106 113 92 82 79 103 135 161 166 109 86 101 151 132 126 146 141 135 140 166 153 137 145 150 152 126 91 86 82 81 95 121 137 136 129 127 138 136 131 143 138 134 133 140 136 154 131 132 142 107 95 88 84 90 110 159 129 98 101 123 94 76 
183 135 118 118 96 99 91 108 137 158 165 129 141 153 164 144 139 150 144 137 152 152 149 140 156 147 135 111 85 77 78 75 78 87 117 127 128 123 130 133 129 135 129 102 88 87 95 140 130 117 129 125 119 118 96 93 76 78 75 94 111 127 87 66 
166 145 137 116 124 114 118 120 154 152 135 144 168 162 146 130 157 152 143 129 124 133 134 136 140 126 113 70 85 115 119 129 132 134 140 133 156 126 123 134 131 120 155 118 79 60 69 83 115 114 109 116 114 114 89 79 80 80 69 83 104 134 113 75 
161 178 157 143 154 143 134 103 165 152 143 106 116 187 151 115 132 148 157 157 120 113 122 123 109 90 77 73 76 95 99 126 140 132 120 120 116 102 106 117 113 110 183 176 119 57 75 98 109 115 110 104 94 81 85 85 91 86 92 82 94 140 144 140 
145 151 163 175 134 169 169 138 139 146 134 115 115 186 174 138 149 145 155 124 112 109 103 113 116 115 117 113 113 120 129 128 120 113 110 112 100 91 78 105 109 111 193 239 186 150 122 104 88 93 87 85 105 96 94 101 74 82 115 89 104 123 125 126 
196 205 162 171 150 178 153 149 171 149 136 114 150 154 153 156 151 153 115 104 108 109 104 101 114 126 121 118 114 105 102 111 107 108 108 110 108 94 88 105 103 142 172 215 193 140 95 91 93 98 94 86 78 83 127 143 98 97 106 94 98 103 107 99 
181 208 178 183 166 147 146 209 245 188 149 115 133 146 175 155 184 155 107 103 116 121 129 132 118 115 111 111 113 107 108 115 114 123 130 123 114 106 93 101 111 122 99 113 121 86 84 83 90 100 99 97 94 117 130 136 126 98 92 86 91 93 99 92 
157 183 197 155 132 142 184 246 250 211 170 145 123 122 169 171 182 149 97 91 131 131 127 115 108 113 117 117 107 105 113 121 117 117 122 113 107 95 103 101 100 100 106 98 93 81 75 86 91 103 105 95 111 145 141 160 134 151 117 96 91 82 84 87 
169 146 169 150 150 152 182 226 206 191 151 165 143 160 146 130 160 186 148 136 143 127 115 118 125 128 128 131 125 122 139 149 151 155 145 146 131 130 146 135 139 119 95 85 77 80 69 78 105 123 100 120 159 152 155 167 140 157 152 136 107 81 82 77 
145 128 165 159 179 196 169 165 184 154 129 164 134 149 152 114 181 211 172 167 160 135 135 143 144 135 133 128 139 133 145 151 154 119 133 120 115 137 162 129 113 121 116 85 73 74 71 74 105 115 106 147 158 152 172 177 165 167 153 132 110 114 118 98 
123 140 157 162 181 220 197 163 186 162 178 165 142 119 125 151 236 223 152 170 156 145 148 156 162 155 142 129 145 151 135 121 119 100 122 152 148 144 138 131 123 126 99 97 113 118 97 90 105 131 138 155 123 120 166 187 170 157 160 123 104 69 95 96 
142 122 134 153 155 178 185 195 175 180 201 179 201 189 160 194 215 178 159 134 142 158 151 147 156 148 144 125 132 136 114 109 101 114 134 153 142 111 127 139 132 120 119 123 119 123 113 99 91 98 142 138 134 111 158 170 178 143 114 87 52 45 85 81 
116 111 120 132 140 158 198 242 226 183 183 185 228 234 209 150 163 159 147 138 142 142 149 137 134 130 132 127 118 111 101 117 97 111 112 112 112 102 106 116 115 110 108 115 126 123 114 96 86 93 94 99 118 119 135 139 123 113 90 64 40 49 100 110 
116 115 126 126 133 169 199 245 248 199 159 189 229 233 233 176 167 149 129 125 160 148 154 144 133 131 131 145 125 101 97 99 113 113 114 121 116 109 110 99 101 95 100 107 118 115 111 106 99 95 94 93 94 122 111 96 101 110 102 68 67 74 88 113 
125 115 118 107 130 159 164 237 250 194 168 166 187 175 167 145 145 137 114 139 145 170 175 151 134 138 105 113 127 118 94 107 105 118 115 117 122 123 107 117 123 115 115 110 120 118 103 96 91 85 86 91 93 93 117 100 113 125 119 86 79 81 93 100 
124 112 108 102 105 123 140 216 229 170 168 166 192 176 159 165 150 113 103 131 130 173 151 151 136 153 109 91 126 128 122 110 113 111 98 123 127 123 104 100 111 139 125 117 122 101 104 117 96 92 119 162 137 124 116 110 106 107 93 90 89 91 106 105 
116 96 104 109 112 134 138 163 174 154 186 192 207 178 166 167 169 148 118 133 133 141 152 111 126 139 131 100 118 146 151 126 122 124 113 121 114 122 122 101 107 127 116 84 90 85 117 140 102 93 95 132 162 151 136 136 112 128 106 84 115 92 100 89 
142 103 101 110 112 132 147 152 177 178 187 200 212 184 157 136 155 133 121 124 139 136 153 131 130 121 115 89 122 158 158 138 121 112 129 124 119 128 112 84 91 113 111 101 115 114 140 157 160 134 116 144 160 143 142 133 113 104 102 106 136 112 126 97 
114 94 100 108 113 114 145 152 126 112 121 153 191 173 131 130 155 140 130 151 144 141 137 132 131 123 114 114 119 126 121 118 118 124 107 104 91 106 105 103 103 107 144 163 151 142 133 150 159 140 154 135 129 125 122 128 124 113 131 122 118 125 133 96 
109 112 135 122 118 113 149 156 116 94 92 86 112 141 140 129 130 138 137 149 140 136 131 136 121 111 109 109 101 137 134 101 113 109 107 98 97 107 100 81 74 112 145 154 156 159 147 128 140 150 145 123 126 129 125 126 127 106 142 146 125 110 114 94 
114 113 108 116 106 117 147 127 123 116 110 93 119 119 118 127 140 156 156 147 141 140 129 129 121 122 111 97 85 94 123 109 110 107 102 97 127 141 129 142 125 145 135 132 140 150 137 133 148 149 138 135 133 126 122 105 99 84 89 110 113 115 103 79 
107 112 101 107 110 119 118 142 129 118 128 120 118 120 129 134 141 143 138 132 131 129 108 119 138 140 122 119 115 122 118 108 97 80 63 77 103 111 100 99 90 126 140 160 146 156 147 141 138 162 139 122 111 129 126 127 97 97 118 109 85 86 114 115 
121 130 116 120 113 129 137 139 164 150 153 141 136 113 130 129 145 137 138 135 134 125 107 117 131 131 114 102 112 109 107 120 93 71 61 88 106 116 109 94 117 168 156 147 146 140 122 128 98 90 76 58 63 85 93 108 91 98 115 100 88 95 163 164 
121 121 119 105 107 116 142 144 146 172 167 184 184 159 160 155 145 154 139 136 132 115 106 116 123 126 134 115 108 107 99 99 91 88 94 122 131 106 77 61 64 110 114 131 141 130 104 99 93 93 95 78 66 64 74 99 80 92 111 103 102 91 112 145 
145 144 128 107 133 147 132 163 147 143 156 169 168 165 146 129 128 154 144 132 143 127 93 123 124 141 138 99 103 97 72 73 89 80 97 118 126 117 90 78 80 93 78 92 129 116 92 102 100 87 101 96 80 82 86 91 91 99 118 110 111 106 93 77 
164 146 157 126 131 145 149 138 119 114 138 163 166 149 137 125 132 145 179 142 135 141 127 132 113 126 114 96 110 92 69 85 96 106 98 95 115 107 104 96 97 97 103 123 133 111 77 80 74 68 94 103 93 94 100 119 103 111 117 110 115 102 101 98 
153 177 180 137 138 140 141 131 125 120 132 155 149 148 140 132 145 166 211 147 131 139 130 124 104 118 117 111 103 96 80 71 81 97 106 95 113 120 111 94 98 99 97 105 102 98 77 80 56 57 75 67 58 66 53 78 117 123 110 115 111 109 121 126 
149 186 166 135 138 142 146 139 126 121 127 134 134 158 153 157 150 166 193 144 124 118 119 136 137 126 99 92 90 96 86 82 91 106 98 97 103 111 108 96 103 109 102 97 89 86 79 106 82 83 107 103 86 90 76 71 107 134 144 130 106 99 126 151 
164 184 161 128 120 126 140 144 148 162 163 166 176 195 201 178 156 151 169 156 136 123 124 130 127 108 89 84 92 78 75 88 99 98 80 94 105 110 105 96 83 91 89 94 110 84 83 114 118 82 72 80 64 66 77 85 97 106 138 113 98 86 106 137 
157 163 144 136 130 134 149 151 143 164 165 158 185 181 183 177 146 127 141 152 149 145 108 119 127 99 105 92 65 76 68 76 92 68 80 85 85 108 96 82 75 71 76 80 95 77 73 74 73 66 76 74 75 64 66 64 80 104 116 107 90 83 81 110 
167 195 186 149 145 149 148 153 175 154 159 164 151 193 165 151 148 131 142 146 144 139 133 127 110 88 86 107 100 89 90 95 93 77 79 81 78 81 79 81 88 76 83 82 74 64 61 51 56 86 82 88 113 111 110 105 111 108 102 95 98 82 79 95 
188 210 174 135 152 154 150 152 157 145 179 175 166 218 170 137 127 143 148 145 144 137 142 141 124 97 77 85 105 123 98 93 98 91 93 96 95 73 74 86 102 92 89 79 71 65 62 67 99 117 111 111 113 108 102 101 107 105 93 85 102 85 97 107 
195 212 163 162 162 147 140 150 149 163 181 186 165 195 162 129 108 136 148 145 142 140 149 150 130 99 86 86 124 124 114 101 114 104 90 88 96 93 84 103 85 71 82 75 65 61 72 95 139 123 117 101 104 99 102 106 109 115 95 90 119 112 89 106 
205 201 178 182 149 141 132 143 156 181 175 177 174 179 152 132 119 144 148 148 140 141 151 155 147 99 95 116 137 166 157 124 104 85 86 89 93 89 83 87 94 99 86 79 79 81 89 89 88 80 79 74 80 75 83 95 101 102 118 106 105 121 105 100 
173 193 150 151 143 136 141 154 145 164 169 159 158 174 146 143 131 144 148 141 128 132 147 151 116 70 85 130 128 187 207 181 130 119 124 102 108 97 80 81 90 118 122 113 99 90 75 56 53 63 48 35 34 49 89 103 109 101 117 106 95 87 73 75 
202 160 136 138 139 141 144 158 161 151 166 143 161 174 157 140 145 160 155 151 140 138 149 140 98 60 80 118 107 181 209 199 154 130 112 116 123 105 96 94 92 95 91 84 82 76 68 64 70 67 57 54 74 98 111 98 78 89 126 97 86 74 71 82 
205 161 154 140 138 140 149 151 153 162 172 147 159 177 174 140 160 171 162 153 138 139 155 149 141 103 107 113 122 210 222 189 136 118 96 113 111 100 95 87 93 95 94 90 82 58 63 75 77 55 59 94 107 90 61 45 49 92 119 101 108 92 83 57 
202 182 152 134 130 135 147 146 148 162 165 167 172 179 163 153 155 155 157 156 158 149 167 161 144 118 134 142 145 213 233 191 159 149 121 117 120 115 114 104 119 121 114 79 73 86 80 74 79 55 44 58 48 29 31 60 89 99 111 131 147 112 64 47 
185 207 151 137 137 138 144 136 154 184 189 176 179 149 156 159 155 160 163 157 153 162 169 156 140 148 146 149 170 188 227 202 142 141 120 125 127 129 125 119 117 111 99 95 89 83 83 84 82 60 48 51 32 41 68 95 80 112 126 136 134 120 74 73 
170 186 172 157 149 145 148 149 149 164 185 173 144 131 152 151 157 184 183 161 162 174 168 157 139 143 151 138 135 140 173 212 150 124 114 103 108 116 112 103 111 121 135 109 88 88 99 100 84 79 64 50 58 80 105 111 102 136 131 114 95 100 61 113 
182 153 149 145 162 161 138 152 157 158 172 173 150 142 160 186 189 199 169 152 164 170 159 151 141 144 134 126 119 121 134 160 155 113 102 103 83 71 74 106 123 132 129 111 104 94 112 96 90 83 61 53 86 123 140 138 130 112 105 86 76 77 57 79 
186 173 155 139 157 172 168 156 150 160 181 181 160 141 153 183 236 244 195 189 169 161 154 143 144 146 146 137 142 159 159 149 146 137 144 145 118 80 53 105 111 105 106 95 98 98 98 84 81 63 46 51 94 147 139 116 91 80 87 82 56 78 100 87 
198 176 160 141 155 165 173 165 144 150 181 172 148 134 149 164 224 251 208 167 155 174 152 144 141 147 144 129 139 148 155 156 156 180 195 193 178 158 143 101 74 81 93 99 101 94 90 85 69 45 41 70 100 111 78 85 94 93 88 84 59 68 132 128 
205 204 149 141 174 171 179 185 182 174 172 149 137 141 154 150 197 246 190 145 146 162 154 145 130 144 141 133 136 140 150 148 153 167 163 174 201 211 158 80 87 86 100 111 97 83 87 70 52 40 50 92 87 54 42 72 101 96 97 85 54 58 163 131 
222 205 148 132 152 164 201 184 183 183 182 144 138 132 142 150 154 188 165 150 147 159 157 144 139 144 140 138 144 145 133 138 138 148 128 106 153 197 105 52 89 84 95 97 85 83 65 30 24 37 41 54 35 33 44 69 86 93 94 105 91 90 135 113 
207 208 171 140 155 160 190 185 194 183 163 149 142 135 146 174 188 165 160 157 141 151 157 142 143 143 149 140 147 142 127 132 126 142 139 107 130 158 118 57 95 97 107 109 100 92 70 29 24 25 25 25 26 27 29 45 59 72 48 97 94 102 103 105 
182 190 147 151 156 157 176 188 215 191 157 132 139 149 155 161 207 177 165 160 138 137 144 142 148 154 148 140 149 127 131 136 134 146 135 110 138 155 124 62 107 108 111 114 107 103 83 53 62 81 85 80 91 86 73 85 91 79 53 88 91 86 98 106 
202 165 146 177 170 169 194 194 208 200 159 129 131 133 154 168 186 171 152 145 122 126 141 136 149 160 163 153 150 119 133 135 118 125 127 118 142 150 134 77 117 122 122 126 125 115 113 126 140 147 149 135 125 101 83 97 107 106 109 95 95 105 122 135 
215 163 139 140 151 167 186 206 191 187 163 130 127 133 140 157 158 142 143 147 128 133 148 148 143 154 156 151 160 135 108 130 127 126 139 124 136 139 122 67 112 122 127 134 135 137 144 157 147 147 149 125 97 90 88 99 96 98 94 88 86 94 109 136 
205 182 130 129 153 157 157 194 188 185 160 143 135 133 140 168 160 141 172 151 145 142 153 152 141 146 150 134 148 150 132 132 138 127 141 137 128 120 93 63 113 115 117 125 133 141 150 148 151 151 132 96 97 113 113 95 88 72 80 86 96 94 128 162 
194 153 126 140 139 182 203 210 203 181 161 134 136 133 148 155 165 155 142 150 142 136 141 152 158 147 141 145 143 147 162 147 132 132 133 128 128 104 83 77 115 111 120 124 135 146 147 156 172 132 115 104 103 107 98 85 81 48 61 108 102 87 117 140 
177 156 127 143 142 181 204 198 196 180 172 152 152 138 141 168 174 164 153 133 134 128 155 148 139 136 138 142 141 143 159 148 136 141 140 134 135 123 110 117 120 115 126 139 157 167 134 141 145 128 108 102 99 82 67 51 55 58 82 129 123 92 102 101 
173 149 126 152 166 184 197 184 179 199 186 174 151 133 132 141 144 146 149 154 143 142 148 151 150 144 128 128 140 144 146 137 142 144 137 126 112 96 105 111 110 114 110 113 118 132 119 104 112 104 107 104 90 79 79 80 83 80 91 101 108 91 80 83 
190 155 140 193 206 207 203 185 185 194 184 173 152 136 142 150 146 150 144 138 143 151 129 154 149 136 140 136 138 151 144 137 143 141 130 128 119 120 115 108 116 117 135 126 131 115 102 100 118 129 124 104 97 92 93 104 82 85 88 105 94 84 88 87 
182 149 143 187 190 215 207 195 182 182 174 167 151 145 135 133 132 140 151 155 162 155 140 150 150 163 167 134 138 164 156 144 169 147 132 130 155 163 132 132 132 120 126 134 133 119 119 129 116 116 125 121 105 93 83 84 73 64 81 96 111 99 102 104 
169 145 136 180 192 208 184 186 191 183 154 157 155 162 143 133 130 126 148 138 135 151 137 144 151 204 237 166 151 160 158 170 169 130 131 150 141 145 132 126 124 120 136 138 129 124 125 140 149 143 159 162 137 102 92 93 88 102 97 84 108 115 112 103 
180 160 139 176 195 197 183 170 188 169 148 157 145 170 150 137 146 137 154 139 133 138 151 142 141 208 222 154 144 148 146 163 146 119 123 134 127 127 132 125 120 129 124 120 140 150 125 128 163 195 204 197 173 139 93 88 125 111 90 94 115 130 116 110 
153 156 146 162 195 189 178 148 178 164 123 131 128 154 152 148 138 150 143 154 136 152 161 154 152 162 157 136 138 136 127 129 128 124 125 134 128 126 123 128 132 142 142 132 143 156 134 118 136 156 181 201 205 177 106 116 126 88 82 113 133 115 100 101 
182 173 137 162 195 200 184 158 139 140 117 115 118 138 159 151 142 150 151 147 135 152 156 149 153 139 143 134 133 136 143 136 124 124 134 129 132 134 130 127 133 137 153 162 151 124 134 142 137 123 129 160 170 155 116 128 128 87 71 104 147 137 114 104 
167 181 151 161 179 195 177 161 131 129 123 117 114 139 164 153 136 145 142 134 136 141 139 139 150 139 137 122 143 137 138 133 121 128 130 131 131 133 133 125 132 137 140 159 168 143 152 155 125 123 132 145 141 118 112 121 115 96 84 100 141 137 119 109 
183 184 159 175 177 184 179 176 132 121 120 130 123 134 151 157 147 150 137 151 127 124 132 132 132 142 139 125 144 131 129 143 132 129 129 134 131 129 136 133 134 130 128 142 170 140 155 143 124 113 144 145 136 136 126 123 127 110 86 103 134 117 97 99 


128 129 127 117 122 115 114 108 111 104 101 113 131 137 137 136 161 176 173 138 160 178 188 165 183 198 167 157 157 160 164 161 161 164 162 152 141 157 156 150 157 161 152 149 137 121 134 136 112 129 137 137 110 142 159 155 150 149 120 121 117 110 99 107 
127 125 112 106 111 94 120 112 122 139 157 167 146 119 127 134 171 167 161 162 175 189 190 193 184 187 172 151 151 150 149 148 154 165 169 166 161 150 150 142 154 168 167 175 194 161 150 153 129 131 120 134 124 134 145 142 146 141 134 126 120 108 99 81 
129 132 125 123 127 113 124 126 154 193 206 165 112 113 127 132 143 155 146 143 153 162 165 162 176 183 178 147 130 130 129 129 133 159 171 170 168 169 162 152 163 169 174 190 182 181 171 161 166 155 154 136 134 130 134 134 134 126 122 127 117 116 105 90 
132 130 132 137 131 120 116 135 167 195 197 133 113 118 150 135 136 144 132 132 138 169 171 162 187 192 192 156 129 132 128 129 139 158 169 171 170 168 175 165 151 169 172 170 168 171 168 174 160 161 183 153 140 131 127 128 112 103 103 115 118 135 115 90 
151 143 144 141 131 132 123 133 166 184 162 129 134 130 131 135 139 140 139 148 174 180 181 182 200 188 169 138 124 127 128 124 126 132 157 168 171 166 170 169 161 156 150 133 123 123 130 162 164 158 170 170 160 154 136 132 112 107 94 109 117 137 124 103 
142 135 146 140 138 133 139 128 142 136 125 129 136 132 122 123 156 141 136 147 161 171 179 182 184 170 156 114 131 159 162 171 173 171 174 172 189 167 164 175 170 150 177 133 107 92 106 119 146 155 151 160 155 154 132 120 114 113 97 99 116 140 141 122 
148 153 146 137 141 137 142 123 137 131 131 117 117 143 121 111 134 140 150 171 163 158 167 168 154 138 127 124 126 139 138 166 180 175 165 165 156 144 147 158 157 149 191 150 82 70 110 138 145 148 145 143 135 123 123 123 122 118 117 107 111 147 158 164 
152 152 145 137 129 151 143 134 136 138 137 125 119 141 133 128 131 146 163 155 155 152 145 158 160 162 165 163 160 164 171 170 163 157 157 160 148 136 121 145 149 151 163 124 52 79 150 150 133 131 127 125 138 130 127 135 108 108 129 110 121 129 132 141 
157 165 145 144 136 151 132 136 136 141 143 127 123 119 135 148 153 174 151 150 154 154 151 147 159 168 166 164 160 153 148 153 150 152 153 152 150 138 132 144 143 175 160 125 98 107 127 136 136 138 134 121 118 117 145 161 129 121 127 117 123 112 116 111 
153 160 144 154 141 136 135 143 120 132 141 113 109 114 140 139 159 158 143 150 162 164 174 173 163 161 159 156 159 154 153 155 154 163 168 163 154 146 136 140 149 157 130 129 134 119 122 124 131 134 131 126 126 136 149 157 142 122 124 118 122 110 106 104 
159 153 152 148 146 139 141 134 110 119 136 120 111 114 142 141 145 143 125 138 178 177 174 163 154 159 163 165 155 154 157 163 160 160 166 161 152 139 145 145 143 140 147 137 132 123 116 123 130 133 131 130 140 157 152 167 144 157 132 117 118 104 98 110 
156 144 153 155 151 148 136 119 117 137 128 135 130 132 137 129 140 185 171 171 184 173 164 164 162 171 167 168 166 166 177 185 187 190 185 183 170 164 175 166 169 154 135 126 118 124 113 116 134 141 124 141 166 165 163 174 153 161 158 149 126 104 103 107 
154 147 154 148 148 154 142 141 151 133 121 126 113 118 121 98 119 142 181 197 188 173 179 186 182 180 176 169 180 175 181 184 184 160 169 161 157 165 181 160 148 153 146 123 114 118 115 115 135 141 133 161 170 175 180 184 170 171 159 144 126 128 134 119 
162 158 149 144 150 164 156 142 145 131 138 129 118 106 111 103 112 115 151 192 183 182 187 194 195 197 184 171 173 187 174 165 160 144 158 186 181 173 169 168 163 161 138 138 146 147 137 139 144 155 154 165 142 146 177 188 170 158 167 139 125 96 119 128 
172 156 151 145 146 149 160 158 139 143 160 144 131 119 118 117 138 144 172 166 175 186 189 187 194 192 187 165 166 176 153 152 144 148 166 181 174 150 162 170 168 159 156 159 153 154 149 142 140 143 161 159 157 143 170 176 179 158 138 119 91 79 113 121 
156 150 148 150 153 145 150 139 126 141 155 151 134 109 128 130 148 159 171 176 180 177 187 179 179 177 177 166 154 153 136 152 139 155 154 152 153 144 146 153 153 149 146 149 156 151 146 133 132 138 134 138 149 151 153 159 144 137 119 94 69 74 117 131 
156 151 160 162 154 151 153 144 94 100 128 142 134 131 151 142 159 158 159 170 196 188 187 181 178 172 172 180 160 147 133 136 158 159 154 162 156 150 151 139 139 137 142 148 151 145 140 140 147 143 140 137 136 149 140 131 133 131 134 98 95 102 108 130 
164 152 152 141 148 146 149 140 117 122 139 129 134 128 118 121 140 135 149 183 185 199 196 187 180 172 136 150 175 164 135 144 146 155 155 156 160 163 150 155 157 151 151 145 150 146 138 140 142 137 135 137 137 135 146 128 131 139 149 120 107 106 117 127 
153 150 146 145 146 158 161 149 133 133 142 132 134 132 129 134 132 115 144 176 175 199 180 185 181 193 135 117 169 159 157 153 150 152 140 158 160 155 142 135 140 161 146 137 146 135 144 166 149 145 153 175 156 152 141 133 129 130 112 110 109 108 128 121 
141 130 147 156 157 167 159 149 137 133 146 141 110 135 135 140 145 156 163 180 177 182 188 161 166 172 150 128 152 134 156 169 158 159 153 156 144 148 150 132 131 142 136 114 126 129 148 169 140 136 131 151 174 174 154 151 127 138 120 91 124 106 121 118 
140 133 145 157 157 164 148 143 143 140 150 150 112 133 136 133 140 150 165 172 173 179 189 179 177 159 134 113 155 158 167 179 163 147 168 159 149 153 145 123 125 137 134 126 139 140 160 171 178 162 144 163 179 163 153 142 123 113 114 107 143 124 137 115 
129 126 140 152 158 154 144 138 127 123 138 136 130 132 143 144 144 149 174 194 185 186 183 180 176 170 152 149 163 171 153 150 160 159 144 145 130 138 137 129 133 135 156 174 164 157 156 158 169 156 164 152 150 140 132 132 134 122 140 129 134 141 145 114 
142 144 163 157 158 152 160 154 141 128 128 118 125 158 178 170 163 174 181 189 185 183 177 177 163 155 155 150 140 180 161 134 155 150 142 139 134 136 131 114 109 141 163 174 176 175 167 153 157 163 164 149 145 135 123 127 134 113 148 156 144 141 141 120 
161 153 138 143 138 154 154 150 159 159 148 127 140 137 153 168 171 188 194 186 183 182 173 170 165 166 150 134 123 128 151 152 156 151 135 129 155 167 158 174 159 167 156 156 163 173 163 163 161 159 150 143 142 136 125 117 117 99 97 122 128 133 112 93 
161 159 140 126 141 159 153 158 145 145 150 149 147 151 157 173 172 175 178 180 180 172 153 162 183 187 162 158 154 158 153 150 140 124 103 111 134 140 131 134 119 144 155 173 160 178 165 156 152 169 148 125 108 141 139 139 115 111 129 126 104 95 115 122 
167 166 156 155 153 165 160 150 145 126 124 123 126 126 149 170 181 180 182 182 181 168 152 164 170 172 160 139 147 143 141 159 133 110 94 123 149 148 133 120 133 177 171 163 168 163 145 148 134 109 94 83 87 111 125 140 122 131 144 130 111 105 160 165 
171 171 171 158 154 158 164 137 133 137 131 140 140 134 143 175 185 193 183 184 174 141 136 152 168 167 167 150 135 136 138 142 135 131 136 163 174 145 112 94 94 129 140 155 158 151 137 129 123 123 109 116 109 104 112 133 113 120 146 140 140 125 134 158 
184 184 179 161 177 178 164 164 143 152 160 161 156 153 148 164 175 197 182 177 186 153 119 153 157 180 167 119 133 126 114 115 132 123 140 162 168 156 126 116 113 116 104 119 145 142 123 129 125 114 137 143 128 130 126 124 126 131 150 140 142 142 126 103 
186 175 186 170 173 185 185 179 162 153 157 167 159 163 170 166 173 180 155 148 177 181 167 175 150 162 140 117 146 124 106 121 134 145 136 133 149 143 143 138 133 128 134 150 164 147 113 111 102 97 130 145 137 137 142 160 142 135 138 127 137 140 139 126 
185 203 200 176 180 180 181 178 173 166 169 166 164 174 168 172 180 175 127 123 172 182 173 167 142 153 136 132 132 124 104 98 105 138 149 135 149 157 148 135 135 130 129 137 138 136 111 119 91 95 119 105 96 106 90 114 157 160 135 133 133 137 143 145 
181 210 188 170 176 180 177 178 172 170 175 177 175 187 180 192 185 180 144 165 169 159 153 165 165 161 129 116 111 129 118 111 110 135 133 136 146 153 148 134 136 141 133 129 120 121 116 140 115 115 139 138 122 126 107 95 133 165 161 142 125 125 140 159 
192 209 191 171 166 172 179 181 187 196 197 203 208 219 226 209 194 193 203 197 184 166 167 167 161 147 128 118 119 96 97 118 134 134 110 127 147 145 131 134 126 131 122 123 134 123 119 138 145 118 110 116 103 105 116 118 121 135 163 138 131 118 133 165 
193 193 178 174 172 178 187 187 183 198 189 195 215 210 216 204 184 166 183 199 198 191 152 158 157 139 134 117 80 89 74 91 121 90 107 120 117 117 99 101 109 97 108 112 118 109 111 112 104 99 114 116 115 103 91 80 106 141 161 154 138 128 118 143 
193 213 204 181 182 188 187 190 204 188 188 184 186 221 199 188 186 169 183 192 191 184 170 166 151 130 120 135 120 111 104 119 132 107 113 120 112 97 85 83 105 102 109 106 94 90 98 95 91 116 126 133 155 151 148 141 151 152 150 146 145 130 123 138 
215 228 197 175 190 192 190 191 192 185 200 187 195 232 200 171 168 189 193 193 193 187 187 181 169 137 109 124 130 153 125 129 141 132 130 136 133 104 102 113 133 125 126 115 109 107 108 111 133 153 155 159 161 156 153 150 156 154 143 133 136 132 139 149 
220 230 188 195 194 186 181 189 190 196 203 201 193 219 196 169 137 178 195 193 191 190 195 196 173 133 118 125 157 147 143 146 156 149 133 132 137 119 110 137 125 108 120 109 104 106 116 129 163 155 153 149 153 146 149 153 156 155 138 126 150 150 121 126 
223 213 201 208 185 182 177 184 197 212 201 195 198 204 188 174 154 184 194 194 190 192 200 202 188 128 125 149 175 195 180 159 146 132 130 125 135 127 120 132 134 138 130 124 123 122 127 124 126 122 122 124 130 122 123 137 145 139 146 139 146 152 119 108 
202 209 183 186 184 180 183 192 186 194 195 189 195 204 182 178 177 185 194 188 177 182 195 199 148 99 126 167 169 212 224 193 154 158 167 131 146 134 115 120 131 154 155 146 134 121 112 96 95 105 94 85 82 89 131 147 153 135 145 155 143 130 109 107 
217 186 174 182 183 183 185 193 193 187 196 181 194 201 196 184 192 199 197 199 189 190 198 182 134 101 120 159 142 204 227 214 155 135 122 138 157 139 124 128 128 130 123 112 119 117 109 105 111 109 100 98 118 140 156 145 119 103 155 145 131 115 107 115 
221 183 187 185 182 182 189 188 187 198 203 183 190 202 209 186 203 208 207 200 188 190 202 194 177 143 149 157 156 230 241 194 125 109 105 146 152 137 125 118 124 129 128 125 124 106 106 121 126 108 107 136 153 139 110 87 80 109 149 142 149 131 119 88 
217 197 183 178 178 180 191 187 193 202 200 194 195 206 199 197 201 207 210 205 206 199 214 207 187 163 167 181 182 237 246 189 145 132 136 165 168 157 147 139 156 157 151 122 114 127 119 113 122 111 99 108 96 73 72 96 128 125 136 168 186 155 105 74 
203 220 181 179 183 184 188 181 197 216 215 207 208 188 198 203 195 206 211 206 202 208 215 201 187 199 188 187 207 224 243 205 137 132 141 177 179 174 155 156 156 147 138 132 124 114 121 122 120 110 95 98 69 73 104 136 116 130 139 164 170 164 108 106 
194 204 193 190 187 186 193 195 193 200 213 203 185 178 189 191 192 207 207 197 206 219 212 200 187 194 193 180 178 189 207 220 160 139 145 154 158 163 153 145 150 157 163 142 123 123 131 129 118 113 107 98 99 122 146 144 124 148 156 151 126 124 82 139 
197 177 180 184 195 197 186 198 197 196 200 195 182 180 192 205 178 176 188 176 201 215 205 193 188 189 181 173 165 164 175 186 176 150 144 145 125 111 108 142 159 167 159 150 144 132 144 127 120 114 107 96 127 154 163 156 149 139 140 118 95 100 93 107 
206 191 183 182 196 206 200 195 193 198 202 203 192 182 194 200 147 125 178 205 208 210 200 191 195 192 195 185 186 195 193 182 181 174 177 172 147 105 75 143 150 141 141 131 127 129 134 124 121 109 88 90 130 172 164 148 131 118 118 106 82 105 127 99 
218 195 192 185 195 200 204 194 186 190 207 200 184 178 189 192 159 120 137 193 194 211 194 190 192 197 194 178 186 198 205 195 192 207 211 204 200 181 163 134 113 118 123 126 128 129 128 124 114 93 79 109 123 133 114 125 139 134 121 106 85 78 130 132 
222 218 179 181 205 202 208 213 202 200 198 184 178 181 182 182 168 133 154 178 179 199 195 188 180 194 191 180 182 190 204 198 195 198 180 187 218 234 182 102 119 115 124 137 123 110 113 104 92 79 79 105 98 78 72 98 141 131 115 110 81 69 158 132 
232 208 174 177 189 196 219 210 205 202 199 178 176 177 184 188 173 174 190 189 187 202 203 188 185 192 192 189 193 187 179 183 183 191 164 128 173 222 126 71 115 109 120 121 109 107 86 44 40 56 62 74 54 53 67 99 125 128 124 132 120 121 151 134 
219 215 200 185 188 194 214 207 212 201 187 181 181 179 187 206 210 193 189 188 184 198 204 192 190 193 199 192 197 188 175 180 173 190 180 130 154 181 141 79 124 127 133 136 127 116 89 43 39 41 43 43 43 43 47 71 94 101 62 98 109 123 118 117 
195 203 186 190 190 187 206 215 223 203 181 171 180 187 186 196 222 199 192 192 186 189 196 191 194 204 197 190 196 176 179 184 183 197 179 134 160 178 147 83 136 139 136 138 129 120 101 75 83 102 107 108 115 106 104 126 135 116 72 104 125 112 118 126 
210 189 188 210 203 199 214 216 216 208 180 168 176 177 188 199 210 198 185 182 174 180 194 187 195 206 208 199 195 166 179 182 166 169 169 143 165 173 157 100 146 152 151 154 152 139 140 160 170 183 195 181 160 138 127 145 158 140 134 131 133 122 145 155 
225 185 181 183 189 195 208 218 203 206 187 168 171 180 183 190 186 179 179 181 174 182 199 199 193 203 208 200 205 183 156 174 167 168 178 155 161 162 146 90 139 149 154 161 167 170 178 190 180 190 196 159 136 133 133 149 141 142 135 118 113 117 135 154 
221 205 171 174 191 191 192 208 203 201 182 174 175 178 181 191 187 179 198 186 189 188 194 188 182 195 203 185 198 196 178 179 178 174 184 175 157 144 117 86 154 160 158 160 177 182 183 180 183 190 163 127 127 136 144 133 121 102 100 96 109 99 129 167 
213 183 170 178 181 207 217 220 212 195 179 173 179 177 180 185 190 175 175 184 183 181 182 189 192 194 191 194 195 200 209 194 174 172 171 170 166 134 107 106 163 165 167 168 178 181 181 187 193 157 149 135 126 128 132 120 104 76 68 114 103 89 128 155 
191 183 171 182 182 200 207 212 204 195 184 180 186 178 181 197 198 188 187 176 177 175 193 190 186 183 181 192 189 189 206 198 182 186 173 169 173 161 145 155 164 164 169 170 186 188 170 174 170 159 151 138 135 125 112 87 82 83 93 142 132 103 103 109 
189 176 169 184 193 203 205 199 192 206 193 187 182 173 178 183 186 186 190 189 182 184 191 187 193 192 175 178 186 191 195 186 188 188 180 169 152 140 148 155 152 155 152 154 156 166 158 142 135 135 140 142 131 116 111 102 108 90 94 116 131 109 85 79 
203 180 174 215 221 219 214 201 193 202 194 192 180 174 181 180 176 180 179 181 185 188 173 189 189 188 190 185 181 197 192 185 186 184 174 171 159 158 155 152 158 159 165 160 165 156 147 134 143 161 164 146 139 121 112 107 107 107 116 118 105 104 101 90 
198 177 178 211 208 223 220 206 191 192 188 189 181 181 178 175 175 178 182 180 181 178 172 180 184 172 165 175 181 208 204 191 213 184 178 173 186 192 173 171 173 163 159 161 163 158 157 145 131 121 127 127 132 132 116 105 111 101 103 119 121 119 141 133 
186 169 168 203 204 219 201 200 203 193 173 182 188 192 183 175 175 172 179 168 164 179 171 178 182 151 110 153 176 188 199 216 215 176 177 184 176 185 176 168 168 162 167 168 166 164 163 152 131 119 140 144 131 134 133 130 124 122 120 115 110 129 151 147 
195 183 174 201 211 212 195 186 199 188 173 184 177 198 185 177 183 177 187 177 169 175 184 180 173 144 126 162 177 180 185 207 194 169 171 177 167 172 173 166 158 167 163 158 169 174 160 162 182 193 195 188 165 161 139 126 137 126 127 126 125 144 135 146 
171 178 179 194 209 203 191 171 194 184 159 170 170 188 183 182 174 183 179 189 170 180 188 182 178 167 177 176 181 176 174 178 177 174 172 175 169 169 167 168 170 181 176 165 170 182 171 159 167 179 198 206 205 190 149 153 146 125 120 140 155 147 142 143 
196 194 171 190 208 212 202 179 165 166 156 161 164 175 188 185 180 186 187 180 170 180 182 185 188 177 181 180 177 175 186 180 170 171 176 170 176 175 168 164 175 176 179 173 175 163 167 171 168 159 163 180 189 181 157 154 151 128 107 127 162 154 142 148 
178 197 169 184 195 208 198 186 166 165 164 163 159 177 191 186 175 183 172 164 167 168 170 174 180 173 174 168 181 176 182 173 166 171 173 174 175 173 169 162 173 171 168 176 179 170 179 179 159 151 161 172 172 157 152 150 143 135 120 126 152 150 146 150 
195 195 174 195 196 193 202 199 164 161 162 172 165 174 187 187 179 184 175 179 166 163 168 171 172 180 183 173 180 169 168 176 167 173 175 180 177 172 178 174 174 169 164 172 185 171 180 171 164 150 170 162 167 166 160 156 148 140 112 123 156 143 130 135 


63 52 53 45 72 87 70 48 50 53 55 47 75 76 76 129 130 145 131 73 95 114 119 63 120 147 96 86 77 84 92 87 85 87 82 75 70 82 98 103 110 124 112 84 85 67 66 77 48 61 72 85 46 88 119 108 100 92 53 50 43 42 29 39 
60 69 42 30 44 40 62 43 62 92 121 109 98 61 82 125 151 120 97 105 117 138 132 130 129 138 104 81 81 79 78 73 81 91 98 93 92 83 80 82 95 118 102 104 143 103 84 89 62 69 58 87 50 61 99 96 98 90 69 51 52 41 36 38 
64 85 82 75 62 54 80 62 90 139 155 109 72 69 82 109 109 78 76 71 86 98 103 102 107 115 108 70 52 52 52 53 54 83 96 94 96 95 91 83 95 96 94 133 124 125 104 101 117 92 73 43 32 38 64 77 84 72 61 64 61 54 39 40 
75 74 82 81 59 44 39 62 97 140 148 79 53 65 112 90 63 71 53 48 58 104 104 97 128 131 130 92 58 56 50 52 61 82 94 95 100 94 110 99 77 101 101 105 103 109 95 104 97 94 123 70 36 31 51 54 44 36 37 52 56 86 66 53 
166 111 95 90 58 61 55 59 98 135 143 98 107 128 134 88 49 47 54 84 118 118 112 120 162 142 100 57 48 54 54 47 48 49 77 96 99 87 101 104 87 92 93 82 74 72 69 106 99 83 107 103 83 68 61 63 35 34 41 51 63 95 62 50 
148 118 107 81 92 85 85 80 118 121 101 112 143 136 120 100 88 49 45 68 93 105 107 115 139 128 108 50 63 92 93 103 102 99 100 102 132 90 88 114 107 88 140 84 53 40 51 56 73 63 64 94 89 80 45 40 43 37 31 49 62 102 80 54 
143 154 135 121 127 112 98 65 136 119 112 72 83 163 123 85 99 85 74 100 87 79 85 95 90 67 49 42 46 65 63 95 114 105 87 87 82 65 64 74 73 83 150 85 38 24 46 60 67 68 70 70 57 33 40 41 42 44 55 31 50 123 123 106 
122 124 136 152 106 142 135 102 107 114 102 80 78 164 144 106 119 113 118 90 72 72 59 74 85 86 91 83 79 87 97 94 88 81 77 76 58 49 39 67 69 80 111 71 15 42 64 50 40 49 40 45 69 55 51 46 28 48 93 49 70 101 104 96 
172 182 136 146 117 150 119 88 75 108 106 81 123 130 128 128 121 125 72 55 66 67 61 62 78 91 89 84 75 61 58 70 71 76 74 73 69 55 48 69 66 123 118 77 35 39 42 48 51 57 54 41 43 43 100 118 62 63 73 56 53 63 64 64 
163 189 150 161 137 122 109 96 41 86 119 80 107 119 145 124 157 131 73 63 82 86 91 101 87 84 84 79 79 70 67 75 80 94 99 79 72 70 58 68 80 99 58 54 61 39 47 39 46 50 44 44 43 69 96 98 91 59 46 33 38 53 53 57 
139 157 171 128 90 112 121 83 30 96 143 115 94 94 140 141 158 128 66 61 104 100 90 77 71 81 84 85 72 71 80 87 87 86 84 57 78 72 82 79 75 68 84 73 52 44 38 49 52 56 53 56 76 114 118 148 112 137 93 66 55 45 45 64 
143 113 137 113 114 118 89 49 68 139 119 137 109 128 116 104 133 168 130 106 112 84 66 70 76 88 82 88 95 85 100 109 113 119 111 106 102 96 117 102 112 87 61 53 33 39 22 32 67 76 50 87 141 127 136 156 121 144 139 122 84 51 57 60 
119 96 139 129 147 169 131 120 154 122 97 135 104 121 125 80 98 101 151 151 134 98 92 107 97 89 90 77 97 82 94 102 102 67 88 86 77 89 110 82 69 82 73 39 26 28 22 17 53 67 60 124 140 133 158 168 152 156 139 113 87 99 102 77 
105 113 132 133 151 198 171 130 153 127 148 133 109 83 92 61 40 48 104 150 127 112 113 124 128 115 98 87 93 99 86 78 67 40 80 114 109 96 94 89 84 91 61 58 66 71 47 21 42 88 106 138 92 90 155 183 152 137 145 92 78 49 74 69 
123 98 103 124 126 149 151 150 131 147 173 132 110 93 89 64 82 101 126 101 105 120 113 103 115 111 101 58 73 100 62 73 55 64 87 108 106 68 86 96 92 83 89 91 74 78 63 43 26 37 108 103 103 78 144 164 167 121 75 37 14 17 55 50 
95 90 92 100 111 119 125 78 84 135 152 147 104 56 79 93 120 113 110 104 108 109 123 105 96 80 71 52 53 61 59 92 52 81 76 79 80 70 75 83 79 72 70 76 89 85 76 45 31 44 39 37 73 79 107 123 99 85 45 25 17 23 67 76 
97 93 96 98 105 138 140 71 17 80 119 153 107 90 96 112 136 119 104 102 137 116 127 111 88 76 97 69 60 54 58 72 95 93 78 86 76 72 74 52 54 54 61 71 76 69 57 34 19 20 26 27 35 83 73 54 67 85 59 34 39 45 58 81 
102 92 94 76 99 125 115 70 25 75 133 132 139 126 92 101 117 116 94 123 115 149 152 123 93 92 79 75 92 81 58 77 75 83 90 82 77 82 75 79 82 72 74 66 78 73 45 27 18 19 27 38 44 42 84 65 88 105 91 65 55 50 61 72 
98 85 89 78 72 91 103 122 75 91 133 125 141 141 129 138 120 83 78 106 92 150 116 124 110 121 71 53 98 87 82 73 77 89 70 84 81 74 71 71 74 108 91 74 82 56 56 63 17 15 68 140 114 89 87 85 82 81 68 56 53 61 73 69 
95 75 79 88 85 107 107 136 137 114 152 128 80 139 136 139 145 125 88 101 93 110 135 89 88 92 88 58 75 50 85 93 90 107 96 88 70 75 76 66 81 102 92 51 44 36 79 110 51 41 50 104 144 126 110 116 86 108 83 50 84 67 70 58 
117 70 72 82 85 107 117 121 150 147 161 138 78 123 129 110 131 105 69 67 75 94 125 105 103 82 68 53 81 87 79 102 95 89 110 89 82 89 73 48 63 88 86 64 72 69 107 137 137 104 82 121 145 122 121 113 89 83 79 71 118 93 99 65 
89 60 60 83 93 88 121 122 91 78 91 114 116 108 96 87 118 102 88 117 108 108 106 103 97 75 60 65 74 91 75 75 95 93 75 72 58 71 73 70 72 77 121 131 115 101 97 129 139 111 134 112 101 93 80 94 104 86 108 88 89 101 107 62 
86 85 104 103 98 90 129 130 82 64 59 54 88 118 103 87 83 97 93 107 94 91 97 106 91 65 61 72 68 103 85 65 90 82 68 63 58 74 67 49 46 73 103 106 100 103 109 83 98 114 99 75 70 75 54 62 85 58 108 121 93 76 82 66 
99 105 92 91 79 95 122 98 91 78 75 57 95 86 70 90 99 124 129 110 99 110 98 97 81 65 73 67 54 52 69 68 79 85 66 57 78 90 81 91 77 105 100 86 92 93 80 67 86 82 68 75 70 59 59 52 53 44 62 87 74 79 67 47 
92 97 82 74 86 93 86 113 90 77 85 76 85 83 94 95 93 99 100 82 80 84 57 78 96 84 68 71 63 78 68 53 46 51 31 41 59 69 69 66 59 95 104 106 98 92 72 66 62 77 69 75 52 71 84 92 65 60 90 81 50 47 69 62 
101 113 93 82 77 104 107 107 136 123 123 110 105 80 92 90 94 97 104 96 87 78 68 84 92 88 54 40 68 70 60 83 59 42 33 58 74 89 82 60 83 117 86 73 86 74 49 59 28 25 25 32 30 52 58 76 59 49 71 62 44 50 112 108 
105 105 96 81 77 89 125 120 121 145 139 160 158 134 124 125 108 123 104 92 76 75 71 83 84 71 72 66 76 71 64 67 60 51 61 90 94 73 48 39 43 71 62 73 102 97 51 51 44 47 33 19 12 15 34 58 48 63 68 43 26 24 61 99 
139 131 115 95 108 106 101 145 119 114 123 140 142 142 117 96 94 118 95 81 104 82 56 92 92 98 94 68 62 49 33 41 49 38 60 81 88 84 57 49 54 77 55 59 98 86 54 65 69 56 61 43 35 37 51 59 54 63 76 63 43 39 31 37 
152 122 137 104 100 115 128 121 94 79 101 132 137 117 98 80 91 103 88 69 87 95 89 93 80 95 73 60 78 48 31 45 49 67 65 58 74 68 67 64 65 61 62 90 98 78 40 49 47 43 62 71 66 66 72 92 69 62 64 61 62 53 50 55 
146 166 162 105 104 105 107 91 82 78 96 124 114 115 104 91 107 112 75 58 77 86 77 76 56 85 88 84 77 54 30 26 37 66 72 59 76 78 70 61 57 56 58 67 63 61 40 44 24 30 46 43 38 45 37 54 85 84 55 54 59 66 72 77 
142 175 142 99 99 104 109 97 84 86 94 99 94 124 126 131 118 114 79 83 70 76 77 93 101 81 58 59 44 44 37 42 54 73 66 66 65 70 61 54 58 70 63 61 58 50 42 70 45 50 78 70 53 60 49 41 74 96 96 77 63 63 87 100 
141 163 128 82 72 87 104 106 112 131 137 147 150 181 195 162 128 115 146 109 58 71 93 80 82 58 37 45 48 44 37 42 57 62 47 60 66 65 61 62 49 56 48 53 78 44 37 77 85 53 41 51 34 42 54 60 59 70 95 69 61 51 65 98 
134 142 103 88 88 99 114 112 102 138 135 130 162 169 174 161 114 87 108 104 81 71 59 70 92 60 51 42 37 46 32 35 44 36 46 52 49 57 45 49 41 37 40 42 61 41 35 44 51 40 33 42 47 33 38 41 54 63 65 55 47 42 47 77 
157 180 161 117 110 118 113 115 147 121 124 127 119 182 140 115 107 85 86 68 62 56 80 89 63 39 42 67 67 56 58 59 50 35 42 43 39 46 39 40 44 39 42 41 34 25 26 23 27 44 34 44 68 70 74 67 65 57 41 30 37 33 33 58 
186 202 151 105 121 125 115 119 127 111 143 138 137 208 139 90 79 75 62 59 51 44 52 78 67 43 39 51 73 94 69 62 55 42 57 63 60 40 41 50 57 60 57 44 36 33 33 39 62 76 79 75 72 64 55 48 50 48 34 29 45 18 36 66 
194 207 137 134 132 116 100 119 122 132 144 149 134 180 128 86 68 67 62 57 55 47 53 58 57 58 45 36 89 91 78 64 67 59 59 53 60 60 55 65 47 43 45 32 27 23 34 54 92 74 73 65 63 40 43 50 47 62 46 35 53 38 29 55 
198 186 158 158 116 104 89 103 132 162 143 134 147 156 108 94 71 75 67 63 57 57 60 60 59 52 51 65 90 118 109 83 56 34 41 50 60 53 51 53 54 69 59 47 40 35 47 38 36 28 32 30 39 34 43 62 64 68 78 52 24 49 42 50 
162 176 126 114 108 99 103 121 118 131 141 126 130 152 102 102 103 84 70 58 49 57 56 60 62 40 49 96 89 138 156 132 82 69 83 63 75 60 41 35 41 71 75 70 59 50 39 24 21 36 24 8 8 26 65 80 84 72 76 36 18 22 25 33 
186 135 104 101 102 106 104 123 132 117 145 112 129 143 122 98 118 119 83 60 56 57 58 67 51 31 38 85 69 136 163 151 98 70 51 61 68 48 47 40 37 44 47 42 43 35 24 22 27 22 16 19 45 74 83 71 49 45 75 24 15 13 22 44 
196 138 129 107 96 102 115 115 116 134 150 115 125 148 154 105 135 138 110 77 54 62 71 62 64 48 52 71 82 169 185 145 83 58 25 60 58 42 46 40 44 47 53 51 49 23 30 48 38 10 24 70 84 67 37 23 23 48 73 38 48 43 31 29 
191 160 124 96 93 100 116 116 114 134 145 141 147 159 142 124 126 125 110 79 108 93 113 91 89 70 93 111 118 181 206 142 108 92 62 76 84 67 66 65 76 73 62 32 30 45 37 33 41 11 6 21 19 10 12 30 47 65 79 90 115 68 14 16 
171 190 121 103 105 110 111 107 129 164 175 164 167 123 125 136 130 136 127 87 89 117 108 71 96 123 112 102 132 154 198 149 76 82 69 85 88 76 81 85 73 71 54 45 40 38 47 44 46 22 18 13 12 21 33 50 47 74 79 94 103 90 35 41 
162 163 137 125 117 114 116 120 119 135 169 159 120 98 117 124 124 162 160 110 101 130 86 71 89 107 115 95 98 108 126 164 73 47 63 61 63 69 64 56 63 79 97 71 53 55 59 57 43 51 36 21 29 38 61 75 65 87 79 57 46 62 30 72 
165 125 120 114 132 139 108 120 127 132 148 146 119 108 127 168 115 114 137 114 117 101 71 85 100 101 93 81 79 79 78 106 90 42 39 45 36 33 39 66 78 82 88 87 75 59 58 51 49 50 33 26 43 78 102 91 78 57 45 24 27 41 30 43 
179 152 128 109 130 153 138 120 115 135 159 156 134 109 120 143 63 34 121 157 120 71 68 96 109 113 113 100 107 111 100 76 75 70 78 73 70 65 37 73 64 57 65 55 51 48 44 29 37 32 26 26 62 113 99 71 43 36 47 37 23 48 67 46 
196 157 141 114 133 145 143 132 105 122 166 150 118 100 115 121 77 12 55 135 127 125 83 106 96 84 83 83 103 115 119 83 82 113 122 116 113 94 85 53 28 39 50 61 62 50 37 32 22 14 20 43 72 75 44 47 51 43 40 44 30 40 85 73 
198 192 128 108 156 152 154 159 145 149 146 120 103 111 122 112 86 33 71 98 108 113 68 98 91 95 58 61 89 105 118 112 111 117 106 123 137 141 103 48 45 45 58 77 61 51 43 30 25 17 30 67 61 34 26 48 65 57 61 55 35 31 111 70 
210 184 120 99 121 138 179 160 151 158 157 109 102 102 113 129 101 96 125 120 110 109 70 74 90 89 58 49 58 83 94 100 100 104 95 101 129 151 98 37 48 46 60 63 55 58 46 22 19 24 28 44 31 28 39 55 65 62 58 66 50 47 85 61 
195 192 155 114 120 135 168 152 161 156 131 120 110 105 118 160 173 140 131 122 98 107 105 89 89 86 71 53 59 89 92 94 86 103 114 107 143 177 144 54 56 59 71 74 69 64 51 25 26 27 28 29 30 31 32 37 40 43 35 65 46 61 66 64 
164 166 119 124 133 134 154 171 199 168 125 101 107 121 122 131 190 155 141 131 100 97 104 100 103 105 78 55 78 90 101 106 103 120 114 111 157 185 153 64 69 70 76 80 77 76 58 29 36 57 51 48 57 48 40 60 64 47 30 55 43 48 67 81 
179 140 115 158 150 148 169 176 187 179 128 95 104 107 126 147 170 155 123 107 69 80 110 98 114 139 129 95 82 69 100 105 88 93 95 113 164 179 164 86 80 80 83 86 88 83 79 77 88 105 100 89 70 54 30 54 64 66 69 47 34 59 84 90 
202 145 113 112 111 136 161 184 164 162 139 94 96 107 111 131 134 111 106 112 85 88 106 112 108 132 144 125 125 82 46 81 81 86 94 108 156 166 150 76 78 82 87 93 96 105 104 109 90 99 92 64 45 36 37 57 64 66 50 40 33 51 71 105 
197 176 103 92 122 133 131 171 168 157 128 105 100 105 112 144 136 106 145 124 114 104 115 112 102 113 127 98 117 107 64 50 74 93 97 107 135 144 118 65 83 75 75 79 94 101 110 99 103 106 72 38 45 56 60 44 46 34 33 45 52 52 94 136 
189 142 96 103 105 158 186 192 185 152 123 99 106 106 119 129 138 120 109 113 107 101 105 118 128 110 116 117 109 119 115 60 61 88 84 83 103 107 95 67 84 75 77 81 103 110 105 116 139 78 57 45 46 54 46 36 29 13 29 70 52 49 85 109 
165 141 95 112 116 146 172 178 171 156 139 124 121 107 116 147 153 142 130 94 94 83 132 121 101 102 112 107 100 113 124 69 48 67 80 95 96 85 83 86 81 80 91 88 130 134 94 98 103 85 64 53 48 32 23 17 18 26 57 93 79 53 66 63 
158 129 92 117 142 163 175 160 152 176 160 147 122 105 111 119 121 118 122 125 110 108 115 116 115 117 101 98 109 112 99 54 49 48 86 92 67 50 61 69 72 77 76 77 81 95 78 67 66 63 60 57 49 36 41 43 33 40 54 66 70 48 41 44 
174 136 114 183 192 187 183 171 159 170 160 151 130 110 119 119 111 119 113 107 112 121 88 114 118 111 116 114 108 124 88 49 52 63 97 96 81 80 71 69 89 88 107 91 99 78 72 62 65 80 77 65 64 46 46 50 19 35 52 68 52 50 60 51 
169 131 116 172 170 195 193 177 159 154 148 144 127 123 112 107 104 108 115 114 113 108 93 106 111 96 84 100 105 139 118 79 122 103 107 101 132 138 97 97 102 81 84 88 88 80 83 82 50 45 60 65 60 45 36 36 16 21 36 50 78 75 88 79 
158 130 111 152 170 199 169 162 181 160 126 133 137 146 125 108 109 101 124 98 100 124 101 101 106 71 21 74 100 116 129 139 128 90 108 113 113 115 99 83 83 76 89 86 80 78 74 89 83 73 96 94 72 51 36 37 29 49 38 29 64 85 81 77 
166 148 113 156 179 183 165 141 165 153 115 134 116 162 135 110 120 113 133 108 96 101 129 115 99 68 47 87 105 108 115 131 96 68 94 106 94 88 91 82 74 82 81 70 96 109 82 87 114 137 141 125 99 81 40 34 57 41 38 47 76 100 84 83 
132 142 129 148 180 175 159 123 148 144 88 103 104 137 135 129 117 130 116 130 101 121 141 132 116 104 110 100 108 103 103 101 95 96 93 99 92 89 80 88 93 99 96 86 99 128 106 78 91 108 123 138 137 108 46 55 69 27 28 79 107 78 58 60 
161 167 124 136 174 188 178 141 104 111 88 90 90 112 149 141 126 135 139 125 104 122 126 127 136 113 110 96 99 102 120 102 80 93 103 94 104 101 89 87 101 101 96 115 121 97 101 107 100 84 88 111 114 96 55 76 92 36 31 85 131 113 85 76 
138 174 134 133 149 172 160 149 108 102 98 94 86 127 158 141 116 129 121 104 105 110 109 109 121 109 103 86 111 99 105 98 83 104 105 109 105 99 103 94 103 103 98 111 130 110 120 123 91 84 90 104 98 72 65 82 71 58 40 71 116 110 91 83 
170 176 143 162 154 155 167 174 120 92 94 117 103 116 147 147 130 135 112 132 98 94 104 100 101 114 120 93 108 90 90 110 102 105 107 111 109 98 108 106 103 89 86 109 142 111 136 116 94 88 113 102 105 102 92 93 84 73 43 81 113 77 55 63 