


94 91 88 84 85 97 93 88 94 88 88 85 83 79 69 68 73 80 90 72 68 76 85 84 84 79 71 73 76 72 73 70 71 69 84 75 58 55 53 45 43 45 47 44 39 37 38 40 41 38 35 34 38 35 27 32 59 99 124 134 137 138 138 135 
92 93 94 84 92 96 95 91 93 89 86 86 84 83 78 73 79 91 79 73 77 84 86 84 73 72 77 77 75 75 78 96 146 171 193 170 132 120 81 50 48 50 48 43 39 39 38 39 37 33 36 39 36 29 22 18 21 45 82 116 134 142 142 134 
83 84 87 85 91 92 95 93 93 94 87 88 93 92 80 79 86 87 75 82 82 85 78 72 76 80 75 76 76 77 87 180 218 224 238 224 201 190 147 68 52 50 46 42 40 40 40 38 36 36 38 37 31 28 27 23 20 20 29 62 109 132 125 98 
91 83 90 91 89 95 96 97 94 93 87 89 96 100 92 87 98 86 85 83 78 77 76 76 82 82 78 77 68 69 97 143 210 233 237 231 206 174 195 177 92 49 46 42 41 42 40 38 38 36 34 32 31 28 25 24 23 22 19 23 59 87 73 49 
89 87 84 90 92 95 96 100 100 102 94 91 99 104 105 105 97 86 84 82 82 83 85 79 81 83 84 66 61 113 192 182 194 220 222 226 216 217 237 237 160 57 49 46 43 40 36 31 28 29 29 28 29 28 28 28 27 24 20 19 30 45 41 36 
93 88 92 97 97 93 106 108 105 109 107 98 101 108 116 105 91 88 89 88 84 89 140 136 108 109 126 91 64 112 203 194 186 188 188 207 218 226 232 229 164 56 40 34 30 24 18 16 20 28 30 31 31 30 32 32 30 26 23 29 38 41 39 37 
90 94 84 87 94 91 103 105 101 110 113 105 106 110 110 95 92 91 90 88 105 151 198 206 213 220 225 187 97 101 156 180 186 182 180 193 208 210 194 157 95 39 17 13 12 13 13 16 24 33 34 31 32 31 35 34 29 26 28 38 42 39 40 41 
74 83 97 89 92 95 96 101 102 102 114 115 110 117 108 100 97 97 93 88 94 169 233 237 232 231 225 196 190 217 200 172 159 175 200 189 151 137 108 86 71 51 27 17 20 25 30 33 28 29 31 33 46 41 33 32 28 27 34 42 42 41 41 42 
79 77 81 91 98 97 96 86 89 98 107 117 127 127 105 100 98 100 93 84 125 219 233 239 237 234 230 229 239 241 239 225 177 163 193 156 119 127 111 88 71 60 52 50 56 57 56 52 79 124 84 64 152 130 62 38 30 32 41 43 42 42 43 44 
82 75 79 83 85 92 100 86 75 84 118 172 204 188 141 105 106 100 89 82 126 211 222 233 238 236 238 241 241 241 241 236 190 183 194 134 96 94 79 67 60 57 58 60 62 62 60 67 164 174 148 137 180 180 163 125 45 41 48 47 44 42 45 46 
99 71 73 85 81 81 85 96 96 114 203 237 233 216 174 178 203 188 144 96 86 142 205 230 238 232 225 223 232 241 241 234 163 190 185 102 68 65 63 63 63 64 65 64 61 58 68 92 163 163 147 154 175 181 175 141 84 72 57 51 47 45 46 46 
129 107 91 91 92 91 134 186 189 220 240 241 240 234 210 221 239 239 222 173 139 172 239 239 233 226 223 217 228 240 237 234 201 191 167 85 67 65 66 67 67 70 68 63 61 58 72 109 157 169 138 140 156 166 167 155 117 86 59 50 48 48 46 47 
122 129 134 174 198 153 206 240 240 237 238 239 241 241 238 238 240 239 226 216 219 145 198 239 236 228 235 241 241 241 231 215 190 177 135 74 69 69 71 72 73 73 68 63 67 79 114 168 208 194 156 139 145 142 138 137 113 88 62 53 49 49 51 55 
104 118 172 239 240 226 226 241 239 234 237 238 241 241 238 237 239 240 236 212 159 104 93 157 181 180 226 238 235 233 208 152 163 155 90 69 68 70 74 74 81 88 105 134 165 194 210 209 191 172 172 156 145 145 125 109 107 86 61 53 51 51 57 62 
85 125 218 241 241 241 241 242 235 236 241 241 241 237 221 208 221 228 217 176 143 129 112 97 84 83 114 162 172 178 131 105 145 115 76 71 72 76 81 113 150 175 190 190 168 143 137 144 138 127 136 170 154 149 135 111 109 91 67 57 55 57 61 62 
82 122 231 241 241 241 241 241 236 234 239 241 241 235 215 212 213 199 190 183 181 183 179 162 128 88 76 69 113 154 136 115 114 98 88 87 94 123 151 167 171 171 142 96 75 89 122 141 138 127 115 144 172 169 146 115 109 96 75 62 60 62 62 62 
57 105 232 241 241 242 241 241 238 240 241 242 242 240 236 226 204 196 190 196 218 229 233 232 219 191 167 121 106 144 141 93 92 81 71 59 68 117 113 104 94 96 81 69 75 99 122 132 128 115 135 198 204 191 169 123 125 140 99 65 63 64 64 64 
37 62 163 198 225 241 241 240 233 236 241 241 241 241 240 235 231 218 208 206 234 241 241 241 241 241 240 221 159 130 113 92 100 80 59 59 84 105 89 86 85 87 88 87 94 107 121 123 124 154 169 199 204 192 177 169 192 187 128 76 65 66 68 68 
53 65 85 99 180 241 241 241 241 205 210 232 234 240 238 229 222 239 236 224 225 240 241 240 240 241 241 241 217 148 118 105 104 90 69 83 130 141 151 162 172 182 187 188 188 189 188 184 183 203 186 175 187 195 193 192 197 179 138 96 70 69 71 71 
78 111 179 183 174 231 241 241 241 210 135 136 161 174 168 152 172 238 239 235 234 236 237 231 222 237 241 241 231 143 80 85 99 99 90 94 118 139 143 143 144 161 177 182 183 186 192 200 209 202 190 168 169 188 199 199 196 176 145 119 86 71 72 71 
87 142 236 239 233 238 241 241 240 235 189 175 191 192 176 168 188 237 241 238 235 235 236 234 232 240 241 241 226 135 106 107 92 77 70 48 84 142 139 126 114 127 143 143 139 133 132 135 180 204 190 170 169 186 192 195 193 157 133 127 102 77 72 73 
104 137 232 241 241 241 240 240 236 238 239 240 241 239 208 141 128 201 241 238 231 233 241 240 240 241 239 231 179 136 139 160 129 82 86 95 111 127 132 132 123 122 121 114 109 107 110 119 164 201 190 180 179 181 164 174 173 136 121 122 113 89 74 73 
99 110 213 241 241 241 241 240 237 238 240 239 232 236 237 192 132 159 224 226 209 220 241 241 241 237 215 172 164 133 113 164 165 110 90 95 103 115 137 158 148 126 106 98 92 87 86 91 115 182 190 194 193 179 151 138 133 120 112 113 116 104 83 75 
99 98 139 219 225 209 217 242 240 237 240 239 227 210 210 230 185 176 181 173 155 159 189 207 198 171 148 172 167 110 89 140 183 144 91 104 120 125 127 151 174 172 155 124 101 88 81 80 84 104 133 167 167 152 132 123 119 114 107 103 106 109 94 80 
85 99 107 164 188 140 165 239 241 240 240 240 239 230 219 236 207 159 147 135 134 142 157 158 147 136 163 180 150 90 80 125 195 180 132 112 130 140 153 154 154 155 168 176 163 129 95 82 108 131 131 100 99 107 107 107 109 110 108 104 101 101 101 93 
86 90 95 99 97 83 133 232 241 239 238 239 240 240 239 241 221 152 142 139 144 159 159 150 145 160 189 179 131 90 84 114 195 184 166 148 132 136 145 148 145 131 126 151 164 182 182 161 192 167 123 82 76 83 89 94 97 103 104 100 103 103 105 103 
97 89 87 94 94 82 92 169 236 240 232 215 236 242 242 241 228 189 182 158 161 160 149 146 153 184 187 187 187 151 145 173 213 201 157 176 174 173 159 142 133 126 142 160 146 129 169 208 184 130 120 90 84 89 89 90 91 90 89 88 91 97 100 101 
91 96 87 86 92 88 77 88 175 218 194 138 219 239 240 236 215 199 174 164 157 148 145 144 165 188 184 220 235 233 237 240 238 238 233 220 206 201 197 182 163 157 176 184 168 145 173 208 180 176 179 134 105 104 103 99 98 98 95 91 86 86 92 98 
88 82 88 78 91 100 85 73 88 113 89 86 121 174 217 210 154 146 163 163 173 158 148 151 180 181 197 236 233 228 235 231 214 222 231 238 239 226 223 205 194 173 179 191 177 168 167 171 204 236 226 169 110 104 111 118 122 119 111 102 97 100 107 114 
71 77 83 83 78 96 92 82 68 88 87 80 87 89 126 143 111 115 201 217 223 220 208 196 199 183 195 232 236 226 224 219 214 224 229 241 241 233 223 194 194 194 154 141 161 175 183 212 233 236 218 157 104 105 114 126 134 131 118 106 105 115 127 135 
68 65 74 82 75 86 91 84 75 73 98 77 83 78 75 92 133 203 240 240 240 239 230 230 235 232 228 234 237 228 228 235 234 239 239 236 240 236 229 210 212 214 191 180 200 205 202 216 229 211 155 114 109 114 117 126 134 136 124 111 106 116 131 139 
75 77 77 73 66 72 78 79 75 68 90 82 77 86 79 115 202 239 241 240 241 238 230 233 240 241 241 238 213 190 207 239 241 239 236 226 230 227 221 221 221 215 208 207 211 215 204 199 214 202 155 137 149 143 124 118 127 131 123 114 108 112 125 134 
70 83 85 84 78 65 62 65 73 77 88 88 78 94 89 157 235 240 238 239 241 241 240 241 241 240 241 240 201 204 237 241 240 234 234 235 228 223 229 231 231 228 223 224 226 225 221 210 200 197 208 219 217 190 140 113 111 111 104 99 100 101 109 121 
73 82 83 75 75 65 69 73 72 74 78 74 74 83 97 127 169 221 239 241 242 241 240 237 231 229 237 220 114 94 157 195 226 223 210 218 235 229 226 229 233 226 226 234 230 227 235 233 226 214 211 202 174 146 121 109 101 95 90 91 92 94 98 104 
85 84 72 81 73 67 72 72 62 61 61 58 58 52 84 164 214 217 239 241 241 241 236 231 226 216 199 98 27 23 50 163 189 185 181 153 205 238 237 237 227 194 185 209 214 218 226 216 196 161 124 110 106 109 110 106 99 98 100 105 109 113 115 113 
78 74 70 74 69 66 61 64 60 61 62 63 66 85 70 84 166 200 232 235 235 236 229 221 226 218 161 54 33 39 111 209 185 149 146 158 181 229 235 221 194 173 183 214 229 229 223 198 151 99 72 70 79 91 103 109 108 111 118 127 132 134 135 132 
95 85 88 77 89 71 75 82 69 65 66 80 89 81 41 34 45 105 192 212 218 213 182 105 104 101 70 45 42 55 115 132 112 98 101 119 139 158 171 158 136 134 148 172 184 178 169 151 109 72 68 72 78 90 102 112 116 122 129 139 140 136 137 140 
70 91 89 87 87 87 83 86 84 82 79 73 52 35 32 29 29 30 78 121 126 132 136 90 51 24 24 40 59 81 86 78 76 77 80 87 97 104 110 109 108 111 116 122 123 117 107 99 91 83 79 83 93 101 109 114 118 131 142 149 145 135 137 143 
50 59 65 77 67 71 51 57 54 44 34 20 24 34 39 37 31 26 63 83 56 64 72 92 93 66 40 34 39 48 38 35 41 48 54 62 68 76 84 88 91 90 96 101 107 111 109 103 93 85 79 85 96 106 113 115 116 126 138 145 141 136 138 143 
64 62 59 55 47 37 31 27 25 21 15 13 19 33 43 43 38 53 88 74 49 57 50 63 95 82 44 37 39 23 13 15 21 22 23 25 26 34 36 38 46 45 61 63 84 97 105 99 89 81 76 79 85 98 111 117 115 112 117 123 127 129 132 137 
77 68 55 48 43 41 39 32 24 18 15 13 16 32 68 54 69 86 100 64 74 64 46 47 58 42 58 80 76 54 43 26 21 21 20 21 22 25 27 29 34 35 39 40 46 56 78 85 88 81 77 78 80 90 111 121 123 113 108 114 120 121 125 129 
70 59 45 37 38 43 44 38 30 39 37 24 16 31 76 83 89 95 91 65 100 93 62 50 64 50 77 85 60 39 44 48 39 28 22 22 24 24 25 27 30 28 32 32 36 40 41 52 70 82 84 81 79 86 102 115 117 110 109 113 117 117 118 120 
55 44 30 24 28 36 41 38 31 44 84 131 92 81 108 148 139 105 79 74 124 119 95 86 94 74 64 66 55 44 43 54 53 49 41 37 34 30 31 34 37 41 42 39 34 36 34 38 40 57 82 94 92 90 92 97 102 103 106 112 113 113 115 123 
54 45 33 28 30 34 48 54 45 108 198 231 197 139 163 182 154 82 97 141 126 92 102 162 204 168 104 75 64 57 45 61 55 52 51 50 45 39 40 43 39 37 38 42 41 41 42 42 44 43 49 69 95 101 94 86 83 89 100 108 110 116 121 129 
56 52 45 42 41 46 67 77 55 77 155 191 166 162 199 207 187 92 133 176 148 98 137 199 226 233 198 121 75 70 50 64 70 62 55 56 72 56 51 49 50 52 53 47 45 45 41 40 43 42 43 47 56 72 97 90 70 62 75 92 102 112 118 126 
70 64 59 55 54 60 74 93 105 179 171 168 210 206 166 169 156 130 197 181 133 148 159 114 145 215 176 100 71 79 64 57 76 74 70 70 76 61 48 50 51 50 54 51 51 50 48 49 51 50 50 49 43 51 71 84 74 65 67 76 85 95 104 112 
89 85 74 64 63 75 85 101 171 223 191 172 177 149 150 188 184 144 158 156 125 200 218 138 101 124 114 79 63 77 74 53 69 79 73 57 61 69 62 52 57 59 59 60 57 50 51 47 51 51 53 53 55 54 67 74 86 94 100 103 107 114 118 120 
95 92 82 71 83 161 187 185 165 176 184 218 192 187 185 137 121 170 188 138 165 179 160 139 101 84 102 82 65 81 90 63 72 86 91 120 73 69 68 66 55 59 56 64 63 62 62 57 59 54 57 56 53 54 51 60 80 110 121 126 128 131 138 139 
85 86 84 74 82 178 239 219 156 195 222 186 190 212 175 156 144 127 165 142 185 187 126 147 183 127 92 91 70 73 84 74 83 154 215 226 177 143 96 68 59 60 57 52 55 56 59 63 59 59 62 63 61 61 58 52 60 93 124 126 120 119 126 135 
80 78 80 77 77 128 146 144 131 179 214 174 190 202 168 182 162 143 196 188 161 192 160 168 234 213 152 123 79 71 81 76 130 206 220 222 231 162 82 75 67 61 59 52 51 55 51 55 60 59 62 61 61 61 60 59 59 64 104 123 111 101 101 113 
76 77 83 83 81 92 124 163 153 178 212 195 209 215 197 209 182 172 209 185 187 221 191 164 198 192 188 166 92 124 115 95 110 127 108 110 146 89 61 60 69 67 62 64 51 58 57 55 54 55 60 64 66 68 68 60 54 52 62 101 101 96 92 94 
81 79 85 89 100 154 224 230 160 145 210 213 150 158 202 194 185 170 192 184 182 174 159 205 225 200 168 124 99 190 213 171 95 104 125 132 114 83 71 64 63 68 70 70 66 52 53 59 60 58 53 57 62 65 68 68 65 60 54 71 86 90 90 92 
88 83 96 102 98 106 175 226 201 118 91 107 86 105 168 177 149 102 127 144 145 144 171 223 224 160 135 141 149 146 146 157 109 139 207 234 176 95 72 75 75 58 68 70 68 65 56 54 63 63 59 60 59 56 62 57 57 60 57 56 69 91 94 92 
80 81 81 83 86 88 98 109 89 65 56 63 73 92 113 103 93 102 109 132 153 185 164 188 193 158 121 113 163 185 131 191 188 123 141 209 176 120 93 84 86 66 70 59 67 71 64 64 58 60 61 65 69 65 56 53 43 51 63 66 64 87 107 105 
78 88 88 87 88 88 85 72 58 65 81 88 89 96 107 114 125 177 198 186 151 160 159 185 180 191 181 115 91 178 143 138 174 142 124 139 149 141 101 84 78 65 62 67 65 67 61 66 71 74 76 67 75 74 56 63 58 55 54 57 56 68 105 127 
83 90 90 89 90 94 92 81 76 100 123 121 102 103 110 115 132 213 234 189 149 209 216 213 175 146 154 140 107 133 149 188 147 171 217 184 152 217 218 175 92 68 58 62 62 63 67 76 88 102 108 108 100 88 78 72 71 83 74 73 62 65 70 120 
84 92 94 95 96 98 97 93 95 105 115 117 128 142 134 134 132 158 196 199 190 208 190 198 188 168 191 180 162 172 148 200 160 172 199 180 156 218 232 180 95 82 78 76 76 79 89 101 108 115 119 125 121 109 97 90 87 93 99 106 117 118 112 126 
95 100 100 99 99 100 102 106 120 130 134 145 167 165 183 218 185 155 156 187 232 205 158 186 211 180 182 187 195 190 174 205 172 165 175 135 135 141 149 141 114 105 98 93 92 98 112 123 126 126 125 131 130 124 115 105 100 97 104 120 133 142 145 143 
96 102 104 102 100 100 102 115 130 132 131 152 154 139 202 239 221 176 133 141 206 203 187 222 224 194 180 205 195 168 201 198 160 205 235 199 131 120 127 130 132 127 116 102 95 101 117 130 130 128 125 131 136 134 129 122 114 108 116 131 141 145 144 141 
95 101 103 99 97 101 103 116 133 149 156 157 153 145 170 222 204 177 129 127 144 150 203 214 212 179 146 208 215 218 198 160 135 154 185 143 117 124 134 141 144 137 121 101 89 95 108 122 127 122 120 128 136 138 139 138 134 131 130 133 137 138 139 140 
100 100 97 95 106 125 130 129 128 132 143 162 177 178 158 131 104 98 104 119 129 156 207 223 228 166 110 186 192 183 196 167 127 109 103 105 114 129 139 145 146 141 129 116 106 107 117 126 128 123 121 127 138 142 142 141 140 137 133 126 121 122 128 135 
94 98 112 122 131 146 147 138 137 122 116 139 148 124 105 101 101 99 102 114 123 131 133 149 169 123 113 127 149 188 211 218 157 100 91 96 106 122 136 144 146 145 142 139 133 129 132 134 132 122 113 117 130 136 136 133 130 127 122 115 109 110 114 122 
107 126 143 150 146 152 159 159 162 149 138 136 119 96 94 105 112 112 114 118 123 124 126 134 137 135 129 128 142 213 238 230 186 112 95 90 92 106 125 137 143 146 148 148 142 137 134 130 124 106 87 84 99 111 117 115 113 112 110 109 108 111 113 113 
116 136 148 161 169 174 185 196 196 182 175 166 135 103 102 106 115 120 122 123 123 122 123 135 139 141 137 129 130 161 176 155 138 105 90 82 76 87 111 129 138 143 145 146 143 138 128 117 105 83 64 57 69 88 99 105 105 105 105 114 120 122 122 118 


128 129 128 127 129 134 131 129 132 126 123 123 122 120 114 111 113 117 121 114 112 116 120 121 120 115 110 113 114 112 110 108 106 103 105 89 82 83 81 76 74 78 80 78 73 73 76 78 77 76 74 73 72 67 57 53 61 76 82 86 86 83 77 69 
128 129 132 127 133 134 133 130 132 129 123 124 123 122 118 113 117 122 118 115 116 121 123 121 112 111 115 116 112 113 112 107 111 115 127 105 88 88 82 78 78 81 81 77 75 74 76 76 74 72 74 74 69 61 55 51 50 57 65 73 80 82 80 76 
123 125 128 127 132 133 133 132 132 132 127 126 128 128 122 118 119 121 119 122 122 122 117 114 116 117 115 115 114 113 111 115 115 117 137 127 99 89 82 80 81 81 78 76 75 76 76 74 73 73 73 70 64 60 57 55 53 53 53 58 69 78 81 79 
127 125 129 131 131 136 135 136 133 132 128 128 130 132 128 124 128 125 124 123 118 117 116 117 119 119 116 113 108 104 105 103 106 113 120 118 85 76 103 104 84 78 77 76 76 75 73 73 71 69 66 64 63 61 58 57 56 55 52 49 57 70 77 77 
123 127 126 131 132 136 137 137 137 137 133 130 134 137 137 134 131 126 124 121 121 120 119 117 118 119 117 106 102 104 98 79 73 81 80 87 73 87 116 121 94 80 80 78 76 72 67 63 60 59 60 61 60 60 59 59 59 56 52 50 59 72 76 75 
118 127 130 133 134 134 142 142 140 141 139 135 137 139 141 135 129 127 126 125 121 121 125 95 111 125 134 114 100 100 96 67 44 33 30 53 65 86 102 108 89 76 71 67 63 58 51 49 52 57 60 61 61 62 62 62 61 58 55 60 72 78 77 78 
108 121 125 128 130 131 139 139 137 141 142 141 141 140 137 132 130 128 126 124 115 114 143 142 169 196 196 162 110 108 92 64 52 45 47 65 73 90 96 84 72 63 53 48 46 48 49 49 53 60 62 61 61 63 64 64 61 58 60 70 78 78 78 81 
96 102 120 123 128 131 131 136 137 137 143 144 143 141 139 134 132 130 127 123 120 141 202 218 201 197 187 157 169 194 163 112 85 89 104 101 95 91 85 79 76 66 57 54 56 60 65 66 59 54 58 61 61 60 62 62 60 59 66 76 79 78 79 80 
97 96 98 105 116 125 129 126 129 134 138 144 140 137 135 134 132 130 126 119 135 192 204 216 206 196 190 195 223 223 214 184 123 99 110 93 94 92 91 87 85 82 83 86 90 93 91 82 64 44 41 57 63 51 52 56 58 63 72 77 77 79 81 82 
98 94 94 95 95 103 118 119 118 123 131 134 127 100 104 130 127 125 122 116 133 178 182 197 206 187 191 205 210 220 223 203 138 108 107 91 97 95 95 94 93 93 95 97 98 97 95 83 64 33 22 36 54 52 50 51 55 67 78 80 78 77 81 84 
118 94 87 94 94 92 94 101 110 117 138 148 129 96 77 102 108 106 102 110 114 137 172 194 197 172 144 147 172 217 214 198 120 114 101 94 100 99 99 99 99 99 100 100 98 96 95 86 66 24 9 17 38 45 41 42 64 76 82 83 81 81 82 82 
144 126 106 97 95 94 100 105 106 142 156 149 136 109 66 73 102 110 91 82 101 145 220 209 183 161 145 145 173 204 190 185 146 113 92 98 102 103 103 103 103 103 102 100 98 96 94 84 76 39 5 4 17 28 32 41 73 83 85 82 81 82 81 82 
134 143 134 123 115 100 116 128 131 128 127 125 130 111 87 77 86 94 86 91 100 93 170 214 195 170 190 213 216 216 185 155 126 103 96 104 105 106 107 107 105 105 104 101 98 99 108 125 140 83 22 3 7 24 48 59 81 83 85 83 82 82 83 87 
107 124 142 151 133 106 108 114 112 107 112 102 108 94 78 94 90 85 96 94 94 94 81 126 135 123 194 209 200 195 162 98 101 97 102 106 106 107 105 94 97 104 103 105 116 134 149 147 131 103 59 18 9 20 66 87 79 79 84 84 83 83 86 90 
94 107 144 150 134 120 106 96 99 111 131 123 96 67 61 75 92 96 101 88 88 89 95 90 70 43 100 140 120 100 63 65 90 96 109 108 105 97 84 90 102 107 111 115 115 112 104 95 90 89 84 48 17 13 45 84 75 77 85 86 84 87 89 91 
91 104 155 158 139 120 98 83 107 108 119 120 97 70 78 87 85 85 84 79 81 90 100 106 98 58 57 66 87 93 76 82 81 96 101 98 91 89 96 101 101 98 100 102 102 99 93 90 90 91 91 77 43 34 51 79 73 74 85 87 87 88 89 90 
68 88 152 151 134 130 108 88 115 141 133 122 112 97 98 82 44 73 91 97 152 190 198 194 171 149 139 101 90 113 106 75 72 62 51 52 47 87 103 106 100 98 106 106 102 94 86 86 86 85 84 84 65 47 37 66 70 68 76 88 89 91 91 91 
47 61 110 115 110 115 107 101 104 114 130 118 125 132 125 110 93 108 135 143 210 229 219 217 214 226 229 201 126 103 95 79 81 51 22 35 61 97 109 111 111 110 107 106 97 87 79 79 80 76 59 66 64 43 36 51 72 67 70 90 91 92 93 94 
46 54 65 71 101 122 124 121 117 109 125 109 107 133 133 131 140 201 198 172 178 214 207 187 201 227 233 232 186 102 95 92 86 64 44 55 95 104 111 121 126 127 120 117 114 115 116 119 104 78 50 33 38 37 42 55 63 52 67 93 92 92 94 95 
42 61 103 101 108 118 114 109 112 119 118 95 88 92 84 80 113 216 218 193 182 185 173 142 138 199 232 233 210 101 54 53 63 70 70 69 79 97 110 114 109 113 110 109 109 116 126 137 108 66 50 27 20 30 49 59 60 53 80 99 95 94 94 94 
46 87 146 129 117 113 111 96 92 110 106 98 91 78 61 59 101 216 224 203 187 183 179 156 157 206 231 232 205 95 76 74 65 59 54 34 56 106 127 121 102 93 91 94 98 98 95 93 89 66 47 24 18 33 51 66 64 66 89 92 91 93 94 95 
103 124 151 139 127 111 100 84 85 106 123 123 118 113 92 85 99 180 226 208 183 187 217 205 204 209 216 214 144 106 116 125 91 66 81 87 99 113 124 122 111 107 108 112 115 115 113 107 97 69 52 40 36 40 55 74 70 81 83 76 77 88 94 95 
131 127 149 143 128 113 110 108 87 87 110 112 90 92 115 104 84 107 177 175 136 162 229 223 216 204 171 131 119 107 110 125 107 85 103 103 93 88 97 102 100 109 120 122 121 119 117 116 112 86 61 57 53 43 64 89 91 88 81 69 64 77 89 94 
135 132 132 128 111 99 116 136 108 87 98 102 83 65 80 113 79 68 71 81 77 99 148 150 137 128 110 113 108 106 114 117 117 89 89 102 102 98 83 87 92 89 96 110 117 116 113 111 112 109 98 90 74 67 80 88 92 91 83 75 70 71 80 90 
127 136 132 131 118 117 134 146 129 107 95 83 69 55 61 108 93 45 54 69 70 70 57 51 76 90 99 103 98 108 110 117 117 94 72 86 96 99 92 87 92 96 95 96 103 107 107 107 110 83 49 96 99 88 85 88 89 85 81 80 81 82 81 86 
128 131 134 130 126 120 133 154 148 120 95 85 85 79 74 101 107 63 69 70 68 54 46 70 85 95 99 90 101 109 105 105 108 87 73 62 88 89 78 76 79 93 91 66 84 112 113 100 110 59 37 92 101 100 97 95 88 79 72 76 83 90 90 87 
133 129 129 133 130 121 121 139 152 136 98 93 114 107 103 112 103 39 31 53 58 51 70 78 86 96 89 103 146 115 102 104 113 100 86 76 75 102 94 73 69 84 81 31 17 68 100 102 71 12 40 89 97 100 102 102 96 84 74 76 83 91 94 93 
131 132 126 127 130 124 117 118 140 137 106 108 127 129 125 114 83 39 21 39 40 62 69 71 81 92 86 174 172 121 119 118 115 120 118 109 90 90 105 98 87 86 91 89 52 40 76 114 71 84 106 100 92 93 95 96 96 93 92 90 90 92 92 93 
127 124 127 121 129 133 124 116 124 131 114 120 122 120 82 79 86 101 64 47 56 53 67 73 87 83 123 182 123 80 82 71 69 86 89 120 133 123 153 128 112 52 70 89 60 45 21 51 125 200 188 132 95 91 91 91 93 95 97 98 96 92 88 86 
114 118 125 123 120 133 129 121 115 129 125 121 124 114 97 83 92 105 115 101 105 107 110 97 96 93 134 139 103 66 55 43 45 67 76 115 139 132 146 120 120 92 21 13 32 50 60 131 172 189 173 122 92 88 82 78 81 86 91 95 94 87 80 78 
114 111 115 119 118 126 129 125 119 120 134 120 125 119 111 94 83 122 130 103 93 86 87 102 111 124 133 130 108 76 72 77 69 83 92 110 137 130 151 136 133 136 97 79 119 124 126 146 162 151 118 93 88 85 81 81 87 91 96 98 95 88 79 75 
119 119 119 117 112 114 118 122 120 116 131 126 120 126 118 119 111 127 121 103 95 74 59 76 92 118 133 119 89 76 94 111 103 107 108 102 129 137 139 136 135 132 131 129 132 132 125 124 143 137 112 105 111 106 93 88 91 93 94 95 95 88 80 75 
118 123 124 125 120 110 109 110 114 117 126 127 121 132 127 135 125 112 105 109 122 108 89 95 104 122 134 128 83 111 139 137 129 120 123 131 124 138 144 142 141 142 143 148 147 143 137 123 116 126 146 163 163 140 104 87 86 82 81 82 84 83 79 74 
119 124 122 119 119 111 115 117 116 116 117 113 112 117 129 133 111 112 119 127 134 126 110 98 100 112 128 110 54 65 103 127 137 124 111 134 167 156 146 142 143 138 143 160 156 149 151 135 119 131 149 146 120 98 86 83 84 83 83 85 87 87 84 80 
125 126 120 124 120 117 118 118 112 110 109 105 102 95 108 120 120 117 140 148 149 137 119 105 102 92 76 51 38 43 64 129 127 117 111 82 142 172 167 165 154 125 120 145 147 142 140 120 104 100 95 84 73 74 81 83 85 87 91 93 95 95 93 90 
120 119 118 119 116 115 113 115 111 111 111 110 110 115 75 65 98 103 127 130 133 135 124 122 122 108 68 59 61 65 105 162 128 91 84 85 99 133 139 137 126 113 122 156 174 168 145 113 93 85 78 72 73 80 84 86 86 87 90 88 90 93 91 89 
129 123 127 121 129 120 121 127 119 114 113 119 120 97 52 46 49 76 116 114 110 104 89 84 78 68 75 76 73 70 89 96 80 70 70 75 81 84 90 86 78 75 85 111 131 130 116 102 92 87 84 82 83 87 87 90 93 97 99 95 90 92 91 91 
81 110 118 125 126 127 122 124 122 120 112 97 65 46 45 48 50 47 79 114 100 86 96 105 79 51 46 54 77 76 73 73 75 76 77 76 72 65 68 71 70 66 65 68 76 81 82 85 88 91 92 91 90 92 92 93 99 112 119 116 108 101 98 95 
47 58 66 84 83 89 70 73 69 63 56 44 43 49 52 54 52 47 79 109 85 86 98 116 112 86 63 54 61 65 63 64 68 72 75 77 75 74 75 78 81 74 72 70 68 68 69 78 85 88 89 88 89 90 89 89 98 111 120 120 113 103 95 89 
51 52 54 56 55 51 47 46 43 41 42 43 47 50 56 57 54 65 101 103 83 86 85 96 111 96 66 64 71 57 49 53 59 61 63 65 65 70 72 72 76 71 82 75 74 70 70 78 82 85 84 80 79 78 82 87 94 99 103 103 97 89 82 77 
56 54 52 52 54 52 50 45 38 34 36 37 38 47 75 66 87 110 117 93 102 96 83 76 79 68 77 97 98 91 75 64 61 60 61 64 65 67 69 70 76 76 79 80 83 81 81 83 86 86 84 80 76 75 81 87 93 92 93 91 87 80 71 69 
52 50 47 47 50 53 51 45 38 47 53 43 34 43 88 93 102 116 107 86 120 119 98 77 70 75 93 103 90 80 79 81 77 70 65 65 66 66 67 69 72 73 74 75 78 81 81 82 86 88 88 83 78 79 85 90 91 89 90 90 87 77 66 67 
46 44 42 41 42 44 44 40 36 50 89 114 75 90 112 113 102 92 89 83 131 132 112 99 96 82 80 89 93 86 84 91 88 86 83 80 77 75 76 77 79 83 80 79 76 79 77 78 81 85 89 88 84 84 85 87 84 78 80 84 82 75 69 71 
49 47 45 46 45 42 49 54 49 90 155 177 124 74 122 130 111 54 80 102 107 87 84 134 167 123 107 100 102 98 90 100 94 90 89 89 88 84 83 84 82 80 79 82 82 83 86 84 87 85 85 89 88 89 87 79 68 57 58 67 71 75 73 73 
51 53 55 58 58 55 68 88 78 81 120 139 114 92 141 153 124 55 85 112 86 46 68 144 184 178 146 112 106 109 96 105 106 100 94 92 100 93 93 91 92 91 88 89 85 86 86 85 87 87 86 89 89 85 87 82 67 53 52 59 65 72 73 73 
55 56 58 61 63 63 70 95 109 142 110 103 149 140 114 127 114 88 131 121 81 87 96 79 109 170 140 113 101 115 106 101 113 110 104 99 105 94 88 91 94 92 94 93 92 92 91 92 93 93 91 90 85 84 85 83 78 72 67 65 65 66 67 65 
60 60 59 60 61 65 71 86 134 170 140 113 118 116 122 139 127 104 116 104 74 135 147 87 68 77 97 106 92 113 114 100 110 115 103 86 92 101 97 91 93 96 98 98 97 93 95 92 94 94 95 93 93 90 96 89 89 92 91 87 83 81 78 75 
60 61 61 61 77 129 140 133 70 82 129 156 131 147 138 115 107 125 138 107 105 113 89 45 42 58 84 104 92 108 122 104 110 111 97 106 89 103 102 100 93 95 96 100 101 102 101 98 98 95 96 94 92 93 91 91 92 95 96 97 95 93 94 93 
57 57 60 62 75 149 194 155 109 136 151 124 144 148 143 142 122 106 117 98 124 118 86 77 110 80 65 82 83 93 116 110 94 122 171 163 125 115 108 104 97 99 98 92 96 95 99 101 99 99 100 98 97 97 94 90 91 88 91 94 91 88 90 93 
56 56 59 62 67 107 119 117 108 126 156 129 144 139 134 150 131 117 136 131 113 124 97 106 171 139 77 50 38 72 97 80 69 138 183 176 176 125 104 109 103 100 99 94 94 95 91 94 98 98 100 99 99 98 96 93 93 90 91 93 89 84 81 85 
58 59 64 66 72 85 105 126 94 106 154 130 150 151 141 149 122 116 137 121 131 153 123 124 130 109 116 98 45 90 73 64 61 87 107 121 136 110 101 102 107 103 99 102 93 96 94 92 93 95 98 101 102 102 101 96 93 90 86 87 85 86 82 80 
77 69 70 80 102 139 176 163 111 117 163 162 121 113 154 149 124 121 142 132 118 113 102 155 165 116 105 72 63 133 148 110 56 62 82 104 104 107 107 103 104 106 105 105 102 91 93 96 95 94 93 93 97 99 101 101 98 94 86 82 80 81 81 79 
90 84 89 106 113 115 150 169 141 88 79 86 65 65 130 145 120 84 101 121 118 99 121 169 154 100 89 90 100 99 97 98 53 63 151 181 126 107 106 111 109 99 105 106 102 99 93 93 98 97 95 97 95 92 96 93 93 94 90 87 81 80 78 76 
76 86 88 91 97 105 112 107 79 55 47 49 49 49 77 101 103 94 93 98 109 126 116 136 132 116 93 84 115 125 90 130 124 77 92 152 108 89 95 97 106 97 103 97 101 102 97 98 96 95 96 98 101 98 92 90 81 86 93 94 91 86 79 75 
80 99 109 112 114 116 111 89 56 45 47 51 52 51 57 78 91 139 137 110 63 90 106 123 121 142 134 99 82 127 112 95 107 62 53 63 54 70 70 75 82 76 81 84 84 90 83 85 88 83 91 88 95 100 87 94 91 88 85 89 88 90 86 83 
106 115 119 119 120 121 114 86 54 53 61 63 60 57 55 56 69 162 171 122 104 151 144 145 124 130 133 125 97 101 107 121 90 111 151 120 97 167 164 119 84 77 71 69 68 68 70 73 71 68 68 71 77 81 77 78 76 84 84 88 82 87 87 89 
112 118 122 123 124 124 112 84 59 58 59 62 65 66 67 79 92 126 121 127 133 144 112 129 125 130 138 137 124 114 95 126 97 105 133 122 109 181 185 122 85 81 77 71 69 69 72 77 74 70 67 72 77 76 74 71 69 72 79 82 83 87 89 92 
121 126 127 127 126 124 111 88 75 75 73 74 80 94 132 167 123 86 94 136 179 137 108 137 139 119 139 126 126 127 128 139 100 82 105 87 90 102 111 103 89 87 83 77 75 74 79 84 81 78 72 74 78 78 76 71 73 76 82 86 88 88 87 86 
124 128 130 127 125 120 103 81 70 71 71 71 87 103 160 193 145 100 71 76 152 139 122 163 160 130 129 145 130 86 132 135 119 150 182 137 99 89 89 90 91 89 86 82 78 77 81 87 85 81 74 73 76 78 79 77 77 78 83 88 90 91 91 89 
122 126 126 122 116 105 87 68 65 71 71 64 58 59 102 176 147 118 69 64 77 78 142 167 153 123 112 165 167 154 110 76 85 103 135 97 88 88 87 88 89 89 87 84 80 80 82 87 86 79 72 71 75 76 81 83 83 82 82 84 87 90 92 91 
124 123 117 106 96 86 76 68 61 63 70 70 63 64 72 77 63 56 57 62 66 91 162 177 167 117 86 145 144 138 128 92 78 75 76 76 76 78 81 84 87 91 90 89 85 82 86 89 87 81 74 73 80 84 84 85 83 79 77 77 79 85 87 87 
115 109 99 86 79 77 70 65 62 65 70 69 67 66 69 67 63 59 59 63 66 71 83 97 116 79 73 78 96 140 153 166 101 76 75 72 69 70 75 80 86 91 91 90 84 80 84 89 87 79 73 73 79 83 83 81 77 73 71 73 76 80 83 82 
94 87 79 74 73 75 76 76 74 67 70 73 72 70 67 65 65 64 66 69 71 70 70 79 84 84 79 73 85 170 202 184 121 80 76 72 67 65 69 76 82 85 86 85 80 78 81 82 82 74 65 62 64 67 69 70 72 74 76 78 81 83 83 82 
66 64 67 74 73 71 81 93 90 75 70 73 70 66 62 61 64 66 70 73 74 72 72 83 87 90 84 73 73 104 122 101 94 78 75 72 68 65 68 73 78 80 79 80 78 77 77 77 75 67 60 57 58 61 67 73 77 81 83 85 86 87 87 86 


53 49 45 36 44 53 51 42 55 52 59 56 51 47 44 49 51 55 53 45 45 51 61 65 61 51 45 52 52 49 56 56 45 44 49 32 33 33 34 26 22 26 29 27 20 17 20 24 26 22 19 20 20 17 11 10 19 37 48 56 56 49 42 33 
48 50 47 35 42 47 48 45 49 48 49 51 50 48 51 50 51 57 44 46 56 61 62 59 43 46 51 52 55 57 58 32 19 20 22 10 13 16 24 27 27 32 29 23 19 20 23 24 21 19 21 22 17 12 8 8 8 14 24 34 43 44 41 35 
40 46 43 35 39 39 43 46 46 50 45 51 60 55 48 51 50 45 43 53 51 55 44 42 46 54 48 54 57 57 49 18 5 9 15 6 3 4 11 26 32 31 26 22 21 23 24 21 20 21 20 18 13 11 10 8 6 6 9 13 26 37 38 31 
46 42 45 41 34 45 43 47 44 44 41 46 56 64 51 48 53 41 45 47 45 43 46 44 51 53 53 53 42 45 46 33 15 13 11 7 6 10 18 16 21 25 24 25 24 25 23 20 18 17 13 13 12 11 10 8 7 7 7 6 11 24 28 24 
46 43 35 41 34 39 42 45 48 51 46 44 54 63 62 53 49 45 44 46 48 46 50 46 50 54 50 33 35 37 13 11 11 11 9 7 8 11 21 20 13 27 28 28 25 21 17 13 10 9 10 10 11 10 10 10 9 8 7 6 10 20 24 20 
54 39 41 43 41 36 52 49 45 51 52 45 52 62 66 51 47 48 51 51 46 51 64 41 32 27 25 36 38 32 7 4 5 4 5 6 11 16 23 18 10 20 19 16 14 11 7 6 8 11 12 11 11 10 10 10 9 7 6 10 18 24 24 22 
57 48 34 33 39 32 42 46 40 48 49 42 51 56 50 45 48 51 52 51 50 61 43 17 9 4 3 10 34 36 11 6 7 10 9 13 22 24 19 13 12 9 6 5 4 5 6 6 9 14 15 11 11 11 12 11 10 8 9 17 25 25 25 24 
35 44 52 36 37 39 35 36 38 38 50 49 51 54 48 48 49 50 47 44 41 35 10 2 3 3 3 7 12 6 5 11 23 30 40 26 23 26 23 20 19 16 10 8 10 12 16 17 13 9 10 12 11 9 11 11 10 9 16 25 29 27 26 24 
36 34 36 41 43 40 43 26 24 37 45 52 44 45 40 44 45 51 48 42 36 7 3 2 2 3 3 3 2 2 3 4 12 50 59 32 28 36 35 31 30 29 28 29 32 32 32 28 17 10 6 9 7 5 7 8 9 13 22 30 30 27 24 25 
31 29 30 30 31 40 49 32 18 19 30 26 14 8 24 41 43 44 43 41 37 10 4 4 3 3 3 2 2 2 2 4 10 65 64 32 31 36 36 37 35 35 35 36 36 35 35 27 12 8 5 4 5 5 5 7 9 17 28 31 29 25 27 28 
26 13 19 28 27 27 32 39 37 14 23 16 9 5 14 20 18 18 24 37 42 26 8 4 3 3 2 3 4 2 5 7 20 78 56 32 31 34 35 35 36 36 37 37 35 35 37 33 23 7 2 3 4 4 4 7 24 31 35 33 30 30 30 27 
51 32 27 29 28 30 35 35 34 32 31 25 16 11 12 18 20 18 11 17 27 20 4 2 2 3 3 3 4 3 4 9 33 68 39 29 31 33 34 34 36 37 37 37 37 37 39 38 36 12 2 2 2 4 4 8 36 42 37 32 30 31 28 26 
51 52 36 22 25 32 54 49 43 37 38 44 37 24 24 28 29 27 30 32 29 18 7 2 2 3 3 2 3 3 3 12 36 44 28 28 27 30 31 32 31 35 36 36 39 48 72 109 138 62 7 2 2 6 15 20 40 42 39 35 33 29 29 33 
47 47 45 33 29 32 48 58 53 30 36 40 43 34 27 25 38 51 46 35 27 24 13 10 6 10 8 3 3 3 4 9 33 30 20 22 24 25 25 20 23 37 49 66 92 122 142 136 109 70 22 5 2 5 23 34 32 34 38 37 34 31 33 40 
27 45 45 30 26 31 42 49 40 30 37 37 37 32 23 20 37 39 20 18 23 20 18 15 10 10 16 12 9 10 7 12 25 17 16 16 17 18 17 27 49 71 85 89 84 73 61 52 47 45 39 15 3 3 14 30 25 30 37 38 37 38 40 40 
24 35 43 32 31 35 40 48 35 27 40 43 35 32 37 37 23 16 11 10 10 9 9 7 6 6 10 12 13 11 7 16 15 17 16 15 14 22 29 40 46 53 50 41 38 41 45 46 46 45 41 28 10 8 15 27 24 29 39 41 41 43 42 39 
13 24 40 33 42 46 45 50 38 42 41 36 33 34 52 28 10 17 25 25 14 5 3 3 4 4 5 6 10 20 16 9 13 11 7 8 13 22 21 25 25 30 34 34 35 38 36 37 39 36 31 17 13 12 11 20 18 17 29 41 42 43 42 41 
8 15 29 26 49 58 54 52 31 39 39 31 38 43 43 28 14 10 15 17 8 2 1 2 2 4 3 3 6 11 13 10 13 12 8 12 20 29 23 23 28 33 38 39 37 34 30 30 29 20 14 11 16 14 11 13 13 10 21 42 44 45 46 46 
12 15 20 24 56 62 49 47 43 32 28 23 41 41 27 25 17 5 3 5 6 2 2 3 3 3 2 2 4 5 10 10 10 12 9 18 35 32 42 57 71 86 91 97 99 103 101 99 67 14 11 8 12 12 12 15 10 8 21 44 45 46 48 48 
12 21 33 30 43 70 62 62 71 54 26 17 32 24 18 19 20 6 3 3 3 3 2 2 3 4 1 1 3 7 12 14 20 18 13 16 26 34 45 50 50 61 74 81 85 95 106 119 66 13 13 8 4 8 13 12 9 11 32 46 45 47 48 47 
17 39 59 47 52 58 58 52 55 64 31 17 18 16 13 16 17 6 2 3 2 3 2 2 3 2 9 4 4 10 17 21 11 9 12 10 21 47 57 44 29 31 39 40 39 39 37 39 30 13 15 10 4 7 16 25 16 20 37 41 43 46 47 48 
53 51 63 49 44 44 54 45 33 59 44 38 39 44 25 29 31 15 2 3 3 5 3 2 3 2 8 5 8 15 33 49 18 6 8 11 15 25 45 50 37 31 28 24 22 25 29 34 34 15 13 10 8 7 20 27 18 31 35 30 35 40 45 48 
44 42 56 47 42 47 57 43 35 53 57 48 46 51 57 31 26 18 7 5 10 15 3 2 3 4 7 15 22 13 23 42 33 13 16 19 24 23 28 39 38 32 23 18 13 14 16 23 28 20 12 7 8 10 25 44 43 39 34 26 26 31 39 44 
48 45 49 49 36 47 48 38 30 34 44 46 50 48 56 40 12 12 17 22 25 28 22 12 13 22 29 35 22 17 21 36 45 23 15 26 34 39 38 43 49 45 39 29 20 16 15 17 20 23 26 25 24 26 35 40 43 43 36 30 26 27 32 38 
34 50 54 55 33 37 46 37 27 27 28 33 37 32 32 57 24 19 25 27 27 32 28 23 32 37 35 26 18 22 20 40 59 39 21 24 33 40 46 47 47 47 52 53 50 39 24 18 22 22 25 29 29 29 31 37 40 40 37 34 33 33 31 31 
45 41 49 51 38 24 37 39 31 22 21 30 35 41 46 64 38 26 31 29 31 27 23 36 40 43 40 24 21 24 23 36 63 37 39 29 25 27 35 39 37 33 27 25 44 71 73 51 42 23 17 21 24 28 32 37 37 35 30 30 33 36 35 32 
58 43 40 43 44 30 22 37 38 24 22 32 48 47 53 53 36 30 41 30 23 20 34 38 39 42 31 19 9 11 19 25 34 22 24 44 41 26 21 24 28 28 29 15 8 24 52 49 36 8 15 21 26 30 35 39 39 34 27 25 27 32 33 33 
57 56 39 33 47 45 26 19 30 23 16 25 48 43 40 34 30 47 33 20 12 28 34 34 37 33 21 13 13 26 34 36 33 34 29 27 34 47 59 52 44 34 37 34 22 16 35 41 29 16 17 19 31 37 39 37 36 34 33 30 28 28 30 32 
50 43 47 30 41 53 35 21 26 37 19 25 33 68 70 70 46 50 41 27 19 24 32 31 26 19 15 11 15 24 35 39 25 38 48 50 30 14 23 35 47 29 37 49 33 21 19 26 19 5 3 7 26 36 38 36 36 35 35 33 32 31 31 33 
38 33 36 39 28 40 39 31 17 33 31 24 27 28 42 45 31 23 36 32 30 32 31 25 18 15 22 24 17 19 23 20 14 27 37 49 40 15 6 6 15 16 11 8 15 23 22 13 5 2 3 10 28 32 31 29 31 32 33 32 32 32 32 33 
36 28 27 29 24 35 38 33 25 24 44 20 22 20 18 22 35 37 25 26 33 41 47 41 45 39 32 32 18 18 21 24 31 39 32 37 41 20 13 18 33 35 32 29 37 36 29 20 16 10 10 22 31 32 31 33 38 40 41 37 33 33 32 35 
40 40 35 31 19 20 21 23 21 16 30 22 14 19 14 31 55 48 32 29 28 29 29 30 51 56 38 30 20 18 23 34 30 26 20 21 25 17 25 38 48 60 65 60 54 46 38 39 46 40 28 19 16 19 26 35 40 42 41 38 35 30 30 31 
29 45 40 40 37 22 18 13 14 16 21 20 11 21 17 43 59 54 47 48 41 29 30 36 43 45 36 23 11 23 24 26 21 13 15 16 12 17 34 42 51 63 76 83 77 62 50 38 32 32 24 9 4 7 18 30 34 31 28 26 25 25 25 25 
27 36 35 29 28 17 18 16 11 14 13 12 12 18 21 37 47 42 30 34 32 22 19 25 30 43 36 20 9 13 18 28 30 15 13 13 9 10 22 34 40 43 51 68 69 61 52 34 22 13 6 4 10 20 28 30 29 26 24 23 24 26 24 23 
38 39 28 37 27 19 22 19 11 9 7 5 5 5 18 42 48 35 25 26 25 16 11 14 15 20 21 11 5 6 12 28 26 22 18 13 15 14 15 20 24 28 40 48 48 39 31 21 15 11 9 11 19 26 31 32 30 29 31 32 34 36 35 32 
43 37 32 36 29 20 12 14 10 8 6 4 5 13 15 25 45 33 31 30 28 16 12 11 13 16 15 8 7 12 19 11 11 21 28 29 31 30 30 23 21 26 29 20 14 11 17 19 14 14 15 13 17 26 32 36 36 36 39 39 40 42 41 38 
59 52 50 37 48 25 23 29 17 10 7 9 15 28 12 9 12 29 40 32 31 23 15 9 15 14 12 12 13 17 22 14 16 21 25 24 24 25 32 35 37 37 31 25 23 23 28 27 22 22 21 20 24 30 34 39 41 45 51 53 49 45 43 44 
37 58 46 45 41 36 29 27 20 18 19 23 16 9 7 7 7 8 26 26 20 23 17 15 10 6 9 13 19 25 25 19 17 19 21 21 20 22 31 41 44 39 32 30 31 33 32 29 28 28 27 27 31 38 41 42 44 59 73 77 68 54 48 47 
13 22 24 43 33 42 21 24 18 13 12 6 5 7 8 7 6 6 21 14 5 10 10 24 36 24 12 5 6 9 8 7 9 10 11 14 15 19 27 36 40 33 28 27 27 29 27 28 27 24 24 27 32 38 42 41 42 55 70 78 72 56 47 45 
18 19 20 20 18 14 10 8 6 5 4 4 6 8 10 9 9 18 34 13 6 10 6 13 44 37 10 5 5 4 3 3 4 4 4 5 5 6 8 11 14 12 18 18 24 26 27 27 23 21 22 22 26 32 36 39 39 39 47 54 50 42 38 38 
22 21 19 20 22 22 20 14 8 6 5 4 4 8 13 9 17 25 36 12 14 9 5 7 14 9 14 17 15 7 8 4 3 3 4 4 4 5 5 5 7 8 8 8 12 15 24 27 28 26 26 23 24 28 34 39 41 36 35 38 38 36 33 37 
20 18 16 18 23 28 27 20 11 9 4 4 4 9 13 7 13 20 32 13 37 30 8 5 14 11 16 17 14 6 9 10 7 4 4 5 5 6 5 6 7 7 7 7 10 12 14 20 29 30 32 28 26 28 35 40 42 38 38 41 41 37 34 38 
17 16 15 16 19 23 22 16 10 10 15 29 12 25 36 29 19 24 25 14 46 61 29 12 13 8 6 8 11 6 7 15 13 10 9 8 8 8 7 9 10 13 14 13 11 13 13 17 18 23 30 33 32 33 33 35 35 33 36 43 43 41 39 41 
23 24 23 24 24 21 21 16 9 39 71 73 39 23 61 52 40 12 31 54 20 12 18 35 46 22 11 8 17 14 7 22 19 15 13 15 16 14 14 16 15 12 12 13 12 12 14 16 20 22 20 27 35 38 36 29 23 21 26 36 39 42 44 44 
27 31 35 39 36 31 29 19 6 20 57 58 44 51 102 102 74 14 52 74 44 10 23 59 70 49 31 14 22 23 9 22 28 21 23 20 28 22 20 21 23 19 18 16 15 18 17 14 18 20 19 22 24 23 36 31 20 14 20 28 34 39 42 42 
29 32 37 41 42 37 32 20 23 79 50 76 145 129 74 78 55 47 129 85 36 52 52 13 37 63 38 13 17 30 20 16 31 24 31 27 17 25 18 19 23 22 22 19 20 20 19 21 24 25 26 24 21 21 25 29 25 20 20 25 30 34 36 36 
29 33 34 34 34 33 29 35 87 105 55 67 97 51 62 130 119 59 78 85 41 106 100 32 20 32 34 15 10 30 31 14 24 29 26 10 8 32 32 24 24 25 26 31 31 25 28 26 29 25 25 24 25 22 30 24 30 35 37 40 42 46 48 46 
29 31 31 29 30 48 34 35 32 51 82 161 107 110 100 33 25 106 108 36 76 86 52 28 10 15 32 17 12 38 55 25 29 32 13 13 11 31 35 34 25 28 27 31 33 32 33 28 32 28 31 28 24 26 25 24 30 44 49 54 57 57 63 68 
26 28 30 28 34 74 65 36 33 106 127 88 114 153 94 57 37 38 86 47 114 105 27 34 30 15 9 10 10 26 43 30 27 35 43 40 25 23 33 37 29 33 34 30 36 29 31 37 33 30 30 30 30 31 32 28 27 36 50 53 52 52 58 69 
22 25 28 28 29 52 48 41 29 96 127 58 109 131 77 108 67 44 128 106 58 89 48 39 67 48 13 5 6 21 32 22 22 56 59 58 47 30 26 43 39 35 36 32 33 38 29 30 36 33 35 33 31 32 33 31 31 29 41 52 46 40 42 53 
18 22 26 26 27 35 42 44 30 58 90 62 143 140 124 152 95 79 136 92 85 121 76 32 43 46 37 15 11 38 21 8 10 28 38 42 49 42 29 29 43 45 40 42 29 37 38 34 32 30 32 35 37 38 39 31 27 26 25 40 40 36 35 37 
22 23 26 31 42 70 78 49 15 53 103 75 55 105 118 81 74 101 111 73 56 67 51 51 44 30 42 28 28 76 70 48 14 20 26 23 30 44 44 38 38 46 48 47 41 27 32 42 42 38 31 29 34 37 40 38 37 31 24 25 32 32 33 33 
28 26 42 39 38 43 82 76 49 34 57 52 32 44 89 83 53 37 48 31 32 65 63 68 60 43 58 63 64 45 49 51 15 19 57 59 41 46 47 50 51 34 43 47 44 41 33 34 46 46 40 39 35 29 31 31 34 34 30 24 23 31 30 30 
21 25 32 39 40 44 54 50 34 25 26 27 25 23 25 16 11 18 22 29 49 89 69 104 107 67 34 44 113 114 51 113 89 21 30 56 36 34 45 38 53 36 40 31 42 50 41 39 40 41 45 45 47 42 33 30 21 28 37 38 34 33 32 30 
23 36 43 45 47 51 48 32 18 18 22 26 27 25 26 25 28 37 38 31 31 55 62 110 96 130 113 31 24 114 52 56 91 41 16 16 9 13 14 18 22 22 28 29 33 40 29 35 37 32 43 35 44 50 28 35 31 28 26 32 30 31 36 40 
37 46 50 50 52 54 49 30 17 20 25 29 28 26 25 26 34 75 57 27 37 122 129 162 96 50 61 36 12 66 69 105 54 50 78 53 29 47 32 24 19 20 20 22 22 23 27 31 33 34 35 37 43 43 34 33 27 36 32 33 25 28 26 39 
41 48 52 54 56 55 45 28 18 20 20 23 25 28 33 33 34 51 49 45 47 111 99 120 95 66 111 105 67 86 58 134 66 47 75 65 54 67 60 35 34 32 29 26 26 28 35 40 40 38 36 40 46 48 47 42 36 35 35 36 38 41 37 42 
48 53 54 56 56 53 43 30 28 31 29 28 34 43 68 57 22 12 20 61 72 40 25 101 133 96 106 105 121 127 68 98 56 25 22 28 56 68 67 55 49 45 39 34 31 32 41 48 48 43 38 43 50 53 57 54 48 42 40 43 45 48 49 47 
47 53 58 56 54 48 36 27 30 31 27 28 39 48 72 53 21 9 26 42 84 55 61 120 103 67 101 136 109 46 87 98 46 42 50 35 34 68 72 63 57 51 44 38 33 35 42 50 49 45 39 41 47 50 55 54 52 46 43 46 49 51 50 48 
46 55 55 50 45 37 24 20 29 35 34 24 19 19 47 62 41 33 30 35 45 41 63 62 75 63 62 81 67 50 46 36 38 49 58 54 48 61 65 61 60 53 46 36 30 35 43 49 48 42 38 40 45 47 52 55 54 50 45 44 46 47 50 52 
50 52 46 36 29 28 25 24 24 27 30 28 24 23 31 34 32 31 34 37 37 51 67 62 42 37 38 82 64 58 41 18 36 39 42 46 48 51 53 54 54 55 51 46 40 39 47 51 48 44 41 42 50 53 54 56 54 48 42 38 37 42 46 49 
34 33 31 30 31 36 33 28 23 21 23 24 22 22 29 33 36 37 38 40 40 43 42 52 52 36 34 42 47 43 31 32 28 38 36 37 34 38 42 47 52 58 56 53 47 42 47 52 51 43 39 39 47 53 55 53 49 42 36 32 32 38 41 44 
19 19 26 33 35 36 37 34 27 19 23 24 25 28 32 34 37 42 43 44 43 41 41 48 53 52 46 41 50 67 60 54 28 37 36 33 29 29 36 42 48 53 54 51 47 43 45 47 45 39 31 28 32 38 43 44 42 39 36 33 34 38 41 42 
19 20 26 35 32 23 24 30 27 19 23 29 27 29 30 30 35 41 46 47 46 43 44 55 58 61 56 43 42 59 59 53 42 37 34 29 25 24 29 36 43 46 46 46 44 42 40 39 37 30 22 19 19 24 32 38 42 41 40 40 41 42 44 42 