


226 224 228 224 162 80 88 108 123 139 155 170 177 185 193 195 200 207 212 215 217 218 219 217 215 218 220 223 225 225 227 228 228 228 230 232 233 233 232 232 232 231 230 231 232 232 233 232 232 231 216 162 139 149 149 150 154 156 155 153 151 151 152 154 
223 226 229 228 184 90 84 104 120 133 150 166 177 185 196 201 204 208 211 214 216 218 220 218 216 220 223 225 226 229 229 231 232 231 232 233 233 233 233 231 232 231 230 231 231 232 232 232 232 232 230 218 208 206 206 207 209 210 209 206 203 205 208 209 
223 227 231 231 205 106 76 93 117 145 163 177 185 193 199 204 208 211 217 222 224 224 226 219 202 221 226 229 231 233 234 235 237 236 235 236 234 230 229 229 228 226 226 228 232 236 237 238 237 237 238 238 235 231 234 235 236 237 236 235 233 233 232 233 
225 226 228 230 217 132 84 82 167 227 234 238 240 240 241 242 243 244 247 248 249 249 249 211 140 190 245 249 251 252 252 252 252 252 252 252 248 226 213 217 211 201 199 205 232 250 252 253 251 252 253 253 249 244 250 252 252 252 252 252 251 250 241 237 
222 221 226 229 221 157 100 74 183 245 248 248 248 249 250 251 251 249 249 250 251 251 249 186 116 115 198 247 250 251 251 252 252 252 251 251 246 213 192 202 197 184 172 186 234 253 254 254 254 254 254 254 252 251 254 254 254 254 254 254 254 250 241 238 
216 217 223 227 223 172 102 60 117 178 186 184 185 182 191 191 199 185 190 193 201 200 207 149 105 98 112 176 188 202 205 202 196 197 194 194 188 180 181 190 196 194 180 198 240 254 254 254 254 254 254 254 254 254 254 254 254 254 254 254 254 245 239 239 
203 219 224 228 226 188 104 51 69 99 101 103 109 101 110 104 110 108 122 119 128 138 178 132 101 93 94 111 135 155 164 160 157 157 158 169 164 177 180 180 182 181 175 195 239 254 254 254 253 250 249 245 251 253 254 254 254 254 254 254 254 244 237 236 
186 222 226 230 229 202 108 46 55 68 68 71 74 68 70 67 69 68 74 74 79 101 166 126 104 91 93 84 94 106 109 121 148 164 168 181 179 198 196 186 183 179 175 204 242 254 254 254 251 231 233 232 242 252 254 254 254 254 254 254 254 246 239 237 
162 215 225 228 228 211 116 44 56 65 67 70 72 68 68 66 67 66 69 70 72 109 158 117 102 89 90 87 80 82 93 128 156 176 186 205 206 217 214 197 186 184 180 210 244 254 254 254 250 227 236 238 241 251 254 254 254 254 254 254 254 247 241 239 
167 215 225 228 229 219 130 58 91 100 99 99 99 96 97 96 94 94 95 93 93 142 151 119 107 100 92 86 83 92 134 172 178 183 178 194 191 201 200 197 191 183 180 196 237 254 254 254 251 236 240 240 241 249 253 254 254 254 254 254 253 246 242 242 
243 234 226 229 230 225 154 163 232 236 235 234 234 233 233 231 230 229 229 227 227 212 136 110 97 91 90 82 91 135 165 177 178 187 173 173 162 183 183 186 182 179 184 187 233 254 254 254 251 237 238 238 241 251 254 254 254 254 254 254 253 245 242 242 
252 238 227 229 230 227 177 205 252 253 253 253 253 253 253 254 254 254 254 254 254 196 121 105 89 86 86 82 112 183 180 174 173 182 174 167 153 169 180 193 183 187 186 192 237 254 254 254 250 232 234 239 249 254 254 254 254 254 254 254 253 243 240 240 
221 222 227 229 230 228 192 156 210 222 217 220 221 224 225 227 226 231 231 231 236 169 121 102 90 87 89 81 102 189 181 168 169 176 162 165 163 172 179 194 181 182 174 186 239 254 254 254 250 231 236 250 254 254 254 254 254 254 254 254 252 242 238 238 
192 199 219 226 229 229 209 150 166 183 174 184 183 187 184 193 186 194 194 202 221 176 129 108 88 84 86 81 101 192 182 159 165 170 160 170 177 176 168 181 175 177 170 185 242 254 254 254 253 249 251 254 254 254 254 254 254 254 254 254 252 241 238 236 
176 172 208 226 230 230 219 165 146 155 162 181 172 164 155 169 160 177 174 186 225 191 131 102 83 80 83 87 106 196 184 154 156 158 160 173 180 173 154 172 172 187 177 193 245 254 254 254 254 254 254 254 254 254 254 254 254 254 254 254 251 240 239 243 
171 152 171 190 203 195 189 159 147 152 154 161 156 158 147 158 152 183 173 182 230 219 155 98 79 77 78 76 94 173 170 158 164 169 175 179 169 156 113 129 161 189 181 199 241 250 254 254 254 254 254 254 254 254 254 254 254 254 254 254 250 240 245 250 
194 173 170 167 184 164 159 150 154 156 151 150 157 172 151 160 160 184 172 193 231 184 118 89 78 67 39 28 39 67 76 73 76 107 132 136 142 128 95 74 104 142 142 109 102 149 185 212 223 230 238 252 254 254 254 254 254 254 254 254 250 242 247 236 
244 240 238 223 203 196 199 191 194 187 180 180 184 192 175 182 186 208 202 221 231 149 98 97 75 56 26 28 41 51 61 67 74 85 96 95 101 103 85 77 98 123 132 67 26 79 93 110 126 134 138 195 248 254 254 254 254 254 254 254 250 243 246 237 
254 254 254 253 250 250 251 249 249 248 247 247 246 243 236 232 224 223 213 237 225 137 101 90 65 52 27 39 59 67 76 85 86 79 79 86 90 98 89 90 104 130 129 79 36 79 86 97 116 113 102 106 193 252 254 254 254 254 254 254 244 239 247 232 
254 254 254 254 254 254 254 254 254 254 252 248 239 230 211 181 158 156 171 222 208 110 88 88 62 54 50 66 76 63 57 55 56 72 87 93 101 102 97 98 106 122 116 89 60 82 87 99 111 110 89 79 115 225 254 254 254 254 253 241 187 147 179 197 
254 254 254 254 254 254 254 251 245 236 230 223 219 207 184 163 151 132 194 221 185 121 82 71 66 49 28 22 19 18 20 22 25 38 65 127 145 143 128 113 114 111 112 96 87 87 97 103 98 96 75 69 82 160 247 242 210 192 153 97 56 35 41 74 
254 254 254 254 253 249 237 226 213 213 217 211 206 191 178 166 142 146 195 217 182 88 74 72 65 36 15 15 16 18 18 17 21 23 33 102 157 167 162 136 114 117 122 101 89 96 95 86 86 75 68 61 65 97 159 104 62 95 65 37 33 29 27 51 
254 254 253 247 235 226 219 213 212 213 205 201 197 182 178 158 142 151 192 220 166 81 77 72 58 35 15 15 16 17 15 15 18 22 26 70 140 146 158 151 129 119 120 98 89 88 83 78 79 69 63 53 54 62 51 28 34 45 29 35 29 30 29 44 
229 221 233 226 225 216 211 214 215 207 199 189 194 182 177 166 130 146 198 224 149 82 68 63 58 36 15 16 18 18 17 16 17 22 26 44 124 144 143 149 145 135 107 94 84 77 74 67 68 63 58 48 48 49 34 35 51 29 22 32 26 30 52 46 
165 146 209 231 220 210 212 211 203 198 189 189 188 183 169 158 116 143 206 217 131 91 72 64 59 32 15 16 21 22 23 24 26 26 26 36 102 136 140 140 135 132 118 87 86 75 69 65 64 62 54 45 44 47 31 24 53 24 18 30 26 26 32 37 
187 139 215 227 215 209 208 200 191 178 186 191 193 177 163 145 134 161 215 192 109 106 82 74 58 29 15 15 18 22 23 25 27 32 26 35 87 133 124 125 121 116 122 106 77 69 67 65 62 59 49 45 45 42 31 20 21 18 17 26 26 25 31 30 
191 144 209 209 198 195 198 185 176 174 185 189 192 177 157 143 149 159 210 171 98 87 77 70 57 28 15 15 15 19 21 26 25 30 28 29 66 122 112 113 112 100 98 103 88 68 67 64 60 56 48 46 44 41 33 23 15 15 18 26 25 25 33 28 
167 131 193 194 184 179 180 175 171 177 177 183 176 169 150 140 143 159 216 157 112 91 76 62 53 29 15 15 15 16 19 21 22 23 26 24 50 105 97 91 92 90 92 98 98 79 65 62 59 56 49 45 43 41 36 25 15 17 27 28 24 28 29 27 
137 113 175 183 178 172 171 161 164 174 176 169 170 162 142 137 127 175 181 113 92 84 75 56 58 33 15 15 15 16 18 21 22 22 22 22 50 98 86 83 88 88 89 95 97 92 73 61 57 53 47 45 42 36 26 16 15 18 31 28 23 29 26 27 
144 111 173 183 179 166 169 161 163 165 165 164 163 149 152 135 133 187 165 105 93 80 72 57 56 33 15 15 15 16 18 20 21 21 21 22 58 87 82 84 85 84 87 93 91 91 81 67 53 51 48 46 33 19 16 16 17 20 30 26 23 27 23 24 
152 106 181 178 177 168 165 160 158 159 159 158 148 143 138 133 132 176 141 108 98 83 69 61 56 34 15 15 15 16 18 19 20 21 21 24 66 83 79 81 84 80 80 83 80 76 74 73 59 54 48 34 19 15 17 19 18 25 28 22 25 25 22 23 
155 91 164 178 169 137 144 151 154 158 155 149 143 140 135 127 138 158 123 107 88 80 64 60 59 39 16 15 15 16 18 19 20 21 20 28 74 82 78 79 80 78 76 79 78 75 75 82 77 51 29 19 16 18 21 20 17 24 25 23 31 27 26 30 
140 73 162 180 160 144 146 142 151 158 156 145 149 137 132 134 143 141 123 112 93 83 74 60 55 41 17 15 15 16 17 18 20 19 22 42 78 81 78 77 75 77 75 80 78 72 62 52 36 24 18 18 16 23 22 20 19 25 23 26 32 25 27 29 
119 63 177 181 144 141 140 145 151 153 152 146 139 128 141 132 135 139 119 109 97 80 85 65 55 44 18 15 15 15 17 18 19 19 52 80 77 79 72 75 79 72 61 47 33 22 17 17 23 24 20 18 24 27 18 20 23 25 24 27 26 22 34 52 
58 38 147 186 136 132 132 135 144 152 152 152 133 131 129 134 138 146 124 111 101 88 80 61 53 42 20 15 15 15 17 17 18 28 96 76 71 68 57 49 40 29 23 20 19 18 19 23 23 22 21 23 26 20 17 24 42 24 34 31 25 21 28 39 
29 32 123 196 142 133 132 126 139 149 158 160 143 141 127 123 133 152 128 116 94 78 68 76 61 46 23 15 15 15 17 17 19 55 82 35 30 25 25 21 18 18 20 24 27 24 24 25 22 20 25 27 25 18 17 23 28 23 30 34 26 23 26 39 
92 95 157 190 157 139 143 136 140 151 160 162 148 133 129 124 128 153 131 128 102 77 63 59 57 49 28 15 15 15 16 18 26 81 42 17 20 20 22 22 26 26 26 26 25 23 21 19 20 23 26 25 22 18 18 26 24 24 26 25 25 27 27 27 
228 228 235 230 191 157 162 159 154 159 163 172 161 139 125 113 131 155 145 128 92 75 65 61 56 49 38 16 15 15 15 16 30 55 21 19 22 23 26 27 25 25 24 24 21 19 20 18 21 25 24 21 17 16 20 27 27 26 27 34 28 30 28 27 
254 254 254 254 231 175 176 173 171 169 170 173 165 143 124 110 124 162 138 115 99 79 77 61 52 49 42 20 15 15 15 19 59 42 21 23 22 24 28 26 24 23 19 21 21 18 17 22 26 24 22 20 21 22 21 26 26 27 25 28 31 32 29 29 
254 254 254 254 251 200 170 175 172 173 176 180 165 147 124 112 119 159 138 117 98 85 71 64 52 50 42 24 21 20 17 25 56 26 22 22 25 27 24 20 22 23 22 21 16 18 24 26 24 22 20 20 19 21 25 25 30 27 24 24 29 27 27 45 
254 253 253 253 253 234 177 169 174 173 171 174 163 147 132 114 108 152 143 122 102 81 69 59 51 53 45 24 24 25 19 22 26 25 31 27 25 21 19 23 25 24 24 25 25 38 26 24 22 22 22 21 17 22 37 25 26 26 25 25 26 27 38 49 
245 226 225 225 223 221 189 158 163 167 162 159 156 142 137 118 103 150 137 127 103 83 66 58 57 57 49 28 16 15 16 19 24 28 25 24 27 24 23 25 24 25 29 29 28 26 24 22 20 21 22 19 20 22 26 23 26 26 26 26 27 30 55 62 
196 187 173 163 156 168 176 171 159 161 157 154 149 146 136 112 108 154 147 118 100 74 65 63 59 58 51 43 20 15 15 17 24 27 25 26 27 25 24 27 27 31 44 28 30 26 24 23 22 24 23 17 20 24 22 25 26 25 27 27 26 31 38 44 
144 150 143 143 131 148 159 164 165 157 157 151 149 148 127 118 109 149 151 120 102 75 67 64 62 61 54 42 23 15 15 17 21 25 25 26 29 31 29 27 27 28 33 29 29 36 27 26 23 18 16 16 21 22 22 26 25 24 26 29 27 30 34 32 
136 136 135 153 134 134 142 142 164 157 150 153 149 144 131 122 118 142 158 127 102 77 78 69 67 65 56 44 24 16 15 15 16 20 26 27 30 44 30 26 25 25 25 31 32 39 25 22 18 21 17 16 23 22 23 28 33 27 26 27 28 26 23 17 
134 139 139 160 140 136 141 140 143 157 153 147 147 142 143 135 129 136 165 129 101 88 80 71 72 59 57 46 32 16 15 17 19 16 25 48 28 30 26 26 25 24 25 32 25 23 19 19 23 25 18 38 33 27 28 28 31 29 29 28 30 25 17 15 
127 142 136 142 136 147 146 144 139 147 161 144 144 143 150 144 140 143 165 135 106 91 72 75 72 66 65 52 42 19 15 17 19 16 15 27 29 16 23 31 23 19 21 30 32 33 22 25 20 16 25 92 29 27 33 39 26 35 29 28 33 24 15 15 
122 130 130 133 132 145 142 143 139 140 152 155 161 156 156 157 156 156 173 146 120 97 75 78 67 66 62 57 50 28 15 15 17 18 21 16 17 16 23 31 32 23 41 57 53 33 22 18 16 19 72 150 33 22 23 32 32 40 31 32 31 17 15 17 
144 135 134 149 144 147 141 146 145 138 127 134 147 149 165 168 171 174 183 161 132 103 84 82 71 65 62 57 54 43 18 15 19 25 20 15 15 15 17 25 31 41 59 69 66 50 33 32 28 77 191 179 40 21 25 41 35 44 56 31 22 15 15 20 
162 147 125 131 130 140 136 141 134 139 130 127 128 127 132 126 132 134 147 164 146 110 86 74 81 74 72 63 58 51 29 16 17 17 16 16 16 28 56 85 74 83 139 197 212 201 199 191 176 215 242 228 92 28 32 26 31 60 87 26 16 15 16 23 
155 147 130 121 125 142 140 135 125 147 146 133 122 121 129 130 136 127 133 161 146 114 96 81 75 68 69 68 63 60 47 23 22 20 20 34 64 110 121 132 123 142 220 253 254 254 254 246 239 242 249 253 221 129 109 105 73 85 124 31 16 19 22 44 
154 142 139 130 123 124 129 137 128 147 139 132 125 121 126 125 141 129 126 146 155 119 105 91 79 72 73 67 65 69 65 46 39 46 64 131 134 139 124 128 131 162 232 254 254 254 254 244 239 250 254 254 254 250 248 247 226 160 67 20 18 42 38 91 
151 144 152 141 134 126 128 145 135 143 137 142 133 126 130 126 141 132 130 133 166 135 104 91 82 69 69 72 65 68 70 67 57 59 80 150 148 144 131 137 145 185 240 254 254 254 254 251 252 254 254 254 254 254 254 254 254 238 139 60 37 106 143 95 
125 121 138 136 148 138 134 149 137 132 126 136 127 125 127 120 127 124 130 128 153 154 113 96 90 75 63 66 62 68 74 72 67 66 86 146 145 141 134 141 143 200 246 254 254 254 254 254 254 254 254 254 254 254 254 254 254 254 249 222 150 140 200 171 
134 122 127 129 149 140 140 158 147 133 125 138 129 130 130 124 127 127 140 134 139 163 134 95 93 89 77 65 63 70 75 74 76 76 88 129 144 140 135 140 140 193 246 254 254 254 254 254 254 254 254 254 254 254 254 254 254 254 254 253 238 192 192 193 
157 145 145 130 133 129 140 144 135 130 125 147 146 148 142 138 143 134 141 135 145 149 151 113 89 94 83 67 59 61 68 75 76 84 104 137 136 132 131 139 145 193 244 254 254 254 254 254 254 254 254 254 254 254 254 254 254 254 254 253 243 231 181 174 
223 221 222 213 209 207 209 209 205 202 198 207 210 210 203 200 204 196 196 191 199 193 197 150 101 89 82 68 61 70 70 77 79 81 114 141 140 140 142 158 170 208 246 254 254 254 254 254 254 254 254 254 254 254 254 254 254 254 254 253 244 241 230 180 
254 254 254 254 254 254 254 254 253 253 253 253 253 253 253 253 253 252 252 252 252 252 251 209 139 91 78 77 73 71 71 67 76 80 115 141 157 158 146 149 154 199 247 254 254 254 254 254 254 254 254 254 254 254 254 254 254 254 254 252 232 223 223 203 
254 254 254 254 254 254 254 254 254 254 254 254 254 254 254 254 254 254 254 254 254 254 254 249 180 117 90 69 65 71 72 70 79 85 142 147 161 160 145 140 146 199 248 254 254 254 254 254 254 254 254 254 254 254 254 254 254 254 254 249 199 168 165 162 
254 254 254 254 254 254 254 254 254 254 254 254 254 254 254 254 254 254 254 254 254 254 254 254 244 164 105 94 80 70 72 77 79 95 143 140 141 133 136 139 152 206 249 254 254 254 254 254 254 254 254 254 254 254 254 254 254 254 254 248 175 128 113 94 
253 247 249 253 254 254 254 254 254 254 254 254 254 254 254 254 254 254 254 254 254 254 254 254 254 240 162 107 95 82 68 64 75 105 155 141 141 126 139 149 159 213 250 254 254 254 254 254 254 254 254 254 254 254 254 254 254 254 254 248 176 108 60 36 
249 206 225 252 254 254 254 254 254 254 254 254 254 254 254 254 254 254 254 254 254 254 254 254 254 254 246 189 122 99 87 74 76 94 160 133 153 134 132 144 149 207 251 254 254 254 254 254 254 254 254 254 254 254 254 254 254 254 254 249 188 86 33 21 
249 200 232 248 249 249 249 250 251 252 252 253 254 254 253 253 253 254 254 254 254 254 254 254 254 254 254 252 233 179 124 113 102 116 146 127 150 138 126 135 148 213 251 254 254 254 254 254 254 254 254 254 254 254 254 254 254 254 254 250 185 63 23 17 
246 193 230 205 176 162 165 160 162 186 199 203 240 251 217 207 211 214 209 198 205 212 220 250 254 254 254 254 254 251 209 166 148 135 130 122 135 127 134 139 160 221 252 254 254 254 254 254 254 254 254 254 254 254 254 254 254 254 254 249 183 59 20 16 


231 229 234 230 163 67 67 83 97 115 133 147 158 170 178 182 190 199 207 213 215 218 219 216 211 213 214 218 219 221 222 224 224 225 228 230 232 233 234 234 235 235 233 236 236 236 236 236 235 234 218 161 122 115 114 116 120 122 121 116 113 113 115 117 
230 232 235 233 187 79 64 80 94 110 128 146 158 170 182 190 194 200 206 211 214 216 219 219 214 217 220 222 223 225 227 230 231 231 232 234 234 235 236 236 236 236 235 236 237 238 237 237 236 236 235 224 212 209 208 208 211 213 212 206 202 205 209 211 
230 234 237 238 210 98 58 71 93 118 138 155 166 173 182 188 194 200 209 215 218 220 222 215 193 215 221 223 226 229 231 234 235 235 235 236 236 235 235 235 235 234 234 236 237 239 240 241 240 241 244 243 238 233 235 236 237 238 238 237 234 234 234 234 
231 233 236 238 224 127 67 64 140 205 216 221 224 226 228 229 232 233 237 240 242 241 241 191 109 168 236 242 246 249 249 249 249 250 249 249 247 240 235 237 237 236 235 236 239 248 251 252 248 251 254 254 244 228 241 249 249 249 249 248 247 239 225 220 
230 229 234 237 230 154 82 63 181 249 252 252 252 253 253 253 253 253 253 253 254 253 249 158 81 81 187 251 253 254 254 254 254 254 254 253 252 243 236 239 241 241 238 236 240 253 254 254 251 253 254 254 241 232 250 254 254 254 254 254 252 230 207 200 
227 227 233 236 232 175 86 55 155 230 235 235 235 235 237 237 239 236 238 238 240 240 219 115 69 62 89 206 239 242 244 244 243 243 243 243 242 239 236 238 242 243 241 239 242 253 254 254 252 252 253 253 252 253 254 254 254 254 254 254 252 224 205 202 
216 228 232 236 235 194 92 47 107 166 169 172 174 172 177 175 176 178 188 187 192 198 174 92 62 58 62 120 191 220 225 226 233 235 237 239 238 238 235 237 241 242 240 238 241 253 254 254 251 243 240 227 240 251 254 254 254 254 254 254 252 223 201 198 
199 229 234 239 238 209 101 42 81 113 115 118 120 116 117 116 116 117 121 123 126 139 141 85 65 57 60 68 139 162 166 189 228 236 238 239 239 241 239 239 241 241 239 239 243 253 254 254 245 206 203 191 209 239 254 253 253 254 254 254 252 226 202 195 
180 223 231 237 237 220 114 43 82 106 109 112 113 110 109 110 110 108 108 111 113 134 125 76 63 56 58 61 103 127 148 199 233 238 241 243 243 244 243 241 241 241 240 240 244 253 254 254 242 194 205 201 207 236 250 249 253 254 254 254 252 225 204 199 
185 222 231 236 238 228 133 59 116 136 136 134 134 132 132 131 130 130 129 127 127 152 112 74 64 63 60 59 90 136 193 231 239 239 239 242 241 240 240 241 241 240 240 235 239 253 254 254 242 204 213 209 212 231 247 253 254 254 254 254 251 223 207 207 
247 239 232 237 238 232 160 163 237 242 242 241 240 239 239 238 237 237 236 235 234 202 96 71 59 58 58 54 85 181 227 238 239 240 239 238 236 238 238 239 239 239 238 228 235 253 254 254 239 202 206 208 216 242 253 254 254 254 254 254 250 220 209 209 
254 245 233 237 238 234 186 210 254 254 254 254 254 254 254 254 254 254 254 254 253 175 83 64 54 54 56 54 99 217 237 237 238 238 237 234 233 234 237 240 240 241 240 229 238 253 254 254 239 192 197 211 240 253 254 254 254 254 254 254 248 212 200 203 
249 240 232 235 237 236 202 190 245 251 250 250 250 251 251 251 251 252 252 252 246 138 80 62 55 55 59 53 91 222 240 238 239 238 236 234 234 234 236 241 241 241 239 230 241 254 254 254 239 190 205 241 254 254 254 254 254 254 254 254 246 206 192 192 
242 234 229 231 235 236 219 201 235 242 242 242 242 242 242 243 243 245 245 246 232 135 85 64 53 54 57 52 87 227 244 239 240 239 238 238 239 236 235 240 241 241 240 232 244 254 254 254 248 237 247 254 254 254 254 254 254 254 254 254 244 201 188 186 
238 228 227 235 239 239 232 221 232 234 237 240 237 234 234 238 237 238 239 241 228 149 83 64 51 50 55 57 89 228 243 238 237 238 239 239 236 207 190 230 240 243 241 232 246 254 254 254 254 254 254 254 254 254 254 254 254 254 254 254 241 197 192 213 
237 229 226 233 238 236 232 228 231 230 231 235 234 232 229 233 233 239 237 238 222 192 121 64 49 49 52 51 75 199 225 232 229 229 229 206 141 81 47 134 221 234 227 220 239 249 254 254 254 254 254 254 254 254 254 254 254 254 254 254 239 196 219 246 
241 236 233 231 237 234 231 229 233 232 230 232 234 235 230 233 235 239 237 239 210 155 89 54 48 42 29 22 30 57 72 84 76 86 86 64 55 46 30 37 73 92 86 73 85 109 157 193 204 213 231 252 254 254 254 254 254 254 254 254 238 203 232 236 
250 249 247 241 235 238 239 236 237 236 235 235 236 238 234 236 238 241 239 240 204 108 58 56 45 35 19 20 27 34 37 34 29 29 30 30 33 33 29 28 30 36 50 28 18 30 34 41 48 55 79 171 247 254 254 254 254 254 254 254 236 207 233 228 
254 254 254 252 250 251 251 251 250 249 248 248 248 246 235 223 210 205 195 224 194 92 57 53 39 32 21 27 37 40 43 38 32 28 27 28 30 32 29 28 34 51 54 32 21 27 29 30 34 34 36 57 176 251 254 254 254 254 254 254 225 202 230 223 
254 254 254 254 254 254 254 254 254 254 252 241 218 192 159 123 102 103 118 183 168 70 54 56 36 32 32 43 50 47 46 42 39 40 32 33 34 32 31 31 36 47 42 33 27 28 29 31 35 36 32 35 82 219 254 254 254 254 253 247 187 132 171 168 
254 254 254 254 254 254 254 249 234 211 193 176 163 145 120 102 91 83 136 184 140 88 56 43 38 30 21 19 17 18 20 24 29 44 44 51 54 56 51 40 42 42 43 33 30 29 34 38 35 34 28 29 45 136 246 249 236 230 208 181 132 68 77 139 
254 254 254 254 253 243 216 185 157 153 160 151 146 130 116 108 86 93 139 183 140 55 45 43 38 25 15 15 16 17 17 18 23 26 38 66 53 57 60 50 41 45 52 35 28 31 32 29 30 27 26 26 32 65 168 153 133 176 146 133 125 88 73 143 
254 254 253 239 205 183 164 156 154 156 147 140 136 120 119 104 90 100 144 184 120 48 46 42 35 25 15 15 16 17 15 15 18 24 30 61 50 39 48 42 36 40 43 30 27 27 27 27 27 26 25 24 26 35 51 50 82 96 68 97 99 100 70 117 
230 214 212 183 171 158 154 157 156 148 141 129 135 122 118 113 84 94 152 185 100 49 41 38 35 25 15 16 19 18 16 15 18 26 30 45 49 36 38 39 33 37 33 29 26 26 26 25 26 25 25 24 24 25 23 61 111 54 39 89 60 76 110 128 
177 127 162 182 164 152 154 153 146 140 132 131 132 127 113 106 74 93 163 173 83 53 42 39 36 22 15 16 22 25 19 20 27 32 33 45 37 33 41 39 31 29 29 27 29 26 26 25 25 25 24 24 23 24 20 27 59 37 27 85 55 50 79 111 
201 128 175 175 160 154 154 147 136 123 131 137 140 125 111 94 84 111 176 155 67 65 50 45 35 21 15 15 18 24 22 24 30 43 33 48 38 32 32 32 30 28 27 27 27 26 26 25 25 25 24 24 23 22 20 17 18 22 25 62 54 46 89 89 
205 142 172 157 141 139 146 134 124 120 128 134 140 127 106 93 100 110 167 135 60 53 47 42 34 21 15 15 16 19 23 31 31 40 36 39 31 29 28 28 28 27 27 27 26 26 25 25 25 25 24 24 23 23 21 17 15 15 32 58 43 55 98 75 
181 132 159 142 132 129 128 121 119 124 122 129 127 120 101 91 95 117 172 118 72 57 48 38 33 21 15 15 15 16 19 22 25 29 33 29 25 27 27 27 27 27 27 27 27 26 25 25 25 25 24 23 23 23 22 18 15 20 57 59 35 78 82 65 
145 115 143 135 127 122 121 109 110 118 124 118 119 110 95 88 79 135 132 70 57 50 45 34 35 23 15 15 15 16 17 23 26 26 25 23 23 27 27 26 27 27 27 29 27 27 26 25 25 24 24 23 23 21 18 15 15 26 76 57 36 82 55 52 
154 114 146 136 132 118 119 108 109 112 111 113 115 97 98 86 86 151 115 64 56 45 42 34 33 23 15 15 15 16 17 20 21 21 22 21 24 26 26 27 27 26 27 29 27 27 27 26 24 24 24 24 20 17 15 19 21 32 72 47 47 67 41 45 
166 107 153 140 133 123 117 108 104 105 107 107 97 94 88 84 86 138 93 65 58 48 39 37 34 23 15 15 15 16 18 20 19 21 21 22 25 26 26 26 26 26 26 27 27 26 26 26 25 24 24 22 18 16 19 28 25 54 62 35 62 52 33 42 
167 92 138 139 130 106 102 102 103 104 102 99 92 90 85 79 93 120 79 65 51 45 36 37 36 25 15 15 15 16 17 18 21 21 20 21 26 27 27 26 26 26 26 26 26 26 26 26 26 24 20 19 17 25 30 34 24 52 47 44 70 46 40 65 
152 77 152 149 124 113 107 101 106 107 102 94 98 87 81 85 100 106 80 65 54 48 44 37 34 26 15 15 15 16 17 17 19 19 22 29 26 27 26 26 26 26 26 27 26 25 23 21 20 20 19 18 20 43 34 34 36 60 37 65 62 37 45 66 
129 65 172 156 103 98 99 107 115 113 102 95 87 79 92 82 92 103 75 63 56 47 51 40 34 29 16 15 15 15 16 17 18 18 49 54 26 26 26 26 26 26 25 23 20 16 16 19 31 32 23 21 49 54 24 32 50 51 46 66 48 31 60 103 
62 38 146 170 97 89 91 97 110 119 112 104 86 83 81 82 95 108 79 65 58 50 47 37 33 28 17 15 15 15 16 17 18 28 83 40 26 25 25 30 31 31 26 21 23 24 26 32 34 28 28 44 49 29 20 39 75 39 70 64 44 29 55 90 
29 32 128 190 103 90 90 90 102 115 124 116 96 92 78 74 92 113 83 69 54 45 40 49 39 29 18 15 15 15 16 17 20 51 70 22 22 23 29 26 21 23 29 39 51 42 38 38 32 28 50 59 38 22 20 40 48 41 70 61 41 40 55 93 
94 98 163 192 122 93 100 97 102 115 124 126 101 85 79 74 89 118 86 77 59 44 36 35 37 32 21 15 15 15 16 17 29 73 38 17 22 23 27 31 45 46 47 46 45 37 29 26 28 43 62 39 27 23 24 59 40 47 56 39 41 58 64 77 
227 226 234 228 165 109 113 114 111 118 124 135 118 90 78 68 91 122 98 77 53 42 38 37 35 32 26 16 15 15 15 16 29 48 21 23 28 29 38 45 43 44 46 42 30 27 29 25 38 51 38 24 17 17 31 58 50 63 46 55 52 67 71 78 
254 254 254 254 223 139 127 125 124 123 125 133 123 94 75 66 84 127 98 70 57 44 44 38 33 31 28 17 15 15 16 19 52 40 24 31 28 32 50 48 42 38 26 28 32 25 22 42 53 35 26 20 20 22 39 49 53 65 39 45 58 74 78 86 
254 254 254 254 250 173 126 127 124 126 129 136 123 98 76 67 78 132 101 72 58 48 41 38 33 32 28 19 19 18 17 25 52 27 29 33 42 56 46 29 31 32 29 27 19 27 50 51 34 26 23 22 18 22 54 43 69 60 39 40 56 62 71 111 
254 254 254 254 253 227 144 124 128 124 124 126 117 100 85 68 67 123 105 75 60 47 40 36 33 34 30 19 20 21 18 22 28 38 56 47 39 30 26 33 40 33 28 40 45 72 48 33 24 22 24 23 18 32 66 47 62 52 44 45 51 61 91 121 
252 247 248 248 248 246 187 124 120 122 118 112 108 95 90 70 63 123 104 78 61 47 38 36 36 36 32 21 16 15 16 20 37 50 42 36 47 40 34 37 34 39 53 67 64 45 34 28 23 25 27 20 21 35 41 43 57 49 49 46 55 77 119 125 
243 240 238 236 234 237 229 166 124 120 114 107 103 101 88 68 65 126 116 72 60 42 37 38 37 37 33 28 18 15 15 18 36 47 44 43 47 43 41 50 53 63 80 58 54 38 33 34 34 36 29 17 21 43 33 52 52 46 56 54 54 86 102 80 
233 233 232 231 228 233 235 222 156 122 115 106 106 102 83 74 65 119 124 76 60 43 38 37 39 39 35 27 19 15 15 18 31 41 42 46 58 69 61 55 54 52 52 49 48 54 42 45 33 23 17 16 27 38 35 62 52 44 54 64 67 93 76 47 
232 229 229 233 229 229 231 230 202 136 117 112 102 98 88 76 71 105 133 84 61 44 44 40 41 41 36 28 19 16 15 15 18 27 39 47 58 78 59 46 42 41 40 51 51 58 41 34 22 30 19 16 35 37 44 72 74 53 54 61 80 68 37 19 
231 231 231 235 230 229 231 230 228 177 125 110 104 99 100 90 83 97 137 88 59 50 45 43 45 38 37 29 23 15 15 16 19 16 25 48 39 45 46 46 46 41 41 50 40 33 26 24 37 36 17 36 56 51 60 69 70 68 64 68 83 45 18 15 
227 231 230 230 229 231 233 231 228 219 157 109 106 103 107 101 95 101 137 99 64 52 40 43 44 42 42 34 27 17 15 17 20 17 15 24 26 17 33 50 38 25 23 27 28 33 32 38 26 17 23 89 47 44 66 81 56 71 62 78 73 33 15 15 
228 228 229 227 228 231 232 231 229 230 218 164 142 127 123 121 119 119 147 113 76 56 42 45 40 41 38 36 32 21 15 15 18 17 19 16 16 17 31 43 36 26 36 48 51 42 29 23 17 17 66 141 50 33 49 81 71 74 65 77 50 18 15 17 
233 231 230 231 230 231 232 233 232 230 228 227 219 202 194 188 178 173 179 137 87 61 49 48 43 40 39 37 35 29 16 15 17 21 20 16 15 15 21 30 38 45 57 73 77 58 38 41 30 69 172 167 52 26 47 72 68 76 87 60 28 15 15 20 
239 236 229 227 228 230 230 231 231 232 230 230 228 228 228 226 227 227 227 159 107 67 50 44 56 56 53 47 38 34 22 15 16 17 16 16 16 43 96 139 130 117 143 200 217 205 201 184 159 193 216 215 99 37 73 46 39 91 93 36 16 15 16 22 
237 235 231 225 226 230 231 229 229 234 233 230 226 227 228 228 228 226 229 189 112 73 59 48 52 46 51 53 45 43 33 19 18 18 20 48 106 184 219 227 223 201 215 251 254 254 253 225 205 217 236 251 222 142 153 139 94 124 99 27 17 19 22 46 
235 233 233 230 226 225 230 231 230 233 232 231 229 229 227 227 231 230 229 219 139 82 67 54 53 45 52 53 46 51 43 33 29 35 57 189 227 231 226 226 225 210 226 252 254 254 253 224 213 242 253 254 254 251 250 250 232 186 84 19 18 42 39 94 
233 233 234 233 230 225 229 232 230 230 231 233 231 229 227 227 232 232 229 229 185 103 64 54 50 42 43 57 49 51 48 46 41 42 67 206 234 232 230 229 228 218 233 253 254 254 253 244 249 254 254 254 254 254 254 254 254 242 161 76 56 118 149 108 
227 228 230 231 234 230 230 233 231 228 229 231 228 227 227 227 228 229 229 229 220 136 79 61 56 45 39 47 45 51 51 49 47 47 70 201 233 233 232 231 228 227 240 253 253 254 253 253 254 254 254 254 254 254 254 254 254 254 251 229 163 158 200 157 
229 227 227 228 234 232 232 235 235 231 229 230 229 230 230 228 227 229 231 230 230 190 102 61 58 53 47 43 44 53 53 50 52 53 71 182 230 231 231 230 228 224 240 252 252 254 254 254 254 254 254 254 254 254 254 254 254 254 254 248 206 170 191 151 
230 229 229 226 226 227 229 229 229 228 227 230 231 231 230 230 231 229 229 228 231 220 142 79 55 58 51 42 40 44 49 50 51 58 98 220 231 228 229 230 229 220 239 254 254 254 254 254 254 254 254 254 254 254 254 254 254 254 254 248 207 191 175 145 
244 244 245 243 241 241 241 241 240 240 240 241 242 242 239 239 240 238 236 235 238 237 211 120 70 54 50 43 40 49 50 50 53 55 120 226 232 231 232 235 235 224 241 254 254 254 254 254 254 254 254 254 254 254 254 254 254 254 254 248 206 194 199 163 
254 254 254 254 254 254 254 254 254 254 254 254 254 254 254 254 254 254 254 254 254 254 252 196 105 60 48 49 50 47 48 44 50 53 139 232 237 237 234 233 231 221 241 254 254 254 254 254 254 254 254 254 254 254 254 254 254 254 254 246 187 169 170 171 
254 254 254 254 254 254 254 254 254 254 254 254 254 254 254 254 254 254 254 254 254 254 254 249 163 82 58 43 41 48 50 46 51 61 183 237 240 237 233 231 229 221 243 254 254 254 254 254 254 254 254 254 254 254 254 254 254 254 254 243 157 120 117 122 
254 254 254 254 254 254 254 254 254 254 254 254 254 254 254 254 254 254 254 254 254 254 254 254 242 144 72 59 53 47 48 52 51 80 211 235 234 231 232 232 229 220 244 254 254 254 254 254 254 254 254 254 254 254 254 254 254 254 254 242 139 91 80 68 
254 248 250 254 254 254 254 254 254 254 254 254 254 254 254 254 254 254 254 254 254 254 254 254 254 239 143 73 61 51 44 42 49 100 225 234 231 225 230 234 230 222 245 254 254 254 253 254 254 254 254 254 254 254 254 254 254 254 254 242 140 77 45 28 
252 217 228 253 254 254 254 254 254 254 254 254 254 254 254 254 254 254 254 254 254 254 254 254 254 254 245 176 95 67 58 48 50 85 218 232 233 223 224 232 227 220 246 254 254 254 253 254 254 254 254 254 254 254 254 254 254 254 254 243 150 64 26 18 
252 209 226 244 247 248 248 248 249 251 252 252 253 254 253 253 253 253 253 253 254 254 254 254 254 254 254 252 230 166 97 84 77 146 230 232 233 226 222 227 222 223 247 254 254 254 254 254 254 254 254 254 254 254 254 254 254 254 254 243 148 49 20 16 
250 200 220 196 165 153 156 152 152 175 191 198 238 251 217 206 210 213 209 198 205 212 220 251 254 254 254 254 254 251 212 164 155 218 233 232 230 227 228 228 223 223 247 254 254 254 254 254 254 254 254 254 254 254 254 254 254 254 254 242 145 47 18 15 


229 225 232 226 149 49 45 54 64 81 96 112 124 137 146 152 162 174 186 192 194 197 200 198 192 194 197 200 203 206 209 212 212 215 220 224 227 228 230 230 232 232 230 233 235 235 235 235 234 233 214 154 118 118 117 118 121 123 121 117 113 113 115 116 
226 228 233 231 175 61 42 52 62 76 94 111 123 138 153 162 168 176 184 190 193 195 199 200 195 199 204 208 211 214 218 223 225 225 227 230 231 232 232 232 234 233 232 235 235 237 236 235 235 236 236 224 211 207 207 206 207 209 209 201 193 197 202 203 
226 231 235 235 202 80 40 46 60 80 100 117 128 138 147 156 164 172 183 191 195 196 200 191 169 193 203 207 212 217 221 226 228 227 228 230 230 231 231 231 231 230 230 235 235 236 237 238 237 239 242 241 236 228 230 230 231 232 234 232 225 226 227 228 
228 230 234 236 218 107 46 43 102 166 180 187 191 194 198 201 205 206 213 219 221 220 219 157 75 137 212 222 233 240 239 240 242 242 241 240 237 229 226 228 229 228 227 228 226 235 245 247 237 245 253 252 231 199 222 235 237 237 236 234 231 218 198 189 
224 226 232 236 226 136 58 45 151 229 235 236 238 241 243 245 245 241 242 245 247 246 236 121 49 51 161 234 246 250 250 251 251 251 250 250 244 230 221 224 229 229 226 223 219 243 254 253 237 247 254 253 218 193 235 251 253 253 251 248 236 192 151 140 
219 222 229 234 229 159 63 40 136 214 220 221 220 220 223 224 225 222 223 223 225 225 193 76 39 36 62 188 224 230 233 232 231 231 232 232 229 226 221 224 231 232 228 225 221 247 254 254 241 243 250 246 243 247 253 254 254 254 254 254 246 182 149 145 
208 224 229 234 233 183 71 35 93 151 155 157 157 156 161 159 159 162 171 170 174 178 138 56 34 34 37 98 172 203 209 212 221 222 225 228 227 226 221 223 230 231 229 224 219 247 254 254 242 224 219 192 212 241 253 254 253 254 254 254 249 184 146 143 
193 226 232 238 237 202 82 32 71 103 106 108 107 103 104 104 103 104 109 111 113 121 100 50 35 33 36 47 122 143 147 170 214 223 225 227 227 229 225 225 230 230 228 225 221 248 254 254 230 160 153 131 149 206 248 242 241 253 254 254 248 186 142 135 
172 219 229 235 236 215 100 33 72 96 98 102 101 97 96 97 97 96 96 100 101 113 84 43 34 32 35 38 86 112 132 183 219 226 229 232 232 233 230 228 229 229 228 226 223 249 254 254 224 141 149 138 147 201 230 230 249 254 254 254 247 183 144 138 
175 217 229 235 237 224 122 48 103 122 122 121 120 119 117 116 115 115 115 112 111 126 72 39 34 35 35 37 72 118 176 218 227 227 229 231 229 228 227 230 230 227 227 220 216 248 254 253 220 150 158 150 155 194 230 250 254 254 254 254 245 179 148 146 
243 234 230 235 236 229 151 147 230 236 236 235 234 233 232 231 230 230 229 227 226 178 57 40 32 33 35 34 65 159 211 226 228 229 227 227 223 225 226 227 227 225 225 210 210 246 253 252 212 143 148 149 166 221 251 254 254 254 254 254 242 174 150 152 
253 240 230 235 236 232 176 197 252 253 254 254 254 254 254 254 254 254 254 254 253 151 48 34 31 32 35 34 79 199 224 224 225 225 223 221 218 221 224 228 228 229 228 210 214 249 254 253 215 132 138 159 218 251 254 254 254 254 254 254 238 159 137 140 
241 231 230 233 236 233 196 175 236 243 243 243 243 244 243 244 244 245 245 245 235 103 44 32 31 34 37 34 74 209 229 226 226 225 222 221 219 220 223 229 230 232 229 213 220 251 254 253 217 133 154 222 252 254 254 254 254 254 254 254 233 148 125 126 
231 224 223 228 232 233 214 187 222 231 230 230 230 230 231 232 231 233 234 235 210 88 48 34 31 33 35 34 70 217 235 229 230 228 225 226 227 223 221 227 230 231 230 213 225 252 254 254 234 214 235 253 254 254 254 254 254 254 254 254 228 140 119 118 
226 216 220 232 236 237 228 209 217 220 224 228 225 221 222 226 224 225 226 229 198 98 45 37 30 32 34 36 68 217 234 228 228 226 227 228 225 197 179 217 228 232 231 213 227 252 254 254 247 252 254 254 254 254 254 254 254 254 254 254 224 134 127 167 
225 216 215 224 231 229 224 214 217 215 216 221 221 217 214 220 221 226 225 226 182 140 82 38 31 31 33 32 56 189 217 223 219 218 219 197 133 76 46 126 208 223 218 203 223 247 254 254 247 253 254 254 254 254 254 254 254 254 254 254 217 132 176 237 
228 222 218 216 224 220 217 215 219 217 214 217 221 222 214 219 223 227 225 224 162 109 60 30 29 28 22 19 25 50 66 80 73 81 83 63 57 51 32 36 68 89 86 70 79 106 154 191 196 210 229 251 254 254 254 254 254 254 254 254 214 139 203 240 
234 231 228 219 215 220 222 219 220 218 216 218 220 222 218 221 223 227 224 221 153 67 32 30 28 25 19 19 22 25 28 30 29 29 32 33 36 35 29 27 32 41 53 31 18 30 34 43 49 57 75 165 245 254 254 254 254 254 254 254 208 146 213 218 
252 250 248 242 233 236 238 236 233 229 227 227 227 225 210 194 179 172 162 192 141 56 30 30 26 24 18 20 24 25 28 31 34 30 29 29 30 31 29 28 36 53 61 36 21 30 31 34 39 39 36 55 171 250 254 254 254 254 254 253 193 157 211 218 
254 254 254 254 253 253 253 253 252 250 243 223 183 137 97 66 52 54 67 133 114 42 32 34 26 25 23 25 25 24 29 36 50 51 35 34 34 31 32 32 40 54 45 36 29 32 32 35 40 41 33 36 80 214 254 254 254 254 254 249 182 141 189 151 
254 254 254 254 254 254 253 244 218 181 144 114 92 74 57 47 43 45 75 133 87 60 37 28 27 23 19 17 18 22 29 36 44 65 57 50 47 52 59 44 48 47 47 35 33 33 39 43 39 39 30 30 45 128 244 249 240 235 218 199 167 112 139 178 
254 254 254 254 251 231 185 131 93 82 87 80 76 65 57 54 40 48 79 133 89 32 28 28 26 21 15 15 17 21 21 21 34 43 61 72 39 39 53 50 45 51 58 38 31 34 37 34 35 30 28 27 34 64 166 161 153 180 166 161 169 124 115 173 
254 254 252 226 165 120 93 86 84 86 79 74 72 60 59 55 46 54 91 130 73 28 29 27 26 21 15 15 18 21 16 15 23 38 51 77 40 29 33 32 35 45 48 34 30 31 31 30 30 27 26 25 30 38 54 63 97 102 79 114 125 118 92 140 
217 194 178 122 98 86 83 89 86 81 77 70 71 62 61 62 46 50 102 131 59 28 27 26 26 20 15 16 22 22 16 15 22 41 50 64 42 28 29 29 28 35 36 32 29 28 28 27 27 25 25 25 26 28 25 62 106 55 43 105 79 105 133 164 
151 92 102 111 93 84 87 84 81 77 74 71 73 70 58 58 40 49 115 117 46 30 27 26 25 19 15 18 28 32 20 18 34 49 52 68 38 28 32 31 28 28 29 29 31 28 28 26 26 25 25 24 25 26 20 25 38 28 28 100 70 76 110 151 
178 95 117 105 91 88 91 84 77 68 75 78 83 71 62 50 44 62 125 105 37 38 30 28 25 18 15 15 22 31 29 30 45 63 54 72 46 28 28 29 28 27 27 28 27 26 27 26 25 25 24 24 24 24 21 17 17 19 25 71 64 57 97 120 
182 113 121 97 81 81 88 78 72 69 69 76 83 76 59 50 59 69 112 91 33 32 29 27 25 18 15 15 16 23 31 45 48 61 55 61 40 27 27 27 27 27 27 28 27 26 27 26 25 25 24 24 24 23 21 18 15 15 30 67 53 68 105 89 
156 105 114 89 77 75 75 69 68 70 69 74 73 71 55 50 56 80 117 76 42 35 30 26 25 19 15 15 16 18 24 30 36 40 48 43 32 27 27 27 27 27 27 27 27 27 26 25 24 25 25 25 24 23 22 18 15 18 63 72 49 92 96 78 
118 91 101 87 78 74 70 62 62 66 73 69 67 59 53 47 41 96 80 37 34 30 29 25 26 20 15 15 15 17 22 30 36 37 36 34 28 26 26 26 27 27 27 28 27 27 26 25 25 24 25 25 24 22 18 15 15 24 102 76 47 88 64 67 
129 92 107 89 83 71 69 61 60 63 64 66 68 51 49 44 46 111 65 32 29 27 26 25 25 20 15 15 16 18 22 27 29 32 32 30 27 26 26 27 27 27 28 28 27 27 27 26 25 25 25 24 21 16 15 17 18 34 88 57 54 65 45 50 
141 86 117 100 86 76 68 60 56 57 59 59 52 50 45 42 48 101 50 32 29 28 26 26 25 20 15 15 15 18 23 25 26 32 32 29 26 27 26 26 27 27 26 27 26 27 27 26 25 24 25 23 19 16 20 23 20 57 77 47 88 55 39 49 
144 73 105 100 88 74 62 57 55 56 54 51 48 48 43 41 57 83 42 33 29 27 26 26 26 21 15 15 15 17 22 24 29 31 28 27 27 27 27 27 26 27 26 26 27 26 27 27 26 23 21 23 18 33 40 26 21 62 57 62 95 56 57 85 
129 62 130 116 88 82 70 64 64 60 53 48 51 42 40 44 63 74 45 32 29 27 26 26 25 22 16 15 15 16 20 23 26 26 28 28 26 27 27 27 27 26 26 27 27 25 23 21 20 23 23 22 22 64 45 25 41 80 43 87 73 46 63 77 
108 52 155 130 66 59 61 75 82 75 56 48 43 39 48 41 58 70 41 31 30 29 30 27 25 23 16 15 15 16 19 22 24 24 45 47 27 27 26 26 26 28 29 25 21 17 16 22 38 43 31 27 57 71 24 24 56 63 58 77 62 39 75 117 
50 30 134 147 62 50 53 64 80 91 75 57 44 41 40 38 61 71 42 32 29 28 28 27 25 22 16 15 15 16 19 19 21 30 69 36 26 26 28 39 47 48 40 29 30 28 30 42 41 35 39 62 66 35 18 31 74 40 86 75 49 33 69 121 
24 27 121 171 67 49 51 57 70 86 93 75 52 48 38 34 60 76 45 34 29 27 26 34 27 24 17 15 15 15 19 19 24 45 57 22 29 34 39 36 27 31 44 62 75 47 43 45 36 35 81 101 52 22 17 38 49 50 98 79 48 50 70 108 
79 83 150 174 87 52 58 61 68 82 93 96 60 43 37 34 59 85 49 38 31 27 25 25 26 24 19 15 15 15 17 22 33 59 33 20 34 36 40 42 65 76 75 72 67 54 37 29 39 56 90 63 36 19 21 74 46 63 82 57 58 81 91 98 
208 207 215 207 129 65 66 72 73 79 87 103 79 46 36 32 59 89 56 38 29 27 26 26 25 25 21 15 15 15 15 16 25 39 23 31 43 51 62 65 62 71 61 59 44 30 30 30 51 65 52 32 19 16 34 78 62 91 61 64 68 90 102 92 
252 251 251 250 206 104 80 79 78 78 83 97 84 50 36 32 53 91 60 36 30 27 27 26 25 24 23 17 15 15 16 19 40 40 37 45 43 51 60 63 59 59 35 35 41 28 25 62 79 50 37 29 18 18 51 75 81 105 54 64 74 101 107 117 
254 254 254 254 247 142 85 80 77 80 84 93 82 54 36 31 47 105 69 37 31 28 27 27 25 24 23 19 17 17 17 23 44 36 38 43 67 78 50 37 39 43 42 35 21 34 80 84 52 37 30 29 20 22 78 62 86 90 55 52 83 90 89 152 
254 252 252 253 251 214 112 81 82 80 78 81 71 55 42 32 40 96 73 38 31 28 26 26 24 25 23 18 18 18 17 22 38 55 72 66 55 38 33 45 53 47 42 48 58 92 70 51 35 34 35 29 19 36 88 62 75 73 65 52 77 90 119 174 
246 236 236 238 239 235 164 94 78 79 75 67 63 53 46 33 36 98 77 39 31 28 26 27 27 26 24 19 16 15 16 22 51 63 56 50 60 52 45 56 52 60 84 91 85 57 45 36 30 32 39 26 19 40 52 56 77 72 74 68 85 106 148 164 
231 229 225 223 220 224 215 143 92 82 72 63 61 59 46 34 33 101 88 36 31 26 26 26 26 26 25 23 17 15 16 21 45 50 59 63 68 60 54 81 91 101 109 79 63 45 44 46 42 40 35 18 21 50 41 78 72 63 83 68 70 107 136 103 
221 221 220 219 216 221 223 207 140 91 75 64 63 60 44 36 31 93 97 40 30 26 26 26 26 26 24 22 17 16 15 19 38 52 60 70 86 98 82 86 87 78 69 62 52 55 49 52 44 25 18 16 26 37 43 91 65 55 78 80 87 106 94 64 
219 217 216 221 217 216 217 216 187 115 88 73 60 56 48 38 34 76 106 47 30 27 27 27 26 27 26 23 18 16 15 15 19 34 53 66 79 85 70 63 58 56 57 63 60 57 47 38 24 38 22 16 35 36 50 88 86 60 73 88 99 76 45 23 
219 219 220 224 218 216 217 216 215 158 100 80 65 58 57 48 43 67 109 54 31 27 27 27 29 26 26 23 21 15 15 16 17 16 23 42 40 45 58 62 67 54 54 60 44 35 26 29 47 41 17 31 51 56 72 83 68 62 67 96 103 54 20 15 
215 220 219 217 216 218 220 217 213 204 133 77 74 66 66 61 55 65 110 66 33 28 26 27 27 27 27 25 23 16 15 16 17 15 15 20 22 18 36 51 47 30 24 23 20 21 26 40 30 17 20 67 44 44 72 90 57 59 55 104 90 43 15 15 
219 219 218 213 214 218 219 217 215 216 201 138 113 98 94 89 85 84 121 80 38 29 26 26 26 27 26 25 25 19 15 15 15 15 18 17 16 18 32 39 25 20 21 23 27 31 27 20 15 16 48 106 40 26 56 92 69 61 46 107 62 21 15 20 
223 221 221 219 218 218 220 221 220 217 214 212 203 184 174 164 154 149 156 109 51 31 27 27 28 27 26 25 25 23 16 15 16 19 21 16 15 15 19 22 25 26 28 38 51 44 33 31 23 49 126 128 38 20 53 75 69 39 50 86 37 15 16 31 
230 228 221 216 218 217 217 219 218 220 218 219 215 216 214 212 213 214 213 136 72 34 28 28 37 39 36 33 26 25 19 15 16 17 17 15 16 38 84 124 114 96 106 177 211 200 194 150 112 140 163 181 84 28 93 52 28 42 45 47 17 15 19 43 
228 226 221 212 215 219 219 216 216 222 222 219 213 215 215 213 212 211 216 171 79 40 32 28 35 30 37 37 33 29 25 17 18 17 18 44 97 169 203 211 207 179 173 237 254 254 249 185 145 164 205 245 217 137 171 149 75 72 37 21 20 30 40 73 
223 221 222 216 212 211 217 219 217 221 222 222 219 219 215 213 219 216 216 206 108 49 35 31 34 27 35 39 32 35 29 24 24 26 43 172 211 217 211 207 205 183 187 240 254 254 247 183 163 219 250 254 254 251 250 250 223 138 52 17 23 62 58 103 
219 220 223 220 217 211 216 220 217 217 220 222 221 220 216 215 221 221 217 216 161 69 34 30 29 26 29 41 34 35 31 31 28 29 49 191 219 216 215 211 208 189 198 241 252 254 245 221 238 253 254 254 254 254 254 254 254 230 142 58 35 98 159 129 
213 214 216 217 221 217 216 220 218 215 216 219 218 218 215 213 215 218 217 215 205 104 48 33 31 28 27 33 31 37 34 32 30 30 50 184 219 217 218 216 210 199 210 235 242 254 246 246 254 254 254 254 254 254 254 254 254 254 249 216 132 144 192 165 
217 214 213 216 222 220 219 222 223 219 216 216 216 218 218 215 214 218 220 217 217 167 70 35 32 29 29 29 31 39 35 32 33 33 50 163 215 216 215 214 212 197 209 231 237 253 247 249 254 254 254 254 254 254 254 254 254 254 254 240 153 136 186 151 
216 214 215 211 212 213 215 214 215 214 214 216 216 218 217 218 220 218 215 214 218 205 113 49 31 31 31 29 30 33 35 31 32 36 74 204 218 211 212 214 212 191 210 241 248 254 248 250 254 254 254 254 254 254 254 254 254 254 254 239 150 132 167 152 
232 231 232 229 227 227 227 225 224 225 225 226 227 228 226 225 226 223 221 219 223 222 191 85 44 32 32 29 28 34 36 30 33 34 98 213 218 215 218 222 221 194 212 244 250 254 247 250 254 254 254 254 254 254 254 254 254 254 254 238 148 125 153 159 
253 253 253 252 252 252 252 251 251 251 251 251 251 252 251 251 251 249 249 249 250 250 248 176 69 37 31 33 37 33 34 29 32 33 120 220 226 224 221 220 218 193 214 246 251 254 247 250 254 254 254 254 254 254 254 254 254 254 254 236 133 106 109 139 
254 254 254 254 254 254 254 254 254 254 254 254 254 254 254 254 254 254 254 254 254 254 254 245 141 50 34 30 30 36 36 31 32 39 165 228 230 224 217 216 214 193 219 246 252 254 248 251 254 254 254 254 254 254 254 254 254 254 254 233 110 72 72 81 
254 254 254 254 254 254 254 254 254 254 254 254 254 254 254 254 254 254 254 254 254 254 254 254 239 122 42 34 35 35 33 36 31 56 196 226 224 216 216 217 211 189 220 245 250 254 247 251 254 254 254 254 254 254 254 254 254 254 254 232 100 56 51 45 
250 239 240 250 254 254 254 254 254 254 254 254 254 254 254 254 252 254 254 254 254 254 254 254 254 234 120 44 34 31 28 28 30 79 212 223 218 209 215 220 211 190 223 248 252 254 244 252 254 254 254 254 254 254 254 254 254 254 254 232 100 50 33 23 
245 187 203 249 254 254 254 254 254 254 253 253 254 253 253 253 252 253 254 254 254 254 254 254 254 254 241 158 68 40 35 31 31 67 203 220 220 207 208 217 210 189 224 247 251 253 242 252 254 254 254 254 254 254 254 254 254 254 254 232 107 44 22 18 
247 178 200 235 244 245 245 246 248 250 250 251 253 254 252 252 252 253 253 253 253 253 253 254 254 254 254 251 221 144 67 55 51 128 220 225 223 213 207 213 205 191 227 252 254 254 245 253 254 254 254 254 254 254 254 254 254 254 254 231 106 37 18 16 
244 168 189 166 142 132 135 132 135 157 172 179 229 248 200 189 194 198 195 185 194 201 209 249 254 254 254 254 254 248 191 132 123 205 225 225 220 216 217 216 204 190 227 252 254 254 249 253 254 254 254 254 254 254 254 254 254 254 254 230 104 37 18 16 