


76 70 60 75 168 232 230 229 227 226 226 224 221 220 218 215 213 211 208 205 202 200 196 194 192 189 186 183 181 179 178 176 173 172 170 167 166 163 162 160 159 158 157 152 146 138 139 172 153 138 107 78 76 83 99 118 137 145 134 109 98 93 86 82 
90 79 55 63 168 231 230 228 227 226 224 222 219 217 215 212 209 206 204 201 198 195 192 183 180 170 164 162 160 156 151 147 142 136 133 132 125 116 112 107 104 102 101 98 96 99 121 156 128 137 153 86 77 83 96 112 133 140 133 112 100 92 87 82 
95 93 83 83 156 200 197 194 181 174 168 165 167 167 174 172 170 171 176 177 176 174 158 95 100 65 50 66 72 74 76 74 72 72 71 68 63 60 61 62 67 77 76 74 72 69 87 144 124 104 140 94 78 85 93 104 122 131 127 113 100 93 86 81 
105 110 113 129 171 177 173 154 86 60 53 56 66 112 169 173 175 176 177 181 181 180 147 61 57 67 39 64 76 78 79 79 77 76 74 69 65 63 64 67 79 86 85 77 69 64 83 143 138 87 115 96 79 84 87 92 99 106 113 114 103 95 88 83 
130 143 159 176 190 193 191 148 73 60 55 68 69 124 181 188 188 188 186 187 185 184 174 116 49 68 49 57 71 72 69 70 69 68 65 62 59 60 68 80 83 76 67 56 53 68 108 147 147 86 93 94 79 78 80 81 83 84 91 104 110 98 88 84 
175 182 187 188 190 192 193 138 71 68 71 71 69 129 179 179 186 187 187 185 184 183 179 140 48 74 50 45 55 56 57 57 58 57 54 53 58 74 83 78 68 55 46 43 46 71 132 169 155 90 83 88 79 75 77 78 79 81 80 85 96 105 93 85 
185 186 186 189 190 190 191 134 71 72 87 79 71 109 128 131 164 176 179 181 183 183 181 126 47 71 51 48 53 56 56 58 59 60 64 72 82 81 71 66 55 49 47 46 49 70 107 152 163 97 84 83 76 77 77 76 78 81 80 82 85 93 98 90 
176 174 177 185 187 188 185 132 74 74 90 79 75 99 109 113 153 177 176 177 181 183 181 114 44 61 49 55 63 68 71 76 78 80 84 83 76 70 68 66 64 61 58 55 56 73 109 151 173 104 77 76 75 76 76 77 79 80 79 81 85 88 90 94 
126 121 130 149 147 143 139 113 81 82 92 82 85 92 88 88 134 170 173 175 180 183 181 114 47 47 53 76 78 78 78 80 82 79 73 68 67 69 69 68 66 66 65 62 65 79 102 150 179 116 70 72 75 77 75 76 79 79 80 82 85 87 87 89 
154 148 155 164 159 148 136 120 81 72 87 86 88 82 61 69 92 120 135 145 159 166 165 115 52 47 55 67 71 75 77 77 72 70 72 73 74 74 74 74 72 72 73 70 73 85 98 153 183 126 70 70 74 76 76 79 78 80 80 82 85 86 88 88 
190 193 193 193 193 193 187 159 86 70 82 94 95 91 70 71 94 109 117 123 141 148 147 101 70 67 64 69 73 76 75 77 79 79 80 79 79 78 79 77 78 75 76 77 78 85 104 158 186 138 73 68 73 75 76 78 78 81 81 81 84 87 89 89 
186 188 188 189 191 193 189 169 98 83 92 99 99 100 94 89 131 166 166 157 147 142 130 64 61 62 71 83 85 88 88 88 89 87 86 85 84 84 82 81 81 79 80 80 80 90 114 172 202 149 79 69 72 77 78 78 79 80 80 82 84 86 88 89 
178 181 183 186 189 185 185 177 125 114 120 109 104 106 106 104 139 174 169 153 146 142 117 53 51 55 71 96 98 97 94 94 93 93 91 89 88 89 87 85 84 84 83 86 89 97 109 176 223 158 82 71 74 75 78 78 78 80 81 81 83 85 87 87 
128 129 130 138 144 148 150 148 131 132 140 121 110 114 121 125 138 152 151 147 148 146 137 105 81 86 90 97 97 96 96 95 95 92 86 81 80 81 81 82 84 85 86 88 94 104 109 156 214 166 85 71 74 75 77 78 78 79 80 81 84 85 86 86 
121 125 128 122 99 98 100 101 100 103 117 127 124 126 129 135 143 151 150 149 146 145 143 124 102 97 93 93 93 93 97 100 101 101 100 100 98 100 101 102 102 104 107 107 108 115 117 124 164 166 90 71 74 75 76 77 79 80 81 80 82 83 85 85 
126 130 135 113 80 80 83 86 85 90 121 138 143 143 147 153 154 157 157 153 148 144 144 124 117 108 104 105 105 105 107 108 111 112 111 110 111 111 111 112 113 113 116 118 120 120 118 130 148 168 97 73 74 75 76 75 76 78 79 79 81 81 83 83 
148 149 150 105 70 77 75 79 70 81 122 134 138 147 162 166 166 165 164 152 140 135 135 117 111 108 115 116 116 116 116 115 114 113 113 113 113 113 114 114 115 115 119 121 120 122 119 126 143 173 105 74 75 75 76 75 76 79 80 78 81 79 80 82 
126 139 152 98 70 75 64 73 68 83 98 101 105 130 172 162 168 171 163 149 137 136 131 117 105 106 114 115 115 115 115 114 113 113 112 113 111 110 110 110 112 113 116 118 118 117 118 125 133 169 108 73 74 75 74 76 76 76 78 78 79 79 79 79 
86 101 127 90 67 67 72 78 71 86 96 99 102 130 173 161 166 170 165 147 133 136 125 126 110 107 112 115 116 116 116 115 115 114 112 112 111 111 110 111 113 114 115 117 118 117 119 125 133 168 113 74 75 76 76 77 76 76 77 76 76 77 63 32 
83 96 119 90 74 61 84 79 71 86 79 74 90 115 151 159 161 163 153 138 132 134 123 131 120 108 106 109 109 109 109 109 109 109 108 108 108 109 109 108 109 112 113 113 114 117 119 126 134 169 118 74 74 76 76 77 77 77 78 76 67 43 19 5 
89 90 97 83 71 74 89 80 70 83 66 64 75 91 104 116 128 144 145 143 140 138 130 131 125 109 104 106 107 110 111 110 108 109 108 107 108 108 109 108 111 113 114 115 116 115 118 135 136 169 125 75 74 76 75 76 77 77 76 56 20 11 9 5 
83 93 109 85 70 82 89 85 73 83 72 70 85 101 127 135 143 154 155 151 146 145 131 132 128 109 105 107 108 109 109 108 106 106 106 106 108 108 108 108 110 113 114 115 115 116 119 135 139 171 128 77 74 76 76 76 77 77 77 61 37 34 39 33 
85 101 129 95 72 76 91 93 83 87 89 89 98 122 166 168 167 172 171 157 147 142 139 134 132 120 110 111 112 113 112 111 111 110 108 107 109 109 109 109 110 112 114 115 115 116 118 135 150 174 129 76 75 76 77 77 78 79 78 79 77 70 67 53 
88 107 148 106 75 80 92 96 88 89 98 101 105 126 163 169 167 170 172 170 162 146 142 132 130 124 113 116 119 118 117 116 114 113 114 115 116 116 117 117 115 116 116 118 120 119 120 131 141 177 133 78 76 76 76 77 78 79 79 79 79 78 76 62 
88 111 174 135 90 85 95 99 98 100 105 109 111 133 165 169 172 169 172 174 164 148 141 130 128 130 126 129 129 125 116 108 111 117 118 120 121 120 120 121 120 118 119 122 126 126 126 129 135 182 138 78 76 75 76 78 79 79 79 80 81 80 79 69 
91 110 168 157 108 109 108 102 101 102 105 106 112 143 168 172 174 171 172 175 173 156 148 138 134 129 131 137 134 122 112 103 112 125 124 125 125 125 125 124 122 119 119 122 127 133 132 126 140 188 140 78 76 77 77 77 78 79 79 79 79 76 70 42 
94 111 144 169 168 167 161 130 118 117 117 118 123 150 165 169 170 171 171 172 173 169 148 134 142 133 137 140 125 108 103 110 121 129 129 130 129 128 127 126 124 123 123 125 127 133 130 120 153 198 139 78 76 77 79 78 81 80 79 67 50 37 25 8 
95 112 140 166 175 179 175 168 164 163 161 156 160 165 168 171 171 171 173 173 173 172 158 123 119 129 132 130 112 105 108 134 128 137 145 149 152 152 142 132 126 128 126 121 115 119 136 134 186 202 136 79 75 78 77 79 80 79 78 60 33 25 20 7 
73 106 143 182 190 192 191 187 185 184 182 178 179 179 178 178 178 178 178 175 175 174 170 155 145 141 139 135 129 131 134 140 136 132 131 127 127 128 126 130 122 121 117 114 110 110 141 177 226 204 141 82 76 78 79 79 80 80 79 78 75 66 60 39 
59 107 158 208 208 207 207 207 205 205 204 202 202 200 199 197 194 194 193 191 190 189 188 187 185 184 183 182 181 179 173 155 141 151 159 155 151 147 144 136 123 111 87 104 124 117 176 221 230 211 161 85 77 78 78 80 80 80 80 81 78 75 67 60 
60 106 161 212 212 211 210 210 209 208 207 206 204 203 202 201 199 197 195 194 193 191 189 189 188 187 186 186 184 184 181 178 174 172 169 165 160 154 148 151 149 138 122 126 120 103 186 227 230 213 165 87 76 78 78 79 81 82 81 79 78 75 75 68 
70 103 150 193 197 198 199 200 201 201 203 202 203 202 202 202 200 198 195 195 193 191 191 190 189 189 187 187 186 184 183 182 179 175 172 170 164 150 129 147 169 165 153 148 123 96 185 228 231 213 167 88 76 79 78 80 82 85 83 83 80 72 58 46 
88 106 136 160 166 170 171 171 170 170 171 172 172 174 177 182 185 187 188 191 192 191 191 190 189 189 187 186 185 185 183 182 179 176 174 170 161 147 138 153 174 173 166 162 154 115 181 226 230 213 167 88 79 84 87 88 88 89 86 75 51 39 42 42 
65 104 151 196 196 197 195 194 190 184 181 175 169 164 163 163 161 161 160 162 164 168 172 175 178 181 183 185 185 184 183 182 179 176 174 171 161 152 143 148 163 160 155 147 137 130 188 224 225 202 154 100 93 93 91 89 87 85 79 59 22 17 15 9 
61 110 168 224 221 220 218 217 215 213 211 208 204 199 194 188 182 176 169 164 161 159 155 153 151 151 152 153 155 159 163 167 169 170 170 167 160 150 137 134 144 142 139 135 134 136 167 173 160 146 125 97 88 88 86 85 83 83 83 76 60 48 33 13 
69 105 155 209 214 215 214 211 209 207 204 203 201 201 201 199 198 197 193 189 184 180 175 167 160 152 145 141 141 142 141 143 144 144 145 147 147 145 142 143 146 147 148 148 146 144 146 154 165 156 124 89 83 81 81 80 79 80 79 77 76 74 70 48 
88 104 134 166 180 185 184 181 177 174 172 171 171 171 174 176 178 179 178 178 176 176 180 170 175 162 151 148 147 147 145 142 142 140 138 139 141 144 145 146 146 144 140 136 135 133 136 149 183 198 154 89 79 77 76 77 77 78 78 79 78 76 77 75 
78 103 131 177 182 179 177 142 136 136 137 137 139 158 170 168 172 173 173 173 175 175 173 169 167 167 159 158 157 156 154 150 147 140 122 116 119 122 124 125 127 128 127 128 128 126 129 150 177 212 164 86 74 75 76 78 79 80 78 80 79 81 80 78 
81 103 135 162 128 128 130 106 100 101 107 110 116 149 176 174 175 173 176 178 178 178 172 170 171 173 160 161 158 157 156 153 151 149 140 126 123 126 129 129 133 135 132 133 135 136 135 146 159 193 166 86 74 74 75 77 78 81 80 81 80 81 80 77 
78 102 145 137 87 89 91 91 92 93 106 111 114 142 172 174 173 173 175 178 178 178 177 173 174 164 137 137 143 157 158 152 153 154 152 150 148 149 150 149 150 152 147 144 145 147 147 154 154 178 165 85 74 74 76 78 79 81 80 80 80 74 71 65 
83 102 138 115 80 81 84 87 83 90 104 108 110 134 162 172 172 172 173 177 176 175 175 167 173 164 133 124 146 179 168 150 144 142 146 148 149 152 154 151 151 151 148 149 150 149 149 168 179 181 160 85 74 75 76 78 79 80 80 73 46 34 31 18 
77 99 133 102 62 65 73 82 69 85 107 110 112 133 171 173 173 174 175 181 178 178 173 143 165 170 141 136 167 191 172 164 157 151 152 154 157 156 156 156 158 157 153 152 151 150 150 179 180 173 165 87 74 75 77 78 79 80 78 72 48 32 21 11 
74 99 129 98 72 63 76 84 73 87 107 111 112 134 173 174 176 171 177 181 179 178 165 138 179 193 161 169 182 184 168 168 167 162 161 160 158 157 158 164 172 178 169 157 154 152 153 173 167 171 177 88 74 75 78 77 79 79 78 78 78 71 63 38 
73 88 107 96 90 79 93 92 81 88 103 105 107 131 166 170 173 171 179 180 180 176 147 131 181 197 175 179 196 184 159 150 157 160 160 160 160 160 169 174 177 189 184 159 157 157 156 158 157 165 173 88 74 76 77 78 79 81 80 78 79 79 78 76 
47 47 51 86 88 72 93 96 85 89 101 103 108 134 168 171 172 170 176 181 179 172 137 131 166 190 178 162 190 182 162 157 160 161 160 160 159 161 186 193 180 181 178 166 163 152 150 154 152 158 170 89 75 77 78 80 80 82 81 81 83 82 82 82 
49 44 44 84 87 70 92 96 87 87 90 93 101 124 153 162 164 164 171 175 174 167 143 144 161 172 167 149 175 176 168 163 163 162 161 160 159 160 167 175 170 175 174 168 162 147 148 151 146 161 168 88 75 76 77 78 80 80 83 83 83 83 84 85 
54 52 56 86 90 74 91 94 86 86 88 85 95 107 124 133 140 145 149 151 150 150 150 152 165 170 164 153 164 166 161 159 161 162 162 161 160 161 160 158 158 167 169 156 151 146 147 152 152 168 169 89 75 77 78 80 80 81 81 82 84 85 87 87 
106 117 128 101 91 74 92 95 87 86 109 113 116 137 152 152 151 151 151 156 156 157 163 154 169 161 157 154 152 149 147 147 148 148 149 149 149 150 148 142 133 150 154 141 142 140 140 154 160 184 173 96 74 77 78 81 80 81 81 83 85 85 88 89 
150 151 145 107 88 79 90 96 97 98 143 164 161 166 167 166 160 155 150 151 151 154 163 158 171 151 147 148 150 149 145 146 146 146 145 143 142 142 142 143 138 140 141 140 141 139 137 158 196 211 172 94 73 76 78 80 81 81 83 83 84 85 89 90 
131 135 141 115 89 91 92 94 96 98 131 160 158 158 157 148 143 141 130 129 136 141 152 153 145 151 152 154 152 143 139 145 149 151 149 149 148 148 148 148 147 145 146 147 148 144 143 164 201 212 166 94 75 78 79 79 80 81 83 84 85 88 89 91 
107 111 117 120 118 126 130 130 126 122 124 131 131 133 138 140 145 145 144 142 144 144 148 143 145 164 165 164 164 161 161 160 159 157 157 156 154 153 152 150 148 146 147 147 148 145 147 154 180 215 163 89 75 78 79 81 82 85 85 84 86 88 89 91 
140 142 145 147 148 151 152 153 149 144 133 115 113 115 120 123 134 137 135 135 135 135 137 136 122 120 116 120 123 123 124 133 142 141 142 142 143 140 139 137 132 127 130 131 134 135 140 147 198 207 139 73 72 78 78 81 82 83 84 85 88 89 91 93 
159 160 161 165 166 167 167 168 169 168 156 117 109 108 108 107 115 119 123 130 132 127 125 120 54 38 29 44 49 49 48 47 50 44 36 36 39 39 39 38 39 41 48 60 65 73 86 112 181 178 100 62 70 78 78 82 83 84 86 87 88 89 91 95 
164 164 166 167 168 169 169 167 162 161 154 115 105 103 104 102 105 110 119 128 129 127 128 119 45 31 31 42 45 46 43 40 41 37 30 25 29 29 29 32 33 32 35 38 36 41 67 94 166 171 89 60 69 77 79 81 82 85 85 86 88 89 93 96 
159 158 158 161 162 162 163 151 101 84 78 73 83 99 102 101 105 113 125 132 128 126 128 118 39 26 36 43 42 36 37 37 36 37 34 30 29 30 30 30 31 32 35 34 31 33 58 81 157 165 80 59 67 76 80 81 83 84 85 87 88 91 93 92 
157 157 160 163 165 165 167 145 70 33 25 23 36 82 99 96 95 101 116 121 121 126 128 113 35 25 32 41 38 25 29 33 31 33 33 34 34 32 29 32 31 34 33 33 36 42 60 77 150 157 71 58 67 74 81 82 83 85 85 86 88 92 93 85 
132 149 154 159 161 163 162 134 81 70 75 77 75 90 88 88 92 86 93 94 104 111 117 102 29 20 25 35 29 19 21 23 25 24 26 28 33 31 22 24 25 24 25 28 35 45 55 69 142 147 63 59 68 73 79 83 84 85 86 88 91 91 87 80 
102 112 118 132 140 134 132 110 77 67 83 87 71 78 59 67 75 89 89 97 105 110 116 99 29 22 30 38 25 18 22 23 25 25 25 29 31 26 21 23 24 24 23 24 29 39 48 64 136 137 57 60 71 71 78 84 86 87 88 91 91 87 83 78 
118 126 125 131 132 134 128 109 82 70 85 93 81 77 54 60 72 95 91 98 111 120 123 108 35 26 36 40 33 27 27 28 28 26 23 25 23 21 19 20 22 23 22 23 25 32 45 62 133 128 54 63 73 72 78 86 89 93 93 92 90 86 81 78 
150 154 157 158 159 161 161 130 88 75 83 91 79 86 96 94 82 78 76 74 81 85 86 101 48 19 27 31 26 22 24 26 24 25 24 21 20 17 16 18 20 19 19 20 23 31 43 58 130 117 56 69 75 75 83 87 95 96 96 90 88 85 80 76 
138 143 151 156 158 163 165 136 88 68 77 88 77 89 122 119 96 87 83 77 73 75 82 103 74 27 35 36 28 25 30 30 30 31 31 27 22 14 17 21 24 20 20 21 22 30 47 62 128 106 60 76 76 78 85 93 99 98 94 89 87 82 77 76 
123 128 131 142 156 163 166 142 87 72 76 87 80 90 140 136 121 113 106 97 89 87 95 107 91 32 39 44 40 29 33 33 33 34 39 38 27 21 24 26 29 27 26 26 27 30 44 68 127 95 66 82 77 81 87 98 104 99 91 88 83 79 78 75 
117 121 123 126 149 162 162 148 92 81 82 87 82 85 133 141 139 138 126 116 108 105 110 112 81 27 39 56 54 34 36 37 37 37 38 36 30 27 26 26 26 27 25 25 26 26 47 81 126 85 78 84 77 82 90 105 109 99 90 86 82 78 76 74 
101 107 105 117 147 162 161 156 127 115 114 113 113 111 131 141 142 142 136 129 125 122 123 119 65 31 46 59 54 44 47 45 45 42 41 39 40 36 33 34 31 32 32 30 29 31 42 88 125 81 93 83 79 81 95 112 107 95 89 85 82 79 75 71 


69 60 55 64 142 198 197 196 194 193 192 189 187 185 182 180 177 176 174 171 168 165 162 159 157 155 152 150 148 146 144 142 141 139 138 136 134 132 131 130 130 129 128 124 119 116 149 186 143 113 85 64 62 71 84 98 114 131 121 93 82 76 73 71 
72 63 49 55 141 198 197 195 194 192 191 188 185 182 180 177 175 173 170 166 164 162 160 157 156 156 153 143 137 135 133 130 126 123 122 125 121 117 115 111 111 117 117 112 109 114 150 188 145 115 118 69 64 69 80 92 108 119 119 96 83 77 73 71 
76 76 71 71 133 176 172 171 162 155 149 149 151 148 148 146 145 144 146 147 145 143 140 135 144 157 155 116 102 104 103 102 100 100 99 101 100 103 113 107 124 150 132 119 121 120 135 189 159 104 109 74 64 69 77 86 98 106 109 97 85 77 73 70 
87 90 93 104 139 146 142 127 81 67 64 67 73 103 141 143 145 145 146 148 148 147 145 139 139 143 146 124 113 110 109 107 106 105 102 100 99 98 105 118 141 141 137 135 117 107 125 188 173 100 94 76 65 68 73 76 79 86 93 94 86 77 72 69 
103 113 128 142 154 156 154 123 70 61 56 66 67 110 148 154 154 154 153 153 150 150 147 138 135 144 139 123 112 111 110 107 107 105 103 101 99 100 115 133 139 144 134 106 93 103 139 189 185 104 87 75 65 66 65 64 65 68 73 82 88 81 73 69 
142 147 150 151 153 155 157 116 68 67 71 71 67 114 147 147 151 153 152 151 150 148 147 145 127 140 133 109 100 102 102 102 102 101 100 99 107 128 139 144 146 119 93 88 89 108 160 206 196 113 86 73 65 64 62 62 63 63 65 67 75 83 76 70 
151 153 150 152 154 155 154 113 69 69 84 76 69 103 120 122 139 145 147 149 150 151 148 147 123 138 128 103 101 103 104 104 106 108 114 131 139 143 151 142 114 96 93 94 94 112 147 196 206 123 92 70 63 62 62 61 62 62 63 65 67 72 77 72 
146 144 144 149 152 153 150 112 70 72 86 78 74 100 109 113 135 145 145 146 148 150 148 148 115 134 127 108 111 114 117 119 124 131 139 144 149 145 129 117 112 109 107 106 105 121 155 197 215 134 88 69 63 62 62 62 62 62 63 64 65 67 71 73 
109 103 109 121 119 114 113 98 76 79 88 81 84 93 87 90 121 140 141 143 147 148 148 159 115 125 130 125 126 130 131 134 138 141 147 146 137 121 117 116 115 113 113 115 114 129 151 198 221 147 85 66 62 62 62 63 62 63 63 64 65 66 68 69 
128 122 126 132 128 120 110 101 77 71 85 85 86 86 64 73 91 108 118 125 139 143 144 151 131 131 133 130 133 134 135 135 136 138 134 127 124 123 121 120 119 118 119 120 120 132 141 197 225 160 86 64 63 63 62 62 62 63 63 63 65 67 68 69 
157 156 157 157 157 156 153 131 81 70 82 93 95 91 69 71 90 102 107 112 129 136 138 139 143 141 135 130 132 131 132 132 132 130 128 127 127 127 126 126 126 125 125 125 125 130 141 199 229 173 89 62 63 63 62 62 62 63 63 64 65 66 68 68 
153 152 152 154 155 155 153 139 93 82 91 99 100 102 92 90 119 138 139 131 125 121 116 131 149 150 137 135 136 135 135 133 132 131 131 130 129 129 129 128 129 129 128 127 127 133 150 208 235 184 94 63 63 62 62 62 61 62 63 63 65 67 69 68 
148 148 149 152 153 150 151 145 113 107 109 105 104 105 104 104 124 143 141 127 123 116 110 144 134 141 137 139 136 135 136 135 134 134 133 134 133 132 132 133 133 134 134 136 142 149 155 213 245 192 95 62 62 62 62 62 61 62 62 63 66 67 68 68 
107 108 109 112 118 122 127 126 113 116 124 109 100 102 108 111 119 126 126 123 124 122 119 117 97 94 92 92 90 90 90 90 90 89 88 88 88 88 91 93 96 98 100 106 114 127 135 186 235 192 88 62 62 61 61 62 63 63 63 63 65 66 66 66 
101 105 107 102 82 75 72 73 76 84 102 107 105 108 109 113 118 123 123 121 120 118 118 100 81 70 59 58 57 59 59 61 63 64 64 63 65 67 70 70 73 76 78 81 85 99 111 126 180 188 80 61 61 61 61 61 62 62 62 63 65 65 66 66 
106 109 112 96 64 51 48 49 52 67 104 115 117 120 121 124 126 128 128 124 120 116 116 100 94 79 64 63 63 63 64 64 65 66 67 68 69 70 71 72 74 79 82 86 89 90 94 109 144 184 84 60 62 61 60 62 62 62 62 63 64 65 64 65 
122 122 122 90 63 67 67 71 61 71 104 111 113 122 131 133 134 134 132 123 114 108 107 92 86 74 69 69 69 69 68 66 65 65 67 67 68 69 71 71 74 79 82 85 88 87 85 98 128 182 90 60 61 60 60 61 60 61 62 63 63 62 63 63 
105 113 122 84 63 64 57 66 60 74 89 90 94 110 138 131 136 137 130 118 110 108 102 90 78 73 69 67 66 66 65 65 64 63 64 65 65 67 67 68 71 74 77 80 83 83 80 89 116 177 96 61 61 61 61 61 60 61 61 62 61 60 61 61 
80 98 109 78 59 58 64 69 63 76 88 89 93 112 140 130 133 136 132 116 105 107 97 101 84 74 68 66 66 66 66 67 66 66 66 66 66 67 68 70 73 75 78 81 83 82 80 84 111 176 102 61 61 61 61 61 61 61 60 60 60 59 50 24 
75 92 102 79 66 53 75 71 61 75 73 68 80 99 122 128 129 131 122 109 105 105 96 106 93 78 66 63 62 63 62 63 63 63 63 65 65 66 66 67 70 73 75 79 81 80 79 86 110 177 109 61 61 61 61 60 61 60 60 58 51 34 15 5 
78 76 80 74 63 65 76 71 61 73 59 56 63 73 83 92 101 115 117 114 113 110 102 105 99 77 63 62 60 61 61 61 61 61 60 61 63 63 66 68 69 71 74 78 80 80 81 93 120 180 116 61 60 60 61 61 61 61 60 42 16 7 7 5 
78 86 91 75 62 73 79 75 65 74 64 63 73 85 103 108 115 123 125 120 119 116 106 104 101 78 68 66 64 64 62 61 61 61 61 62 62 63 65 67 68 71 75 78 81 81 83 96 124 184 122 60 61 60 61 61 61 61 61 47 27 24 30 24 
79 102 110 82 64 68 80 82 73 77 78 76 84 104 133 135 134 138 137 125 117 113 111 106 106 91 70 68 67 68 69 70 69 69 67 68 66 67 67 70 72 73 76 80 82 82 81 95 123 187 127 61 61 61 61 62 61 60 61 60 58 51 49 40 
82 106 126 92 67 70 82 85 77 80 85 84 88 106 131 135 133 136 138 135 128 118 114 103 102 93 70 69 69 71 72 75 75 76 75 75 75 75 73 74 76 77 80 82 85 85 82 90 121 191 134 62 61 61 61 62 61 62 62 61 62 59 56 46 
82 109 150 116 81 77 85 90 89 91 91 90 93 110 131 135 137 136 138 138 132 119 115 104 100 98 77 75 74 74 73 73 78 82 80 81 82 83 83 82 80 81 83 87 92 91 88 95 126 199 138 62 61 62 61 61 62 62 62 62 61 60 59 51 
85 111 145 133 97 98 98 94 92 93 92 90 96 117 135 139 141 138 139 139 138 123 119 113 108 101 93 85 81 77 75 72 82 88 81 82 85 86 88 89 90 88 90 95 100 101 99 103 140 210 142 64 62 62 63 62 61 62 62 60 60 57 52 30 
89 111 122 136 134 135 132 110 101 100 100 101 106 124 135 138 138 139 139 139 139 135 116 105 119 112 100 91 81 72 71 81 92 94 86 85 86 88 89 92 95 98 100 101 107 110 101 109 166 222 145 65 63 63 62 63 62 63 62 52 36 26 17 6 
89 109 120 135 142 146 143 136 133 131 129 127 130 134 137 139 141 141 141 140 138 137 125 97 101 110 100 92 78 73 83 109 102 111 113 117 119 119 109 98 99 107 106 104 100 103 116 135 204 228 146 67 64 63 64 63 62 62 62 47 24 19 15 6 
77 116 129 150 155 157 156 152 150 148 147 144 145 145 145 145 144 144 144 140 138 137 133 120 112 112 106 101 94 96 102 109 106 104 104 99 100 100 96 94 91 93 92 93 90 95 138 194 241 228 148 69 64 62 63 64 63 62 63 61 57 49 44 28 
70 129 142 168 168 167 167 167 166 165 164 162 161 161 159 158 157 155 153 152 152 151 150 149 148 147 146 144 143 143 138 121 110 120 127 124 121 115 110 107 96 79 61 76 91 89 180 239 246 227 158 72 64 64 64 63 64 63 61 61 60 56 51 45 
71 130 144 172 172 171 171 170 169 168 167 165 164 164 162 161 159 157 155 154 154 153 152 152 150 150 149 148 148 147 146 144 140 139 135 131 127 120 113 117 114 102 88 89 86 79 185 242 245 227 160 73 64 64 64 64 63 63 62 62 62 60 58 51 
76 117 133 157 160 162 162 162 162 163 163 163 162 162 162 162 160 158 156 155 155 154 153 152 151 150 149 149 149 149 147 146 144 141 137 134 129 117 98 113 133 127 116 110 96 82 184 242 245 227 161 74 65 64 64 64 65 65 64 64 62 53 42 33 
85 102 117 130 134 137 137 137 137 137 137 138 139 141 143 146 148 150 152 154 154 154 154 153 152 151 151 149 149 148 147 145 143 142 138 134 126 117 109 118 133 131 126 121 116 87 179 241 245 228 162 75 65 67 67 68 68 68 65 55 33 27 29 29 
74 122 138 162 161 161 160 157 153 150 146 141 138 135 133 131 129 129 130 132 134 137 139 142 146 147 149 149 149 148 147 145 143 141 138 134 124 115 110 114 124 121 116 109 101 97 183 239 239 213 146 80 71 71 69 70 68 60 54 42 15 12 11 6 
72 133 152 185 183 181 178 177 174 173 171 168 165 162 158 153 148 143 139 136 133 131 129 129 129 130 130 130 131 133 136 139 139 137 136 134 124 115 106 104 109 107 105 103 104 110 162 177 160 141 112 79 71 69 66 64 63 62 60 54 43 35 25 8 
76 122 141 174 179 179 178 176 172 170 168 165 164 164 162 161 161 159 157 153 149 146 145 144 147 145 138 132 130 129 129 131 132 133 136 138 137 136 134 135 139 141 146 147 146 143 148 160 176 164 123 78 67 63 62 61 61 59 58 57 55 55 51 36 
89 108 120 141 155 159 160 157 154 150 146 144 143 143 144 145 146 147 145 144 143 145 158 167 192 176 149 141 139 139 138 136 136 135 136 139 141 144 146 147 149 149 147 141 138 137 141 157 195 214 162 76 62 61 59 60 60 60 60 59 58 56 57 56 
83 112 114 142 146 145 143 121 118 120 121 122 123 133 138 136 139 140 141 140 142 144 160 182 194 190 152 139 135 136 134 131 130 126 117 113 115 119 123 124 129 133 135 136 137 136 137 160 193 229 171 75 60 60 59 60 60 59 60 60 61 61 60 59 
82 111 120 133 110 110 111 99 96 100 105 110 113 129 141 139 140 140 142 142 143 146 158 178 196 196 151 140 136 137 134 132 131 130 125 117 118 122 124 127 133 140 139 141 143 143 139 147 162 208 173 75 60 61 61 59 60 61 62 62 61 61 60 59 
83 110 125 116 82 84 84 86 87 89 103 110 111 125 138 140 139 139 140 142 143 144 153 173 200 184 132 124 129 139 143 136 135 134 133 133 133 136 138 141 146 150 148 148 150 149 146 147 151 189 174 75 60 61 62 62 62 62 61 61 59 56 54 49 
81 104 118 100 74 75 79 81 79 87 101 105 106 118 132 138 137 137 138 141 140 140 142 153 194 186 138 118 136 168 177 146 134 129 131 133 135 138 141 144 146 150 150 150 150 147 142 151 160 182 172 75 62 62 62 62 62 62 61 55 32 24 22 13 
78 104 115 90 59 60 69 77 66 81 103 107 108 119 139 140 139 140 139 145 144 144 142 129 180 186 143 127 153 183 179 165 157 136 136 138 140 142 144 147 151 155 153 152 151 146 140 154 157 173 174 76 61 62 62 61 61 62 61 57 38 24 16 8 
75 104 111 87 68 59 72 80 70 82 103 107 108 120 140 140 142 137 142 144 145 143 133 124 191 202 151 150 166 179 168 162 172 145 141 141 141 142 144 152 164 186 178 156 152 147 141 148 152 171 178 78 62 61 61 62 61 62 62 61 59 55 48 28 
69 84 91 85 82 71 83 85 75 82 99 102 103 116 135 137 137 136 143 143 142 140 117 114 184 210 161 159 177 181 168 152 158 143 141 142 141 143 151 160 169 204 205 162 155 149 141 140 154 170 178 79 62 61 61 61 61 62 62 62 60 58 58 55 
45 44 44 78 81 66 85 87 78 82 98 101 104 119 136 138 137 137 140 143 141 136 109 112 167 215 175 151 175 185 172 150 145 143 141 142 142 145 163 176 173 199 202 179 168 148 139 139 153 168 177 78 62 61 61 61 62 63 62 62 62 61 61 61 
45 41 41 77 80 65 85 88 80 82 88 92 98 114 130 134 136 137 140 142 142 136 119 125 159 185 157 143 163 183 170 150 150 147 147 149 150 155 164 177 181 197 199 191 173 146 138 135 147 168 175 77 61 62 61 61 62 63 62 62 62 63 63 63 
50 49 49 77 80 67 83 86 78 79 84 83 89 100 112 118 124 128 132 135 136 134 137 150 179 182 161 155 165 179 175 165 165 163 164 165 166 168 171 174 179 193 196 171 157 145 137 133 147 171 174 77 61 62 62 61 61 62 62 63 63 64 64 65 
91 99 106 87 81 66 82 86 79 79 100 104 106 119 126 127 127 130 130 133 132 132 151 165 194 181 157 156 161 166 167 163 160 158 159 160 160 158 157 155 152 175 175 148 146 142 135 134 144 181 175 80 61 61 62 62 62 62 63 63 63 65 66 66 
122 121 117 92 81 72 82 87 86 88 121 133 132 134 134 133 129 124 118 114 113 119 150 171 192 160 144 147 151 154 153 157 154 144 140 139 139 140 140 143 144 150 150 148 146 142 134 140 169 200 171 79 62 62 62 62 63 63 63 63 65 66 67 67 
108 110 114 98 82 83 86 87 88 90 113 129 130 130 127 119 114 111 98 97 100 120 148 172 158 149 138 139 139 139 140 144 141 137 136 136 137 139 140 143 145 147 149 150 150 145 138 146 175 212 166 78 60 61 62 63 63 63 62 63 65 66 68 68 
93 95 100 102 104 109 114 114 110 108 110 114 115 116 117 118 120 117 113 111 116 131 151 165 157 153 150 149 148 147 147 145 145 144 143 144 143 144 146 146 148 150 151 153 154 150 147 150 178 228 163 76 59 62 63 62 62 63 64 65 66 66 67 70 
118 119 120 121 123 125 126 126 124 123 117 105 106 108 109 112 116 112 108 103 105 112 126 143 154 140 135 134 133 132 134 143 152 151 151 153 153 152 152 149 144 142 143 148 151 150 153 164 218 232 151 70 60 62 62 62 62 64 63 65 66 65 67 69 
129 129 131 133 134 136 136 136 137 137 129 107 104 105 105 105 100 92 89 91 92 91 94 108 109 108 106 104 103 103 102 101 100 94 85 85 84 86 85 84 84 87 94 107 111 121 138 166 226 220 128 66 60 62 62 62 62 64 64 65 65 66 68 69 
131 132 134 134 134 135 135 135 133 131 129 105 99 101 101 99 91 85 89 88 95 92 98 109 104 111 108 102 102 103 101 98 95 91 82 75 76 77 77 82 85 83 86 89 85 91 125 152 216 215 116 65 58 62 62 63 62 63 64 65 67 67 69 72 
128 126 127 129 130 130 130 124 101 93 91 90 95 107 102 97 92 86 94 92 91 93 101 108 98 104 104 103 105 101 95 94 93 91 89 81 82 82 82 83 84 85 86 86 82 86 114 142 209 210 107 64 57 62 63 63 63 64 64 65 66 67 70 70 
128 126 127 131 134 133 135 122 81 66 64 66 71 96 98 94 82 76 88 84 82 90 100 108 96 95 93 104 107 99 92 91 92 92 91 91 97 98 91 88 89 89 88 88 89 97 119 138 203 203 98 64 58 60 63 63 64 65 64 66 67 68 67 62 
112 120 123 127 130 131 132 114 83 76 82 87 81 95 88 86 76 60 65 63 73 79 92 104 91 86 81 100 100 92 80 79 80 82 84 89 101 99 89 85 83 82 84 86 93 104 115 132 196 192 87 64 59 58 63 64 64 64 64 65 67 67 63 59 
96 99 101 109 114 108 107 95 75 66 83 88 73 80 57 62 61 66 70 76 84 93 101 106 90 85 87 103 98 87 78 83 83 84 91 100 100 90 88 86 84 83 85 86 90 104 111 127 191 182 82 63 59 58 61 64 64 65 66 68 68 64 61 59 
105 107 107 109 109 109 104 94 80 68 82 91 81 78 50 58 66 81 82 88 103 113 115 121 107 99 111 116 112 107 104 105 105 106 109 110 107 103 99 97 96 94 94 93 94 100 107 129 191 173 78 65 60 59 62 64 66 69 69 68 66 63 60 59 
123 124 127 127 127 129 129 108 83 73 80 87 77 81 79 76 65 57 57 56 65 69 75 101 114 107 108 111 109 104 100 101 102 105 107 107 106 102 97 96 96 96 96 95 94 98 103 121 187 160 76 67 61 59 63 67 72 73 70 68 65 62 59 57 
112 114 120 123 125 130 131 112 80 66 73 83 74 82 99 92 71 62 60 56 55 59 69 98 110 109 108 111 107 105 99 98 97 99 103 100 94 94 90 87 90 90 87 87 88 93 105 122 185 147 79 69 60 60 64 69 74 73 69 67 64 61 59 56 
103 104 106 114 125 130 132 117 79 69 70 82 75 81 115 109 94 86 81 74 69 69 80 101 116 106 109 112 113 104 97 96 97 98 105 102 89 90 89 88 90 87 83 82 83 88 101 125 184 133 79 69 60 62 65 75 78 74 69 66 63 60 58 56 
98 100 101 104 121 131 131 122 85 78 77 81 77 78 113 115 113 112 103 92 86 87 94 105 107 102 101 115 118 97 90 92 93 93 95 95 91 93 91 87 83 80 80 79 78 81 104 139 181 120 80 68 60 63 67 79 80 73 68 65 62 59 56 55 
84 88 88 94 119 132 131 127 108 102 101 100 100 99 112 117 117 115 109 104 100 99 103 107 101 112 111 116 113 103 101 101 101 100 98 98 98 101 100 96 92 88 88 87 84 83 97 143 178 112 82 65 62 64 71 84 81 73 66 64 61 58 56 55 


39 33 26 30 101 148 147 145 145 143 142 141 138 135 133 133 130 125 122 120 119 115 112 107 106 105 102 101 99 96 97 94 91 89 86 84 83 84 84 79 78 82 83 83 77 83 143 190 122 69 52 35 35 38 48 64 81 101 104 69 52 48 41 40 
35 28 23 28 103 149 146 146 145 145 142 139 136 133 130 130 126 122 119 117 115 112 111 115 117 125 123 107 99 95 94 92 90 90 90 97 93 93 101 94 97 107 108 103 100 108 157 200 145 80 77 38 33 40 47 55 72 89 97 72 54 49 42 38 
41 40 37 44 101 136 131 132 124 118 112 116 121 112 109 104 103 102 103 101 102 101 109 149 159 191 197 125 95 94 90 89 89 88 92 91 91 100 120 109 139 173 148 132 137 133 148 205 172 83 69 41 32 38 46 51 61 72 80 70 53 48 43 39 
55 59 59 73 101 103 100 90 57 54 57 59 60 82 104 105 104 103 103 104 102 101 122 174 178 172 188 135 105 93 89 91 85 86 89 85 86 88 94 115 149 148 149 150 122 104 129 199 186 84 59 40 35 38 40 41 43 47 59 62 54 50 45 40 
70 77 86 98 107 109 107 87 51 46 47 54 51 89 109 113 111 109 109 107 105 103 105 136 173 172 173 133 101 98 96 92 88 89 89 86 87 92 112 135 145 159 148 109 88 94 133 198 199 94 59 39 35 38 34 31 32 32 35 44 51 48 44 39 
103 104 104 105 106 107 106 81 51 53 57 57 54 91 107 107 108 107 109 106 105 104 100 129 160 163 162 119 95 91 93 92 90 88 88 90 106 132 142 155 164 129 96 91 86 102 144 207 214 108 66 41 36 35 32 29 29 28 29 29 37 49 43 39 
111 109 106 108 108 107 107 81 52 55 72 65 58 92 103 106 110 107 110 108 109 107 106 137 149 158 151 111 100 99 98 98 96 98 108 133 143 153 169 156 117 99 95 97 93 110 143 203 224 122 73 45 36 36 29 27 26 30 31 29 28 38 42 40 
107 103 101 106 107 106 104 81 56 60 76 67 62 93 104 108 111 108 106 105 108 106 106 145 136 156 150 111 106 107 111 114 119 131 140 149 165 160 130 110 104 106 106 108 104 120 156 208 233 134 74 47 33 35 32 31 29 33 30 27 30 35 40 43 
84 77 77 84 79 75 71 71 60 66 83 72 76 84 76 82 98 102 103 102 105 104 105 160 131 150 148 120 118 123 128 135 138 145 160 160 141 114 107 106 105 107 107 110 109 128 156 210 238 150 71 45 36 34 31 28 30 29 32 28 30 35 36 36 
95 90 91 93 88 84 75 76 64 59 79 78 80 77 54 68 82 92 97 101 110 113 115 152 155 160 152 138 140 138 139 139 143 145 135 120 114 113 114 112 111 112 113 116 116 127 144 207 241 165 73 41 35 35 32 31 33 30 31 30 31 32 35 34 
111 111 111 112 112 112 107 96 64 58 73 88 90 85 57 66 81 88 94 99 111 119 121 146 166 167 154 139 138 136 136 130 122 117 117 115 115 118 120 120 120 117 119 121 120 124 141 208 243 179 77 40 32 35 34 32 32 32 30 30 33 32 35 35 
112 110 108 109 111 111 107 101 78 75 82 91 94 97 86 88 103 106 106 101 98 93 92 153 178 180 153 137 128 124 122 120 118 118 119 118 117 118 122 123 123 123 123 123 123 127 151 216 245 191 81 40 34 35 34 34 35 30 32 31 29 32 34 32 
106 106 107 106 108 107 108 106 94 94 99 96 96 100 99 99 104 106 104 93 91 81 88 179 166 173 149 128 121 122 121 122 120 120 122 124 122 125 129 129 130 131 131 138 146 154 166 220 249 202 87 38 35 34 34 35 36 31 30 31 30 31 33 33 
79 77 79 81 83 87 93 95 86 92 105 90 83 84 86 89 91 96 95 92 91 90 95 117 112 95 82 73 69 68 70 71 69 74 75 75 76 81 86 90 95 98 104 111 125 138 146 196 241 204 80 36 35 36 34 34 34 31 31 30 31 33 33 33 
79 77 78 73 60 50 48 48 51 63 84 85 83 80 86 90 89 91 91 89 88 88 91 87 82 61 36 36 34 33 35 38 35 40 44 44 46 52 55 62 66 74 82 86 93 109 121 137 194 202 72 38 35 33 31 32 34 32 33 31 31 31 34 33 
84 81 82 70 51 35 28 32 35 52 85 88 90 88 89 96 95 95 95 90 87 85 89 98 100 70 40 38 36 33 37 38 37 40 44 44 48 51 55 62 67 74 84 90 94 98 99 111 152 196 75 38 34 33 31 29 32 31 31 32 31 31 33 30 
86 85 84 64 48 50 45 52 43 55 79 81 82 85 90 95 98 98 98 92 81 76 86 97 95 67 43 43 39 34 37 41 35 40 43 45 50 54 56 63 68 74 84 89 93 93 86 94 129 191 82 37 35 35 34 32 33 32 31 29 29 29 29 31 
74 83 84 63 50 53 41 50 44 57 68 70 75 84 97 91 96 98 93 85 77 78 90 100 86 70 52 46 39 36 37 40 39 43 48 49 52 55 60 64 68 74 83 88 90 90 83 82 118 189 88 34 36 33 34 33 33 29 29 30 32 30 27 28 
64 89 81 58 46 43 46 55 47 62 71 72 75 86 99 94 94 95 93 82 76 82 96 117 94 72 49 45 44 41 43 44 43 41 46 50 54 55 61 66 70 75 82 87 90 90 79 76 111 186 96 35 34 34 33 32 31 28 30 30 27 29 23 12 
62 82 76 60 52 42 58 54 49 64 58 53 62 73 85 91 90 92 87 77 73 80 97 125 106 75 46 40 41 36 40 41 40 41 46 47 50 55 59 64 66 74 82 86 88 88 80 78 112 188 104 35 33 34 33 32 31 30 29 28 23 15 8 4 
57 53 56 56 47 49 61 55 45 58 43 41 46 46 53 59 68 79 81 79 72 77 106 122 116 75 45 34 36 35 37 38 38 43 46 45 49 54 58 61 66 71 75 82 84 85 81 88 126 194 113 37 37 37 32 33 33 32 30 21 8 5 5 4 
68 78 71 58 48 56 61 60 48 61 52 50 56 59 72 78 82 89 88 83 76 84 114 116 121 79 53 43 38 39 41 42 35 41 45 46 50 54 55 59 63 70 74 80 84 87 85 93 129 199 123 37 34 35 32 31 31 31 27 23 15 12 13 11 
71 101 85 60 51 50 63 66 58 63 64 61 65 79 93 95 95 98 98 89 80 100 120 111 123 96 49 41 40 42 44 47 48 51 53 50 55 57 60 64 64 70 77 84 90 93 83 84 120 200 130 38 36 33 34 33 31 32 29 28 28 21 20 16 
66 97 94 65 49 54 65 66 59 63 68 67 67 77 87 92 92 94 93 90 88 109 122 98 116 98 47 34 39 38 45 51 51 54 58 58 60 62 64 65 66 71 78 87 96 96 82 83 124 204 135 41 37 34 32 32 30 28 30 28 29 27 26 21 
70 100 117 85 61 57 64 68 71 72 72 72 71 83 90 95 96 96 95 95 92 106 122 106 108 108 57 40 42 43 52 56 58 64 59 58 64 68 70 69 70 74 84 93 99 100 89 92 133 213 140 41 37 36 32 33 34 29 30 26 27 28 28 25 
71 103 111 94 72 72 70 69 68 72 73 73 75 88 92 97 99 98 97 95 92 94 107 119 116 101 76 47 48 48 56 59 66 77 58 55 59 63 69 75 78 83 92 102 112 112 99 104 150 224 146 42 38 37 34 31 31 30 28 28 26 27 26 15 
74 102 91 93 95 95 90 79 75 78 79 79 81 89 91 95 97 96 98 94 91 91 83 86 123 104 61 49 46 45 47 56 74 85 62 56 57 59 65 69 75 84 89 96 108 118 101 112 178 234 149 44 36 36 35 33 32 33 30 24 17 13 9 5 
73 96 91 96 99 101 98 96 94 93 95 93 90 94 95 99 100 98 99 96 92 92 88 69 86 104 70 60 46 44 62 87 83 105 101 96 99 100 87 70 72 82 88 92 98 113 120 145 216 240 151 45 36 37 34 35 31 33 30 22 13 11 9 5 
66 114 103 107 109 109 108 106 105 103 103 100 101 102 101 101 101 99 98 93 89 90 87 77 77 87 79 72 64 66 79 86 85 91 85 76 77 78 74 65 68 70 74 77 85 99 145 205 246 239 151 45 40 41 36 34 32 33 29 27 24 20 21 15 
67 139 110 114 115 114 114 115 113 114 113 111 111 107 108 107 105 104 105 101 100 101 100 97 98 98 98 99 98 96 92 77 68 79 86 80 76 70 69 66 63 47 28 36 50 54 172 245 251 233 147 47 42 39 34 34 33 33 32 30 28 25 22 21 
66 139 114 118 120 118 117 118 117 116 116 115 112 109 110 109 109 105 106 102 103 104 102 99 101 99 100 101 99 99 98 97 93 91 88 85 80 74 69 72 66 55 41 44 44 41 170 247 252 233 147 50 39 34 35 36 34 32 28 30 31 28 27 20 
65 116 105 109 111 109 109 112 112 111 113 112 110 111 110 111 110 108 106 104 104 102 103 102 103 102 101 101 100 99 101 100 97 95 92 86 82 76 60 70 85 79 69 63 48 41 169 248 252 234 148 49 37 34 35 35 35 33 33 31 28 23 17 15 
66 84 85 91 92 92 91 92 92 92 95 94 92 93 99 101 103 103 104 103 102 103 103 102 105 103 101 103 102 100 98 99 96 95 93 87 85 80 75 78 84 81 76 71 65 46 163 247 251 232 149 49 39 37 37 37 36 31 27 25 15 11 13 12 
64 119 108 115 114 112 109 108 107 101 100 94 91 88 88 89 89 89 89 88 88 93 96 96 100 100 100 101 101 101 98 99 95 94 92 86 78 71 68 71 72 66 61 56 52 51 164 245 245 216 130 50 41 39 38 32 29 24 22 16 7 7 7 5 
65 137 122 133 131 127 125 124 124 122 121 117 114 109 108 106 101 98 92 88 85 84 83 82 84 84 87 88 90 92 93 94 94 93 92 87 80 72 67 64 61 60 60 60 58 72 143 175 155 129 88 45 35 32 31 28 27 26 28 26 18 14 12 7 
68 119 112 127 131 130 128 125 124 122 118 117 114 111 112 112 110 109 108 103 100 98 95 89 80 69 65 68 72 78 82 89 96 99 104 106 108 107 109 112 116 121 128 131 129 127 131 146 167 147 93 36 26 26 28 29 28 29 26 23 22 23 21 14 
73 94 89 103 114 119 118 117 112 108 103 98 97 96 96 99 100 100 100 96 96 97 97 82 68 46 34 35 39 44 49 55 60 68 75 83 93 99 103 105 108 108 101 94 89 90 101 126 184 210 144 39 32 29 30 26 27 29 25 26 23 26 27 21 
66 102 83 97 100 96 93 77 76 75 77 77 76 87 93 93 95 95 96 95 95 93 91 79 54 43 24 19 22 22 21 24 22 24 21 22 28 31 38 41 43 46 49 53 57 64 80 122 176 230 156 37 30 30 30 28 28 29 27 28 26 29 27 26 
64 97 88 92 78 73 69 59 62 66 69 65 68 84 93 94 96 93 94 95 94 93 89 81 61 51 26 20 22 21 19 20 19 21 20 15 18 21 26 31 33 39 44 48 54 62 70 94 129 203 158 39 30 28 28 30 27 29 29 28 28 27 27 27 
62 98 93 80 37 14 9 9 15 41 70 64 65 81 92 95 93 92 94 96 93 95 97 87 60 47 18 17 20 25 25 22 21 23 24 20 22 26 28 33 38 42 45 48 53 67 74 82 108 177 159 35 28 28 30 30 30 30 29 25 27 25 24 21 
63 88 83 69 51 41 38 39 44 60 68 63 60 75 86 92 89 91 90 92 90 90 94 88 70 46 18 14 22 38 49 30 21 20 22 19 20 22 25 28 33 35 36 42 41 46 52 70 100 159 159 35 31 31 30 31 29 29 29 25 18 13 11 9 
61 88 82 62 41 42 49 57 46 60 69 65 64 78 93 92 96 95 95 99 96 97 97 75 77 52 21 17 32 50 48 37 33 23 23 20 22 24 26 29 31 39 39 40 40 42 39 59 88 147 158 36 31 28 29 30 31 29 25 21 15 10 8 6 
57 90 83 62 50 43 52 59 49 63 70 69 66 77 92 94 98 90 97 97 95 96 84 61 89 71 26 28 38 44 39 35 38 21 20 19 23 22 25 30 37 61 60 42 40 42 36 51 81 141 159 35 30 30 30 29 29 27 25 26 27 23 19 12 
50 66 66 64 64 53 64 64 51 58 61 59 59 70 85 89 90 89 93 92 92 88 64 47 83 77 28 27 49 46 33 25 23 19 20 18 20 21 25 31 40 71 82 46 40 38 36 46 80 137 158 36 30 28 31 31 28 28 26 25 26 27 25 24 
29 29 30 60 63 47 61 67 54 59 63 58 58 73 88 89 90 89 93 93 92 83 50 43 65 76 34 21 46 45 33 21 16 16 18 16 17 20 32 46 45 64 71 52 44 34 32 41 82 138 157 35 29 31 29 31 27 26 25 26 25 27 28 25 
31 27 27 55 59 45 59 65 57 59 58 58 61 73 84 89 88 89 94 94 90 82 55 49 50 47 25 22 35 43 36 27 22 24 22 19 21 25 33 43 49 62 67 59 49 35 33 38 78 139 153 32 30 31 30 33 29 28 27 28 26 27 28 26 
29 27 28 55 57 44 54 59 49 52 47 44 48 54 66 72 75 78 79 74 62 50 42 41 48 35 20 23 29 34 34 29 25 29 30 31 32 36 38 44 50 62 66 47 40 32 30 38 76 142 149 30 31 31 30 31 28 29 28 27 28 29 32 29 
56 61 65 60 57 44 56 60 51 50 60 59 59 68 76 78 77 75 75 70 62 54 53 39 50 31 15 18 24 24 26 26 24 25 26 25 29 32 32 31 30 50 57 38 35 35 31 38 74 149 146 27 28 29 29 31 27 30 30 30 29 30 31 31 
77 77 74 60 58 46 54 60 60 60 81 86 83 84 85 83 79 74 70 65 64 65 68 51 52 22 13 16 20 23 20 25 24 22 22 20 20 21 23 25 28 31 37 40 38 40 34 42 88 164 143 25 27 29 28 28 28 28 29 29 29 27 28 29 
74 72 74 62 54 56 53 59 62 60 78 84 82 80 79 72 70 66 55 51 51 58 61 39 28 23 16 18 21 20 20 25 22 23 23 19 21 23 27 30 31 35 40 45 43 42 40 52 105 188 137 26 31 31 30 29 30 30 31 29 29 31 30 29 
64 62 62 66 69 72 73 76 73 70 70 69 67 68 73 74 76 70 68 68 68 67 62 30 26 28 25 27 28 26 27 30 25 28 28 25 29 29 32 35 38 40 47 49 51 52 49 77 138 221 132 23 29 29 29 30 31 29 32 28 25 30 33 30 
78 77 75 80 79 78 79 83 83 78 73 66 62 63 67 69 74 69 65 60 58 58 61 49 33 24 22 23 22 22 25 38 43 45 47 47 47 44 42 44 41 38 48 51 55 62 70 112 204 235 123 23 29 30 31 32 31 27 31 30 30 32 34 30 
87 86 84 87 89 88 89 92 90 89 84 63 57 59 62 61 58 52 47 47 47 46 49 52 26 20 17 22 19 19 19 22 20 19 20 19 19 20 18 18 18 22 36 62 69 90 111 146 229 229 106 20 27 32 32 32 32 29 31 33 31 31 32 32 
89 86 83 86 88 87 86 87 84 85 80 60 56 54 53 54 46 41 45 41 42 42 48 48 16 11 9 11 13 14 12 12 12 12 12 10 10 11 10 13 15 15 17 24 27 45 97 135 220 225 92 22 27 31 31 29 30 31 31 29 30 31 31 29 
85 83 80 81 83 83 81 78 63 55 53 49 56 68 55 52 45 40 48 45 40 45 49 48 15 9 10 11 12 11 12 12 9 11 10 9 10 9 9 10 10 13 13 16 19 29 70 119 212 220 79 20 26 31 30 31 28 29 30 31 30 31 32 27 
84 82 83 84 87 87 87 78 45 23 19 19 25 58 57 53 41 39 46 42 41 47 52 50 19 9 10 12 15 11 9 12 10 10 12 11 13 13 10 11 11 12 12 17 26 41 70 108 203 211 63 19 22 27 28 29 27 27 28 29 29 31 33 28 
75 79 81 84 86 86 85 74 53 46 53 54 49 60 49 49 39 28 29 28 38 38 46 43 17 12 11 16 14 10 8 10 9 10 12 10 12 14 12 11 11 10 13 19 31 51 67 101 198 201 53 20 23 27 28 30 29 29 29 29 29 31 31 29 
68 65 67 74 76 71 66 60 48 42 54 58 45 52 28 31 30 30 31 34 44 47 48 42 14 11 11 15 11 9 9 10 8 9 12 12 12 10 10 10 9 10 14 17 22 38 59 95 192 189 42 24 25 24 27 29 31 28 30 30 32 33 29 27 
74 70 67 70 71 72 66 63 56 47 59 65 54 52 28 34 36 43 41 46 55 61 61 56 23 16 20 22 20 15 16 18 14 17 16 15 17 14 12 12 12 13 17 17 21 30 52 91 187 175 35 22 26 27 28 31 30 28 29 31 31 29 27 25 
85 81 78 79 81 83 81 71 58 48 57 63 51 53 41 38 29 26 25 24 28 33 36 45 29 15 14 14 15 15 14 17 12 13 16 12 13 14 14 12 13 11 14 15 17 24 42 82 183 156 27 23 25 27 28 30 33 31 32 27 29 29 28 25 
76 75 75 77 79 82 81 70 55 40 49 59 49 54 53 48 32 27 26 22 20 26 30 41 32 17 14 15 13 12 13 12 10 11 15 11 8 10 11 11 12 9 13 13 15 22 35 77 179 135 22 27 28 28 28 32 34 34 31 29 28 28 27 27 
64 65 63 67 79 83 83 74 53 42 47 56 50 54 69 60 47 39 36 32 27 29 36 47 45 20 14 18 18 13 14 13 10 13 18 14 10 12 11 11 12 13 16 13 13 17 28 78 176 113 24 29 28 28 30 33 35 31 29 30 28 29 28 26 
65 61 61 62 77 84 82 76 49 47 49 55 50 50 67 67 66 63 54 46 41 39 44 49 38 15 12 22 24 16 15 16 12 13 15 14 14 17 19 16 13 14 15 15 15 15 26 84 175 91 31 30 26 29 32 39 38 33 28 28 28 28 28 27 
51 49 48 56 75 82 81 80 63 62 61 61 59 56 62 67 67 65 59 54 50 51 51 50 31 20 18 25 22 22 18 20 17 18 18 18 17 19 22 19 15 16 18 18 16 17 22 101 175 76 34 31 28 27 32 39 38 33 29 27 28 27 26 27 