


43 44 44 44 44 45 46 47 49 49 48 48 49 49 51 50 50 51 52 52 52 52 53 53 54 54 55 55 55 55 55 56 57 57 56 57 58 58 59 61 60 62 63 61 62 63 63 61 63 63 61 62 63 63 62 62 62 62 62 63 62 62 62 62 
43 44 44 45 45 45 46 47 50 51 49 49 49 50 50 50 50 51 51 52 52 53 53 53 54 54 54 55 55 56 56 56 57 57 57 58 58 58 59 62 62 62 62 61 63 63 63 61 62 62 62 61 62 62 62 63 63 63 63 63 63 63 63 62 
43 44 44 45 45 46 46 47 50 51 50 50 49 49 49 50 50 51 51 52 52 53 53 54 54 54 55 55 55 56 56 56 57 57 58 58 58 59 59 60 62 63 63 62 62 63 63 62 63 62 62 62 62 62 62 63 63 63 64 63 63 64 63 63 
43 45 44 44 45 46 46 47 48 51 51 50 49 49 50 50 50 51 52 52 52 53 53 53 54 54 54 55 55 56 56 56 57 57 57 58 58 59 59 59 60 62 62 62 61 62 63 62 63 62 62 61 62 62 62 62 62 62 63 63 63 63 63 63 
43 44 44 45 45 45 46 46 47 48 49 50 49 49 50 50 50 51 51 52 52 53 53 54 54 54 54 55 55 56 56 56 57 57 57 58 58 58 59 59 60 61 60 61 62 63 63 62 61 61 62 62 62 62 62 62 62 63 63 63 63 63 63 63 
44 44 44 45 45 45 46 47 47 47 48 49 49 49 49 50 50 51 51 52 52 52 53 53 54 54 54 55 55 56 57 57 57 57 57 58 58 58 59 59 59 60 60 60 61 62 63 62 61 61 62 62 62 62 62 62 62 63 63 63 63 63 63 64 
44 44 44 44 45 45 46 46 47 48 48 48 48 49 50 50 50 51 51 52 52 52 53 54 53 54 55 55 55 55 56 56 57 56 57 58 58 58 59 59 59 60 60 60 61 62 62 61 61 61 61 61 62 62 62 62 62 63 63 63 63 64 63 63 
43 44 44 44 45 46 46 46 47 47 48 49 49 49 50 50 50 51 51 51 52 52 53 54 54 54 54 55 55 56 55 56 57 57 57 58 58 58 58 59 59 59 59 60 62 63 63 61 61 61 61 62 62 62 62 62 62 63 63 63 63 64 64 63 
43 43 44 44 45 47 47 46 46 47 49 48 49 49 50 51 51 51 51 52 52 52 53 53 54 54 54 55 55 56 56 56 56 57 57 57 58 58 59 58 59 59 60 60 61 61 62 63 61 61 61 62 62 62 62 62 62 62 63 63 63 64 63 63 
42 44 45 45 46 46 46 46 46 47 48 48 48 49 49 50 50 51 51 51 52 52 53 53 53 54 54 55 55 55 56 56 57 57 57 58 58 58 58 59 59 59 60 59 60 60 60 62 61 61 61 61 61 61 62 62 62 62 63 63 63 64 63 63 
44 45 45 44 45 45 46 45 46 47 48 48 49 49 49 50 50 51 51 52 52 52 53 53 54 53 54 55 56 56 56 56 56 57 57 58 58 58 58 59 59 60 59 60 60 60 61 61 61 62 62 62 62 63 62 62 62 63 63 63 63 63 63 63 
44 44 44 45 45 45 46 46 47 47 48 48 49 49 49 50 50 51 51 51 52 53 53 53 53 54 54 54 55 56 56 56 57 57 58 58 58 58 58 59 60 60 60 60 60 60 61 61 61 62 63 62 62 62 62 63 62 63 63 63 63 63 64 63 
43 43 44 45 45 45 46 46 46 47 47 48 49 49 49 50 50 51 51 52 52 53 53 53 54 54 54 55 55 56 56 56 57 57 58 58 58 58 58 58 59 59 60 61 61 61 61 61 61 62 62 62 62 62 62 63 63 63 63 63 63 64 64 64 
44 43 44 45 45 46 46 46 47 47 48 48 48 49 50 50 50 50 51 52 52 52 52 53 53 54 55 55 55 56 56 56 57 57 58 58 58 58 59 60 59 60 60 60 60 61 61 62 61 62 62 61 62 63 63 63 63 63 63 65 64 64 64 64 
43 44 44 45 45 46 46 47 47 47 48 48 48 49 49 50 50 51 52 52 52 53 53 53 54 54 55 55 55 56 56 56 57 57 58 57 58 59 59 60 59 59 60 60 61 61 61 62 61 61 62 62 63 64 63 63 63 63 64 64 64 64 64 63 
43 44 45 45 45 46 46 47 47 48 48 50 50 50 50 50 51 51 52 52 52 53 53 53 54 54 54 55 55 56 57 56 57 57 58 58 59 59 59 60 60 60 60 60 62 63 62 62 62 62 63 64 63 63 64 65 63 63 65 64 64 64 64 64 
43 44 45 45 45 45 46 47 47 48 48 49 49 50 50 51 51 52 52 52 52 53 53 54 54 55 55 55 56 56 57 57 57 58 58 58 59 59 59 61 60 61 61 62 63 63 63 63 64 63 64 64 64 64 63 65 65 64 65 65 64 64 64 63 
44 44 45 45 45 46 46 47 47 48 48 48 49 50 50 50 51 51 52 52 52 53 53 54 54 54 55 55 57 56 57 57 58 58 58 58 59 59 59 60 61 61 61 62 63 64 64 64 64 64 65 65 64 64 64 65 65 65 66 66 66 65 65 63 
44 45 45 45 46 46 46 47 48 49 48 49 49 50 50 50 51 51 52 53 53 53 54 54 54 55 55 56 57 57 56 57 57 58 58 59 59 59 59 59 61 61 62 63 63 64 64 64 64 65 74 93 54 66 65 66 65 66 66 66 67 67 66 65 
44 45 45 45 46 46 46 47 49 49 49 49 49 49 50 51 52 52 66 62 54 54 54 54 54 55 55 56 56 56 56 57 58 58 58 58 59 60 59 60 61 62 62 62 63 64 64 64 66 75 146 167 69 68 67 67 67 67 68 67 67 67 67 65 
44 45 45 45 46 46 47 47 48 48 51 51 49 50 50 51 53 62 134 75 53 53 54 54 54 55 56 57 56 56 57 58 58 58 58 58 58 59 60 61 62 62 63 63 63 64 65 67 84 155 192 177 98 74 75 74 76 75 75 71 74 77 71 67 
45 46 45 46 46 46 46 48 48 50 99 77 50 51 52 51 53 71 151 64 53 54 54 55 55 55 57 57 58 58 57 58 59 58 59 60 59 59 60 61 62 62 63 64 64 67 78 113 176 178 152 204 192 180 186 192 195 188 176 136 143 139 113 88 
46 46 46 46 47 47 47 48 49 51 131 98 51 50 51 52 53 89 158 68 54 54 55 55 55 55 57 58 58 58 57 58 58 59 61 60 59 59 60 61 62 63 77 72 67 100 146 189 200 226 245 251 251 251 251 251 249 246 228 208 194 198 208 218 
46 46 46 46 47 47 47 48 49 51 122 120 52 51 51 51 54 113 170 74 55 56 56 57 57 57 57 58 57 58 58 59 59 59 61 60 60 61 62 62 62 75 145 148 124 155 98 167 242 251 251 251 252 251 251 250 247 232 227 214 202 208 238 249 
46 46 47 46 46 47 47 48 48 51 113 146 66 52 52 53 54 110 175 76 55 56 57 57 57 57 57 58 59 59 59 59 60 60 61 61 60 61 62 62 65 106 176 221 217 159 101 202 248 251 251 252 252 251 251 249 242 216 237 223 213 207 140 199 
46 47 46 46 47 47 48 49 50 51 103 187 111 52 53 57 64 113 151 57 56 55 56 57 57 57 57 58 59 59 59 60 60 59 60 61 61 62 62 63 68 127 193 191 219 155 161 216 242 233 223 248 250 250 248 243 237 231 240 235 215 219 120 170 
46 47 48 48 48 47 49 50 50 52 94 187 143 43 40 46 52 70 91 58 92 64 60 58 58 59 59 59 59 60 61 61 60 61 61 62 63 63 63 65 67 91 172 169 195 175 209 195 192 160 169 231 231 224 218 211 213 234 236 232 213 200 139 181 
47 47 47 48 48 47 49 50 51 54 121 162 106 45 85 77 138 120 124 97 117 135 113 94 89 90 93 93 94 97 99 101 101 102 105 108 112 116 121 119 130 154 184 166 190 203 202 211 146 93 155 202 215 216 218 220 216 214 229 226 212 225 244 248 
48 49 48 49 50 50 50 51 53 68 182 184 163 146 162 143 133 129 146 174 197 216 212 210 212 214 215 215 216 218 219 218 203 217 204 181 200 215 206 183 225 208 184 157 211 225 211 227 120 110 146 135 193 207 214 230 234 233 226 209 184 207 251 252 
89 90 90 89 86 87 90 107 144 164 213 195 217 212 207 185 165 187 228 234 241 238 236 232 234 240 234 229 227 226 217 211 194 227 204 160 176 168 97 148 204 197 165 109 188 204 212 211 135 124 154 154 211 209 228 217 235 204 223 195 171 212 250 252 
216 217 223 215 203 202 201 212 226 225 221 198 218 235 237 204 197 213 230 229 237 228 226 208 194 231 213 218 218 208 192 145 171 216 191 126 157 136 56 117 182 183 118 52 113 199 206 185 179 177 150 200 238 202 220 210 226 221 215 199 164 192 246 249 
199 203 208 207 206 203 204 209 221 228 222 200 214 238 241 209 221 231 234 234 244 226 214 181 125 130 111 194 210 199 181 110 139 211 176 76 164 128 50 83 150 121 64 56 108 206 206 210 193 159 198 213 219 220 220 224 223 224 224 220 218 226 239 239 
161 147 173 188 184 178 179 174 191 225 212 198 214 228 235 221 243 229 233 231 214 136 102 95 88 90 106 158 193 176 183 121 121 214 191 79 143 108 56 78 96 89 84 92 128 203 220 218 195 102 198 221 224 228 234 235 234 233 243 246 248 246 245 247 
191 179 209 227 212 195 179 188 198 210 157 206 229 233 237 237 234 204 170 146 156 80 107 148 127 110 153 128 126 143 142 109 124 163 127 88 107 126 122 124 127 138 146 166 188 204 204 203 186 110 198 227 224 217 218 214 203 195 211 210 216 220 211 236 
231 213 213 228 215 208 159 146 188 185 173 181 168 175 169 148 107 67 76 86 131 148 164 191 181 89 155 129 141 137 89 87 107 109 110 105 109 133 162 152 144 139 102 151 175 190 210 192 175 121 201 233 224 206 211 199 178 163 193 141 123 156 180 223 
179 158 175 207 206 209 180 174 135 116 76 78 124 78 58 82 107 104 143 118 136 156 116 130 122 63 120 147 108 97 106 112 115 128 146 172 200 218 223 185 181 162 126 156 161 167 215 203 169 80 123 175 216 197 214 232 234 242 220 208 197 185 133 188 
112 154 165 167 230 153 93 76 62 67 93 114 166 169 120 125 114 155 179 116 100 109 108 131 161 125 143 183 173 126 136 155 185 214 226 226 224 221 222 222 222 226 222 221 224 200 218 210 188 120 82 135 145 186 204 231 233 238 212 213 221 219 215 215 
182 191 169 213 223 140 79 113 150 110 160 146 135 125 102 103 109 165 177 118 170 197 198 177 155 183 185 186 196 209 245 247 248 248 247 248 248 248 248 247 247 247 246 239 216 209 222 215 193 151 100 148 85 167 209 226 233 224 183 183 211 215 239 228 
134 167 163 160 180 166 166 178 172 142 205 133 124 160 178 184 169 181 157 155 198 239 239 215 203 210 178 181 197 217 252 252 253 252 250 252 253 252 252 252 252 252 252 228 147 184 223 211 201 186 130 123 154 196 213 195 209 224 199 197 214 207 220 211 
142 191 197 222 224 175 179 199 203 220 235 180 236 241 223 178 165 197 206 230 242 250 249 248 249 238 189 180 195 214 252 252 253 253 251 252 252 252 252 252 252 251 250 223 156 204 231 213 203 191 158 102 203 208 216 203 222 232 224 213 203 201 194 178 
230 239 235 228 210 173 172 204 222 227 200 187 239 232 194 107 101 205 234 241 242 244 245 246 246 230 233 192 200 211 252 253 253 253 250 252 252 253 251 248 244 232 223 206 144 212 239 220 201 189 174 104 184 205 204 200 210 218 218 212 212 210 205 207 
221 227 226 226 208 171 167 210 216 213 212 186 235 233 203 114 64 96 91 102 107 114 110 118 130 165 219 194 203 206 251 250 248 243 241 243 235 229 223 221 218 210 201 185 138 209 242 227 214 184 168 102 191 228 232 226 233 235 231 226 214 200 199 191 
226 230 231 226 202 170 167 215 211 200 224 198 231 221 172 132 75 66 53 59 62 80 116 159 167 174 188 196 211 215 211 220 226 212 217 225 216 211 206 208 214 207 212 196 128 202 238 229 203 181 169 111 195 218 208 199 195 198 180 189 187 156 176 169 
241 238 232 233 215 171 159 217 206 206 232 209 228 228 206 175 124 163 162 128 125 157 223 248 249 248 239 210 223 238 211 152 141 172 207 230 234 231 229 228 225 217 218 202 115 193 233 229 184 195 168 101 118 135 162 179 169 163 176 187 167 134 174 164 
248 249 246 238 225 186 159 215 204 211 223 203 225 235 216 193 146 167 163 176 200 206 242 244 244 239 186 225 234 236 234 228 173 108 112 157 199 218 216 215 215 211 211 195 122 198 245 238 154 186 163 108 86 82 98 140 147 170 177 195 188 187 193 199 
203 234 244 248 242 197 152 216 202 229 193 196 221 241 209 216 183 182 118 184 160 108 221 247 229 195 149 235 243 235 227 226 220 208 148 96 86 97 125 180 204 189 194 179 133 204 248 227 125 185 173 99 70 77 49 52 103 174 199 201 170 181 192 194 
191 210 182 220 233 214 153 216 197 216 203 202 210 226 194 215 225 216 192 193 163 173 221 244 240 235 240 250 247 236 232 223 216 216 217 194 118 76 76 105 150 146 201 188 142 205 245 232 153 182 183 113 32 43 42 69 135 200 205 156 52 104 153 162 
219 212 192 200 165 195 142 197 170 199 191 182 150 113 156 217 246 247 240 198 196 229 240 249 251 250 250 248 246 238 235 225 214 207 211 233 231 168 100 83 101 152 198 200 143 169 236 249 236 169 161 172 112 36 127 123 181 200 192 74 43 116 47 31 
219 219 216 210 202 205 133 109 142 206 163 164 94 53 56 129 225 232 225 212 219 175 164 211 241 247 249 249 243 228 232 228 210 208 218 232 244 247 199 127 92 99 131 178 144 153 230 232 238 236 216 210 152 31 109 106 175 194 174 49 75 99 10 10 
230 226 229 212 220 210 122 81 41 116 148 180 135 59 14 53 188 206 208 219 234 214 162 129 167 239 249 249 249 241 228 219 204 221 232 236 243 241 223 212 158 96 85 124 140 134 212 222 224 236 248 221 159 46 25 40 124 192 188 66 87 97 10 14 
216 138 204 154 163 199 108 147 66 101 146 167 121 110 47 16 79 187 213 211 245 203 183 199 153 180 230 246 248 248 248 229 209 238 245 243 241 227 219 217 215 198 140 121 142 113 199 235 225 219 234 185 159 46 12 7 95 190 204 127 73 121 25 17 
213 156 199 158 144 182 124 98 73 131 160 151 163 183 98 65 128 243 226 231 220 203 192 199 209 197 151 184 240 249 250 249 242 232 243 250 238 222 220 222 224 226 214 183 149 109 188 228 225 224 227 176 166 47 13 18 83 159 203 194 79 117 58 21 
200 200 187 210 188 181 131 111 133 171 156 186 189 189 161 173 208 250 232 229 224 216 201 235 215 208 169 161 206 237 248 249 249 244 237 241 243 234 229 224 228 226 210 212 165 145 208 217 218 236 216 183 160 71 30 47 78 92 114 105 55 47 47 27 
187 222 208 226 232 222 141 177 182 165 159 198 172 155 176 201 187 216 228 239 248 249 242 229 226 235 208 157 151 201 238 247 246 243 247 241 236 240 242 237 233 217 202 207 186 196 238 227 230 228 208 200 118 74 146 209 183 155 112 59 39 28 39 90 
194 233 241 241 230 228 161 177 195 196 219 240 196 215 201 188 120 114 210 223 246 250 251 244 236 209 210 214 185 140 168 228 243 240 239 240 237 221 239 243 231 210 198 209 203 207 227 215 224 216 180 183 140 160 215 251 252 248 233 189 152 114 121 182 
232 230 231 224 197 234 170 170 203 213 233 213 198 218 180 177 72 92 221 228 241 245 248 249 239 201 227 202 209 196 181 125 156 210 223 238 243 234 224 234 238 225 213 221 211 232 223 227 215 202 218 183 147 180 234 252 252 252 253 247 228 209 194 209 
235 234 234 233 203 228 211 205 220 223 219 207 209 220 171 172 126 139 145 130 143 159 165 169 198 186 176 196 224 198 166 154 157 179 194 223 234 236 239 228 225 234 230 232 236 248 233 229 230 229 209 176 145 178 241 252 250 242 225 191 143 117 130 225 
251 250 251 252 252 252 250 249 248 249 249 247 239 223 220 227 227 227 214 204 193 194 187 183 196 197 173 190 201 198 195 198 147 98 167 232 243 237 229 236 235 216 235 228 248 250 237 175 179 194 215 201 163 181 214 211 177 125 93 73 69 70 121 243 
248 249 252 252 252 251 250 252 251 253 251 247 240 223 241 246 247 245 238 231 227 229 213 212 219 220 221 209 208 214 216 209 207 207 208 223 232 232 224 231 241 238 231 225 242 233 223 205 205 203 214 198 165 142 113 82 62 53 45 47 68 97 149 237 
238 239 243 248 251 248 243 248 249 251 250 243 242 233 251 252 252 250 250 247 242 238 227 231 238 237 236 223 227 228 233 230 226 229 228 232 230 234 228 227 234 238 243 240 237 234 219 244 229 196 151 104 75 59 48 41 45 58 74 93 112 133 169 224 
202 213 217 220 227 217 217 223 229 237 240 239 241 232 242 250 251 250 250 252 252 251 251 251 251 250 249 245 243 242 245 243 233 236 232 236 232 232 229 237 240 239 240 240 239 221 180 149 106 73 55 45 41 45 64 79 84 75 81 134 166 123 169 208 
188 215 214 197 200 135 145 157 171 199 219 200 204 177 162 204 222 212 205 223 232 233 236 240 244 245 245 247 249 249 251 249 248 248 244 225 224 235 237 240 236 240 227 192 142 95 67 54 44 37 46 67 85 84 71 74 105 147 172 211 238 174 151 190 
241 229 215 196 207 171 200 166 194 179 185 167 200 158 150 161 179 173 118 142 176 204 209 210 202 183 175 182 192 198 203 203 204 212 212 160 167 211 223 222 208 165 111 72 51 46 40 47 66 85 88 84 78 118 158 187 176 166 173 203 228 230 199 178 
245 236 249 249 249 248 246 241 242 237 236 233 237 230 225 219 214 211 176 165 172 195 194 200 209 212 212 208 204 197 185 178 176 183 219 225 216 193 159 116 90 69 54 47 40 58 88 95 69 60 115 89 112 201 215 221 162 83 108 178 209 209 213 150 


109 110 110 111 111 112 113 113 114 115 115 115 115 115 116 116 117 117 117 118 119 119 120 120 120 121 121 121 122 122 122 123 123 123 124 124 125 125 125 126 126 126 127 127 127 127 127 127 127 128 128 128 128 128 129 129 129 129 129 129 130 129 129 129 
109 110 111 111 112 112 113 114 115 116 116 116 116 116 117 117 117 118 118 119 119 120 120 121 121 121 122 122 122 123 123 123 123 124 124 125 125 125 126 126 127 127 127 127 127 128 128 128 127 128 129 129 128 129 129 129 129 129 130 130 130 130 130 129 
110 110 111 112 112 113 113 114 115 116 117 116 116 116 117 117 117 118 119 119 120 120 120 120 121 121 122 122 122 123 123 123 124 124 125 125 125 125 125 126 127 127 127 127 127 128 128 128 128 128 128 129 129 129 129 129 129 129 130 130 130 130 130 129 
110 109 110 111 112 113 113 114 115 115 116 116 116 116 116 117 118 118 119 119 119 120 120 120 121 121 121 122 122 122 123 123 124 124 124 125 125 125 126 126 126 126 127 127 127 128 128 128 128 128 129 128 128 129 129 129 129 129 130 130 130 130 130 130 
109 110 111 111 112 112 113 113 114 115 116 117 116 116 117 117 118 118 118 119 119 120 120 120 121 121 121 122 122 123 123 123 124 124 124 125 125 125 126 126 126 126 127 127 127 127 127 128 128 128 129 128 128 129 129 129 130 130 130 130 130 131 130 129 
109 110 111 111 112 112 113 113 114 114 115 116 116 116 117 117 117 118 118 119 119 120 120 121 121 121 121 122 122 123 123 123 123 124 124 125 125 125 126 126 126 126 127 127 127 127 127 128 128 128 128 129 129 129 129 129 130 130 130 130 130 130 130 130 
109 110 111 111 112 112 113 113 113 114 115 116 115 116 116 117 117 118 118 119 119 119 120 120 121 121 122 122 122 122 123 123 123 124 124 125 125 125 126 126 126 126 127 127 127 128 128 128 128 128 128 128 129 129 129 129 130 130 130 130 130 131 130 130 
110 111 111 111 112 112 112 113 114 114 114 115 115 116 116 117 117 118 118 118 119 119 120 120 121 121 121 121 122 122 123 123 123 124 124 125 125 125 125 126 126 126 126 127 127 128 128 128 128 128 128 129 129 129 129 129 129 130 130 130 130 130 130 130 
110 111 111 111 112 111 112 113 113 114 114 115 115 116 116 116 117 118 118 119 119 119 120 120 121 121 122 122 122 123 123 124 124 124 124 124 125 125 125 126 126 126 127 127 127 128 128 128 128 128 128 129 129 129 129 129 129 129 130 130 130 130 130 130 
110 111 111 111 112 112 113 113 114 114 114 115 116 116 116 117 117 118 118 119 119 119 120 120 120 121 121 122 122 123 123 123 124 124 124 125 125 125 125 126 126 126 127 127 127 127 128 128 128 128 128 129 129 129 129 129 129 130 130 130 130 130 130 129 
110 110 111 111 112 112 113 113 113 114 115 115 116 116 116 117 117 118 118 119 119 119 120 120 120 121 121 122 122 122 123 123 123 124 124 125 125 125 126 126 126 126 126 127 127 127 127 128 128 129 128 128 128 129 129 129 129 130 130 130 130 130 130 130 
110 111 111 112 112 112 113 113 114 114 115 115 116 116 116 117 117 118 118 119 119 119 119 120 120 121 121 122 122 123 123 123 123 124 124 125 125 125 126 126 126 127 127 127 127 127 128 128 128 128 128 128 129 129 129 129 130 130 130 130 130 131 131 130 
110 111 111 112 112 112 113 113 114 114 114 115 116 116 116 117 117 118 118 119 119 119 120 120 121 121 121 122 122 123 123 124 124 124 124 125 125 125 126 126 126 127 127 127 127 127 128 128 128 128 128 129 129 129 129 129 130 130 130 130 130 131 131 130 
110 111 111 112 112 113 113 113 114 114 115 115 116 116 117 117 117 118 118 119 119 119 120 120 121 121 121 122 122 123 123 124 124 124 124 125 125 125 125 126 126 127 127 127 127 127 128 128 128 128 129 129 129 129 129 130 130 130 130 130 130 131 131 130 
110 111 111 112 112 113 113 114 114 114 115 115 116 116 117 117 117 118 119 119 119 120 120 120 121 121 121 122 122 123 123 123 124 124 124 125 125 126 126 125 126 127 127 127 127 127 128 128 128 129 129 129 129 129 129 130 130 130 130 130 131 131 131 131 
110 111 111 112 112 113 113 113 114 114 115 115 116 116 117 117 117 118 118 119 119 120 120 120 121 121 121 122 122 123 123 123 124 124 124 125 125 125 126 126 126 126 127 127 127 127 128 128 128 128 128 129 129 129 129 129 130 130 130 130 131 131 131 131 
110 111 111 112 113 113 113 113 114 115 115 115 116 116 117 117 118 118 118 119 119 120 120 121 121 122 122 122 123 123 123 124 124 124 124 125 125 126 126 125 126 126 127 127 127 127 127 128 128 128 128 128 128 129 130 129 129 130 130 130 131 131 131 131 
111 111 112 112 113 113 113 114 114 115 115 115 116 116 117 117 118 118 119 119 120 120 120 121 121 122 122 122 122 123 123 124 124 124 125 125 125 126 126 126 126 126 126 127 127 127 127 128 128 128 128 125 126 130 129 129 130 130 130 130 131 131 131 131 
110 111 112 112 113 113 113 113 114 115 115 116 116 116 117 117 118 118 119 119 119 120 120 121 121 121 122 122 122 123 124 124 124 125 125 125 125 126 126 126 126 127 126 127 127 128 128 128 128 128 131 108 86 129 130 130 130 130 130 130 131 131 131 131 
110 111 112 112 113 113 114 114 114 115 116 116 116 116 117 117 118 119 120 116 119 120 120 121 121 122 122 122 123 123 124 124 124 125 125 125 125 125 126 126 126 126 127 127 127 128 128 129 128 131 155 135 79 127 130 130 130 130 131 131 131 131 131 132 
111 111 112 112 112 113 114 114 114 115 116 116 116 117 117 118 118 121 127 96 120 120 120 121 121 122 122 122 123 123 123 123 124 125 125 125 125 126 126 126 126 126 127 127 127 128 128 128 134 156 156 141 125 130 130 131 132 131 132 131 130 124 126 131 
110 111 111 112 113 113 114 114 114 115 125 112 116 117 117 118 118 123 132 105 120 120 121 121 121 122 122 122 122 123 124 124 124 125 125 125 126 126 126 126 126 126 127 127 127 128 131 146 163 143 132 184 186 179 182 184 187 182 168 147 134 112 117 130 
110 111 111 112 113 113 114 114 114 115 134 106 116 117 117 117 118 127 132 116 120 121 121 121 121 122 122 122 123 123 124 124 125 125 124 125 126 126 126 126 126 127 128 125 127 136 131 159 175 199 219 229 227 221 221 219 215 210 188 174 150 158 178 191 
111 111 112 112 113 113 114 114 114 115 132 100 105 117 117 118 119 132 130 101 120 121 121 121 121 122 122 122 123 123 123 124 124 124 124 125 125 125 126 126 126 129 138 140 147 141 65 127 217 227 228 228 227 223 214 211 207 189 189 179 156 170 211 215 
111 111 112 113 113 113 114 114 115 116 129 110 106 116 117 117 118 130 135 103 120 120 121 121 121 122 122 123 123 123 123 124 124 125 125 125 126 126 126 126 127 134 144 183 178 118 63 166 227 230 233 233 228 227 224 224 212 178 200 187 163 161 101 165 
111 111 112 112 113 113 113 114 115 116 124 145 132 117 117 115 110 116 115 77 119 120 121 122 122 123 122 123 123 123 124 124 124 125 125 125 125 126 126 126 127 131 156 149 175 113 118 180 210 200 195 217 215 216 217 212 202 195 204 196 167 170 78 133 
110 111 112 112 113 114 113 114 115 116 126 146 130 77 58 46 42 49 66 52 110 119 120 122 122 122 123 123 123 124 124 124 124 125 125 125 126 126 126 126 126 131 144 129 151 130 163 153 152 120 128 189 186 178 174 169 170 197 198 190 166 162 102 142 
110 112 112 112 113 114 114 114 115 116 129 117 70 29 63 54 111 93 93 69 89 119 112 125 132 132 134 135 134 134 135 137 137 137 138 139 141 142 144 142 145 145 147 126 147 159 157 170 111 60 116 165 175 175 178 180 178 175 187 183 165 194 209 207 
111 112 112 112 113 114 114 115 115 119 155 138 127 111 127 108 99 93 111 137 157 176 175 178 183 186 185 185 184 185 186 186 170 185 170 146 164 178 168 147 185 166 142 115 163 179 166 183 88 78 108 98 157 172 175 190 192 190 183 168 139 167 216 213 
127 127 128 127 126 125 127 128 145 150 163 147 180 172 169 141 123 146 183 193 200 199 198 193 195 203 193 187 187 185 179 171 152 187 161 120 134 131 69 111 163 154 128 73 142 158 166 166 96 86 110 111 171 168 184 175 192 161 180 154 127 166 208 210 
184 184 188 179 167 167 166 172 181 170 163 149 181 202 206 158 152 166 183 181 192 181 178 162 151 191 166 168 169 161 147 104 129 170 147 90 115 103 37 80 137 138 93 32 83 157 161 140 133 133 104 154 197 158 173 164 180 175 172 157 119 148 205 209 
153 157 162 161 159 159 158 162 171 171 163 151 176 207 213 165 174 182 186 185 198 178 169 141 89 98 78 150 163 154 138 73 102 164 134 47 123 98 31 50 108 85 41 31 75 162 160 164 147 117 154 171 178 177 176 180 180 181 181 178 177 186 198 201 
115 106 129 143 140 135 136 130 144 168 155 150 175 192 200 178 194 180 185 185 171 98 65 62 54 54 74 119 147 135 141 83 87 167 149 51 104 76 30 45 62 58 55 60 92 159 172 171 149 66 155 177 180 182 189 189 189 189 201 207 211 206 202 210 
142 134 162 178 164 149 136 142 151 155 113 163 186 188 193 191 192 168 136 113 122 47 72 110 90 73 113 91 85 104 107 76 91 121 90 55 72 88 84 85 87 101 111 128 145 159 157 157 141 73 152 181 178 171 172 170 160 152 170 169 177 180 161 188 
191 171 169 184 171 162 117 105 144 135 125 136 124 133 127 105 75 42 48 59 100 110 127 148 136 56 113 88 100 101 61 56 73 74 76 72 76 98 125 118 113 109 71 108 127 144 164 146 130 81 152 188 182 168 173 162 143 131 162 103 82 112 130 178 
152 122 136 167 163 163 139 134 98 77 43 46 87 53 32 53 74 67 107 84 101 116 82 89 84 32 84 108 75 65 73 77 81 91 109 134 161 178 185 153 152 132 102 119 118 124 168 155 125 45 84 134 178 160 170 185 190 219 185 162 148 141 93 141 
78 119 126 138 187 114 60 44 33 35 59 79 126 130 87 91 80 111 136 76 62 71 70 92 121 84 102 140 133 90 101 122 149 176 184 184 182 181 182 182 182 186 184 182 182 158 172 163 142 81 49 95 104 139 150 180 184 200 163 164 172 164 167 164 
137 145 125 168 177 97 44 76 108 67 119 108 97 86 65 67 75 121 134 78 131 156 153 132 113 139 139 142 150 175 222 226 236 234 221 214 205 204 206 206 203 203 202 196 179 169 174 167 146 110 69 111 45 119 161 187 194 180 139 138 162 162 192 177 
92 123 119 113 133 116 120 132 123 98 163 89 86 121 137 142 126 134 113 114 157 193 189 166 158 165 132 135 149 186 236 235 245 245 230 226 218 215 216 216 213 211 212 189 107 141 176 165 153 140 94 81 102 145 162 151 170 186 164 161 174 165 179 167 
107 146 151 173 173 124 132 151 154 170 195 129 190 196 178 136 121 150 164 191 206 213 213 215 215 196 145 134 147 182 239 238 246 247 228 228 221 216 220 220 223 220 217 189 111 156 183 166 155 143 117 64 149 159 168 158 179 191 181 167 156 152 147 131 
191 193 189 180 161 124 125 156 177 178 159 137 195 183 146 70 67 154 189 199 205 208 207 212 208 185 186 144 153 179 242 241 247 247 225 224 224 219 223 220 216 197 184 167 101 163 192 174 154 142 131 69 134 152 150 146 156 163 163 157 157 156 155 157 
174 180 183 180 160 126 122 164 169 163 167 136 196 183 153 74 28 47 59 76 80 82 73 79 92 124 174 147 155 169 239 239 237 230 210 206 199 187 180 176 170 160 151 139 96 161 194 179 166 135 124 63 138 173 178 172 180 183 181 176 167 155 155 149 
183 183 187 184 155 125 121 174 163 149 179 149 197 172 123 83 26 19 26 36 38 53 83 120 128 134 147 149 162 174 173 176 178 162 164 171 159 155 149 149 155 147 155 145 86 154 189 179 154 132 124 71 148 169 161 153 150 155 140 146 146 113 133 129 
200 195 191 189 166 126 114 177 156 155 193 162 197 182 155 123 70 107 110 80 80 115 177 201 204 200 192 161 171 186 165 111 95 120 153 170 174 168 167 165 163 154 159 149 76 146 186 181 137 144 121 60 85 97 117 133 124 122 132 140 125 90 127 119 
214 219 209 203 180 140 114 175 154 160 179 151 192 189 164 144 99 115 113 127 148 158 197 195 198 195 142 176 179 184 185 178 129 74 78 115 151 164 160 159 161 157 157 147 82 149 197 189 107 132 109 65 61 58 67 98 101 119 128 142 137 136 143 149 
168 203 216 221 199 151 106 174 154 179 146 145 185 197 159 168 139 140 86 142 112 72 192 211 194 158 109 189 191 186 177 175 169 162 113 73 64 66 80 126 149 138 139 132 91 154 198 178 80 128 118 58 49 57 28 28 68 123 148 155 130 139 149 151 
146 164 142 183 189 169 104 170 148 169 156 156 168 181 145 168 183 178 149 143 109 131 188 213 210 210 217 213 196 186 182 174 166 165 168 154 93 56 54 70 108 100 149 140 96 155 197 185 107 129 129 69 18 25 25 56 105 156 160 123 32 75 118 121 
173 166 146 153 119 151 96 151 123 150 144 136 107 78 113 166 196 199 188 142 148 194 212 220 225 227 230 216 198 186 183 174 163 156 161 184 190 142 85 70 81 120 157 157 96 120 187 202 186 123 110 121 85 20 95 95 141 156 152 55 29 88 31 19 
173 172 168 162 156 159 91 73 101 156 114 118 53 20 28 91 171 176 167 158 171 125 123 173 213 220 219 214 196 175 180 175 157 155 166 180 198 210 162 104 82 86 109 143 98 102 180 183 187 187 170 165 118 20 81 75 134 152 137 35 56 75 5 6 
182 178 178 165 173 163 85 52 26 83 102 132 88 29 2 29 137 154 156 164 188 165 115 86 126 193 208 214 211 199 179 166 150 168 182 186 197 198 172 162 122 77 71 101 96 83 159 170 172 186 202 175 117 29 13 25 92 149 146 51 68 74 5 8 
170 99 161 112 125 153 74 106 38 69 102 123 80 79 27 5 52 154 171 167 216 165 137 149 106 139 186 213 220 215 210 182 157 185 196 195 195 177 167 166 163 151 110 100 100 67 148 182 173 168 185 137 116 27 3 3 72 148 160 102 57 94 17 10 
166 115 156 114 108 140 85 60 40 91 115 106 122 137 58 30 98 219 187 190 177 158 144 145 160 151 108 144 202 222 225 215 202 186 196 203 188 168 168 169 170 172 164 142 105 67 139 175 175 175 177 127 122 21 3 12 66 122 157 156 66 94 47 15 
153 154 141 162 141 138 92 65 88 124 112 135 141 143 112 120 185 235 196 186 180 173 157 186 166 155 118 115 167 209 216 217 216 208 193 195 191 177 174 171 174 173 161 164 120 96 158 165 169 189 166 132 117 30 15 36 63 73 89 85 45 40 40 21 
143 171 161 181 186 176 102 132 131 114 110 147 119 102 127 148 156 187 197 208 210 206 201 181 176 186 158 108 109 160 208 224 215 204 207 194 185 183 183 180 177 168 154 159 139 144 186 178 178 175 157 151 78 29 108 175 151 128 92 47 32 21 28 67 
148 187 198 198 188 187 120 130 140 142 164 191 145 181 156 135 81 79 166 181 205 206 208 207 191 162 159 163 136 94 129 184 205 200 194 195 192 169 181 184 176 161 150 161 154 156 179 166 173 168 129 133 93 105 163 216 229 230 205 157 122 90 91 137 
183 183 189 186 156 200 130 124 151 162 184 164 148 185 138 127 46 68 176 184 200 207 215 224 210 163 177 151 157 148 137 86 114 163 176 198 204 188 172 180 182 172 163 175 162 179 172 176 167 151 167 139 99 124 184 215 224 231 225 218 191 170 156 168 
187 186 190 190 158 186 166 159 172 176 171 158 159 184 129 128 92 103 94 84 107 124 129 134 159 144 131 148 175 151 118 109 113 137 152 185 194 192 192 178 172 179 176 189 187 202 186 180 180 179 163 134 99 122 193 220 222 213 201 163 108 78 91 182 
207 205 207 210 212 209 205 202 199 202 205 201 189 177 165 171 172 170 159 152 144 146 141 137 149 150 124 143 153 149 148 151 104 63 121 184 199 201 194 190 189 166 182 185 202 207 194 133 135 151 165 152 117 133 169 180 153 96 60 36 30 30 84 205 
199 204 207 210 216 210 202 206 202 212 210 199 188 175 184 190 193 189 182 175 171 173 159 158 164 165 167 156 155 162 164 158 155 154 158 173 182 182 174 182 192 191 182 181 199 193 182 161 166 166 169 156 126 108 79 49 29 19 14 17 33 55 104 193 
186 188 190 201 208 201 192 197 198 206 204 191 190 191 215 216 214 209 207 201 191 185 174 177 182 183 181 167 171 173 178 176 170 173 171 175 173 178 171 172 181 184 193 189 190 195 177 206 196 165 118 74 44 28 17 12 17 28 42 55 68 86 119 174 
154 165 168 172 180 169 168 172 180 188 191 191 195 190 206 215 219 216 215 216 215 212 208 207 208 205 202 195 193 192 196 195 180 182 176 179 175 174 172 180 185 183 187 189 198 188 145 118 74 42 24 16 12 19 34 49 51 43 49 95 128 85 118 153 
144 173 171 156 159 88 95 105 123 154 175 153 157 133 127 161 175 165 159 176 183 184 186 191 197 199 197 198 200 202 205 206 201 198 192 175 172 180 181 184 181 187 181 156 113 65 35 23 14 12 20 38 53 51 40 44 71 110 133 176 205 138 109 140 
198 187 174 155 165 126 151 114 146 132 140 123 155 115 116 127 138 125 78 96 128 153 158 159 155 143 132 137 146 152 158 156 156 162 168 122 128 165 174 172 161 124 75 38 18 14 13 20 37 54 55 50 46 79 116 144 137 125 128 156 183 188 161 137 
212 200 216 212 214 213 208 199 201 197 195 193 196 189 185 179 174 168 134 120 126 147 147 150 159 163 164 160 156 149 138 132 129 137 182 192 183 156 128 86 56 34 18 12 10 29 57 61 39 31 79 57 72 151 165 172 117 50 66 128 164 165 176 118 


152 153 154 154 154 155 156 156 158 158 158 158 159 159 159 160 160 160 161 161 161 162 163 163 163 164 164 165 165 165 165 165 166 167 167 167 168 168 168 169 169 170 171 170 171 171 171 171 171 171 171 171 172 171 172 174 173 174 175 174 174 175 175 174 
152 154 154 156 155 155 156 157 158 159 159 159 159 159 160 160 160 161 161 162 162 163 163 163 164 164 164 165 165 166 166 167 167 167 167 168 168 168 169 170 170 171 171 171 171 171 171 172 173 172 173 172 173 172 172 173 174 174 175 175 175 175 174 174 
153 154 154 154 155 156 156 157 159 159 160 159 159 159 160 160 160 161 161 162 163 163 163 164 164 164 165 165 165 166 166 166 167 167 168 168 168 169 169 169 170 170 171 171 171 172 171 172 173 173 172 172 173 172 172 174 174 174 175 176 175 176 176 175 
153 154 155 154 155 156 156 157 158 159 160 160 159 160 160 160 161 161 161 162 162 163 163 163 164 164 164 165 165 166 166 166 167 167 167 168 168 168 169 169 169 170 170 170 171 172 171 171 171 173 172 172 173 172 173 174 174 174 175 175 175 175 175 174 
153 153 154 155 155 155 156 156 157 158 159 160 159 160 160 160 161 161 161 162 162 163 163 163 164 164 164 165 165 166 166 166 167 167 168 168 168 168 169 169 169 170 170 170 171 171 171 171 172 172 172 173 173 173 174 174 174 173 173 175 175 176 175 176 
153 153 154 154 155 155 156 156 157 157 158 159 159 159 160 160 160 161 162 162 162 162 163 163 164 164 164 165 165 165 166 166 167 167 167 168 168 169 169 169 169 170 170 170 171 171 171 171 172 172 172 173 173 174 173 174 175 174 174 174 175 176 175 174 
153 153 154 154 155 156 156 156 156 157 158 159 159 159 159 160 160 161 161 162 162 162 163 163 164 164 165 165 165 165 165 166 166 167 167 168 168 169 169 169 169 170 170 170 170 171 171 171 172 172 171 173 174 173 173 174 174 174 175 175 175 176 175 175 
153 154 154 154 155 155 155 156 156 156 158 158 159 159 159 160 160 161 161 161 162 162 163 163 164 164 164 165 165 165 165 166 166 167 167 168 168 168 168 169 169 169 169 170 171 171 171 171 171 172 171 172 173 173 174 175 174 174 174 175 175 177 175 174 
153 154 154 155 155 155 156 156 156 157 158 158 158 159 159 160 160 161 161 162 162 162 163 163 164 164 165 165 165 166 166 166 167 167 167 167 168 168 169 169 169 169 170 170 170 171 171 171 171 172 172 172 173 173 172 174 175 175 175 175 175 176 176 174 
153 154 154 155 155 155 156 156 157 157 158 158 158 159 159 160 160 161 161 162 162 162 163 163 163 164 164 165 165 165 166 166 167 167 167 168 168 168 168 169 169 169 170 170 170 170 171 172 172 172 172 172 172 172 173 173 175 175 175 175 175 174 176 176 
153 154 154 154 155 155 156 156 156 157 158 158 158 159 159 160 160 161 161 162 162 162 163 163 163 164 164 165 165 165 166 166 166 167 167 168 168 168 168 169 169 170 170 170 170 170 171 172 172 173 172 172 172 172 173 173 174 175 175 175 176 176 176 175 
153 154 154 155 155 156 156 156 157 157 158 158 159 159 159 160 160 161 161 162 162 163 162 163 163 164 164 164 165 166 166 166 167 167 168 168 168 168 168 169 169 170 170 170 170 170 171 172 171 172 172 172 172 173 173 174 173 174 175 175 175 176 176 175 
153 154 154 155 155 155 156 156 157 157 157 158 159 159 159 160 160 161 161 162 162 162 163 163 164 164 164 165 165 166 166 167 167 167 167 168 168 168 168 169 169 170 170 170 170 171 171 171 171 171 172 173 172 172 172 173 172 173 175 175 175 176 176 175 
153 154 154 154 155 156 156 156 157 157 158 158 159 159 160 160 160 161 161 162 162 162 162 163 163 164 165 165 165 166 166 166 167 167 168 168 168 168 169 169 170 170 170 170 171 171 171 171 171 172 172 172 172 173 174 174 174 173 175 175 175 175 176 175 
153 154 154 155 155 156 156 156 157 157 158 158 159 159 160 160 160 161 161 162 162 163 163 163 164 164 165 165 165 166 166 166 167 167 167 168 168 169 169 169 169 169 170 170 171 170 171 171 171 172 172 172 172 173 174 174 174 173 174 175 175 176 176 175 
153 154 154 155 155 156 157 156 157 157 158 158 159 159 160 160 160 161 162 162 162 163 163 163 164 164 164 165 165 166 166 166 167 167 167 168 168 169 169 169 169 169 170 170 171 171 171 171 171 172 172 172 173 172 173 173 173 173 173 174 175 176 176 174 
153 154 154 155 155 156 156 156 157 158 158 158 159 159 160 160 160 161 161 162 162 163 163 164 164 165 165 165 166 166 166 167 167 167 168 168 168 169 169 169 170 170 170 170 171 171 171 171 172 172 172 172 172 173 173 173 173 174 174 174 176 176 175 175 
154 154 155 155 156 156 156 157 157 157 158 158 159 160 160 160 160 161 162 162 163 163 163 163 164 164 165 165 166 166 166 167 167 168 168 168 168 169 169 169 170 170 170 171 171 171 171 172 172 172 172 166 169 173 173 173 173 174 174 174 175 175 175 176 
153 154 154 155 156 156 156 157 157 157 158 159 159 159 160 160 161 161 162 162 163 163 163 164 164 164 165 165 166 166 166 167 167 168 168 168 169 169 169 169 170 170 170 171 171 171 172 172 172 172 169 111 112 172 173 173 174 174 174 174 175 175 175 176 
153 154 155 155 156 156 156 156 157 157 158 158 159 159 160 160 161 161 152 150 163 163 163 163 164 165 165 165 165 166 166 167 168 168 168 168 169 169 169 169 170 170 170 171 171 172 171 172 172 169 145 82 84 170 173 174 174 174 174 175 175 175 175 175 
153 154 155 155 156 156 156 157 157 158 157 157 159 160 160 161 161 156 103 103 163 163 164 164 164 165 165 166 166 166 167 167 167 168 168 168 168 169 169 170 170 170 171 171 171 172 172 171 166 140 96 82 135 172 172 171 172 172 172 173 169 155 167 175 
154 154 155 155 156 156 156 157 157 158 131 129 159 160 160 161 161 153 92 129 163 164 164 164 165 165 165 166 166 167 167 167 168 168 168 168 169 169 169 170 170 170 170 171 171 170 166 160 127 86 94 131 145 149 148 145 147 149 138 140 109 73 113 159 
154 154 155 155 156 157 157 157 158 158 117 100 158 160 160 161 161 143 84 142 163 163 164 164 165 165 166 166 166 167 167 167 167 168 168 169 169 169 169 170 170 170 162 161 171 157 104 108 120 131 141 148 145 139 139 138 135 134 117 115 84 90 110 127 
153 154 155 155 156 156 157 157 158 158 119 64 139 160 161 161 161 131 69 111 162 163 164 164 165 165 166 166 167 167 167 167 168 168 168 169 169 169 170 170 170 165 114 114 151 109 30 75 141 146 146 145 144 143 135 130 129 116 116 114 83 97 129 131 
154 154 155 155 156 156 157 157 158 158 122 61 130 160 161 161 161 130 76 113 162 164 164 165 165 165 166 166 167 167 167 167 168 168 169 169 169 169 170 170 170 143 91 116 112 55 28 100 145 148 150 148 144 145 142 143 135 103 127 113 85 83 47 98 
154 155 155 155 155 156 157 157 158 158 126 83 133 159 159 152 140 107 68 87 160 164 164 165 165 165 166 166 167 167 167 167 168 168 169 169 169 169 170 170 167 115 91 90 103 50 66 110 132 124 123 137 136 136 136 131 123 117 130 121 87 86 31 78 
154 155 155 156 155 157 157 157 157 158 138 88 103 99 71 46 34 31 39 43 115 155 161 163 164 165 166 166 166 167 167 167 168 168 169 169 169 169 170 170 169 156 92 71 76 59 92 91 88 60 73 114 114 107 101 95 96 122 123 116 85 85 46 77 
154 154 155 156 156 157 157 157 158 158 121 65 39 18 39 31 68 55 54 41 58 92 101 141 156 156 157 158 156 156 157 156 154 154 155 153 152 151 145 147 143 118 81 64 72 79 84 104 64 32 66 97 105 107 108 109 108 108 115 110 85 111 118 116 
154 155 155 155 155 156 157 157 157 152 110 73 75 64 73 63 57 53 66 87 101 115 117 123 131 133 133 130 128 129 130 128 117 129 115 97 112 115 98 89 119 93 67 51 88 99 95 116 54 46 61 54 93 100 103 116 116 114 107 97 67 94 124 120 
147 149 149 148 147 145 144 130 128 117 92 79 106 99 97 76 68 86 109 116 122 121 120 117 117 123 113 106 107 108 101 95 83 112 88 60 73 74 30 54 87 79 63 31 72 86 96 101 56 42 57 49 99 92 103 97 111 87 102 86 52 90 120 117 
122 123 127 122 109 103 102 104 110 93 83 79 105 123 122 84 82 90 101 99 108 98 96 83 77 107 87 86 88 83 69 48 67 93 72 38 56 55 12 32 62 66 50 13 47 94 91 76 74 73 51 77 115 82 93 84 97 92 90 90 59 82 120 120 
87 89 93 92 81 77 77 84 93 89 84 80 98 125 127 90 97 102 105 105 116 98 95 78 45 55 41 79 86 79 61 33 55 85 64 23 60 51 9 21 48 39 21 11 37 96 91 94 82 68 99 108 114 112 109 111 110 111 109 110 110 117 125 126 
64 49 61 70 60 52 52 53 68 87 80 80 96 113 117 99 111 99 103 104 95 48 29 30 24 25 44 65 79 75 65 34 46 85 80 24 47 33 8 15 24 23 21 26 50 95 101 100 85 38 100 113 112 111 115 115 115 115 123 128 131 128 123 129 
76 63 76 95 85 67 65 66 75 81 59 91 107 111 112 110 113 99 79 61 64 18 39 62 49 37 64 49 43 58 55 28 48 57 41 21 27 37 31 35 39 55 65 74 83 92 89 87 79 40 91 110 107 100 102 102 96 88 101 103 109 107 89 111 
115 98 94 107 96 79 53 52 72 66 61 69 65 71 67 52 34 19 23 32 54 60 73 83 68 27 59 45 57 60 30 20 28 30 31 28 33 53 75 74 67 67 38 56 65 78 95 80 70 43 87 113 113 107 112 104 89 75 95 53 40 60 70 105 
93 69 75 92 87 81 72 69 48 39 15 16 44 30 16 28 39 33 60 49 54 64 44 48 45 14 46 53 33 27 29 32 36 47 66 85 104 117 127 103 97 85 66 72 73 70 98 84 64 20 40 75 113 98 105 114 117 141 111 92 82 76 47 78 
33 63 67 84 107 58 28 17 15 17 33 47 73 78 48 48 44 58 81 38 25 33 37 56 74 37 49 70 70 45 58 71 90 112 119 120 119 118 121 120 120 121 118 116 117 96 100 90 70 37 23 48 54 76 77 95 99 120 91 90 93 83 93 86 
63 64 57 93 97 35 22 42 60 30 66 62 53 45 32 37 44 65 76 40 78 94 91 75 62 70 60 64 75 99 135 136 147 146 136 134 128 126 129 125 124 124 124 120 109 99 102 94 75 54 39 62 16 61 93 111 115 104 76 73 86 87 111 93 
42 60 55 52 64 45 58 68 62 49 91 45 48 73 85 85 71 72 61 65 91 115 109 94 92 91 62 61 74 105 145 140 149 152 142 141 136 133 134 131 129 127 130 113 48 76 103 90 81 72 49 41 46 75 89 85 105 119 103 100 104 98 106 91 
59 79 80 90 84 45 59 78 81 91 111 66 107 115 104 77 68 83 99 114 124 130 130 132 132 118 75 60 73 103 145 143 150 151 140 143 138 133 137 134 137 133 132 111 41 78 108 92 81 71 63 33 73 82 88 84 104 117 105 91 80 76 70 53 
106 107 100 92 75 46 51 82 97 96 89 67 110 101 72 32 37 80 108 117 122 124 123 127 125 108 109 69 78 98 147 145 151 150 138 141 140 137 140 135 131 114 102 92 37 85 116 98 79 71 69 38 65 74 72 68 77 85 84 79 80 81 80 80 
86 94 97 92 72 44 49 88 90 85 93 64 112 98 77 38 12 19 27 39 39 40 37 39 43 65 103 74 80 89 145 147 143 136 124 125 117 106 97 92 88 78 67 63 33 82 118 102 91 66 62 32 74 97 102 97 107 110 108 105 96 92 91 87 
96 96 100 95 68 42 46 95 87 77 99 72 112 91 62 41 10 6 9 13 12 18 38 65 71 74 82 76 86 101 101 100 98 80 80 88 75 70 64 64 69 61 72 72 31 75 113 102 81 62 62 37 88 99 93 83 82 91 81 84 83 63 74 73 
108 107 106 101 78 43 38 98 80 79 109 82 112 98 73 59 32 51 52 39 39 62 101 117 121 118 111 85 95 111 100 66 41 53 75 90 93 84 82 81 79 70 78 76 25 67 109 102 70 74 62 26 50 52 63 70 66 69 77 78 65 47 64 61 
119 128 120 112 93 56 36 96 78 85 99 74 109 105 84 73 55 58 59 71 76 88 116 115 119 117 76 103 104 108 111 108 74 35 36 61 85 89 83 79 83 81 80 77 28 67 118 111 48 64 49 30 38 32 34 49 52 55 63 69 66 67 73 79 
90 114 124 126 106 65 31 95 78 95 79 75 104 109 77 91 81 81 51 83 56 39 121 131 116 95 61 115 115 112 106 104 96 97 67 46 36 34 33 53 72 71 71 68 35 71 119 100 32 61 48 18 33 34 11 13 31 58 77 88 74 79 84 85 
71 82 72 93 94 78 33 93 73 89 85 88 94 100 63 88 108 109 90 77 49 74 119 134 131 131 136 131 116 113 112 103 93 92 95 98 57 31 30 33 60 55 83 75 35 74 116 106 57 65 53 19 11 9 12 35 64 91 92 72 17 42 67 64 
90 82 71 70 53 65 29 80 53 67 70 71 53 35 52 87 111 116 105 68 80 117 132 138 139 140 144 134 117 108 110 102 90 85 87 112 124 93 59 49 56 76 97 94 33 42 105 122 113 72 52 53 50 11 53 56 84 90 88 30 14 51 17 11 
91 89 86 77 76 74 33 39 49 74 45 52 20 7 8 43 86 93 85 78 90 58 62 102 129 134 133 129 113 95 105 101 84 82 92 109 128 140 102 68 60 61 70 86 33 30 100 107 110 112 103 99 69 11 34 37 79 88 79 18 32 41 2 3 
99 95 95 81 88 80 38 29 16 39 43 58 36 12 2 14 62 76 77 80 100 83 43 44 68 109 121 127 128 120 103 91 74 93 109 115 127 127 99 93 73 47 46 63 32 24 88 94 92 107 122 103 63 16 6 12 53 84 85 29 40 41 3 5 
92 44 87 51 63 74 35 48 14 22 37 55 37 41 13 5 29 91 96 89 129 85 53 76 49 76 108 130 136 132 129 106 81 109 122 123 124 104 95 93 85 88 69 63 35 17 83 103 95 89 108 68 56 14 2 2 45 88 96 63 34 54 8 5 
84 50 71 48 45 63 28 16 13 30 55 45 57 64 21 15 60 133 108 109 94 78 58 64 87 83 53 80 120 137 140 134 124 110 119 127 114 95 96 99 98 99 92 81 39 19 78 96 97 99 101 56 57 8 2 8 39 69 92 99 41 57 28 6 
70 69 63 74 58 67 29 25 40 61 53 63 66 63 40 56 113 142 111 101 95 87 74 102 82 79 64 61 94 127 132 135 135 129 116 118 114 100 102 101 102 100 90 91 50 38 89 90 91 109 90 59 58 8 9 23 36 42 48 46 23 20 23 12 
73 84 83 97 100 93 35 63 67 57 54 76 51 37 51 71 90 106 112 120 119 116 113 97 92 101 76 48 59 93 127 139 131 124 127 117 108 103 104 104 104 95 84 87 66 70 105 99 99 96 84 78 38 7 66 115 99 83 57 25 15 9 14 38 
76 99 110 110 104 107 44 58 73 73 86 106 72 103 77 62 41 42 91 100 118 119 121 120 107 85 77 82 63 44 73 108 122 117 113 118 115 91 101 105 100 90 82 88 76 80 100 88 96 96 66 70 39 48 93 139 151 155 135 102 76 56 52 76 
100 97 104 107 88 119 55 55 81 86 100 85 72 104 68 57 25 41 98 105 118 122 129 138 127 93 96 68 75 76 74 47 59 83 96 119 127 113 94 101 102 98 91 102 85 100 94 98 92 79 95 77 45 59 110 140 147 153 145 139 108 97 89 101 
115 113 117 118 101 120 100 93 105 106 101 94 92 110 68 63 55 61 48 46 67 79 80 85 95 78 64 72 89 69 44 53 58 74 80 102 113 117 115 100 93 100 99 114 111 126 107 104 103 102 89 74 43 52 118 146 148 139 125 92 47 24 38 110 
130 128 130 134 135 134 130 127 125 128 131 129 119 107 90 97 99 100 92 88 80 83 82 81 84 84 67 78 80 74 70 76 52 35 66 107 122 123 116 114 109 88 102 111 122 128 120 74 76 84 90 84 59 64 93 106 90 48 23 9 6 5 48 131 
120 123 127 129 135 130 122 125 122 132 132 122 112 101 102 107 113 112 106 99 93 95 82 82 90 91 93 82 81 88 91 85 84 83 89 102 110 108 100 105 114 113 106 108 120 120 113 98 102 105 101 88 65 53 35 17 8 5 5 7 12 17 49 117 
108 109 110 121 129 124 112 117 118 126 126 115 114 114 130 131 130 128 128 123 114 107 98 100 106 104 104 91 93 97 100 98 92 95 94 99 97 100 93 94 102 108 113 111 115 124 107 134 123 96 62 34 16 8 4 3 8 14 20 22 26 33 61 102 
79 88 90 94 104 95 95 96 103 110 113 112 116 112 123 130 132 129 129 131 132 130 127 126 126 122 119 114 113 114 115 113 98 102 97 100 96 97 94 100 106 106 107 108 122 116 84 67 35 16 7 4 4 9 17 24 25 21 27 62 83 45 51 73 
75 88 82 69 74 30 35 37 56 82 94 79 83 68 70 89 95 87 82 94 100 101 102 106 111 113 112 112 116 118 121 121 118 115 111 100 98 103 103 104 102 107 104 86 59 30 13 7 4 4 9 19 27 25 20 26 44 68 80 112 132 89 63 71 
125 112 101 87 87 66 85 60 86 74 75 65 87 62 69 74 75 63 31 44 63 78 81 82 82 80 75 75 80 84 88 86 85 89 99 73 76 95 101 97 88 63 30 11 4 4 4 9 18 27 26 24 25 48 71 89 82 67 64 88 108 120 99 77 
139 125 139 135 136 136 131 124 125 126 124 124 125 123 121 115 109 104 87 80 78 84 84 87 92 97 97 93 92 86 75 71 66 75 116 129 122 96 74 45 23 11 5 3 5 16 30 31 17 17 52 34 38 77 88 96 62 21 22 61 92 99 113 76 