


19 7 6 6 6 6 5 6 6 6 8 8 10 10 9 7 8 8 9 8 6 6 6 6 7 7 8 8 9 8 7 7 7 13 14 15 14 14 15 14 15 16 16 16 17 16 15 18 22 22 22 23 22 23 24 24 24 24 24 23 23 23 23 24 
23 8 6 6 6 6 7 7 7 8 12 11 11 9 8 7 7 8 8 7 6 7 6 6 7 6 6 8 8 7 7 7 8 9 8 9 10 10 12 13 14 15 16 16 16 16 15 16 23 24 26 29 27 31 35 33 25 23 22 21 20 18 15 13 
27 10 6 6 7 7 7 8 7 7 8 9 7 7 8 8 8 7 7 6 6 7 7 7 7 8 9 9 9 9 10 11 10 8 3 3 3 3 3 3 5 5 6 7 8 11 24 43 52 58 62 61 57 54 42 26 18 13 12 10 10 8 8 7 
30 10 8 6 7 6 6 6 6 6 7 7 8 8 8 9 9 8 9 9 12 16 16 16 17 25 23 26 27 23 25 25 21 13 6 4 3 3 3 2 3 3 3 4 19 55 81 81 78 72 67 61 61 56 42 24 14 9 8 7 7 7 6 7 
34 11 8 7 7 7 7 7 7 7 7 8 9 11 13 14 14 15 17 18 25 33 32 25 22 27 24 22 22 18 17 16 14 13 13 14 14 13 12 11 10 9 12 53 99 104 88 80 80 73 67 58 56 50 35 21 15 9 7 7 8 8 7 6 
34 14 12 12 14 13 11 13 17 18 20 24 32 28 25 18 15 14 14 14 14 13 12 11 11 11 12 12 12 12 13 14 13 15 16 17 18 17 18 18 18 21 66 129 117 105 90 70 72 71 68 54 43 47 34 20 16 10 8 9 8 7 7 7 
73 75 78 81 88 70 21 20 24 24 11 8 7 7 7 8 8 8 9 10 10 10 10 10 11 11 11 10 10 11 11 14 14 15 17 18 18 18 18 18 20 54 136 129 104 95 92 85 70 61 60 58 43 49 36 23 16 12 23 24 12 9 10 9 
113 153 154 151 156 114 24 22 29 28 6 4 3 2 2 2 2 2 3 4 5 5 6 7 7 9 9 9 9 10 10 12 14 17 17 18 18 18 19 19 36 126 139 107 104 107 103 93 82 74 66 59 52 51 45 37 21 12 19 36 16 8 7 5 
108 113 108 106 102 52 8 10 17 20 9 8 8 8 7 6 5 4 4 3 3 3 3 3 2 3 4 3 4 4 5 6 9 11 12 15 16 17 19 25 92 146 117 108 113 111 104 95 86 80 75 73 69 63 57 51 36 16 14 34 25 11 8 6 
108 106 101 103 88 20 9 10 11 11 12 11 11 12 12 11 11 10 10 9 8 7 7 6 5 5 4 4 3 3 3 3 3 3 3 4 5 9 24 61 149 131 107 116 117 109 102 97 92 85 76 71 69 68 65 63 55 27 15 23 36 15 10 10 
102 94 88 93 55 10 9 10 10 11 19 22 14 9 10 11 11 11 11 11 11 11 10 9 9 9 8 8 7 7 7 7 7 6 5 5 4 29 65 124 145 114 108 117 113 110 106 93 81 82 77 72 68 71 70 62 55 41 18 17 35 26 11 10 
90 86 85 79 26 10 10 10 10 16 51 36 19 9 8 9 9 9 9 9 9 9 9 8 9 8 8 9 9 8 9 12 18 19 19 19 20 61 125 138 117 103 117 117 112 111 100 82 78 84 84 78 75 74 71 62 49 50 27 15 25 42 16 9 
96 95 94 62 13 10 10 10 10 23 73 40 26 18 13 9 10 10 10 10 10 10 10 10 11 9 9 9 8 9 8 9 16 21 22 24 33 67 100 126 106 117 119 117 113 112 105 99 101 98 89 80 78 74 72 72 69 62 40 18 15 35 23 12 
86 95 85 34 11 11 12 13 15 29 109 102 71 49 35 21 29 25 17 16 14 15 14 13 14 13 12 12 12 12 13 13 17 22 27 34 34 44 96 125 121 122 119 114 112 112 113 116 115 105 97 89 82 74 71 70 71 68 52 24 17 20 22 13 
46 52 49 31 24 23 27 27 29 38 144 157 54 29 33 26 17 16 16 16 16 16 16 16 16 16 17 19 20 21 22 27 32 34 33 48 26 34 108 122 122 119 119 104 104 113 120 129 130 118 106 93 82 76 71 70 70 69 53 42 22 17 31 19 
45 60 46 38 29 22 24 28 30 35 127 172 53 27 24 11 12 12 12 14 16 17 18 17 18 18 18 20 22 29 37 36 33 28 28 26 19 39 113 117 122 118 115 101 94 112 135 149 145 128 112 96 85 78 70 59 63 71 74 63 32 16 19 27 
50 60 57 45 34 24 27 31 35 38 83 174 71 29 19 16 7 6 6 7 7 8 8 8 9 9 10 12 15 18 22 26 30 30 25 18 14 48 112 116 120 117 101 95 88 102 148 164 154 140 120 103 94 82 66 46 45 53 63 57 42 20 18 28 
48 54 66 54 41 26 30 35 38 41 55 160 119 57 36 34 18 16 23 19 14 13 14 14 14 16 19 23 27 32 34 34 32 28 23 22 24 59 111 110 115 117 111 110 106 130 168 176 165 148 140 119 101 87 71 60 54 46 46 40 39 27 17 18 
31 49 70 58 46 29 32 37 41 45 51 130 160 83 50 40 23 21 28 31 29 29 31 32 32 32 33 34 33 32 32 31 29 28 28 29 29 61 120 116 98 112 119 120 127 161 186 187 174 157 149 130 107 94 87 80 71 63 62 55 57 50 24 18 
31 54 72 60 51 31 33 39 44 51 71 108 147 89 51 53 29 28 30 31 31 31 31 31 31 32 32 31 30 30 29 29 29 42 68 85 86 102 134 115 85 101 121 122 141 188 195 189 182 162 141 122 110 104 96 90 80 65 63 62 62 61 39 18 
33 52 72 62 55 34 34 40 46 62 120 116 123 77 51 52 33 30 31 30 30 30 30 30 30 31 31 32 36 41 47 49 64 101 123 129 132 137 132 111 83 90 122 124 161 206 207 191 172 134 115 116 111 109 105 99 87 68 65 64 63 59 51 23 
33 39 64 64 59 36 35 41 47 63 181 155 113 79 78 103 72 54 44 36 33 32 33 34 37 45 65 88 103 112 116 118 122 126 126 122 128 129 127 118 92 91 121 127 175 209 192 160 114 96 105 114 114 117 112 101 90 74 65 64 62 54 57 37 
31 28 52 65 62 39 34 41 47 63 191 218 181 135 153 140 145 123 98 82 72 57 52 56 58 64 70 83 113 124 125 124 120 117 118 114 101 91 92 85 75 91 115 140 190 212 181 144 118 90 92 115 134 132 116 104 93 82 68 57 56 58 58 49 
30 29 39 65 64 42 35 40 47 62 192 229 209 187 169 104 110 149 119 105 92 76 66 68 66 55 58 72 102 118 117 113 103 102 106 106 98 77 50 35 64 90 118 172 193 217 190 152 120 82 80 138 162 152 129 108 97 86 64 41 44 57 53 46 
28 28 34 64 66 46 35 40 47 61 189 229 219 203 177 108 54 164 144 100 95 77 72 81 68 50 62 75 104 115 113 112 103 106 111 106 103 89 64 35 59 119 183 207 199 222 216 187 152 123 145 166 172 157 136 112 96 87 74 52 44 48 46 40 
35 29 33 66 67 50 35 40 47 62 190 236 220 203 176 95 44 157 162 108 79 76 78 88 53 24 62 105 119 122 127 120 104 106 117 112 102 90 73 60 131 211 230 231 228 233 235 224 208 200 198 190 185 170 154 116 83 77 65 53 45 52 54 42 
31 32 39 72 69 54 36 39 45 67 204 242 234 217 182 88 47 153 153 115 83 84 100 111 92 68 90 121 122 121 131 128 94 98 110 106 104 104 112 160 222 239 240 242 240 235 226 221 225 219 209 200 193 173 170 147 117 97 76 62 47 49 55 42 
30 36 44 75 71 58 37 38 45 84 220 248 241 218 167 70 60 172 148 93 83 113 127 122 122 125 142 148 133 123 135 136 106 100 101 107 124 148 189 231 241 238 240 244 239 225 220 220 222 220 213 204 202 188 177 157 131 108 85 70 60 57 56 44 
41 52 56 80 73 61 37 37 44 128 234 247 244 223 161 60 73 148 104 75 86 110 131 122 117 124 176 207 187 155 147 149 121 110 104 114 146 203 229 245 245 242 242 241 233 222 229 229 216 212 212 207 202 194 184 165 137 114 90 72 61 58 56 48 
82 99 103 93 75 64 38 37 49 174 237 245 244 214 157 69 101 117 115 134 148 160 168 127 44 68 148 202 197 185 172 163 141 137 140 137 139 199 234 246 248 246 243 242 231 237 231 224 224 224 218 207 193 186 186 171 143 119 96 77 64 58 57 54 
172 151 151 112 78 68 41 37 62 210 247 245 240 206 160 141 167 179 177 181 193 195 199 153 69 95 153 186 203 208 194 183 177 186 193 182 151 179 220 234 243 246 243 234 221 238 231 224 233 228 219 205 190 186 185 169 149 124 100 84 70 60 57 55 
188 163 156 124 79 70 43 37 67 221 251 246 236 192 174 200 214 212 205 192 194 200 206 175 108 144 192 198 192 196 208 214 219 222 218 210 196 195 213 223 228 239 239 223 189 231 240 238 235 221 210 207 199 192 180 172 160 130 104 89 76 64 57 55 
187 170 160 134 82 72 44 34 57 204 252 248 226 162 94 86 102 104 113 119 138 180 197 201 172 178 210 224 223 232 238 235 233 230 216 204 201 189 181 187 217 215 178 174 158 231 239 240 233 230 223 210 203 193 181 173 166 136 110 91 78 68 58 55 
173 168 158 139 86 83 70 71 77 149 216 202 165 109 80 68 75 76 69 62 79 127 162 174 179 192 206 219 222 214 194 170 153 132 119 118 109 105 98 116 192 182 148 137 131 226 242 241 234 228 222 216 210 197 186 176 163 141 112 92 79 71 60 54 
125 130 132 121 103 118 121 130 129 138 151 149 150 146 128 88 83 95 102 92 95 131 157 153 155 155 141 142 125 120 141 159 160 147 141 142 127 117 109 160 215 188 178 155 146 226 238 236 237 228 224 225 215 201 192 179 161 140 115 96 84 74 62 55 
124 126 129 130 124 124 135 147 153 154 154 151 149 144 139 122 114 115 121 119 108 135 162 170 182 178 177 170 145 159 187 184 169 159 145 143 132 114 105 189 216 181 156 128 160 229 233 234 237 233 233 229 213 200 200 184 161 138 117 98 85 75 64 57 
122 124 128 134 140 135 126 159 157 158 161 140 130 142 148 136 127 121 126 127 119 140 172 183 191 189 197 192 187 190 187 164 167 178 164 163 157 134 122 187 211 186 153 115 161 230 231 230 236 231 234 230 211 193 194 182 159 139 120 101 87 74 65 58 
126 131 140 147 154 137 135 157 159 159 153 122 148 138 150 147 142 129 130 125 116 132 176 190 189 198 204 203 197 191 195 170 200 217 205 186 168 144 127 178 215 183 151 111 164 228 229 228 235 234 232 231 215 195 184 169 154 137 123 106 91 69 60 60 
129 133 144 148 148 149 154 148 135 142 142 121 165 137 145 152 152 144 142 111 98 117 167 183 185 200 209 205 196 193 193 179 209 229 212 183 161 128 118 175 212 186 144 95 164 228 225 223 232 235 231 228 217 205 193 175 148 131 119 105 90 74 55 55 
131 138 148 157 155 157 155 127 137 157 152 150 164 150 152 153 151 150 151 144 135 117 142 182 187 207 212 204 196 205 196 170 208 220 201 178 150 131 121 170 197 171 122 65 119 203 226 226 231 222 212 213 206 201 198 183 161 141 122 108 91 76 62 50 
138 140 134 145 150 150 158 137 145 156 154 160 160 161 155 149 149 151 152 150 146 130 133 170 192 206 211 202 196 211 231 226 215 208 185 168 154 136 127 147 152 115 78 43 85 149 209 213 206 158 175 212 200 196 196 180 163 147 120 95 88 74 64 57 
147 141 110 122 149 141 151 155 156 154 152 156 156 152 138 142 144 150 150 148 142 139 132 152 195 207 206 194 187 215 246 244 224 194 172 161 146 133 124 116 107 90 54 31 85 160 162 144 128 115 183 220 205 195 189 171 156 138 105 80 85 76 63 57 
140 144 139 141 144 149 156 157 149 149 149 148 146 133 121 139 141 135 134 120 127 136 131 129 176 205 206 200 214 232 248 244 226 202 188 189 180 169 160 147 132 116 79 67 172 205 143 106 80 113 200 214 214 206 195 170 154 139 97 75 77 68 61 57 
152 154 147 138 150 153 155 147 141 144 142 146 147 146 121 124 115 111 113 111 125 137 120 103 134 194 204 215 235 239 244 243 235 230 238 237 229 209 200 198 182 168 163 191 241 218 167 130 104 169 213 211 214 210 198 180 160 142 105 78 63 56 58 59 
154 154 145 109 117 143 153 148 146 152 153 151 147 145 140 127 134 124 124 136 141 138 127 117 101 155 203 216 230 224 226 225 232 248 254 251 247 235 227 232 227 220 229 244 251 239 204 140 148 213 211 209 213 213 199 180 161 136 116 94 78 74 68 62 
158 153 136 112 127 144 146 141 146 146 147 150 148 146 145 143 141 129 119 119 124 131 131 124 113 121 183 213 217 209 211 209 211 239 254 254 250 242 239 242 244 244 248 250 248 234 202 145 195 219 213 209 211 214 202 182 160 135 117 97 86 78 68 60 
153 155 129 112 127 145 144 140 146 144 141 140 143 144 138 140 143 139 135 129 114 116 127 124 120 113 133 189 207 206 207 205 204 221 245 251 252 247 246 248 250 250 250 247 236 227 200 164 218 226 223 218 213 212 202 186 158 133 113 98 87 78 67 60 
156 156 149 143 145 141 128 124 129 133 132 134 133 137 135 135 136 134 131 131 118 104 106 109 114 112 109 127 175 198 201 200 201 208 215 226 247 250 247 248 250 250 248 239 223 196 166 160 220 227 227 222 211 206 195 178 149 125 109 99 88 78 68 60 
151 151 142 132 139 140 132 142 138 131 125 122 132 123 113 118 132 133 134 126 101 108 105 94 112 111 109 107 114 157 188 195 196 197 199 193 220 245 245 241 236 238 234 218 199 179 148 191 219 221 214 212 205 194 175 154 131 117 106 98 88 78 70 62 
155 144 126 137 151 149 141 139 140 137 135 132 128 111 103 121 126 125 126 107 97 110 100 96 112 113 108 106 99 102 127 160 184 192 190 187 195 213 239 238 220 210 201 186 165 139 159 221 222 216 206 199 178 164 147 134 125 112 97 96 92 80 71 63 
138 121 132 110 126 136 141 133 134 134 134 128 123 122 124 131 122 121 117 116 118 107 109 115 117 110 104 104 100 96 91 95 114 163 180 174 188 191 223 228 195 173 162 149 115 132 202 218 219 214 197 171 127 122 128 124 120 114 102 88 84 80 73 65 
122 127 116 92 107 125 128 136 137 115 125 125 129 123 129 129 129 118 107 105 119 123 118 104 104 96 84 89 99 96 93 89 85 101 153 169 165 201 219 190 147 126 126 97 84 182 217 214 206 193 170 148 122 115 122 121 118 115 108 100 88 79 68 63 
130 127 121 123 120 134 131 136 138 126 126 128 128 125 121 128 129 124 121 124 122 123 110 101 108 99 93 79 98 99 97 91 86 83 94 132 170 206 203 160 130 111 108 105 158 208 211 189 173 157 141 130 124 120 120 119 117 108 96 100 103 97 84 75 
121 128 133 132 124 128 128 134 135 132 123 124 129 125 122 122 115 117 124 125 121 118 116 114 111 107 98 82 97 99 98 95 90 83 79 85 112 175 190 153 124 124 148 179 205 203 191 154 136 132 124 122 121 119 120 121 120 102 108 122 122 114 102 92 
127 131 129 127 125 125 126 131 133 135 126 121 127 126 123 114 110 94 114 125 121 120 118 114 111 109 97 99 102 99 96 93 90 83 81 80 80 108 127 94 67 153 190 192 205 192 155 128 116 119 116 118 120 122 125 129 131 116 125 140 147 143 124 108 
136 142 132 127 128 123 119 124 129 130 131 117 100 116 105 92 111 87 109 121 122 120 116 115 112 108 106 107 105 101 94 92 91 87 84 82 82 83 85 72 52 127 188 194 201 177 127 112 111 114 115 112 106 112 128 143 154 145 149 163 171 163 146 131 
125 136 133 127 119 117 121 123 122 124 130 119 93 107 111 96 97 91 90 114 119 120 117 115 112 108 106 106 105 102 97 94 92 92 87 85 84 84 84 75 53 93 185 195 197 160 111 96 89 88 88 64 42 39 54 90 126 149 166 176 169 158 154 147 
118 120 123 120 97 101 108 120 128 128 126 124 98 87 104 119 114 94 92 112 114 117 116 116 109 107 106 105 103 101 99 96 93 91 90 86 82 83 87 79 57 66 177 193 186 138 103 87 60 48 66 69 40 26 18 15 22 52 121 159 139 124 122 128 
123 100 109 116 115 117 113 115 119 126 127 119 110 99 106 119 117 110 110 108 106 101 99 103 105 104 104 102 101 100 100 97 95 94 94 90 82 76 85 80 63 49 137 165 135 85 60 42 30 49 66 68 39 24 17 16 19 19 45 101 53 80 104 105 
120 107 110 116 113 114 108 110 119 126 120 117 115 121 118 119 116 120 117 75 49 35 31 42 76 102 100 99 98 98 98 96 93 90 86 81 75 60 60 59 53 47 52 46 30 19 24 37 29 47 49 30 21 17 23 32 43 52 58 77 72 73 87 84 
101 81 92 101 114 122 119 117 123 121 119 115 118 123 121 116 104 119 174 99 21 8 6 8 26 47 41 43 47 48 47 45 40 34 28 23 19 16 14 14 16 18 17 18 21 19 20 26 23 26 25 27 37 57 84 103 110 111 106 94 75 51 54 56 
99 73 70 77 112 118 121 126 114 115 111 112 119 106 108 101 71 96 160 80 16 7 5 7 9 6 5 5 6 7 7 7 6 4 5 5 6 7 9 12 15 19 19 21 27 29 31 37 40 47 47 55 67 87 114 120 115 105 91 75 62 45 36 22 
88 74 69 71 102 113 119 131 117 114 114 117 106 75 90 89 88 149 172 86 19 7 5 6 8 5 4 5 6 6 7 8 9 11 12 15 19 24 30 35 40 42 40 27 39 60 57 59 54 50 47 51 57 77 92 93 83 70 58 45 33 22 12 9 
96 90 96 103 108 112 112 119 115 114 115 122 79 89 84 76 93 158 149 90 22 10 7 7 12 24 29 32 38 44 49 53 57 60 58 60 65 67 68 66 63 59 51 31 18 44 56 55 52 49 49 46 45 50 58 57 47 37 31 24 15 9 6 7 


22 12 9 9 9 9 8 9 9 10 11 12 13 14 13 10 11 11 12 11 9 9 9 9 10 10 11 11 12 10 9 9 9 12 14 14 14 14 14 15 15 14 15 14 15 14 14 15 17 17 17 17 17 18 18 18 19 19 19 19 20 21 21 24 
26 12 9 8 9 9 10 10 10 11 15 14 14 12 11 10 10 11 11 10 9 10 9 9 10 9 9 10 11 9 9 8 9 9 9 9 10 11 12 12 13 13 14 14 14 14 14 15 17 19 21 22 20 24 28 27 20 17 17 17 18 17 13 12 
29 13 9 9 10 10 10 11 10 10 11 12 10 10 11 10 11 11 10 9 9 10 10 10 10 11 11 11 11 11 12 13 12 9 4 3 3 4 4 4 4 5 6 7 8 10 21 34 39 44 46 44 40 39 31 24 17 12 10 9 9 8 7 6 
32 13 11 9 10 9 9 9 9 9 10 10 11 11 11 12 11 11 13 13 15 17 18 17 18 25 24 25 26 23 24 23 20 13 6 5 5 5 5 4 4 4 4 5 17 44 63 60 60 55 49 41 37 33 25 21 16 10 7 7 6 7 7 6 
36 14 11 10 10 11 10 10 10 9 10 11 12 14 16 15 16 16 19 20 25 31 29 24 22 26 23 20 20 17 16 15 14 13 12 12 12 12 11 10 9 8 11 47 82 79 65 63 62 56 48 39 37 33 24 19 16 11 7 6 7 7 7 6 
34 17 15 15 16 15 13 15 18 18 20 23 32 27 24 18 15 14 14 14 14 13 11 11 11 11 12 12 12 12 13 14 13 14 14 15 15 15 14 14 14 16 57 111 98 85 64 55 57 54 49 37 29 30 23 17 18 12 8 7 7 6 7 6 
65 64 66 68 73 59 19 19 23 23 11 8 8 7 8 9 9 10 10 10 10 10 10 10 10 10 10 11 11 11 11 12 13 14 14 15 15 15 14 15 15 45 120 109 85 76 72 63 54 45 43 40 28 31 24 17 17 13 21 19 8 7 8 7 
98 131 131 127 132 98 17 16 21 22 7 6 5 4 4 4 4 4 4 5 5 6 6 7 8 8 9 9 10 10 10 11 13 13 14 15 15 15 15 15 27 106 118 87 85 87 83 73 62 56 46 40 34 33 29 25 18 14 18 32 12 7 7 5 
90 89 84 81 78 42 10 11 16 18 11 11 11 10 9 9 7 6 6 5 5 5 4 4 4 4 4 5 5 5 6 7 8 10 11 12 13 14 15 20 77 123 97 87 93 90 84 72 63 56 51 50 47 41 37 34 27 17 14 31 21 8 7 6 
88 83 78 79 68 19 11 12 13 13 13 13 13 12 12 13 13 12 11 11 10 9 9 8 7 7 6 6 5 5 5 4 4 4 4 4 5 8 18 51 130 108 88 94 95 87 80 75 69 62 54 47 44 45 44 42 36 23 17 21 33 11 8 9 
80 72 67 70 44 11 11 12 12 12 16 20 13 10 10 11 12 12 13 13 12 11 11 11 11 10 9 10 9 8 8 7 8 8 6 5 4 18 44 103 123 93 87 95 91 86 82 72 63 60 53 48 42 46 47 42 36 29 19 17 33 21 9 8 
70 65 64 60 22 10 11 12 12 14 35 30 17 8 7 9 10 10 10 10 10 9 9 9 9 9 9 9 9 9 9 11 15 16 15 15 16 43 100 113 96 84 93 95 87 86 77 65 62 64 61 54 51 50 48 41 32 33 23 16 23 40 13 7 
76 75 74 49 12 11 11 11 11 19 50 29 20 13 9 9 11 11 10 10 10 10 10 11 11 10 10 10 9 9 9 9 13 17 17 19 25 54 79 102 86 95 95 93 87 87 81 77 79 75 66 56 55 51 48 47 46 41 29 18 15 34 21 9 
68 77 67 28 11 11 12 12 14 22 74 67 45 29 21 15 27 24 18 16 16 16 15 15 16 15 13 14 13 12 12 13 15 18 21 24 27 36 76 101 99 97 94 91 88 87 88 92 92 81 74 65 59 53 48 45 46 46 36 22 18 19 21 11 
36 41 39 24 21 21 23 23 25 30 106 116 34 20 21 17 17 17 17 17 17 17 17 16 16 17 17 17 17 18 20 23 27 28 27 37 18 24 86 99 98 93 94 83 82 87 94 104 108 96 84 70 59 54 49 46 46 45 35 31 21 17 29 18 
41 50 39 32 24 19 21 24 26 29 95 132 32 18 17 10 12 13 13 14 15 16 17 17 16 16 17 17 19 24 33 32 26 21 18 15 11 30 91 95 98 90 91 80 75 90 112 126 122 106 88 67 53 50 47 41 42 48 50 42 26 18 18 26 
46 53 45 35 26 20 23 26 28 30 60 132 48 18 14 12 7 6 7 7 7 8 9 9 9 10 11 11 13 13 14 14 15 15 13 11 10 38 91 93 95 89 80 76 70 82 125 138 129 117 91 65 57 56 47 33 32 37 43 38 30 21 19 27 
46 50 52 40 30 21 24 27 29 31 39 119 84 36 23 22 13 11 14 13 10 10 10 9 9 10 11 12 13 14 16 16 16 16 16 17 19 47 89 87 90 91 89 88 85 107 144 151 139 125 114 85 69 60 49 43 39 32 32 28 26 23 19 17 
31 45 56 43 34 22 25 28 30 32 37 95 111 56 33 24 15 14 17 18 17 16 16 16 15 15 16 16 18 19 20 20 22 22 22 22 22 48 99 97 78 88 95 95 101 137 162 164 148 132 126 106 76 58 53 49 48 41 40 34 32 28 21 19 
34 49 59 46 38 24 25 29 31 37 55 82 106 61 33 34 21 21 22 22 22 22 21 22 22 23 23 23 23 23 22 22 23 31 53 70 72 86 114 94 68 80 96 97 115 167 173 165 158 136 118 99 83 70 64 63 55 38 32 32 34 31 25 20 
34 46 59 48 41 24 25 29 32 46 97 88 91 53 32 31 25 24 24 23 23 24 23 23 24 24 24 25 28 33 38 39 50 81 105 112 115 118 110 88 64 70 96 98 137 187 188 167 149 106 90 91 87 86 81 76 65 48 41 39 40 37 35 22 
35 38 53 51 44 26 25 29 32 47 160 127 86 56 60 74 43 32 29 27 25 24 24 25 27 33 50 72 87 94 99 101 105 109 108 104 110 109 106 95 72 70 96 100 151 191 171 134 92 74 81 89 90 93 88 78 68 53 44 42 40 35 37 29 
32 29 44 51 46 28 25 29 32 47 176 198 152 100 118 96 79 63 50 43 41 34 30 31 32 36 44 58 91 104 106 105 101 99 101 97 83 72 73 67 57 69 91 115 170 199 164 123 97 70 72 92 111 107 92 80 71 61 49 40 37 36 35 35 
32 29 34 50 49 30 25 30 33 46 176 213 186 160 139 75 67 86 67 61 52 41 34 36 35 28 32 44 76 95 97 94 84 85 89 89 82 62 39 27 47 68 95 154 176 206 172 130 96 61 63 117 137 128 104 84 74 64 47 30 30 36 31 28 
31 29 31 50 51 33 25 29 33 45 174 215 204 183 152 83 36 102 82 56 56 42 39 45 40 30 37 49 79 90 90 91 84 88 94 89 86 73 50 26 43 99 168 196 184 211 203 169 129 100 125 144 145 130 110 88 74 65 54 37 30 30 27 25 
37 31 32 52 52 36 25 28 32 47 174 221 204 181 147 73 31 102 94 57 42 43 46 54 35 17 42 83 96 99 103 96 83 89 99 95 85 73 57 49 119 203 221 221 217 224 226 211 190 180 179 169 161 144 131 94 66 59 47 38 31 33 32 24 
31 32 36 57 53 39 25 28 32 52 190 228 217 196 155 67 33 97 87 63 48 58 75 85 69 51 69 99 97 97 104 101 72 78 91 86 85 88 96 150 217 233 233 236 233 227 213 204 206 200 189 180 171 146 146 124 95 74 55 45 33 31 33 25 
28 36 41 61 55 43 25 27 32 70 207 237 226 198 137 50 41 109 86 52 50 80 98 97 99 101 119 124 96 78 97 103 80 77 79 86 104 131 178 227 237 230 232 238 231 212 202 202 203 201 194 185 183 164 153 133 106 82 62 50 41 36 33 25 
39 49 51 66 57 46 26 27 32 114 220 234 230 204 135 44 48 91 56 39 48 64 83 84 92 98 155 193 159 114 110 116 93 85 80 89 120 187 221 242 240 236 236 235 223 203 210 210 196 189 193 188 183 173 161 141 113 90 67 52 43 37 33 28 
79 93 94 78 59 49 27 27 37 161 223 235 230 196 129 49 57 61 58 76 87 98 106 83 30 47 125 190 182 166 145 135 113 111 115 106 94 156 209 238 243 241 238 235 220 221 214 204 206 205 200 188 169 160 163 146 117 96 74 57 45 37 32 30 
171 142 139 96 60 52 29 26 50 196 225 225 212 179 123 89 104 117 111 115 128 127 132 102 41 65 129 169 189 194 175 159 154 164 172 144 89 115 167 202 229 241 238 224 205 223 211 207 217 210 200 183 165 161 162 141 122 98 76 62 50 40 33 30 
186 153 144 108 61 53 31 25 54 208 238 225 203 159 117 128 137 130 131 125 129 131 135 109 59 98 167 182 172 174 192 199 204 194 186 165 130 129 155 165 180 214 227 208 160 209 207 216 219 203 191 188 178 171 153 145 135 105 80 66 55 43 34 31 
184 160 147 119 63 55 32 24 45 182 241 236 207 139 63 50 60 61 73 80 92 116 127 132 107 121 175 207 211 222 227 215 199 184 168 152 147 132 126 134 170 182 147 145 126 208 209 213 214 200 193 190 183 171 155 146 138 108 84 67 56 48 36 32 
169 158 143 120 67 63 53 54 60 118 190 179 135 78 53 45 50 54 47 42 52 71 91 108 116 134 160 185 192 177 148 118 106 86 75 74 67 62 57 77 166 148 97 93 100 207 213 211 216 203 196 196 193 176 164 151 135 117 87 69 56 50 38 31 
109 111 104 84 80 92 92 94 88 93 113 114 113 112 96 65 62 74 77 62 60 69 80 76 81 84 75 77 70 68 88 114 121 107 101 105 90 81 76 138 192 143 139 118 110 205 220 214 221 208 200 207 199 180 168 154 135 114 91 70 60 54 40 33 
98 101 100 91 83 84 100 109 114 118 121 118 118 113 106 89 85 84 90 85 74 72 82 88 102 100 111 111 90 111 152 148 133 125 110 110 100 82 74 171 199 145 113 96 133 208 217 217 222 215 217 212 194 175 179 159 132 112 93 75 61 54 44 36 
98 100 104 108 109 107 105 134 126 127 131 114 105 111 118 104 95 86 90 94 86 79 88 97 108 108 121 117 119 136 142 121 132 152 136 135 128 102 89 168 195 164 124 88 137 211 213 213 220 212 218 214 192 168 171 156 132 113 92 76 64 52 45 37 
103 108 115 123 129 115 112 128 129 132 128 103 117 104 120 117 109 92 94 96 91 82 93 107 107 118 128 130 129 128 149 129 177 201 188 162 139 113 94 156 201 161 124 86 141 207 210 210 219 217 215 214 197 171 159 142 126 109 96 83 69 50 41 38 
106 110 123 125 123 121 127 123 110 119 115 100 135 104 116 123 120 111 112 90 79 83 99 101 104 121 135 131 126 132 143 134 186 217 197 159 132 96 86 156 200 166 119 73 146 211 209 207 217 219 213 211 201 188 174 152 120 104 94 82 68 54 38 35 
107 116 126 134 131 132 131 108 112 134 120 120 136 120 121 121 120 120 121 116 106 86 91 104 106 131 142 131 127 145 144 124 184 206 184 155 121 100 91 149 182 150 100 49 97 183 207 206 215 204 190 193 187 183 181 162 137 118 99 86 68 55 44 32 
118 120 116 123 124 125 135 118 121 128 124 132 131 132 125 118 116 120 122 120 116 97 95 104 113 131 141 130 125 150 205 207 197 193 164 144 127 108 100 121 129 91 60 33 63 124 189 193 186 129 149 185 177 175 177 157 140 125 99 73 63 51 42 36 
129 124 99 106 124 111 124 128 129 124 124 129 129 126 113 110 111 120 120 118 112 107 100 104 124 134 132 119 114 163 234 238 212 175 147 136 121 107 98 90 82 68 41 24 67 141 138 118 103 89 159 189 181 174 167 145 132 117 85 63 64 54 41 34 
123 127 119 122 121 103 107 110 120 122 124 120 117 108 99 110 112 106 104 94 98 105 99 95 113 129 134 130 160 205 243 240 214 186 168 171 161 146 135 123 109 94 64 57 163 194 119 75 54 92 182 191 196 189 175 143 128 116 80 61 60 52 42 35 
132 132 126 118 126 104 105 99 114 120 117 121 117 115 98 100 92 91 91 90 98 106 90 78 94 125 132 161 213 224 233 233 222 220 232 232 222 197 187 183 163 147 142 180 239 207 143 94 78 152 197 194 197 194 180 156 134 118 85 62 50 43 41 38 
134 133 125 97 104 117 120 115 119 125 126 124 120 116 101 90 93 93 99 108 110 106 94 88 74 98 131 161 196 181 186 185 203 242 253 250 246 232 219 226 220 211 224 242 249 233 188 110 127 197 193 191 197 196 183 158 136 112 94 74 59 54 49 42 
139 131 118 99 110 117 118 113 120 119 121 125 121 113 93 97 88 91 94 92 95 99 97 91 83 81 118 152 158 141 147 147 157 221 254 254 250 241 237 240 243 243 246 249 245 226 185 122 177 203 195 191 194 198 184 158 132 105 93 75 64 56 47 40 
134 135 112 100 109 117 116 113 119 118 113 112 117 112 94 90 91 99 106 101 88 89 95 91 86 79 85 121 135 133 136 137 138 177 234 244 251 246 244 246 248 249 248 242 229 214 184 143 201 209 208 202 196 196 185 166 129 101 87 71 61 52 41 35 
134 135 128 122 123 114 101 102 106 108 105 105 103 107 102 99 105 105 100 97 89 80 80 82 82 80 75 82 105 123 128 129 134 151 170 188 237 249 246 246 247 247 244 230 208 167 132 137 206 210 211 207 195 190 176 155 122 94 80 75 67 57 46 38 
121 129 121 112 120 115 104 119 111 103 99 98 100 94 87 89 101 104 107 99 80 79 76 73 81 76 75 73 73 93 112 122 125 130 134 129 178 236 243 235 226 226 219 197 175 150 117 173 206 206 201 197 188 175 152 125 101 85 81 77 69 59 51 43 
133 124 108 117 130 126 117 117 114 111 109 104 97 88 82 92 99 99 98 84 76 80 74 74 80 78 75 73 67 65 76 94 112 119 123 119 134 171 226 229 198 177 165 151 127 106 136 206 208 201 189 184 159 142 123 108 94 81 75 76 71 62 52 45 
118 105 112 94 106 114 118 110 111 110 108 100 92 94 95 101 92 83 77 77 86 81 82 85 85 79 74 72 68 64 60 62 70 99 110 107 125 130 197 208 147 125 116 106 79 108 185 200 202 194 173 149 108 103 105 101 97 88 76 66 65 62 55 48 
104 110 97 81 94 102 105 113 111 88 93 87 94 96 103 101 87 74 78 72 77 91 89 77 76 69 61 65 68 65 61 59 56 60 91 100 104 150 194 143 89 78 82 60 64 164 199 189 180 172 141 121 98 94 100 98 95 93 87 75 64 58 52 48 
117 107 100 104 102 111 109 112 111 91 86 87 98 96 93 102 100 83 81 82 86 94 85 71 71 66 60 58 69 69 67 61 56 53 58 80 116 173 166 99 75 62 63 74 140 191 191 163 142 133 116 102 96 96 98 97 96 90 79 81 82 76 65 59 
103 106 110 111 101 106 106 111 110 105 95 96 101 95 93 97 91 91 94 95 91 90 88 83 79 75 63 59 69 70 69 65 60 54 51 55 72 129 136 95 74 81 115 158 188 188 167 127 104 107 101 99 99 98 98 100 100 86 88 101 103 95 83 74 
101 102 108 106 104 103 104 108 109 108 98 94 101 96 95 88 88 75 90 97 93 93 90 85 82 80 70 73 74 71 67 65 63 56 54 51 53 73 85 60 44 133 171 173 189 176 129 102 88 92 94 97 99 102 105 109 111 99 105 120 129 124 107 90 
115 113 104 104 107 100 96 100 106 107 105 92 82 93 81 73 86 70 87 94 94 93 86 84 83 80 79 78 76 71 65 63 63 59 56 53 54 55 54 48 35 111 170 175 183 157 102 88 86 85 93 91 87 95 110 125 136 128 132 143 153 146 130 114 
108 116 108 98 96 96 98 99 99 100 105 94 73 83 86 76 77 74 72 89 93 95 90 84 84 80 80 78 76 73 67 64 62 62 58 56 55 55 56 52 36 80 166 176 176 134 89 73 69 62 68 50 34 31 45 78 113 136 151 158 149 141 139 133 
104 101 103 101 84 85 91 98 106 106 102 97 78 72 82 91 88 74 74 86 89 92 89 84 80 79 78 77 75 73 70 66 62 62 61 58 55 56 59 54 38 53 158 173 159 110 81 66 44 35 51 55 31 20 14 12 18 46 111 144 123 107 106 113 
109 85 94 99 96 97 93 93 97 104 102 93 87 81 83 89 92 87 83 83 82 77 72 73 76 72 71 73 74 73 72 70 67 66 66 64 57 53 58 55 43 36 121 145 110 64 44 30 25 42 51 49 26 17 13 13 16 17 39 88 44 67 90 89 
99 91 94 101 97 96 90 91 100 106 98 95 91 98 93 93 91 92 88 54 36 26 22 29 54 63 62 69 70 72 72 69 67 65 62 56 52 43 42 42 38 34 41 37 23 16 18 26 23 41 39 21 15 14 20 28 38 44 49 65 60 60 74 69 
87 72 78 87 96 102 99 97 103 98 98 94 96 100 96 91 82 95 154 85 18 8 7 7 19 31 26 31 35 36 35 33 30 25 20 17 15 13 12 12 14 14 14 15 18 17 17 18 17 20 20 21 30 48 72 89 94 95 90 78 62 43 44 45 
87 66 65 67 95 100 103 108 87 82 87 92 99 87 88 83 59 79 139 67 14 8 6 7 9 6 5 6 7 8 8 7 7 6 6 7 8 8 9 10 13 15 16 17 21 23 25 30 32 37 38 44 53 73 97 104 99 89 76 62 51 37 30 20 
77 66 64 65 88 95 102 113 86 79 86 96 87 64 78 76 72 129 154 74 17 8 6 7 9 6 5 5 6 7 7 8 9 10 12 13 17 19 23 26 28 30 27 19 31 48 45 46 43 39 37 41 47 64 79 79 70 58 47 36 28 20 12 10 
85 77 84 91 94 95 95 99 89 90 95 103 68 75 72 68 74 139 129 78 21 10 7 8 11 21 24 26 31 35 37 39 42 47 43 45 47 46 43 45 46 42 34 22 16 35 44 43 42 39 38 36 37 41 48 47 37 30 24 19 14 10 8 8 


2 2 2 2 2 2 1 1 1 1 2 2 2 1 1 1 1 2 2 2 1 1 1 1 1 1 1 1 1 2 2 2 2 2 1 2 2 2 2 1 1 2 3 2 1 2 3 3 4 3 4 3 3 3 5 6 6 7 7 8 8 8 8 10 
2 2 2 2 2 2 1 2 2 1 2 1 2 2 2 1 1 1 1 1 2 2 2 2 1 1 2 1 1 2 2 1 1 2 1 2 1 2 1 1 1 2 3 2 2 1 2 3 3 4 4 5 4 7 10 9 6 6 5 6 6 6 5 4 
2 2 1 1 2 2 1 1 2 1 1 1 2 1 2 2 2 1 1 1 1 1 2 2 1 1 1 1 1 2 2 2 2 2 1 1 1 1 1 1 1 2 2 2 2 3 9 12 12 15 13 12 11 11 9 7 5 4 3 3 2 3 3 2 
3 2 2 2 2 1 1 1 1 1 2 1 2 2 1 2 2 2 2 2 2 2 2 2 3 2 3 3 3 2 3 3 2 2 2 2 1 1 1 1 1 1 1 2 8 18 23 19 23 22 17 12 8 5 4 4 4 3 2 2 2 3 2 2 
4 1 1 1 1 1 1 1 1 1 2 2 2 2 2 2 2 2 2 3 3 4 4 3 4 3 3 2 3 2 1 1 1 1 1 2 2 2 2 2 2 2 4 30 47 28 13 26 28 24 19 13 10 6 3 4 3 3 2 2 2 2 2 2 
4 1 1 1 1 2 2 2 2 2 3 3 4 3 3 3 3 3 2 2 2 1 2 2 1 1 1 1 1 1 1 2 1 1 2 2 2 2 2 2 2 3 29 72 56 42 15 15 23 22 20 10 4 5 4 4 3 3 3 2 2 2 2 2 
18 25 26 26 28 22 4 3 3 3 2 2 1 1 2 2 1 1 2 2 2 1 2 2 1 1 1 2 1 1 1 2 2 2 2 2 2 1 2 2 3 21 74 65 38 30 29 21 16 15 16 12 4 6 4 2 3 4 13 11 2 1 2 2 
42 71 71 67 72 54 4 2 3 4 2 2 2 1 1 1 1 1 1 1 1 1 1 1 0 1 1 2 2 2 2 1 1 2 2 2 2 1 3 3 9 55 70 36 33 41 43 35 25 18 13 11 8 7 7 5 3 4 11 23 5 2 2 2 
36 33 29 27 27 17 2 1 2 3 2 2 2 3 3 2 1 2 2 2 1 1 1 2 1 1 1 1 1 1 2 1 2 2 1 2 2 2 3 6 40 67 45 33 46 46 38 24 17 11 9 13 14 12 12 10 8 5 6 22 13 3 2 2 
33 30 28 28 24 6 1 0 0 0 1 1 0 1 1 1 1 1 1 1 2 2 1 2 2 2 2 2 1 1 2 2 2 1 1 1 2 2 7 33 87 57 31 42 49 34 27 25 21 17 14 11 8 12 16 15 12 6 5 12 25 5 2 2 
28 24 20 24 15 2 1 1 1 1 3 6 3 2 1 0 1 1 0 1 1 1 1 1 1 2 2 2 1 1 2 2 2 2 2 2 3 10 27 63 72 39 27 44 36 27 26 17 14 11 11 12 6 8 15 14 11 9 4 6 25 16 3 2 
21 21 20 21 7 2 1 0 0 2 10 13 7 2 1 1 1 1 1 1 1 1 1 1 1 1 1 1 1 1 1 2 2 1 2 2 4 29 70 55 39 25 34 45 27 28 19 13 12 14 17 16 13 15 17 11 7 9 5 4 15 33 7 2 
26 29 27 17 3 1 1 0 1 5 18 11 5 2 2 2 1 1 1 1 1 1 2 1 1 1 1 1 1 1 1 1 2 1 1 3 11 41 41 43 27 40 36 44 29 31 20 17 19 24 19 12 16 19 18 13 12 11 8 4 6 27 14 3 
24 32 26 8 1 1 1 1 1 6 31 25 10 4 3 3 3 3 2 2 1 2 2 1 2 2 2 2 1 2 1 2 2 2 5 10 15 22 31 47 49 44 41 40 30 31 31 33 34 25 24 19 19 20 19 16 16 16 12 5 5 10 14 5 
6 7 7 4 3 3 4 3 4 6 55 66 9 5 5 3 2 2 2 2 2 2 2 2 2 2 3 2 2 3 4 8 13 15 15 27 7 8 39 48 47 36 43 31 26 27 33 45 56 47 38 29 23 20 19 17 17 16 9 9 5 5 21 12 
13 17 11 6 3 2 3 4 4 4 49 87 10 6 5 2 2 2 2 2 2 2 2 2 2 3 3 3 6 13 22 21 16 9 6 4 2 13 47 42 46 30 39 26 19 36 60 76 73 58 43 18 9 12 15 14 13 12 12 12 6 5 8 19 
19 22 17 10 5 3 4 5 4 6 24 78 25 7 4 3 2 2 1 2 1 1 2 2 2 2 3 4 5 5 5 4 3 3 3 2 2 16 45 37 41 30 26 19 12 25 71 81 72 67 38 5 6 14 16 7 5 8 10 9 8 5 5 17 
18 20 21 14 8 3 4 5 6 8 13 61 43 17 8 7 3 2 4 4 3 2 3 2 2 2 2 2 2 2 3 4 4 4 3 3 4 18 41 33 39 37 37 32 30 53 90 97 79 71 62 26 17 15 13 12 11 5 6 4 5 5 4 5 
8 17 24 16 10 3 4 5 7 8 15 50 54 26 13 9 3 3 5 7 6 5 5 4 3 3 3 4 4 5 4 4 4 3 3 4 5 22 58 56 39 39 46 40 49 89 105 109 86 72 75 59 24 4 7 10 13 10 11 8 6 5 4 4 
11 21 25 18 13 3 4 6 7 11 29 53 67 38 16 15 3 3 3 4 4 4 4 3 3 3 4 4 4 4 3 3 3 9 28 45 47 55 77 58 36 35 43 45 63 121 115 108 104 79 68 49 32 15 16 22 18 6 4 4 6 4 5 4 
12 20 26 19 14 4 4 6 8 17 56 61 66 35 15 12 2 3 3 4 4 2 3 3 2 3 4 5 7 11 16 18 26 52 74 81 81 82 69 47 31 29 44 47 86 142 142 109 97 58 42 42 38 39 39 36 27 18 15 12 12 12 11 4 
10 14 22 19 16 5 4 6 9 19 102 71 52 31 37 41 12 6 5 5 4 3 3 3 3 8 25 45 58 65 70 72 76 80 79 73 75 71 64 51 35 27 42 41 94 141 109 78 43 33 31 29 33 43 39 30 29 23 20 17 14 12 8 6 
10 8 17 20 18 6 4 5 9 21 128 126 86 44 59 42 27 20 16 15 13 7 6 4 4 8 14 28 58 70 74 73 71 70 71 68 54 42 41 35 24 24 36 45 104 166 129 87 60 35 32 37 55 49 36 32 33 27 20 14 11 11 9 9 
10 8 11 21 20 8 5 5 9 20 126 137 100 85 76 30 23 35 26 25 18 8 5 5 5 5 6 14 40 59 64 62 55 56 60 62 56 37 20 10 17 22 41 97 139 188 143 93 54 26 22 44 77 76 55 41 35 29 19 6 6 11 9 7 
10 7 9 21 21 9 4 6 8 19 123 134 127 114 84 43 8 37 29 18 16 8 6 10 10 8 9 18 43 52 53 58 56 61 65 61 58 46 27 9 17 67 141 173 156 192 178 134 89 59 58 51 76 64 50 39 32 22 18 12 7 7 6 3 
16 9 9 21 20 10 4 6 9 19 120 153 119 104 79 34 7 40 28 11 7 10 12 17 12 5 19 50 61 64 65 58 51 60 70 66 57 46 32 31 102 190 206 204 197 207 208 188 155 137 125 106 100 81 77 44 22 19 14 11 7 9 8 3 
12 10 10 24 21 12 3 5 8 24 146 168 160 147 102 32 8 38 24 17 15 26 42 47 36 29 46 69 67 64 66 61 38 45 58 54 56 59 71 136 208 219 218 220 215 207 181 159 165 159 144 132 113 78 93 74 49 29 18 16 8 9 8 4 
9 13 15 26 21 14 4 5 8 34 143 187 179 152 78 17 12 44 28 16 17 39 55 55 58 66 90 96 66 46 59 61 44 41 44 53 71 101 160 219 226 214 216 224 211 177 128 112 148 154 149 138 133 108 102 84 59 31 18 20 16 12 8 4 
16 21 22 30 23 16 4 4 7 71 137 165 183 157 68 12 16 34 12 5 10 17 32 39 50 61 130 177 136 81 70 71 52 44 41 52 83 161 210 235 227 220 221 219 200 163 135 120 107 114 144 143 134 122 114 92 65 42 26 22 17 13 9 5 
51 57 57 39 24 19 4 4 10 98 126 164 182 135 51 16 15 16 13 21 27 34 42 34 11 24 97 171 159 133 102 89 66 66 74 65 49 107 178 225 233 229 224 218 187 179 144 116 131 152 158 137 104 91 107 89 61 47 33 23 17 13 9 6 
155 106 97 55 24 18 5 4 21 122 108 109 111 107 66 40 51 67 57 48 52 51 54 45 12 31 90 137 161 165 137 118 113 128 140 101 33 49 102 159 210 229 225 206 150 163 128 126 175 172 148 122 93 93 105 70 53 38 25 19 14 13 9 7 
175 121 103 67 25 20 7 4 26 148 165 112 86 84 57 62 70 71 75 63 54 52 51 37 15 47 127 149 132 135 161 175 179 154 144 109 57 54 83 93 121 184 211 183 92 128 97 149 176 133 94 123 122 115 85 76 72 49 28 20 15 11 6 5 
169 130 105 76 27 21 7 3 14 83 165 171 147 87 21 15 17 17 27 33 32 40 47 52 39 61 131 184 191 206 212 189 156 124 104 88 79 65 63 71 111 136 105 98 72 146 99 122 147 89 78 109 128 112 88 79 59 40 28 20 19 14 7 7 
144 127 101 73 23 20 13 14 15 28 91 102 52 22 7 5 7 8 7 6 8 14 26 41 53 76 113 151 162 138 102 71 61 44 36 34 28 23 18 43 139 114 57 46 52 160 124 117 161 125 101 107 143 118 107 92 66 59 32 18 13 16 7 5 
53 57 42 14 13 23 18 18 12 11 29 33 26 32 26 12 12 20 24 11 9 12 14 15 19 23 23 24 24 26 45 72 80 63 55 59 47 39 37 115 170 119 106 77 53 154 178 162 184 151 118 150 156 114 94 92 75 53 36 19 16 17 6 6 
33 42 35 17 8 10 20 27 32 38 46 49 40 33 36 28 29 28 37 25 21 12 13 17 28 30 47 54 39 66 113 107 92 80 65 66 57 42 38 153 175 111 71 55 86 155 175 181 190 172 179 176 144 96 103 90 64 53 38 22 15 17 8 9 
32 41 45 45 43 36 32 56 46 52 58 43 26 34 52 42 35 21 25 32 37 20 15 20 29 32 40 41 49 76 91 77 92 116 98 95 90 62 50 149 171 128 75 43 87 159 161 165 184 159 182 180 137 89 89 81 67 53 32 21 17 14 10 10 
36 48 57 63 69 47 34 44 40 57 57 25 30 25 52 58 42 20 24 40 37 22 19 27 27 36 42 48 52 59 95 87 149 181 163 125 99 69 52 134 182 126 80 45 92 149 156 154 182 163 172 181 153 102 82 64 52 45 34 26 21 13 13 10 
27 46 63 66 61 51 45 36 25 34 38 24 40 30 59 66 53 39 55 35 20 23 28 26 26 36 47 47 47 64 87 87 157 201 174 123 92 55 47 131 179 131 75 38 111 164 144 129 176 179 170 174 163 141 119 89 51 43 39 33 26 16 9 7 
44 58 66 71 74 74 70 32 26 53 39 44 60 53 59 55 54 61 69 64 46 25 28 30 28 45 53 45 50 72 85 78 154 186 156 119 82 62 54 120 155 117 63 21 59 137 143 138 174 158 133 130 130 133 135 113 83 66 52 37 22 19 13 6 
64 64 55 63 57 63 78 49 42 50 53 67 68 69 64 53 46 61 70 69 56 34 43 37 31 41 53 47 47 78 173 179 167 167 129 107 90 71 65 87 94 55 29 11 26 79 131 126 135 74 84 97 105 115 127 108 91 76 50 20 12 10 8 6 
73 64 25 37 47 38 66 67 64 54 61 73 74 70 45 35 45 66 66 60 56 52 49 47 45 45 44 40 39 101 217 227 193 140 107 98 84 71 63 55 46 35 17 7 35 107 95 70 57 39 91 83 105 109 103 77 74 64 33 13 19 15 6 3 
61 67 52 60 50 17 21 24 55 65 67 54 49 43 27 44 53 42 40 26 30 51 50 44 42 41 48 53 96 170 235 232 198 154 134 142 129 110 95 81 68 56 36 40 148 170 80 35 22 50 100 110 143 143 121 70 56 53 23 12 20 17 8 4 
79 81 71 58 64 22 21 21 51 58 56 57 47 43 30 29 27 26 29 31 40 51 37 25 34 44 48 98 187 205 218 219 204 202 221 223 209 175 161 157 128 108 108 165 230 185 104 50 39 114 123 118 150 152 134 94 68 56 32 15 11 10 11 8 
83 83 71 26 28 38 44 40 59 73 72 68 64 59 32 15 17 27 41 56 60 47 33 36 22 28 48 95 153 130 137 135 165 230 251 249 244 225 210 218 208 194 212 236 244 221 158 61 66 139 116 111 144 155 136 100 75 52 43 29 17 16 14 10 
87 81 58 28 36 43 47 47 66 68 68 69 67 53 15 25 12 23 34 32 35 39 36 38 28 22 42 77 85 65 73 74 94 198 253 254 251 240 234 238 240 238 241 244 238 208 147 70 102 123 125 111 133 156 133 92 63 42 43 25 19 16 13 9 
80 83 53 28 34 44 45 53 67 65 57 54 63 55 25 14 17 37 55 47 28 26 38 36 30 29 31 46 54 51 54 59 66 126 221 236 252 246 244 247 249 248 242 229 212 192 150 90 128 140 163 152 146 156 141 115 65 39 33 21 17 12 6 5 
74 83 76 67 58 43 37 40 43 43 38 35 41 47 37 36 49 52 43 35 26 20 26 31 35 35 31 29 32 43 49 53 61 87 118 141 223 248 244 244 245 242 235 213 184 125 84 77 123 139 175 172 156 148 129 106 64 30 26 31 27 23 16 10 
54 77 63 49 59 49 40 62 45 34 34 32 28 22 18 20 39 53 55 47 20 16 17 20 30 26 30 29 25 29 38 48 51 58 64 61 130 225 238 227 215 210 194 162 133 103 68 119 130 125 136 146 144 128 101 64 36 21 31 37 31 26 22 18 
74 60 38 58 78 73 65 65 61 51 53 47 24 19 17 24 41 47 45 29 16 17 16 22 23 19 21 29 25 21 23 31 44 47 53 53 72 126 212 216 167 130 114 102 75 56 93 168 156 132 104 119 101 89 70 50 32 17 23 32 33 28 23 19 
44 38 47 23 44 61 65 57 59 55 49 38 27 31 33 39 32 16 10 10 28 29 34 39 38 32 30 29 25 19 17 17 23 34 42 43 61 70 170 179 89 68 65 58 35 70 133 145 157 137 100 80 33 39 52 50 47 33 18 17 23 26 23 20 
32 51 33 15 22 42 56 63 51 22 21 16 24 42 54 52 23 6 14 9 13 39 42 30 29 24 17 20 21 17 13 16 16 14 31 39 49 99 165 90 35 32 38 24 35 124 149 99 100 116 77 60 32 36 50 47 46 45 36 19 11 14 15 16 
49 45 34 41 30 55 59 62 49 22 19 18 36 37 42 54 49 23 17 18 29 46 37 16 14 14 10 14 26 26 24 17 12 10 12 26 64 133 117 37 21 17 21 36 92 144 134 79 63 81 62 42 32 37 47 47 46 37 22 25 32 30 24 22 
34 45 54 57 43 55 58 61 52 40 37 43 47 29 39 50 41 40 44 42 42 44 41 33 21 19 10 16 26 26 23 19 14 9 8 12 25 70 66 33 25 36 69 103 136 130 103 55 33 53 49 47 45 45 49 51 49 27 27 48 55 50 42 35 
35 39 58 59 54 54 55 56 56 43 31 34 43 33 40 33 32 22 39 48 47 46 43 34 30 33 25 29 31 27 19 19 18 11 10 9 9 22 28 13 15 90 119 113 141 113 61 39 27 31 35 45 47 51 55 60 60 37 40 69 82 78 62 48 
61 44 40 50 51 46 43 49 56 56 47 35 27 32 25 19 27 17 35 47 46 41 30 24 33 36 34 34 31 18 14 17 17 13 12 9 8 10 8 8 8 67 117 118 131 98 47 33 28 21 35 41 38 45 62 76 84 57 53 83 104 101 87 72 
57 63 46 32 33 36 35 45 50 52 53 34 16 19 25 17 18 21 20 40 46 46 40 24 30 35 36 35 28 16 13 13 15 15 12 10 9 9 10 12 8 42 112 123 117 75 40 26 22 11 23 24 15 10 21 42 57 58 80 94 89 91 94 88 
43 51 55 44 21 24 22 40 55 54 44 32 23 16 21 24 24 24 24 38 41 44 37 21 26 33 31 31 31 25 19 14 12 12 10 10 9 12 13 11 8 25 111 126 98 53 33 24 14 13 32 41 19 7 4 4 7 27 84 109 82 62 59 67 
38 29 42 48 44 45 35 37 46 52 38 30 28 28 22 21 34 33 25 32 37 30 18 15 23 17 12 18 24 27 29 24 16 14 16 17 12 10 12 11 8 10 79 105 62 30 18 11 12 30 34 30 11 5 4 5 7 11 25 54 23 38 57 56 
36 41 43 46 45 39 34 39 46 52 47 43 42 42 34 30 33 32 38 23 13 6 4 9 15 6 6 12 14 24 28 27 25 22 20 14 14 10 11 13 16 18 23 20 11 7 8 12 11 30 27 9 4 6 11 18 23 29 31 38 30 29 42 38 
34 19 29 33 46 47 41 52 53 38 47 45 48 42 38 30 25 48 131 74 8 2 1 1 3 5 3 7 9 12 12 13 11 8 6 4 4 4 4 5 6 6 5 6 8 7 6 6 5 8 8 7 11 23 42 58 60 60 56 44 28 16 18 19 
33 14 12 20 47 53 58 58 28 15 30 44 46 31 34 34 11 32 110 55 5 1 1 1 1 1 1 1 2 2 3 2 2 1 2 2 2 2 3 3 3 4 4 4 7 8 8 11 11 15 14 17 20 29 49 61 62 55 43 30 23 15 12 8 
26 15 13 15 37 50 56 58 24 13 21 47 31 12 22 25 20 81 131 58 7 1 2 2 1 2 1 1 1 1 2 2 2 3 3 3 4 6 7 7 9 9 6 4 13 20 18 18 16 15 13 17 21 33 47 46 40 32 23 15 11 7 5 4 
36 32 40 45 47 49 50 48 24 31 36 48 18 23 22 14 15 85 104 66 10 2 2 1 2 6 9 9 12 14 12 10 13 16 10 12 12 12 10 12 14 13 8 4 4 15 19 17 17 16 13 13 14 19 25 25 16 10 8 7 5 4 3 4 