


24 25 29 33 38 39 51 68 70 81 171 226 229 227 224 219 208 191 113 120 143 102 97 108 104 105 121 127 118 125 134 146 155 162 167 168 168 167 126 88 99 109 126 132 131 129 120 125 128 120 119 118 116 124 124 132 128 125 109 63 62 63 67 70 
67 69 72 78 92 115 116 83 140 119 146 219 230 229 214 196 150 112 89 116 131 100 97 107 90 91 136 171 113 76 70 72 83 98 113 126 140 151 135 93 92 126 136 131 140 131 121 125 134 126 106 93 101 124 128 132 121 121 104 63 64 64 66 70 
77 89 107 143 177 200 177 91 147 124 172 248 247 242 240 227 186 153 135 142 151 145 145 148 132 117 134 154 99 49 58 51 43 44 45 48 54 61 82 83 90 102 112 127 141 135 134 141 146 145 138 132 130 138 138 131 102 109 97 61 64 63 66 69 
119 148 166 173 176 180 154 82 133 128 117 176 171 150 148 152 137 126 129 146 152 151 153 156 155 149 138 131 92 48 80 94 59 31 31 31 30 31 60 74 71 95 126 128 128 116 109 117 124 124 121 124 129 136 143 144 132 130 93 61 64 61 68 71 
123 129 134 135 136 136 122 76 100 98 78 81 82 81 82 81 72 77 85 92 94 95 97 100 103 112 134 116 71 47 76 53 60 36 29 34 37 36 71 88 76 92 115 123 128 118 110 115 122 128 119 89 88 89 88 92 98 102 83 60 63 61 66 69 
110 111 118 126 129 129 121 86 81 76 72 75 77 80 82 84 84 88 91 93 95 97 99 99 97 121 152 126 64 76 95 83 71 48 44 39 39 43 83 100 96 103 118 131 139 133 129 131 133 131 124 97 101 98 96 90 82 88 76 60 65 64 66 68 
106 122 154 172 174 174 163 129 86 77 79 83 91 95 95 96 102 105 106 107 108 108 108 110 109 141 186 180 142 150 147 136 117 113 121 128 135 131 147 159 162 172 176 185 193 182 169 141 132 132 123 92 103 107 113 105 90 93 73 57 64 68 71 72 
209 222 226 226 212 190 193 198 197 199 203 204 208 211 214 214 215 215 210 211 209 211 213 215 214 207 198 196 200 244 248 246 245 246 242 243 248 246 237 231 241 238 234 236 239 235 239 226 177 137 120 99 110 113 122 113 99 98 69 56 64 66 70 72 
195 193 195 193 167 158 173 176 178 182 184 186 187 188 190 192 191 192 188 189 189 191 178 173 162 160 153 152 165 240 244 238 234 234 228 228 237 235 226 220 235 229 226 240 244 242 243 242 236 209 147 107 120 127 137 127 116 113 85 75 81 83 85 86 
176 179 189 187 188 202 211 210 221 225 227 227 231 234 235 236 238 240 238 239 234 208 170 173 172 167 153 155 174 213 185 146 97 93 100 154 188 197 198 198 208 190 155 138 136 145 161 179 193 197 185 176 178 179 180 177 174 173 167 166 166 166 164 164 
165 171 173 173 180 189 191 195 200 202 205 207 210 209 211 210 211 210 208 204 198 177 159 158 148 140 136 131 142 168 168 171 93 71 111 138 130 147 161 155 165 158 114 52 38 40 45 59 92 145 182 201 192 186 184 184 183 181 180 179 178 177 176 174 
140 144 147 150 153 159 163 166 169 172 174 176 177 177 177 179 178 177 176 177 201 190 167 167 152 139 141 130 122 174 175 194 200 192 175 184 178 115 91 111 129 132 116 84 65 61 54 45 42 49 83 173 221 211 193 186 185 183 182 180 180 179 177 176 
124 126 129 131 133 136 139 142 146 148 149 151 151 152 151 152 153 151 150 175 242 227 213 197 162 144 155 135 110 153 160 189 202 199 212 226 135 73 39 74 111 111 91 101 148 141 94 66 59 53 45 76 184 214 226 210 193 186 184 183 181 179 177 176 
130 132 136 138 139 144 147 149 153 156 160 168 170 170 168 168 169 168 166 165 178 146 125 148 154 152 150 148 143 181 201 200 191 209 244 249 176 59 49 65 74 71 76 119 150 164 137 86 65 65 55 40 96 149 189 224 227 208 190 184 182 179 178 177 
152 154 156 156 152 157 157 150 150 150 162 196 202 201 198 196 193 190 192 160 131 112 95 123 144 143 144 146 151 177 191 195 194 209 237 225 202 69 42 46 67 104 84 89 104 119 119 98 44 39 43 44 55 120 152 175 207 229 225 204 185 179 178 178 
146 146 146 147 140 144 151 148 137 133 153 204 210 212 211 173 70 106 198 205 179 121 100 92 93 114 82 76 126 104 164 205 192 174 114 82 113 97 41 71 90 53 37 97 99 97 95 93 71 68 68 61 57 62 66 74 87 118 176 218 222 197 180 177 
186 183 176 174 145 150 171 162 120 89 128 236 254 255 255 217 63 83 189 182 155 115 112 113 106 114 87 137 197 119 92 175 120 67 106 198 231 207 83 77 43 35 54 81 95 88 85 83 72 58 45 36 31 28 28 26 26 27 36 72 146 217 219 195 
176 178 172 179 156 153 177 167 128 89 87 136 195 213 216 213 105 83 203 183 151 127 120 107 91 78 70 128 186 153 74 121 161 177 190 243 251 215 102 63 37 60 81 86 77 69 67 64 47 31 22 19 18 19 20 20 20 21 21 22 29 83 196 234 
173 173 171 173 168 165 167 162 157 152 151 151 153 156 159 171 132 65 140 144 123 78 76 88 102 116 129 146 177 182 100 75 172 164 138 242 248 247 173 53 54 72 75 62 51 40 35 25 19 18 19 22 26 29 31 30 28 24 20 20 23 24 65 186 
121 121 121 121 122 122 121 121 122 121 119 121 117 124 136 150 139 89 93 101 120 127 116 107 105 115 112 99 104 148 108 40 135 148 136 241 239 224 218 175 99 53 49 36 24 18 15 17 21 25 28 31 38 42 44 43 42 38 30 24 19 23 26 88 
113 113 112 110 109 106 102 100 110 93 77 90 82 120 105 83 103 97 103 129 154 145 94 70 59 86 99 122 154 124 80 115 115 176 175 164 94 97 220 247 205 73 34 20 16 15 18 24 28 31 32 34 39 43 45 46 46 44 40 33 24 19 22 33 
115 115 112 95 92 90 85 84 99 96 89 90 76 91 50 25 68 62 58 112 136 137 92 70 73 166 209 222 213 192 86 121 188 124 63 50 118 196 241 244 242 164 35 17 16 18 25 30 32 33 33 32 35 53 96 140 137 93 47 38 31 19 19 22 
114 114 109 96 64 41 51 48 54 78 85 83 73 77 73 43 75 88 62 79 74 86 91 62 80 137 126 144 192 203 127 71 148 128 84 139 217 234 238 237 236 222 89 19 17 23 29 32 32 31 31 39 52 85 109 160 184 162 84 40 35 22 18 20 
112 111 102 87 64 52 52 54 70 78 107 84 89 152 133 50 133 171 145 103 63 57 62 54 60 95 121 158 189 184 160 86 100 149 113 146 184 223 232 230 227 224 160 29 20 25 28 28 27 24 29 87 100 81 84 91 118 112 89 52 45 31 23 22 
110 88 56 47 36 34 51 74 73 55 127 84 121 167 138 58 97 128 118 92 41 61 48 89 131 184 176 161 181 191 115 82 167 188 142 104 150 209 224 221 217 213 193 61 22 26 26 25 30 51 70 76 70 58 51 48 47 45 44 45 46 45 44 43 
100 68 49 86 79 71 84 99 82 56 76 80 95 147 135 95 86 87 97 116 79 94 60 137 133 108 132 123 201 223 153 73 125 209 180 94 89 114 148 171 179 179 155 68 23 25 30 62 97 92 67 47 37 35 36 38 40 41 40 41 42 42 43 44 
68 51 63 118 97 71 86 110 81 36 31 89 51 76 106 100 78 102 109 124 105 129 96 142 142 110 161 145 193 204 196 82 65 167 177 87 30 41 40 42 53 68 43 29 19 31 72 101 79 53 38 32 37 46 55 61 65 64 61 60 58 57 56 55 
94 96 122 198 128 99 113 120 75 32 56 111 142 147 134 120 94 123 94 90 77 124 125 119 106 80 62 72 169 190 193 120 77 101 161 107 54 78 113 111 107 113 110 87 35 70 93 73 48 35 37 52 66 72 80 88 91 88 80 80 78 76 73 71 
137 140 152 229 166 132 143 150 118 97 163 196 204 199 191 180 165 132 88 74 59 57 61 68 70 85 113 132 173 176 179 156 95 76 118 86 46 28 67 149 208 236 208 134 68 87 79 49 35 44 62 80 93 95 89 89 91 89 81 81 81 82 82 81 
175 175 175 182 178 176 177 178 177 169 175 186 180 163 152 140 125 107 80 95 116 137 149 167 145 159 130 177 191 167 161 164 107 89 79 116 52 23 27 155 246 253 252 208 108 90 60 38 42 62 80 90 93 97 97 90 106 96 61 55 57 72 78 77 
194 194 195 197 200 201 203 204 205 165 144 144 133 113 107 99 103 156 205 208 207 205 182 198 105 110 175 185 185 158 109 103 88 63 73 116 119 76 83 207 243 250 253 250 199 100 50 36 55 71 80 81 83 86 76 73 114 101 41 35 40 57 64 58 
162 162 163 164 166 167 168 169 169 151 124 115 71 45 66 101 145 178 169 173 191 180 108 155 129 120 130 112 82 63 76 85 61 43 67 67 114 99 169 229 228 243 250 251 243 159 53 37 60 78 78 69 57 84 76 54 66 71 62 57 55 53 50 48 
132 133 136 145 152 155 157 159 161 163 165 166 125 95 110 162 175 173 171 182 176 165 154 139 78 58 61 69 75 66 66 96 127 76 59 60 71 93 151 222 227 244 247 245 237 185 66 39 44 43 34 27 34 86 109 90 73 58 46 39 36 34 33 33 
128 135 156 223 240 234 230 241 244 245 245 246 236 135 144 221 246 239 234 187 112 96 67 51 47 50 59 54 46 53 97 136 113 98 78 59 50 56 107 218 228 202 152 131 148 82 38 23 20 24 32 51 93 108 84 57 42 34 30 31 35 40 44 46 
127 141 175 229 210 125 99 171 252 255 255 255 255 173 128 157 239 244 150 53 55 71 73 75 55 49 60 72 103 162 136 80 72 176 186 116 72 34 82 159 101 44 25 42 84 117 130 62 27 45 72 96 95 69 47 36 30 33 42 52 57 62 64 67 
109 155 225 186 163 55 34 76 233 255 255 255 255 215 214 172 183 189 96 98 100 91 94 87 80 84 82 115 195 225 215 100 66 117 205 201 132 56 44 33 27 66 131 188 222 239 239 153 43 61 94 98 67 44 32 32 44 56 62 72 81 86 85 85 
160 225 254 250 240 99 30 39 182 254 255 255 255 249 177 129 119 161 72 43 48 56 58 88 108 115 115 169 202 209 228 166 76 65 158 188 153 59 26 26 107 202 231 241 249 252 250 207 88 80 100 80 50 34 31 50 62 70 82 89 91 90 87 86 
220 253 255 255 254 161 44 29 103 242 253 253 255 252 134 56 59 175 113 48 56 77 92 113 118 110 99 132 186 197 208 204 91 49 84 165 162 126 103 69 148 213 232 248 254 254 254 241 157 98 92 62 40 32 50 65 74 85 88 89 89 89 89 88 
251 255 255 255 254 204 71 32 73 197 215 212 219 229 190 72 65 150 124 91 90 85 71 54 41 35 38 75 163 188 192 194 127 43 46 114 151 138 129 103 91 175 234 253 254 254 255 254 238 167 92 51 35 41 65 74 86 93 96 95 93 90 79 90 
255 255 255 255 241 199 123 50 53 149 177 173 167 162 150 96 59 49 39 31 35 49 62 73 82 77 68 55 112 173 182 183 162 74 60 66 118 125 117 103 68 130 237 253 254 254 254 255 254 235 144 54 35 50 70 84 95 98 96 87 87 85 51 48 
255 255 255 252 199 175 150 75 40 86 134 140 135 124 109 70 77 100 123 108 106 108 77 52 61 60 70 75 81 120 163 170 169 119 62 57 76 103 95 86 66 124 235 251 253 254 254 254 255 252 218 100 38 52 66 72 73 68 58 41 71 107 51 22 
253 255 255 247 174 156 151 107 62 74 99 103 100 95 117 155 200 166 110 97 58 37 39 62 134 115 71 47 46 60 97 121 146 131 62 62 48 75 78 67 53 125 232 248 251 253 252 251 248 237 203 111 44 40 37 32 28 24 20 18 22 29 19 15 
198 242 255 253 204 144 138 133 116 102 94 88 101 155 216 224 122 38 38 61 65 66 70 60 54 63 84 81 91 83 76 77 115 68 34 44 60 46 61 50 36 112 225 245 245 234 204 167 173 154 87 45 29 22 19 21 24 28 28 25 18 16 15 13 
62 171 245 255 250 213 164 138 109 86 90 133 204 231 239 215 73 64 80 78 85 103 105 96 107 97 103 104 103 100 118 98 105 82 85 137 136 76 44 36 23 88 207 217 167 99 50 32 61 80 76 93 85 37 29 43 50 49 44 38 29 26 23 20 
27 103 217 251 255 255 248 219 133 76 58 132 224 237 237 234 201 174 172 183 200 184 105 81 94 98 88 99 141 187 216 189 104 80 88 190 220 194 115 37 26 76 129 94 38 22 37 77 130 185 217 228 215 115 32 42 52 52 50 50 48 45 43 40 
25 61 189 249 254 237 197 188 122 59 30 66 209 237 238 225 206 220 227 228 230 202 114 95 80 110 75 116 195 216 224 235 158 71 61 127 204 216 196 109 45 46 33 24 39 98 170 217 237 247 253 249 244 184 56 32 51 59 59 59 60 58 56 55 
27 35 141 243 247 199 154 185 173 77 45 63 209 237 230 198 191 217 232 234 233 205 145 135 139 143 124 169 209 205 211 233 211 107 66 76 163 200 190 146 56 25 21 44 138 215 238 242 244 244 246 248 248 223 107 32 35 53 64 65 64 63 62 64 
32 27 94 230 252 241 235 240 238 186 128 154 237 246 243 237 237 239 238 237 235 229 222 214 206 190 171 180 201 207 205 221 238 171 80 64 96 173 186 161 75 28 58 101 188 227 237 241 242 243 242 245 246 236 156 58 42 39 50 64 70 69 70 71 
36 27 75 182 216 211 205 200 196 193 190 191 191 190 189 188 186 184 179 174 164 149 133 113 92 68 51 82 166 197 200 205 223 204 98 60 56 119 177 174 105 61 165 186 174 210 228 235 238 238 239 240 241 238 185 88 66 52 39 41 52 63 70 73 
47 26 62 153 196 195 191 186 178 169 158 145 139 150 150 139 123 106 89 73 56 42 33 28 28 29 37 65 145 186 194 196 201 204 141 61 57 70 141 163 135 72 132 211 168 181 210 223 230 233 235 236 236 235 198 83 57 67 60 48 39 39 43 49 
79 31 38 105 166 178 177 174 168 161 149 116 77 71 57 43 34 31 33 39 50 62 67 69 65 69 57 40 86 169 192 195 196 194 170 86 54 54 91 136 131 108 83 148 183 188 192 203 217 224 227 228 230 231 203 84 29 36 50 59 59 54 45 40 
118 53 30 60 119 147 152 151 146 139 129 102 56 60 69 79 97 137 147 148 145 116 71 45 31 22 17 17 35 113 176 190 195 193 184 132 53 46 53 95 116 113 97 78 114 183 203 188 193 206 215 219 221 223 199 87 24 23 24 30 41 52 57 52 
141 86 41 43 86 115 122 123 120 114 106 114 139 185 143 90 96 111 106 78 52 34 29 21 20 17 22 47 63 81 112 156 185 192 189 165 88 36 40 56 91 102 96 80 58 134 206 202 184 180 190 201 207 209 185 81 31 25 20 21 23 27 31 33 
153 128 98 91 103 109 107 106 103 99 103 148 192 183 95 38 23 35 47 41 46 56 67 94 112 45 35 64 67 75 77 96 131 148 144 132 91 32 29 38 61 85 88 82 58 68 169 194 189 176 152 153 178 188 159 71 42 41 29 24 22 22 22 20 
149 145 136 127 119 113 106 101 102 110 127 165 183 83 23 32 53 65 69 70 81 91 79 124 127 65 42 76 81 81 71 88 106 101 64 32 25 19 23 37 40 61 76 74 60 32 89 163 175 171 104 57 93 116 92 47 43 45 37 32 28 29 43 40 
136 135 130 121 114 108 106 109 116 132 138 135 127 92 82 91 89 81 89 66 78 98 67 85 89 60 49 85 79 81 69 89 112 110 88 47 17 19 20 31 39 41 60 66 56 28 23 82 146 155 88 25 34 36 24 30 41 43 39 36 34 38 70 81 
203 187 132 99 76 69 93 109 103 101 99 97 103 125 150 103 95 72 97 47 36 76 50 60 65 38 32 69 71 63 47 67 100 111 119 99 33 21 24 24 39 41 42 56 52 28 16 24 75 128 90 28 22 26 20 25 40 47 48 46 42 40 51 70 
254 206 111 80 54 30 41 69 93 108 97 108 109 145 161 105 99 73 106 66 51 85 58 62 66 47 46 87 81 69 51 50 83 94 125 128 65 23 27 23 31 48 40 40 44 30 17 21 38 86 93 60 29 23 23 24 44 64 74 85 103 126 151 175 
251 159 79 59 48 26 19 48 109 118 86 115 112 160 163 126 113 91 123 75 51 101 73 91 86 58 50 85 75 74 53 49 83 103 133 131 94 40 32 30 24 42 54 37 32 28 25 43 74 69 54 74 68 60 85 108 135 165 189 208 223 235 244 247 
253 204 117 80 52 33 22 43 109 98 108 129 106 164 177 145 113 93 113 85 80 112 69 65 66 58 96 88 74 68 47 42 81 115 133 122 107 70 38 43 32 30 51 51 31 36 61 72 82 99 127 161 191 213 230 238 243 247 250 251 252 254 254 253 
255 253 235 205 140 67 35 57 115 130 149 131 129 156 142 116 106 79 85 71 81 121 99 96 103 93 137 100 73 54 41 38 84 120 125 113 106 100 92 103 99 78 73 99 118 148 181 197 216 232 244 250 253 255 255 255 255 255 254 253 253 253 253 253 
255 255 255 255 241 184 149 158 179 183 158 142 142 135 124 118 127 113 114 104 101 120 125 121 121 114 150 110 84 74 60 49 96 113 106 98 108 136 158 172 184 201 214 231 243 249 252 254 254 255 255 255 255 255 255 255 255 255 255 254 254 254 254 254 
255 255 255 255 255 254 251 244 231 218 194 183 178 161 154 150 155 168 154 162 160 161 163 165 165 167 162 83 66 76 70 74 99 100 93 91 113 141 159 174 208 249 255 255 255 255 255 255 255 255 255 255 255 255 255 255 255 255 255 255 255 255 255 255 
255 255 255 255 255 255 255 240 218 216 196 194 204 178 152 136 137 163 123 132 134 150 146 112 84 104 132 69 62 81 74 75 102 89 82 84 107 132 148 167 205 251 255 255 255 255 255 255 255 255 255 255 255 255 255 255 255 255 255 255 255 255 255 252 


16 18 21 27 32 31 18 11 38 43 155 226 233 232 229 226 216 207 142 145 156 112 103 113 100 83 101 104 88 95 110 129 144 155 163 167 170 172 122 55 65 78 104 112 109 92 72 94 91 69 73 92 93 84 67 83 126 129 112 58 53 53 58 61 
61 64 66 70 81 98 76 23 82 64 122 217 234 236 225 212 172 129 103 123 131 102 93 98 86 71 138 181 107 61 51 54 61 76 88 99 112 129 115 66 59 89 103 101 107 89 73 98 95 71 60 70 81 82 69 83 115 123 105 57 55 55 57 61 
64 72 83 111 141 163 127 31 98 83 158 248 248 245 245 239 211 174 148 146 149 142 140 142 121 92 122 152 102 39 37 33 25 30 28 28 33 42 65 61 66 72 80 95 108 96 88 104 102 100 111 110 105 100 87 85 90 105 97 54 54 53 57 60 
60 86 105 111 115 119 88 20 72 68 68 145 144 129 129 133 128 120 115 119 121 117 116 118 114 104 98 97 84 40 58 89 47 18 16 16 14 15 48 62 57 83 123 124 120 86 66 95 89 80 94 107 115 121 126 128 124 128 92 53 54 52 58 61 
42 50 55 56 58 59 47 11 33 36 23 38 43 41 42 45 44 43 45 46 45 43 43 43 45 52 70 58 60 37 47 39 41 19 12 16 18 19 59 79 61 78 108 117 118 84 66 95 84 70 74 70 70 57 52 67 87 97 80 51 53 51 56 59 
40 41 45 48 50 51 45 20 18 19 19 22 25 27 28 28 28 28 28 29 30 31 31 30 29 52 83 66 41 49 61 70 51 28 23 16 17 21 69 84 79 83 92 105 112 89 80 105 89 73 78 75 78 58 46 59 74 82 71 51 55 54 56 59 
79 83 100 113 116 118 107 76 41 37 41 45 51 55 54 55 59 62 63 63 63 64 64 67 69 112 162 157 126 120 124 122 98 99 102 113 123 120 138 152 154 167 171 182 189 171 153 127 90 72 80 78 86 64 59 75 86 89 66 48 54 57 61 63 
157 166 172 174 164 145 159 173 176 182 191 193 197 202 206 207 207 207 201 202 199 203 205 208 208 205 199 195 199 244 247 240 241 246 243 246 250 246 238 231 229 229 232 235 242 241 244 225 148 83 77 76 84 66 68 86 96 94 63 48 55 57 61 63 
136 135 140 140 113 109 131 136 140 145 150 152 156 158 160 160 159 158 153 154 153 175 160 133 132 130 126 123 154 239 244 235 236 238 232 229 222 230 228 215 218 222 230 243 247 245 246 245 236 197 129 99 108 88 90 106 116 113 81 71 75 77 79 80 
159 163 177 175 175 191 201 201 214 218 221 220 226 229 230 231 233 235 233 235 232 211 148 113 108 92 86 91 148 214 186 149 105 101 101 156 183 191 202 212 225 210 167 144 142 151 166 187 203 207 194 183 184 180 180 181 183 183 178 176 175 175 174 174 
172 180 181 181 189 197 199 204 208 210 212 214 218 217 218 217 218 217 215 213 207 156 68 39 35 30 30 32 88 127 137 172 92 70 105 120 114 123 152 204 224 222 165 65 40 40 43 59 94 152 192 209 201 194 192 192 191 191 191 189 188 187 186 185 
150 154 157 160 163 168 172 175 178 180 182 184 185 186 185 186 185 185 184 185 207 150 51 67 61 43 49 40 66 64 54 168 205 196 152 173 183 121 105 159 190 195 191 143 99 91 78 58 43 46 84 179 230 220 201 194 193 193 193 192 190 189 187 186 
135 139 142 144 147 149 151 152 155 157 159 161 162 162 161 162 162 161 159 185 244 194 126 114 109 75 105 78 66 68 70 135 192 194 186 225 138 79 40 110 177 170 144 148 184 186 138 102 85 61 42 78 192 226 235 219 201 196 195 194 191 190 188 187 
144 148 152 155 158 159 156 157 159 163 169 178 180 182 178 176 178 176 175 176 152 122 98 92 102 98 103 98 100 165 197 185 133 178 223 237 170 57 62 99 113 101 93 176 215 232 208 124 86 82 57 38 103 172 206 235 236 217 201 195 192 190 188 187 
157 159 161 163 162 165 163 158 157 157 169 203 209 208 206 205 201 198 201 167 79 69 70 62 78 79 80 76 91 157 170 182 174 170 209 209 194 63 49 57 75 111 91 140 170 192 203 161 54 37 41 43 57 140 174 195 221 240 235 213 196 191 189 188 
140 141 142 144 143 146 150 147 141 141 161 208 214 215 215 175 69 105 203 210 185 118 95 86 87 114 80 52 66 85 94 144 188 159 90 66 101 81 41 86 99 52 38 151 165 163 174 165 98 77 71 64 58 64 68 76 92 124 182 228 232 208 190 187 
138 137 134 135 126 129 140 134 112 91 134 239 255 255 255 216 59 75 189 172 151 106 120 123 94 101 75 30 21 48 26 15 59 58 73 163 210 186 83 91 41 36 74 122 152 132 123 103 77 58 42 33 27 22 21 20 20 22 33 71 149 225 229 204 
142 143 140 147 140 140 154 150 126 80 87 140 201 218 222 224 114 82 227 199 151 119 119 103 80 70 62 32 3 13 44 8 78 173 146 218 241 205 107 67 38 85 116 120 101 79 70 62 40 23 15 12 12 13 13 14 13 14 16 17 23 82 202 243 
181 180 178 179 176 174 174 171 167 162 160 161 163 166 172 218 174 79 200 210 167 78 73 85 100 116 130 122 53 26 26 32 133 164 112 220 234 242 169 49 67 106 105 74 53 38 30 18 10 12 18 26 34 38 40 38 33 25 18 15 17 18 61 191 
140 140 139 137 136 136 136 135 134 126 119 120 121 127 135 188 198 135 153 154 136 123 118 113 109 112 109 98 88 76 29 25 133 149 114 212 216 214 208 163 98 58 49 34 18 10 7 10 21 33 43 49 56 60 61 60 58 53 44 27 13 16 21 85 
144 145 143 139 137 135 130 123 123 77 45 50 53 98 95 90 127 130 110 113 131 119 91 87 68 65 84 115 117 83 64 33 57 174 162 132 75 84 205 231 191 59 25 12 7 6 14 30 41 47 51 53 58 61 62 65 64 61 58 48 27 11 17 28 
149 148 145 125 122 119 101 91 95 73 61 65 65 79 46 16 52 56 37 82 115 102 79 82 79 152 200 165 42 59 65 22 11 58 53 29 89 170 219 221 219 140 21 8 7 15 32 43 48 49 50 51 54 84 142 181 180 129 68 56 43 14 11 15 
149 147 145 129 85 48 58 54 51 54 57 70 78 72 77 32 68 91 49 50 53 64 74 59 70 115 110 53 2 22 47 44 4 12 73 118 175 202 210 209 206 191 66 8 11 29 41 45 46 44 44 52 78 164 190 224 245 230 132 61 50 20 10 11 
148 144 135 114 88 70 72 63 68 59 89 67 78 173 158 45 167 222 186 106 49 43 48 43 49 83 109 113 29 11 60 69 24 54 119 147 161 184 196 197 194 189 128 17 18 34 40 39 37 30 30 102 125 144 140 140 163 162 134 67 57 29 17 14 
147 114 67 51 48 47 62 75 62 44 129 85 133 226 189 64 146 200 187 122 29 23 26 59 111 168 158 137 90 56 87 64 47 81 134 112 145 165 177 180 180 174 154 42 22 35 36 31 30 51 74 83 76 62 51 46 45 44 45 46 47 46 44 41 
135 81 34 59 60 54 61 70 59 40 72 78 79 196 199 148 144 146 135 129 67 42 44 50 79 121 80 88 43 34 63 69 17 10 36 69 87 93 106 132 146 146 121 48 18 23 28 65 109 102 71 47 35 32 34 38 43 46 47 46 44 41 40 42 
76 47 41 79 70 54 62 69 48 23 22 89 40 75 133 133 101 114 111 132 105 89 80 106 127 109 121 77 6 6 38 45 27 3 1 10 19 31 22 29 46 58 28 16 9 25 80 119 88 54 35 31 44 61 76 85 94 96 94 92 87 80 72 64 
43 38 54 145 69 54 73 78 47 27 56 122 147 154 156 137 100 119 85 79 65 85 89 109 100 72 52 30 9 1 3 21 69 10 1 17 46 71 75 66 70 82 76 58 25 78 115 84 48 32 44 74 96 110 120 130 134 133 130 129 125 120 112 106 
84 88 94 212 143 101 112 121 103 114 206 234 244 246 243 236 220 166 87 71 55 50 55 58 68 86 114 110 81 8 1 3 62 49 5 21 40 19 47 108 178 224 188 105 68 108 96 50 33 56 89 118 136 139 132 132 134 134 129 127 128 130 130 128 
183 184 184 192 190 186 187 188 190 217 235 239 238 230 221 210 194 157 89 99 128 133 154 152 156 177 158 84 88 76 23 5 17 80 47 118 51 14 16 134 233 244 248 201 114 115 67 37 50 89 119 137 140 141 139 129 140 119 74 67 75 104 119 119 
204 205 206 208 210 211 212 213 210 198 211 212 199 175 174 167 153 177 212 214 211 186 193 189 108 108 176 173 160 122 81 39 17 49 70 134 141 77 75 200 240 242 251 249 199 113 52 35 76 105 124 127 128 127 106 87 133 117 40 32 37 60 70 67 
170 170 170 170 172 172 172 172 172 164 169 174 103 57 94 134 154 173 164 167 135 68 97 136 118 115 130 112 77 54 71 84 63 38 65 68 135 111 172 237 233 234 244 250 237 153 50 38 83 113 113 100 76 99 79 51 66 74 63 58 55 52 49 48 
144 144 146 153 158 161 162 164 166 167 172 183 135 97 111 164 175 169 170 181 156 125 119 113 73 54 57 67 73 62 61 99 147 81 67 57 76 102 147 229 225 230 233 242 234 175 59 35 47 45 33 24 30 91 118 95 74 57 46 38 33 31 30 30 
152 157 175 230 242 236 231 242 246 246 247 247 236 130 143 217 247 239 236 190 115 97 60 42 38 46 56 50 40 47 93 144 120 89 76 58 46 57 92 198 205 178 133 132 157 76 30 16 16 27 39 59 106 123 88 55 39 31 29 32 40 51 59 64 
153 166 196 238 215 125 96 166 252 255 255 255 254 168 135 152 239 248 152 51 56 72 69 69 51 51 63 72 67 68 63 82 49 50 45 35 55 27 72 129 73 29 14 30 69 97 111 48 28 64 90 115 108 72 44 31 26 36 58 75 84 92 97 101 
132 174 236 205 172 51 30 68 230 255 255 255 255 214 221 173 185 203 99 95 100 93 96 91 86 93 90 79 38 27 62 54 67 19 8 10 27 40 37 19 11 42 102 158 201 226 224 134 36 69 111 117 74 43 28 31 57 80 92 107 121 130 132 132 
175 231 255 252 241 94 26 32 177 254 255 255 255 251 182 139 113 147 51 31 34 41 42 70 89 98 98 63 6 5 57 69 63 32 5 0 3 16 20 15 75 162 201 218 237 250 243 188 80 90 122 91 52 32 32 68 89 105 126 136 139 137 135 134 
226 253 255 255 254 159 39 23 97 243 255 255 255 252 130 57 50 146 71 34 42 63 78 94 99 97 87 40 1 1 14 42 39 46 9 1 3 81 126 73 124 173 203 232 247 252 253 234 150 113 112 67 40 32 67 92 111 131 137 138 137 136 136 134 
252 255 255 255 255 212 81 28 88 235 249 248 249 248 200 72 60 147 119 92 88 81 66 47 31 23 27 30 7 0 0 2 4 29 27 3 5 97 161 126 88 143 208 240 246 252 255 253 231 173 104 54 34 49 92 109 132 140 143 141 139 133 113 116 
255 255 255 255 252 242 181 62 65 206 236 235 230 223 202 111 57 43 32 24 23 34 45 53 65 65 61 42 24 9 1 0 1 18 59 16 13 109 148 128 77 114 216 239 244 249 254 254 250 229 142 54 35 67 101 125 139 142 138 121 116 106 56 47 
255 255 255 253 238 234 217 105 40 130 205 211 206 194 165 79 46 72 111 101 98 94 62 38 42 36 51 90 85 45 19 3 1 3 48 49 43 112 115 101 72 102 214 234 239 244 250 254 252 244 208 93 38 70 94 103 101 91 74 45 78 123 50 16 
255 255 255 249 219 220 216 155 83 114 164 172 169 152 146 129 116 114 97 100 57 31 30 45 94 84 58 50 56 81 88 39 26 6 16 62 44 80 85 74 54 100 208 228 234 238 242 247 246 231 192 101 39 39 37 31 24 19 16 13 16 24 13 8 
203 246 255 254 229 204 203 198 179 165 156 146 141 150 173 164 79 24 35 62 64 61 61 50 39 22 40 111 147 137 107 67 104 38 10 34 59 40 61 50 32 86 196 220 224 213 181 158 184 164 81 38 23 14 14 19 27 35 42 37 19 13 11 8 
60 178 249 255 253 232 204 189 161 130 130 158 181 186 196 179 55 59 76 76 75 73 79 94 107 86 89 143 144 135 101 69 111 80 31 28 61 38 33 32 16 66 175 184 136 75 33 24 59 72 59 74 69 28 36 64 77 79 74 64 47 37 31 23 
22 104 228 253 255 255 250 229 146 78 58 143 199 198 196 193 156 136 130 131 128 75 60 88 103 116 96 150 163 105 63 57 62 87 40 28 32 35 21 14 22 73 101 61 19 10 21 53 105 170 205 211 197 97 30 59 79 80 78 76 72 66 60 56 
17 56 199 253 255 244 209 197 124 53 20 58 172 194 209 211 185 167 147 141 148 142 99 105 80 118 77 133 92 22 26 86 63 63 52 18 6 10 15 18 31 39 18 9 20 68 137 187 214 237 249 239 230 166 43 34 69 85 86 86 84 81 78 77 
21 29 144 247 251 213 169 190 179 77 36 50 171 191 193 180 170 167 169 173 167 168 142 147 150 157 128 122 32 1 6 63 84 56 61 35 9 1 1 5 13 13 9 23 98 175 207 215 220 225 234 239 237 207 90 27 37 69 91 93 92 89 88 89 
28 22 90 234 253 244 238 241 240 189 124 152 235 243 242 240 239 237 237 237 235 232 228 222 216 200 175 109 15 2 1 30 96 71 66 62 16 1 1 1 4 13 44 73 144 188 203 210 215 218 221 228 232 219 134 49 39 41 63 89 99 100 100 102 
32 23 82 211 240 238 232 222 211 201 194 195 194 194 194 194 192 189 186 181 171 155 137 114 90 64 42 22 3 1 0 4 37 44 34 69 37 4 0 2 16 41 145 159 130 168 189 200 207 211 213 217 220 214 160 73 62 51 41 46 65 87 100 107 
52 23 81 211 246 246 244 240 232 216 191 159 145 159 160 148 130 111 91 70 52 34 23 18 18 20 31 37 14 1 0 0 1 6 6 42 63 20 2 9 73 67 112 190 128 140 169 184 196 203 206 208 210 208 169 61 49 64 61 50 40 41 51 66 
119 30 43 159 231 239 238 235 231 226 212 158 82 72 55 37 24 20 22 30 43 57 65 68 67 71 56 28 14 16 5 1 0 0 1 13 56 46 13 23 106 130 88 136 149 149 153 161 178 189 196 199 201 201 172 58 17 29 46 57 57 54 46 41 
179 65 28 88 186 218 223 221 216 208 194 143 49 34 36 43 54 89 115 135 135 114 74 42 24 12 6 8 28 73 50 11 2 0 0 2 21 46 31 58 126 140 120 85 88 139 169 147 148 165 179 184 187 189 165 59 11 13 18 24 35 48 53 50 
205 119 44 53 133 186 196 197 193 183 164 123 56 85 77 70 87 102 111 81 48 26 20 10 7 6 22 85 126 140 88 64 43 17 5 1 4 24 36 52 105 124 116 93 53 103 168 164 142 135 149 161 167 170 147 59 28 19 14 13 15 18 24 26 
213 183 137 129 157 174 177 175 169 155 133 94 53 84 67 31 14 27 42 34 40 49 49 53 56 32 46 133 144 149 88 84 101 80 33 4 2 9 25 34 61 97 101 93 60 51 129 153 149 135 112 119 141 146 120 64 62 60 39 23 15 12 11 12 
209 206 199 190 183 177 170 161 148 131 112 90 64 43 13 26 50 65 69 66 61 73 53 65 60 38 56 150 170 158 74 83 110 102 51 7 3 6 17 36 36 60 80 79 62 23 58 118 131 128 75 42 74 86 63 53 67 73 63 51 39 25 10 8 
196 197 193 182 172 164 151 132 110 104 101 93 74 74 77 86 81 70 60 35 36 73 50 46 49 41 64 167 166 159 79 86 119 116 89 44 6 7 13 31 39 35 57 67 57 22 10 51 102 109 59 18 30 28 14 39 63 67 62 57 52 38 10 2 
223 214 165 128 97 83 84 81 70 70 74 78 85 124 152 87 73 46 35 19 23 61 33 20 28 22 45 154 164 142 61 62 104 116 133 114 27 12 16 19 42 40 36 53 51 22 6 11 45 83 59 20 18 20 12 27 60 69 70 65 59 54 46 43 
254 203 96 72 48 25 32 52 72 68 71 91 92 149 160 88 78 51 43 32 40 68 32 19 34 35 61 169 167 144 75 45 83 99 146 151 68 18 23 16 30 54 39 35 41 25 8 11 29 73 89 63 26 18 17 19 57 84 96 104 121 144 167 190 
252 152 60 50 40 19 13 43 78 61 61 94 106 171 160 112 100 79 76 40 29 77 38 30 31 34 69 166 158 150 85 44 83 114 157 150 102 37 31 26 18 45 59 34 28 23 19 41 80 72 52 73 64 58 85 111 144 182 206 222 234 243 249 252 
254 205 114 83 46 25 17 39 99 88 85 91 92 169 169 131 102 81 81 45 45 92 52 36 34 41 107 166 158 145 82 37 83 134 156 136 114 69 38 47 28 26 56 55 28 34 61 72 82 99 131 167 197 218 234 242 247 251 253 254 254 255 255 255 
255 253 237 209 138 59 31 50 113 125 121 117 133 153 128 97 92 72 84 60 69 111 90 87 93 82 142 175 156 125 80 33 90 142 142 122 113 108 105 123 114 85 78 108 123 156 191 204 222 238 248 253 254 255 255 255 255 255 255 254 255 254 255 255 
255 255 255 255 242 183 151 173 198 197 158 137 137 127 115 108 115 106 109 98 96 118 124 126 123 115 160 180 156 135 95 50 110 130 115 103 119 160 190 202 208 216 222 236 247 251 254 255 255 255 255 255 255 255 255 255 255 255 255 255 255 255 255 255 
255 255 255 255 255 255 253 251 242 228 201 188 174 146 135 134 141 165 143 148 144 145 146 145 143 145 162 150 133 115 91 80 113 112 97 93 132 175 194 207 227 252 255 255 255 255 255 255 255 255 255 255 255 255 255 255 255 255 255 255 255 255 255 255 
255 255 255 255 255 255 255 250 236 228 213 210 215 183 152 133 115 152 88 95 115 154 139 89 52 62 124 133 123 113 91 74 108 92 82 84 123 161 182 201 225 253 255 255 255 255 255 255 255 255 255 255 255 255 255 255 255 255 255 255 255 255 255 254 


26 27 33 41 48 47 29 19 49 48 156 227 236 238 236 230 220 214 152 152 169 130 126 134 111 92 102 96 75 83 103 130 152 167 181 190 197 203 154 60 62 68 114 124 119 87 58 97 89 53 59 98 103 77 47 74 158 164 156 118 110 109 116 119 
77 79 81 84 94 108 83 26 71 57 125 220 238 241 232 215 182 144 117 135 141 117 116 124 105 98 172 210 138 76 53 59 59 69 78 86 99 121 113 64 48 71 98 103 105 80 59 105 94 55 51 79 94 75 49 75 144 154 149 117 113 111 113 119 
76 70 71 96 125 144 114 31 81 75 154 245 245 242 242 238 222 193 164 157 158 148 145 146 118 85 135 184 187 87 43 51 41 44 43 39 41 47 62 52 54 56 68 83 90 73 62 86 79 81 118 123 115 96 74 79 108 129 139 112 110 108 112 117 
33 19 14 18 22 25 24 13 26 30 56 109 113 113 117 122 119 112 103 99 97 90 85 86 81 72 92 120 180 112 78 140 90 35 30 29 25 25 57 69 61 93 149 151 144 88 55 104 82 65 100 123 133 140 145 150 151 158 135 109 109 104 114 120 
26 26 27 28 30 32 29 14 24 26 22 37 46 51 54 57 53 55 59 63 61 59 59 61 64 68 74 79 160 110 59 84 80 33 19 25 28 27 70 87 64 86 133 144 141 85 57 113 85 51 67 86 84 56 50 76 107 120 122 104 106 103 109 115 
35 35 34 35 36 39 34 19 23 25 28 35 38 41 42 43 42 43 43 45 47 47 47 46 45 60 80 71 85 88 71 128 86 42 32 23 22 27 80 92 83 86 103 118 121 81 69 117 86 53 71 90 89 49 34 65 98 103 111 103 108 106 108 112 
69 48 33 36 43 48 43 40 41 44 49 52 57 59 59 60 64 67 68 69 70 73 73 78 81 125 172 168 154 130 125 165 121 110 111 119 128 126 144 155 155 167 179 193 198 173 153 145 86 52 77 100 102 54 42 82 116 114 105 96 104 108 113 116 
54 50 59 71 77 88 132 164 175 184 194 197 201 205 210 212 213 214 210 211 211 215 217 221 223 223 218 215 221 246 247 243 243 247 246 248 250 248 244 237 230 227 234 240 246 248 247 228 143 65 73 91 93 51 47 93 128 118 98 90 101 103 110 114 
79 83 96 106 100 118 145 152 157 164 170 172 175 178 180 182 181 181 177 178 178 200 203 186 189 186 180 178 203 243 235 224 228 237 239 240 230 234 240 230 224 227 238 247 249 248 249 247 240 196 136 122 124 77 74 118 148 137 116 111 117 120 124 129 
162 165 180 180 180 197 208 207 219 223 225 223 228 230 232 233 235 237 235 237 234 228 196 157 159 165 166 165 201 224 191 152 107 109 120 182 204 206 214 208 209 190 183 171 169 178 191 209 222 225 213 203 203 197 198 205 210 209 205 205 205 205 204 205 
180 188 189 188 195 204 206 210 213 216 218 219 222 221 223 221 223 223 222 220 217 186 124 105 102 101 101 102 146 150 154 182 99 77 118 144 149 154 152 71 91 72 48 67 83 80 76 90 127 179 212 224 218 215 215 216 216 216 215 214 213 212 211 211 
162 166 169 171 174 180 184 187 189 192 194 195 196 197 196 198 197 197 197 198 219 196 133 119 112 111 120 119 121 83 67 178 215 207 164 186 205 174 139 26 5 7 19 122 206 199 175 132 89 79 112 195 237 231 219 216 216 216 217 216 215 214 212 211 
143 146 149 153 156 159 161 164 167 170 171 173 174 174 173 174 174 173 172 194 246 226 209 208 182 158 188 169 134 89 82 143 201 197 112 191 169 138 76 113 59 27 57 175 216 191 209 224 196 127 78 100 210 238 241 230 221 217 217 216 214 214 212 211 
148 152 156 160 163 166 169 172 175 179 183 189 192 195 191 187 189 187 186 200 204 180 162 171 173 174 181 181 176 187 206 190 135 127 38 134 130 90 126 216 204 164 114 55 79 97 84 145 171 165 110 67 136 216 233 244 242 229 220 216 213 214 213 212 
159 162 165 167 171 173 173 174 174 175 183 207 212 211 210 210 208 204 204 196 158 123 101 126 124 124 120 127 134 169 162 171 171 85 9 85 130 63 100 117 120 152 111 25 4 14 11 32 60 65 74 78 95 191 220 232 239 245 241 227 215 213 212 212 
132 133 134 134 140 139 137 138 149 157 171 210 216 217 217 182 94 113 206 216 199 136 121 119 114 124 104 87 110 109 127 173 202 119 11 24 63 37 73 153 151 87 59 58 12 4 24 108 162 138 123 116 107 111 111 118 132 156 196 233 237 223 213 211 
72 71 69 70 83 80 71 74 102 108 144 238 254 255 255 217 75 83 195 185 161 117 122 125 118 123 107 77 93 89 57 59 78 63 13 16 68 53 106 159 78 78 166 194 136 76 118 156 143 111 84 64 52 45 41 38 38 40 51 90 164 230 236 221 
91 91 90 91 102 102 94 100 115 89 97 148 208 224 226 199 101 65 153 144 135 128 115 102 90 81 77 64 55 56 60 33 95 182 65 28 101 135 144 113 70 185 230 229 194 150 132 108 71 43 29 25 27 30 32 30 27 27 29 28 36 99 209 243 
180 179 178 178 178 177 175 174 176 173 172 172 175 178 165 68 59 38 31 24 43 74 80 94 111 128 145 143 84 58 44 45 146 191 92 14 57 169 133 69 123 221 212 153 111 80 57 31 20 32 59 89 114 128 132 126 108 76 43 30 32 31 78 204 
142 142 142 141 140 140 140 139 140 133 126 126 126 130 121 39 20 10 5 20 88 128 135 138 132 119 115 107 98 95 50 39 144 178 78 6 12 112 124 68 104 112 105 75 41 22 16 31 79 126 156 171 183 188 189 188 184 172 143 84 31 33 39 109 
128 130 128 125 123 121 117 112 115 76 42 43 50 74 93 79 52 46 45 78 148 125 121 133 114 73 82 112 133 108 84 71 82 189 137 15 9 43 57 31 83 59 49 25 15 16 52 118 157 175 181 185 189 192 193 192 191 190 184 161 90 27 35 55 
129 130 128 110 109 110 102 97 98 66 52 56 65 69 56 32 53 69 41 72 121 98 107 119 113 169 206 188 117 130 88 60 64 84 65 16 10 18 5 2 17 32 20 13 13 54 129 164 178 181 181 181 181 170 164 186 171 173 186 181 151 43 27 35 
130 129 127 113 88 61 90 94 71 36 33 51 73 64 85 50 54 82 46 42 45 53 86 94 90 123 117 84 62 90 85 63 40 35 83 86 15 8 1 1 1 4 8 12 32 114 158 172 173 171 166 161 122 46 46 119 135 103 156 185 173 63 25 28 
130 127 120 105 90 69 76 75 71 45 85 63 56 62 95 46 50 68 52 48 55 52 59 50 52 90 116 125 67 57 98 90 46 88 157 163 89 14 1 1 1 2 5 10 65 138 159 159 153 124 89 164 129 54 71 92 120 99 120 161 161 72 37 32 
130 105 66 50 46 45 59 70 54 46 156 108 61 26 49 39 15 10 5 23 27 32 63 71 87 157 139 108 91 108 128 98 100 147 207 164 153 47 2 2 1 1 3 10 81 141 147 125 92 97 121 140 127 106 96 91 89 88 89 94 99 95 90 84 
122 80 30 33 30 27 30 38 42 39 94 103 36 26 16 8 4 7 44 117 65 47 80 68 57 64 95 110 94 132 127 107 61 86 97 116 119 82 21 22 26 26 12 15 51 77 76 119 166 165 130 93 74 70 78 91 104 109 110 105 98 89 85 87 
79 52 34 39 29 34 28 17 23 23 30 111 40 32 57 47 27 60 80 107 66 65 80 97 87 78 88 108 71 83 108 79 53 54 42 31 31 43 27 39 60 65 28 19 18 51 136 188 155 110 78 75 115 161 192 209 217 220 219 215 208 194 171 142 
49 44 43 88 50 36 28 26 24 25 37 115 136 117 92 92 58 83 101 94 68 89 95 106 103 84 60 45 51 57 65 64 97 36 33 43 73 92 46 10 12 25 12 9 46 143 190 154 103 75 117 187 220 230 236 240 242 241 240 239 238 236 233 228 
88 90 85 164 124 91 84 84 85 66 66 157 145 100 81 64 50 61 99 92 70 63 64 63 70 79 105 109 102 50 45 41 82 69 30 48 59 30 40 33 34 112 92 42 119 188 170 106 77 147 215 233 242 243 242 242 242 241 239 238 239 240 240 240 
193 193 192 198 198 196 196 197 190 87 32 87 79 38 21 9 3 18 77 108 130 129 153 160 174 143 102 100 98 94 65 44 44 101 79 170 75 16 14 49 55 100 180 141 156 194 131 82 132 217 236 242 243 243 243 240 238 207 149 140 162 212 231 233 
212 212 213 214 217 218 218 219 212 88 4 4 8 6 3 3 22 113 212 219 217 195 177 132 142 117 141 183 162 111 103 65 41 63 100 194 207 103 72 147 153 118 201 197 154 167 107 86 193 231 240 240 240 238 210 171 194 172 73 62 76 123 142 141 
180 180 179 179 181 182 182 181 180 147 63 38 27 36 26 59 116 150 173 171 135 83 68 79 116 138 145 126 88 58 77 97 91 52 89 112 211 182 197 240 223 112 149 195 129 111 93 96 207 230 226 207 167 179 139 96 118 131 116 110 107 104 100 98 
154 154 156 162 167 170 172 172 174 176 176 176 132 115 124 166 168 147 165 163 151 137 131 129 86 67 68 77 82 70 69 118 193 106 85 87 134 178 175 236 198 85 76 176 152 89 73 73 110 101 77 55 61 141 177 155 132 110 93 80 72 69 68 70 
137 144 167 227 243 240 237 243 246 247 247 247 237 148 173 224 245 231 227 190 127 116 75 54 49 60 68 60 49 58 115 186 180 132 99 80 76 114 87 105 56 13 26 132 179 91 38 24 40 79 109 129 167 183 147 105 80 67 63 79 107 136 158 171 
138 156 188 238 227 165 133 181 252 255 255 255 254 185 173 178 241 247 151 61 84 114 111 94 66 69 79 90 94 123 117 141 93 111 110 73 84 56 88 41 9 10 11 23 51 49 30 29 89 192 202 196 175 132 92 67 62 99 157 196 214 222 225 228 
136 178 236 214 192 80 47 80 233 255 255 255 255 226 232 199 200 204 106 121 141 128 120 106 104 116 113 107 107 128 155 116 121 62 88 76 66 68 61 21 10 9 6 7 56 112 88 43 57 148 190 187 136 91 62 83 159 209 223 230 235 239 240 241 
161 226 254 252 245 118 37 38 186 254 255 255 255 252 205 180 144 149 52 43 46 51 50 73 88 97 102 99 85 95 148 130 109 63 59 59 39 37 37 21 14 3 2 14 89 193 158 58 93 163 197 158 106 70 88 185 222 230 239 242 241 241 242 242 
210 252 255 255 253 182 58 29 105 242 252 252 254 252 152 92 72 157 73 47 56 76 91 105 110 114 108 78 63 71 92 113 92 93 38 44 42 141 190 125 82 10 8 40 81 154 186 137 128 183 187 128 85 80 180 225 234 241 242 242 241 241 241 241 
249 255 255 255 254 208 79 35 47 140 151 152 176 203 184 89 83 169 146 126 118 106 87 66 48 37 39 52 51 56 60 66 45 68 61 29 39 165 231 199 127 58 29 51 70 142 214 183 134 172 167 109 75 133 220 233 241 243 243 242 241 240 225 213 
255 254 253 254 227 123 75 62 26 51 65 58 45 39 56 98 82 63 49 36 31 36 43 56 70 77 77 55 47 54 51 50 43 50 110 40 47 185 221 206 139 92 48 47 63 129 210 215 162 128 128 97 78 174 228 239 243 243 240 228 221 207 129 93 
255 254 253 248 133 38 54 67 33 15 17 12 5 2 4 27 48 73 119 115 120 98 64 45 57 44 46 72 82 73 61 46 44 37 90 90 92 199 199 183 135 58 39 35 50 90 173 220 194 118 91 86 83 179 218 218 207 188 158 105 134 167 80 29 
253 253 253 241 83 5 9 18 19 7 1 1 1 5 55 102 110 116 113 132 85 51 43 58 121 104 67 52 51 51 71 64 63 44 42 113 88 157 167 147 108 43 23 19 32 52 104 184 198 140 88 69 66 92 93 76 58 44 37 30 30 39 23 16 
219 247 253 252 179 40 3 3 2 2 1 6 27 79 154 150 80 37 63 107 116 106 90 67 53 29 40 75 84 72 70 83 139 68 23 68 110 82 124 109 73 42 14 4 9 16 28 115 208 191 96 49 36 27 39 65 93 119 142 138 83 62 47 24 
86 200 250 255 251 202 123 86 41 20 44 109 157 176 190 175 67 103 136 130 118 102 99 110 132 115 95 107 89 80 102 108 164 127 61 74 124 76 72 75 40 49 29 5 7 11 14 35 92 90 46 22 20 38 128 197 216 219 217 207 180 156 135 104 
32 133 238 252 254 254 248 220 147 90 62 148 191 193 190 187 152 149 145 136 123 75 81 111 135 162 114 111 132 120 137 135 126 151 82 90 113 91 54 36 49 104 58 20 13 11 11 11 35 128 139 60 22 34 85 184 218 220 218 214 210 202 193 187 
28 78 218 251 252 245 208 181 133 76 28 60 156 172 192 192 166 155 128 121 132 147 123 129 103 155 89 95 111 107 132 187 143 131 101 59 83 84 65 50 60 67 29 13 13 11 5 3 25 142 194 125 70 44 40 102 191 220 221 219 218 216 213 212 
34 41 169 248 250 222 175 178 180 107 52 56 163 173 175 160 156 152 148 152 151 169 160 168 177 188 150 128 98 86 100 163 168 118 111 65 63 72 58 42 31 25 17 18 10 3 1 1 3 36 95 124 104 69 51 52 103 183 219 224 223 223 221 221 
45 31 111 239 252 246 238 238 239 207 147 161 233 239 238 235 235 235 234 234 234 233 232 230 228 218 200 154 94 86 81 120 174 137 132 118 52 53 52 35 18 14 28 45 21 2 1 1 1 2 15 66 88 57 53 74 80 100 159 209 225 228 228 228 
51 34 82 182 208 195 190 192 197 202 204 204 203 202 203 203 203 203 202 200 194 181 164 143 118 90 64 50 56 69 70 80 117 110 89 140 83 37 46 41 44 38 27 45 55 19 2 1 1 1 1 18 34 14 28 84 108 101 93 115 164 205 225 232 
48 35 53 100 124 113 107 107 111 119 135 154 166 187 190 180 164 145 124 100 77 56 40 32 32 36 53 70 60 57 60 62 70 78 55 100 130 54 36 51 143 117 45 73 68 53 17 2 1 1 1 1 2 1 8 42 81 109 112 100 90 105 135 168 
39 38 35 36 64 74 72 63 49 35 38 78 101 103 83 59 42 34 35 43 56 73 86 95 102 108 87 47 42 68 61 58 59 58 47 48 120 98 38 72 197 216 146 126 77 38 44 13 2 1 1 1 1 1 4 18 30 54 85 103 109 106 96 93 
45 45 36 25 24 40 38 24 11 3 2 16 35 48 48 55 64 101 143 170 170 150 113 73 44 23 12 13 35 94 93 65 59 54 48 34 57 101 66 122 216 225 209 158 82 21 30 33 12 2 1 1 1 1 2 13 19 28 36 48 67 90 101 98 
38 41 36 25 10 7 5 1 1 1 4 24 36 84 97 115 136 152 170 125 76 45 34 18 15 13 20 71 115 134 109 100 91 71 58 45 31 61 79 108 192 214 208 181 112 64 18 19 22 15 8 7 3 1 4 45 85 56 33 28 32 40 50 55 
7 10 16 10 2 1 1 1 1 3 22 47 47 88 100 59 30 49 72 67 75 79 65 65 66 48 44 95 101 114 95 97 118 107 70 41 28 28 61 73 126 184 192 181 132 65 22 5 9 9 25 43 35 11 15 123 195 185 133 78 46 31 27 27 
2 2 2 1 1 1 2 4 13 39 70 76 67 58 27 53 97 122 126 115 91 86 67 75 66 51 62 106 114 124 79 97 122 115 67 18 10 17 47 84 79 126 163 161 134 50 18 5 1 3 29 56 76 50 38 153 210 216 203 181 149 96 34 24 
40 35 23 14 13 21 29 40 56 76 86 86 78 95 108 132 130 113 93 53 45 91 69 61 63 61 71 116 116 117 78 100 128 125 116 86 18 21 33 75 89 77 120 139 125 55 15 15 7 4 27 45 72 62 36 140 207 212 205 196 187 150 56 28 
194 178 108 69 47 41 48 54 58 66 79 87 103 143 162 113 98 63 43 26 37 81 46 30 34 29 39 91 91 81 51 69 105 121 185 194 66 32 34 48 98 88 78 112 113 58 17 18 20 15 35 45 48 51 36 101 198 211 209 203 194 182 143 106 
254 202 91 95 74 35 38 65 91 87 90 116 116 169 165 112 100 70 54 40 52 84 44 28 38 44 66 113 106 93 67 48 81 113 213 231 136 47 51 36 72 118 86 80 97 68 26 28 56 99 131 115 56 43 43 60 169 216 219 218 220 226 231 235 
251 162 71 82 70 33 21 72 99 68 78 104 130 194 168 141 133 116 104 54 36 82 48 35 33 45 72 107 101 103 73 49 84 155 232 232 184 87 76 59 42 100 124 79 70 61 49 86 143 130 101 123 104 95 129 157 203 239 244 246 246 249 251 251 
253 215 148 140 85 45 26 45 74 112 117 112 122 185 165 150 139 119 108 57 59 106 64 43 40 49 103 101 97 99 67 42 97 198 232 219 197 137 92 105 60 61 121 116 65 75 119 131 138 148 173 202 223 236 245 249 250 251 251 251 250 251 253 252 
255 252 243 230 180 96 49 60 136 167 135 153 182 176 144 122 125 107 111 73 86 136 125 123 125 117 153 129 104 85 63 39 131 218 220 202 194 189 182 203 190 155 145 172 174 199 225 229 239 246 250 252 253 253 255 255 254 253 252 252 250 251 252 251 
255 254 255 255 249 209 175 190 218 214 186 180 179 163 148 138 138 127 120 95 95 128 153 160 153 148 176 162 139 110 84 77 177 211 195 183 202 234 248 252 250 246 243 247 251 252 253 253 253 254 255 253 254 255 255 255 255 254 253 252 252 252 253 252 
254 254 254 255 255 255 252 250 246 235 212 201 188 158 147 145 152 169 126 130 130 130 138 150 148 148 163 122 97 73 71 127 190 191 172 172 212 241 248 251 251 252 255 255 255 255 255 255 255 254 254 255 254 253 253 253 253 253 253 253 253 253 253 253 
255 254 253 253 254 255 255 250 245 238 230 225 227 206 184 161 127 151 80 78 95 133 146 108 54 52 115 92 81 75 75 107 174 162 145 153 201 235 244 249 250 252 255 255 255 255 255 255 255 255 255 254 253 253 253 253 253 253 253 253 253 253 253 250 