


7 8 6 7 7 9 11 9 7 9 9 9 8 10 9 9 12 34 11 12 17 11 9 10 12 10 9 10 10 12 15 10 10 10 9 12 10 10 10 11 11 11 13 12 12 13 14 14 16 16 18 32 108 164 179 172 179 218 231 228 220 215 209 199 
8 7 7 7 7 8 18 25 10 10 12 10 9 9 9 10 12 33 13 12 21 11 10 10 12 11 11 11 12 17 12 10 11 10 10 11 10 11 10 10 10 11 12 12 13 14 14 15 17 18 26 82 189 204 194 188 200 223 229 226 217 217 210 205 
7 8 8 7 6 9 44 94 31 18 11 10 8 9 10 10 12 31 18 13 20 11 12 11 11 11 10 11 13 14 11 11 11 12 11 11 12 11 11 12 12 12 12 12 14 14 14 15 16 22 70 167 207 175 151 170 206 222 224 223 211 216 210 206 
9 9 8 8 9 12 76 150 85 43 24 15 13 11 11 12 13 29 25 14 20 14 14 13 16 14 13 12 15 14 12 13 13 14 12 12 13 14 13 13 13 12 15 15 15 16 16 16 18 38 137 184 163 123 118 156 205 218 223 217 203 212 212 205 
7 7 8 7 9 12 72 151 140 89 69 24 20 14 14 14 14 22 28 16 21 18 14 14 15 15 14 15 16 14 13 14 14 15 16 13 14 15 14 13 14 13 14 14 15 16 18 16 24 66 157 147 125 112 128 172 207 218 220 210 201 214 215 207 
7 6 7 6 7 12 62 148 155 126 103 82 47 17 13 14 16 19 35 18 21 22 15 16 16 15 15 18 16 14 14 14 13 15 14 13 13 14 13 13 13 13 14 14 15 15 15 14 26 92 142 121 112 109 135 189 215 220 214 205 206 214 214 208 
11 28 19 8 6 9 45 141 153 147 115 117 134 61 19 16 17 19 38 24 18 25 17 17 16 16 16 18 17 15 16 14 16 16 15 14 13 14 14 14 13 14 15 14 15 16 15 16 31 108 128 108 97 108 145 198 214 218 208 201 205 210 211 208 
20 100 43 8 7 12 34 129 153 155 139 134 163 150 50 25 18 20 31 33 17 25 19 18 16 16 20 21 17 17 18 16 16 17 16 16 16 16 15 15 14 14 14 15 14 14 15 17 48 125 124 97 90 100 172 208 207 211 205 195 199 205 208 204 
16 50 42 9 7 10 26 111 156 158 163 146 164 190 118 58 29 29 25 41 23 24 25 18 18 18 21 30 23 19 21 18 17 17 17 16 16 16 15 15 14 14 13 15 15 13 14 13 50 127 109 90 88 89 164 206 200 203 198 189 194 199 203 199 
26 86 67 14 7 9 18 87 154 161 170 167 171 191 171 109 50 41 24 37 37 24 33 23 21 22 25 39 32 28 25 21 19 19 20 19 18 18 16 18 16 16 15 20 16 14 13 14 38 107 99 90 90 87 117 185 193 198 189 183 191 192 195 193 
15 62 63 12 7 8 13 60 138 161 167 178 175 186 191 147 85 60 27 26 46 29 33 31 25 27 33 53 54 54 40 21 20 21 19 20 21 20 20 18 19 16 20 24 15 15 14 13 27 86 96 95 92 88 99 162 177 189 182 177 187 185 185 185 
7 23 21 8 7 8 10 42 104 156 165 179 186 182 187 161 128 100 39 24 33 45 30 42 35 37 52 77 104 117 72 40 33 28 23 24 21 22 22 20 19 17 26 23 18 16 15 15 21 75 97 92 89 74 82 163 168 174 177 179 188 184 176 176 
20 57 42 9 7 7 10 35 79 144 165 175 185 181 179 163 142 126 70 35 25 46 46 40 57 58 82 122 155 172 134 116 98 77 43 31 27 24 25 21 24 21 32 25 22 16 16 15 20 67 97 85 73 56 65 150 178 162 172 181 194 192 178 174 
12 45 69 13 7 7 11 30 64 122 164 176 181 178 172 153 148 151 107 70 37 33 60 57 73 101 122 150 166 177 183 191 184 158 121 80 64 37 29 25 37 26 37 28 30 18 18 17 18 57 100 91 72 57 66 139 188 168 166 185 199 203 192 182 
5 19 86 34 6 7 10 26 57 92 159 173 176 176 171 152 146 163 140 109 70 51 53 85 96 141 150 150 154 157 172 168 175 184 162 145 138 96 59 40 45 25 39 33 34 19 23 18 24 52 103 94 75 61 68 127 192 177 162 186 202 211 210 197 
6 9 28 14 7 6 8 23 58 66 142 166 167 168 168 158 151 161 159 145 96 95 87 106 132 150 155 154 155 152 156 111 87 123 169 155 136 132 130 93 79 35 39 42 44 27 26 18 32 77 121 94 73 65 70 102 182 177 144 162 188 205 213 208 
14 57 28 6 7 7 8 18 51 56 115 157 156 156 154 157 161 164 169 159 129 120 126 135 140 147 156 165 168 163 155 118 73 78 128 164 146 134 142 169 169 120 65 64 52 37 30 25 52 121 127 98 80 66 61 68 154 165 130 134 150 174 195 205 
17 82 39 7 6 6 7 15 48 58 84 141 141 139 139 146 158 164 166 160 146 144 136 130 135 142 137 134 141 146 155 146 122 66 87 151 171 150 152 181 207 226 204 166 99 62 48 39 50 115 106 100 92 75 62 59 113 136 127 124 115 128 152 173 
10 36 72 11 6 7 8 20 50 62 68 118 125 121 126 132 147 154 153 145 137 137 126 116 112 119 123 120 127 137 139 146 145 109 90 143 199 172 165 174 196 235 252 248 224 200 193 125 49 95 104 107 102 82 66 61 79 115 131 118 104 113 123 132 
5 29 86 12 6 7 9 18 58 67 71 101 127 116 113 116 120 125 128 118 114 120 118 115 123 128 127 118 104 113 121 132 153 167 164 169 189 179 186 219 245 253 255 255 253 250 245 220 124 87 108 112 111 87 64 53 53 93 134 119 104 102 112 112 
5 28 72 9 5 7 7 18 65 71 79 96 131 115 106 103 97 99 98 98 107 120 119 104 105 98 91 93 102 128 146 151 173 201 223 228 228 223 232 249 255 255 254 253 251 249 243 230 193 122 110 103 108 82 63 49 49 96 133 115 104 99 100 104 
4 35 80 9 5 6 7 17 62 74 85 104 108 105 98 88 83 83 91 102 102 100 95 82 82 89 97 109 119 136 166 182 204 224 235 240 243 242 245 250 253 252 249 246 247 245 240 228 202 167 123 106 98 74 66 51 44 85 124 109 103 101 97 100 
5 37 70 9 6 6 9 24 74 83 89 103 103 100 93 84 87 93 101 94 90 93 89 87 91 94 97 107 113 126 147 160 183 204 224 232 232 231 232 231 240 247 243 240 239 235 227 214 188 174 146 120 98 81 79 59 45 68 113 101 101 103 97 98 
5 12 20 6 6 7 9 29 80 88 93 102 99 95 87 95 102 102 94 81 90 92 92 91 97 106 115 110 105 117 131 132 138 161 190 212 218 217 217 220 228 232 229 229 227 215 204 193 170 155 155 134 112 96 96 76 57 60 103 98 95 98 91 95 
20 31 28 8 6 8 10 27 72 85 87 86 88 96 99 104 102 96 88 77 75 88 105 111 120 118 118 111 101 104 119 122 111 119 141 175 195 204 214 224 220 213 211 210 198 185 175 166 146 134 148 148 132 123 126 110 89 65 95 101 98 93 89 92 
37 45 76 17 7 8 9 23 70 80 77 84 92 95 100 101 95 85 79 80 78 93 104 117 122 112 105 102 102 105 120 120 102 91 96 127 158 175 202 215 211 207 202 196 184 173 161 143 124 124 148 157 145 149 149 133 119 93 99 109 100 93 91 87 
5 20 81 11 7 7 7 17 62 77 80 94 106 105 101 103 98 93 91 97 97 91 79 86 91 98 103 114 123 123 129 124 100 69 56 75 106 128 171 199 202 202 199 192 180 167 156 133 114 139 156 160 154 164 160 146 138 123 120 119 103 97 96 90 
4 24 66 11 7 7 8 11 40 79 95 109 111 101 106 96 94 98 97 90 84 82 79 80 89 102 116 128 135 133 132 125 98 59 37 46 76 110 143 181 191 194 190 180 164 155 157 131 119 155 158 158 170 172 163 156 150 141 138 127 109 98 99 89 
4 38 74 11 6 6 6 9 27 80 105 114 105 103 102 95 98 90 86 75 68 68 85 99 110 121 127 136 134 122 122 114 72 48 37 47 77 115 126 149 173 184 184 164 159 158 166 138 149 169 158 156 181 177 163 161 153 149 146 134 114 103 101 89 
4 31 61 9 5 6 8 9 18 68 113 117 112 112 94 101 101 87 81 80 71 68 76 92 107 116 121 126 122 104 100 80 49 37 44 60 97 110 114 98 137 171 182 172 178 176 171 162 181 181 153 146 177 181 163 157 152 149 145 138 117 111 105 85 
4 5 7 6 7 8 8 9 14 69 121 116 110 115 106 101 91 78 72 76 70 70 68 76 84 87 88 90 95 80 67 52 43 39 46 63 89 83 67 61 87 144 178 182 192 195 192 188 195 179 144 139 170 181 164 153 149 146 142 139 121 117 106 91 
5 6 5 7 8 8 8 10 23 93 122 111 110 112 106 93 84 76 66 68 68 75 73 65 63 52 56 59 59 55 52 44 48 49 45 45 52 50 45 73 85 106 164 188 199 206 198 193 194 174 141 133 161 176 163 150 145 140 142 138 126 116 108 102 
5 5 5 6 6 7 9 11 41 111 113 109 112 109 94 81 76 76 74 72 78 88 89 81 76 74 70 61 59 61 61 56 62 55 36 24 24 35 47 56 72 97 134 187 206 206 197 197 197 170 135 127 153 168 160 140 136 136 143 135 127 113 110 109 
5 5 6 6 6 7 9 13 61 113 112 111 99 95 87 77 79 85 90 87 87 96 104 106 107 99 101 104 115 115 108 89 84 51 21 16 18 38 55 73 92 106 122 181 209 202 185 185 177 150 131 127 149 160 150 125 127 133 139 133 119 110 112 110 
5 5 5 6 7 8 9 16 74 110 107 95 87 93 96 89 81 78 72 69 76 81 90 93 109 128 135 138 141 139 126 117 109 41 15 14 17 51 97 99 99 105 126 168 201 197 175 164 158 139 121 122 143 149 129 125 123 129 136 130 115 109 109 108 
6 5 6 6 7 7 8 21 79 92 82 71 85 95 90 73 67 78 86 78 72 76 81 89 96 109 116 115 119 124 120 124 108 39 25 24 21 59 144 149 122 122 132 147 184 184 158 149 147 124 115 118 137 137 119 122 120 126 130 128 114 105 106 107 
6 5 5 5 6 7 8 25 77 84 75 79 84 79 82 84 74 64 63 72 81 95 99 88 78 74 81 80 82 84 106 124 104 54 50 34 26 60 149 163 128 123 124 137 162 167 145 143 140 116 110 119 135 128 118 117 117 120 123 123 108 98 108 105 
6 6 6 6 7 8 9 25 77 91 81 77 90 94 94 83 69 67 67 70 85 106 103 91 82 75 70 67 60 69 108 116 88 77 77 50 36 58 148 154 123 120 104 120 133 154 142 143 128 112 104 121 129 125 112 104 112 112 118 116 100 93 107 102 
6 6 5 6 6 8 10 21 75 88 78 88 95 107 110 99 81 77 84 86 94 101 103 103 101 92 83 77 65 81 113 110 79 62 72 59 44 58 146 136 114 100 84 106 119 140 132 131 120 114 102 120 122 121 113 107 105 107 115 111 95 92 98 101 
6 6 6 6 6 7 14 36 80 77 80 99 97 103 112 108 98 91 91 88 94 96 104 112 115 107 95 83 73 96 114 110 75 35 34 57 45 71 131 106 93 75 77 97 111 126 127 119 115 118 104 114 121 120 115 109 105 104 111 107 99 86 87 93 
5 5 5 5 6 7 21 50 73 72 92 98 93 95 105 109 101 96 90 92 88 94 105 110 113 118 109 97 91 112 117 105 74 20 14 40 52 102 116 91 79 67 81 91 96 115 116 115 117 120 106 105 120 117 110 106 98 99 107 108 94 72 80 86 
5 6 6 6 7 12 26 44 68 80 107 92 94 103 110 110 103 97 93 92 90 99 109 110 109 118 116 108 109 120 119 101 79 37 20 44 85 139 111 92 72 68 83 88 85 112 118 109 117 116 109 102 116 112 101 97 91 90 96 94 87 77 85 84 
6 6 6 6 9 27 29 52 75 102 104 90 94 108 112 116 109 99 96 101 102 108 114 111 109 115 111 103 113 122 122 92 76 70 60 86 135 137 97 86 75 76 80 84 75 99 113 106 110 107 105 103 106 100 95 99 88 82 92 94 84 67 79 81 
7 6 6 7 17 30 49 84 114 116 96 97 108 117 123 121 114 107 97 103 105 111 116 113 112 113 105 104 117 120 122 95 66 68 94 140 147 121 90 84 74 87 82 83 67 88 95 102 95 98 98 103 101 94 88 83 82 90 98 87 72 69 76 73 
7 7 8 13 20 28 80 124 119 102 92 97 111 122 124 116 109 110 99 99 104 117 123 122 117 118 111 115 118 124 117 100 85 116 141 147 130 100 86 82 78 88 87 78 68 81 89 96 88 87 105 105 98 83 82 82 88 99 102 76 64 72 71 68 
7 9 12 29 57 92 127 118 101 93 100 105 99 102 113 106 102 104 105 104 103 120 129 123 119 125 117 115 123 119 111 111 106 125 131 122 98 83 79 82 85 81 83 68 61 78 90 96 85 76 107 104 89 79 84 85 93 103 86 67 68 71 62 62 
11 32 68 107 131 125 103 103 109 106 101 95 82 83 88 101 111 106 103 103 106 117 127 127 128 127 119 114 111 100 98 104 100 111 111 93 83 71 72 73 76 69 96 69 57 77 90 96 79 74 93 88 82 71 82 92 100 95 74 63 64 61 52 55 
67 116 132 118 107 105 103 100 117 113 105 91 75 74 85 112 116 110 102 102 104 109 126 127 127 127 123 112 98 83 89 98 97 102 96 77 68 61 57 58 57 66 95 61 61 77 89 94 79 79 89 76 77 75 83 97 99 92 78 68 63 56 58 59 
131 116 103 99 108 120 122 116 127 118 122 118 95 82 101 123 117 106 97 98 99 109 128 132 124 127 117 103 95 78 86 105 103 92 81 65 66 58 46 47 45 68 83 60 66 79 88 92 82 81 89 94 86 86 87 98 92 80 68 59 51 50 56 56 
98 86 98 98 109 127 124 126 138 135 136 140 103 88 113 124 115 94 88 92 99 107 122 131 127 124 113 104 96 77 81 107 96 76 65 55 54 52 39 43 46 66 65 55 68 78 78 88 81 80 82 78 78 92 92 99 92 75 64 58 52 49 51 52 
82 82 110 106 107 130 132 128 137 147 134 144 118 103 100 114 99 78 84 87 92 104 115 121 118 121 114 108 102 79 77 105 89 62 50 47 46 43 37 42 45 63 52 53 72 74 66 84 73 63 71 60 74 93 97 95 91 78 64 55 45 46 43 39 
94 90 104 114 109 126 137 136 145 151 142 146 135 117 88 108 88 79 83 84 97 99 107 110 109 110 110 112 101 81 70 86 73 51 43 42 48 41 40 46 49 53 43 50 70 66 59 84 71 53 74 64 79 95 99 87 71 68 58 51 42 44 52 48 
102 104 100 107 114 125 136 136 147 146 144 142 144 111 80 97 82 85 84 88 91 91 100 101 105 99 103 115 102 81 63 71 62 44 40 40 43 42 43 44 43 43 39 46 66 58 57 81 69 49 65 71 83 92 91 77 66 60 53 57 57 58 53 50 
93 104 100 97 109 124 133 131 146 140 141 141 138 101 83 87 85 89 90 91 82 87 89 101 97 98 99 116 104 79 60 60 58 37 36 34 40 42 41 39 37 37 34 48 63 52 58 77 67 47 61 73 81 89 85 72 70 55 47 49 51 57 53 53 
87 97 96 96 106 114 129 131 146 137 141 141 137 95 80 76 89 104 93 85 83 82 79 94 87 95 100 114 103 72 58 53 54 36 35 33 41 41 34 35 35 38 35 46 63 49 60 67 64 49 63 74 76 83 78 69 60 57 46 46 38 46 56 56 
81 93 92 96 104 110 124 127 142 129 129 133 139 92 72 76 102 105 89 89 80 69 73 83 81 95 99 107 94 67 57 50 48 33 32 30 34 34 29 33 33 34 33 44 57 44 59 64 65 49 65 79 80 84 75 60 49 55 51 48 39 43 50 55 
80 87 87 95 105 109 119 125 137 119 120 129 137 96 66 88 107 96 90 89 75 67 63 77 80 91 96 103 84 61 52 45 39 30 28 28 27 25 30 32 32 30 31 42 50 43 59 60 70 54 61 83 87 83 71 50 43 46 50 52 44 38 45 51 
73 84 82 92 104 107 116 123 128 107 112 120 131 91 69 94 91 85 90 82 74 65 59 65 78 81 92 97 84 52 47 40 34 27 26 30 27 25 30 30 28 27 32 44 45 45 59 58 69 57 65 85 86 83 70 51 44 48 46 44 48 44 42 43 
71 80 76 84 101 105 113 124 115 96 105 114 127 89 81 90 77 84 82 75 70 66 61 62 73 72 86 91 74 48 40 35 32 27 27 29 27 26 28 27 26 27 35 48 45 52 56 56 72 56 69 87 84 70 66 56 46 44 41 42 39 51 41 39 
67 73 72 73 89 101 108 124 103 91 100 106 117 90 84 81 77 80 72 69 65 64 54 61 64 64 73 82 60 44 37 31 31 29 25 25 25 24 26 24 26 29 34 48 45 59 53 55 67 59 68 83 73 54 52 48 51 53 49 41 42 36 40 39 
62 70 70 65 82 96 105 119 87 84 91 95 106 83 73 66 75 66 58 64 59 59 50 54 57 48 54 64 48 38 30 32 27 23 22 22 22 21 20 20 26 28 34 45 40 60 52 55 65 64 74 83 59 47 41 40 41 48 47 39 36 38 38 40 
57 64 69 60 75 91 103 108 75 80 80 92 101 82 60 60 64 53 50 53 52 54 44 45 50 43 44 54 41 30 25 23 18 19 21 23 21 20 20 22 27 31 33 42 38 63 54 56 66 68 76 76 51 44 36 38 36 47 41 37 33 42 39 39 
51 55 62 60 72 88 100 95 72 76 77 89 98 79 49 53 53 50 44 44 43 46 44 44 46 41 36 44 38 26 20 17 18 19 23 22 21 18 22 26 27 32 34 39 39 65 50 54 69 73 78 69 47 45 36 36 43 42 37 35 36 43 40 36 
49 52 55 53 72 87 97 82 75 72 74 84 94 75 42 45 45 43 34 36 37 43 44 47 46 44 31 32 32 26 19 14 15 20 23 23 18 17 22 28 27 31 36 44 40 63 49 49 68 70 75 57 42 48 43 44 48 44 37 34 37 41 38 38 


5 6 5 5 6 7 7 7 6 6 6 6 8 9 8 7 10 34 10 10 17 8 8 8 9 10 9 8 10 13 14 9 9 9 8 8 9 9 8 8 9 9 9 10 10 11 12 13 15 17 17 37 124 180 192 188 186 219 231 228 220 217 212 201 
6 5 6 5 6 7 14 21 10 9 9 7 8 8 9 9 9 33 13 10 17 10 10 10 10 9 9 9 10 14 10 9 9 9 9 8 8 9 9 9 10 9 10 11 11 13 13 13 15 18 27 93 206 219 207 202 206 224 229 226 217 219 212 208 
6 6 6 7 6 7 36 85 27 15 9 8 8 8 9 9 10 31 17 10 18 10 9 9 11 10 10 9 13 11 9 9 10 10 10 9 9 10 10 10 10 11 11 11 11 13 13 14 15 22 78 180 220 182 158 179 209 222 224 223 211 217 212 208 
7 6 6 7 7 8 68 138 77 38 20 11 9 9 10 11 10 27 23 11 19 12 10 10 11 11 11 10 14 11 10 11 11 10 11 10 10 10 11 11 11 11 11 11 13 12 12 13 14 40 146 186 164 121 119 158 206 218 222 217 204 213 213 207 
6 7 6 6 6 8 65 134 128 82 58 18 14 10 10 10 11 20 27 13 19 15 11 11 11 11 10 11 14 10 11 11 11 11 11 11 10 10 11 11 11 12 11 12 13 12 11 13 21 71 159 141 119 106 127 173 207 217 219 210 202 214 215 207 
6 6 6 6 6 8 54 130 140 120 96 75 41 16 12 12 12 15 35 13 17 17 11 11 13 12 11 13 14 11 13 11 12 12 12 12 11 11 11 11 11 12 11 12 13 12 11 11 25 95 139 112 103 102 134 191 215 220 215 205 206 213 214 208 
9 26 18 6 6 8 40 125 132 135 109 110 128 58 17 13 12 13 34 20 15 21 13 12 14 13 13 15 14 13 14 13 12 11 12 13 12 12 12 12 12 12 12 12 12 12 12 13 30 108 121 93 85 102 144 200 215 218 209 201 205 209 210 207 
19 99 43 7 7 9 28 114 134 139 130 129 158 145 45 23 15 14 27 32 15 23 16 13 15 15 15 18 15 14 15 13 13 13 13 14 12 13 13 13 13 12 12 13 12 11 11 15 50 124 116 84 79 92 173 209 208 211 205 195 199 204 207 205 
15 50 42 7 6 8 23 100 138 139 152 142 160 184 112 53 24 22 20 37 19 20 21 15 15 16 18 23 19 16 16 14 14 14 13 14 14 13 13 13 12 12 13 13 13 11 11 12 52 125 102 79 78 80 165 208 201 204 198 189 194 199 204 200 
26 86 67 12 6 7 16 80 135 141 154 161 165 183 163 103 44 33 18 30 31 19 27 18 16 18 20 33 26 23 20 14 15 15 14 14 15 14 14 13 12 13 14 17 13 12 12 12 39 107 91 79 79 77 117 187 193 198 188 182 190 191 195 193 
15 62 62 11 6 6 11 56 120 137 146 169 168 179 181 139 79 54 22 21 39 24 26 26 21 21 25 45 45 48 35 16 17 16 16 15 15 15 16 14 13 14 17 21 12 12 11 11 27 86 88 82 81 76 95 162 176 189 179 175 187 185 184 184 
7 22 20 6 6 6 9 38 92 130 141 163 178 176 178 150 118 91 31 19 28 39 23 34 29 29 41 68 94 108 64 33 28 23 18 18 18 17 16 16 15 14 22 21 13 12 11 11 18 74 90 79 74 62 77 163 161 170 175 178 187 182 174 174 
20 57 41 8 5 6 8 30 71 121 138 155 173 173 170 150 131 116 60 27 19 37 38 32 47 45 67 111 148 166 126 107 91 69 36 26 23 19 16 16 17 18 28 22 19 12 11 11 15 68 89 69 59 47 60 150 168 155 170 179 194 189 174 171 
12 45 69 11 5 6 8 27 59 103 135 153 164 166 161 139 135 136 93 61 29 24 50 45 61 87 108 138 158 169 175 185 178 152 112 72 56 29 20 22 29 20 32 23 25 13 14 13 13 55 93 75 60 48 57 139 184 158 162 185 199 203 190 180 
4 18 85 34 6 6 8 22 51 76 132 149 153 157 156 134 128 144 121 95 61 40 40 72 84 127 135 136 139 143 162 158 168 179 156 138 127 88 53 36 41 21 36 30 32 16 19 14 18 49 97 79 63 51 58 125 191 170 155 186 204 213 209 196 
4 8 27 12 5 6 7 19 50 56 120 140 141 146 147 140 132 141 138 125 82 80 73 89 117 135 139 138 138 137 143 97 77 117 162 148 125 122 123 90 79 31 37 39 39 22 21 16 27 79 116 78 60 53 58 99 182 174 137 160 190 208 215 208 
14 56 28 5 5 5 7 15 45 48 98 129 129 134 132 135 140 144 146 136 109 103 109 119 124 132 141 149 153 149 142 103 62 67 121 159 141 129 135 165 169 117 64 64 51 33 24 20 49 123 121 84 65 55 50 64 155 161 125 128 145 172 196 206 
16 82 38 6 5 5 7 13 44 52 71 115 113 116 117 122 135 142 144 137 124 125 117 112 121 128 123 120 127 133 142 136 123 57 81 146 163 145 148 179 205 227 206 167 100 60 45 34 48 113 97 88 76 60 50 53 112 129 122 114 106 122 148 170 
10 36 71 10 5 5 6 19 47 57 60 100 101 98 104 107 122 131 132 123 116 117 110 100 98 105 110 107 116 125 128 134 139 103 91 148 193 166 160 171 193 235 252 248 225 202 192 118 44 92 95 99 91 69 52 51 73 107 125 109 92 104 117 126 
5 29 85 11 5 6 6 14 55 64 64 89 107 94 91 94 99 104 108 99 94 102 104 100 108 115 115 105 89 99 111 121 145 160 159 167 184 173 181 217 244 253 255 255 255 251 244 210 110 84 98 102 100 74 53 44 46 90 128 112 92 91 103 104 
4 28 72 9 5 5 6 16 63 67 71 85 118 100 85 84 77 79 78 79 90 105 103 88 90 85 78 81 92 119 139 144 167 197 220 227 226 221 230 248 254 255 254 253 253 250 242 223 173 113 100 94 97 67 51 40 42 95 126 105 92 86 88 93 
3 34 80 9 5 5 6 15 61 68 73 89 95 94 81 71 67 68 73 84 84 84 78 66 68 76 86 99 110 127 160 177 201 222 235 240 243 242 244 250 253 253 250 246 248 246 239 222 179 144 114 96 86 63 57 42 36 82 112 96 91 88 86 87 
4 36 70 8 5 5 6 20 70 74 75 86 87 85 75 68 73 77 85 76 73 74 72 71 77 82 85 97 104 114 136 150 177 200 222 231 232 230 231 230 240 248 244 242 241 236 226 208 164 144 135 111 89 71 67 51 39 64 101 87 88 90 85 86 
3 10 20 5 6 6 7 27 75 82 81 86 83 77 69 80 88 85 76 63 72 75 76 78 83 94 104 98 90 101 118 120 127 153 186 211 217 216 216 218 228 234 232 234 231 216 203 184 142 107 134 125 103 89 91 71 53 58 94 83 82 89 81 83 
19 30 28 8 6 6 8 24 69 80 76 73 74 81 85 89 85 79 71 61 60 71 90 97 107 106 105 100 89 90 105 111 99 109 133 172 194 202 214 224 219 213 212 211 200 184 170 152 108 61 112 139 126 118 123 107 83 63 88 88 87 83 78 81 
37 45 76 16 5 6 7 21 69 79 71 76 83 85 89 86 81 69 64 66 64 76 88 105 110 100 92 88 88 91 107 109 91 81 86 119 155 172 202 216 212 207 203 198 184 169 153 123 77 59 110 147 139 143 146 129 115 86 93 99 88 82 78 75 
4 19 81 9 5 6 7 16 63 77 77 89 101 96 89 88 83 78 75 83 82 75 65 73 77 85 91 101 108 109 117 114 89 60 45 65 100 123 169 200 202 202 200 194 178 162 149 114 65 97 131 148 149 158 156 141 132 115 114 111 92 85 84 76 
4 24 66 9 5 6 6 9 40 80 93 105 104 92 95 83 80 83 81 73 68 66 65 68 76 90 105 116 122 121 123 117 86 49 29 36 69 104 139 181 191 194 190 177 156 146 150 111 80 127 138 145 166 169 156 150 143 133 133 120 99 86 87 76 
4 37 74 10 5 5 6 7 26 83 106 110 100 96 92 81 82 77 70 61 56 58 73 87 100 112 117 124 123 109 112 103 60 37 28 37 71 110 122 148 172 185 185 158 152 152 166 125 132 158 146 142 177 175 157 154 147 142 141 128 105 95 91 76 
4 31 61 9 4 5 6 7 17 72 114 113 108 106 85 88 86 72 64 66 59 58 64 79 99 106 110 117 112 93 90 69 38 28 33 48 89 107 110 92 135 172 186 170 179 177 176 160 184 182 146 131 170 181 158 150 145 142 138 131 108 103 95 73 
5 5 7 5 5 5 6 8 13 69 121 112 106 112 99 89 77 66 60 62 57 59 58 65 75 78 78 80 85 67 56 42 33 30 34 50 81 78 61 55 85 147 185 186 200 201 202 196 204 184 137 123 158 180 159 147 140 139 134 131 114 111 100 83 
5 4 5 5 5 6 6 8 20 91 120 108 107 107 95 80 71 64 56 55 56 64 61 55 54 45 47 47 50 46 41 32 33 36 32 33 44 43 41 71 85 106 168 197 209 214 204 202 205 180 136 119 144 173 158 144 136 131 133 128 118 109 100 95 
5 4 4 5 5 6 6 9 37 109 114 106 103 98 81 67 64 65 66 66 70 79 79 73 71 72 66 55 51 52 52 42 42 38 24 15 16 28 41 53 69 96 135 196 216 216 204 207 207 174 128 112 136 163 156 133 126 126 134 126 121 108 104 104 
5 4 4 4 5 6 6 10 57 111 110 104 85 78 69 65 66 75 81 80 79 89 97 98 102 93 92 98 108 108 97 72 64 35 14 10 11 30 51 72 91 106 122 187 221 210 189 193 183 148 122 113 132 150 143 117 117 124 130 124 113 105 107 103 
5 4 4 5 5 6 7 13 71 106 97 80 70 76 82 80 73 66 62 62 69 75 83 85 101 122 128 132 133 132 116 103 94 30 11 10 11 44 94 94 96 105 125 172 210 204 178 168 159 135 111 109 128 134 115 117 114 119 128 123 106 105 104 100 
4 4 4 5 5 6 7 19 76 83 70 58 72 82 76 60 58 69 76 69 62 67 72 81 87 99 107 105 109 112 109 112 96 30 18 18 14 52 140 146 121 121 131 147 190 191 159 150 146 119 104 103 121 118 101 114 113 117 121 119 107 99 100 100 
4 5 4 5 5 5 6 21 73 75 65 69 71 63 68 73 66 57 52 60 71 88 93 78 69 61 67 67 71 70 93 111 93 44 42 27 19 53 146 161 127 123 121 136 166 172 143 144 141 107 99 104 114 104 99 106 109 111 114 113 99 90 103 99 
4 4 4 5 5 5 6 20 70 84 72 63 72 78 82 73 57 57 57 59 76 101 98 79 71 62 58 53 47 57 96 105 75 66 69 41 26 50 146 155 121 117 99 117 134 157 140 144 128 105 92 108 108 101 93 88 104 105 110 108 89 85 103 95 
4 4 5 5 5 6 7 17 69 80 66 75 79 97 100 87 67 65 74 75 86 93 96 92 92 80 70 62 53 69 101 96 66 54 62 48 35 48 141 134 109 92 76 101 117 140 128 129 118 109 89 106 101 98 92 93 95 99 108 102 83 84 93 92 
5 5 5 4 5 6 10 31 74 67 68 85 84 89 101 98 84 79 80 76 84 86 93 104 106 95 81 68 61 84 103 100 67 31 28 46 32 58 123 99 84 65 68 92 109 125 124 115 110 113 88 96 100 97 95 97 95 96 104 96 89 78 81 85 
5 4 5 4 5 6 17 47 65 62 84 86 77 78 91 97 87 83 76 82 78 82 94 100 104 108 97 83 77 101 107 96 67 17 9 31 36 91 109 85 69 57 72 83 90 112 111 110 111 114 87 84 100 92 91 96 89 90 97 99 82 66 77 78 
5 5 5 5 6 10 28 39 59 70 101 84 78 89 96 99 91 82 77 79 78 88 100 99 97 108 106 95 97 112 111 93 71 33 16 31 70 131 102 83 61 59 73 79 77 108 113 102 112 107 91 81 96 88 82 88 82 77 84 85 76 71 83 77 
6 5 5 6 8 22 26 42 66 96 98 78 79 93 101 107 98 86 82 91 92 101 104 99 96 104 99 90 102 112 112 83 65 59 50 73 124 130 90 78 64 67 73 75 67 94 109 99 102 92 88 82 82 80 83 93 79 72 84 86 73 60 76 73 
6 5 5 6 16 26 42 74 103 104 84 84 96 107 115 111 102 95 83 93 94 102 106 101 101 102 93 91 105 110 114 86 53 50 79 132 140 115 83 75 65 77 73 77 60 83 87 93 82 83 84 83 77 75 78 74 72 80 90 79 62 62 74 65 
5 6 6 9 20 22 72 115 103 87 80 83 99 114 117 108 97 99 86 89 92 108 113 109 104 107 100 105 107 116 109 92 70 100 131 140 122 92 76 73 70 80 76 69 57 72 79 84 74 72 93 87 75 68 75 72 78 89 94 67 54 65 68 60 
6 6 9 26 52 85 117 104 83 76 89 93 88 88 102 94 90 91 91 94 90 111 119 112 109 115 106 104 116 112 104 103 94 114 123 113 90 72 70 72 75 70 73 59 50 68 80 86 71 60 94 86 70 66 76 76 84 94 75 58 61 62 56 56 
9 28 63 101 121 110 82 83 96 94 89 83 68 66 73 90 101 94 92 93 94 107 117 115 118 118 111 104 101 92 91 96 89 102 102 82 72 62 63 65 69 59 86 60 46 64 80 84 65 57 79 73 71 62 72 83 90 86 66 57 56 53 48 51 
63 111 125 103 85 82 82 75 105 101 96 79 61 60 71 101 104 99 89 89 93 98 119 117 116 118 115 102 86 73 82 90 87 94 85 66 61 53 49 50 50 59 89 51 50 65 77 83 66 63 74 64 70 66 73 87 91 85 70 60 55 49 52 52 
121 103 88 75 83 102 107 98 119 110 115 112 83 68 89 115 108 95 81 82 86 96 121 125 115 120 110 93 85 66 77 96 91 82 70 54 58 50 38 41 37 61 76 49 53 68 76 81 70 66 77 88 84 78 77 90 83 71 58 51 43 43 50 48 
81 65 78 67 85 115 113 117 131 131 132 135 92 73 105 120 109 83 71 76 85 95 112 124 119 114 105 95 88 68 71 99 85 66 55 47 49 44 33 35 36 58 57 43 56 66 67 80 70 63 73 70 73 86 84 92 83 65 55 50 45 40 44 44 
59 56 91 84 82 120 126 124 133 144 128 141 111 92 91 108 91 66 69 71 76 91 106 114 110 114 108 101 94 71 70 98 79 54 41 39 39 35 31 33 38 56 42 42 61 63 55 77 64 49 67 54 68 88 90 88 84 69 57 48 38 39 38 35 
74 68 85 100 96 118 133 134 142 148 138 142 131 110 75 101 78 67 72 69 81 86 96 100 102 105 104 107 92 74 63 76 65 42 37 36 41 34 30 35 40 46 35 41 60 56 48 78 59 42 66 59 74 88 92 76 63 60 53 47 38 43 47 45 
83 87 79 90 104 120 133 134 145 143 142 140 141 103 69 90 73 76 72 76 78 77 91 93 97 91 98 111 95 73 55 63 56 37 34 34 38 32 32 36 33 35 29 34 55 49 47 77 59 38 57 67 76 85 83 69 59 51 45 51 53 54 48 46 
73 87 82 79 99 117 131 129 145 139 140 140 135 93 70 79 77 80 81 79 68 75 79 94 92 92 93 110 97 73 54 56 53 31 30 27 31 32 34 31 29 30 27 36 53 45 50 71 58 37 55 67 74 82 75 66 64 49 41 44 45 52 51 47 
63 80 77 80 96 108 128 130 147 134 139 139 133 86 67 64 82 98 83 70 68 69 69 86 79 89 95 110 98 65 55 47 49 29 25 25 32 33 29 26 27 29 25 35 51 39 51 59 56 39 55 67 68 74 69 60 51 50 38 39 31 41 49 48 
61 74 72 81 95 105 124 125 142 125 126 130 135 82 61 64 94 99 80 74 67 56 62 74 72 91 94 104 90 60 54 45 41 27 23 22 25 26 25 25 24 25 23 33 48 35 49 56 58 42 57 73 73 76 64 52 41 48 47 44 32 38 44 49 
64 73 71 82 95 103 118 124 136 115 115 126 137 86 55 79 99 89 81 80 64 55 52 69 74 88 93 100 81 55 46 40 32 23 20 21 19 20 23 24 22 20 22 33 44 36 49 54 66 47 56 78 79 75 61 43 36 40 45 51 38 32 40 43 
57 71 67 82 97 104 116 124 125 102 109 117 129 82 61 87 83 77 83 72 63 55 51 59 74 78 90 95 80 48 42 36 28 20 19 22 20 20 24 22 20 19 24 33 42 42 52 51 63 50 60 81 82 80 64 44 37 41 43 39 46 39 37 37 
54 67 63 73 95 103 112 124 114 90 101 111 125 80 71 81 67 75 73 64 61 57 51 53 68 70 83 87 69 44 37 30 25 20 20 22 19 18 23 20 19 22 26 38 40 49 52 52 69 48 60 81 78 64 59 50 42 39 35 38 33 47 38 33 
50 62 62 61 83 100 105 124 100 84 97 103 115 84 73 71 65 70 61 58 54 55 45 52 60 61 70 79 57 40 35 28 25 20 19 20 18 18 19 18 18 21 26 37 39 54 48 54 69 55 62 78 67 48 46 42 48 51 43 36 35 32 39 36 
47 60 61 55 75 95 102 119 84 78 86 92 102 77 63 55 63 55 47 52 47 48 42 48 52 47 51 61 46 34 28 29 24 17 17 17 17 15 15 16 19 21 27 38 36 57 48 53 65 60 70 81 54 42 36 37 39 46 41 36 31 32 33 38 
42 51 58 51 70 87 100 106 67 73 72 87 97 75 51 48 51 44 39 44 43 46 38 40 46 39 39 49 40 26 19 19 15 16 17 16 16 14 15 17 20 22 27 36 34 61 49 53 67 67 73 75 47 39 32 34 34 41 37 32 30 38 34 35 
38 42 50 54 67 88 99 91 62 69 67 84 92 69 35 41 41 35 33 35 35 41 38 41 45 39 32 40 34 23 18 13 12 15 18 18 16 14 15 19 19 23 27 36 36 66 46 51 69 71 73 64 42 39 31 32 38 36 34 30 30 38 36 32 
36 37 45 45 65 84 93 68 61 61 62 76 86 61 27 31 29 27 25 29 31 35 37 37 41 41 28 28 28 21 17 12 12 14 19 19 15 13 16 20 19 24 27 39 37 63 46 47 68 66 72 55 38 41 35 38 43 42 33 30 30 38 35 35 


10 11 9 9 9 11 12 10 10 12 12 9 10 10 10 10 14 44 14 15 24 13 11 10 14 12 13 13 13 14 17 12 13 12 12 12 13 13 12 14 15 15 17 17 17 17 16 19 19 24 26 47 142 195 204 203 195 220 231 227 221 219 215 206 
11 11 9 9 8 11 20 27 14 14 14 10 10 11 13 11 13 41 16 15 25 15 13 13 14 14 13 12 14 22 16 16 15 15 13 15 14 14 14 15 13 14 15 16 18 19 21 22 23 28 40 107 219 226 211 208 211 224 228 226 219 221 214 211 
11 11 8 8 8 11 45 89 31 21 13 13 11 11 12 13 11 37 20 13 25 15 13 11 12 13 12 14 17 18 16 16 16 13 14 15 14 15 14 13 14 15 17 16 17 19 20 22 21 30 90 192 227 185 159 181 212 221 222 223 212 217 212 210 
10 11 10 10 11 13 76 133 82 45 24 18 14 13 12 14 16 34 27 15 25 16 13 14 15 15 16 17 19 15 15 15 15 15 15 17 15 16 16 16 15 17 16 18 19 20 20 20 25 52 155 193 167 126 127 164 208 219 222 217 202 213 215 209 
9 12 10 10 11 13 71 126 125 86 59 22 22 14 14 14 17 23 32 16 22 19 15 15 15 14 16 17 20 15 14 15 16 18 16 16 18 18 16 15 17 16 16 16 18 19 19 20 31 82 167 143 120 109 135 178 208 218 221 210 200 213 217 210 
8 9 11 10 9 14 63 123 130 120 95 75 48 20 17 16 17 22 41 17 20 23 17 18 17 15 16 22 19 16 17 17 17 18 18 18 18 17 18 18 18 18 19 17 18 18 18 19 35 103 144 112 100 104 137 194 217 221 216 206 206 215 217 212 
13 31 22 10 9 12 48 117 122 132 108 110 131 64 22 19 19 20 41 24 19 27 17 18 18 20 20 23 20 17 20 16 19 18 18 17 16 17 19 18 18 18 19 17 18 16 17 20 41 116 125 94 85 107 149 204 217 221 211 202 206 212 213 212 
22 100 45 11 11 15 36 111 127 133 130 132 159 145 49 29 23 23 34 36 20 27 22 21 20 22 24 29 25 22 23 20 20 20 20 21 22 22 20 19 20 19 20 19 19 18 19 23 62 132 122 88 82 95 174 213 212 215 209 198 201 207 210 209 
19 52 43 11 9 12 29 105 128 129 149 146 164 180 112 62 30 27 27 46 24 26 27 22 23 22 26 36 26 25 26 21 19 19 22 22 23 22 22 20 20 20 19 21 21 19 17 18 60 133 107 82 83 86 164 212 206 206 201 191 197 203 207 204 
28 86 68 16 11 11 23 87 125 131 148 162 167 182 161 108 52 40 24 40 37 26 33 22 22 25 27 40 33 32 29 25 23 20 22 21 23 22 22 24 23 21 22 29 20 19 18 17 47 115 95 81 82 84 117 189 197 202 192 184 192 196 200 198 
17 63 64 13 9 9 16 65 113 124 137 167 169 178 180 140 84 62 27 26 46 30 34 31 25 26 35 55 55 59 44 26 24 24 24 25 23 23 22 23 24 18 25 34 21 18 17 17 34 95 92 83 83 81 98 168 178 193 181 177 189 187 188 190 
10 25 22 10 8 11 14 47 88 118 130 157 175 175 178 147 121 91 34 24 34 44 31 40 34 33 49 81 109 123 77 43 37 32 27 28 26 25 24 23 23 20 31 30 20 18 17 17 26 85 96 80 74 66 80 168 161 172 176 179 190 185 177 180 
22 59 43 11 8 9 11 39 75 110 123 146 168 173 170 147 131 114 62 34 24 45 44 37 52 51 71 121 159 177 137 120 106 83 50 35 31 27 22 23 27 27 38 30 28 20 17 17 24 77 97 73 60 50 64 154 163 150 171 183 198 193 174 174 
14 46 69 14 8 8 11 33 67 100 121 143 156 162 159 135 132 133 93 65 36 31 57 54 66 91 114 146 164 175 181 193 191 166 130 88 68 40 30 30 41 29 42 34 36 23 20 20 20 66 101 78 61 50 60 143 182 153 160 188 206 210 194 185 
8 20 86 35 7 9 12 28 57 81 119 139 144 150 152 131 124 140 118 95 65 47 44 77 87 131 139 140 144 149 168 166 176 190 172 153 142 104 69 49 54 31 48 41 42 26 31 21 33 60 106 84 64 54 61 132 198 169 153 189 212 223 220 204 
7 11 29 15 9 9 10 29 59 61 111 127 130 139 141 134 127 136 133 122 79 85 78 91 120 137 141 143 144 143 148 104 89 130 175 165 140 133 139 111 100 45 49 54 53 34 37 22 38 92 128 85 63 58 62 108 195 184 141 165 197 219 227 219 
16 58 30 10 10 8 10 22 55 54 96 116 117 125 124 127 134 138 141 129 103 102 111 121 127 135 146 155 159 155 147 105 63 76 137 171 160 148 150 183 194 145 82 83 68 49 41 31 62 137 133 91 70 59 52 71 163 174 133 135 150 179 206 218 
21 83 40 9 9 9 10 21 55 61 78 108 103 106 108 114 128 133 138 130 119 124 117 116 124 131 129 126 135 141 152 142 118 61 97 165 178 164 168 195 222 239 219 189 126 86 68 51 62 123 105 94 85 66 53 58 117 139 132 125 112 128 158 181 
11 38 72 12 8 10 10 27 59 66 68 97 91 88 97 99 116 124 128 118 114 119 115 107 105 112 120 117 123 131 135 144 146 109 112 174 202 179 176 187 209 244 253 252 235 214 210 144 61 103 101 105 98 73 59 58 79 114 135 120 101 112 127 136 
7 31 86 13 9 9 9 23 66 70 68 89 100 90 87 88 94 99 103 98 97 109 109 108 117 122 123 115 99 108 121 133 157 173 178 186 196 188 198 227 247 254 255 255 253 252 252 229 137 98 105 106 106 78 56 50 55 100 140 122 102 98 114 115 
8 30 73 10 9 9 9 22 71 71 72 88 120 100 83 81 76 80 78 82 92 110 107 95 101 96 90 92 105 132 155 158 181 212 233 237 237 232 238 250 255 255 254 254 252 252 251 242 197 133 111 99 103 72 57 49 54 107 139 117 104 95 95 104 
7 36 81 10 6 6 9 22 70 72 73 92 98 97 81 72 71 72 78 86 89 87 83 74 78 87 97 111 121 139 172 189 212 235 245 247 250 248 250 252 254 253 252 251 252 251 250 241 201 161 125 104 94 68 61 50 48 92 124 105 103 98 94 97 
5 38 70 11 8 8 9 27 79 80 77 86 85 85 75 71 80 83 89 82 82 83 82 80 86 90 97 107 111 123 145 159 185 209 233 243 244 243 245 243 247 252 252 250 249 247 244 233 184 157 147 120 98 79 76 60 50 76 110 96 100 99 93 95 
8 13 22 8 7 8 10 33 80 82 83 87 85 82 72 84 92 88 78 69 81 85 87 87 92 104 114 108 99 108 125 129 135 161 196 224 232 234 236 237 242 245 245 246 244 236 228 212 160 112 141 134 114 97 100 83 68 68 102 92 92 97 90 92 
23 32 30 12 9 9 12 32 76 85 83 79 81 91 90 92 88 83 78 69 65 80 100 105 118 116 114 108 99 100 112 123 113 119 144 186 212 223 234 244 239 234 232 231 224 212 198 179 123 67 114 148 137 128 134 119 99 78 99 99 99 95 90 90 
39 47 77 19 9 10 12 31 82 85 77 83 90 94 94 92 86 75 71 74 73 84 97 115 120 110 103 99 100 101 116 119 106 94 96 131 172 192 224 238 235 232 228 224 213 198 183 148 88 63 107 155 148 153 157 140 128 101 104 113 101 94 90 86 
6 22 83 12 9 9 9 22 75 86 85 96 107 102 95 91 88 83 84 91 92 83 70 83 87 94 102 109 119 118 126 126 101 68 53 73 114 141 190 223 227 230 228 222 207 189 177 134 70 91 123 154 158 168 166 150 146 129 129 126 105 100 97 89 
6 27 66 12 10 9 9 13 47 92 105 114 111 100 104 88 85 90 86 80 73 76 72 80 86 101 114 124 131 129 132 129 96 54 37 45 83 124 161 208 218 221 217 206 182 170 179 133 85 122 135 148 179 182 167 162 157 147 145 133 114 100 101 89 
7 40 75 13 8 8 9 10 33 97 120 119 108 106 100 85 87 82 73 68 66 68 84 99 108 122 126 134 131 116 119 112 70 43 35 47 83 130 143 170 198 212 212 186 179 178 197 145 141 167 156 147 190 192 171 168 160 155 155 142 118 109 107 92 
6 31 61 10 6 7 10 10 23 86 127 123 118 115 93 96 92 79 72 74 69 68 75 91 111 116 120 127 119 98 99 77 47 36 39 57 105 125 129 112 158 199 213 199 207 205 205 187 210 209 164 134 177 198 173 166 158 156 153 146 124 121 115 88 
7 7 9 8 10 10 11 11 22 85 131 122 118 122 107 97 86 75 70 69 64 67 69 75 89 91 89 91 94 75 66 50 41 36 39 57 96 96 80 72 109 172 213 215 228 228 231 227 237 215 155 125 161 199 178 163 155 152 149 146 131 130 117 100 
8 8 9 9 10 9 11 13 28 105 130 119 120 117 104 89 81 72 63 65 65 74 71 64 64 59 63 61 62 55 50 41 39 40 40 42 60 61 58 93 113 132 197 225 236 240 233 233 236 212 155 123 145 188 179 162 152 145 149 144 136 128 118 113 
8 7 7 9 8 10 12 14 49 121 123 119 114 106 87 73 70 73 76 77 83 94 92 87 85 89 83 71 66 65 62 48 47 41 32 26 28 44 57 72 96 125 162 222 240 239 231 235 235 205 144 116 136 176 179 153 142 141 151 142 138 128 124 124 
7 7 7 8 8 9 12 17 69 121 118 111 88 81 75 70 72 82 91 91 90 102 109 110 115 108 108 114 123 121 109 78 66 36 20 17 18 42 69 95 121 133 148 211 244 236 216 220 213 173 136 116 130 155 162 136 133 139 147 142 131 124 125 122 
6 6 7 8 8 10 10 20 84 113 102 83 73 81 89 89 80 75 72 69 77 86 94 99 115 135 140 144 145 143 126 114 102 36 16 15 17 59 117 118 123 131 152 195 236 230 203 196 188 156 123 114 129 131 122 136 130 135 145 139 123 125 123 120 
8 7 9 7 8 10 12 28 87 92 75 61 78 90 82 67 67 78 85 79 70 77 85 95 101 111 115 114 121 125 119 124 107 36 22 22 24 69 159 170 148 148 158 174 218 219 184 175 172 134 113 108 122 115 101 130 131 134 139 136 123 120 122 120 
7 7 9 7 7 9 11 30 83 83 69 75 77 70 70 81 78 66 60 69 82 102 108 90 84 75 79 75 82 82 105 124 103 45 40 26 25 69 168 185 157 148 147 161 193 200 166 167 167 121 108 111 114 96 94 119 129 130 131 132 117 110 128 121 
6 7 8 8 7 8 11 27 78 91 78 65 75 82 88 77 63 66 63 68 88 114 114 91 85 72 67 62 53 64 107 116 83 58 62 40 26 65 166 179 149 140 121 140 159 184 161 167 149 116 102 116 106 91 85 96 122 121 126 125 105 102 126 116 
7 7 8 8 10 10 11 23 78 88 69 77 80 101 104 89 73 72 82 85 98 108 107 105 108 92 79 75 63 80 112 108 74 54 44 38 35 60 161 160 134 115 96 123 141 166 149 149 134 125 96 111 98 90 87 101 114 116 125 123 101 103 118 116 
8 8 9 10 11 12 15 40 85 75 75 90 87 93 105 102 91 84 87 88 94 97 103 118 122 108 92 82 72 95 114 110 77 44 31 34 32 71 141 123 106 87 85 111 132 150 144 131 125 129 95 96 100 91 90 110 116 115 125 117 104 100 102 108 
8 8 9 9 10 10 27 56 72 70 89 90 82 80 98 104 95 87 83 93 90 91 107 112 119 123 107 95 87 112 119 108 78 25 17 25 37 103 124 103 87 75 88 105 113 134 129 125 127 128 90 80 96 85 90 111 110 108 117 119 102 84 97 103 
7 7 9 9 10 17 39 48 65 79 107 87 79 91 100 106 98 87 84 88 89 99 111 110 109 120 114 106 106 124 124 106 76 32 20 27 74 143 121 100 76 76 92 98 96 131 132 117 128 120 97 77 91 85 88 109 105 93 100 104 97 90 105 102 
8 8 9 11 14 33 37 52 74 101 102 82 82 98 105 113 104 91 90 102 104 112 115 111 108 117 109 102 113 125 126 95 64 43 40 75 136 147 108 96 79 83 91 96 87 115 128 111 116 103 97 82 78 85 95 120 102 89 99 105 94 78 101 95 
10 8 8 8 23 36 51 81 109 108 89 87 100 115 121 118 106 101 92 104 106 114 115 110 111 112 102 99 119 124 128 95 51 45 87 143 156 134 102 93 80 95 91 96 76 100 102 106 89 89 93 87 73 81 95 97 92 95 108 98 80 77 96 86 
10 7 9 15 29 31 80 117 104 92 83 88 107 122 124 112 101 104 92 96 103 119 122 119 114 116 108 114 119 129 125 103 74 103 141 156 142 113 93 87 82 96 92 84 71 85 91 94 78 77 107 94 78 76 94 91 95 106 114 86 68 84 91 82 
12 11 13 34 61 91 119 103 83 80 91 99 93 96 110 101 96 96 97 101 101 124 130 121 118 124 115 112 126 126 120 117 103 123 137 130 109 91 85 89 91 90 89 71 60 77 90 96 75 62 104 94 82 78 97 94 98 112 99 77 78 85 81 79 
16 36 68 108 123 106 79 83 98 97 90 88 74 71 80 98 109 101 97 100 105 118 129 125 127 128 120 113 111 103 106 111 105 117 119 98 91 79 80 82 84 74 103 71 53 70 87 94 69 59 89 84 86 76 92 102 110 105 86 73 72 70 69 71 
70 115 125 100 82 76 78 76 109 105 101 84 65 65 79 111 113 107 96 96 100 105 132 127 126 128 126 112 96 83 96 103 98 106 102 80 76 68 65 65 63 71 107 63 55 70 86 95 75 66 83 76 88 84 92 103 109 106 91 79 74 67 74 74 
123 101 87 74 81 104 109 102 124 116 123 118 89 73 98 125 116 102 87 86 93 106 136 137 124 130 121 102 94 77 91 108 102 95 86 67 71 62 48 51 51 71 95 59 58 72 83 94 80 68 89 110 106 101 95 107 103 88 74 66 60 55 68 71 
81 68 75 68 84 118 115 123 137 138 142 142 99 81 113 129 116 90 75 80 91 104 124 136 128 123 115 105 98 79 84 111 97 77 67 59 59 54 39 43 45 68 73 49 57 69 72 95 82 67 91 94 94 110 104 111 101 82 72 66 63 55 61 67 
59 56 91 85 82 125 131 129 139 153 138 150 114 100 101 118 100 73 75 77 82 98 117 126 121 125 118 113 106 84 81 113 92 65 52 49 46 47 37 39 46 68 52 45 60 65 60 91 76 55 85 71 84 108 113 108 102 88 74 65 55 54 53 52 
72 67 87 102 98 124 142 141 150 157 147 153 137 117 85 113 87 76 78 74 87 94 107 111 113 118 116 120 104 87 76 92 78 53 45 44 49 41 38 43 48 58 43 43 61 59 52 92 74 49 86 76 90 108 114 97 80 78 72 63 51 57 64 59 
86 89 82 95 110 124 143 143 153 150 150 150 148 107 77 100 80 84 78 78 83 80 98 103 110 104 111 124 108 88 70 79 69 46 44 47 51 41 38 43 43 47 40 40 61 51 52 93 75 44 74 86 95 104 103 88 77 69 64 72 71 72 69 62 
74 89 83 82 106 125 142 138 154 147 149 151 143 97 78 88 87 89 88 84 75 82 89 105 101 104 107 124 110 90 68 70 64 38 38 37 43 40 41 40 36 41 37 41 57 49 57 88 77 45 71 87 94 102 97 83 82 66 57 59 62 70 70 64 
65 83 79 81 103 114 136 139 155 141 147 149 139 89 72 73 92 107 91 76 72 76 78 100 89 101 109 124 112 81 68 61 61 37 31 30 39 39 35 36 33 35 31 38 56 45 58 73 73 47 72 88 86 95 87 75 66 70 54 51 42 52 67 63 
66 80 79 85 102 114 136 137 152 133 135 139 143 87 66 70 104 110 88 79 69 63 70 86 81 104 109 116 106 76 70 58 53 35 31 30 34 36 32 32 30 30 30 38 53 44 61 69 76 52 74 97 93 98 84 66 54 65 64 59 45 52 59 64 
67 76 75 91 105 114 131 134 147 122 125 137 147 92 63 85 108 96 88 87 68 57 58 78 87 103 107 114 95 71 62 50 41 29 28 27 27 24 30 27 29 27 28 38 52 45 62 68 86 57 70 98 97 94 80 54 48 54 62 67 52 43 55 57 
62 76 72 88 110 115 127 134 132 109 118 128 138 85 65 93 90 83 91 81 68 60 54 65 87 92 103 111 96 60 55 45 36 25 23 29 26 24 31 29 27 27 30 40 49 50 63 64 83 64 75 100 99 100 83 60 52 57 60 55 62 54 54 54 
62 73 71 83 108 115 123 134 120 99 111 123 134 84 79 92 76 84 84 74 67 62 56 59 79 83 102 106 86 56 47 41 35 28 28 30 28 27 30 29 28 30 36 45 51 63 64 68 94 66 79 103 98 85 79 68 62 56 53 57 51 68 56 53 
62 70 69 68 95 114 117 132 109 98 107 114 126 88 78 79 70 79 70 66 62 60 49 60 73 78 89 98 75 56 46 36 36 30 26 26 24 25 26 24 25 30 33 46 50 68 62 72 95 74 81 101 89 68 63 58 68 74 62 57 57 48 57 54 
57 69 72 64 88 109 113 125 91 90 96 102 114 82 69 58 66 62 54 58 53 55 46 55 64 61 67 78 62 47 37 38 34 27 23 23 24 24 24 23 24 28 33 43 43 75 62 70 89 77 87 103 74 55 48 54 55 65 56 53 50 51 51 55 
54 62 71 62 81 103 113 113 77 84 84 99 106 80 54 53 56 51 47 50 48 53 44 48 55 53 56 67 53 39 29 31 25 25 23 25 24 24 24 26 27 30 33 46 43 82 68 72 92 88 93 99 70 55 47 52 49 62 58 53 45 55 52 52 
52 56 66 65 78 101 112 99 71 78 78 98 104 77 43 48 46 43 38 42 41 48 45 47 54 52 48 58 48 36 28 23 22 24 24 27 26 21 23 28 28 32 35 47 45 87 66 71 96 97 100 91 63 61 47 49 58 59 53 50 50 59 56 49 
46 50 57 57 78 97 102 80 70 72 73 91 99 71 35 39 34 33 31 34 36 44 44 44 49 51 37 39 41 34 26 18 17 21 25 27 22 18 20 27 30 35 37 52 48 87 66 64 95 92 98 78 55 61 52 54 64 60 51 48 47 56 54 49 