


103 57 43 54 84 88 90 91 93 96 73 20 19 17 18 18 18 18 18 18 19 20 20 19 19 19 19 20 20 21 20 20 20 20 21 20 18 22 61 86 99 170 180 173 195 193 189 184 170 127 98 86 72 70 76 135 224 254 254 254 253 253 252 252 
103 65 51 64 142 170 166 154 148 143 117 48 41 39 36 33 30 27 26 25 24 23 23 22 22 21 21 20 20 21 21 21 22 22 22 23 21 26 66 91 135 196 190 180 194 192 189 184 171 131 97 84 71 71 75 134 224 254 254 254 254 254 253 251 
111 70 58 67 116 204 208 192 179 169 154 76 53 51 46 42 37 33 31 29 28 25 24 23 22 21 21 21 21 21 21 21 20 21 22 22 19 35 73 111 185 202 177 176 192 192 186 180 168 129 96 81 67 68 73 129 221 254 254 254 254 254 248 222 
117 76 59 121 110 159 190 185 178 172 166 105 55 53 49 45 40 36 33 30 28 26 23 22 21 20 19 19 19 20 21 20 19 19 20 20 22 47 80 156 204 192 142 164 192 190 186 179 164 124 91 77 63 63 69 127 218 254 254 254 252 236 191 147 
125 81 60 138 172 105 172 181 179 175 170 135 59 55 52 47 42 38 34 31 30 27 24 22 21 20 19 19 18 18 18 18 18 18 18 16 32 54 105 191 200 158 122 162 194 190 188 181 164 124 95 75 56 58 64 123 212 254 254 249 217 166 122 89 
126 83 62 138 189 92 158 191 159 158 173 157 73 56 53 48 44 39 36 33 31 27 25 22 21 20 19 19 18 17 16 16 16 15 14 20 41 71 131 195 170 126 115 162 194 191 188 183 169 127 91 69 54 58 62 118 195 252 239 196 142 96 71 67 
128 86 63 134 193 153 88 109 44 48 139 149 90 53 52 47 44 40 37 33 31 28 26 24 22 21 19 19 17 17 16 15 14 12 13 28 51 106 132 164 128 109 105 159 193 192 188 185 178 135 85 70 62 67 71 119 161 212 168 112 76 68 68 69 
129 88 63 94 167 183 78 52 57 63 106 125 101 50 48 45 42 38 36 33 30 28 26 24 22 21 19 18 18 17 17 14 12 11 19 32 88 117 81 55 44 42 42 134 193 191 185 182 173 149 114 95 93 98 120 134 121 96 82 69 70 70 70 70 
136 89 65 59 81 183 75 34 54 74 90 104 101 47 39 38 37 34 33 31 29 27 25 23 21 20 19 18 18 17 16 14 11 13 26 43 118 57 26 8 2 3 6 113 194 191 179 162 149 129 110 96 106 131 133 123 99 61 67 70 71 72 72 71 
137 90 65 57 62 160 69 27 34 46 58 68 74 41 25 26 27 26 25 25 27 27 24 21 20 19 18 16 16 14 13 11 10 20 32 70 93 45 28 11 4 5 7 101 195 189 170 145 128 114 104 115 131 129 126 124 97 64 70 72 73 74 73 70 
139 92 66 54 49 71 48 29 22 25 33 37 40 41 39 40 41 40 40 40 39 40 44 32 32 30 30 28 26 24 23 22 18 26 55 88 66 41 27 14 8 10 8 66 185 178 148 123 109 102 115 117 123 129 129 126 99 67 72 72 72 73 71 69 
141 94 68 50 41 49 37 30 25 27 40 43 49 55 60 63 64 62 61 66 64 57 53 46 43 41 39 38 35 34 32 30 26 33 80 90 57 40 32 20 11 10 13 37 148 167 128 121 116 103 94 116 131 131 131 127 107 72 73 71 70 72 71 71 
145 96 70 52 44 44 41 33 29 32 123 60 65 42 65 85 54 61 63 73 62 60 45 56 47 54 40 48 43 42 50 46 33 39 85 69 50 40 26 20 16 8 8 60 167 144 172 188 152 101 105 128 133 134 134 129 112 75 72 70 70 72 72 71 
148 99 73 55 46 40 49 40 36 33 145 66 64 23 45 87 51 54 53 67 52 53 38 55 40 50 26 36 35 44 61 49 37 39 64 60 87 80 35 26 19 48 100 120 144 178 209 235 195 122 97 114 129 135 135 129 117 78 73 71 70 72 73 70 
149 99 77 55 47 46 117 68 40 37 153 95 88 18 33 79 77 71 64 72 58 71 49 65 47 61 55 61 44 69 73 53 43 39 39 77 222 191 50 25 14 62 144 110 115 158 130 119 92 49 29 47 111 132 135 131 120 81 72 71 70 75 98 136 
153 102 79 60 48 48 151 91 42 40 164 111 137 72 77 98 108 114 106 105 93 103 95 94 89 94 92 89 83 108 89 83 73 68 81 106 215 165 55 38 27 25 35 64 86 100 67 43 20 13 8 17 93 131 137 131 121 83 73 76 124 184 228 249 
155 102 80 69 62 50 152 88 37 38 103 103 164 133 136 139 143 148 150 151 152 153 154 157 161 165 168 169 167 167 166 165 165 191 223 187 159 135 113 125 127 125 117 111 82 60 42 38 18 11 9 16 95 133 132 121 103 80 71 171 243 253 254 253 
156 102 81 67 67 63 133 83 39 63 44 85 165 136 139 142 146 151 152 153 155 156 157 161 167 170 173 175 175 169 165 171 197 231 234 242 220 142 108 119 116 98 80 61 34 61 49 28 13 17 10 18 90 108 96 89 85 80 109 243 254 254 253 253 
158 104 83 59 46 67 71 54 45 123 50 75 152 138 140 143 148 153 154 155 157 157 159 163 168 172 175 176 175 106 66 104 178 149 144 242 241 190 119 85 65 60 62 52 31 77 78 36 21 23 34 58 80 86 88 89 88 80 126 250 254 254 253 253 
157 102 84 98 107 55 67 63 55 128 43 45 111 139 142 145 150 155 155 156 158 160 161 165 169 174 176 178 177 151 120 106 94 91 95 128 134 125 127 150 112 72 62 46 32 53 60 73 94 83 84 88 87 87 89 90 89 80 127 250 254 254 254 253 
159 103 84 124 234 136 55 63 72 94 38 34 102 134 137 141 146 150 151 153 154 155 156 160 166 170 173 176 176 175 177 176 184 113 101 93 62 55 60 110 173 161 119 107 134 147 144 148 135 96 90 91 87 87 90 90 89 84 127 248 253 253 254 253 
160 105 88 123 246 176 57 59 59 50 35 31 80 68 56 72 81 66 74 77 68 70 71 71 76 72 68 79 74 77 90 96 146 102 72 91 88 73 71 76 99 146 161 164 173 163 155 151 131 95 91 90 88 91 91 90 90 87 122 246 254 253 254 254 
161 108 88 120 243 175 60 122 135 49 47 39 82 60 30 39 60 39 51 59 38 51 34 30 43 22 28 31 20 35 36 61 90 90 78 99 108 86 80 77 85 112 171 176 161 157 154 152 133 94 90 89 88 90 89 87 87 84 108 236 254 254 253 252 
166 109 89 116 232 166 61 144 208 63 55 50 74 38 57 58 77 70 72 72 55 61 50 51 50 41 44 35 38 42 59 62 120 146 173 165 119 98 92 114 172 210 219 180 160 158 154 149 129 95 88 85 80 77 71 66 62 57 58 143 200 203 197 189 
162 109 90 117 227 161 67 147 209 80 156 63 63 27 69 113 102 74 68 70 80 111 96 88 51 58 34 52 52 26 55 88 212 251 236 181 144 131 124 183 223 225 220 181 160 151 135 112 90 73 59 51 43 38 33 29 26 24 23 23 33 35 34 34 
165 110 90 120 236 168 76 154 210 85 178 113 108 38 96 148 118 81 76 79 91 128 107 98 44 55 28 50 49 12 44 106 215 254 234 180 146 133 132 198 225 224 221 192 142 111 88 87 85 53 34 34 27 16 12 10 6 6 6 5 5 6 13 28 
164 111 90 121 244 180 64 148 211 96 182 129 154 89 136 177 140 124 129 136 134 134 125 121 100 96 60 73 75 46 71 123 222 254 233 186 147 131 130 186 215 207 198 180 138 116 107 102 91 79 96 87 56 26 15 12 10 10 10 9 9 26 57 69 
167 112 91 122 245 187 65 149 212 87 180 136 171 146 152 158 156 158 161 162 162 162 163 167 172 174 173 176 178 173 172 178 226 240 217 178 153 146 129 126 109 70 60 54 49 44 59 98 93 102 106 92 55 27 16 13 12 11 10 10 11 45 71 78 
168 111 92 107 200 164 66 146 211 87 179 128 170 150 152 155 158 162 164 165 165 165 167 171 176 180 183 186 187 185 182 182 189 196 147 90 73 70 111 110 65 26 18 14 12 12 57 100 93 107 110 92 53 26 17 13 13 12 11 10 11 47 71 77 
168 113 93 67 51 61 62 87 105 67 126 104 157 151 152 155 158 162 163 165 165 165 167 171 176 181 183 185 186 185 182 182 179 201 111 42 24 20 99 111 66 26 19 16 13 12 56 101 93 107 110 91 50 25 18 14 12 12 11 10 11 47 72 79 
168 114 90 77 68 72 69 73 66 52 44 53 116 149 152 154 158 162 162 164 164 165 166 170 175 180 183 185 186 183 181 181 179 201 106 43 24 21 99 112 67 29 20 17 15 12 50 100 94 106 109 91 50 25 18 16 14 12 10 10 11 48 72 80 
170 112 81 84 96 101 84 85 79 59 49 49 111 147 151 154 157 161 162 163 163 164 165 170 174 179 182 184 184 182 181 181 179 202 103 43 26 23 102 113 67 28 20 16 15 12 44 106 121 134 103 89 48 25 18 15 14 12 11 10 11 48 71 79 
169 109 77 91 112 125 121 89 62 45 34 32 74 91 107 133 135 138 142 147 146 143 143 143 143 125 103 93 89 86 99 122 105 170 104 44 28 24 104 112 66 29 21 17 15 12 40 117 141 162 103 90 46 24 18 16 15 13 12 11 12 49 72 81 
173 109 74 93 110 123 170 115 61 43 32 30 40 24 60 117 114 119 127 137 132 123 121 118 112 77 35 15 11 9 34 80 58 149 103 42 27 24 108 113 64 31 22 17 15 13 37 116 137 165 104 88 46 24 18 16 14 13 12 11 12 49 73 80 
174 106 81 124 131 130 168 120 61 42 32 39 56 34 85 146 140 176 188 194 173 124 105 100 57 51 43 16 13 10 37 81 57 150 101 39 26 24 108 112 66 29 21 17 14 13 38 112 133 166 106 86 45 24 19 16 14 13 12 11 11 47 74 82 
173 106 79 124 128 130 162 117 63 50 47 52 74 75 117 164 131 140 143 142 130 107 90 84 40 44 47 22 33 15 37 74 45 144 104 39 27 24 104 111 68 30 22 18 15 14 39 109 131 166 112 80 43 24 19 16 14 13 13 12 11 49 74 80 
174 109 79 127 131 131 109 86 83 60 50 81 142 119 66 49 55 64 62 60 54 51 39 31 26 22 23 20 22 23 22 36 41 122 119 50 36 37 110 113 70 31 23 18 17 14 41 107 133 169 120 77 42 24 20 16 14 13 13 11 12 49 75 80 
174 115 74 99 116 125 102 86 69 60 149 122 155 101 33 36 52 47 40 48 33 29 31 24 28 28 28 35 28 30 34 36 44 85 194 152 130 142 174 117 73 30 22 18 17 15 40 101 115 126 102 83 41 24 20 17 14 13 13 12 12 50 74 81 
173 120 76 90 111 125 100 83 132 89 180 130 168 124 117 122 128 130 132 134 130 127 130 133 138 144 145 148 148 146 146 149 149 173 230 194 177 188 220 139 75 29 23 21 20 18 34 97 94 103 102 82 39 24 20 18 15 14 13 11 13 51 72 80 
176 126 86 91 89 92 93 118 224 104 180 130 171 143 144 148 152 155 156 156 156 157 158 162 168 173 176 179 177 175 173 174 172 191 229 196 183 194 244 197 106 51 39 35 33 33 52 96 93 104 103 81 38 23 20 19 17 15 14 12 14 53 72 79 
176 130 94 86 62 126 101 121 228 109 180 119 146 142 144 147 151 154 155 155 155 156 157 161 167 172 176 177 176 173 171 172 170 192 228 197 185 198 245 202 132 80 72 63 60 73 141 115 95 104 104 83 40 24 20 19 18 16 15 12 15 55 74 80 
174 134 98 102 182 227 112 119 227 107 173 97 99 141 143 147 150 153 154 155 155 156 156 160 166 171 174 177 174 172 170 170 169 191 226 196 185 198 244 200 137 90 79 69 69 89 166 150 123 110 103 83 42 25 21 19 18 18 17 15 18 76 121 139 
174 136 99 111 219 235 115 119 226 103 128 67 91 140 143 145 150 153 153 153 154 155 155 159 164 169 172 176 174 172 170 170 168 190 227 195 184 198 244 197 136 97 90 79 76 95 177 204 232 153 103 84 44 27 22 19 19 19 19 17 43 195 238 233 
173 137 99 110 216 237 120 120 223 98 49 43 74 113 117 128 135 138 136 137 133 130 129 130 131 132 133 132 130 126 126 132 122 151 226 194 183 198 243 194 137 104 96 85 78 98 179 218 253 207 121 87 48 30 26 24 24 24 25 24 96 246 252 251 
172 142 99 107 214 238 115 100 210 87 43 34 44 35 51 48 72 74 60 65 51 51 46 37 45 37 46 38 38 40 36 65 76 88 208 191 178 193 241 192 135 103 98 89 83 102 179 227 254 244 204 182 145 121 112 100 86 79 74 74 160 252 253 253 
169 144 99 107 212 240 115 86 124 56 37 30 44 36 48 26 50 44 40 52 23 27 30 9 24 16 30 35 17 35 27 26 49 76 89 87 79 122 237 190 136 104 98 88 84 103 180 232 254 241 238 253 245 216 194 191 176 162 150 149 212 252 253 253 
169 145 98 104 209 244 120 68 69 80 58 35 60 55 43 28 51 41 42 52 27 20 36 12 20 27 29 44 28 34 35 26 46 72 53 26 23 82 232 189 140 107 101 91 83 105 183 237 253 239 244 251 251 230 212 208 199 186 175 172 228 253 253 253 
165 142 98 101 203 245 123 68 77 100 81 50 125 83 37 61 88 48 51 56 37 32 39 25 36 48 19 19 32 27 41 49 25 60 50 26 23 73 229 191 141 109 103 90 82 113 186 240 251 240 243 212 244 240 225 216 207 193 184 184 236 253 253 253 
163 142 97 98 197 231 109 77 62 89 83 50 147 95 30 57 80 52 52 60 37 39 50 38 57 74 42 48 61 46 52 64 59 66 47 24 22 54 213 195 142 109 102 87 81 117 187 241 253 253 248 192 207 239 229 219 210 195 187 190 242 253 253 253 
162 143 95 93 181 143 81 74 50 54 57 62 157 115 94 101 112 113 123 123 114 120 123 123 132 138 139 142 144 144 145 145 147 105 44 23 21 28 165 196 142 109 99 79 74 113 186 244 254 255 254 211 155 214 222 219 210 196 187 193 246 253 253 252 
163 145 94 89 108 77 95 119 52 41 78 117 151 131 130 131 135 139 140 141 141 142 142 147 152 155 160 161 159 159 158 158 157 111 44 23 21 23 135 207 150 113 98 77 68 95 181 244 253 251 248 226 138 173 208 214 206 194 187 194 247 253 253 253 
161 148 93 86 72 89 95 166 54 41 95 140 106 123 127 130 132 137 137 139 140 141 141 145 151 154 157 160 159 161 178 164 151 105 74 102 112 116 155 237 229 197 169 155 137 120 170 245 252 241 232 238 149 148 187 206 202 192 185 195 248 253 253 253 
160 149 92 83 85 87 75 163 59 41 93 141 62 118 125 129 131 135 136 137 139 139 140 143 149 153 156 159 159 178 221 186 155 109 168 224 202 194 194 243 254 248 220 192 184 171 169 243 251 245 246 246 211 202 207 212 205 193 186 196 249 253 253 253 
157 147 91 82 80 66 64 137 53 38 86 137 55 114 124 127 129 133 134 135 136 137 138 141 146 151 154 156 156 185 242 205 168 146 192 247 224 202 198 239 240 248 247 219 195 189 191 244 250 230 248 253 249 235 226 221 206 191 185 199 250 253 253 253 
154 144 90 79 62 52 53 66 44 34 75 110 47 104 110 125 114 109 108 111 105 99 97 98 97 96 92 91 86 137 245 201 159 157 203 248 228 186 172 225 211 238 253 245 202 182 192 243 251 231 248 253 249 238 228 224 208 192 185 203 251 253 253 253 
152 146 91 76 57 49 50 46 35 38 43 49 45 66 67 81 77 74 72 83 88 70 59 55 50 47 44 43 41 108 243 196 156 154 213 235 222 193 178 241 227 224 251 236 178 168 181 238 252 234 247 254 251 241 228 224 208 193 186 205 252 253 253 254 
151 142 89 73 56 47 56 41 59 85 41 35 38 43 46 47 48 48 48 48 47 42 36 34 32 31 30 29 28 96 242 197 157 145 195 237 218 205 195 243 210 198 233 210 169 165 171 228 253 238 247 254 252 243 230 223 209 196 188 207 252 253 254 253 
147 141 92 70 54 45 61 51 88 62 49 46 51 53 29 26 25 26 26 26 25 22 20 18 16 15 14 13 12 84 241 198 154 137 163 234 230 209 209 246 236 204 214 199 164 160 162 197 242 239 246 254 253 243 232 225 211 197 189 209 252 253 253 253 
144 139 92 68 56 64 120 67 84 68 71 86 93 83 19 17 18 19 20 23 31 21 15 16 17 21 20 13 12 65 231 195 148 136 144 201 239 219 210 224 197 205 231 195 155 155 167 192 178 175 230 254 252 242 234 228 212 197 189 209 252 253 252 252 
143 137 91 66 59 73 151 86 82 90 96 105 114 86 43 46 40 33 29 39 42 40 46 34 23 38 44 20 16 34 196 193 144 133 139 163 219 236 211 211 177 213 241 187 145 146 170 200 175 118 198 253 253 241 232 225 209 197 189 208 252 253 252 252 
140 135 93 66 59 71 175 116 109 97 95 87 126 85 59 52 49 37 34 41 52 60 51 33 29 56 54 42 32 17 112 192 143 131 137 151 182 240 225 219 195 231 243 179 139 138 169 196 174 109 134 238 251 234 222 214 202 191 185 206 252 252 252 251 
138 133 95 65 70 143 176 106 117 72 73 79 106 82 62 47 46 39 41 49 52 50 43 37 45 41 49 41 28 31 40 113 107 91 93 101 108 194 236 198 242 248 240 173 134 132 169 192 166 102 76 129 199 195 187 184 183 175 164 192 252 252 251 251 
136 133 97 64 106 197 147 120 130 81 69 113 123 79 69 49 48 40 51 56 35 38 44 46 44 43 42 54 52 52 36 28 35 17 12 18 37 99 204 103 179 238 232 168 130 129 169 188 159 96 67 62 69 73 74 125 156 163 142 169 250 251 249 249 
130 130 96 65 108 194 125 142 112 93 99 129 138 63 55 61 47 63 64 45 36 51 48 51 39 26 34 62 55 68 36 33 32 12 11 11 31 53 132 75 91 211 221 160 128 127 168 185 156 93 66 61 59 57 57 120 155 162 180 197 249 250 247 247 


84 34 18 25 46 50 50 51 52 54 43 9 8 8 8 8 8 9 9 9 9 10 11 11 11 12 12 11 12 12 12 13 13 13 14 15 13 14 42 64 74 131 134 186 238 238 235 230 211 152 109 88 66 56 45 60 119 143 141 142 142 143 141 139 
84 42 22 32 98 124 120 110 102 97 80 24 19 18 17 16 14 13 12 12 12 12 12 12 12 12 12 13 13 14 14 15 15 16 16 17 15 17 47 69 104 153 142 191 238 238 236 231 214 159 110 89 67 59 47 60 119 143 143 144 144 145 144 142 
93 46 25 36 81 159 163 147 134 125 112 46 25 24 22 20 18 16 15 14 13 12 11 11 11 11 11 11 12 13 14 13 14 13 14 16 14 22 52 86 146 155 118 181 239 240 235 229 214 162 113 88 65 60 50 59 119 146 147 148 147 147 141 117 
98 51 26 88 89 118 149 143 136 129 124 73 27 26 23 21 19 17 15 14 12 12 12 11 9 9 9 8 9 10 11 11 12 12 13 13 14 30 59 124 161 134 71 165 239 239 235 230 212 162 116 86 62 58 49 59 117 147 150 150 147 133 92 59 
104 56 27 108 163 69 130 139 137 133 128 99 32 27 25 22 20 18 16 14 13 13 11 10 9 9 8 8 8 8 8 9 9 10 11 10 19 37 108 158 148 89 47 162 241 239 237 231 212 165 123 86 56 56 47 58 112 147 151 146 116 76 71 99 
106 57 28 107 181 64 119 152 128 123 132 118 45 28 25 23 20 18 17 15 13 13 11 10 9 8 8 7 7 7 7 7 7 8 8 10 25 79 194 160 104 48 38 166 242 241 239 233 219 172 122 78 57 59 51 55 103 146 136 99 79 98 120 126 
108 59 28 105 183 133 62 77 32 33 102 111 61 26 24 23 21 19 17 16 15 13 12 11 9 9 8 7 7 7 6 6 6 6 6 13 41 173 223 144 60 34 32 164 242 242 239 236 229 180 120 89 78 79 71 62 83 116 90 96 120 129 129 128 
107 60 28 66 155 167 59 25 30 35 69 86 70 26 23 22 21 19 17 15 14 13 12 10 9 8 8 7 7 6 6 6 5 5 8 16 93 196 157 98 55 39 39 164 242 240 236 232 224 198 161 145 143 140 129 120 115 94 113 130 133 131 130 131 
114 62 28 27 58 165 59 14 25 39 54 65 67 26 19 18 18 16 15 14 13 12 11 10 9 8 8 7 6 6 6 6 5 6 11 44 143 67 27 8 4 5 9 143 242 239 229 212 198 179 162 151 149 141 145 187 185 137 136 135 134 134 131 131 
115 60 28 24 29 144 55 11 14 22 30 38 44 22 11 12 12 12 12 12 12 12 10 9 9 8 7 7 6 6 6 6 4 8 23 119 149 40 22 8 3 3 6 125 241 236 215 191 176 163 152 143 131 162 219 232 195 145 140 137 136 135 133 130 
117 62 28 22 19 50 31 11 8 10 13 16 19 19 17 17 18 18 17 17 17 18 21 14 15 14 13 12 12 11 10 10 7 11 75 162 117 32 18 9 5 7 6 81 230 222 189 166 152 140 124 112 169 231 238 234 199 149 141 138 137 135 132 130 
120 64 29 21 15 21 16 11 9 11 18 19 22 26 28 30 32 30 30 33 32 28 25 22 20 18 18 18 16 15 14 14 11 23 134 164 83 35 26 15 8 8 10 50 196 184 145 132 118 89 89 179 235 241 240 237 206 153 141 138 137 135 133 131 
126 64 30 21 16 16 17 13 11 13 91 39 39 25 27 42 29 31 28 36 30 31 22 28 22 26 20 23 21 20 23 21 14 30 144 132 79 43 26 19 13 7 7 73 170 119 137 150 99 53 158 234 240 242 243 240 214 158 142 139 137 136 133 133 
126 65 32 22 17 16 23 16 13 14 111 46 39 15 13 38 28 29 22 31 22 28 19 28 16 23 13 18 17 20 30 22 16 24 101 93 97 82 35 24 18 43 81 111 134 131 161 204 164 111 176 217 236 243 245 243 220 162 143 139 136 135 133 131 
129 65 33 23 18 18 91 46 15 16 120 69 68 7 8 31 43 41 24 37 30 41 25 36 24 33 22 30 22 39 40 23 18 17 24 51 147 133 46 25 14 58 117 122 184 127 77 101 81 44 48 109 219 244 247 245 224 165 143 139 136 133 124 112 
132 66 33 25 19 19 127 72 15 18 139 86 99 14 13 21 37 47 37 39 30 37 28 34 33 36 33 35 32 50 34 30 25 24 31 46 130 105 36 28 18 17 26 110 171 131 60 36 16 11 8 41 199 246 249 247 227 166 136 125 120 104 88 80 
134 66 34 28 24 21 129 70 14 15 86 83 103 23 22 22 25 28 28 30 30 31 32 35 39 43 45 47 48 50 49 49 50 81 118 83 66 36 27 74 80 80 78 91 79 56 33 31 15 10 9 34 195 245 246 229 193 145 97 82 90 85 82 80 
135 65 35 28 26 25 109 62 15 42 22 63 103 24 23 23 26 29 29 30 31 32 33 37 41 44 47 49 51 52 50 52 82 133 197 230 204 70 31 78 90 90 88 75 32 50 38 24 11 14 9 36 187 204 176 156 146 134 87 93 88 85 83 81 
137 66 35 25 16 26 35 25 17 104 29 51 87 24 24 24 26 29 30 31 32 32 33 37 42 44 47 50 56 54 30 42 106 123 152 244 230 155 99 94 90 90 95 74 33 78 70 27 18 27 55 102 146 150 151 151 149 132 88 92 87 85 83 79 
136 64 36 60 85 25 25 22 21 107 25 19 31 23 23 24 27 30 31 32 33 33 34 38 42 45 49 52 54 55 53 62 97 121 124 156 155 135 127 135 106 83 92 69 35 55 61 89 141 138 148 152 151 152 152 153 151 133 91 91 87 84 82 79 
137 63 36 82 217 116 21 23 29 72 20 12 22 22 23 24 27 31 32 33 32 33 34 37 41 46 49 52 52 51 52 58 118 123 105 91 60 46 53 102 159 139 110 97 109 144 197 240 226 165 158 156 152 153 154 152 151 137 93 92 87 85 82 79 
138 65 39 79 218 155 23 23 24 20 13 11 37 21 13 22 30 22 26 31 19 20 23 18 21 23 22 27 25 24 32 39 116 125 87 110 110 95 95 103 124 154 156 159 202 243 254 255 223 163 158 156 153 154 154 153 152 142 102 91 88 85 83 78 
139 66 40 73 200 143 25 86 118 22 18 15 55 32 10 16 31 18 23 32 16 23 17 14 20 9 13 16 8 16 21 51 108 118 99 120 130 106 100 98 109 139 195 229 252 255 255 255 225 164 160 156 153 153 153 151 148 140 112 91 87 81 76 70 
142 66 40 70 184 130 25 109 203 37 32 21 47 21 25 19 33 29 29 31 20 25 17 18 18 12 16 10 13 18 48 45 92 103 95 72 37 25 29 85 179 231 244 249 254 255 254 253 226 165 157 151 145 139 131 124 117 107 92 76 68 57 48 41 
139 66 40 70 180 126 28 111 205 50 140 39 32 12 24 39 51 51 48 49 49 49 36 38 16 18 8 14 15 10 33 41 119 137 112 52 29 23 30 171 246 247 245 248 254 250 235 213 185 146 117 104 95 85 75 66 61 55 50 45 41 37 35 34 
142 67 40 71 189 131 33 115 205 54 162 87 84 20 40 64 68 64 61 63 58 61 44 48 12 15 7 14 14 2 16 51 122 145 108 49 29 23 36 194 247 247 244 239 228 203 177 168 157 114 72 65 54 36 27 20 13 12 10 8 7 8 21 41 
143 67 39 75 209 148 28 112 206 61 163 101 122 55 62 82 67 60 64 78 64 52 44 47 31 28 15 20 20 11 22 52 126 148 108 53 30 23 33 174 238 231 223 206 170 152 145 162 155 136 149 139 101 56 33 25 18 16 16 13 13 49 102 118 
144 71 39 78 224 165 29 111 207 56 163 105 102 36 35 38 37 39 40 42 39 38 38 42 45 47 47 50 51 50 49 55 117 136 104 63 49 50 84 149 148 103 87 76 67 62 90 159 157 159 162 145 99 57 33 25 21 19 17 16 19 89 125 131 
144 69 40 65 181 144 29 106 203 55 163 99 96 32 31 31 35 39 39 38 38 37 38 42 46 49 51 54 55 54 52 53 63 79 104 77 52 44 150 166 111 60 45 39 33 33 102 164 159 164 164 144 96 54 34 26 24 21 17 16 20 94 125 131 
146 71 39 29 25 30 23 48 82 35 108 76 78 30 31 31 34 38 39 39 38 37 38 42 46 50 52 55 55 53 51 51 51 86 124 81 50 39 157 167 111 62 47 40 35 32 102 164 160 164 164 142 90 49 34 27 24 22 19 17 21 95 126 131 
145 73 37 31 27 29 27 28 25 20 18 22 30 28 29 30 33 36 37 38 38 37 38 42 46 50 54 57 55 52 51 51 51 88 124 82 52 45 160 168 112 63 47 41 36 31 91 163 159 163 163 142 87 48 33 28 25 22 19 17 21 96 126 132 
146 71 29 28 34 41 33 34 32 23 19 19 25 27 28 29 32 34 35 35 36 36 36 41 46 50 54 57 55 51 50 52 51 90 122 81 56 51 166 168 110 62 46 40 37 30 81 162 148 153 155 140 84 47 32 28 25 23 19 17 21 96 126 130 
146 70 21 22 32 48 76 53 22 15 11 11 17 19 22 30 35 38 44 57 49 42 41 43 44 36 29 27 25 23 27 40 33 82 122 81 59 54 170 168 108 65 49 41 35 30 73 153 139 146 146 139 81 46 32 28 25 22 20 18 21 97 126 131 
149 72 21 24 33 49 129 88 21 14 10 10 15 10 18 39 43 50 61 87 69 49 47 45 41 25 8 2 1 2 11 33 24 78 123 80 58 54 175 168 107 66 49 41 35 30 70 152 141 141 137 137 82 46 32 28 26 22 21 19 20 94 125 130 
150 72 25 45 55 60 124 92 22 14 10 14 24 15 35 63 80 128 142 153 124 56 43 45 19 14 12 3 3 2 12 35 24 79 121 78 58 52 175 169 108 62 50 40 34 31 71 155 143 139 126 134 80 45 31 27 25 23 21 20 20 92 126 132 
148 72 24 45 54 60 115 89 23 18 18 22 44 56 60 82 75 104 112 112 95 46 35 37 12 11 13 5 8 3 13 33 18 76 121 76 56 49 172 169 111 63 49 39 35 32 73 157 146 138 116 127 75 44 32 28 24 23 21 20 21 94 125 131 
150 76 24 45 54 60 58 45 33 25 25 56 117 95 31 20 23 31 29 29 23 15 11 9 6 5 6 6 6 7 8 15 18 63 122 78 57 55 176 172 115 64 49 40 37 33 76 158 149 153 128 123 73 45 34 28 23 22 21 19 21 96 127 131 
150 82 22 29 39 50 44 36 29 26 129 99 129 70 11 13 23 22 15 22 13 9 10 7 8 9 8 11 9 9 11 12 17 51 161 119 93 109 217 175 118 62 48 40 38 34 76 157 146 157 152 131 72 44 34 28 23 22 21 18 22 95 125 130 
149 86 24 23 33 48 41 40 111 57 162 105 116 31 24 25 29 32 32 33 30 27 29 31 35 39 42 44 44 42 42 45 43 85 184 142 120 133 159 150 120 61 49 45 43 40 66 157 157 159 156 130 70 41 33 28 24 21 20 18 23 98 125 129 
151 91 33 32 32 36 39 73 215 75 160 106 113 30 28 28 31 33 33 34 33 33 34 39 44 48 52 54 53 51 49 51 50 94 183 144 124 118 94 158 147 83 68 63 62 61 86 156 157 159 156 128 69 40 33 29 24 21 21 18 25 102 124 128 
151 95 42 39 35 102 58 76 218 80 158 98 85 29 27 28 30 32 33 33 33 33 34 38 42 47 52 53 51 48 48 48 48 96 181 143 127 114 99 204 172 112 104 96 96 113 187 173 158 160 156 130 70 43 31 26 24 22 21 18 27 103 125 130 
149 100 44 50 162 223 74 72 218 81 152 78 32 26 26 28 30 32 32 31 32 32 33 37 42 47 50 53 50 47 46 47 46 96 180 142 126 112 104 211 179 124 113 104 106 131 210 196 172 162 156 131 72 42 30 24 22 21 21 18 29 114 145 148 
149 104 45 58 202 233 78 71 216 79 105 47 25 25 25 27 29 32 31 31 31 31 32 36 41 45 48 51 50 47 46 46 45 95 181 140 124 110 106 213 177 131 121 111 112 139 218 229 231 181 155 132 75 43 29 23 21 21 22 20 47 181 202 193 
148 106 45 56 199 236 82 70 212 77 25 19 22 22 24 27 30 32 31 30 28 28 27 29 33 34 36 37 36 34 37 47 38 83 180 138 122 108 110 213 175 136 126 116 113 141 218 232 243 204 157 134 78 42 30 24 22 22 24 23 92 222 221 214 
147 111 45 53 195 237 79 55 197 65 18 14 19 15 25 18 29 31 19 24 18 19 16 11 17 9 16 13 12 15 16 36 40 59 169 137 117 104 114 213 172 135 128 119 117 142 216 234 240 205 157 152 104 69 55 41 30 24 21 21 131 229 225 220 
143 114 45 52 190 240 82 43 99 26 15 12 19 16 23 11 25 25 17 26 12 14 16 4 12 8 15 19 6 14 12 11 27 78 104 76 61 65 114 213 172 135 129 119 117 143 216 235 237 188 170 175 138 99 78 74 62 49 37 38 164 229 225 221 
143 116 46 49 186 243 87 27 28 47 40 14 39 27 19 8 21 21 23 28 12 9 18 5 10 14 11 21 11 12 15 13 23 89 99 49 35 47 115 215 176 138 131 121 117 146 217 237 235 183 180 177 151 113 91 87 79 65 53 55 185 228 225 223 
139 113 47 47 180 245 93 26 31 67 64 25 108 47 16 23 41 25 29 32 19 15 21 7 7 20 9 10 19 16 26 30 13 83 97 50 36 44 114 217 177 138 132 120 116 154 220 239 237 207 221 146 135 119 101 93 83 68 57 65 198 228 225 223 
138 115 47 45 172 230 76 31 25 59 64 26 126 59 12 26 44 30 26 33 19 20 26 15 22 35 20 21 29 20 20 27 25 82 95 48 37 40 109 219 176 137 129 114 114 159 221 242 251 253 246 146 95 115 103 94 84 69 56 73 207 226 223 221 
138 116 47 41 154 124 35 33 19 27 34 39 124 43 19 22 28 27 31 33 26 27 29 29 33 36 36 37 37 37 36 36 38 87 91 46 38 35 124 222 177 137 124 104 105 154 219 241 253 255 254 183 55 93 97 94 84 68 55 79 214 225 221 220 
139 119 47 38 71 38 44 95 25 16 51 90 113 30 19 21 22 23 24 25 25 26 27 30 33 37 40 41 39 39 38 39 39 86 89 44 36 33 121 218 175 128 105 84 81 119 210 238 249 253 252 206 45 53 81 88 81 66 54 84 218 225 221 219 
138 123 48 36 28 38 48 146 28 17 68 121 66 22 19 20 21 23 23 24 24 25 26 29 32 36 39 40 39 41 46 27 27 88 107 98 96 94 122 213 201 146 108 92 81 87 169 236 245 247 247 226 61 33 64 83 78 65 52 89 220 225 221 221 
136 125 49 35 35 36 36 144 33 18 69 127 23 19 19 20 21 23 23 24 24 25 26 28 32 35 38 41 41 52 63 27 14 65 164 186 160 150 151 218 229 202 150 115 108 102 130 229 237 230 219 186 105 83 85 90 80 65 52 93 222 224 219 220 
133 124 50 34 33 26 30 115 28 16 62 119 19 17 18 19 20 21 22 23 23 24 24 27 30 34 37 40 41 57 77 38 14 25 144 208 183 157 153 212 215 223 198 146 115 108 125 226 218 165 174 161 132 113 104 99 83 65 53 99 223 221 217 215 
132 123 51 33 25 20 21 36 19 15 48 84 17 29 25 31 25 24 25 27 25 23 23 25 25 27 26 28 27 48 81 32 7 10 109 205 184 131 117 194 185 222 223 184 109 84 104 220 218 161 172 159 132 116 105 101 85 65 53 108 225 220 216 213 
128 123 54 32 23 18 18 19 16 26 25 26 20 33 33 39 37 35 36 43 49 36 28 25 22 21 19 18 18 43 79 29 6 12 107 165 175 141 125 212 211 215 220 162 75 61 82 210 223 165 169 158 134 118 105 101 85 66 53 114 225 219 215 212 
127 120 55 30 23 18 21 19 53 93 33 16 17 19 21 22 22 23 23 23 22 20 16 15 14 13 13 12 12 39 78 28 6 7 94 140 150 156 146 214 195 195 202 123 65 58 67 191 228 172 169 158 135 118 106 99 83 66 52 117 224 216 213 211 
124 120 58 30 22 18 38 34 80 64 42 29 27 30 14 11 11 12 11 11 12 11 8 7 7 6 5 5 4 34 78 28 5 5 77 137 139 154 160 216 221 200 178 110 62 54 62 144 215 180 167 156 135 117 106 100 83 64 52 119 224 214 211 210 
121 118 61 29 23 40 116 57 73 55 54 61 56 52 10 9 7 7 7 11 23 14 6 5 9 16 15 6 4 25 74 28 4 5 67 117 140 145 161 188 172 198 183 110 59 54 83 133 121 109 151 155 131 115 105 100 82 62 50 118 223 213 210 210 
120 116 62 29 25 43 142 86 76 76 68 70 75 56 33 36 27 20 14 23 29 33 38 32 13 32 46 14 9 12 62 29 4 4 65 93 128 141 151 173 150 195 182 105 56 52 95 145 117 51 121 154 132 112 102 96 78 61 51 116 221 213 210 209 
117 114 67 30 27 45 162 109 111 90 89 82 93 62 46 49 41 25 18 24 33 50 48 30 18 49 53 39 24 7 35 32 4 4 64 86 104 142 137 171 158 182 178 100 54 50 101 141 118 48 66 144 132 107 94 86 72 59 52 117 219 211 209 207 
115 112 70 30 40 129 162 97 118 77 83 84 83 61 49 48 42 23 27 40 32 36 36 31 40 28 34 33 24 33 28 25 9 5 40 54 57 114 137 148 189 186 173 96 51 47 104 136 109 43 23 61 97 81 71 72 71 63 48 114 219 209 206 205 
114 112 74 30 75 189 136 112 121 79 77 99 104 75 61 41 38 23 42 55 23 27 34 38 35 31 40 55 55 59 41 25 31 8 4 8 20 58 128 119 150 176 164 90 47 45 106 133 102 39 19 16 19 20 21 68 83 93 65 108 218 208 205 205 
108 110 74 37 91 189 128 129 112 86 93 104 107 46 45 40 28 52 65 42 27 44 41 36 31 17 29 62 51 59 34 33 33 6 5 5 17 32 92 114 106 156 152 80 42 41 105 130 99 38 19 15 14 13 15 69 83 89 114 136 214 208 203 203 


71 23 10 16 29 31 31 30 31 32 27 11 13 13 13 14 13 14 15 17 19 21 23 24 25 26 27 28 29 30 31 30 32 33 35 37 27 11 34 54 70 185 207 216 254 254 254 253 244 183 132 103 73 59 41 16 13 12 12 14 15 16 15 12 
71 31 12 16 56 76 73 65 59 55 45 21 19 18 18 18 17 16 16 17 19 20 22 24 25 27 27 29 29 31 32 34 35 37 39 40 30 14 38 60 129 225 215 224 254 254 254 254 248 192 134 104 73 62 43 17 13 13 14 14 15 15 18 17 
80 33 13 20 47 102 105 93 81 73 64 31 21 20 18 18 18 17 16 15 15 15 15 16 16 17 19 20 21 22 23 24 25 27 28 30 19 16 42 91 207 228 189 213 254 254 254 254 248 196 139 105 72 63 46 17 13 12 14 14 14 15 16 13 
85 37 12 63 58 69 90 86 79 75 70 43 23 21 18 17 17 16 15 14 14 13 12 12 11 11 12 14 14 15 17 18 19 21 23 20 11 21 50 163 229 203 137 196 254 254 254 254 246 197 144 105 68 62 45 17 12 10 11 12 12 13 9 12 
89 41 13 81 113 34 74 80 78 74 70 54 24 22 20 18 16 14 14 14 14 12 11 11 11 10 10 10 9 10 10 11 12 14 16 9 12 28 111 218 216 155 108 191 255 254 254 254 246 201 153 104 63 61 45 17 11 9 11 10 9 11 39 86 
91 40 13 83 132 36 67 90 73 69 72 62 29 23 21 18 16 14 12 13 13 12 11 10 9 9 9 9 8 8 7 8 8 9 7 6 15 71 197 222 172 111 96 191 255 254 254 254 250 208 151 93 65 66 53 18 11 8 8 8 30 79 116 125 
93 43 14 80 135 97 32 35 14 16 50 54 32 20 18 16 15 13 12 12 12 12 11 10 9 8 8 7 7 6 5 6 6 6 3 6 32 169 217 190 120 89 83 187 255 254 254 254 253 214 148 109 93 93 77 27 15 10 19 65 113 128 129 128 
93 43 13 45 110 131 35 7 10 13 28 36 30 17 16 14 14 13 12 12 12 12 11 10 9 8 7 6 6 6 5 5 5 3 3 8 85 188 141 85 52 40 40 169 254 254 254 253 248 228 188 168 165 154 111 74 69 50 98 127 132 131 130 130 
100 44 13 13 39 133 36 4 7 12 18 24 25 14 13 13 13 11 12 12 11 11 11 10 9 8 7 6 6 5 4 4 3 2 4 36 134 62 24 6 3 3 6 146 254 254 252 239 223 204 186 171 155 113 103 155 152 112 133 133 133 132 130 131 
101 43 13 10 14 108 34 3 4 6 9 12 14 10 8 9 9 8 8 8 8 8 9 7 7 6 5 5 5 4 4 3 2 2 15 112 143 38 21 7 3 3 6 128 254 253 240 214 197 182 166 135 93 124 195 212 163 126 136 135 135 134 133 131 
103 44 13 9 6 31 18 4 2 3 3 4 5 5 5 5 5 5 5 5 5 5 6 5 5 5 4 4 4 3 3 4 2 4 68 153 109 30 18 9 4 6 6 83 244 246 213 185 168 147 106 73 139 212 221 216 168 131 138 136 135 134 132 131 
106 46 13 9 6 6 5 4 2 2 6 4 5 6 8 9 9 8 8 11 10 7 6 5 5 5 4 4 4 5 4 4 3 14 126 155 80 37 27 15 7 7 9 46 198 197 157 157 148 93 72 159 219 223 223 219 178 137 139 136 135 134 133 132 
111 47 14 9 7 6 5 3 2 4 62 21 23 12 5 10 9 9 7 10 8 8 7 7 6 6 5 5 5 5 6 5 2 18 134 119 70 46 30 21 12 7 8 68 158 106 126 162 141 92 159 220 224 224 225 223 188 141 140 137 136 135 133 134 
111 47 15 9 7 6 10 4 2 5 73 26 25 9 3 10 11 11 7 10 8 12 10 11 7 7 6 7 7 7 9 4 2 11 87 70 54 48 37 28 18 43 76 100 126 171 186 200 158 108 163 202 220 227 229 225 195 145 141 137 135 135 134 132 
112 46 16 9 8 7 67 25 2 8 81 46 46 2 2 8 14 15 9 14 12 15 10 13 9 12 9 11 9 13 12 5 3 4 10 17 13 25 45 29 16 56 103 104 172 176 124 103 74 38 39 95 201 228 231 228 201 150 140 137 135 133 125 112 
116 46 15 9 8 7 102 45 3 10 100 58 66 3 3 4 11 15 11 11 8 11 8 10 9 10 9 11 9 13 7 5 4 8 36 38 22 37 45 29 16 14 21 95 144 128 66 34 14 9 5 33 181 229 233 229 205 151 133 121 115 99 83 75 
118 46 15 11 8 7 105 46 3 5 61 63 74 3 3 2 2 3 3 2 2 2 2 2 2 3 3 3 3 3 4 4 9 82 168 127 89 59 46 46 45 48 50 68 63 54 32 29 14 8 7 27 178 229 229 213 177 136 93 72 78 77 74 74 
119 45 15 10 7 6 79 38 4 27 9 51 78 3 2 2 2 3 2 2 1 1 1 2 2 2 2 1 2 3 4 5 73 184 222 236 210 86 48 56 70 85 99 93 38 51 39 21 9 12 7 30 170 191 166 148 139 130 81 80 77 75 74 74 
119 44 15 10 4 5 15 11 6 79 13 38 63 2 2 2 2 2 2 1 1 1 1 2 2 2 1 1 10 29 17 26 138 169 172 245 226 141 94 104 112 113 123 100 43 88 75 24 15 24 51 97 139 143 143 144 141 126 81 79 76 73 73 73 
119 43 15 40 59 10 5 4 7 85 13 7 13 3 2 2 2 2 2 1 1 1 2 1 2 2 1 2 4 17 27 47 121 159 159 183 174 147 124 120 101 93 122 99 44 65 67 86 136 132 142 146 143 145 146 145 143 128 84 79 74 72 72 72 
120 41 16 58 161 77 5 3 5 51 10 3 4 3 3 2 3 3 3 2 2 2 3 2 2 2 2 3 2 2 2 18 148 160 143 131 86 67 71 103 148 120 103 98 102 138 194 237 219 158 151 149 144 145 145 145 143 132 87 81 75 73 72 72 
120 42 17 52 158 103 6 8 5 4 3 3 17 7 4 6 9 7 8 12 6 7 8 5 6 6 6 7 7 5 7 21 142 162 119 148 143 123 123 129 144 160 150 150 194 241 253 252 216 156 151 148 144 146 146 145 143 136 95 77 76 73 71 70 
120 44 17 46 139 91 7 70 93 7 4 4 38 13 4 6 12 8 8 14 7 9 8 7 9 5 6 8 5 7 14 50 133 154 130 153 158 132 125 117 131 161 210 238 252 255 253 252 218 157 152 149 145 145 144 142 140 134 107 80 74 70 68 64 
124 43 18 43 123 79 6 94 176 19 19 5 28 9 7 5 9 8 8 9 5 6 4 5 6 3 5 3 5 10 43 45 123 149 150 127 72 51 48 75 185 241 253 254 254 253 249 240 208 157 149 143 136 132 124 116 109 100 84 68 61 52 45 40 
121 43 18 42 121 74 8 95 180 32 118 21 10 4 5 4 13 30 30 32 26 8 6 11 4 5 2 3 3 7 22 24 162 203 181 109 71 61 59 172 252 253 253 253 252 239 209 174 144 127 110 98 89 80 71 62 56 52 47 43 41 39 37 36 
125 43 17 45 130 79 7 95 180 33 142 70 62 9 4 2 20 40 41 42 28 9 9 17 2 3 2 3 3 1 3 19 161 211 178 106 72 63 69 200 254 254 254 248 213 171 137 138 143 108 82 87 80 59 46 35 21 18 15 12 11 12 33 64 
125 44 16 50 151 93 6 97 182 36 142 84 99 36 7 4 14 18 19 26 14 4 5 10 3 3 3 4 4 3 4 20 165 210 176 112 75 61 64 175 250 247 242 228 188 167 158 159 151 163 217 213 171 116 80 63 45 41 42 35 35 87 171 197 
125 47 17 54 167 108 7 95 184 35 143 86 75 9 4 2 2 2 3 3 2 2 2 2 2 2 2 3 2 2 2 10 139 186 156 113 90 88 100 167 198 154 132 114 102 96 125 162 155 211 238 222 169 116 79 64 55 50 48 44 48 151 209 215 
126 47 17 42 134 95 6 88 178 34 140 83 68 4 4 3 2 3 3 3 2 2 2 2 2 2 2 2 1 1 2 2 29 80 151 138 103 86 161 229 178 120 103 94 86 85 159 170 158 221 239 220 164 113 81 65 61 55 48 47 51 161 209 215 
129 48 17 11 12 13 4 28 61 18 86 61 52 4 4 3 2 3 3 3 2 2 2 2 2 2 2 2 2 1 1 2 2 99 195 145 107 90 175 232 179 121 104 96 89 84 157 169 159 223 239 218 158 106 80 67 62 58 51 48 51 161 210 214 
128 50 15 10 7 6 4 4 4 4 5 8 8 3 2 2 1 2 2 2 2 2 1 2 2 2 2 3 3 2 1 2 3 104 194 146 111 99 179 231 178 123 104 95 89 81 145 169 159 222 239 218 155 104 78 69 63 60 53 49 52 162 209 214 
128 49 11 8 8 8 5 4 4 4 4 4 5 3 2 2 2 2 1 2 2 1 2 2 1 2 2 3 3 2 2 2 3 108 191 145 114 105 182 231 177 122 102 94 89 79 132 164 136 180 225 215 150 102 77 67 62 59 55 51 52 162 209 213 
131 49 6 4 6 11 46 27 3 2 2 2 4 4 3 2 2 2 2 9 3 2 1 2 2 4 5 4 4 3 4 6 5 111 190 143 115 107 184 228 173 124 104 94 87 77 120 135 107 142 204 213 146 98 75 67 64 59 56 52 52 162 208 212 
133 50 6 5 6 13 97 55 3 2 2 2 4 3 3 2 4 7 9 21 9 2 2 3 2 3 3 1 0 0 3 7 6 113 191 142 114 107 186 226 170 124 104 92 85 79 116 133 101 129 183 210 146 98 74 66 64 60 57 54 51 159 208 210 
131 50 8 8 9 17 97 60 3 2 2 3 5 4 4 2 28 81 91 95 67 9 8 14 4 3 4 1 0 1 3 6 6 114 191 139 114 103 187 226 172 120 103 91 84 80 116 140 99 120 159 206 144 96 75 66 62 59 56 55 52 156 207 212 
130 52 7 8 9 17 84 56 3 3 4 7 26 39 7 5 22 65 72 73 56 10 8 13 3 2 3 2 2 2 4 6 4 110 191 136 111 99 186 227 176 121 103 90 86 82 117 146 99 114 133 198 137 95 76 67 62 60 56 56 52 159 205 210 
133 55 8 8 10 16 32 18 4 4 13 43 95 73 9 5 8 17 16 17 12 4 4 2 3 2 2 2 2 2 3 5 6 83 175 126 98 90 185 229 182 123 104 91 87 82 123 151 106 135 147 190 136 96 79 67 60 58 57 54 51 160 207 212 
133 59 7 6 7 12 13 5 6 9 108 79 104 47 6 5 10 10 7 12 7 3 5 3 3 3 3 4 3 3 5 5 6 25 61 35 25 35 164 229 186 121 102 91 90 83 122 158 137 193 219 204 135 96 80 70 60 56 56 54 54 161 206 212 
131 63 8 4 6 10 9 16 86 34 141 84 85 8 5 4 5 6 4 6 5 3 4 3 3 3 3 4 3 3 3 4 3 18 29 4 2 18 96 198 188 119 104 97 95 92 109 158 158 219 233 204 132 93 78 71 62 56 54 51 56 168 206 211 
133 66 10 7 8 8 8 48 187 48 138 80 75 4 3 2 2 1 1 1 0 1 1 1 2 1 1 2 2 1 1 1 1 18 28 3 1 21 72 175 189 122 104 99 96 96 112 152 157 219 233 204 132 90 76 70 60 55 55 49 56 172 207 211 
133 69 14 10 20 76 24 50 194 52 136 74 56 3 2 3 2 1 1 1 1 1 1 1 1 2 2 1 1 1 1 1 1 19 27 3 1 19 83 216 199 134 124 115 117 134 210 173 157 219 233 205 133 94 73 64 58 53 52 48 56 175 207 212 
133 75 15 21 142 197 37 47 195 54 130 54 9 3 2 3 3 2 1 1 1 1 1 1 2 3 2 2 0 1 1 1 2 18 26 2 1 19 89 225 204 145 132 123 127 153 235 202 154 216 233 207 136 93 70 57 53 51 53 48 58 164 167 145 
132 79 15 28 186 211 40 43 192 52 84 27 4 3 3 2 2 1 1 1 1 1 1 1 1 2 2 2 1 1 1 2 1 17 25 2 1 19 92 228 201 152 141 131 132 161 241 213 104 192 232 208 140 93 67 52 49 47 51 48 53 86 67 52 
131 81 16 27 185 214 43 37 186 49 10 5 7 5 4 4 2 3 2 2 2 1 2 2 3 3 3 3 3 3 5 8 5 19 24 2 1 20 97 230 199 157 145 134 134 163 242 179 74 126 209 207 143 90 65 49 43 43 51 47 56 68 65 63 
131 88 17 25 181 216 46 31 169 39 3 3 5 4 8 6 8 10 6 9 6 6 5 3 6 3 6 6 5 6 7 13 11 18 29 4 2 20 101 231 195 154 147 138 137 165 240 154 66 45 63 109 88 52 41 30 24 21 23 21 50 64 60 64 
128 91 17 23 176 218 49 20 76 9 4 3 4 5 6 4 9 11 8 12 6 7 8 2 6 5 7 9 3 6 6 4 9 56 60 19 12 28 105 232 195 154 147 137 138 166 236 137 65 29 23 27 15 9 5 5 4 3 2 4 50 62 60 62 
127 93 19 22 170 222 53 5 6 26 24 4 22 8 5 4 9 10 8 11 5 4 8 3 5 7 5 8 5 5 7 6 9 75 88 32 20 33 108 235 200 157 149 140 138 168 234 125 63 26 38 38 20 8 4 4 3 3 2 5 56 62 60 58 
124 92 19 20 164 223 59 3 4 49 43 12 85 12 5 8 15 12 13 14 8 8 11 4 3 9 5 5 9 9 16 15 6 72 87 37 23 31 106 236 200 157 151 140 138 177 235 122 93 113 176 105 16 7 4 4 3 2 2 9 60 61 59 57 
122 94 21 17 155 204 44 4 4 43 43 14 103 20 6 11 19 14 9 14 9 11 14 8 10 15 10 11 14 10 10 13 11 71 84 36 25 28 101 237 200 155 148 133 135 184 233 174 230 249 248 148 14 6 4 4 3 3 2 12 60 60 59 58 
121 96 21 15 135 98 8 7 4 15 19 24 100 16 6 6 10 8 7 8 6 6 6 5 5 5 5 5 5 4 3 2 3 68 82 34 25 22 80 230 201 156 142 121 125 178 227 150 239 254 254 193 23 4 3 3 3 2 2 16 61 59 56 57 
120 99 22 14 52 14 11 61 8 3 31 58 91 10 2 2 2 1 2 2 2 1 2 2 2 2 1 1 1 2 1 2 2 66 79 32 23 19 48 181 190 139 114 89 91 135 212 108 206 252 252 217 38 3 3 3 3 2 2 18 62 60 57 57 
121 104 24 12 6 6 20 111 11 3 47 82 48 4 1 1 1 2 1 1 1 1 2 2 2 1 2 2 2 5 23 13 10 71 78 28 16 12 19 89 100 54 29 20 19 50 145 94 175 243 243 232 57 3 2 2 2 2 2 20 64 64 60 60 
120 107 26 12 8 6 18 113 13 3 51 90 7 3 2 1 1 1 2 2 2 1 1 2 2 1 2 2 2 23 62 28 15 59 81 38 17 11 16 79 93 67 28 14 13 21 63 76 133 214 186 136 33 4 3 4 2 2 2 22 66 65 60 60 
117 107 28 12 9 6 13 84 9 3 45 82 4 2 2 1 1 2 2 2 2 1 1 2 2 1 2 3 3 33 78 39 17 27 65 59 33 21 28 78 96 100 60 23 12 11 24 65 57 43 30 17 8 5 4 4 3 2 2 24 66 61 58 59 
115 107 29 11 8 6 6 19 5 3 30 53 4 13 9 6 5 4 4 4 5 4 5 4 4 3 4 4 4 35 85 35 11 14 82 72 64 104 90 83 101 155 84 45 11 5 15 60 40 11 15 12 6 5 4 4 3 2 2 27 65 57 56 59 
112 108 33 10 7 5 4 5 4 16 14 10 3 12 10 8 9 9 9 12 19 9 6 4 4 4 3 3 3 36 83 31 8 17 115 97 111 161 123 92 141 192 92 34 5 2 10 59 41 11 12 10 6 5 4 4 3 2 2 27 63 56 55 54 
111 103 35 11 8 5 4 6 24 57 19 5 4 4 5 5 5 5 5 5 5 4 3 3 2 2 2 2 3 35 81 31 9 11 100 139 142 182 149 99 135 193 124 18 2 1 6 54 44 14 11 8 5 4 3 4 3 2 2 29 59 52 53 52 
109 104 38 11 7 5 14 20 51 28 19 12 7 8 5 3 4 5 5 4 5 5 3 3 3 3 3 2 2 35 81 32 10 8 62 146 157 182 167 103 155 201 126 14 2 1 16 78 56 19 12 9 4 4 4 4 2 2 2 31 60 50 49 51 
107 102 41 11 8 17 72 34 43 18 22 26 18 17 6 7 6 7 7 8 17 9 4 4 6 9 9 4 3 26 78 32 10 9 36 103 154 168 170 96 127 192 84 14 2 2 59 149 95 39 18 7 4 3 3 4 3 2 2 29 57 49 48 49 
106 100 44 13 8 24 95 40 40 37 30 29 29 22 26 27 19 12 9 13 14 15 26 17 9 21 28 10 7 12 67 33 8 8 32 47 127 160 159 88 106 169 58 13 2 2 83 171 138 55 22 9 4 4 3 3 2 2 2 28 56 49 47 47 
104 99 48 13 10 26 120 62 70 49 44 30 49 28 24 17 17 12 11 16 22 25 24 13 11 28 21 20 14 5 38 36 8 7 31 32 76 156 147 90 83 85 44 12 2 3 95 169 142 59 24 14 5 4 3 3 2 2 2 27 58 49 47 45 
101 98 52 12 20 91 119 59 62 39 29 29 35 31 20 15 17 14 16 22 21 17 14 15 20 17 19 16 11 12 15 26 9 5 22 21 28 119 151 105 62 49 42 12 2 4 102 165 132 54 23 18 11 7 6 16 27 16 4 27 58 51 46 46 
99 98 57 13 50 142 97 60 65 36 26 44 56 50 33 22 23 16 24 27 13 20 19 18 15 17 20 46 40 23 12 9 18 6 4 3 10 54 139 108 63 43 36 10 2 6 109 160 125 50 23 18 16 15 15 72 124 105 36 29 56 49 45 43 
93 95 55 14 49 142 77 80 63 35 37 54 60 29 19 23 18 39 38 24 17 22 15 19 11 11 16 50 40 34 14 17 17 6 5 3 9 21 93 106 68 39 28 8 2 6 113 157 122 50 22 18 17 17 17 83 140 143 125 60 57 48 46 41 