


110 110 111 111 110 105 115 115 117 117 116 113 110 114 115 112 115 113 113 109 110 118 117 117 118 117 116 114 117 115 113 114 115 113 110 102 111 115 116 121 119 117 121 125 122 118 117 117 113 110 97 93 106 110 109 107 104 101 102 101 105 101 101 99 
110 110 110 111 109 103 114 117 115 114 111 112 110 112 114 114 116 115 114 112 112 118 117 117 119 117 115 112 117 117 116 114 113 112 111 103 113 116 117 121 119 118 120 125 123 119 117 118 115 110 97 93 107 108 109 108 106 102 103 101 105 99 99 99 
112 111 111 112 108 103 112 117 114 111 112 113 111 112 115 113 116 117 116 110 110 117 118 117 117 114 114 113 119 119 119 117 115 113 112 103 115 117 120 123 119 120 118 123 122 118 117 118 114 108 95 92 106 108 111 110 106 102 103 101 104 99 99 100 
113 113 111 109 108 102 114 116 114 113 112 115 113 112 114 114 117 115 115 111 110 117 119 118 117 116 114 116 121 121 119 120 117 115 115 102 115 118 122 123 120 121 120 124 121 118 119 115 112 108 96 94 105 109 113 111 108 103 104 103 105 102 101 99 
113 115 115 111 109 105 112 115 115 114 115 116 114 113 113 114 117 116 115 110 113 119 120 121 118 115 117 117 122 122 121 119 119 117 114 101 115 120 122 124 123 122 121 122 122 117 118 117 113 109 98 97 109 112 114 111 108 106 106 108 108 104 103 95 
112 114 116 114 112 106 112 109 110 113 118 117 114 113 114 114 116 115 116 111 114 122 121 121 121 117 118 118 122 123 120 118 119 118 115 102 117 120 119 125 126 126 123 120 124 123 127 127 125 117 102 102 112 114 115 113 110 109 107 110 107 101 103 97 
117 118 118 119 113 104 112 107 105 104 118 119 113 112 115 116 119 118 117 115 116 124 121 122 123 120 117 120 123 123 121 119 120 119 116 105 119 120 117 118 122 126 124 122 134 135 135 136 136 134 113 113 116 116 118 116 116 117 112 118 117 111 110 105 
116 116 118 118 111 102 108 111 110 105 113 118 114 115 116 117 119 121 119 116 117 124 123 123 124 121 119 119 123 123 120 120 120 120 116 106 121 127 119 116 119 122 123 131 132 133 137 134 132 125 108 111 129 120 118 119 120 116 109 120 126 116 109 111 
118 116 120 119 111 105 111 111 109 110 108 115 116 115 116 118 120 119 121 119 117 123 123 120 121 122 121 119 124 124 122 122 120 120 117 106 122 131 127 123 122 122 127 138 135 139 134 133 130 130 115 106 122 128 122 124 114 114 116 115 113 116 117 113 
120 119 119 121 110 104 112 112 114 113 110 113 110 114 115 119 121 119 122 119 118 125 127 124 122 121 122 120 124 126 124 123 120 120 118 105 121 130 130 127 128 128 131 132 133 139 143 142 134 127 119 112 117 132 131 123 121 116 112 122 111 111 119 118 
124 122 119 119 114 101 109 113 112 116 119 117 116 115 114 114 116 117 119 117 119 126 127 126 124 122 122 120 121 125 125 125 122 123 120 101 119 128 127 126 128 129 140 141 147 146 136 137 142 136 121 114 117 129 125 121 118 121 116 114 114 115 118 118 
123 123 121 119 119 111 119 118 121 123 122 115 115 121 121 120 118 114 112 110 116 124 127 123 124 124 123 122 123 123 124 124 123 122 119 100 108 109 117 125 129 132 145 151 148 145 152 140 129 127 120 113 119 124 125 125 115 112 117 121 112 118 122 116 
122 122 120 120 120 113 125 122 123 124 124 121 115 121 120 120 121 120 118 112 109 118 123 121 122 122 121 121 123 122 124 127 124 121 119 101 99 101 108 122 138 136 139 146 147 141 137 141 137 123 114 109 121 123 122 130 124 113 112 120 119 114 121 117 
122 121 121 121 120 113 123 123 124 124 124 124 117 118 118 120 123 122 121 114 117 121 120 117 118 120 122 123 125 124 125 127 124 123 120 101 114 120 115 106 127 142 152 148 143 142 140 129 134 141 132 125 132 125 118 120 120 119 116 115 118 119 124 123 
122 120 121 123 120 113 124 123 124 124 126 123 117 115 118 121 123 122 122 116 117 125 126 122 121 118 120 123 127 125 124 127 124 123 121 104 123 125 112 117 127 130 138 145 146 151 143 137 138 146 140 140 147 143 135 125 117 117 128 126 128 129 122 118 
115 114 114 121 121 114 125 125 125 124 125 123 117 116 117 121 121 120 121 116 119 125 126 124 119 118 121 122 126 125 125 127 123 122 118 102 121 110 110 112 125 137 136 135 146 148 142 144 148 146 135 132 140 145 137 135 125 125 138 133 129 131 135 131 
120 118 116 116 122 117 127 126 124 123 122 121 116 119 117 122 124 120 121 118 120 125 127 125 114 122 123 121 125 126 125 127 124 122 118 103 130 123 122 129 133 132 139 143 139 138 136 142 150 156 136 125 135 142 133 138 137 136 138 131 133 130 120 127 
116 114 115 112 117 111 119 119 120 119 117 118 114 118 116 121 123 121 122 118 121 127 129 124 121 127 125 123 125 125 125 125 123 123 121 105 131 141 140 137 139 141 139 138 139 130 132 145 145 155 148 141 141 137 135 137 120 122 126 125 125 135 135 123 
120 117 114 112 114 116 127 125 126 128 126 124 122 124 122 122 123 122 124 119 121 127 130 119 123 128 127 125 126 126 125 124 123 123 121 103 130 134 144 147 136 134 137 130 132 130 133 145 150 141 126 124 126 129 128 141 135 128 127 125 124 128 130 124 
119 119 120 119 126 117 122 124 127 129 128 126 124 123 122 121 122 121 123 120 122 128 128 118 126 127 127 126 127 128 125 124 122 122 123 103 127 140 141 142 145 137 131 134 141 147 151 145 144 137 119 123 125 123 133 142 145 145 142 125 117 126 133 128 
117 116 118 125 128 123 129 121 121 128 128 125 123 121 119 121 122 121 122 119 119 126 124 120 127 129 126 126 129 129 128 127 123 122 124 106 124 133 146 150 147 143 144 150 155 147 144 140 136 134 124 119 126 131 133 135 134 141 148 136 131 137 136 130 
128 128 127 129 130 124 130 128 122 120 123 124 124 124 121 123 122 120 123 120 119 126 121 124 128 128 125 126 129 129 128 127 125 124 125 108 127 131 134 137 146 146 145 152 148 148 146 142 137 135 122 124 131 134 139 133 128 142 148 140 137 140 137 130 
130 130 130 130 131 125 130 129 128 125 119 120 122 123 122 124 124 122 123 118 120 124 122 129 129 126 127 127 130 129 127 127 126 126 128 110 128 132 133 137 139 145 152 156 152 149 152 155 144 132 116 120 128 137 135 131 128 129 133 129 133 135 128 125 
131 130 130 129 129 123 130 129 131 129 124 118 121 122 121 126 126 123 123 119 122 123 124 130 130 128 128 129 130 128 127 126 126 125 130 113 131 133 133 135 142 152 150 147 151 152 151 150 147 129 117 124 134 140 139 136 135 138 136 128 132 136 129 125 
130 128 130 128 130 125 131 130 127 124 123 122 121 120 124 126 125 123 124 123 123 123 127 130 130 129 128 128 130 129 126 127 126 125 130 116 135 134 133 137 146 147 144 145 151 140 135 146 147 133 115 124 140 142 144 139 130 131 136 138 128 139 131 126 
129 127 130 128 128 120 124 127 127 127 124 121 122 122 125 128 126 124 127 125 126 124 128 130 129 127 127 127 130 129 128 129 127 128 129 118 135 136 135 137 143 145 138 145 142 134 138 144 143 135 118 123 143 145 148 127 124 122 124 133 126 136 126 127 
124 125 129 129 124 121 131 134 130 127 126 123 123 126 128 129 128 124 126 126 125 123 127 129 129 127 126 128 128 128 128 128 128 129 132 120 133 135 134 138 146 145 133 144 145 138 142 142 142 132 119 125 146 148 152 136 127 127 135 130 124 132 127 128 
121 119 120 123 127 123 130 130 129 128 127 124 125 128 128 130 129 125 127 126 123 125 129 130 132 128 128 129 129 127 128 130 129 128 130 119 133 132 132 138 142 148 148 146 152 148 144 142 136 128 120 127 135 150 149 148 148 152 141 131 130 126 126 127 
133 122 120 127 127 122 124 125 124 122 128 125 127 128 129 131 130 127 126 127 124 127 130 132 132 128 128 131 131 130 129 131 130 128 129 119 133 133 131 137 148 145 145 145 147 149 147 141 130 125 113 124 137 137 147 144 143 138 129 132 125 126 126 123 
130 127 123 129 130 127 127 128 127 128 130 124 128 130 129 130 129 126 127 126 123 129 130 130 132 130 130 133 133 131 130 130 130 128 129 120 133 135 134 136 142 144 147 147 146 142 138 133 123 124 112 121 130 134 137 130 129 129 124 124 123 127 122 121 
123 122 128 125 129 128 116 126 134 134 130 122 127 131 130 129 129 122 121 124 119 114 129 130 130 131 130 133 133 132 131 132 130 122 125 121 125 126 134 138 142 140 141 141 141 138 133 129 114 120 111 120 125 131 127 121 124 126 123 122 122 125 116 116 
129 133 135 131 126 122 126 134 135 135 131 125 127 130 130 129 130 125 127 125 121 125 129 131 132 131 131 133 134 132 131 133 131 122 129 125 131 128 120 128 139 138 139 140 142 141 139 130 114 118 110 117 109 129 125 108 122 124 123 121 110 117 105 111 
138 138 135 129 129 129 131 134 133 133 130 126 128 127 129 131 131 130 129 126 121 131 131 132 133 131 129 131 133 132 133 133 131 130 133 126 136 131 110 111 121 133 139 143 142 144 141 137 123 119 108 119 123 128 126 123 125 126 123 119 122 127 120 119 
136 137 131 129 131 128 128 130 128 128 122 120 124 124 125 126 126 126 123 121 120 134 134 135 134 131 130 131 132 131 133 133 132 134 136 125 136 137 133 129 132 143 147 138 144 149 145 131 123 116 104 118 123 125 126 124 125 127 126 123 125 130 124 123 
127 128 124 127 128 126 128 129 130 131 127 127 131 132 134 134 133 129 131 128 127 136 136 135 133 131 130 131 133 132 135 135 134 136 139 125 140 146 140 141 139 140 146 147 145 136 133 126 116 109 99 118 124 124 125 123 123 127 125 126 125 128 124 122 
128 121 132 136 136 131 132 137 136 135 131 131 135 135 136 136 135 131 130 129 130 138 137 135 134 133 131 133 135 136 138 138 136 137 140 124 143 145 149 149 145 147 143 143 145 146 134 122 122 156 126 116 118 121 122 120 120 123 123 123 125 128 119 112 
141 136 133 138 137 132 133 137 137 137 134 133 136 136 137 137 136 133 129 130 133 138 136 135 135 133 133 133 135 138 139 145 149 146 146 125 143 144 139 139 140 147 141 142 138 143 143 141 177 203 192 165 131 117 117 118 120 123 121 124 126 125 120 116 
138 137 132 141 140 132 133 137 140 140 136 134 134 134 136 137 136 132 133 131 132 137 136 137 137 135 133 137 138 138 144 153 153 150 150 131 151 149 137 136 139 143 143 141 141 149 148 139 141 167 191 201 190 161 127 112 115 121 122 124 126 125 124 123 
128 126 137 142 141 134 133 137 138 138 133 133 136 135 136 137 136 133 135 131 133 138 136 136 136 135 134 139 139 138 148 153 150 146 143 128 145 144 141 139 143 142 147 140 150 148 147 147 143 132 129 164 188 196 185 156 123 118 122 123 124 125 124 124 
125 135 146 145 140 135 132 138 138 137 133 133 136 136 137 138 137 136 137 133 134 137 136 134 134 137 135 137 138 137 139 137 139 140 138 123 143 140 151 154 154 161 161 153 153 150 146 142 146 133 125 127 132 156 184 194 181 145 120 119 121 122 121 122 
144 145 144 141 141 135 132 137 137 137 134 133 136 137 136 138 138 136 135 131 133 138 135 135 137 137 136 135 136 135 142 143 146 146 146 132 153 148 139 148 161 167 165 160 149 147 154 156 155 140 126 130 131 125 130 153 169 136 120 120 120 121 120 121 
141 143 141 141 141 136 133 137 138 137 134 133 130 131 136 137 139 136 135 130 129 139 138 139 139 138 137 138 141 137 137 142 151 153 154 131 151 153 153 161 167 165 154 159 152 150 150 148 143 130 129 135 135 128 121 119 122 120 117 117 118 121 121 121 
139 142 141 140 140 136 132 136 139 138 136 133 125 126 133 137 138 137 136 130 131 138 137 140 142 140 139 139 139 138 137 136 142 146 141 129 157 159 158 161 172 170 161 159 140 132 141 143 136 122 123 133 133 129 123 120 120 120 116 116 118 120 121 120 
139 141 141 140 139 135 132 137 139 138 136 135 130 129 134 137 137 136 136 130 131 139 138 140 141 140 139 140 139 138 137 137 140 138 142 130 152 157 156 157 159 159 159 141 120 123 133 141 138 125 121 129 135 129 124 120 118 118 116 117 118 119 119 119 
141 142 143 142 141 134 129 137 139 138 134 137 138 139 139 138 135 134 135 131 131 141 139 137 140 138 137 139 138 139 139 137 140 142 144 127 155 148 145 154 153 146 144 132 137 153 127 127 136 122 118 137 135 127 123 119 118 117 115 115 116 118 117 116 
141 143 144 142 143 135 128 138 142 140 138 140 140 139 140 139 135 134 135 132 130 142 140 139 139 139 138 138 138 137 139 138 142 147 146 126 154 144 146 151 152 148 142 142 182 198 160 126 129 120 119 130 128 127 123 119 118 117 113 114 116 116 114 112 
139 140 143 143 145 137 129 138 142 140 139 139 140 138 141 141 137 133 134 134 131 143 139 139 139 139 137 139 139 137 136 137 142 145 147 127 149 152 152 153 149 146 143 142 169 205 198 151 119 114 118 125 128 126 123 118 117 117 112 112 113 111 102 107 
139 140 145 145 144 138 129 137 140 139 137 137 141 139 140 139 136 136 136 135 131 143 140 139 138 139 137 138 138 137 135 137 142 148 145 135 155 154 155 158 153 154 155 143 143 173 205 193 137 112 119 125 126 123 120 117 116 115 112 109 109 109 101 107 
139 138 146 145 142 137 126 135 139 140 139 140 141 140 141 138 135 137 137 134 134 145 143 143 140 138 137 139 140 138 137 139 140 141 143 133 157 156 155 162 152 151 150 146 140 137 175 203 185 124 113 124 125 122 118 114 116 117 127 116 107 109 108 107 
139 136 143 143 142 135 126 134 137 137 140 142 141 141 142 144 142 139 138 139 138 147 143 143 140 138 137 139 141 138 138 139 140 139 138 128 149 146 152 149 145 146 148 144 139 138 141 177 203 173 122 122 123 120 117 112 111 112 112 108 105 107 107 107 
142 138 143 145 142 134 128 139 138 138 140 141 142 145 144 144 143 140 140 142 137 146 144 143 142 140 138 140 140 137 138 139 141 142 141 124 142 142 150 145 138 144 147 140 136 133 128 133 179 195 144 114 119 116 115 108 108 108 103 105 105 104 105 106 
143 139 141 144 140 134 125 135 137 138 137 140 140 143 144 143 143 141 140 142 138 147 146 144 143 140 138 140 142 140 139 141 141 141 140 126 143 143 148 139 135 140 146 142 145 136 128 123 127 122 91 97 113 114 109 103 104 104 100 101 101 101 102 102 
143 138 140 143 141 133 124 134 134 136 140 142 143 143 144 143 142 141 141 140 136 146 144 143 141 139 139 142 143 140 139 140 139 140 138 128 145 146 143 141 128 128 140 149 141 136 126 116 107 73 55 72 101 103 94 92 99 102 98 97 97 100 100 99 
141 138 136 138 139 136 125 134 133 136 140 141 140 141 142 142 141 141 141 139 134 146 144 141 142 138 138 141 142 140 139 139 138 140 136 128 147 143 139 133 112 113 127 136 136 133 120 105 95 55 55 83 96 84 75 84 93 98 96 94 95 96 97 97 
142 140 134 134 136 136 126 133 134 136 139 139 136 137 140 140 141 139 139 140 136 147 143 140 137 137 139 142 145 143 140 139 137 139 133 127 147 142 139 133 129 153 135 124 132 128 111 93 85 49 62 87 92 71 89 111 96 93 91 91 93 93 93 94 
141 141 136 135 134 137 126 134 133 135 137 140 136 136 137 140 141 138 137 137 132 143 140 139 138 137 139 140 141 141 139 138 137 139 130 123 143 141 141 137 153 187 175 124 122 115 85 60 73 62 74 91 88 67 84 108 91 88 85 87 88 86 88 90 
141 140 134 132 132 139 128 135 132 134 136 137 137 138 139 141 140 139 140 136 131 145 145 142 140 140 139 139 139 139 137 135 136 138 131 122 141 140 141 140 137 171 188 156 109 97 61 61 71 91 99 98 85 60 77 101 83 78 79 80 81 83 85 87 
140 139 134 130 130 135 124 131 133 133 136 135 136 138 137 139 137 136 139 136 131 143 143 141 140 139 138 139 138 136 135 137 136 136 131 126 142 142 142 139 137 143 179 186 125 75 55 82 93 100 106 96 77 63 71 85 79 71 66 69 73 77 79 81 
138 137 133 131 127 121 123 128 128 134 136 135 135 135 137 136 135 136 135 136 133 144 141 141 140 138 133 136 136 134 136 131 133 136 126 125 144 145 143 139 136 133 156 191 170 82 63 86 100 107 105 94 79 72 81 81 79 74 62 65 67 61 72 80 
138 137 133 132 128 125 125 124 123 132 136 134 133 133 134 136 134 132 117 126 130 136 133 137 138 136 134 135 135 136 137 130 129 136 124 121 139 143 141 138 135 135 134 171 189 146 91 99 111 107 105 98 83 77 79 92 93 95 91 82 82 60 62 74 
135 137 135 134 133 134 126 127 128 130 133 130 129 132 134 137 135 133 123 126 125 134 132 137 136 135 135 137 135 134 134 135 127 129 121 119 125 134 137 135 134 135 133 145 181 175 134 120 112 109 100 98 89 107 108 98 97 117 118 110 101 94 77 59 
98 98 98 101 101 103 102 109 113 113 116 117 118 124 129 132 132 131 132 131 127 140 139 138 137 134 130 133 133 133 134 134 132 133 122 122 135 132 134 133 133 135 133 135 141 137 123 119 112 108 99 101 99 103 114 119 119 123 120 116 113 112 109 85 
129 124 122 119 116 112 104 105 103 100 97 95 94 93 92 92 96 98 100 100 100 108 111 111 112 112 113 118 122 122 123 126 126 128 122 122 134 133 135 131 131 133 129 130 127 124 119 121 118 106 108 109 109 110 123 121 126 126 120 117 116 117 119 115 
136 134 133 134 137 136 131 133 132 129 131 130 132 133 130 132 137 139 137 138 135 124 119 115 111 107 103 104 105 101 96 97 97 96 84 92 99 103 103 100 102 105 105 107 108 106 104 107 102 101 109 109 111 113 115 118 114 108 108 110 112 113 117 117 


111 112 112 112 110 107 118 116 118 120 118 115 112 115 115 113 116 115 115 109 109 117 117 117 118 118 117 114 116 115 114 115 115 113 110 102 110 115 116 122 119 118 121 126 122 118 117 119 113 110 96 94 108 110 110 108 105 101 102 101 106 101 100 97 
111 113 113 113 111 106 116 119 118 116 114 114 112 114 116 116 118 117 116 112 112 118 116 117 119 118 116 113 116 118 117 115 113 112 111 103 113 118 119 123 120 119 121 127 125 120 118 118 115 109 96 94 107 109 110 109 106 103 105 103 105 100 101 99 
112 113 113 114 110 105 114 119 118 114 115 115 112 113 116 115 118 118 117 111 110 117 117 117 116 114 115 114 119 120 119 117 115 113 112 103 115 118 122 124 121 121 119 125 124 120 119 119 114 108 94 92 106 108 112 111 107 103 105 103 107 100 100 101 
115 115 114 112 110 105 115 118 116 115 114 117 115 112 114 115 119 117 117 111 110 118 120 119 116 116 115 116 120 121 119 119 117 115 115 103 115 119 124 125 121 122 122 125 122 120 120 116 112 107 96 94 107 110 114 113 109 105 106 105 108 103 101 99 
115 116 116 114 111 107 114 117 116 117 117 117 115 114 113 115 118 116 116 110 113 120 120 121 118 116 117 117 122 123 121 120 120 117 114 102 116 121 123 126 126 123 122 123 124 119 120 118 114 109 98 97 110 114 116 112 110 107 107 109 110 105 103 93 
114 116 118 116 113 110 120 126 127 122 119 118 115 114 116 115 117 115 116 111 114 122 122 122 121 118 119 118 123 123 121 119 120 118 114 101 116 120 119 126 128 127 124 121 125 122 123 123 119 113 100 99 112 114 115 114 112 109 107 110 107 100 103 95 
117 119 119 120 117 113 126 134 136 135 126 121 114 113 116 117 119 119 118 115 115 125 122 122 124 121 117 120 122 123 121 120 120 119 115 104 119 121 117 118 124 127 124 121 127 125 125 124 122 120 104 101 114 115 118 116 115 112 108 111 108 103 104 100 
116 117 120 119 119 115 130 130 132 137 131 120 114 115 117 118 120 121 120 117 115 123 122 123 124 121 119 119 122 123 121 121 121 119 116 106 120 127 119 116 120 122 124 126 127 128 127 125 122 118 101 101 118 118 118 118 115 112 108 111 109 106 102 103 
119 118 121 121 122 118 130 132 136 133 134 124 117 116 117 119 120 120 121 120 116 123 122 120 121 122 121 120 123 124 123 122 120 120 118 106 123 132 128 124 122 123 123 126 127 129 128 127 122 120 107 101 116 121 121 119 114 111 109 109 106 107 106 106 
121 121 121 123 126 122 129 130 133 132 133 129 128 124 120 120 121 119 121 119 117 125 126 124 122 122 121 119 124 126 124 123 120 121 118 105 122 131 131 129 129 128 125 127 125 130 130 128 123 120 112 106 117 122 123 120 116 111 107 112 105 105 109 110 
125 124 121 121 124 127 136 130 133 128 128 127 120 123 128 129 127 121 120 116 117 126 128 127 125 123 121 119 121 125 126 125 123 123 120 100 118 128 128 128 129 129 131 132 131 132 131 129 127 124 113 107 115 121 122 119 114 114 109 109 106 108 110 112 
124 125 122 120 120 115 130 127 125 124 124 127 118 121 122 123 126 126 125 119 118 124 127 123 125 124 122 121 122 123 124 125 122 121 119 99 108 111 118 125 126 128 133 132 131 132 133 132 125 121 112 107 117 119 120 120 114 110 110 111 109 111 115 113 
123 124 121 121 121 114 126 124 125 125 125 125 123 121 121 121 122 121 121 119 123 129 127 123 122 121 121 121 123 121 124 128 124 121 118 100 101 104 109 117 126 128 132 132 132 133 132 130 127 119 111 106 117 119 119 123 117 110 111 115 111 111 116 109 
122 122 122 123 121 115 125 125 125 125 125 125 123 120 119 121 124 122 121 115 117 128 132 130 126 120 122 122 125 124 125 128 124 123 120 101 115 118 115 109 124 130 132 131 130 131 131 125 125 125 117 113 121 120 118 119 115 111 112 114 113 113 117 115 
126 125 124 125 121 115 125 124 124 125 126 124 119 123 118 121 123 121 123 117 117 125 126 126 126 120 121 122 126 125 124 127 123 122 121 104 122 120 110 116 125 129 130 131 130 133 133 127 127 129 130 132 135 127 122 120 113 109 116 116 115 117 118 116 
136 138 134 125 122 116 127 126 126 124 124 123 117 121 122 122 122 120 121 117 118 124 125 123 129 126 121 121 124 124 124 127 123 122 118 101 118 108 109 110 120 127 129 129 131 133 132 130 131 140 134 134 137 133 122 121 114 111 118 115 115 116 116 115 
134 132 135 132 124 119 128 128 126 127 126 125 120 124 130 123 124 120 120 117 117 124 126 127 135 126 124 121 125 125 125 126 123 121 118 100 124 121 119 122 127 128 130 132 132 132 130 129 136 160 139 126 134 131 121 122 118 117 118 113 115 115 114 113 
137 141 140 137 132 124 133 133 133 133 130 128 126 129 131 123 122 121 121 117 119 126 129 133 136 127 125 122 124 125 125 126 123 123 121 103 124 131 130 130 130 129 130 131 133 129 131 132 134 155 150 140 138 125 121 120 112 114 116 113 113 119 120 118 
137 139 139 142 141 130 131 126 128 129 126 125 122 124 122 122 122 121 124 119 119 127 131 138 133 127 126 124 125 125 125 124 122 123 121 102 123 131 132 133 131 130 130 128 131 128 130 130 131 133 120 117 121 121 120 122 117 116 118 113 115 119 120 118 
137 140 139 138 132 128 138 131 128 129 129 127 124 123 122 121 121 120 123 120 120 128 132 137 129 126 126 125 126 127 125 123 121 122 123 103 122 132 133 134 133 130 129 130 132 131 131 130 131 126 111 113 120 121 123 124 122 122 122 116 114 118 121 118 
137 142 142 134 130 124 136 139 134 131 129 126 124 122 120 121 122 120 122 119 118 126 131 132 127 129 126 125 128 128 128 126 122 122 124 104 123 130 132 135 134 133 132 133 134 133 132 128 129 126 114 112 122 126 125 123 118 121 124 119 118 121 124 119 
130 129 130 130 131 124 130 130 131 135 130 125 125 126 122 123 121 119 122 119 119 126 134 131 128 128 125 126 129 129 127 127 124 124 125 107 126 131 131 133 134 134 133 134 132 132 132 132 130 126 114 114 126 127 128 124 117 122 125 122 122 124 126 121 
131 130 130 130 131 125 130 130 129 130 133 131 125 123 121 124 123 122 122 116 119 132 136 131 128 125 126 127 129 129 127 127 125 125 127 110 128 131 133 133 134 135 135 135 133 132 133 134 131 125 112 113 125 127 125 123 119 120 122 118 122 125 127 124 
131 130 130 130 129 124 131 131 132 131 130 131 125 121 120 125 126 123 123 118 120 136 136 130 130 127 126 128 129 128 126 126 125 125 130 113 132 133 131 131 134 136 134 133 134 133 134 133 130 123 113 115 125 129 127 125 121 123 122 119 121 124 126 124 
130 127 129 129 130 126 133 137 138 135 129 124 121 120 123 125 124 122 123 121 122 137 132 130 130 129 126 127 130 128 125 127 126 125 129 116 136 134 130 132 134 134 133 132 134 133 132 132 131 124 110 116 129 132 131 127 121 123 124 123 120 125 126 124 
134 131 130 128 130 128 138 136 131 128 125 121 122 122 124 127 126 124 127 124 124 133 128 129 128 127 126 126 129 128 127 128 127 128 130 118 135 136 132 132 134 132 130 133 132 133 135 131 131 127 112 116 130 134 134 125 122 121 120 120 120 124 124 125 
143 139 135 135 138 130 133 134 130 128 126 123 123 126 126 129 128 124 126 125 126 135 127 129 128 127 126 128 128 127 128 127 127 128 131 119 132 135 132 134 135 133 131 135 133 133 134 131 131 127 113 119 131 133 133 127 123 123 122 120 120 125 127 127 
145 145 145 143 139 131 135 134 132 130 127 124 125 128 127 130 128 125 126 124 128 134 128 130 131 128 127 129 128 127 128 129 129 127 130 118 132 132 131 134 137 137 136 137 136 135 133 131 129 125 114 120 128 131 131 128 125 127 123 121 123 126 126 126 
137 143 145 138 138 134 139 139 140 140 130 124 127 127 128 130 129 126 126 125 131 135 129 131 131 128 128 131 131 130 130 130 129 127 129 119 133 133 130 135 140 139 138 137 135 136 134 130 125 122 113 120 129 127 130 126 125 125 121 125 123 126 125 121 
131 135 140 130 130 127 128 136 142 139 132 123 127 129 129 129 129 126 127 125 131 135 130 130 131 129 129 133 133 131 130 130 129 127 129 119 132 135 134 138 142 140 140 140 138 136 133 131 122 121 111 120 128 129 130 124 124 126 123 125 124 128 123 120 
145 143 136 126 129 130 128 137 138 135 131 122 126 131 130 129 128 121 121 123 129 121 129 130 129 130 130 133 133 132 130 131 129 121 125 121 124 126 134 138 144 141 141 141 141 139 133 128 114 120 110 118 124 131 127 120 124 126 123 123 123 126 115 115 
143 138 136 132 136 135 132 134 135 135 132 125 127 130 130 129 129 125 127 125 131 129 128 131 131 131 130 132 133 132 131 133 130 121 128 124 130 128 120 128 139 139 139 141 145 144 142 130 114 117 108 115 109 128 124 107 122 123 122 120 109 117 105 111 
137 139 137 139 136 131 131 135 133 134 130 127 130 129 131 133 133 131 130 128 134 132 130 132 132 130 127 129 132 131 133 132 130 129 134 126 136 131 112 114 121 134 140 146 146 149 144 139 123 119 106 118 122 128 127 123 125 125 123 119 122 128 119 118 
136 138 141 141 138 137 139 143 142 142 139 138 139 140 144 145 143 140 142 138 141 135 133 134 133 130 128 129 130 129 133 132 131 133 136 125 137 139 137 136 140 148 152 141 147 153 149 132 124 116 102 117 123 125 126 125 125 127 125 123 125 130 124 121 
147 149 152 149 146 140 141 143 142 141 135 133 135 135 138 138 135 132 133 130 128 135 136 134 132 131 128 130 132 131 134 134 134 135 138 124 141 150 142 146 145 143 150 153 149 138 133 127 117 110 99 117 124 124 125 123 123 126 125 125 124 128 124 120 
149 157 146 138 136 132 132 138 137 137 132 130 134 136 137 136 135 131 130 128 128 137 136 135 134 132 129 133 135 135 137 137 136 137 139 124 144 147 153 154 148 151 145 146 148 151 135 124 129 169 135 118 119 120 122 119 120 123 122 123 124 128 119 110 
143 150 147 139 137 132 133 138 139 138 135 134 137 136 137 138 136 132 129 129 131 137 135 134 134 132 132 133 135 137 138 146 152 149 148 124 145 147 141 139 140 149 142 143 139 147 148 146 191 222 211 180 139 118 117 117 120 123 122 123 126 125 120 116 
141 149 151 143 141 133 132 138 141 141 137 135 135 134 136 137 136 133 133 130 130 136 136 136 136 134 133 136 137 138 145 157 157 153 155 133 155 153 138 135 140 143 145 142 143 154 152 142 146 178 208 221 208 175 134 113 116 121 122 125 127 125 124 123 
145 156 149 145 142 135 132 137 139 139 133 133 136 134 136 136 135 133 135 130 131 137 135 135 134 134 134 138 138 138 152 158 153 148 145 129 148 147 143 140 144 141 147 138 154 152 150 151 146 134 133 175 204 215 203 169 129 119 121 122 124 125 123 123 
153 151 152 148 141 136 131 138 138 138 133 132 136 135 136 138 137 136 137 132 132 136 135 134 133 135 133 134 136 136 141 137 139 140 139 123 145 141 154 158 150 151 145 142 151 153 148 144 149 136 128 127 134 166 200 213 198 151 119 118 119 121 120 120 
152 149 145 142 141 137 131 137 137 138 134 132 135 136 135 137 138 136 134 130 131 137 134 135 136 136 134 134 135 135 144 144 148 147 149 133 157 150 141 146 148 141 137 133 137 147 159 162 161 143 126 130 131 124 132 161 180 137 117 117 118 120 119 118 
141 143 142 141 140 136 133 137 137 137 134 132 129 131 135 138 138 135 134 129 128 138 137 139 139 137 136 137 140 136 137 143 155 156 157 132 154 157 157 154 144 138 137 130 137 150 154 152 146 130 128 136 136 128 120 117 121 119 116 115 117 120 118 117 
139 143 142 140 140 137 132 136 138 138 135 132 124 125 132 136 137 136 135 129 129 136 137 140 141 139 138 138 138 137 136 136 141 148 142 130 161 165 163 159 148 137 136 130 127 130 141 145 137 121 122 132 133 129 121 117 118 118 114 114 117 118 117 116 
139 143 142 140 140 136 132 136 138 138 135 135 129 128 134 138 137 135 135 129 129 138 137 139 140 140 139 139 139 137 138 137 140 137 143 131 155 162 161 160 158 145 143 131 118 123 133 140 138 124 119 128 136 127 121 116 116 115 113 114 117 117 115 115 
141 143 145 144 141 134 129 136 139 138 134 136 138 139 139 138 134 134 135 130 129 140 138 137 139 138 137 138 138 138 139 137 140 142 145 127 158 148 145 157 158 148 145 135 141 156 123 122 134 120 114 137 135 125 120 116 115 114 112 113 114 117 115 113 
142 144 145 143 144 137 128 137 142 141 138 139 139 138 140 139 134 133 136 132 129 141 139 138 138 138 137 137 137 137 139 137 141 148 147 126 157 145 146 154 157 150 142 145 190 202 161 122 125 117 115 128 126 126 121 116 115 114 111 111 113 114 111 108 
141 142 145 145 146 139 129 137 142 140 140 140 139 138 141 141 137 133 135 135 130 142 139 138 138 139 136 138 138 137 136 136 143 146 149 127 150 154 155 157 151 148 144 143 174 213 202 151 114 110 116 123 125 123 121 115 114 112 110 109 110 109 98 104 
141 141 147 146 145 139 130 136 140 139 136 138 142 140 140 139 137 137 137 135 130 142 139 138 138 139 137 137 138 136 135 137 142 150 147 137 159 158 160 163 156 157 160 144 144 179 212 197 136 108 117 122 123 120 117 115 113 111 109 107 107 107 98 104 
139 139 147 146 144 138 126 134 139 140 139 140 141 141 141 138 135 137 138 134 132 145 143 143 141 138 136 138 140 138 136 138 140 142 143 133 161 160 160 168 156 155 153 148 140 138 181 211 190 123 109 121 122 118 114 111 112 113 128 116 106 107 105 104 
141 137 145 145 143 137 127 134 138 139 141 142 141 141 143 144 142 140 138 139 137 146 143 143 141 138 136 139 142 138 138 139 140 139 138 127 151 148 155 152 147 149 150 146 140 140 142 184 211 179 118 117 120 117 114 109 108 109 110 106 103 105 104 103 
143 139 146 148 144 136 129 139 139 139 140 142 143 144 144 145 143 141 142 142 136 146 145 144 142 139 137 140 141 138 139 140 141 142 141 123 142 143 152 146 138 145 150 142 138 134 127 134 187 203 145 111 117 116 112 106 105 105 101 102 102 102 103 102 
144 140 144 147 141 135 126 135 138 138 137 140 141 144 145 143 143 141 141 141 137 148 145 143 143 140 138 140 142 141 139 141 141 142 141 126 143 145 150 140 135 142 148 143 148 136 126 121 127 123 92 97 112 112 106 102 101 103 98 98 99 100 101 99 
144 140 141 145 142 135 127 134 136 137 140 143 143 143 144 143 143 142 142 140 135 146 145 144 142 140 139 142 143 140 140 140 139 141 138 128 147 147 145 143 129 130 141 151 142 136 125 114 106 80 96 113 110 101 92 91 96 99 95 94 95 99 98 96 
142 139 137 140 141 137 126 133 134 136 141 143 139 141 143 143 143 143 143 139 134 147 144 143 141 139 138 141 143 141 140 139 138 141 136 129 148 145 139 132 107 103 123 134 136 133 119 104 95 77 121 147 110 84 82 91 93 95 92 91 94 96 96 94 
143 142 136 135 138 137 127 134 135 137 139 141 137 139 141 142 142 141 139 141 136 148 143 140 138 138 138 143 147 144 140 139 138 139 133 127 148 143 140 132 101 99 103 119 131 127 110 93 88 87 132 143 99 73 104 126 100 92 88 88 91 91 91 89 
143 143 138 137 135 139 128 134 133 136 139 142 138 137 139 141 142 139 137 138 133 143 141 140 140 139 139 141 143 142 139 139 138 140 131 123 145 142 142 136 130 137 111 100 117 113 87 70 85 105 140 133 92 69 100 124 98 86 83 85 86 84 85 85 
143 141 136 134 133 140 131 136 133 134 137 139 138 139 140 143 142 141 141 138 132 146 146 144 142 141 140 140 140 140 138 137 136 137 130 122 143 142 142 140 131 132 126 98 94 92 82 118 121 106 118 111 88 66 93 117 90 79 78 78 78 80 82 82 
140 140 136 132 133 135 127 132 133 135 138 136 137 139 139 141 138 138 140 137 131 144 145 143 141 139 139 140 139 137 136 137 136 136 131 126 144 143 144 140 135 130 131 114 82 68 88 149 148 107 106 98 81 62 78 95 75 70 67 69 73 76 77 77 
139 139 134 133 129 123 125 128 129 135 138 136 136 137 138 137 135 136 136 138 134 146 143 142 141 139 135 136 136 136 138 133 134 139 128 125 145 147 144 141 137 132 126 126 106 62 100 154 147 110 105 95 80 60 66 73 61 57 56 61 66 59 60 71 
139 139 135 134 130 127 126 125 124 133 137 135 134 134 136 137 135 133 118 127 130 137 134 138 139 138 135 136 136 137 139 131 131 137 126 121 141 146 142 139 137 136 128 128 124 101 120 156 141 108 105 98 76 61 61 67 67 70 69 63 66 52 45 56 
135 138 137 136 134 136 127 127 129 131 134 131 130 133 135 138 135 134 125 127 125 135 133 138 137 137 135 138 136 135 136 136 129 131 124 120 126 136 138 137 135 136 134 133 131 129 129 130 118 111 102 100 78 87 90 77 74 91 94 88 81 78 63 43 
100 99 98 99 99 102 101 107 111 113 116 116 117 124 129 132 132 132 133 131 127 140 140 140 138 134 131 134 135 134 136 135 133 135 126 124 136 133 136 135 134 136 134 135 132 130 122 119 114 109 101 105 89 81 94 99 99 102 99 93 90 94 93 69 
133 128 124 122 118 115 107 106 104 100 98 95 94 95 92 92 95 98 99 99 100 106 109 109 111 111 113 117 121 122 122 126 125 129 122 123 135 134 136 132 132 134 131 132 129 127 122 122 120 108 111 112 99 89 102 97 108 110 103 97 94 95 97 95 
138 136 134 136 139 138 133 134 133 130 132 132 133 134 132 134 140 142 142 145 143 129 120 115 113 108 104 105 106 103 97 98 98 97 84 92 101 104 103 101 103 106 106 108 109 108 106 107 103 103 112 112 111 103 99 103 106 102 97 95 94 92 94 97 


111 114 114 111 109 108 119 119 122 123 118 116 113 117 115 113 115 113 112 106 106 113 114 113 116 114 112 110 110 112 111 111 112 111 107 101 108 112 114 120 118 115 119 125 120 116 116 116 111 108 94 91 105 110 108 106 102 98 99 99 106 102 100 98 
111 114 112 112 108 104 117 122 119 114 113 114 112 113 114 114 115 114 113 109 108 113 111 113 117 115 111 109 112 113 114 111 111 109 107 100 110 115 115 122 118 115 117 125 122 117 115 115 112 107 93 89 104 106 107 106 104 99 101 99 103 99 100 97 
114 112 113 112 107 103 114 120 118 113 113 114 110 112 115 112 115 115 114 108 106 112 112 112 112 110 110 110 115 115 113 113 109 108 108 101 111 115 119 122 116 116 115 122 122 116 115 115 110 105 92 87 101 104 108 108 104 99 99 99 104 97 97 98 
117 116 112 109 106 105 113 117 115 114 112 114 112 110 112 111 115 114 113 107 105 113 116 114 112 111 110 112 117 117 114 114 112 111 110 100 111 115 120 122 117 117 117 121 118 116 116 111 106 103 92 90 101 106 110 110 106 100 102 101 103 99 97 96 
115 118 117 111 107 105 113 117 114 114 114 115 112 111 109 109 112 113 111 105 109 116 117 117 114 111 112 112 116 118 117 114 114 111 109 99 110 116 118 123 122 118 118 119 120 116 116 113 108 103 93 91 105 108 109 108 105 102 102 103 105 101 100 89 
114 117 117 115 111 111 126 141 142 129 117 116 112 111 111 110 112 111 113 106 109 118 118 117 116 113 113 113 116 118 117 115 114 111 109 99 111 116 114 122 124 122 119 116 122 121 124 124 123 113 98 96 107 109 108 109 106 102 100 105 102 95 98 91 
118 121 119 119 116 119 137 158 163 162 131 116 110 109 111 112 115 114 113 109 111 120 117 117 119 116 114 113 115 118 117 115 115 112 109 100 114 117 110 113 120 121 119 117 131 130 130 131 132 131 108 105 111 110 113 112 111 111 106 112 111 105 105 99 
116 117 120 118 123 125 149 144 150 164 147 117 112 111 111 114 117 116 115 110 110 117 117 117 119 116 114 112 115 117 116 117 116 113 110 100 113 124 116 111 114 117 119 128 128 130 133 129 127 122 101 103 125 116 114 116 116 109 103 114 120 112 101 103 
119 116 122 120 129 127 146 151 159 152 158 130 115 112 112 114 117 115 117 114 108 116 118 115 115 115 115 114 117 118 117 116 115 113 110 101 117 129 124 119 117 117 122 134 131 137 132 129 125 126 110 98 116 125 118 119 109 108 109 108 107 113 113 107 
122 120 119 121 138 138 141 143 150 148 153 146 144 130 121 117 117 114 116 113 109 120 121 119 116 117 116 114 118 120 119 117 113 113 112 101 117 127 127 125 125 124 127 128 128 136 140 138 130 124 114 105 111 128 128 117 117 110 104 117 107 107 117 115 
125 124 118 117 130 150 162 143 150 134 133 135 120 126 137 141 134 120 116 110 110 119 121 122 119 117 115 113 115 117 120 121 118 117 113 95 113 123 123 123 124 124 137 137 143 143 135 132 136 133 115 107 110 124 121 115 111 115 110 108 109 111 113 114 
125 124 122 118 118 116 137 131 125 122 122 135 116 115 118 121 128 133 134 125 115 117 121 119 120 120 117 115 116 117 119 119 118 116 112 94 104 109 114 121 123 126 140 147 145 142 149 138 124 121 113 106 111 120 121 122 110 105 110 117 107 112 119 109 
121 123 119 119 118 113 125 122 122 123 122 124 127 117 117 116 117 116 120 121 134 134 127 118 117 117 114 115 117 115 119 122 118 115 113 95 100 107 112 121 134 131 135 142 145 140 135 137 134 118 105 101 116 119 117 128 120 107 105 116 114 109 116 111 
121 121 120 120 117 112 122 122 122 123 121 122 127 118 113 114 117 117 117 109 112 128 138 138 131 114 115 116 118 118 120 123 119 116 114 95 112 121 115 109 125 137 147 144 139 139 134 124 128 137 126 120 128 121 113 115 114 114 110 109 111 113 117 116 
129 127 122 121 117 112 122 121 121 123 123 120 117 126 112 116 118 116 118 112 110 118 120 123 126 117 115 116 119 118 118 122 118 116 114 98 117 122 112 116 123 125 132 140 141 148 140 133 133 139 132 132 142 139 131 122 110 111 123 119 121 123 117 112 
158 160 151 124 117 113 123 123 123 123 121 119 113 121 121 116 117 114 116 111 111 118 120 119 134 130 117 115 117 118 119 121 118 116 111 94 116 113 114 114 119 131 133 130 140 147 140 140 144 138 125 123 132 140 132 131 120 119 130 126 123 124 127 124 
149 143 151 145 121 116 126 126 126 127 125 124 120 126 139 118 118 116 116 110 109 119 121 125 152 127 118 115 117 118 119 122 119 116 110 94 124 123 123 128 129 126 134 139 136 135 134 138 143 144 127 114 126 137 128 131 130 127 130 123 125 122 114 119 
159 166 165 160 144 134 142 143 142 143 140 134 134 135 139 121 117 115 116 110 111 119 124 138 147 122 118 116 118 118 120 121 115 115 114 99 124 136 136 131 133 134 135 134 135 126 128 139 139 144 137 129 131 130 129 130 112 113 119 117 117 128 129 118 
156 159 162 167 163 140 132 125 124 126 124 121 118 119 118 115 116 115 119 111 111 120 128 153 139 122 121 119 120 120 119 118 115 115 114 97 123 130 137 141 132 129 133 125 126 124 128 139 145 136 118 114 119 122 121 135 128 122 123 117 117 122 125 117 
154 159 155 151 134 138 151 135 124 125 125 122 120 118 118 115 115 114 118 113 113 122 133 152 128 120 120 117 119 120 119 117 115 115 115 97 119 135 136 135 139 133 125 129 135 140 146 140 138 132 112 114 119 117 126 134 137 138 136 119 112 118 126 120 
157 167 164 138 126 120 139 154 143 130 124 120 120 117 114 114 116 114 116 112 111 118 136 139 123 124 119 118 121 122 122 121 116 115 117 98 116 128 138 144 141 139 137 143 149 143 139 135 131 130 118 109 118 125 128 129 128 137 143 131 126 132 131 123 
129 130 128 127 126 121 127 129 135 146 134 121 120 120 115 116 115 113 116 110 109 120 144 133 122 123 120 120 123 123 122 121 117 116 118 101 118 125 124 129 139 140 142 148 144 143 142 137 131 129 114 113 123 128 132 125 119 134 143 134 131 135 131 123 
130 129 128 128 127 122 127 127 125 132 144 139 122 117 117 117 118 115 115 108 111 135 147 127 122 120 121 120 123 124 121 120 119 119 122 104 123 126 126 130 133 142 148 151 148 145 147 149 139 127 109 110 118 130 128 123 118 121 127 122 126 129 123 119 
130 128 127 127 127 121 127 128 129 131 133 141 124 116 115 119 122 117 116 109 113 144 143 124 123 122 120 122 122 121 121 120 120 119 122 107 126 127 125 129 137 147 143 141 148 147 145 142 140 122 109 115 124 132 132 128 125 130 130 121 124 131 125 118 
129 125 127 125 127 122 130 141 146 143 131 121 115 114 117 120 119 118 118 113 116 148 134 124 123 123 120 121 122 122 119 121 120 119 123 111 130 128 125 131 141 140 137 138 145 134 129 137 141 128 106 112 132 135 138 132 121 123 128 130 121 133 125 120 
139 131 128 125 129 132 147 144 131 126 120 117 117 116 119 123 120 117 120 117 118 138 124 123 122 122 120 120 123 122 122 123 120 120 124 113 130 130 129 132 138 139 132 139 137 128 132 136 137 130 110 111 136 137 143 121 116 115 116 124 120 131 121 121 
164 153 139 139 147 134 131 131 126 124 121 118 119 121 121 123 122 116 120 117 121 142 122 122 122 122 120 121 123 121 122 122 120 121 125 113 125 128 126 132 141 141 128 138 141 134 137 135 134 125 112 114 138 140 145 130 119 121 128 123 118 128 122 123 
170 171 168 160 147 135 137 134 131 126 122 118 120 122 121 123 123 119 121 117 127 139 122 124 126 122 119 121 122 119 121 123 122 121 125 113 125 128 125 132 138 142 142 140 144 143 138 134 129 122 111 120 129 142 143 141 139 143 133 123 123 122 122 122 
141 162 166 145 145 143 150 152 155 153 128 120 122 122 122 123 124 120 121 118 133 138 124 127 127 122 120 122 123 123 123 125 124 122 123 112 126 129 125 132 144 142 139 137 138 143 140 134 124 117 107 116 131 131 141 137 135 130 121 125 119 121 121 118 
131 141 152 127 125 122 126 140 153 147 129 119 123 125 123 124 124 120 122 118 135 137 123 124 125 123 123 126 126 124 123 124 124 122 123 114 126 130 128 131 138 140 142 143 140 139 133 127 116 114 104 112 123 129 132 124 122 122 118 118 117 122 117 116 
165 162 141 122 125 129 137 143 138 131 126 117 121 125 124 123 124 116 117 118 136 124 122 123 124 124 123 126 128 124 124 126 125 117 119 116 120 121 127 133 139 137 137 136 137 135 129 123 108 111 103 110 116 125 123 115 118 119 116 117 116 121 109 111 
156 139 133 130 142 146 131 130 132 132 127 119 122 125 125 124 125 119 121 120 138 128 122 123 125 124 123 124 127 125 126 129 126 117 122 119 126 124 114 121 133 134 135 136 138 136 135 123 107 108 100 107 104 123 120 103 116 116 115 114 102 112 100 106 
137 137 136 146 139 126 127 132 131 130 126 124 125 124 129 130 131 129 127 126 143 129 124 126 126 125 120 122 124 125 127 127 125 125 128 121 131 125 110 111 116 128 134 138 137 139 134 128 115 109 98 108 115 121 121 116 117 118 115 113 117 123 114 113 
137 139 150 149 143 142 145 152 151 152 151 151 150 152 160 161 159 152 156 153 158 132 129 128 127 124 120 122 123 123 126 126 126 127 131 119 132 132 129 131 132 137 141 134 138 143 139 124 113 106 94 107 114 116 119 117 118 120 119 117 118 124 119 116 
167 168 178 167 159 150 151 153 150 145 139 136 136 134 138 137 133 130 131 128 124 130 131 129 127 125 121 123 125 126 129 130 129 130 133 120 135 142 135 138 137 134 141 142 140 131 126 117 106 103 92 109 117 115 117 115 115 119 119 119 116 122 119 115 
170 189 157 138 132 128 127 134 133 132 127 126 131 132 132 133 130 126 125 121 121 131 132 130 129 127 123 126 128 129 132 133 130 132 135 120 137 141 144 145 140 143 138 137 138 141 127 116 126 179 138 112 111 112 114 112 112 116 116 115 117 121 113 106 
146 162 158 137 133 127 127 134 135 135 132 129 132 132 133 133 131 128 124 123 124 131 130 130 129 128 127 128 129 131 134 140 143 140 141 117 136 139 135 135 135 142 135 135 131 138 137 137 200 239 228 191 142 114 111 112 112 116 114 117 120 120 114 110 
143 160 169 141 138 128 127 133 136 138 134 130 131 129 132 133 131 128 128 125 123 129 130 132 132 129 128 131 132 132 137 147 147 143 146 124 145 144 133 131 134 138 137 136 135 143 140 134 144 185 224 238 225 188 137 108 108 114 115 119 121 119 118 118 
163 183 158 144 139 130 127 133 134 135 130 129 132 130 132 133 130 129 131 124 123 131 130 131 130 130 128 133 134 133 144 147 143 138 134 122 140 138 136 135 139 137 141 132 140 141 140 140 137 127 130 181 220 233 219 179 131 114 114 116 117 119 117 119 
182 167 157 149 138 133 127 133 133 133 129 128 131 131 132 134 133 131 133 126 125 131 130 129 128 132 128 130 132 130 134 132 133 134 131 117 138 137 143 147 147 152 151 143 140 142 138 136 140 129 117 123 134 173 215 230 214 159 112 111 113 114 114 116 
164 155 146 139 140 133 126 132 132 133 129 128 130 132 131 133 134 132 130 125 125 132 129 130 132 132 130 129 130 128 136 137 141 139 139 124 148 144 135 142 153 158 156 147 134 135 143 146 145 131 115 123 125 122 132 167 194 140 110 110 111 114 113 114 
144 145 141 138 137 132 127 132 132 133 128 127 125 127 132 133 134 131 130 124 123 133 133 135 135 132 130 133 136 132 133 136 144 146 147 123 146 148 147 152 157 157 146 144 135 132 137 139 135 123 119 129 128 122 116 114 118 112 108 109 110 114 114 113 
140 143 142 138 138 135 126 130 135 133 129 128 120 120 129 133 134 133 131 124 123 132 133 136 138 135 133 133 133 132 133 132 135 140 134 121 151 155 152 153 159 159 152 144 124 117 127 134 129 115 113 126 126 122 116 111 112 111 108 108 111 112 112 111 
141 143 142 138 137 134 127 130 134 134 132 130 126 125 131 134 133 131 132 125 123 133 133 135 137 135 134 134 134 132 133 132 134 132 135 121 146 152 150 151 151 149 151 132 106 109 119 127 128 117 111 122 127 122 116 110 109 109 106 108 111 111 111 112 
142 144 145 143 140 133 124 131 133 134 131 132 134 135 135 134 130 129 132 126 124 136 134 132 134 133 132 134 134 133 134 131 135 138 140 122 150 144 141 148 147 141 139 121 109 124 107 110 120 111 105 129 128 120 116 111 108 108 104 106 109 112 110 109 
144 146 147 142 141 134 124 133 139 138 135 136 135 134 137 136 130 130 133 130 123 135 135 135 135 135 133 133 133 133 135 134 136 143 143 121 149 142 143 146 146 142 137 132 155 164 133 105 113 106 106 121 122 121 118 110 108 107 103 104 108 109 107 105 
142 142 146 145 145 138 126 134 139 137 137 137 135 135 139 139 134 130 132 131 124 137 135 134 135 136 133 135 134 132 132 132 137 141 145 123 144 148 147 148 143 141 137 134 153 178 165 126 102 101 108 118 121 119 117 109 107 108 103 101 105 105 95 101 
142 143 149 147 145 138 126 132 138 136 133 134 137 135 137 137 134 134 134 132 125 138 136 134 135 136 133 133 133 131 130 132 137 144 142 131 151 151 151 154 146 148 150 137 134 156 174 159 113 94 106 116 118 115 113 110 108 105 102 100 100 103 95 99 
141 141 149 148 143 137 123 131 137 138 137 138 139 137 138 137 133 135 135 130 128 140 139 139 138 135 131 134 136 133 131 136 136 138 138 125 153 152 151 158 148 147 146 140 132 129 153 169 149 100 97 112 116 113 110 105 106 107 126 112 100 103 100 98 
142 138 147 147 143 136 123 131 135 136 139 141 139 138 141 142 139 137 136 136 133 143 140 140 138 135 131 135 137 133 135 135 136 136 136 123 145 144 149 146 139 143 144 140 132 133 130 153 169 140 101 109 114 112 109 103 103 103 105 100 98 100 100 99 
145 140 148 149 144 134 127 138 136 137 138 141 141 143 142 141 139 137 138 141 132 142 142 141 138 135 133 137 138 134 135 136 138 140 139 121 139 142 148 141 129 138 144 137 132 130 122 124 160 168 125 103 110 112 106 100 98 100 93 95 95 98 98 97 
147 143 145 148 140 133 125 134 135 136 135 139 137 141 142 139 140 139 138 139 133 145 143 140 141 137 134 136 139 138 136 137 138 139 139 123 141 144 146 136 126 132 142 138 141 134 122 117 119 115 89 94 107 108 101 98 96 97 92 92 94 96 97 95 
148 143 143 146 142 133 124 132 133 135 138 140 140 140 142 141 140 140 140 138 132 144 143 141 140 138 135 140 142 137 136 138 137 138 137 126 146 149 144 137 120 120 133 143 138 135 122 111 104 89 136 153 120 100 90 88 92 95 89 88 91 93 92 91 
144 140 138 140 140 136 123 132 132 134 137 140 136 139 141 140 141 141 140 137 131 143 141 140 138 136 135 139 140 140 138 138 136 138 134 126 148 146 140 130 103 99 117 128 133 132 117 101 94 102 192 216 128 86 102 113 96 91 88 85 89 91 91 90 
145 144 137 136 137 135 124 131 133 135 137 138 133 136 140 139 139 139 137 140 134 145 138 136 135 135 136 140 145 142 138 137 136 137 130 125 150 143 140 134 119 128 116 115 127 126 107 90 93 130 208 206 110 84 154 182 120 88 83 83 85 87 87 85 
145 144 139 137 135 139 128 132 132 134 136 140 135 136 137 139 141 137 135 135 130 140 136 136 137 136 136 139 140 139 136 136 135 138 129 122 146 141 142 138 150 183 148 106 111 109 90 80 98 152 212 183 100 82 154 185 125 86 79 83 83 82 82 81 
144 143 138 135 133 140 131 134 130 133 135 138 137 136 138 141 141 140 140 135 129 144 143 142 140 139 136 136 138 137 135 134 134 138 132 120 142 141 143 141 135 166 172 126 95 90 111 181 180 127 141 128 95 80 149 180 122 79 75 76 77 78 79 79 
143 142 138 133 132 136 125 130 132 135 137 134 135 137 136 140 137 136 139 135 129 142 143 142 140 137 137 138 137 135 134 135 134 135 133 124 144 144 144 140 137 144 173 158 104 71 131 222 211 118 112 103 89 76 126 156 110 73 66 67 71 73 76 75 
143 142 137 135 130 123 123 127 130 135 136 134 136 136 136 136 134 135 136 138 134 144 141 141 141 139 134 136 135 133 137 132 133 139 130 126 147 150 145 141 138 134 149 172 146 80 150 227 202 119 110 99 88 67 80 102 81 64 56 60 65 59 64 73 
145 144 139 136 131 127 126 126 124 134 137 134 135 135 137 138 133 131 119 127 130 138 135 136 140 138 134 136 137 138 140 133 132 137 127 122 143 149 145 141 139 138 134 163 171 143 175 223 180 114 109 103 83 66 65 68 68 73 72 64 64 53 47 60 
141 142 142 139 138 138 129 127 129 133 135 130 131 134 137 139 135 133 125 126 123 135 135 138 138 137 136 139 138 137 136 138 130 131 125 122 129 139 140 140 137 138 136 145 173 171 148 145 128 116 107 105 84 88 91 79 73 90 93 87 80 79 66 45 
105 102 103 103 101 104 102 106 111 113 116 116 119 126 130 134 133 132 133 131 127 141 140 141 139 136 134 136 135 136 137 138 136 138 129 126 140 138 139 138 135 139 137 138 143 140 125 122 117 114 107 110 95 85 97 102 102 104 97 90 90 95 96 73 
140 133 129 126 121 116 107 108 106 101 98 94 94 93 91 92 95 97 100 99 99 107 110 109 112 114 114 119 123 124 125 129 129 132 125 126 140 139 140 134 135 138 134 134 132 131 125 125 124 111 115 118 111 96 108 103 112 115 104 97 95 98 99 96 
147 143 139 140 142 139 133 136 135 133 134 133 135 137 132 133 139 141 139 141 137 127 120 116 114 108 103 106 107 104 98 98 99 97 84 93 103 107 104 103 106 108 109 109 110 112 110 112 109 109 117 118 120 113 107 107 110 105 99 97 96 93 96 97 