


27 31 20 13 19 26 22 22 22 24 26 21 21 23 25 31 35 35 30 23 23 23 23 23 22 21 21 21 17 13 11 8 8 9 13 17 17 18 22 23 23 25 29 31 31 29 25 22 14 7 5 20 33 29 21 20 14 8 8 16 19 22 23 22 
6 8 14 14 23 26 23 22 23 31 33 25 24 24 30 41 31 26 26 24 22 22 22 23 22 20 18 15 13 12 11 9 7 6 8 17 16 18 22 22 24 25 28 32 31 26 26 21 9 5 6 20 25 28 24 21 18 9 11 15 20 23 23 22 
12 12 9 16 25 25 24 23 27 36 30 29 32 34 30 38 35 24 22 25 27 25 22 21 18 16 15 16 14 13 12 9 14 10 9 17 15 17 24 24 24 26 30 31 29 28 28 21 11 7 6 18 26 27 27 21 21 14 12 14 18 21 22 21 
19 20 19 20 24 23 22 22 23 27 33 31 32 28 28 29 28 22 22 25 29 30 23 11 11 16 18 19 16 10 6 9 20 22 21 19 20 23 25 25 26 30 32 31 28 27 25 19 14 9 9 16 26 28 27 23 22 15 10 11 14 16 16 13 
27 31 24 21 20 21 26 27 33 31 23 20 23 29 31 23 20 20 24 23 18 17 22 21 17 19 20 20 15 5 9 17 21 22 23 23 24 24 26 29 31 31 30 29 28 23 18 18 17 17 20 21 19 24 23 22 22 13 6 5 6 5 4 2 
29 29 24 21 21 28 38 38 35 22 18 26 33 24 24 23 22 24 28 26 26 13 12 17 23 26 22 18 10 8 13 17 20 21 21 21 26 27 29 29 29 31 27 26 20 12 15 21 22 23 23 20 12 19 21 22 21 19 13 4 1 2 2 1 
36 33 23 29 47 43 44 36 31 29 26 30 27 22 21 21 19 20 20 19 19 18 12 4 6 17 26 22 12 8 13 16 19 21 22 22 27 27 27 27 27 26 22 15 13 17 20 21 26 26 22 14 11 19 21 24 20 19 21 16 4 2 2 2 
42 37 30 37 45 48 47 29 32 37 30 23 22 22 21 23 20 15 10 6 11 20 16 6 5 5 8 15 20 12 12 14 16 17 19 21 23 24 23 18 12 9 10 17 18 20 20 23 28 26 18 8 11 19 20 22 20 19 20 22 14 6 4 2 
36 33 38 35 39 46 54 37 28 32 28 18 20 23 22 24 24 21 15 9 13 21 21 10 8 7 6 9 10 13 14 16 17 14 14 13 17 20 18 13 8 10 14 21 22 21 22 25 24 24 15 7 10 18 21 21 21 21 20 23 23 14 10 7 
33 33 35 28 34 33 35 33 26 19 17 21 29 29 23 22 22 22 22 14 14 16 11 10 13 13 10 8 9 12 13 15 17 16 7 4 7 12 16 12 9 12 18 21 24 24 25 23 21 19 9 9 13 17 20 20 21 22 21 22 26 20 11 11 
24 34 38 32 34 28 30 32 24 12 17 31 34 31 22 17 19 21 23 21 20 19 13 17 21 22 21 19 17 14 14 14 13 15 14 15 20 10 12 12 11 12 19 22 27 37 45 26 20 14 8 11 12 15 19 20 20 22 22 21 24 24 13 10 
21 28 37 39 37 29 32 30 23 17 23 35 35 33 25 14 18 22 22 22 31 39 38 41 33 24 22 22 22 20 14 11 12 13 14 16 17 16 15 12 12 12 16 22 22 38 49 28 26 20 15 14 11 11 19 20 21 23 25 25 26 26 16 9 
23 26 28 35 34 28 33 30 25 25 30 35 36 35 27 18 22 29 33 35 46 51 59 72 63 42 34 38 25 19 13 10 13 16 16 17 16 20 18 16 16 17 20 24 26 55 46 23 25 27 22 15 10 10 15 20 22 23 26 25 25 25 19 8 
26 25 27 30 29 29 26 27 28 26 27 34 36 37 29 20 30 50 59 58 57 57 61 74 71 63 55 61 48 22 18 18 20 21 21 22 20 21 21 20 20 32 44 30 36 59 38 23 25 27 26 20 13 10 10 14 20 20 21 22 22 23 21 15 
35 32 29 27 28 31 25 37 51 54 45 39 38 38 30 27 43 55 61 63 64 59 57 67 71 68 63 70 62 32 26 23 23 23 22 22 21 21 21 21 21 43 55 33 38 43 29 26 23 25 26 23 15 9 6 11 12 14 20 23 24 23 22 21 
27 28 31 37 36 31 30 42 60 70 66 50 45 38 26 29 45 53 63 65 62 57 46 51 56 58 64 59 47 34 31 28 26 25 24 23 22 21 21 18 17 41 43 46 48 39 39 29 24 24 25 23 18 11 8 11 10 10 14 17 21 22 23 21 
20 23 27 38 35 28 25 29 44 56 55 46 35 27 24 28 43 52 58 56 51 44 37 37 40 56 60 45 37 36 34 30 26 24 23 17 19 20 18 10 13 38 47 48 47 35 25 22 25 26 29 25 21 12 6 7 18 27 24 20 21 24 23 22 
19 23 26 31 29 26 27 32 35 32 31 27 25 25 25 36 51 58 55 46 43 41 48 42 36 43 40 28 30 32 30 27 26 28 29 24 24 22 20 16 26 40 34 24 26 24 23 22 23 26 26 25 22 11 3 2 24 33 31 28 28 30 28 25 
23 30 32 31 29 26 26 28 20 16 22 26 28 27 25 35 58 64 62 48 48 49 48 49 44 42 25 16 24 30 31 30 31 34 35 30 26 26 26 29 46 48 33 22 22 24 24 22 22 24 25 24 23 10 4 4 18 32 33 32 28 28 29 29 
24 28 30 28 26 26 27 25 15 10 15 22 24 24 26 28 53 73 64 47 47 52 48 43 38 47 34 17 20 24 27 28 27 26 26 35 43 47 43 40 50 48 45 29 23 24 24 23 22 21 25 25 24 16 13 13 14 26 30 31 31 30 26 24 
23 25 25 25 28 29 24 19 18 17 20 23 29 42 40 37 47 89 90 70 68 69 64 58 42 49 41 23 22 22 22 21 21 22 25 30 35 36 29 35 41 32 35 35 32 25 23 24 24 21 20 20 21 20 20 18 11 13 29 31 30 32 29 26 
21 22 24 26 25 23 22 20 16 21 33 35 39 47 42 39 39 58 85 86 86 89 88 84 68 43 32 23 23 22 21 22 22 29 33 39 37 40 30 37 30 23 24 23 23 22 20 22 21 22 22 21 21 22 23 21 17 13 21 30 30 29 29 27 
13 18 22 22 22 21 21 15 9 33 65 64 51 48 43 40 40 42 58 80 90 95 101 99 80 54 32 25 24 22 22 24 25 31 31 38 52 41 33 35 30 24 23 25 24 23 18 19 20 23 21 24 31 47 39 22 19 17 16 21 28 28 28 27 
16 17 19 20 20 18 13 5 6 42 89 88 70 58 56 55 53 43 34 50 82 99 103 93 81 74 66 39 36 31 25 25 30 39 42 54 55 47 45 46 40 30 25 23 22 24 22 16 23 51 23 29 40 40 42 28 24 34 26 16 17 23 26 27 
11 9 7 10 14 14 4 2 5 36 92 92 77 58 66 65 62 54 40 35 58 93 93 87 82 74 64 53 60 58 57 49 51 60 63 63 56 58 69 73 61 36 26 23 27 27 29 30 25 57 32 25 39 27 35 42 32 47 42 23 20 23 27 22 
9 7 4 4 6 6 3 3 6 35 90 92 77 63 65 70 80 71 55 40 38 74 87 78 65 51 45 53 63 63 66 59 67 77 83 85 75 66 73 75 72 67 35 24 34 44 50 46 36 43 41 37 52 52 51 57 50 57 56 47 29 24 26 21 
9 5 3 3 3 4 4 4 9 50 80 76 54 61 67 77 76 64 51 39 37 52 65 54 41 40 42 52 62 66 69 66 63 80 90 91 87 79 78 77 83 85 63 34 39 49 49 52 51 48 52 39 32 45 54 48 58 60 60 58 34 22 24 25 
15 10 7 5 5 4 4 4 6 21 30 56 60 66 73 67 61 53 41 37 51 72 74 61 43 48 51 55 56 60 66 68 63 75 89 89 82 79 80 82 84 85 79 58 52 47 49 52 53 55 63 56 46 54 57 53 58 60 62 52 31 20 20 21 
21 19 14 8 7 5 5 3 3 4 8 45 64 65 60 58 56 54 51 59 77 91 86 71 67 78 82 70 60 58 59 60 57 60 74 72 75 79 79 78 78 78 63 54 62 53 58 60 55 47 50 54 54 55 58 51 56 61 59 39 35 20 14 11 
22 20 19 10 6 5 5 4 2 5 15 31 60 64 60 58 53 55 63 73 83 91 84 71 78 91 90 86 78 60 50 49 47 52 59 57 57 58 52 51 48 53 48 35 42 44 37 45 51 51 47 40 38 45 56 54 52 56 50 26 19 19 13 8 
21 20 21 16 7 4 3 2 2 11 25 31 46 61 58 54 56 66 67 70 80 88 89 84 79 82 80 77 71 62 52 60 62 64 62 57 60 62 56 53 50 44 40 37 36 29 23 29 40 42 43 44 44 54 53 62 49 47 35 25 23 21 19 12 
21 21 21 19 16 9 4 1 6 31 28 33 37 49 60 62 58 67 68 73 69 70 69 72 66 61 62 59 51 55 62 67 72 72 68 61 71 78 82 80 76 65 38 35 30 27 22 20 26 32 38 40 40 41 45 60 52 35 28 28 31 26 23 21 
20 20 20 19 21 21 11 4 15 46 28 30 34 38 49 48 39 63 63 65 70 81 95 89 75 62 56 54 60 67 64 65 71 78 75 67 74 78 81 85 86 62 38 28 27 32 25 22 21 26 29 30 39 36 31 42 46 43 40 45 34 29 17 16 
21 20 21 22 27 37 24 13 25 49 34 35 30 30 37 37 29 50 60 50 62 102 96 78 70 62 53 55 73 78 66 67 68 71 63 62 76 78 78 79 72 43 35 28 26 27 24 21 21 28 34 39 44 42 34 41 37 28 33 34 32 29 24 21 
21 22 30 40 46 47 32 38 45 39 33 39 35 29 34 38 36 41 34 43 71 78 74 76 77 66 57 65 78 71 63 64 61 53 36 38 63 76 76 77 69 43 28 24 24 25 27 28 30 33 46 47 33 32 27 32 29 25 28 29 28 26 26 22 
24 25 32 41 44 46 46 35 44 49 43 36 35 35 33 37 36 28 44 72 77 74 76 82 77 63 53 68 82 74 69 60 56 42 34 30 31 54 62 70 76 59 33 26 28 29 30 31 33 33 42 36 24 33 33 26 30 30 32 33 33 29 27 22 
22 19 18 30 32 18 19 22 37 48 42 41 37 40 39 43 50 61 78 89 82 80 80 81 81 72 59 74 82 76 55 34 36 40 44 41 32 34 39 44 44 39 36 32 34 35 32 26 25 31 36 37 32 33 35 28 29 33 35 33 33 33 28 23 
16 15 16 11 5 7 14 25 38 52 44 52 49 51 51 47 74 79 66 66 83 88 86 83 82 75 63 69 73 56 45 51 57 64 61 46 40 30 22 28 34 32 36 44 45 36 29 22 21 22 25 28 30 32 33 33 32 33 35 31 29 34 40 27 
28 33 22 11 6 9 13 16 22 34 45 55 49 51 57 53 59 72 55 40 47 62 70 71 69 64 58 55 63 77 78 80 82 83 74 41 36 31 27 32 31 32 33 30 27 27 33 27 22 21 22 23 24 26 29 32 35 34 32 32 28 33 45 44 
35 32 23 20 16 12 13 14 16 20 39 51 50 52 62 65 45 53 48 53 71 78 83 84 82 74 60 65 66 68 73 79 81 85 73 34 26 24 23 26 28 27 28 23 27 33 31 29 29 29 30 31 26 24 26 29 33 36 38 35 36 44 53 50 
37 36 23 21 20 17 14 13 12 14 22 31 36 37 40 56 52 41 42 77 92 94 97 96 94 80 60 81 85 78 63 59 65 75 59 26 23 14 10 19 28 33 36 35 41 38 33 30 31 34 34 30 28 22 21 23 28 33 37 35 35 41 42 26 
30 28 22 21 21 20 18 14 16 23 36 37 39 39 41 57 62 46 36 67 90 95 98 95 89 68 69 90 91 94 85 70 38 30 28 29 13 5 5 6 9 18 36 40 37 34 34 31 35 38 38 33 30 26 20 17 16 18 21 22 19 15 10 10 
21 22 21 21 22 24 29 43 51 62 53 59 66 63 53 58 42 35 34 45 73 85 88 83 73 51 76 87 88 89 83 82 66 29 25 30 23 14 11 15 16 19 37 22 18 33 39 40 42 42 39 38 34 32 31 25 21 18 15 12 9 7 5 5 
14 26 31 32 35 43 48 61 59 57 63 59 44 49 40 33 26 30 35 36 48 69 73 62 55 49 75 82 85 86 85 85 62 33 31 32 33 30 28 31 36 31 20 13 27 41 39 24 34 44 39 40 38 35 29 26 26 26 26 24 18 13 9 5 
46 57 59 46 53 67 66 56 38 41 68 51 40 43 42 38 35 29 30 33 36 42 55 54 57 57 69 81 76 75 71 52 34 31 40 32 25 24 25 34 35 34 28 25 46 40 31 20 34 43 40 41 41 39 31 27 28 28 29 28 26 26 17 10 
50 60 64 65 68 65 51 32 34 56 45 33 40 40 36 37 38 29 27 32 35 49 72 72 60 54 46 44 42 41 34 28 29 39 40 31 28 22 21 27 31 32 33 37 40 21 20 39 44 39 36 36 41 41 34 30 27 26 27 27 26 26 20 16 
58 59 56 72 58 73 56 52 51 35 18 17 20 20 25 30 32 28 35 45 45 50 70 79 69 58 36 38 36 35 39 34 30 39 36 40 35 32 28 30 27 33 33 37 31 25 26 36 41 30 25 22 26 28 29 28 24 24 25 24 21 16 14 18 
67 64 53 68 64 71 43 27 19 17 16 13 13 24 38 34 28 26 30 41 52 47 46 54 50 48 48 45 34 34 39 45 42 50 56 43 31 32 26 26 22 21 25 39 35 45 37 26 30 29 24 21 25 24 22 19 17 17 15 13 8 5 11 11 
71 68 58 66 67 44 23 18 17 15 9 7 13 16 18 19 24 20 17 27 47 53 49 45 43 51 52 37 40 38 33 40 50 44 41 36 33 32 25 25 28 27 34 43 32 32 42 28 27 28 23 20 25 26 23 20 20 21 18 14 14 13 11 9 
72 51 54 50 77 28 20 19 19 17 14 17 20 19 17 20 25 19 12 13 32 43 40 43 44 46 41 42 52 46 39 49 39 38 33 30 30 38 31 24 28 33 32 40 32 28 31 25 24 25 23 22 39 41 34 25 21 22 23 18 23 21 17 17 
53 56 46 53 50 18 19 21 21 21 22 22 23 21 20 27 28 20 29 45 50 55 56 53 50 51 34 38 54 44 37 42 34 27 12 12 20 31 33 27 21 16 34 42 34 20 15 14 16 17 18 21 51 56 49 34 24 24 35 29 44 28 23 24 
72 44 31 64 30 19 22 23 22 22 23 26 31 45 56 62 57 47 54 49 52 52 45 37 38 33 27 21 44 56 47 38 33 17 10 18 20 22 24 25 22 12 22 48 40 11 6 9 8 9 19 22 40 56 54 51 36 33 42 44 41 32 23 15 
54 29 41 59 27 25 24 22 22 23 39 48 50 53 59 66 64 58 51 33 31 32 29 32 39 31 27 24 37 44 32 27 31 24 18 17 20 23 23 23 25 21 35 41 27 8 5 5 4 13 23 22 23 23 31 37 30 20 27 30 25 23 20 12 
26 36 62 48 31 28 24 21 22 19 27 40 52 55 56 61 60 52 45 42 40 41 43 46 41 34 33 32 42 32 37 35 38 23 15 18 20 23 24 21 17 13 16 13 10 10 8 6 9 18 22 22 20 19 21 27 30 20 21 22 18 17 16 13 
31 49 70 39 34 34 26 21 19 19 18 18 25 38 56 46 37 28 21 20 27 38 45 39 35 31 37 43 44 38 28 20 16 9 11 21 22 29 30 19 13 11 10 11 9 10 11 12 19 26 27 23 20 20 21 24 34 29 24 21 20 18 16 16 
35 63 60 34 29 30 30 25 22 22 24 22 21 21 41 44 29 21 18 33 39 38 40 35 34 30 35 41 36 37 21 10 8 8 12 29 27 21 30 27 15 11 10 9 7 6 7 9 22 32 29 22 21 22 21 23 29 28 26 27 23 23 24 21 
36 70 36 23 22 25 30 30 25 23 22 23 24 21 20 41 30 38 43 36 29 27 34 34 30 22 31 44 41 43 33 11 8 9 12 20 15 12 25 34 23 10 8 8 7 9 11 13 18 24 26 25 25 24 24 25 25 22 23 24 22 23 23 23 
69 63 24 22 22 30 30 27 27 24 23 24 25 26 40 47 31 30 25 24 27 22 28 30 30 31 45 44 44 49 37 15 13 13 13 12 13 17 22 33 31 15 11 12 14 18 20 21 19 19 20 20 25 25 23 21 21 24 24 25 24 24 23 23 
87 46 24 25 24 28 30 28 25 23 24 23 24 34 40 39 22 8 9 19 27 24 28 30 29 25 44 51 47 51 59 27 14 15 16 16 14 19 21 29 36 32 27 16 14 21 32 33 32 23 18 20 24 24 25 24 26 28 21 17 18 20 21 20 
71 26 23 24 23 22 25 29 26 24 22 21 28 39 39 38 25 17 15 27 32 23 23 28 30 24 19 25 41 50 54 38 14 14 14 14 14 15 15 26 35 36 33 19 10 20 28 31 37 37 35 31 23 26 31 31 29 24 13 11 12 13 15 16 
28 24 24 23 20 22 23 27 28 24 21 20 31 33 35 33 23 22 26 40 30 22 23 26 30 24 21 26 43 51 46 36 19 15 14 15 17 15 13 22 30 33 33 23 12 17 20 23 42 45 34 26 25 26 30 33 22 13 9 11 18 21 15 10 
26 30 20 15 9 15 24 24 24 23 23 24 30 25 24 22 20 21 33 31 23 20 21 24 27 25 24 32 38 42 47 32 27 20 16 13 13 12 14 16 19 25 30 26 23 30 23 22 34 34 22 23 24 23 25 22 12 9 9 11 16 21 17 15 
27 28 20 13 8 6 14 22 22 21 23 28 30 24 21 19 17 19 20 18 19 20 20 21 24 25 24 24 23 23 26 20 21 18 21 16 14 10 10 14 17 19 22 24 26 32 25 21 24 24 20 17 19 21 19 10 7 9 10 14 19 23 30 34 
32 31 29 17 12 8 6 10 17 27 39 46 33 30 28 23 19 19 21 22 18 18 19 20 26 24 21 20 21 19 19 21 19 10 13 16 17 11 14 27 34 31 26 23 24 29 30 25 28 32 25 18 18 18 15 9 10 11 13 21 29 31 36 35 


21 24 17 14 31 48 41 37 37 39 43 37 39 39 38 46 58 59 48 38 37 38 38 38 38 39 40 38 30 24 22 19 19 17 20 26 28 29 30 34 42 49 53 54 55 54 49 42 25 12 11 27 43 49 44 37 23 15 16 26 30 34 37 36 
8 9 14 18 41 50 45 43 45 53 50 33 34 33 38 48 41 38 35 36 38 37 38 38 36 33 31 27 25 23 22 20 15 11 15 27 26 30 36 41 46 49 52 54 54 52 50 38 16 10 12 37 48 51 48 45 33 17 21 26 31 34 37 37 
17 19 16 26 45 47 45 43 48 58 43 34 34 33 35 55 53 35 34 33 33 35 38 36 29 28 27 27 26 24 22 17 22 16 15 25 22 30 46 48 48 51 54 55 54 53 51 33 17 12 12 35 51 52 51 48 42 25 22 25 29 32 35 33 
24 29 31 31 38 43 43 36 38 43 41 31 31 32 31 38 39 27 26 26 30 32 29 18 20 29 31 32 28 20 12 17 32 36 32 27 31 43 49 50 51 54 56 55 54 52 45 28 20 16 17 28 48 52 50 48 45 28 19 22 25 27 27 22 
48 52 43 34 35 44 52 38 36 34 28 22 23 28 31 29 24 21 23 24 21 21 25 22 22 31 33 34 26 12 18 28 35 39 40 36 41 48 50 53 55 55 55 54 51 42 31 29 29 31 38 35 33 46 46 45 41 26 13 11 12 11 9 5 
56 52 42 36 39 49 50 39 36 29 29 33 33 29 32 31 24 23 27 28 25 19 18 21 26 34 34 31 18 14 24 29 33 39 38 34 46 52 53 52 54 54 52 47 35 24 28 36 41 44 45 35 18 34 41 44 43 39 25 9 4 4 4 3 
62 58 48 50 73 71 55 42 44 44 47 43 40 35 32 29 22 23 21 21 24 26 20 9 9 22 32 27 16 15 21 26 31 37 39 38 48 52 51 50 49 45 37 24 23 30 38 43 50 50 42 24 15 31 40 44 41 41 42 29 9 5 4 4 
66 65 58 66 80 83 71 48 49 52 49 43 38 37 36 37 31 23 15 10 18 30 26 11 7 9 13 18 24 18 20 23 26 29 33 35 40 44 41 33 24 17 16 24 29 36 42 47 51 50 32 13 17 35 38 41 40 41 46 45 25 11 8 5 
45 59 71 67 73 76 73 57 49 50 42 33 39 46 42 42 45 38 26 16 19 32 33 17 13 12 11 15 17 18 23 27 26 24 25 22 26 31 29 24 17 19 24 35 35 37 44 48 48 43 25 11 16 37 39 38 43 42 46 49 43 22 16 12 
42 57 64 61 67 64 60 56 49 34 28 36 52 55 44 38 41 45 41 24 21 23 18 17 20 22 18 15 16 17 20 22 25 24 12 6 11 21 26 23 17 22 31 40 41 42 46 44 42 32 15 12 17 28 35 36 43 46 46 48 50 34 18 17 
38 56 60 64 68 64 59 54 36 18 29 52 59 56 41 29 33 38 39 34 31 30 23 28 34 39 39 34 27 24 24 22 19 21 19 18 22 14 18 19 20 23 31 41 49 54 55 46 34 23 14 15 18 25 34 40 45 47 46 47 50 43 22 17 
37 50 62 71 72 65 60 49 32 24 38 60 61 57 44 24 29 34 38 36 48 59 57 60 50 37 37 38 36 31 25 21 22 21 20 20 20 20 20 18 20 22 27 39 43 58 63 50 48 35 24 22 17 18 33 44 46 48 49 50 51 47 27 15 
35 45 54 68 69 63 57 47 41 39 49 60 61 58 45 27 34 44 51 55 71 79 83 99 95 64 50 54 38 30 24 21 24 26 26 27 28 31 26 21 24 27 31 43 46 70 63 46 50 49 39 26 17 15 24 40 47 47 48 47 48 47 34 14 
43 48 51 56 64 61 48 44 41 39 43 57 61 59 46 28 42 70 82 84 86 88 89 102 103 98 86 87 70 36 33 33 36 37 36 37 38 38 34 30 30 46 57 47 57 74 57 46 49 50 49 35 22 17 16 24 36 38 40 41 44 44 38 25 
56 53 50 47 49 45 41 44 49 53 49 58 63 61 50 40 59 77 80 85 90 90 88 97 106 104 97 101 92 54 48 46 46 45 43 41 41 41 40 37 35 61 73 50 57 58 49 47 46 49 49 43 27 17 11 18 21 24 34 41 44 41 39 39 
44 45 47 48 42 41 43 48 57 62 62 63 68 59 45 49 67 76 86 87 86 85 76 85 93 92 97 93 74 58 55 51 49 47 46 41 38 37 35 31 29 59 60 64 66 56 55 48 45 47 48 46 34 20 14 17 15 17 23 29 35 38 43 44 
29 35 40 54 55 51 49 52 57 59 57 57 55 49 45 48 65 75 83 82 76 69 65 68 75 90 95 77 62 59 56 52 50 47 41 27 32 37 31 18 22 52 54 61 65 54 45 44 46 45 45 45 39 21 11 10 29 44 42 35 34 43 46 44 
30 40 47 54 52 49 52 56 56 52 50 49 48 48 48 59 76 85 83 76 74 71 70 65 67 73 65 48 54 58 56 53 53 54 50 41 46 44 34 27 39 53 48 37 45 45 44 45 43 44 43 43 39 18 6 5 40 57 57 55 53 55 52 46 
39 52 55 54 51 50 52 51 37 28 40 50 52 50 48 58 87 96 94 84 84 84 81 81 76 67 42 28 44 55 58 58 58 61 60 53 47 45 44 47 69 69 48 37 41 45 45 43 43 42 43 42 38 18 8 8 33 57 58 57 53 52 54 53 
45 52 53 52 51 52 51 41 25 17 24 35 40 41 45 50 78 102 92 78 80 83 76 68 55 67 52 29 34 46 52 53 51 48 44 53 65 71 62 51 67 61 55 47 42 42 43 44 44 43 46 45 42 28 20 19 22 47 57 56 55 53 51 50 
45 49 51 52 54 52 42 32 29 28 32 36 45 64 66 64 73 113 111 93 95 96 87 79 52 66 61 39 40 43 43 40 36 35 38 46 56 59 53 55 54 50 55 56 50 37 38 46 47 45 44 43 41 38 35 29 17 23 52 55 55 55 53 50 
36 44 48 49 45 38 34 31 26 34 50 54 60 72 68 66 67 83 110 114 114 118 118 111 85 56 47 42 44 42 40 36 34 44 55 63 59 58 52 58 50 48 50 47 42 33 32 45 47 46 47 45 41 39 37 34 28 21 33 51 54 53 53 51 
20 30 37 37 33 32 33 24 14 48 88 89 74 72 70 67 68 68 86 112 118 122 130 125 99 67 43 40 43 39 35 37 36 46 52 61 72 53 52 54 51 49 49 49 47 42 30 36 44 47 47 44 40 46 41 33 30 28 25 33 49 53 51 51 
21 21 25 30 31 29 22 9 9 58 116 114 96 86 86 86 84 73 66 83 111 125 128 113 99 89 80 59 55 45 36 37 37 52 58 59 60 57 56 59 58 53 49 47 46 47 41 28 39 65 45 41 38 43 41 38 34 42 38 27 30 41 47 50 
19 15 11 16 24 23 9 4 9 48 119 121 104 85 92 92 90 82 70 69 89 117 115 107 101 91 78 71 82 80 79 68 68 77 78 67 56 69 88 92 79 59 48 47 49 48 50 45 38 66 49 40 43 41 45 60 46 59 52 35 33 32 33 36 
17 13 8 6 10 10 5 6 11 47 116 121 104 87 86 91 103 92 79 72 69 102 114 102 85 70 63 72 86 87 94 84 89 97 100 102 95 87 95 95 90 87 54 45 53 59 63 56 50 54 55 54 65 68 66 68 69 72 67 59 47 44 39 31 
16 9 6 5 8 9 7 6 14 66 104 98 74 86 87 95 96 87 78 71 68 83 96 78 60 61 66 76 88 91 96 93 88 102 109 112 112 103 99 96 104 107 84 50 54 58 57 63 65 61 66 55 45 58 75 69 79 81 76 69 49 45 42 40 
25 19 12 10 10 8 8 6 10 29 43 75 83 91 95 87 83 82 75 65 81 102 106 92 68 72 78 80 83 87 92 92 87 97 108 113 105 100 101 104 107 107 99 69 60 56 65 69 69 66 75 74 65 63 73 73 80 84 78 71 47 34 32 33 
36 35 25 15 13 8 7 5 4 6 12 60 86 84 81 79 81 86 82 85 106 120 117 105 99 106 111 99 87 84 84 84 79 79 92 94 96 102 102 100 99 99 80 63 67 68 84 88 80 70 68 70 69 72 80 75 84 90 83 59 53 32 24 20 
37 40 33 19 12 8 7 5 2 7 26 51 83 88 83 82 79 80 92 102 112 121 116 105 111 121 120 119 108 87 75 74 71 68 69 77 77 72 65 66 65 67 62 52 61 63 52 68 80 81 75 56 42 60 79 80 78 86 74 48 44 35 24 15 
35 41 38 28 15 9 7 3 3 18 43 54 68 82 81 79 81 94 100 97 108 118 121 117 113 114 110 110 101 90 78 87 90 90 83 81 84 83 75 74 70 60 55 52 50 37 24 39 61 67 72 70 63 76 75 78 71 70 53 44 44 46 37 21 
35 43 45 42 32 17 6 1 7 34 47 56 60 71 85 90 87 99 99 101 94 96 99 103 98 91 89 87 81 86 90 95 100 100 95 89 96 102 106 105 100 83 42 38 30 26 25 31 44 57 65 67 68 66 66 73 70 47 32 28 31 42 42 34 
37 44 47 48 47 34 15 6 16 47 47 54 58 62 77 75 61 94 94 95 99 108 123 118 105 90 82 84 95 99 94 93 99 104 100 92 98 101 105 109 111 82 54 34 29 38 42 44 43 44 49 51 64 62 59 70 75 63 38 38 36 42 26 24 
38 43 46 46 49 51 30 18 28 49 51 57 54 57 68 68 46 68 82 72 84 125 121 107 102 95 90 86 105 109 96 95 94 94 81 83 100 101 101 101 93 63 56 46 45 52 51 48 48 52 61 60 68 68 63 69 64 48 43 45 48 46 38 33 
39 43 47 50 56 60 42 44 48 43 46 53 53 52 61 65 47 51 55 68 95 103 103 107 108 99 90 95 107 100 89 87 82 72 58 61 85 98 97 94 86 60 45 44 54 55 57 59 57 61 77 76 62 62 58 62 60 57 57 56 51 46 44 37 
38 38 47 54 54 57 54 41 47 53 50 46 52 56 55 57 54 55 73 97 101 101 105 110 103 86 83 98 111 98 89 78 76 63 55 49 48 70 81 87 92 74 47 48 61 64 64 59 56 58 67 64 54 63 65 59 62 63 66 67 64 51 46 36 
31 29 30 39 40 25 26 26 39 57 54 55 56 55 59 67 85 93 104 113 105 104 106 105 102 93 88 102 107 98 74 52 55 62 65 58 48 52 59 64 62 54 52 54 64 66 62 50 49 53 58 60 60 64 69 64 63 66 68 65 65 59 48 41 
27 24 20 13 7 13 22 28 44 67 58 59 58 59 61 64 107 109 88 85 103 110 108 104 100 92 81 85 94 79 68 70 76 82 80 66 59 50 44 46 51 52 58 68 68 58 51 42 44 46 49 51 54 57 61 65 68 66 67 61 60 64 60 47 
38 44 32 17 12 19 24 27 34 46 47 47 41 55 67 58 73 100 74 44 55 77 91 93 90 83 70 66 85 100 97 96 98 100 91 58 53 48 44 49 50 50 53 49 45 49 58 52 45 46 47 46 48 51 52 57 64 67 68 65 59 63 68 62 
49 47 36 32 27 23 23 23 24 28 44 49 48 58 71 70 48 63 49 66 94 101 105 106 104 95 77 87 89 87 92 96 98 103 90 51 45 38 33 44 48 46 47 44 48 56 55 53 52 51 53 54 50 47 48 52 56 59 64 64 63 67 71 63 
54 50 38 34 33 28 24 21 20 22 32 35 38 42 47 63 61 48 48 97 114 115 118 117 117 101 76 105 108 101 82 75 81 93 76 45 36 19 14 28 40 47 57 61 65 63 57 53 54 56 56 54 50 39 37 43 50 55 58 56 56 60 56 31 
47 43 36 34 33 32 29 24 24 33 50 46 44 45 52 72 76 56 52 86 109 115 120 116 111 86 86 113 113 117 109 91 51 45 45 39 16 8 7 9 13 26 58 63 59 60 57 53 58 59 59 55 52 43 30 27 27 29 34 34 30 23 14 12 
35 35 33 32 33 34 39 54 64 80 69 74 79 69 66 73 48 45 55 66 92 105 108 105 93 61 96 111 110 113 107 105 83 44 43 43 33 24 18 23 26 29 52 34 27 56 61 57 62 64 61 61 57 52 48 46 40 33 27 22 17 13 8 8 
21 35 39 38 41 52 59 74 75 72 76 76 70 73 61 42 26 43 57 59 64 80 90 78 54 51 95 106 106 109 108 105 78 48 46 46 48 47 44 48 51 43 28 19 34 60 56 36 45 60 62 63 63 58 53 51 51 51 51 47 35 23 15 9 
45 60 70 62 67 81 82 69 48 52 82 72 66 69 66 49 35 42 52 55 55 51 53 46 45 46 77 102 97 96 89 68 49 44 46 38 39 35 38 49 52 49 40 37 58 54 41 28 41 54 58 61 65 62 55 51 50 52 54 55 52 48 28 18 
54 66 72 73 79 82 71 52 45 68 57 47 58 61 58 53 45 41 49 55 56 64 82 74 52 44 46 56 57 56 46 41 38 47 49 42 39 31 32 42 52 54 55 57 57 30 26 44 52 54 49 50 59 62 56 50 44 50 52 53 52 47 30 25 
59 65 66 84 77 91 74 62 58 43 26 25 28 29 38 47 43 41 55 69 69 73 96 101 84 64 49 50 49 49 54 51 42 50 55 57 53 47 42 43 43 48 49 58 52 37 38 50 53 53 48 41 44 50 51 49 44 47 49 45 37 26 21 26 
78 80 69 84 78 79 51 34 28 25 24 21 20 32 54 49 40 39 49 65 79 69 63 70 67 68 65 55 47 52 56 62 62 72 76 63 54 50 51 53 42 31 38 61 58 66 59 50 52 53 49 43 44 42 39 34 31 29 27 22 13 8 16 17 
84 86 68 72 70 56 36 28 27 24 15 13 20 24 26 26 33 28 26 41 67 75 61 56 54 68 72 50 49 50 46 57 70 62 56 52 53 51 53 60 62 48 42 57 52 54 59 50 52 52 49 37 41 41 44 43 40 35 29 23 21 16 15 15 
84 60 55 51 80 40 31 31 30 29 25 30 33 31 26 34 45 30 18 20 42 55 50 55 54 63 51 48 56 48 46 58 47 41 36 34 38 50 52 57 61 55 46 58 51 49 50 44 47 49 44 32 40 41 44 41 39 37 33 29 35 29 24 25 
66 57 56 65 58 30 33 37 39 41 42 43 41 35 33 49 50 32 37 54 58 62 61 58 58 71 50 50 56 37 38 49 40 29 16 18 24 40 52 54 42 28 49 62 53 32 23 22 26 30 30 29 47 46 44 43 44 38 41 39 53 38 31 32 
82 49 44 74 44 35 41 44 43 41 43 50 55 64 74 81 72 55 58 49 55 57 53 50 55 57 46 31 46 58 52 42 36 20 15 21 25 31 38 44 39 20 35 68 56 19 10 12 11 15 33 37 45 49 50 59 46 45 55 58 49 44 37 25 
63 37 48 71 49 49 47 44 40 39 64 82 86 86 88 90 80 71 64 46 42 45 48 57 66 58 43 31 42 52 40 35 34 27 21 24 33 38 37 40 42 32 49 52 36 16 9 7 9 22 42 42 38 30 39 49 35 25 37 41 36 40 35 21 
35 47 72 67 56 53 46 39 36 32 42 62 84 90 91 90 85 80 77 72 67 69 72 73 69 66 59 47 52 43 50 46 43 26 21 29 37 41 40 36 29 24 26 23 21 21 17 11 18 35 46 44 38 33 37 43 36 22 28 30 27 29 27 24 
39 64 82 62 58 57 46 35 31 31 30 30 39 60 88 74 59 47 37 33 43 67 75 71 63 58 71 68 52 45 37 29 22 15 18 36 45 51 49 26 17 18 19 19 19 19 20 21 36 54 54 49 44 41 37 35 39 31 32 41 32 28 25 23 
41 76 73 56 52 53 51 43 37 41 44 40 34 31 60 68 48 37 33 52 60 62 66 65 56 49 69 71 54 46 31 19 16 16 21 43 40 34 49 40 20 16 14 16 16 12 12 15 40 60 55 48 42 35 28 31 38 34 40 52 41 38 39 34 
50 88 56 48 46 49 52 51 47 42 41 39 38 31 27 53 46 61 67 52 48 50 55 57 50 36 56 72 62 52 44 20 17 17 19 26 22 21 38 53 34 18 16 16 16 17 18 20 28 42 42 38 35 33 33 33 35 35 41 45 44 43 42 40 
92 85 49 48 47 53 55 52 49 43 38 35 36 39 57 69 48 42 33 31 47 44 51 54 51 44 59 67 60 60 49 24 21 23 23 21 23 30 37 53 49 26 19 22 25 28 35 35 29 25 25 27 33 37 37 32 34 40 44 46 45 46 45 41 
113 69 50 51 49 53 55 54 52 44 38 32 34 51 65 64 36 12 13 28 46 44 50 52 50 37 53 64 61 65 72 41 24 25 28 27 25 33 40 48 59 52 43 28 25 37 58 61 53 34 29 31 33 39 48 43 38 37 29 29 31 35 37 32 
92 53 51 50 50 50 52 55 53 50 39 31 39 60 66 64 42 26 24 42 53 41 45 48 49 37 27 33 54 65 67 52 23 22 24 25 25 27 28 43 59 59 56 35 21 34 52 60 65 59 55 55 41 49 56 55 42 29 19 21 24 25 24 24 
43 46 49 47 41 47 52 53 54 50 43 34 46 55 59 55 38 34 41 60 45 36 45 49 48 36 31 36 57 63 53 46 30 26 25 26 29 28 26 38 52 56 54 38 24 33 41 45 64 68 55 50 44 49 54 56 37 20 17 22 30 33 27 21 
43 51 35 26 17 26 48 51 49 48 45 41 45 41 37 34 31 32 47 45 34 31 35 42 45 44 44 50 54 47 46 37 39 33 28 24 22 21 24 28 34 43 50 41 35 50 46 40 51 57 41 38 39 39 41 37 24 20 20 22 29 34 31 30 
48 50 37 22 14 10 25 43 46 44 45 47 48 44 37 30 28 28 30 29 28 29 29 31 37 45 48 46 43 38 35 29 32 29 34 30 25 19 16 23 28 31 39 40 40 47 47 40 46 52 39 29 32 33 30 17 16 21 21 26 36 46 53 58 
45 53 52 29 20 14 10 16 29 46 59 64 49 48 48 37 30 30 37 38 29 27 25 26 41 44 39 36 36 32 31 35 29 14 21 28 30 23 19 32 45 47 44 36 40 48 53 48 54 63 46 25 30 30 24 15 17 22 25 39 52 58 63 64 


9 12 8 5 11 17 15 14 14 13 12 10 8 10 10 15 18 18 16 16 18 19 19 19 19 18 18 14 11 8 6 5 5 4 8 12 12 13 15 14 13 16 21 23 24 23 20 16 9 4 3 10 19 21 15 13 8 3 4 10 13 16 19 18 
2 3 5 6 14 19 18 17 16 16 16 14 11 12 12 17 15 17 19 18 18 17 16 17 16 14 12 9 8 7 7 6 3 2 5 12 11 13 14 12 14 16 21 25 25 22 20 13 6 4 4 14 19 23 18 16 13 5 6 10 14 18 19 18 
5 5 3 7 15 18 18 18 16 15 15 16 15 18 15 17 17 15 16 17 18 15 15 14 10 10 10 10 9 8 7 5 6 6 6 11 9 10 14 13 16 18 23 26 26 24 20 13 7 5 4 14 21 23 21 17 16 9 6 10 13 16 17 16 
8 9 9 10 14 14 16 16 14 18 21 18 19 19 17 14 13 11 10 11 17 19 15 7 7 10 11 11 9 6 3 4 10 15 15 14 13 16 18 18 20 24 28 27 25 23 18 13 9 6 5 11 21 23 22 19 17 10 5 8 10 11 11 9 
8 11 9 10 8 7 13 16 20 19 14 11 12 14 14 9 8 9 12 11 9 11 16 16 12 12 11 10 6 2 6 11 13 16 19 18 17 18 20 23 26 28 28 26 22 18 14 13 12 11 14 15 13 19 20 18 16 7 2 3 4 3 2 1 
8 10 8 9 7 13 20 21 21 13 10 13 15 12 10 8 10 12 15 15 12 7 8 12 17 19 14 10 5 3 8 12 14 15 17 17 19 22 24 24 26 26 22 20 14 7 10 13 15 16 17 14 6 13 17 18 15 10 6 2 1 1 1 0 
10 12 9 11 18 12 18 18 16 16 16 17 16 12 10 11 11 9 10 11 10 10 6 2 3 11 18 14 8 5 7 10 14 16 17 18 19 21 22 22 21 20 16 9 8 10 14 16 22 20 16 8 4 10 16 18 13 12 14 9 2 0 0 1 
13 9 7 9 10 12 25 18 13 14 19 17 15 13 12 16 13 7 4 3 6 14 10 3 2 3 5 10 15 7 5 8 12 14 14 16 18 18 17 13 8 5 6 11 12 13 16 21 25 21 12 4 5 11 12 16 15 14 16 15 9 5 2 1 
22 13 15 11 7 22 49 28 15 15 15 11 12 16 14 16 15 11 7 4 7 13 11 5 5 4 4 5 5 7 7 11 11 9 9 9 13 16 13 10 6 6 9 17 16 14 18 22 21 18 9 4 7 13 14 16 18 17 18 19 17 11 8 6 
21 17 20 14 11 16 26 22 17 13 11 14 21 21 13 12 13 12 11 8 9 9 6 6 7 8 6 4 5 8 9 10 11 11 5 2 5 9 11 8 6 8 14 19 17 15 20 21 19 14 5 6 11 12 12 13 18 19 18 18 19 15 10 10 
16 21 26 20 22 16 17 19 14 7 11 22 26 22 12 8 9 11 13 14 14 13 9 12 15 18 16 13 11 9 9 9 8 10 10 9 12 5 7 9 9 9 13 15 16 21 24 18 15 10 4 6 9 10 11 15 18 20 20 19 20 18 12 10 
13 19 28 22 25 15 17 17 14 10 16 25 27 23 15 8 11 15 17 15 47 69 66 74 53 24 20 19 17 14 10 8 9 9 8 9 8 6 7 8 8 9 11 12 13 22 23 19 19 13 8 7 7 8 13 16 17 19 22 21 21 20 13 8 
14 13 14 18 18 14 25 26 21 19 21 24 28 25 16 11 18 34 47 60 106 121 120 135 136 87 60 60 26 13 7 6 7 8 8 9 8 9 9 9 10 12 13 15 15 27 22 19 21 21 15 8 6 8 11 16 18 19 20 19 19 18 12 6 
12 11 14 17 15 16 21 23 22 20 20 22 27 24 17 13 40 93 111 121 131 138 128 140 149 149 133 122 85 18 11 10 13 14 13 15 16 16 15 14 13 16 24 16 16 22 22 20 23 23 22 13 7 6 7 12 16 14 12 14 17 16 12 9 
17 19 20 20 17 17 17 23 31 34 28 22 27 25 18 23 80 108 111 116 125 135 133 142 156 157 144 139 119 32 20 19 20 21 20 20 20 21 19 18 15 19 22 15 18 17 19 20 22 23 23 19 9 4 3 8 10 10 11 15 18 14 14 18 
16 19 24 28 26 20 18 24 36 43 40 26 28 25 20 42 102 111 117 118 120 126 122 136 149 143 140 137 85 32 28 25 23 23 23 20 18 17 16 13 10 17 16 18 22 16 18 20 21 24 23 21 14 5 4 7 6 6 8 11 15 14 18 21 
12 17 18 21 21 18 18 22 32 37 31 22 22 23 23 34 80 103 114 116 113 110 107 118 133 141 143 106 42 36 32 26 22 19 16 10 12 13 10 6 6 18 23 21 19 16 16 20 21 24 24 22 17 7 3 4 9 12 11 11 15 17 19 19 
12 16 17 20 21 19 20 23 25 22 21 20 22 23 24 57 96 117 121 119 121 116 103 98 113 101 85 43 25 28 28 24 22 20 17 15 16 15 11 9 13 17 16 14 16 16 17 19 20 22 23 22 17 6 1 1 10 15 17 17 17 18 19 18 
15 21 24 24 23 21 19 16 12 9 14 19 22 22 21 56 127 137 138 139 141 139 132 128 118 69 16 9 17 25 27 26 24 22 21 21 19 18 17 20 24 21 17 18 19 16 16 16 17 19 20 20 17 5 2 2 10 18 21 22 20 19 18 17 
16 21 24 23 21 19 16 12 8 6 9 16 17 16 16 21 88 136 129 125 129 127 102 81 64 35 19 10 13 17 19 19 18 15 17 21 23 25 21 21 25 23 21 20 22 19 16 16 16 17 21 21 20 10 7 8 9 16 18 22 23 21 18 16 
14 19 20 20 20 19 15 11 9 10 14 18 18 20 21 21 43 126 133 124 130 131 102 73 62 34 20 15 15 12 11 12 12 17 30 41 46 41 24 21 19 18 17 16 19 21 18 17 18 18 17 16 16 14 12 11 5 8 16 19 21 20 19 17 
12 15 17 17 17 15 15 13 9 11 24 35 30 26 24 24 25 67 135 149 150 155 155 141 106 44 16 15 13 12 13 14 16 42 87 98 89 74 33 21 20 19 18 16 16 17 16 17 18 19 19 18 16 16 16 14 9 6 11 15 18 18 18 18 
7 10 13 15 16 13 12 9 7 44 105 116 92 59 44 54 56 43 88 148 155 155 162 154 125 83 39 16 14 13 14 18 20 53 85 97 100 51 23 19 20 19 20 18 16 15 12 14 17 22 20 19 18 26 21 15 11 9 8 10 13 15 17 18 
11 12 13 13 13 11 8 3 6 70 149 146 128 123 119 120 118 104 99 125 146 154 154 139 123 109 92 34 30 29 22 19 21 63 78 66 66 32 33 34 26 20 20 18 17 17 15 10 20 51 21 19 18 23 23 16 16 18 11 9 10 12 14 15 
5 5 5 6 10 9 3 1 4 52 153 157 137 120 122 124 124 118 113 116 128 145 142 133 124 114 89 70 100 104 100 70 57 62 75 54 42 65 102 106 79 35 19 19 19 18 18 13 14 40 21 18 21 19 19 19 16 18 20 15 13 13 13 12 
4 3 2 2 4 3 2 2 5 51 148 157 136 116 112 121 131 121 115 116 115 140 145 133 115 103 88 96 118 122 133 119 110 111 110 111 108 108 118 118 112 100 38 18 22 24 23 19 14 17 16 16 23 21 20 24 19 22 24 23 16 12 14 12 
4 2 0 0 2 3 2 2 10 79 128 125 97 115 116 121 125 121 122 119 115 128 137 117 97 102 104 112 123 126 135 132 122 122 124 125 133 127 120 120 127 132 95 23 20 25 22 20 23 22 32 23 15 18 15 15 25 21 23 25 17 12 12 13 
9 6 3 1 1 2 3 2 5 30 50 97 111 121 124 116 117 125 127 114 127 144 151 139 112 115 119 120 123 126 130 129 125 122 128 133 128 122 126 130 131 132 121 66 47 31 20 33 56 31 35 28 18 25 21 16 21 21 25 20 14 9 9 10 
14 14 9 3 2 2 2 2 2 3 7 71 111 110 112 112 115 131 127 129 148 160 161 156 148 148 149 141 128 122 123 121 117 109 109 119 123 130 130 128 125 123 88 55 69 55 32 30 31 18 19 20 21 20 25 16 17 21 19 16 18 10 7 5 
16 17 15 6 2 2 2 3 1 3 9 37 104 116 112 113 113 109 132 143 155 165 164 159 165 165 162 162 150 127 115 114 108 91 78 100 95 84 70 61 57 67 69 68 84 80 36 20 22 20 14 13 17 22 24 16 15 17 16 12 14 11 6 3 
17 18 18 12 5 3 2 2 1 6 12 19 58 104 111 111 112 125 138 134 149 164 167 167 167 166 159 157 148 133 122 128 130 125 112 114 112 106 98 95 82 58 52 66 60 30 12 12 13 13 10 12 15 22 18 22 14 13 14 14 15 15 12 5 
16 18 19 17 12 6 2 1 4 16 10 14 23 66 109 114 113 136 135 134 128 133 140 147 146 139 131 135 131 133 132 136 138 137 133 126 129 133 137 135 127 97 32 38 17 11 9 8 9 8 8 11 12 14 17 24 19 11 13 15 16 14 13 11 
16 18 20 18 18 14 8 2 9 26 12 15 19 30 63 62 60 125 130 128 131 138 150 149 143 133 126 135 147 147 136 133 137 138 133 127 130 129 133 136 136 72 20 15 10 11 8 8 7 8 7 10 14 11 9 16 15 12 16 21 16 13 7 5 
14 18 20 19 22 24 17 9 18 28 17 19 21 17 18 18 23 74 102 93 101 143 146 145 148 150 150 142 153 155 142 136 129 122 95 103 132 129 129 126 107 36 20 14 9 8 8 7 7 8 9 13 13 10 8 12 12 11 13 14 13 13 11 7 
15 18 21 22 26 20 16 23 36 28 18 19 19 17 16 15 17 45 84 101 123 138 146 151 153 151 143 144 153 143 129 122 112 83 34 42 94 123 120 112 95 53 19 12 9 10 10 12 13 12 16 18 10 8 7 9 10 10 11 12 13 16 14 7 
16 17 19 19 20 20 22 18 36 41 22 16 17 15 14 16 46 92 114 128 134 142 145 149 141 115 127 144 151 131 113 95 85 42 22 20 28 77 101 102 101 76 24 12 12 14 14 14 17 18 21 18 12 15 13 9 13 14 15 17 16 16 15 8 
13 12 12 18 14 9 10 11 22 28 18 17 15 11 16 43 122 136 139 144 136 136 139 139 133 123 131 141 140 121 77 30 24 22 21 18 16 31 47 54 47 31 17 13 14 15 14 13 16 19 22 23 20 21 20 13 13 17 19 16 15 15 16 11 
11 11 14 9 3 3 8 14 17 19 17 24 20 15 23 57 145 147 121 110 131 140 138 134 130 122 111 108 115 74 47 56 73 84 65 23 16 14 16 18 20 22 22 20 14 12 13 12 14 15 18 21 19 20 20 17 15 17 20 13 10 14 19 14 
19 26 16 6 4 5 8 11 13 16 20 23 23 23 30 31 69 130 97 39 58 93 110 120 119 110 90 81 112 126 121 121 123 123 98 22 14 14 16 17 19 18 17 16 16 15 14 13 14 14 13 14 15 17 19 20 19 16 16 15 9 13 23 21 
18 20 14 11 8 7 8 11 11 13 20 23 24 20 27 32 26 71 46 73 119 128 131 132 132 121 102 116 118 109 113 121 123 127 95 19 16 14 12 13 16 15 14 14 15 15 17 17 18 16 15 16 15 15 16 18 21 21 21 16 16 21 25 21 
21 20 16 13 12 11 9 9 8 9 15 18 18 12 13 29 45 55 51 116 140 139 143 144 145 127 96 135 140 124 94 74 88 107 74 17 13 7 4 7 11 13 17 16 17 16 19 17 18 22 21 18 15 11 11 13 15 17 19 16 15 20 19 10 
20 17 16 16 15 14 12 9 8 12 20 17 16 12 14 47 87 69 34 89 129 139 147 142 139 105 105 141 140 143 137 109 39 24 21 16 7 2 2 2 4 8 16 18 19 17 16 17 19 22 23 20 18 14 10 9 9 8 9 9 8 7 3 3 
13 15 15 16 18 19 22 26 24 29 20 24 32 26 21 31 38 29 22 44 102 128 134 134 118 59 117 139 135 140 137 136 87 18 14 14 12 7 6 6 7 7 14 9 11 17 17 18 16 19 21 23 21 18 16 14 13 11 7 6 3 3 2 2 
11 21 27 29 31 34 32 30 24 24 30 30 25 25 18 12 14 18 24 28 44 88 113 97 54 40 117 134 131 137 137 128 72 18 20 19 16 16 15 16 15 12 8 5 11 15 14 11 13 15 15 19 23 22 16 15 17 17 17 17 12 7 3 2 
45 45 39 27 36 38 30 25 17 18 29 27 27 30 25 14 14 16 21 24 25 29 43 36 30 32 83 121 115 115 100 58 23 16 27 25 17 14 13 15 16 16 15 13 19 16 12 11 17 15 10 12 17 19 15 17 19 21 22 22 20 17 8 4 
35 40 45 47 46 33 22 18 18 25 19 17 22 24 23 17 11 14 24 38 46 64 87 68 41 29 33 39 34 30 22 15 15 22 25 25 26 18 20 19 17 17 19 22 20 9 10 19 22 20 16 13 13 14 12 11 14 19 20 20 19 18 12 8 
58 47 32 39 32 40 34 36 27 17 10 9 10 10 13 15 11 15 45 77 89 93 119 118 95 49 26 21 14 19 22 14 15 23 23 30 35 46 41 29 16 15 16 17 13 9 12 19 24 22 17 15 19 19 18 16 16 16 16 16 14 10 9 10 
34 25 22 31 37 49 34 20 12 10 8 6 6 10 15 15 12 14 27 59 106 87 63 62 43 23 23 19 15 16 16 18 19 22 31 53 42 45 25 15 11 9 12 16 13 16 16 17 20 21 17 15 20 21 16 13 11 9 9 7 4 3 6 7 
35 30 36 48 54 32 15 11 10 8 4 4 8 8 8 11 15 12 11 30 76 73 43 23 19 29 60 23 23 19 14 15 18 18 19 24 31 30 15 11 13 14 16 17 15 16 19 19 20 21 18 13 17 18 15 15 14 12 8 7 8 6 6 5 
55 48 51 43 64 16 11 10 10 9 9 13 13 12 10 14 19 11 6 10 36 42 25 22 18 20 30 21 23 22 18 21 18 18 19 20 21 32 31 12 13 15 16 17 14 16 16 16 17 18 17 12 19 20 18 16 15 13 12 10 13 12 9 11 
84 59 31 49 47 7 10 14 16 17 18 18 17 15 15 22 22 13 21 40 50 53 50 35 21 25 16 16 25 20 17 20 20 15 7 6 12 31 55 34 16 8 13 16 12 9 7 7 10 10 9 9 22 24 23 20 15 13 18 15 21 15 14 17 
91 37 20 67 25 12 17 21 22 20 18 16 19 47 68 73 63 52 57 36 31 27 21 16 19 15 10 9 21 25 24 22 20 9 4 8 11 14 37 55 46 11 9 18 14 4 3 4 4 5 10 12 20 25 25 24 18 21 26 19 19 19 15 8 
56 16 36 65 22 22 24 22 20 17 16 16 17 28 41 60 75 74 52 22 18 14 13 15 18 12 11 9 16 22 18 17 18 13 8 7 8 11 24 34 31 13 15 16 11 3 2 2 2 7 14 15 13 11 15 15 15 17 22 15 15 14 12 5 
16 20 68 50 26 24 22 19 16 12 13 17 19 22 27 47 48 33 19 15 16 18 18 19 22 16 12 11 17 15 16 17 20 12 8 7 10 13 13 12 9 7 7 6 5 5 3 2 3 9 11 11 10 9 9 10 15 13 11 12 11 10 10 7 
17 38 82 32 25 23 19 15 13 12 12 12 12 17 25 22 18 12 8 9 13 18 19 21 21 15 14 15 21 23 13 9 7 4 5 8 11 16 15 10 7 6 6 5 4 4 4 5 9 14 13 11 10 10 9 10 18 18 13 11 11 10 8 6 
21 68 69 22 21 22 21 19 17 18 18 15 13 12 19 16 10 7 6 11 14 13 22 22 21 16 14 17 18 27 20 5 1 1 4 10 11 11 16 15 8 6 5 4 3 3 2 3 11 17 14 10 9 11 12 11 15 16 14 15 13 12 12 10 
50 109 44 20 19 20 23 24 22 21 20 19 18 14 11 18 12 12 10 11 11 14 25 27 21 13 13 18 18 27 29 7 2 3 4 8 6 5 14 20 13 6 4 3 4 5 5 6 9 12 12 11 11 11 14 13 13 13 13 13 11 12 12 10 
109 100 27 20 19 23 24 22 22 21 21 19 20 19 23 25 16 10 8 10 10 15 21 24 22 18 23 17 20 42 37 10 6 7 6 5 7 7 10 19 19 7 4 6 9 10 10 11 11 10 11 11 13 14 14 12 12 15 16 14 12 13 13 11 
137 64 22 23 20 23 26 25 22 20 20 17 18 25 28 26 14 5 5 6 10 16 21 23 22 16 25 25 18 36 57 34 10 9 8 9 8 9 10 16 23 20 14 8 8 12 16 17 17 12 10 11 13 15 17 18 28 30 16 7 8 9 10 9 
95 28 20 20 20 18 22 27 24 20 17 16 20 30 31 29 19 14 12 11 12 13 15 19 22 17 11 13 18 22 39 44 10 8 8 8 7 6 6 16 25 25 21 11 5 12 15 13 14 12 13 14 12 17 20 22 27 22 8 5 7 7 6 6 
24 17 17 17 15 17 22 26 27 21 17 15 21 24 25 23 18 17 18 16 15 14 14 17 20 15 13 15 20 20 19 18 10 9 10 10 10 8 6 13 22 24 23 14 7 8 9 11 15 13 11 13 15 14 16 18 9 5 3 5 11 11 7 4 
15 15 13 11 6 11 23 25 23 21 19 17 19 19 17 16 16 17 18 17 15 13 12 15 17 17 16 20 20 19 21 15 13 10 8 7 7 6 7 8 11 16 20 17 10 12 9 10 13 11 11 14 14 12 12 9 3 3 3 5 8 10 8 7 
19 15 14 10 5 3 10 18 20 18 18 17 17 17 17 15 14 15 16 14 13 13 13 13 16 19 20 19 17 14 14 9 8 7 9 8 7 5 4 6 10 11 13 14 12 14 12 9 11 10 8 7 10 11 9 3 1 3 4 6 9 12 14 13 
19 14 16 11 7 5 3 5 11 17 20 22 14 17 17 16 14 15 18 18 13 11 10 11 19 20 18 16 14 12 10 10 8 3 6 8 7 5 4 12 15 16 14 12 13 18 17 12 15 17 12 8 9 9 5 2 2 4 5 7 10 13 15 13 