


63 65 67 54 26 29 56 69 70 70 70 70 69 69 69 69 69 68 67 66 64 65 65 64 64 63 57 57 49 46 47 45 44 41 39 37 44 61 61 56 46 38 57 43 42 38 39 44 30 66 111 194 197 196 197 197 197 195 194 193 192 188 184 181 
64 67 69 67 41 25 39 67 71 71 71 71 70 70 69 70 69 69 68 68 67 66 66 64 64 66 58 57 59 57 48 47 45 42 39 36 44 51 57 52 40 44 59 43 38 47 56 45 39 87 154 200 199 199 200 200 199 198 198 196 195 191 188 178 
68 68 70 71 64 31 28 56 72 72 72 72 71 71 71 71 71 72 70 70 69 68 67 66 65 68 59 59 61 59 48 47 46 43 39 31 55 56 55 54 37 44 49 49 42 42 53 54 57 126 195 199 201 201 203 202 200 201 201 201 199 195 190 166 
74 71 72 73 73 52 28 38 68 73 73 73 73 73 73 73 73 74 72 71 71 70 69 68 66 71 62 62 63 61 48 49 47 43 39 33 79 74 57 56 34 68 51 49 46 47 52 64 101 162 207 202 204 203 204 203 202 202 204 206 203 200 195 163 
95 76 72 73 74 70 39 29 53 73 75 75 75 76 76 76 75 75 75 74 73 72 71 70 68 73 65 65 66 63 50 50 48 45 39 45 92 87 73 49 42 115 58 58 41 45 52 57 117 192 211 206 206 206 205 204 203 205 206 207 207 205 157 73 
135 92 76 74 76 75 62 32 37 68 76 77 76 78 78 78 78 77 76 75 75 74 73 72 71 74 68 66 68 66 52 52 49 46 37 55 86 83 81 45 75 151 73 58 51 56 57 82 152 211 212 209 208 210 208 205 205 207 207 207 210 209 119 45 
144 127 85 76 76 76 75 50 30 52 78 80 79 80 80 80 78 78 77 77 78 76 74 74 73 66 60 66 68 68 53 53 50 46 32 58 85 89 79 46 97 90 68 56 59 62 66 116 193 215 213 212 211 211 209 207 207 210 209 209 212 185 91 58 
144 143 117 81 76 77 78 71 38 36 69 81 81 81 81 80 79 79 80 80 78 77 77 77 73 47 61 67 68 69 56 56 51 45 30 66 84 85 60 32 145 106 59 68 67 73 113 155 215 218 217 215 211 211 210 209 209 212 210 210 191 146 82 79 
144 144 143 108 79 77 79 79 60 33 51 79 83 83 83 83 83 83 83 83 82 82 81 81 75 61 70 72 69 63 56 57 53 45 41 74 90 92 63 49 168 94 66 58 59 69 121 179 222 219 218 218 212 212 211 211 212 212 212 201 121 95 73 54 
145 145 147 142 95 86 88 89 86 49 42 80 90 93 93 92 92 92 92 91 90 89 88 87 86 76 74 70 66 60 47 49 46 44 38 68 92 84 54 60 191 164 74 56 64 84 137 214 222 220 220 221 214 214 213 212 214 213 164 113 71 53 46 54 
146 147 149 151 133 91 83 84 85 72 38 52 82 87 86 85 86 86 86 85 84 84 82 80 80 76 74 62 51 55 52 44 48 43 33 64 95 80 38 81 150 118 69 63 61 106 181 224 222 223 223 222 216 215 215 214 215 203 120 51 65 63 51 48 
148 149 151 153 153 125 88 83 85 85 57 37 66 85 86 87 87 87 87 88 83 84 83 81 80 80 81 67 70 69 61 57 55 50 53 78 96 83 44 93 98 119 84 63 68 128 212 226 223 224 225 223 217 214 216 218 193 91 65 61 64 62 54 60 
150 151 153 154 155 152 114 87 85 83 79 44 46 82 88 89 89 88 88 90 75 77 77 73 70 70 78 72 69 72 61 58 55 52 70 81 91 79 48 116 93 143 120 67 85 169 224 226 224 226 226 225 219 215 221 222 183 76 57 55 60 53 50 41 
150 152 154 157 158 156 145 102 87 84 86 68 38 64 89 90 90 90 89 91 82 81 81 80 79 77 80 74 74 75 62 59 57 55 75 83 81 72 58 124 104 129 98 77 119 211 228 227 227 228 227 226 223 219 222 199 133 60 52 48 49 52 53 40 
151 152 155 157 159 156 152 136 97 88 88 86 53 45 82 91 91 91 90 91 90 88 87 87 86 84 84 78 76 76 57 55 51 52 80 96 77 58 79 122 111 147 192 129 153 229 230 228 230 229 228 228 225 220 153 90 70 53 52 54 48 50 44 48 
153 153 155 156 156 155 154 151 126 91 90 93 81 43 66 92 95 95 95 95 94 94 93 93 91 89 88 85 82 77 49 43 33 34 71 102 90 41 93 118 108 145 222 165 187 233 232 229 231 230 228 230 229 213 142 65 51 51 50 55 43 48 46 59 
153 154 158 160 157 156 154 151 147 113 95 95 95 65 50 86 96 97 96 96 95 94 93 93 92 89 87 87 74 67 59 46 29 22 64 93 99 78 130 115 101 129 221 193 222 235 234 231 231 231 230 230 208 119 82 65 56 56 57 56 53 69 71 62 
154 156 162 164 161 158 154 152 152 145 107 93 94 87 50 61 92 95 94 94 94 93 92 91 90 87 85 84 72 72 61 58 48 33 51 92 88 83 146 117 109 127 216 225 235 235 235 231 233 232 229 216 134 55 57 50 53 51 48 46 46 49 47 50 
156 157 165 165 162 159 155 153 152 153 140 101 94 94 76 46 80 96 96 96 96 94 93 92 91 88 86 86 80 77 67 67 57 47 36 81 85 89 127 113 102 100 209 234 237 235 235 232 233 228 198 140 91 62 73 56 55 57 49 47 42 39 37 44 
157 159 164 166 161 158 155 154 154 155 155 132 97 94 94 60 58 93 97 97 96 95 95 93 92 90 87 87 83 78 69 72 64 85 89 96 113 139 116 108 92 93 216 237 237 236 235 232 232 202 110 73 71 102 94 74 62 58 52 57 53 49 43 42 
158 161 165 165 160 157 156 154 155 156 156 154 118 98 100 89 52 83 102 102 102 101 100 99 97 95 93 93 86 83 68 58 67 120 146 115 102 107 98 120 119 105 195 198 174 231 235 233 225 197 126 67 66 61 53 56 55 60 52 52 58 57 45 41 
158 160 163 163 160 157 154 154 155 156 156 156 148 108 97 97 73 58 94 99 99 99 99 94 92 91 88 89 80 67 53 58 66 99 106 101 89 87 87 109 120 139 186 176 124 226 234 230 175 92 83 70 64 58 60 57 48 49 53 58 65 57 42 47 
159 159 162 162 148 134 138 137 141 142 151 156 153 127 100 96 98 62 78 107 122 129 104 90 90 89 86 70 59 51 52 55 42 74 61 54 80 94 103 132 129 186 238 232 161 228 223 190 104 65 63 59 54 48 54 47 49 50 48 55 54 53 50 42 
158 156 153 149 137 115 109 104 87 88 125 148 146 124 100 94 112 95 86 109 121 110 96 90 90 87 90 79 60 53 44 50 58 52 43 40 98 112 61 103 128 224 240 233 179 228 154 96 69 57 51 50 54 46 49 52 55 42 49 52 45 46 46 41 
155 153 152 151 150 126 100 104 101 91 88 126 130 111 100 99 90 84 78 71 80 92 86 81 71 69 78 78 70 65 60 58 61 62 67 52 125 99 61 96 152 236 239 238 231 232 182 84 77 65 54 49 52 49 53 53 68 62 60 54 55 65 80 67 
156 153 153 154 155 125 104 117 102 108 94 107 99 105 110 103 96 96 82 72 81 96 93 89 81 62 57 70 81 58 56 39 53 85 114 105 147 106 75 98 194 238 238 238 234 173 114 65 52 53 50 45 54 46 51 56 55 61 56 43 39 72 56 54 
158 155 154 155 155 137 131 121 117 110 101 109 98 96 82 88 73 75 61 61 63 77 81 76 76 61 52 44 58 47 45 43 46 72 89 101 104 105 85 88 145 225 238 237 209 94 65 46 40 40 47 48 52 52 51 50 57 60 43 42 49 57 51 52 
157 155 153 154 156 121 95 99 127 113 98 110 93 109 108 128 117 111 86 80 64 82 93 73 69 59 52 43 61 59 57 55 51 84 85 69 65 76 69 95 111 219 235 228 139 75 70 61 36 27 27 36 42 45 57 53 46 59 53 61 62 59 48 50 
152 152 151 151 150 104 90 86 88 115 124 129 106 103 94 133 131 134 105 91 86 76 107 84 76 74 51 38 61 61 54 63 62 110 114 82 77 102 118 145 107 123 177 188 84 76 75 56 32 25 20 19 24 33 32 29 33 46 68 73 71 57 57 66 
150 149 149 153 153 117 95 74 96 118 135 141 131 119 111 127 118 104 97 87 99 80 91 89 71 72 65 46 47 40 39 35 37 75 78 65 57 72 110 135 124 98 72 61 50 50 41 30 27 26 24 22 28 35 26 24 30 49 56 79 59 50 56 59 
147 147 147 148 139 135 128 136 136 133 130 127 140 145 148 151 138 109 112 114 137 130 119 103 62 61 73 59 47 38 41 32 43 95 104 80 65 129 164 150 156 159 80 49 55 55 43 23 18 18 17 18 22 22 23 41 42 54 52 63 91 85 59 51 
146 146 146 147 148 150 150 150 150 150 148 148 154 155 156 158 160 155 129 150 147 148 139 114 92 97 98 69 57 55 49 45 59 101 106 74 72 165 212 209 162 93 62 63 61 62 48 34 25 18 15 16 19 24 22 19 22 37 50 67 88 64 56 63 
145 144 147 147 150 154 121 109 122 127 127 121 148 153 155 153 140 138 124 132 145 130 142 136 130 126 111 61 62 74 82 67 66 104 112 87 87 172 179 179 131 80 73 97 59 53 67 54 30 18 19 23 20 20 17 18 22 24 52 64 69 51 54 54 
144 144 150 146 142 118 102 74 67 86 83 83 113 124 118 118 117 120 109 113 123 111 140 153 123 89 94 65 49 67 89 66 68 94 91 84 117 216 233 209 124 110 79 84 64 53 47 29 28 20 20 25 28 27 25 24 33 42 64 51 47 43 46 56 
143 142 142 149 137 113 95 86 84 94 101 108 118 122 124 128 131 131 128 130 128 123 138 183 147 134 123 70 40 72 89 65 76 134 125 102 183 241 233 151 112 114 83 82 65 59 59 45 35 27 19 25 35 36 32 33 25 37 51 50 52 64 54 54 
137 133 127 135 130 128 100 95 83 107 112 99 106 126 129 126 127 120 131 130 138 146 116 147 151 161 138 109 98 96 61 48 67 141 141 162 231 238 187 121 119 115 88 76 71 69 56 58 58 43 23 28 42 48 46 40 32 41 55 72 51 54 71 79 
102 128 131 107 127 117 120 119 117 117 99 86 101 108 127 130 140 143 131 148 152 144 127 156 127 114 126 127 119 98 76 75 80 131 136 199 238 204 123 114 123 115 96 64 57 59 54 57 64 49 33 34 37 40 40 45 57 53 64 70 49 47 57 58 
117 137 140 126 125 123 114 135 134 139 135 123 126 126 145 152 155 155 150 160 163 157 169 199 130 88 103 113 117 96 104 110 105 106 149 190 189 134 114 108 124 119 105 77 69 65 76 74 68 55 42 43 46 47 42 55 49 51 70 63 39 40 44 41 
140 140 140 139 139 138 139 141 142 144 144 145 145 141 149 153 154 157 158 159 161 151 168 211 124 88 89 97 108 103 99 96 79 83 128 122 96 105 108 101 125 122 112 110 89 79 93 75 76 65 55 54 60 76 75 65 42 65 79 60 48 42 42 45 
137 138 139 138 140 140 140 141 142 142 143 144 146 147 149 152 154 156 157 159 159 133 145 151 112 91 73 90 115 117 92 70 71 98 106 92 75 89 91 87 117 121 114 120 119 75 68 59 48 42 50 62 49 52 80 67 53 65 41 47 54 50 41 40 
135 136 137 139 140 140 140 140 140 142 142 144 145 148 149 150 153 154 156 159 160 163 167 155 140 113 75 74 83 76 78 54 62 98 108 94 81 102 110 84 105 119 114 126 108 71 80 60 60 52 38 27 29 42 56 58 69 45 30 56 70 81 80 76 
133 135 136 138 139 139 139 138 139 140 142 143 144 147 148 149 151 153 155 157 159 148 148 148 116 101 76 69 66 52 54 41 46 71 100 105 81 106 112 101 115 119 104 92 75 60 72 66 62 60 62 59 53 50 52 63 84 53 43 51 70 112 120 113 
130 132 134 136 137 135 135 136 137 139 140 141 143 144 147 148 138 132 149 155 150 127 150 147 122 94 72 76 78 66 54 45 48 70 110 116 80 105 113 114 117 117 97 106 126 101 67 73 71 90 81 90 70 66 52 49 89 78 48 28 74 117 102 119 
128 130 133 133 133 133 133 135 136 138 139 140 142 143 145 147 118 103 127 113 128 161 155 155 145 101 87 85 73 58 43 37 53 86 117 108 67 97 115 111 117 109 94 91 199 189 110 106 100 122 91 121 121 100 89 63 57 64 87 87 70 117 130 109 
127 128 130 131 131 131 133 134 137 138 138 139 141 142 145 154 143 120 111 100 121 141 153 156 153 113 106 101 74 81 79 52 67 86 77 82 59 82 115 113 119 121 101 112 212 202 154 171 176 183 176 164 192 182 166 113 83 135 159 169 96 120 191 196 
115 125 128 128 129 131 132 134 138 138 137 138 139 142 154 157 129 136 182 180 145 146 153 153 153 146 144 129 104 121 118 116 85 72 38 48 73 109 153 181 175 190 179 190 229 227 215 214 206 210 204 185 203 176 125 115 118 140 148 139 99 54 91 143 
111 117 124 126 128 131 134 131 125 143 126 135 137 141 149 140 135 110 134 148 144 151 136 143 139 138 122 112 92 104 114 109 104 100 86 82 95 93 96 114 124 151 177 211 228 223 210 207 209 213 186 167 140 103 103 125 123 137 134 128 113 73 60 126 
97 107 119 121 125 121 139 166 165 128 62 114 136 137 111 123 138 135 121 130 131 124 113 144 124 113 93 83 78 94 108 92 102 95 83 77 68 64 59 49 66 67 79 114 173 139 123 135 151 168 110 123 90 65 95 88 85 158 153 151 156 101 65 130 
136 96 76 100 95 82 121 165 161 111 105 134 133 134 108 105 131 140 130 103 114 92 82 120 91 58 57 68 111 137 122 78 108 123 92 68 71 49 44 50 59 51 47 42 96 52 46 54 58 64 54 72 53 67 98 84 114 170 181 183 186 160 139 169 
142 107 100 121 115 78 80 136 169 153 123 118 107 111 91 103 129 123 89 59 68 94 82 79 57 47 71 71 95 121 119 107 92 92 86 74 72 52 46 45 49 53 46 47 67 45 41 40 38 33 31 50 52 85 89 88 107 118 157 182 185 179 176 180 
128 125 127 131 64 33 52 146 138 143 124 123 119 135 130 93 109 100 59 40 46 68 66 54 57 58 70 51 69 64 91 93 82 97 106 104 88 54 39 42 42 38 35 45 53 53 43 32 33 39 39 62 58 68 70 71 79 90 95 113 113 137 133 112 
105 106 125 116 50 31 79 151 99 110 122 129 134 130 117 90 82 80 81 53 52 48 61 71 58 56 63 49 49 39 66 115 110 132 133 120 62 57 68 68 61 43 39 50 44 46 48 41 54 59 57 48 52 46 52 65 49 52 62 71 60 60 59 60 
84 75 93 78 55 67 86 114 104 109 115 118 128 131 123 97 107 82 59 70 68 59 44 47 40 46 64 67 59 57 90 131 114 120 134 93 61 70 69 52 49 44 49 30 41 45 57 50 69 102 99 55 41 34 53 57 45 64 67 71 72 55 45 39 
65 51 49 45 78 71 78 100 109 103 96 97 114 112 107 116 99 79 60 64 47 39 41 28 23 34 21 35 96 90 82 104 83 130 94 67 67 44 34 37 28 34 43 23 31 63 74 55 93 123 82 56 44 40 40 47 46 61 58 56 73 54 44 42 
46 62 51 33 39 50 53 75 96 89 84 94 77 82 83 91 68 54 87 103 48 23 21 17 25 30 20 27 102 70 51 82 72 71 60 89 69 47 49 50 26 37 39 29 32 38 35 51 119 125 101 64 57 48 52 56 35 43 34 31 42 62 68 45 
58 56 68 38 33 47 70 93 89 105 110 84 51 40 49 44 28 26 95 112 52 37 25 21 30 35 53 41 55 62 96 85 66 39 28 43 27 29 47 47 46 49 62 48 42 38 44 36 93 128 116 105 95 34 39 43 36 31 26 33 38 45 48 31 
64 66 55 37 29 35 45 66 72 83 64 59 70 76 67 64 55 54 104 110 73 82 43 35 28 41 63 92 75 81 126 75 27 31 24 25 29 32 45 48 64 80 80 50 62 64 54 42 86 112 120 116 97 40 25 29 30 60 42 75 63 31 30 31 
81 54 33 46 52 38 43 47 54 43 52 77 81 72 65 75 73 70 81 73 76 80 33 38 37 41 74 104 92 83 113 46 38 73 37 22 31 29 26 31 39 48 41 54 82 63 48 43 33 65 102 93 68 34 29 29 25 46 46 79 52 15 20 26 
88 42 32 68 86 57 72 38 37 40 63 95 100 92 61 65 85 58 70 96 101 80 53 41 40 47 75 43 63 29 47 36 39 66 66 48 77 27 14 18 25 30 45 73 61 68 36 38 47 40 36 34 37 32 26 21 19 23 49 39 23 17 15 12 
71 65 76 86 72 59 53 30 25 33 44 73 75 82 87 108 110 85 102 74 94 55 46 46 57 28 27 20 25 17 19 49 48 34 50 25 74 93 29 14 27 37 39 77 95 98 42 34 34 33 36 48 41 37 18 17 17 20 41 23 15 11 9 8 
37 48 45 62 54 37 22 18 19 19 25 28 34 36 42 67 74 69 82 65 69 80 59 54 52 29 23 17 25 20 12 31 48 22 21 26 45 101 84 33 22 19 20 37 81 107 87 67 46 39 48 44 35 28 15 12 13 25 42 26 15 8 7 6 
37 45 40 37 31 35 44 44 49 48 45 52 68 62 46 60 88 65 76 43 45 62 41 32 37 27 29 12 13 20 26 33 67 30 31 30 64 100 61 23 18 19 26 32 63 89 90 94 60 22 24 22 16 17 15 11 15 22 28 26 46 25 8 7 
50 46 58 71 51 61 87 83 94 96 67 87 87 73 56 59 79 55 49 33 30 35 24 20 35 51 21 15 17 20 44 54 98 57 58 68 100 80 29 21 19 30 65 81 87 95 78 78 66 27 28 17 15 17 12 12 13 15 16 15 43 26 7 7 
41 63 89 100 72 64 94 97 98 101 93 94 87 85 58 43 78 57 23 40 27 25 22 19 31 50 28 20 22 22 26 43 51 32 58 81 100 72 25 19 20 32 69 88 84 86 85 82 45 45 30 22 53 51 14 13 13 14 12 20 44 20 9 7 


68 69 70 57 22 26 58 74 76 76 76 76 76 76 75 75 75 73 74 73 72 72 71 70 73 74 66 67 56 56 60 57 54 51 50 53 77 98 95 85 67 50 81 77 80 71 61 55 34 66 101 184 190 189 190 190 189 187 186 184 183 180 177 172 
68 71 73 72 41 19 36 72 77 77 77 77 77 77 76 76 76 75 75 75 75 73 72 72 74 77 67 68 69 69 58 57 55 53 51 54 74 84 90 82 62 74 91 76 72 80 90 65 46 82 144 192 192 192 193 193 192 190 190 188 186 183 179 170 
71 73 75 77 67 28 22 56 77 78 78 78 78 78 78 78 77 77 77 76 76 75 74 73 74 80 68 69 71 71 58 58 55 53 50 48 84 87 86 82 59 75 83 82 75 73 87 76 59 113 183 192 194 194 195 195 193 193 193 191 189 185 180 158 
78 74 76 78 78 53 21 33 72 79 79 80 80 80 80 80 79 79 79 78 78 76 75 75 75 81 70 70 72 72 59 59 56 53 50 53 114 108 87 81 46 84 88 81 79 75 77 83 96 148 199 195 196 195 196 195 194 194 195 195 193 189 184 155 
122 80 77 78 79 75 36 21 52 80 81 81 81 81 81 81 81 81 80 80 80 78 77 77 76 82 73 71 73 74 60 60 58 54 51 72 129 121 103 69 42 112 90 88 71 66 59 59 109 179 201 197 197 197 196 195 195 196 196 196 196 193 153 87 
182 113 79 78 79 80 64 24 30 72 82 83 83 83 82 82 82 82 82 82 81 80 79 78 77 83 75 73 74 75 62 61 59 55 49 87 123 114 107 59 69 139 98 88 82 81 61 79 140 200 203 201 199 200 197 197 197 197 196 196 199 194 121 70 
194 172 98 79 79 81 81 48 22 49 81 84 84 84 84 84 84 84 84 84 82 82 81 80 79 76 69 73 75 76 64 62 60 56 47 92 124 119 102 57 91 106 95 84 89 86 72 105 180 205 205 204 201 202 200 198 198 198 197 196 198 169 105 81 
195 195 155 89 80 82 83 75 32 28 70 85 85 86 86 86 86 86 86 84 84 84 82 81 78 57 69 75 76 78 65 63 61 55 48 101 122 115 79 38 127 114 89 92 94 85 108 141 203 207 206 205 202 203 201 198 199 200 197 197 174 135 109 108 
195 197 195 137 84 82 85 86 62 24 46 82 87 89 89 90 90 90 90 89 89 89 88 87 81 68 80 81 81 74 65 64 61 54 63 110 127 121 85 53 146 107 95 89 88 76 112 166 211 210 209 207 203 204 202 200 201 200 197 184 121 104 100 87 
195 198 199 189 112 92 98 99 96 46 34 83 97 101 101 102 101 101 101 100 100 99 98 97 95 85 84 82 79 71 55 56 54 52 60 103 127 115 76 58 165 153 99 87 89 84 130 200 213 212 211 211 205 204 203 203 203 201 163 121 94 80 75 86 
197 199 200 202 175 103 88 90 90 74 30 48 86 91 92 92 91 91 90 89 89 88 87 86 85 83 85 73 60 64 62 53 55 53 51 96 126 109 53 74 140 122 94 90 83 104 169 212 213 214 213 212 206 204 205 205 204 193 130 83 99 96 87 85 
199 200 201 203 203 161 94 86 88 88 55 28 66 91 92 91 91 90 91 92 88 89 89 88 87 88 93 77 78 81 72 66 62 60 82 114 128 108 55 87 104 118 104 87 79 122 197 215 215 215 214 213 208 205 206 207 186 114 95 95 101 99 97 94 
201 202 203 204 205 201 140 91 89 87 82 37 40 85 92 92 92 92 92 95 74 77 79 77 76 75 89 80 77 81 73 68 64 64 103 117 123 103 55 109 100 130 129 89 87 154 211 215 215 216 215 214 210 204 209 208 175 105 95 95 99 90 88 75 
201 202 205 206 207 207 193 121 90 87 91 68 30 63 92 93 94 94 93 96 83 83 85 86 85 84 91 82 79 82 71 68 67 66 105 117 111 96 62 116 107 125 114 96 115 195 216 216 217 216 215 215 211 207 210 189 138 94 90 83 80 86 86 71 
201 202 205 206 208 207 205 181 107 91 93 90 48 37 83 94 95 94 94 94 94 94 93 92 91 89 90 85 81 81 67 64 60 62 106 129 105 81 76 118 114 135 173 129 146 215 218 217 217 217 215 215 213 208 158 117 105 91 88 90 84 85 78 82 
202 203 206 207 207 207 206 205 162 97 96 99 84 35 63 96 100 101 101 101 101 101 100 99 98 97 97 95 92 89 62 56 42 42 96 137 118 55 85 122 119 134 190 154 178 222 221 218 218 217 216 217 216 203 148 99 90 86 88 90 80 87 84 91 
202 205 208 209 208 208 207 206 201 139 101 101 101 62 43 88 101 102 102 101 100 100 99 97 96 94 94 98 86 82 73 58 36 27 87 129 128 85 118 122 113 119 189 174 210 224 223 219 219 219 217 217 201 136 115 100 91 92 98 99 89 105 103 92 
203 206 210 211 209 209 207 206 207 195 124 95 96 89 42 55 95 98 98 97 97 96 95 95 93 92 90 93 82 83 73 71 59 42 69 125 114 83 135 125 117 119 185 203 224 223 222 219 220 219 217 206 149 95 93 88 91 88 85 84 81 84 83 85 
204 207 212 212 210 209 208 207 207 208 184 111 96 97 74 37 80 99 99 98 98 97 97 96 95 93 91 94 88 88 79 81 70 61 52 97 105 85 131 124 113 103 181 217 226 224 223 220 221 216 187 148 118 99 110 88 98 100 89 83 76 73 70 72 
206 208 212 213 211 209 208 207 208 209 208 167 103 97 96 55 51 94 99 99 99 99 98 98 96 95 93 96 92 89 79 84 75 103 110 85 110 121 121 114 95 89 192 224 224 223 222 220 220 191 118 101 109 139 128 105 99 103 92 90 84 86 78 73 
206 209 212 213 210 208 208 208 208 209 210 206 143 104 106 92 43 82 105 107 107 107 106 106 105 103 101 103 100 98 78 53 60 127 148 109 92 85 84 101 95 82 173 185 163 218 223 220 214 192 143 108 107 102 95 95 94 101 87 83 93 91 78 72 
206 208 211 211 210 208 206 207 208 209 210 210 195 125 100 100 69 50 95 102 102 101 102 96 96 95 94 97 93 84 66 58 58 107 115 106 91 77 74 95 97 112 161 160 119 214 223 219 176 119 118 108 104 98 103 100 88 86 86 89 99 88 74 84 
207 207 203 205 191 176 185 183 191 191 203 210 203 159 107 98 97 53 73 107 109 125 111 99 97 93 94 82 70 63 67 70 51 89 78 70 73 78 93 129 126 175 227 220 156 216 215 190 126 100 103 99 96 82 91 83 85 82 75 87 87 85 84 84 
205 201 193 194 180 153 148 139 117 122 165 196 193 155 115 95 105 83 68 112 121 118 113 115 105 99 100 92 72 64 56 61 72 65 56 50 88 113 69 110 128 211 228 221 172 217 163 126 106 92 92 92 96 84 85 83 91 75 81 90 85 80 74 74 
203 204 202 202 194 165 139 140 133 118 115 162 168 137 122 109 89 82 72 75 88 99 92 92 81 81 87 90 86 82 74 71 76 77 83 64 114 103 70 107 147 224 228 226 219 222 183 117 117 105 96 93 93 90 96 94 107 96 93 90 91 90 102 94 
204 204 205 205 201 161 137 154 125 124 113 132 128 133 134 113 98 98 93 82 86 100 97 97 95 75 69 80 93 72 67 53 65 98 115 102 137 114 86 104 186 226 228 226 222 180 137 100 91 89 87 85 95 83 92 102 96 97 86 80 67 96 81 85 
205 205 205 205 204 179 174 159 142 128 122 135 125 119 95 107 86 79 71 66 66 83 87 84 91 77 69 54 68 56 55 50 53 78 86 96 101 109 95 93 147 216 228 226 203 121 102 75 72 77 79 83 86 91 96 94 101 100 74 70 71 87 81 82 
204 204 204 204 184 143 128 131 156 145 128 138 117 133 141 167 151 134 92 82 63 82 99 82 82 76 65 54 69 65 66 65 54 83 74 67 67 82 75 95 113 209 227 219 153 111 110 94 67 57 54 65 71 79 96 91 78 97 96 105 94 93 89 85 
201 202 202 203 186 130 122 113 115 147 165 166 138 134 126 177 172 172 121 91 85 73 106 89 83 86 61 49 73 64 57 62 63 102 102 80 85 103 113 141 111 120 170 186 115 115 114 90 62 52 43 41 49 58 62 57 57 74 104 109 105 89 91 97 
199 200 201 199 179 151 127 102 120 150 176 160 168 153 146 167 153 131 116 93 96 74 88 91 81 81 73 58 60 46 44 37 37 67 70 61 61 70 104 131 125 98 71 65 67 69 62 46 40 43 47 46 54 68 53 45 52 78 92 108 95 89 88 88 
198 198 200 201 187 180 174 185 181 177 162 158 187 193 198 199 178 129 133 143 160 140 122 107 77 77 86 74 63 50 50 40 46 82 93 72 64 119 156 144 150 154 85 77 91 83 70 39 34 35 35 34 41 46 45 62 65 91 90 99 125 118 89 77 
197 197 199 200 201 202 201 204 205 206 199 193 208 209 210 210 208 194 159 192 188 182 155 129 111 117 120 85 70 66 57 52 59 85 91 69 76 158 203 201 156 96 82 102 101 98 77 60 48 36 31 33 41 47 42 33 35 60 87 104 126 98 86 93 
196 196 198 198 197 192 158 147 169 174 172 168 201 206 209 204 182 175 159 169 185 162 157 163 161 157 134 74 76 88 95 71 60 88 99 84 93 166 171 171 129 83 82 116 96 86 100 89 57 38 38 47 44 43 35 36 42 40 87 104 109 91 88 89 
194 194 191 176 171 145 133 96 89 114 109 111 146 155 153 153 151 154 136 143 155 137 161 176 152 112 115 80 65 81 105 72 61 81 80 84 119 205 221 202 131 119 94 106 107 94 81 56 53 40 40 50 57 57 52 49 60 70 98 87 82 77 83 89 
193 192 188 181 173 141 119 109 102 121 130 142 154 152 163 168 172 169 165 166 162 151 157 198 181 165 152 88 53 83 102 72 74 111 110 105 178 230 222 153 120 118 98 104 107 102 101 81 66 53 42 50 69 73 63 62 43 67 88 87 83 90 86 92 
184 180 172 185 176 172 134 127 111 144 143 132 144 168 172 166 165 151 168 165 177 178 134 168 182 190 170 135 117 114 75 57 67 123 132 156 220 228 182 125 123 111 96 100 114 111 98 103 104 77 51 54 79 91 85 72 60 77 92 101 82 83 97 105 
137 174 178 147 173 160 161 160 157 153 128 110 135 141 168 173 184 175 163 190 196 178 157 189 148 130 150 150 138 115 88 84 82 123 137 194 228 199 127 121 124 112 103 93 97 102 93 99 107 85 67 64 73 77 75 78 91 85 94 96 72 75 85 74 
159 187 192 172 171 171 158 188 186 190 185 164 169 167 197 205 207 203 196 210 211 201 197 213 144 94 101 111 116 98 107 109 107 110 142 178 185 137 120 119 119 118 111 101 108 106 112 115 109 94 78 76 82 80 68 75 75 85 95 91 67 68 68 60 
189 191 192 192 191 189 190 196 198 199 199 199 197 192 204 206 207 208 209 210 209 192 190 223 137 95 82 88 102 101 100 93 80 82 113 111 96 108 120 118 114 119 116 112 118 115 127 120 114 99 87 87 94 106 98 83 65 87 106 87 78 74 66 60 
187 189 191 191 192 194 195 196 197 198 198 200 201 202 204 205 206 207 208 209 206 167 172 176 131 101 69 96 134 137 101 74 75 92 98 90 78 89 100 103 111 114 118 115 137 118 108 102 87 75 81 93 76 79 103 92 73 84 59 75 85 79 61 57 
185 188 189 190 192 192 193 195 196 197 198 199 200 201 203 204 205 206 207 208 208 207 202 189 170 125 74 85 104 93 91 62 63 93 102 92 83 101 115 101 116 123 119 117 130 121 122 102 100 88 69 52 52 69 81 78 88 70 46 81 96 109 99 92 
185 186 188 189 190 191 192 193 194 195 196 198 199 201 202 202 204 205 206 207 206 192 186 175 127 110 75 78 80 63 66 50 50 73 97 102 83 105 117 108 120 120 108 96 102 101 114 108 107 100 98 90 79 74 66 74 89 73 61 64 71 114 134 118 
182 184 186 188 189 189 190 191 192 193 195 196 198 200 200 201 186 178 195 203 193 165 186 172 125 97 71 86 95 77 64 58 54 69 98 108 80 105 112 111 108 117 102 105 130 123 106 110 98 114 111 113 101 89 62 58 89 98 65 36 78 115 111 111 
180 182 184 186 186 187 188 189 191 193 194 195 197 198 199 200 159 138 159 150 171 198 184 193 163 102 91 96 89 71 54 50 56 78 99 105 73 96 112 112 116 116 110 97 172 171 125 123 111 130 107 120 123 108 90 74 72 79 90 80 69 110 124 101 
178 180 183 184 184 185 187 188 190 192 193 194 196 197 198 202 180 153 144 137 158 179 196 201 185 113 108 113 86 95 93 59 63 69 71 83 71 88 121 121 124 125 114 110 181 177 147 158 161 167 158 148 172 160 147 113 94 133 147 149 87 107 163 168 
153 173 181 182 183 185 186 188 190 191 191 192 194 195 199 197 163 165 206 204 177 189 200 198 194 177 174 153 124 145 137 122 78 54 37 46 63 95 139 163 156 168 163 168 198 194 188 189 181 184 179 166 178 160 143 133 109 117 124 115 82 48 76 115 
144 159 172 179 182 184 185 172 163 184 179 189 192 193 192 181 169 144 163 178 184 188 170 179 171 156 142 132 109 126 139 126 105 105 94 82 97 84 88 105 119 140 159 181 195 190 183 183 183 188 170 163 144 120 121 126 112 116 112 109 94 63 51 100 
113 130 159 173 177 166 175 190 187 152 96 161 190 187 154 162 174 164 153 160 159 156 139 169 143 125 106 99 98 118 135 111 126 122 107 96 84 74 62 59 74 75 88 100 146 122 113 125 135 153 123 142 115 93 124 116 106 142 127 125 127 83 56 107 
162 121 88 125 115 91 145 190 185 140 137 176 187 179 148 142 167 171 158 125 142 118 99 135 94 63 64 84 133 161 149 100 138 158 119 87 96 63 50 57 68 59 59 46 86 59 50 58 70 78 79 99 83 96 131 117 137 159 156 156 157 133 120 143 
157 120 112 145 144 95 109 165 192 184 170 163 146 147 125 135 161 151 118 82 89 113 98 88 61 55 84 89 112 140 147 140 125 121 110 92 94 66 52 52 58 53 51 55 67 61 62 62 63 59 58 79 83 116 123 123 140 141 150 159 159 152 150 156 
146 153 159 166 96 59 78 169 159 178 169 167 160 176 160 104 138 126 83 57 60 74 77 65 75 80 93 68 79 77 116 122 112 127 129 127 103 66 49 52 50 47 43 50 58 63 65 58 59 65 68 92 85 99 106 108 114 124 115 101 98 114 112 100 
140 141 154 156 80 54 102 173 125 146 172 181 182 177 135 95 103 99 99 70 63 56 77 89 75 73 84 68 67 58 84 145 135 161 166 148 75 71 91 99 92 72 58 62 57 58 60 64 82 78 65 64 64 65 73 82 69 75 84 79 73 64 62 64 
109 98 117 106 78 93 111 139 134 136 157 157 170 166 147 112 132 108 83 96 91 82 64 63 55 64 80 86 81 83 116 163 143 152 167 119 82 89 97 83 81 68 59 43 48 58 80 77 98 131 119 67 53 52 62 61 58 74 79 73 73 58 59 58 
87 70 69 65 103 93 105 130 146 136 124 122 146 147 130 139 128 100 80 90 67 53 52 40 35 49 34 49 120 119 112 134 118 163 125 94 89 67 59 64 50 46 45 35 39 80 108 88 132 162 108 66 54 50 54 53 44 51 55 56 64 50 49 48 
65 85 74 54 62 77 81 108 133 124 111 116 93 98 103 118 88 68 113 138 72 35 23 23 34 36 27 36 123 90 74 112 95 91 85 116 90 67 67 61 34 38 41 41 43 60 63 82 156 162 137 91 63 47 51 52 44 46 32 39 46 59 54 40 
83 79 92 61 51 67 95 130 123 133 146 107 59 51 61 59 37 40 120 138 75 58 37 29 34 44 70 59 72 86 130 115 95 60 46 64 49 53 67 59 59 60 74 74 67 61 62 61 128 164 153 144 121 47 45 46 43 40 35 40 41 45 45 37 
87 89 76 56 47 53 69 100 103 107 74 68 89 98 86 87 79 76 132 135 104 119 70 54 45 64 91 123 99 113 160 98 46 46 37 44 52 55 66 62 74 79 85 73 89 94 83 69 119 148 157 153 129 60 41 39 44 80 61 95 77 34 33 35 
108 79 50 63 71 49 63 72 62 41 55 92 104 95 86 101 100 91 101 95 107 112 58 62 65 71 104 133 115 109 142 64 59 100 57 37 50 45 37 44 49 53 62 80 110 83 63 68 56 93 134 122 87 53 47 42 43 66 74 107 61 21 22 26 
106 61 48 80 89 52 70 43 33 38 74 126 132 128 88 85 113 83 96 125 130 103 79 64 65 73 99 62 81 45 67 57 62 96 94 64 103 39 21 26 39 50 73 101 86 93 50 57 75 66 54 58 64 53 37 30 30 43 78 53 32 25 17 14 
65 67 77 88 68 51 42 26 22 36 48 87 91 102 100 122 126 105 124 96 114 69 58 57 79 43 38 31 41 31 34 73 71 53 70 36 98 121 40 23 45 63 63 108 129 129 58 49 57 60 67 83 76 57 23 24 28 36 69 33 19 14 11 10 
36 50 48 60 47 29 18 16 21 24 32 30 34 34 40 70 88 86 97 83 79 95 73 70 72 44 35 29 39 28 22 48 74 37 33 47 71 138 116 53 40 36 38 59 111 140 116 94 75 68 83 76 58 41 18 16 18 41 64 41 23 9 8 8 
47 53 45 46 31 43 62 64 79 79 67 70 83 80 59 74 113 83 98 61 66 81 56 45 53 43 44 20 22 29 36 53 93 44 51 53 94 131 84 44 36 37 46 55 92 122 121 123 84 40 42 35 26 27 21 15 23 36 41 45 71 33 10 9 
49 41 76 110 54 79 131 131 149 148 96 114 120 101 76 77 109 75 64 50 44 48 34 30 51 67 33 24 28 28 59 79 125 71 81 98 132 107 50 41 37 49 93 112 118 127 110 111 91 45 43 24 24 22 17 21 22 24 22 26 64 32 9 9 
39 81 127 120 65 80 137 149 146 135 118 118 120 129 84 55 115 88 35 51 40 40 33 31 48 70 44 30 31 34 39 66 65 41 77 110 131 100 45 36 39 54 97 120 115 118 118 113 62 55 37 29 54 47 21 24 21 18 18 32 58 26 11 9 


61 62 63 52 22 24 45 61 62 62 62 62 61 61 61 61 61 60 60 59 57 57 57 56 61 64 50 52 43 43 37 45 48 47 46 36 17 23 20 13 12 16 21 10 7 7 7 9 13 24 70 164 174 174 174 174 172 170 170 169 168 163 163 158 
60 63 65 64 38 20 30 60 65 65 64 63 63 63 62 62 61 60 60 60 59 58 58 58 60 68 52 54 58 60 46 49 49 48 47 32 21 20 23 15 13 12 14 9 9 11 10 10 16 36 114 175 176 176 177 177 173 173 172 171 170 167 165 153 
58 64 66 67 60 27 21 46 65 66 64 64 63 63 63 63 63 62 62 62 61 60 60 60 60 71 53 56 60 63 48 50 49 48 45 24 23 21 20 17 18 16 11 15 11 13 15 15 20 66 160 176 178 178 178 176 175 175 175 175 172 169 165 137 
67 62 67 69 69 48 22 29 59 65 65 65 64 64 64 64 64 64 63 63 63 62 62 60 59 73 56 57 60 64 48 51 51 49 45 21 19 20 18 19 17 35 13 15 11 11 17 19 40 109 178 178 179 178 178 176 175 175 177 178 175 172 167 126 
145 68 65 69 70 66 35 23 43 64 65 66 66 67 65 65 65 65 64 65 64 63 63 62 62 75 59 58 62 66 50 52 53 51 42 21 21 18 18 15 23 63 20 15 10 11 17 22 50 150 182 180 180 180 179 177 176 177 178 178 178 175 124 44 
233 126 64 67 71 71 58 27 29 58 68 68 68 68 67 67 67 67 67 66 66 65 64 64 63 74 63 60 64 68 52 53 53 52 38 20 20 18 18 14 40 82 23 18 16 17 19 31 93 178 185 182 181 182 179 179 178 179 178 177 179 170 76 18 
249 217 98 66 69 70 69 45 25 42 69 70 70 70 69 69 68 69 67 67 67 66 66 65 65 60 55 61 63 69 53 55 54 51 30 19 19 19 19 14 53 43 27 19 19 20 26 56 149 185 186 184 183 184 181 180 179 181 179 177 176 132 33 12 
250 249 191 79 66 71 72 66 33 28 59 71 71 71 71 70 70 70 69 69 69 68 68 67 64 42 58 62 65 70 56 56 55 49 22 19 17 18 17 14 85 60 23 25 29 30 58 89 178 189 188 186 184 184 182 181 180 182 178 174 140 86 34 45 
250 251 246 157 68 70 74 76 58 27 41 67 75 77 78 78 78 79 79 79 79 79 79 79 73 60 73 73 73 66 55 56 55 49 24 21 16 17 18 24 101 53 31 20 21 27 56 126 191 192 191 189 184 185 183 181 182 180 175 152 58 50 31 16 
250 252 253 234 115 82 96 99 95 48 36 72 90 97 97 96 96 96 94 94 94 92 92 91 87 71 76 73 73 65 44 46 47 47 24 21 17 18 16 31 113 106 34 20 24 36 68 173 194 194 194 192 186 185 184 184 183 178 126 67 23 22 23 25 
252 252 253 252 212 98 75 80 81 67 32 43 73 78 78 77 77 77 76 75 75 74 73 73 72 68 71 57 48 54 47 39 48 46 22 26 22 18 12 44 81 68 29 25 22 49 124 190 195 195 195 193 186 186 186 185 182 163 79 14 20 33 17 12 
252 253 253 254 252 190 83 75 79 79 52 31 57 77 77 77 77 78 78 80 75 79 79 77 78 79 77 60 64 65 60 54 57 51 29 31 27 20 14 48 40 73 47 27 29 64 165 195 196 196 195 194 188 186 186 185 156 52 26 12 15 20 10 24 
252 253 254 254 254 248 156 76 77 75 73 38 38 73 80 80 79 78 79 83 54 66 71 71 70 72 89 69 65 75 64 60 60 52 30 27 26 21 19 59 42 88 69 25 39 109 189 198 197 196 195 195 191 186 189 186 136 35 16 13 16 12 10 10 
252 253 254 254 254 254 236 125 76 77 81 63 32 55 80 82 81 79 80 85 68 73 79 81 81 81 89 72 72 77 65 63 63 59 32 24 23 21 26 66 49 77 53 39 61 161 198 199 199 198 197 196 192 188 188 156 81 22 14 15 23 18 16 15 
252 253 254 254 255 254 253 217 102 79 84 81 48 37 72 82 81 81 81 81 82 81 81 80 79 77 81 76 73 74 56 55 53 57 36 21 19 19 43 68 65 89 121 72 92 192 200 199 200 198 197 196 193 188 121 44 22 14 14 17 16 18 14 14 
253 254 254 254 255 254 254 253 187 85 90 94 82 38 57 85 94 95 95 95 95 95 94 94 92 91 93 92 89 84 42 32 30 35 30 19 17 12 54 67 62 85 139 92 134 203 203 201 201 199 196 198 197 178 97 23 13 17 16 20 10 8 11 19 
253 254 254 254 255 255 255 254 245 152 92 97 97 61 45 79 93 93 92 92 91 89 88 87 85 85 85 82 64 58 44 33 22 18 23 21 19 26 76 67 63 75 139 127 184 206 205 201 201 201 199 198 175 82 29 19 20 22 18 10 19 34 32 23 
254 254 254 254 254 255 255 255 254 236 127 84 89 82 44 53 84 86 86 85 84 84 83 81 81 81 80 81 66 65 48 43 41 27 22 22 20 36 88 75 67 71 138 167 204 206 205 202 203 202 199 183 98 18 21 15 15 17 12 10 11 12 8 8 
254 254 254 254 255 255 254 254 254 254 217 105 87 90 71 40 71 88 88 87 87 86 85 83 82 81 80 85 72 67 54 52 41 36 21 30 22 45 78 71 55 54 137 190 208 205 205 202 203 200 168 108 56 25 19 18 12 13 12 17 15 10 6 11 
254 254 254 255 254 254 255 254 255 255 253 189 92 89 90 54 49 86 90 90 90 89 87 85 84 83 81 87 75 71 67 55 59 77 63 69 72 83 77 69 59 55 155 204 206 204 204 203 203 176 84 39 31 40 19 19 14 12 15 28 27 13 9 11 
254 254 254 254 254 255 255 255 255 255 254 247 153 95 103 92 46 76 100 103 102 102 100 99 98 96 95 93 75 75 56 38 43 113 129 89 71 65 70 84 86 58 143 168 146 198 205 203 195 162 88 21 18 16 11 13 12 13 18 30 29 24 17 18 
254 254 254 254 254 252 251 254 254 255 254 254 229 124 91 94 67 51 88 94 92 83 90 84 87 87 87 88 63 43 35 34 40 96 88 72 65 60 67 78 68 79 139 150 113 196 206 201 147 54 31 23 20 16 14 14 10 12 15 19 20 22 15 14 
254 252 233 238 199 167 204 204 223 207 238 253 240 180 98 90 91 50 69 93 79 73 77 58 71 85 79 56 46 36 35 35 30 66 44 37 47 61 80 101 69 141 209 205 147 197 195 156 71 29 21 17 11 14 16 14 12 10 15 22 21 23 18 7 
254 246 227 232 196 151 141 118 107 105 191 236 228 177 113 85 87 55 48 63 59 54 53 32 62 74 82 65 45 43 32 39 42 37 27 19 60 83 46 55 62 187 212 206 163 199 123 42 22 18 14 11 14 13 16 21 19 12 17 15 9 11 10 9 
254 254 250 248 222 151 112 127 120 91 108 164 186 152 137 109 75 67 50 44 59 67 64 49 47 50 66 59 40 39 44 49 48 41 30 22 84 82 45 40 104 205 213 209 202 204 152 41 34 25 16 12 14 15 11 14 21 23 25 19 13 18 29 28 
254 254 254 254 239 148 103 147 93 82 72 66 90 123 145 97 84 88 46 31 69 88 81 66 47 44 43 55 49 34 44 29 39 38 45 52 102 85 47 46 155 209 214 209 204 138 67 25 19 22 21 13 17 20 13 9 11 15 17 10 10 26 17 18 
254 254 254 253 247 182 176 135 107 105 93 63 119 122 92 103 78 70 43 42 44 65 64 48 41 41 33 36 39 36 30 30 27 32 36 46 63 79 39 45 111 197 213 208 178 59 17 17 16 14 21 20 22 18 10 8 10 14 13 15 21 21 21 25 
254 254 254 252 202 118 112 112 171 162 141 99 108 143 150 194 169 139 72 75 44 61 66 55 51 36 34 33 53 58 48 31 33 49 51 35 35 52 37 62 86 191 211 200 105 34 18 20 13 8 8 13 15 11 14 15 18 27 12 11 18 17 12 16 
254 253 254 253 200 104 104 109 130 174 202 192 151 152 133 208 188 193 117 86 71 55 81 68 60 53 37 25 40 52 45 40 41 68 70 47 41 83 91 113 86 103 156 162 46 33 34 23 13 13 9 6 9 10 10 8 10 15 25 29 15 15 23 26 
254 254 253 237 163 127 102 83 130 171 206 176 200 171 163 189 153 130 110 78 73 50 53 60 49 56 52 31 24 23 26 22 27 54 51 38 34 54 89 115 102 81 62 48 27 27 22 21 19 16 12 6 11 13 9 9 13 19 16 33 20 11 20 21 
253 254 255 253 209 194 196 218 216 214 181 172 225 232 239 236 200 119 112 148 178 119 83 62 34 35 57 42 25 15 22 20 31 73 67 42 42 95 142 133 136 142 68 23 16 23 20 14 10 9 8 7 8 8 9 22 19 11 12 25 56 56 25 17 
254 254 255 254 252 250 244 250 253 253 235 219 251 255 255 253 243 208 154 220 215 192 128 78 88 105 105 57 40 33 26 35 39 75 62 38 50 134 191 189 146 75 35 24 19 24 22 16 12 9 7 7 8 12 10 8 9 12 15 20 44 32 23 27 
253 253 253 248 235 215 130 151 174 188 189 189 244 249 252 241 182 160 151 183 204 166 113 150 172 182 147 48 57 82 96 61 44 78 73 48 62 149 160 159 109 53 41 57 23 19 30 25 14 7 7 9 8 11 8 7 9 10 14 17 28 12 20 23 
252 247 232 191 174 124 119 82 62 101 108 126 167 161 184 180 151 172 125 151 172 143 163 180 162 107 124 71 36 77 114 59 45 69 63 55 95 191 207 178 74 53 35 46 22 17 16 13 15 8 6 8 12 10 6 8 13 16 14 14 13 11 13 19 
251 243 223 198 177 99 98 108 80 122 136 167 181 167 198 198 197 203 196 190 188 156 110 168 198 169 169 74 29 69 101 60 38 71 77 68 156 216 206 108 65 61 37 43 19 18 21 15 14 8 6 11 13 9 9 10 11 10 14 16 18 23 18 16 
237 223 206 234 206 195 105 110 97 160 108 139 161 200 210 204 199 182 196 187 208 191 84 146 106 121 193 144 120 98 51 34 27 25 74 121 204 214 150 74 74 71 44 36 19 20 16 13 16 13 7 10 14 10 11 14 9 10 18 31 16 13 28 40 
143 223 220 146 210 187 194 192 183 156 98 111 137 140 201 212 224 199 182 223 233 196 165 194 112 117 172 169 132 93 63 59 47 25 73 167 213 170 77 67 73 70 52 31 21 17 17 18 19 20 11 11 11 10 12 16 17 19 25 20 17 9 13 20 
186 241 247 178 191 210 197 238 225 230 213 185 189 166 229 251 254 245 235 253 254 235 199 180 89 71 87 98 90 71 90 98 91 50 95 157 165 92 72 64 75 74 56 37 28 19 28 20 21 17 14 18 11 14 12 22 19 16 25 22 15 8 10 11 
247 249 250 249 247 245 246 253 254 254 254 249 242 228 252 254 254 254 255 254 252 204 156 184 82 62 57 65 93 85 74 73 54 49 79 67 62 63 60 49 73 74 55 62 52 30 39 20 31 27 26 22 20 45 36 21 13 26 39 31 16 7 11 14 
246 248 249 249 251 251 252 253 254 254 255 254 254 254 254 254 254 254 254 254 243 133 100 108 68 82 56 94 144 150 92 49 49 70 63 47 38 51 53 43 64 70 53 69 66 25 23 18 15 16 25 33 22 24 41 27 21 25 20 15 14 14 13 12 
244 246 247 249 250 251 251 252 252 254 254 254 255 254 254 254 254 254 254 255 253 220 88 30 32 79 55 71 92 84 66 31 44 70 71 52 41 58 65 41 49 65 53 70 61 19 29 21 19 16 15 9 10 18 32 24 27 12 10 23 31 39 37 26 
243 245 246 248 249 250 251 250 251 252 253 254 255 255 254 254 254 254 254 254 249 193 77 69 59 84 55 56 51 33 30 21 32 48 66 60 39 65 69 53 56 62 45 48 40 16 23 21 12 14 20 16 19 20 23 21 31 26 20 27 33 53 67 63 
242 243 244 246 248 249 250 250 251 251 252 253 254 254 254 254 217 192 215 242 198 140 184 161 120 83 52 66 61 30 25 20 30 50 77 64 42 62 69 64 61 60 45 55 70 42 20 27 19 31 28 37 24 24 19 18 32 37 16 14 28 48 40 62 
240 242 244 244 246 247 248 249 249 250 251 252 254 254 254 252 127 48 85 102 180 227 196 225 184 87 68 64 47 25 23 19 40 64 81 57 32 54 65 55 54 49 38 41 121 110 40 42 34 53 36 50 51 38 31 9 4 9 29 47 31 53 65 55 
238 240 242 244 244 245 247 248 250 249 250 251 253 253 248 202 93 64 52 33 128 203 233 247 221 110 101 106 60 50 27 28 40 62 64 63 53 65 61 46 45 49 37 55 131 125 83 99 104 112 106 76 107 108 93 52 29 68 90 113 67 79 125 132 
205 233 241 242 243 244 245 244 247 248 249 250 251 246 145 35 40 101 146 159 177 226 246 244 236 210 199 165 135 84 34 48 48 49 36 40 45 73 96 114 105 119 111 121 149 142 144 148 139 140 132 100 131 95 33 25 53 78 87 83 62 39 53 78 
188 213 231 241 242 243 233 176 162 206 228 246 249 239 100 20 39 81 123 183 220 220 207 216 203 163 105 68 55 49 45 35 55 58 52 43 45 61 65 68 71 91 112 138 148 137 138 139 139 142 115 79 59 27 19 47 59 76 83 85 72 52 37 68 
131 160 212 234 236 217 200 137 134 101 67 190 246 195 65 25 38 140 148 179 172 140 154 182 135 78 41 31 25 31 43 30 31 18 24 27 32 29 35 25 26 25 39 67 107 80 73 81 90 101 36 42 18 10 27 23 19 79 88 86 87 60 38 71 
168 141 106 158 137 96 151 144 129 78 75 173 241 118 12 12 26 96 91 104 147 72 87 124 56 28 28 24 41 62 49 27 17 11 17 21 19 16 16 20 25 28 27 25 55 31 29 24 23 26 13 16 6 16 30 16 33 89 105 104 108 88 82 102 
114 62 41 104 162 58 76 125 138 163 203 195 167 132 35 26 67 76 42 27 54 45 39 56 31 22 31 23 41 58 41 16 10 16 16 26 24 17 16 19 23 36 31 26 42 26 17 9 6 5 4 6 8 23 21 15 26 38 83 110 112 104 104 112 
93 61 29 63 67 11 32 124 120 194 207 198 184 203 140 80 106 56 28 15 22 34 23 19 18 19 20 23 35 29 24 18 14 28 48 34 32 18 14 15 15 15 21 30 39 39 12 3 4 7 7 9 13 13 9 9 12 13 29 70 59 70 72 64 
148 152 110 163 50 9 54 117 77 162 223 235 227 221 125 59 51 43 42 24 24 24 30 34 23 19 20 18 23 14 23 36 44 79 74 45 20 18 25 13 14 8 13 32 28 32 24 7 6 15 24 17 23 16 17 20 16 14 21 33 21 21 25 27 
110 75 68 100 30 15 31 40 44 116 193 170 197 162 115 45 36 29 22 21 30 30 21 30 16 16 21 23 21 16 31 60 46 58 61 23 16 25 25 10 11 11 25 16 26 28 18 8 10 28 38 21 15 15 33 36 22 32 29 30 23 20 16 13 
15 9 12 11 17 19 13 9 6 37 110 92 121 115 63 38 23 33 26 13 16 21 21 15 10 14 6 13 45 27 29 47 25 70 41 20 15 7 5 8 5 13 21 8 17 25 18 12 25 47 28 14 13 22 22 32 36 34 32 26 25 19 15 15 
6 8 6 2 3 5 11 9 10 41 82 75 65 39 25 23 31 28 24 18 12 13 11 7 10 14 9 12 51 20 15 34 32 41 26 39 17 10 16 16 10 18 18 11 13 7 6 13 59 58 32 15 29 33 35 35 17 31 25 15 17 23 22 14 
6 6 7 3 2 4 7 7 21 84 158 107 54 33 23 17 13 10 44 62 20 11 10 12 18 17 20 15 19 19 40 38 25 11 7 13 5 4 14 13 11 16 22 13 7 6 15 9 46 69 55 37 39 17 26 28 19 18 13 13 14 22 22 14 
5 6 5 6 3 2 3 6 52 112 72 47 76 70 28 16 19 25 56 68 19 11 9 19 13 13 21 40 33 31 70 38 8 12 11 9 7 9 11 12 19 34 31 11 16 12 13 12 35 51 58 53 38 15 13 16 15 20 14 23 19 21 20 19 
4 4 3 27 47 10 11 6 37 33 30 34 53 42 26 22 66 49 35 34 23 27 12 14 10 12 27 56 50 43 58 17 13 29 12 6 10 10 9 8 14 21 8 11 18 18 17 8 8 23 39 37 31 15 15 15 12 12 10 18 13 8 13 18 
15 7 5 42 71 40 51 15 17 33 72 97 98 112 62 58 76 47 23 34 48 42 22 15 13 16 36 21 34 10 17 12 13 24 24 13 21 11 6 8 8 9 12 20 20 27 11 7 9 7 9 8 10 12 11 7 6 7 9 11 8 8 8 8 
50 50 54 49 48 36 24 15 16 33 40 42 77 113 91 61 57 66 61 39 48 28 21 19 19 10 14 8 9 5 7 19 17 12 18 8 19 28 11 6 7 8 9 32 45 49 17 7 5 5 4 5 4 7 7 6 4 5 9 8 8 7 7 7 
28 41 43 51 26 10 9 11 16 17 16 21 28 28 31 36 32 39 55 33 36 39 28 22 21 10 10 5 11 10 5 11 17 7 6 4 11 23 15 6 3 3 4 16 41 62 43 23 8 5 6 5 4 7 8 6 6 7 9 6 6 5 5 5 
19 32 31 43 21 47 75 82 104 95 50 29 52 60 24 33 64 90 58 15 20 34 16 11 15 10 14 4 5 9 10 10 28 13 8 5 23 38 16 4 3 5 7 12 35 51 45 45 26 3 3 4 4 4 5 5 6 7 7 4 7 7 7 6 
34 29 91 145 49 104 180 180 204 189 53 42 118 87 32 55 111 76 33 10 12 26 9 8 13 24 7 4 4 8 11 15 41 26 17 21 41 24 5 2 3 11 33 43 48 56 38 34 23 6 6 5 4 5 4 4 4 5 6 6 12 8 6 6 
33 101 166 122 46 101 190 206 195 128 58 83 144 164 64 51 138 87 12 26 6 3 5 6 8 19 6 7 7 9 7 12 19 15 21 25 33 9 4 2 4 12 36 50 44 41 39 31 12 13 9 8 22 21 5 4 4 7 5 7 12 6 7 6 