


187 184 173 168 166 154 147 141 133 134 128 120 120 116 110 110 106 106 105 105 108 114 124 127 129 132 136 139 139 141 144 144 142 144 144 145 146 146 146 146 144 139 138 139 143 138 137 136 139 138 137 135 132 128 122 117 115 115 117 113 108 106 106 102 
204 204 198 197 199 202 201 200 197 199 195 194 192 189 189 187 187 185 181 174 175 176 175 175 175 173 174 170 168 173 175 179 176 179 175 177 179 177 177 174 173 170 168 165 167 164 161 160 159 160 159 158 157 153 150 148 147 149 148 145 145 142 139 138 
208 213 206 205 207 205 211 201 209 206 209 202 204 205 204 204 200 207 204 205 204 206 204 198 206 202 204 205 201 206 204 204 205 202 201 200 199 200 197 197 195 197 190 194 189 188 181 178 184 184 181 181 177 174 175 174 171 169 171 164 165 155 151 152 
203 206 207 205 200 207 197 208 200 208 207 202 214 202 208 201 213 202 211 206 215 206 207 212 203 208 210 204 211 209 214 213 206 214 212 211 206 208 208 200 204 199 204 202 201 203 201 206 201 204 200 203 204 204 206 205 203 206 202 204 200 193 196 195 
202 205 208 197 210 200 208 202 205 209 200 211 202 212 204 212 207 211 207 209 207 210 213 201 213 205 210 214 208 215 212 200 214 211 216 212 213 207 194 212 203 209 201 206 201 204 209 200 208 199 207 201 209 208 202 212 208 200 210 208 207 210 201 205 
200 210 194 210 199 205 201 201 198 199 203 200 207 204 204 211 201 215 195 212 202 216 201 210 203 201 208 203 208 208 207 205 210 213 204 209 215 178 176 198 207 200 203 205 196 208 197 207 202 210 202 199 211 205 213 201 201 205 204 210 208 202 208 204 
200 204 204 203 197 203 199 203 197 204 197 203 199 201 203 200 210 204 194 204 205 201 191 211 202 203 197 209 201 209 203 203 211 197 208 211 197 192 151 191 198 197 205 187 206 199 204 198 205 206 201 205 200 208 196 205 207 200 213 202 205 205 206 203 
190 198 201 191 203 192 201 195 200 193 199 192 200 197 200 204 195 203 200 196 198 197 202 199 198 208 198 202 202 202 200 205 194 208 203 202 200 200 147 175 196 202 191 202 196 197 197 195 206 190 210 196 206 195 203 205 195 205 204 199 200 201 205 192 
199 196 190 199 188 195 196 197 190 195 196 195 193 194 199 192 199 197 194 197 195 203 190 201 193 201 194 203 192 205 203 193 202 195 196 203 197 207 178 161 193 191 201 194 193 194 193 198 189 201 186 178 196 196 205 182 197 201 200 196 205 199 195 206 
204 200 195 197 195 197 197 193 185 190 195 195 191 200 192 198 190 193 188 193 195 187 195 195 195 195 194 197 192 204 188 200 197 197 199 193 202 196 203 174 175 187 191 190 188 193 197 188 199 192 149 148 187 199 188 194 193 199 201 202 197 201 201 190 
201 199 199 195 197 196 190 193 196 195 193 192 193 189 192 176 178 173 170 181 168 185 184 189 188 193 184 192 181 191 180 190 183 193 185 197 187 196 192 185 181 174 182 182 188 190 187 192 190 189 146 161 187 182 197 191 191 199 196 190 200 194 198 202 
185 183 187 184 187 185 191 188 193 197 190 188 190 190 154 140 134 165 159 157 150 149 157 159 166 170 174 167 159 148 152 149 153 158 167 173 178 180 178 169 168 175 182 166 180 174 184 180 183 175 161 162 173 186 183 191 188 189 187 196 187 191 194 184 
170 175 176 176 173 172 174 173 172 169 141 155 185 159 76 68 102 145 150 137 136 134 137 142 145 153 158 153 133 135 147 144 138 132 130 123 128 131 142 148 141 157 161 158 150 158 162 171 167 177 169 159 165 168 179 181 177 172 183 177 183 185 181 181 
145 155 162 171 170 168 167 156 170 177 110 111 123 123 88 72 100 141 140 156 159 119 107 136 154 160 167 171 170 171 169 167 162 156 139 121 110 113 118 111 107 93 118 128 126 137 146 150 153 162 158 157 155 155 165 171 161 165 167 173 170 175 171 173 
155 160 162 164 155 157 154 121 116 111 103 122 131 142 109 80 78 99 125 130 168 155 122 133 141 148 154 158 162 162 157 159 155 152 142 136 125 111 106 123 126 128 121 127 115 125 126 127 130 139 132 140 144 148 149 156 155 153 160 159 165 165 162 165 
168 171 171 146 116 124 127 111 111 133 143 147 141 136 103 81 97 82 60 119 137 172 150 110 116 130 140 145 149 152 156 156 152 143 131 127 118 110 98 94 139 156 121 129 137 119 148 123 97 103 95 103 106 113 119 126 126 131 135 136 142 146 150 153 
163 167 168 124 107 105 128 109 124 129 127 129 129 131 115 82 71 57 52 113 134 157 189 118 97 107 116 125 133 135 136 138 139 131 123 113 100 89 79 87 96 136 92 77 130 92 94 137 117 77 68 71 74 73 80 84 76 80 81 83 85 88 93 102 
166 170 184 156 99 104 130 112 114 115 123 129 125 124 115 89 91 91 100 110 129 146 188 129 86 95 104 114 118 117 121 121 122 116 119 108 95 78 66 69 77 95 106 69 103 107 69 107 112 73 68 66 66 68 73 68 65 65 65 68 69 71 76 77 
176 184 167 130 90 107 135 117 117 122 129 131 126 120 108 90 81 73 61 90 118 122 161 121 83 89 94 103 114 121 126 121 117 105 116 104 95 83 75 67 67 86 84 78 89 88 75 47 107 98 91 76 81 80 75 70 71 69 69 67 66 64 64 68 
176 167 165 131 102 125 138 117 120 122 126 126 124 114 93 85 96 113 62 38 111 123 128 156 86 77 81 88 96 102 108 116 114 105 96 88 79 70 67 58 58 89 60 74 92 105 86 49 79 54 66 91 93 91 88 86 86 83 84 82 81 79 76 79 
165 149 102 119 124 139 130 116 119 124 130 132 127 124 108 93 86 82 58 50 116 125 111 172 99 76 77 83 94 105 99 83 79 87 92 96 95 95 90 77 76 81 76 63 99 86 81 82 52 25 43 70 77 81 84 85 87 90 92 90 90 91 92 91 
160 151 99 113 129 123 133 105 111 119 124 131 132 128 119 109 92 89 91 94 106 115 108 160 99 76 78 85 87 91 90 91 90 104 111 108 105 101 95 93 78 81 107 67 108 75 93 109 93 45 21 11 13 17 21 25 31 39 45 50 58 64 72 77 
170 136 120 130 114 106 132 101 103 105 112 121 124 122 111 115 97 77 59 52 63 107 115 121 126 72 71 77 89 105 109 103 98 94 93 99 98 95 97 80 88 94 112 78 98 73 82 124 118 101 37 13 10 9 9 8 7 7 7 8 9 12 18 22 
203 176 135 146 111 111 138 114 109 111 114 117 122 116 118 109 91 86 98 81 51 83 125 121 134 71 65 72 85 98 107 106 101 93 89 85 81 94 83 86 82 89 102 86 80 70 79 107 135 120 107 22 11 12 14 15 13 12 11 12 12 10 13 18 
206 194 197 151 134 131 136 143 135 106 106 110 113 116 118 114 96 86 97 95 64 85 130 116 137 95 87 94 102 100 93 97 98 90 86 80 79 83 92 95 79 80 88 77 76 71 90 100 116 134 127 84 18 12 11 11 11 13 13 14 15 13 18 26 
217 219 219 202 170 152 149 143 159 121 110 112 118 120 120 119 119 100 95 84 76 107 103 85 118 129 126 122 121 121 111 112 103 94 87 82 81 78 77 88 83 84 90 57 79 71 93 98 103 125 139 140 77 44 28 18 13 11 10 10 13 19 28 29 
222 222 221 218 125 102 131 128 138 141 117 99 100 103 108 107 105 114 109 104 108 112 85 79 101 111 109 105 112 115 111 111 109 124 129 91 68 68 69 65 91 98 82 50 85 76 95 94 101 110 147 143 136 90 79 66 50 35 24 19 25 30 31 25 
224 219 204 187 91 78 139 118 127 116 144 104 93 99 103 104 106 108 110 110 106 99 92 108 107 104 105 104 97 79 78 98 115 122 139 160 105 59 62 61 82 101 74 58 87 81 98 96 105 109 124 146 156 114 104 103 94 84 73 63 57 49 35 25 
214 172 139 115 60 61 119 138 125 131 146 148 122 104 103 105 105 105 106 107 109 105 100 110 110 74 64 31 15 14 17 22 56 117 118 148 160 76 56 62 96 74 66 78 83 82 96 98 107 104 99 122 149 134 98 104 107 106 103 98 92 84 72 59 
160 136 131 88 57 106 118 103 145 141 156 140 172 119 103 104 107 107 107 105 104 104 105 114 112 68 64 39 24 40 48 30 16 71 125 128 162 107 58 89 89 53 55 76 81 81 90 97 101 99 88 99 135 147 74 76 95 105 107 108 107 106 103 98 
145 124 61 18 15 53 123 126 143 146 147 138 148 156 124 102 97 97 98 101 102 106 99 102 111 111 61 27 49 95 126 52 19 42 142 123 152 122 85 97 63 68 66 69 87 87 90 99 97 102 90 109 152 162 79 39 54 65 79 96 106 113 113 110 
97 38 14 10 10 10 14 58 141 72 74 118 122 115 141 131 95 93 97 98 93 92 103 111 128 119 126 50 64 82 72 37 21 70 138 120 153 146 103 64 69 65 67 78 96 94 95 101 105 127 126 141 175 168 121 34 24 20 24 41 65 88 103 111 
20 11 12 9 9 9 8 17 107 67 58 132 132 117 118 151 140 113 84 87 98 111 117 115 116 133 131 103 48 35 37 43 79 129 115 123 154 120 64 60 62 65 82 100 99 102 107 118 138 128 108 105 133 166 147 38 11 9 11 14 21 34 56 79 
11 10 11 9 10 9 9 8 23 45 64 106 132 127 122 131 133 158 128 108 110 109 111 112 115 113 114 113 110 88 112 130 122 111 111 134 107 63 58 67 70 82 95 103 93 78 73 88 112 87 77 75 81 135 162 60 9 10 11 15 18 21 21 28 
11 11 12 11 9 9 9 9 8 16 46 133 139 152 151 154 147 162 166 141 148 125 109 102 94 94 101 107 113 124 126 122 117 117 118 85 53 56 68 78 83 72 60 85 93 73 74 74 84 67 71 79 83 120 155 90 12 9 10 13 16 20 20 17 
11 11 12 11 10 9 10 9 9 8 10 23 73 147 109 113 127 129 141 133 158 167 145 99 96 107 110 97 100 107 108 113 118 105 68 48 55 72 83 79 62 50 52 82 95 68 77 83 78 62 62 84 93 124 133 105 20 10 9 11 13 17 19 18 
11 11 12 11 11 11 11 10 10 10 10 11 21 117 99 71 126 144 130 137 157 142 169 165 137 135 146 138 120 109 118 124 100 90 100 84 82 94 91 80 67 56 55 88 99 76 72 89 78 59 61 86 77 84 110 117 35 15 14 12 12 16 18 19 
12 11 12 12 12 11 10 11 11 11 10 12 13 26 60 77 113 123 161 159 149 150 137 142 151 148 156 154 153 142 138 131 129 155 157 138 139 146 137 145 137 97 71 95 109 102 80 87 83 63 81 83 73 81 103 117 51 20 20 17 15 17 19 20 
14 13 13 12 12 11 12 13 14 12 11 12 13 17 24 34 86 113 122 91 80 114 153 147 151 165 152 131 130 129 121 115 144 152 142 146 143 128 144 145 130 131 99 119 119 115 94 93 100 85 88 76 97 121 138 128 66 26 26 25 24 22 21 21 
15 13 14 12 12 12 13 13 14 14 13 14 16 20 25 27 29 60 137 65 47 94 141 135 158 168 127 124 131 146 121 123 144 140 151 143 82 78 63 114 130 131 142 157 158 138 119 100 128 92 69 109 151 147 175 198 98 28 27 27 25 23 22 24 
14 13 13 13 13 13 15 15 15 15 15 17 20 23 25 26 27 27 40 37 80 134 136 101 109 132 150 153 154 141 157 146 143 140 144 136 97 112 58 101 125 140 143 159 144 143 136 112 118 95 88 126 116 133 173 223 132 29 26 26 24 23 23 23 
16 14 13 13 13 14 14 16 15 15 16 18 22 27 28 27 26 23 20 16 23 27 24 21 20 78 168 145 161 147 159 154 134 125 133 140 114 106 114 121 128 101 64 90 123 144 136 134 135 100 104 131 140 143 178 211 132 29 22 21 21 22 22 23 
17 16 15 13 13 14 14 15 14 14 14 17 20 24 25 26 25 21 18 18 18 19 18 17 14 41 151 149 145 143 149 156 150 139 110 115 133 133 133 143 126 72 107 51 67 134 136 161 156 109 125 159 156 166 178 178 103 26 22 21 20 19 20 21 
17 15 15 15 14 13 14 15 13 13 13 15 19 24 26 28 24 19 17 18 18 19 17 15 12 19 101 86 115 130 146 161 149 142 133 129 122 121 120 134 131 106 106 55 77 139 141 166 159 130 157 166 155 175 169 162 108 30 25 23 20 19 20 21 
17 15 15 15 15 14 14 14 12 12 12 14 19 21 25 26 21 17 17 18 19 18 16 13 11 10 24 52 101 163 143 144 157 164 163 142 117 105 104 122 141 124 106 99 128 155 163 168 120 125 147 150 150 153 146 140 100 29 23 21 21 21 22 23 
19 17 17 16 16 15 15 15 14 13 13 16 18 21 24 21 17 15 17 20 19 16 13 11 11 10 9 17 54 154 156 146 155 154 150 141 128 110 112 98 99 118 127 128 139 162 192 150 120 144 139 122 133 125 139 128 83 26 23 23 21 22 22 22 
90 74 72 62 47 44 44 41 37 34 26 21 20 23 22 18 15 17 19 19 17 13 11 10 10 10 10 10 13 50 114 96 125 135 133 132 138 138 120 102 105 107 114 120 128 171 156 121 92 91 115 125 130 117 145 143 70 23 23 23 24 24 23 22 
180 174 175 174 167 156 154 154 154 150 134 115 101 84 71 58 47 38 31 25 22 16 14 12 10 10 10 11 11 14 42 64 75 130 128 129 145 134 148 141 120 113 112 112 118 119 126 80 50 54 42 110 141 117 147 149 63 22 23 23 24 23 25 24 
174 175 173 177 174 167 168 167 166 164 164 167 165 162 158 151 137 121 105 96 92 81 69 60 52 45 40 40 35 30 28 34 48 129 167 145 149 152 150 151 152 136 121 97 91 100 124 92 87 97 42 125 138 118 146 120 47 20 22 22 23 24 24 25 
170 172 166 167 167 158 160 160 153 148 149 154 154 157 156 145 136 129 123 120 111 104 102 103 107 110 105 105 111 113 115 116 113 128 173 153 149 142 145 151 152 156 141 120 100 97 131 134 90 59 86 150 122 127 144 80 32 21 22 22 24 26 26 26 
160 165 169 169 167 160 158 156 150 149 149 153 155 157 153 142 139 137 130 122 110 104 100 97 99 100 99 101 110 120 132 141 146 144 145 145 146 144 137 136 154 147 144 143 113 106 112 123 113 107 139 139 146 152 138 57 26 21 23 24 26 27 25 26 
169 163 158 164 165 164 157 151 149 156 160 163 158 155 157 149 146 142 134 126 119 104 92 90 93 97 101 102 107 109 114 118 125 130 133 135 134 130 118 107 106 107 106 105 103 101 102 96 102 113 121 130 146 140 126 54 27 24 23 22 24 25 24 25 
153 145 148 154 158 159 156 149 152 155 153 153 149 145 148 147 148 148 136 128 117 102 92 90 89 93 98 100 101 105 107 114 121 126 136 140 134 126 113 107 104 101 95 91 85 83 85 86 86 89 92 96 99 104 106 87 75 66 60 52 42 35 30 28 
139 136 140 143 136 142 152 150 153 149 145 141 139 136 138 136 138 140 138 128 115 112 105 98 96 91 91 91 96 104 108 110 114 122 136 139 137 134 125 115 110 104 90 82 73 68 72 76 77 83 86 86 88 88 90 89 91 91 92 93 91 87 80 73 
136 137 139 144 136 139 146 152 151 147 143 135 138 133 128 127 138 139 137 127 113 112 113 108 101 95 90 85 88 96 104 107 112 120 129 132 136 134 122 113 105 97 88 81 69 60 62 66 71 79 83 88 92 91 91 92 94 93 94 94 95 97 95 94 
154 152 153 158 152 146 148 150 148 145 144 139 139 137 128 134 140 133 126 122 112 111 109 105 102 100 91 84 82 87 96 99 106 115 121 126 130 123 116 106 100 98 86 80 73 65 61 63 68 77 81 87 90 89 91 93 93 95 97 97 101 101 99 99 
156 153 153 158 153 144 144 152 150 155 153 146 143 140 130 130 133 129 122 119 111 108 107 107 107 107 97 89 83 85 93 99 103 106 109 115 121 114 108 100 95 92 82 80 77 69 66 66 75 82 83 89 91 88 91 95 95 95 95 97 102 104 103 103 
148 148 146 145 143 141 139 144 146 149 145 139 138 133 131 135 133 132 132 123 116 120 121 114 110 110 109 98 89 87 98 103 99 102 105 106 109 107 99 95 90 85 79 82 81 75 72 74 82 89 92 90 90 90 93 95 93 94 95 97 102 99 101 103 
163 163 161 156 153 147 145 146 145 140 138 134 129 125 126 129 130 132 132 128 128 129 128 119 116 113 115 109 101 93 100 103 99 103 103 100 99 99 96 93 90 87 86 90 87 81 82 84 88 93 94 91 88 90 94 96 94 95 96 97 103 103 103 104 
173 174 173 171 172 169 169 171 165 155 153 147 141 137 137 137 133 131 128 125 126 126 125 123 123 119 115 114 111 107 109 106 105 106 102 102 103 103 98 98 97 95 94 92 93 91 90 92 95 94 92 90 88 92 98 97 96 98 98 98 100 101 100 103 
169 168 168 173 175 173 172 169 166 154 142 135 135 137 141 138 142 142 141 132 125 127 127 125 125 124 121 115 108 107 111 108 106 107 105 103 105 104 102 100 99 98 97 97 95 96 96 96 94 95 93 93 93 95 96 95 96 95 95 95 94 93 93 94 
166 171 169 174 173 175 176 168 168 165 151 140 140 140 137 139 140 139 140 136 126 128 128 127 130 130 127 121 116 118 120 111 105 110 115 111 104 103 105 101 102 97 100 102 103 102 98 96 97 97 96 96 95 93 93 97 95 94 95 96 94 93 92 92 
166 169 167 173 174 176 180 181 182 183 174 165 154 148 141 133 129 139 146 132 123 129 128 130 134 138 137 133 132 127 122 121 121 116 114 112 110 106 107 105 108 106 112 111 107 107 106 104 104 104 104 103 103 103 103 106 107 107 107 105 102 102 102 99 
161 160 161 167 172 175 181 186 187 187 182 175 161 147 139 128 128 135 139 135 129 137 135 137 151 161 161 151 140 127 120 124 129 128 126 124 119 110 110 111 113 113 118 117 112 112 111 110 108 109 109 108 108 107 107 107 107 105 106 107 106 109 109 108 


188 189 180 175 176 162 156 146 141 139 137 130 135 138 131 130 128 127 131 133 142 155 168 177 182 188 191 199 200 202 204 203 202 203 204 205 206 205 204 203 201 198 196 196 199 196 197 197 197 199 199 199 198 194 188 184 183 181 180 177 171 167 167 163 
211 209 206 206 206 211 206 208 203 207 199 201 198 198 198 195 199 195 193 186 191 191 191 192 192 191 193 188 192 192 193 198 192 197 192 193 196 194 194 191 191 187 187 183 187 185 183 182 183 184 186 186 185 183 181 182 182 183 185 184 182 181 181 181 
210 220 209 214 211 212 217 204 217 208 217 206 216 208 212 209 209 215 211 214 209 215 210 205 214 207 211 213 207 211 209 211 211 206 207 205 207 204 204 205 201 206 196 200 194 195 187 185 192 190 187 187 184 180 181 178 176 172 174 168 168 158 156 154 
213 210 216 210 208 215 203 221 204 217 208 212 219 208 214 209 220 205 219 210 223 209 215 219 206 216 215 212 220 212 220 217 210 220 214 219 211 215 215 208 214 205 214 206 210 209 210 212 209 211 207 212 212 208 212 209 209 210 206 209 207 199 202 199 
206 213 214 203 221 204 218 206 214 214 209 220 204 224 207 223 209 223 209 219 210 218 219 205 223 207 219 219 210 221 216 206 221 214 224 213 220 211 203 219 210 222 205 218 207 215 215 207 218 205 220 206 216 215 208 219 213 205 219 211 214 216 204 210 
204 217 194 221 201 214 203 212 202 209 215 205 217 208 212 218 207 225 202 222 210 227 207 218 208 211 215 210 220 212 218 210 216 222 205 217 222 176 187 205 220 203 217 212 206 219 205 220 207 221 207 209 217 212 221 206 213 216 210 216 215 207 220 209 
209 203 212 205 203 209 206 209 202 214 201 213 204 209 207 207 220 207 203 213 212 207 194 220 210 208 204 220 206 220 205 212 221 198 219 219 202 200 153 202 203 209 215 192 219 205 218 201 217 210 210 213 206 218 200 219 213 207 222 206 216 209 215 213 
186 203 203 192 211 193 209 195 209 195 207 196 209 199 207 213 196 213 204 204 202 205 206 204 204 217 204 207 213 206 207 213 195 220 207 211 207 206 151 181 206 211 197 215 202 207 202 205 215 194 221 203 219 198 216 213 200 215 210 210 206 210 216 195 
199 195 190 199 185 198 192 201 188 200 194 200 192 199 202 194 204 202 197 199 198 206 190 210 194 207 194 208 193 210 204 194 210 198 203 207 202 215 178 171 203 195 213 199 202 197 201 207 191 212 185 183 200 204 213 183 208 207 208 199 217 205 201 221 
201 195 188 194 192 193 194 187 182 187 193 191 189 198 189 199 188 195 184 191 196 181 198 192 197 194 194 192 194 205 183 206 192 201 199 192 207 191 206 172 179 191 193 195 191 198 200 185 205 193 143 147 191 204 186 201 194 203 205 208 198 206 207 188 
193 189 192 187 188 190 183 185 190 188 187 185 186 180 186 165 175 164 166 176 161 182 178 184 183 189 177 190 173 188 171 186 176 191 177 195 180 196 185 181 176 172 178 180 186 187 183 190 187 188 142 161 186 177 199 188 189 198 195 186 201 192 198 204 
183 178 185 177 181 176 187 180 186 189 182 180 181 181 146 132 127 159 150 150 144 142 150 151 159 160 168 157 151 137 144 137 144 145 159 163 172 172 169 162 158 166 175 160 175 170 180 176 179 165 155 157 168 181 178 187 184 185 181 193 181 188 192 178 
202 203 201 200 193 188 190 186 179 165 132 149 180 154 67 53 84 138 143 127 121 114 123 128 127 133 133 129 111 119 132 123 119 115 113 111 120 124 135 143 135 148 153 152 144 151 155 165 160 173 162 153 161 160 174 173 171 165 179 169 179 180 176 177 
203 211 215 218 216 210 206 187 189 176 99 102 121 122 76 51 75 132 135 157 148 93 89 119 132 132 149 157 158 160 156 152 142 132 111 90 85 98 113 107 102 86 114 124 123 134 140 144 147 156 152 149 148 148 158 167 152 159 160 167 164 170 164 166 
217 222 223 221 205 195 173 122 107 87 79 108 126 139 96 64 62 86 113 127 175 156 107 114 121 126 133 138 145 149 147 149 142 138 123 112 96 82 88 117 123 121 115 122 113 126 123 122 125 134 127 133 137 141 144 152 148 145 155 151 160 160 155 159 
226 229 226 184 123 120 125 107 110 127 136 131 125 131 80 45 80 70 46 107 138 185 150 89 94 106 119 125 126 129 133 136 134 130 119 111 98 86 76 78 135 134 93 123 110 119 156 124 95 100 88 96 96 104 110 118 116 123 126 128 134 139 144 146 
223 224 216 131 100 104 128 100 114 119 112 112 115 128 105 56 44 40 40 102 135 166 200 104 73 83 90 99 106 113 115 117 117 110 103 95 82 70 62 68 80 126 77 74 103 66 99 147 129 94 92 91 91 85 90 88 78 78 75 74 72 74 78 89 
223 226 223 151 88 103 124 96 98 101 108 114 113 121 116 78 77 79 88 108 134 158 203 123 61 68 77 86 89 87 90 92 95 95 104 89 76 64 57 60 60 80 82 56 88 68 53 113 131 108 106 105 103 102 104 102 98 98 97 97 96 97 99 102 
228 231 194 126 75 98 129 98 100 105 110 114 116 120 93 53 42 42 41 78 116 127 172 114 58 62 69 81 100 105 104 95 89 83 110 85 73 63 58 54 54 74 82 76 88 79 59 44 115 115 117 111 113 112 109 108 107 106 105 103 103 106 112 118 
227 212 174 126 90 129 130 98 100 102 107 108 117 110 66 34 67 99 26 28 96 129 136 164 64 49 52 61 75 85 96 105 103 91 83 68 58 52 49 41 41 71 56 73 91 106 76 30 79 59 76 123 127 124 122 119 118 117 115 113 112 113 116 119 
221 188 103 117 124 146 119 100 104 107 113 116 117 124 92 47 36 43 24 39 103 133 116 185 79 47 48 52 65 85 83 64 71 77 76 77 78 78 78 70 60 63 70 60 100 86 77 57 44 25 52 94 103 109 113 115 118 121 122 121 121 122 122 122 
219 187 97 111 129 127 129 91 97 104 109 117 119 120 116 101 72 69 75 78 102 117 112 171 82 47 52 60 67 77 76 72 75 99 96 90 87 83 79 84 73 64 99 60 109 73 96 102 73 41 27 20 22 27 32 38 45 54 61 70 79 88 96 103 
223 158 118 124 106 108 130 85 88 92 100 107 112 112 108 117 83 53 39 36 52 99 121 129 127 47 47 64 77 87 90 82 76 77 81 83 80 80 82 64 87 89 106 76 98 71 81 127 107 91 41 21 18 16 14 14 12 12 13 13 17 22 29 36 
240 202 135 137 100 104 140 101 92 94 100 104 109 108 121 102 59 36 69 53 21 66 130 131 141 53 54 60 72 86 92 89 84 74 66 64 67 79 68 75 72 83 97 83 79 65 72 105 136 108 103 26 17 18 21 23 20 19 18 19 19 19 23 27 
242 229 206 146 126 102 127 146 122 86 89 93 98 103 116 108 64 38 66 60 24 71 132 120 151 92 79 86 97 93 77 79 79 67 61 59 63 75 91 92 67 65 77 71 75 64 82 88 112 131 118 84 23 17 16 16 17 17 18 20 20 19 24 29 
247 248 246 209 167 138 149 154 161 105 92 96 101 106 110 117 106 74 54 47 59 107 106 89 131 142 135 130 130 128 110 111 95 79 66 69 64 62 63 88 74 67 81 53 78 63 83 86 87 120 131 132 72 42 30 23 19 16 16 16 18 24 29 32 
250 250 249 229 119 100 134 132 143 143 107 83 87 91 95 96 99 113 109 106 114 120 84 77 106 119 113 105 111 114 111 116 116 135 145 83 49 49 49 54 90 87 78 48 82 64 83 83 87 98 150 135 129 81 72 60 48 36 28 24 27 31 32 30 
251 245 228 193 82 75 137 117 126 123 152 94 79 85 90 94 96 101 108 109 102 94 86 112 107 97 93 90 81 65 67 87 108 135 161 182 106 45 46 47 73 97 77 56 82 68 87 87 98 98 121 141 151 106 94 91 85 76 66 58 52 46 37 30 
234 201 181 138 59 58 114 132 113 122 153 154 112 85 85 88 92 96 97 99 101 97 95 112 95 45 32 19 13 12 15 20 50 112 123 172 185 70 43 49 87 70 67 80 77 68 83 86 95 89 83 111 141 128 90 94 96 95 91 87 82 75 66 54 
183 175 165 108 64 105 112 98 143 122 141 149 178 104 85 89 93 95 94 93 94 97 98 116 99 42 27 18 17 29 43 28 16 63 117 147 191 110 47 77 83 50 52 73 75 70 78 84 88 84 71 86 126 141 67 67 84 92 94 95 96 94 91 87 
173 146 75 30 25 57 120 122 142 143 144 142 156 159 114 86 80 81 83 88 91 97 89 103 111 99 51 20 27 75 137 43 17 35 124 132 179 134 75 89 57 66 62 59 82 78 81 86 83 90 79 106 155 159 78 36 47 56 69 83 94 100 99 96 
114 49 22 20 21 21 23 65 139 67 70 118 125 117 151 131 80 77 80 81 77 80 94 105 132 114 112 40 35 50 59 30 17 63 123 128 178 154 95 59 68 57 56 73 91 88 92 93 97 135 142 169 200 164 118 32 24 24 27 42 60 79 92 97 
29 20 19 20 21 20 19 27 109 61 55 130 129 109 121 160 140 100 65 72 85 100 106 103 106 133 126 92 38 25 27 36 72 116 116 135 165 113 59 59 57 54 78 102 93 105 118 132 157 146 115 112 148 168 144 38 16 16 19 25 32 42 55 71 
21 20 20 21 20 19 19 19 32 47 62 100 128 123 109 115 144 168 121 95 95 94 96 99 101 103 113 111 103 80 101 120 117 113 113 132 98 56 55 60 58 75 94 105 86 68 62 85 118 83 66 60 69 133 159 61 16 15 18 23 30 32 31 33 
21 21 20 21 20 19 20 19 19 26 53 133 134 150 148 153 156 177 175 146 152 116 93 87 79 83 92 103 108 120 122 119 114 111 108 76 48 52 64 66 79 66 46 81 87 59 64 61 73 53 56 64 71 118 151 89 18 15 16 20 27 30 30 27 
21 22 21 21 20 19 20 20 20 20 21 31 78 145 107 113 128 132 149 140 173 179 142 86 84 95 96 82 84 90 93 102 110 95 62 43 51 65 73 71 53 40 38 74 88 56 68 74 67 50 48 72 86 127 129 103 25 17 16 17 22 27 28 27 
21 21 21 21 21 20 20 20 21 20 21 22 31 120 94 69 126 145 129 122 135 148 186 175 133 143 160 138 110 95 107 119 99 99 113 83 77 89 89 77 58 44 44 81 92 65 60 82 68 49 52 78 63 71 106 114 40 21 20 18 20 24 27 27 
20 21 22 22 21 21 21 21 22 21 22 23 24 38 68 79 111 121 164 159 144 160 143 151 157 143 158 168 167 145 138 139 151 185 183 154 151 163 152 164 151 99 64 89 108 95 68 78 75 54 77 69 54 65 98 115 54 29 28 26 25 25 27 28 
21 21 22 22 22 22 23 23 25 24 24 24 26 30 38 50 94 112 121 87 77 114 154 149 147 149 142 136 133 130 124 118 152 164 152 154 143 125 143 155 143 144 97 125 126 113 84 85 96 81 83 61 88 119 140 126 67 35 34 32 31 30 29 29 
22 22 22 22 22 22 23 25 26 26 26 26 28 33 38 42 44 70 138 62 44 93 140 135 160 168 129 134 144 159 124 124 146 142 162 139 68 66 54 112 150 143 155 178 181 149 117 92 132 86 55 113 171 164 188 209 99 36 35 33 33 31 30 30 
24 24 23 22 23 23 24 26 26 26 27 28 30 34 39 41 40 39 47 42 81 137 139 101 112 133 158 169 168 160 176 147 139 138 154 129 75 99 45 99 134 149 151 170 158 157 138 100 109 81 79 140 123 143 181 235 134 34 31 31 31 30 30 29 
25 25 24 23 23 23 25 26 26 25 27 28 30 34 38 37 34 31 28 29 33 35 32 29 26 81 170 151 182 163 177 160 127 119 135 141 104 90 105 122 128 96 58 84 121 160 143 137 132 90 105 156 178 166 194 217 132 32 28 28 29 29 29 29 
26 26 25 24 24 24 25 25 25 24 25 26 29 34 37 35 31 27 27 28 28 28 26 23 20 46 150 150 151 154 164 175 155 136 102 115 140 139 140 153 119 56 106 46 65 141 146 180 172 113 149 210 204 198 191 177 104 31 28 28 28 28 29 30 
26 25 25 24 25 25 25 24 23 23 23 26 29 31 35 35 30 27 28 29 28 27 25 21 18 24 100 83 114 135 162 173 160 151 128 122 117 115 115 141 127 89 97 50 77 148 150 181 176 144 193 212 191 199 175 157 109 31 29 29 28 29 30 32 
28 27 26 25 25 25 25 25 24 23 23 26 28 32 34 32 27 25 27 28 27 26 23 19 17 15 29 53 99 157 142 153 174 187 178 143 113 97 96 118 143 122 101 97 136 173 172 174 119 130 159 171 167 162 145 131 98 32 29 30 29 29 29 32 
30 28 27 25 24 24 25 25 24 24 25 27 29 31 31 28 25 25 27 27 26 24 21 17 16 15 14 21 55 150 150 147 165 164 159 154 135 105 103 87 94 124 134 133 145 175 209 159 127 156 149 128 134 125 135 120 83 32 30 31 31 31 31 32 
118 102 96 83 66 63 59 57 54 49 40 34 32 32 30 26 24 25 27 26 24 21 19 16 15 15 15 15 17 51 110 91 120 133 140 140 151 147 121 95 99 101 109 115 125 178 167 128 94 92 116 132 134 117 141 138 72 32 31 32 33 34 33 31 
233 231 230 226 217 211 208 206 204 197 177 153 131 110 94 78 63 50 41 34 30 23 18 16 15 16 17 17 16 17 43 61 69 120 126 137 158 154 174 152 116 106 105 104 109 118 133 81 45 48 42 116 155 119 144 147 66 31 30 32 33 35 36 35 
231 231 230 232 230 226 226 226 225 223 224 226 224 220 215 208 192 171 154 140 134 119 99 83 72 61 57 53 48 41 37 41 52 123 157 146 168 173 168 170 170 142 115 89 84 98 127 90 69 85 38 132 149 121 146 119 49 30 30 33 34 36 38 38 
227 228 223 226 226 220 220 220 216 212 214 218 217 219 219 211 203 195 191 187 177 167 164 163 165 165 162 162 168 168 164 161 153 160 191 163 161 154 160 171 173 175 151 119 91 91 133 136 81 49 86 158 127 130 145 80 35 29 32 35 37 38 40 42 
221 224 226 227 225 221 220 217 213 213 213 217 218 219 217 210 207 203 196 189 179 171 163 157 160 159 160 164 177 187 199 207 211 208 208 205 204 196 188 185 189 173 180 166 117 105 110 124 116 110 147 149 166 170 146 57 34 31 33 36 40 41 43 44 
225 221 218 222 222 222 219 214 213 218 221 223 220 217 219 213 211 208 200 193 188 171 152 146 149 157 163 164 170 175 182 188 191 195 199 203 203 198 187 175 169 166 163 157 149 142 139 131 135 141 144 154 178 161 139 61 39 35 36 39 43 45 45 46 
213 209 211 216 217 219 218 213 215 215 214 214 212 210 211 210 211 209 199 191 183 165 154 148 147 153 159 161 163 171 177 184 188 191 201 204 198 191 182 175 169 164 154 146 138 134 135 134 135 139 142 143 145 148 146 127 110 96 86 75 65 58 54 51 
202 199 204 205 200 207 215 215 217 212 208 205 204 201 203 200 204 204 200 191 183 177 167 160 155 150 151 152 155 169 175 176 182 189 201 203 198 198 192 182 177 168 147 133 124 118 120 123 125 132 135 137 140 143 143 145 147 146 146 146 143 134 120 110 
198 199 203 205 200 202 211 215 215 211 207 199 202 197 193 192 202 202 199 189 180 181 180 172 162 155 150 144 145 157 168 172 180 186 194 197 199 199 189 182 171 160 144 132 119 113 112 114 119 128 134 141 145 146 148 153 156 154 155 154 157 160 154 154 
214 213 214 218 212 208 211 211 211 210 208 203 202 201 194 200 204 196 191 188 180 179 177 171 164 161 150 141 139 145 157 163 174 181 188 191 194 191 183 173 164 159 143 132 122 115 112 113 117 127 135 143 146 143 148 153 154 156 158 159 164 164 163 166 
218 217 216 220 215 210 209 213 212 216 216 209 206 204 195 196 198 192 188 185 179 176 176 173 172 169 158 145 140 145 155 163 170 176 179 184 188 182 174 164 155 150 137 132 128 116 114 116 125 135 140 146 148 146 152 158 156 155 156 160 167 171 171 172 
211 214 212 212 210 211 209 212 213 216 213 208 206 201 199 203 202 198 199 191 184 188 186 184 179 175 173 159 148 147 163 168 166 171 172 175 176 172 163 156 148 139 132 135 133 124 120 126 138 146 153 151 150 150 154 158 155 155 157 162 167 169 170 174 
222 221 220 217 216 212 209 209 209 206 206 203 197 194 196 198 200 201 200 199 198 198 195 189 186 182 185 178 165 156 168 170 165 168 168 167 166 165 157 153 153 146 143 147 143 137 137 142 150 155 158 154 150 152 157 159 158 159 160 164 170 170 171 175 
229 230 230 229 229 228 228 229 226 218 217 213 208 205 205 204 200 198 196 194 194 193 193 193 191 189 187 186 181 177 179 175 173 172 169 169 172 169 162 163 164 160 158 157 157 154 152 155 158 158 156 154 150 155 161 161 161 164 163 162 164 166 169 170 
226 225 226 228 230 231 231 230 228 221 213 207 207 209 211 209 210 211 210 201 194 195 195 193 193 191 190 185 178 179 181 177 179 175 169 172 174 172 168 167 166 163 162 161 161 160 158 157 158 158 156 156 156 155 157 158 158 157 158 157 155 155 155 154 
223 222 226 230 232 233 235 228 228 227 217 209 209 210 207 208 209 208 208 203 196 198 198 197 198 198 196 191 190 190 191 184 180 181 182 181 173 170 170 166 168 161 164 165 167 167 162 160 160 161 159 160 158 154 156 160 158 157 157 157 154 155 154 153 
224 224 228 232 232 234 236 234 236 237 232 226 220 215 209 205 199 206 210 202 196 200 198 200 203 203 196 189 190 189 189 190 191 187 186 184 181 177 178 175 181 177 182 181 179 178 174 173 172 173 172 171 168 168 170 173 173 173 173 171 168 169 166 163 
224 224 225 229 230 232 235 238 239 240 238 232 224 215 209 198 198 205 207 203 199 206 202 199 200 193 182 177 180 181 183 185 188 185 184 184 183 178 181 184 187 187 190 189 186 184 182 182 182 181 180 176 175 176 176 177 177 173 173 172 171 175 174 170 


183 183 177 177 179 163 157 148 140 141 137 129 132 131 122 118 114 114 119 121 131 147 163 173 177 182 187 196 197 200 202 199 196 196 195 196 196 195 194 192 188 183 181 182 187 184 184 187 188 192 196 197 196 190 181 178 176 177 175 172 166 162 163 158 
204 206 196 197 202 206 205 205 202 203 197 196 192 193 192 191 193 190 186 174 177 186 186 186 186 186 188 182 183 189 189 193 189 189 180 181 184 176 173 165 163 159 153 147 148 145 137 136 137 137 138 139 137 138 137 141 141 145 145 145 146 146 145 148 
206 212 200 202 205 205 211 200 210 204 208 195 202 202 201 198 192 205 204 204 201 207 203 194 202 199 205 202 198 203 201 204 206 201 201 198 198 203 199 199 198 201 188 193 188 183 170 168 180 179 169 172 165 160 163 161 155 153 152 143 142 125 121 123 
199 199 200 196 194 203 189 202 190 203 199 196 210 196 199 193 206 197 208 204 214 201 201 208 197 203 205 196 206 202 212 209 199 211 209 207 199 203 205 195 197 191 199 196 194 196 198 203 200 202 195 203 205 204 207 204 204 207 202 210 200 190 196 192 
192 197 199 188 202 192 201 194 200 202 193 206 194 207 195 206 198 206 198 205 200 206 207 192 207 197 204 209 203 210 205 189 208 205 212 206 210 200 186 209 196 202 192 199 194 199 205 193 202 191 202 197 206 202 197 211 204 192 206 203 206 208 195 200 
190 202 180 203 186 196 191 190 185 188 193 190 199 195 196 202 189 207 180 205 194 211 191 203 195 190 198 194 200 199 198 195 203 207 195 203 210 168 168 190 203 190 194 198 185 202 188 201 193 206 195 190 204 198 207 193 191 198 197 204 200 194 200 196 
186 190 191 192 184 190 188 193 185 194 187 193 187 189 193 190 202 192 185 194 197 189 175 202 192 191 184 200 192 202 190 194 203 185 200 204 185 183 140 182 186 185 195 170 197 190 198 186 198 198 190 197 190 201 183 196 198 189 206 192 198 194 195 196 
170 180 184 175 190 177 190 178 186 177 186 176 186 182 189 193 181 190 186 181 182 182 188 187 182 195 184 192 189 190 186 193 178 198 191 191 187 190 134 161 185 192 177 191 184 188 184 183 197 175 200 187 198 183 194 196 182 196 194 189 192 189 196 176 
187 176 167 182 164 177 178 177 170 177 181 177 174 173 181 175 183 180 174 179 177 189 170 188 175 186 174 188 171 191 188 173 185 179 182 188 181 198 173 147 179 175 188 181 179 181 176 185 174 187 169 160 181 179 191 157 178 190 190 182 196 190 179 196 
190 183 176 180 177 180 177 173 156 167 177 174 173 182 171 180 171 172 165 172 171 162 171 173 174 171 169 176 166 186 162 177 177 175 184 171 183 176 193 164 158 167 171 169 167 175 180 165 181 172 128 125 166 184 170 171 169 183 188 188 184 185 188 172 
191 187 190 185 182 180 171 177 181 179 178 176 177 171 176 154 157 154 148 163 143 164 159 167 166 172 161 166 155 166 154 164 153 164 157 174 161 173 171 173 157 147 163 151 164 166 162 171 166 166 132 134 162 158 178 172 170 178 176 170 179 177 179 183 
181 179 180 177 177 174 182 178 185 193 177 174 176 177 140 125 120 151 143 143 139 137 145 146 153 156 161 151 137 129 134 123 126 130 139 150 155 157 153 153 148 150 160 141 155 145 163 156 158 157 143 136 148 159 159 170 163 164 166 174 167 168 172 161 
181 184 182 184 177 174 176 173 170 161 129 147 179 154 70 56 87 131 134 122 119 115 123 126 124 129 134 127 106 110 119 113 106 105 107 104 115 116 126 134 128 136 140 138 123 132 137 144 144 163 151 134 138 142 155 161 155 146 162 154 157 161 158 159 
199 207 209 209 202 193 182 161 170 164 100 109 130 131 83 57 75 117 134 158 147 91 86 111 121 122 137 141 142 145 139 133 123 111 93 76 73 85 103 104 102 89 107 116 113 123 131 133 134 153 142 137 134 136 146 160 141 144 146 151 148 156 150 154 
219 227 231 233 216 200 166 118 103 90 87 117 131 137 84 60 62 70 92 128 180 152 93 95 102 106 113 119 128 136 137 139 128 124 103 89 76 62 68 101 117 126 119 123 118 135 127 121 122 137 125 130 133 136 140 151 142 140 145 143 150 150 147 151 
230 235 237 191 123 114 119 104 111 128 131 115 111 123 66 56 109 89 44 83 142 190 146 75 78 88 99 106 106 111 114 119 116 117 102 89 75 67 58 62 125 140 107 134 125 126 168 130 80 93 72 83 87 98 109 117 114 119 123 125 131 135 138 144 
231 235 227 128 95 101 123 88 102 105 93 91 100 125 91 51 53 48 41 77 134 173 199 98 65 70 73 80 86 95 99 98 96 89 82 73 62 52 46 54 71 125 84 80 118 69 99 152 115 52 23 24 25 28 50 50 33 39 41 48 49 56 64 77 
239 241 227 139 87 109 115 79 78 80 86 93 97 119 115 68 65 69 73 106 138 166 204 118 52 57 62 69 70 69 70 70 73 78 91 73 62 54 48 56 52 79 87 59 97 73 54 107 106 52 41 37 35 41 58 42 28 29 28 32 30 34 37 40 
242 236 187 120 79 108 123 76 75 79 85 89 100 117 76 46 46 49 37 65 113 134 175 112 48 51 58 68 86 93 91 81 73 73 102 72 59 53 49 46 44 73 87 79 94 85 62 44 104 104 84 64 70 70 64 54 52 48 49 47 45 43 43 47 
225 208 165 125 100 144 119 78 75 75 80 82 104 103 49 42 90 127 31 25 75 131 142 162 58 40 42 49 62 71 84 99 96 80 73 58 48 41 40 34 36 77 66 76 96 112 83 33 77 66 61 84 86 84 80 79 78 73 75 73 71 67 64 66 
227 190 102 119 131 152 101 75 80 83 88 91 101 121 76 44 45 54 30 33 84 135 123 181 70 32 34 39 52 69 66 56 67 67 60 63 62 61 68 65 50 64 81 63 105 98 85 64 45 27 41 63 71 76 77 79 81 84 86 84 84 85 85 85 
224 185 96 111 132 133 116 70 76 80 87 97 101 111 114 96 66 59 59 59 97 118 120 170 76 34 40 47 56 64 63 60 67 92 84 76 72 68 64 76 69 61 105 63 114 84 106 114 72 42 29 14 14 17 20 24 30 35 41 46 53 59 67 72 
206 138 117 118 110 118 122 69 70 73 76 84 88 91 102 116 65 43 36 31 41 84 122 134 123 37 37 58 67 72 76 69 65 65 69 71 65 66 71 56 83 87 109 83 106 85 91 141 112 85 42 22 17 13 12 10 9 8 8 10 11 16 23 27 
184 159 134 129 106 115 141 90 78 77 76 78 82 84 116 86 42 48 99 73 24 48 123 136 138 46 49 56 69 81 81 77 71 63 55 54 54 69 62 69 65 78 97 85 94 80 79 115 146 109 96 26 16 18 21 22 19 16 17 18 17 16 22 26 
208 207 196 143 125 118 142 156 111 64 64 67 72 79 107 94 48 49 89 76 31 57 123 125 151 89 75 85 98 93 73 69 66 54 49 47 54 71 89 88 57 55 74 71 97 81 91 90 119 141 118 79 18 14 14 13 14 15 17 19 19 17 22 28 
209 201 197 184 167 153 162 171 161 94 76 77 79 84 94 113 93 67 54 48 56 99 104 93 134 144 137 131 131 128 112 111 92 72 56 63 56 55 57 82 66 59 77 60 100 73 89 86 86 127 141 127 70 39 27 20 16 14 14 15 17 22 26 30 
202 206 209 206 115 101 136 143 151 143 98 66 65 69 75 82 95 111 107 106 115 116 76 73 104 119 113 103 104 104 104 114 118 140 152 83 41 40 37 45 86 82 78 54 101 68 87 85 86 97 163 140 127 79 69 58 45 33 24 21 24 31 31 32 
212 197 166 153 76 77 130 121 133 132 154 86 67 70 76 78 81 87 98 100 92 81 75 110 100 82 74 66 54 44 47 64 90 135 169 189 105 37 33 34 68 96 92 66 95 70 90 88 97 92 125 152 151 104 91 89 83 73 62 54 49 42 36 32 
174 108 75 66 57 66 117 128 122 136 166 159 106 73 70 71 71 72 75 77 81 80 86 108 71 45 33 18 12 13 18 21 36 84 121 179 184 64 32 41 83 75 82 92 88 68 82 84 91 82 78 116 144 123 85 88 91 90 86 82 77 70 63 52 
64 52 41 28 61 121 127 106 145 136 158 167 182 97 72 74 74 73 72 71 74 81 90 112 74 41 34 22 20 42 63 39 18 47 89 149 193 106 40 72 83 59 63 83 86 69 76 81 83 78 65 84 131 138 65 64 80 87 89 91 91 90 87 82 
34 25 13 11 17 64 134 129 144 149 153 154 169 158 107 72 61 61 62 69 76 77 67 95 100 74 41 27 40 111 178 59 20 27 76 126 183 132 68 85 69 81 70 68 94 77 80 83 77 86 74 109 167 162 77 31 45 50 62 77 86 91 92 91 
18 12 10 11 12 13 18 72 142 69 72 115 130 125 158 124 66 62 63 63 57 60 74 91 127 105 79 46 50 66 82 40 22 46 82 125 183 149 87 68 83 68 58 76 100 87 92 92 95 134 145 177 214 173 114 31 22 20 22 36 55 70 81 87 
11 12 12 12 12 11 12 26 109 58 61 125 128 118 135 166 140 90 51 54 67 80 81 81 93 128 108 74 42 34 34 38 57 80 106 137 163 108 64 71 62 51 76 102 98 104 119 136 161 146 117 114 157 180 142 38 14 12 16 24 31 39 51 62 
11 12 12 12 12 12 13 12 27 50 75 113 128 126 121 128 157 169 115 82 79 73 74 77 79 87 107 96 84 71 83 95 100 105 108 125 93 63 65 65 53 70 87 101 89 63 55 84 117 79 62 59 71 146 160 60 12 11 16 25 33 37 34 31 
13 13 14 13 12 12 13 11 10 21 59 148 142 148 153 168 173 190 178 148 149 108 80 71 61 65 81 95 101 111 113 110 103 95 92 72 55 61 67 62 72 60 42 74 86 55 56 59 73 47 51 63 70 131 156 87 15 11 12 18 30 36 34 27 
14 15 14 14 12 13 14 13 12 11 14 31 83 148 110 115 128 138 160 156 188 189 140 78 72 85 82 66 70 74 76 85 93 80 63 51 58 65 69 67 50 37 36 68 86 52 61 69 67 44 42 69 80 133 136 100 23 13 14 16 23 30 32 27 
14 16 16 15 13 13 14 14 12 12 12 14 29 129 104 81 124 142 138 137 155 168 199 181 131 145 162 137 103 85 95 103 94 113 124 86 79 90 91 78 57 41 43 76 88 61 53 76 66 43 46 70 59 71 110 113 39 19 16 15 18 25 28 28 
14 16 17 15 14 13 13 15 13 13 13 14 16 34 74 91 117 124 166 165 158 173 154 162 169 159 178 184 173 142 136 147 171 201 190 160 158 166 157 168 152 97 60 82 100 89 62 73 72 47 68 59 45 63 103 116 55 32 28 25 24 25 27 29 
15 16 17 16 17 16 16 17 16 15 15 16 16 21 27 39 90 114 124 90 78 114 152 153 160 164 156 143 135 133 134 129 162 168 156 151 124 100 118 146 146 145 98 128 126 108 81 81 92 73 68 52 83 120 150 132 68 41 37 34 32 31 32 30 
16 17 17 17 17 18 20 21 19 18 18 17 20 24 28 28 28 69 134 61 52 105 150 139 165 169 132 145 166 179 130 122 145 145 164 113 66 86 52 86 146 148 164 186 185 148 112 87 125 74 42 111 171 172 205 219 102 40 39 37 34 33 33 33 
16 18 18 17 16 18 19 20 21 20 20 20 21 26 27 27 26 31 46 48 93 149 145 103 115 137 172 191 193 183 186 145 133 131 151 106 89 126 56 78 130 146 142 160 156 158 133 92 95 60 67 143 128 151 198 244 136 38 35 34 33 31 32 33 
21 19 18 18 17 17 18 20 20 21 20 22 22 25 27 26 26 27 27 29 33 36 32 26 27 88 170 165 203 182 187 160 114 103 130 130 90 81 88 105 110 80 56 70 99 157 143 133 121 74 99 171 200 186 213 226 136 34 27 29 30 29 30 31 
26 21 19 18 18 20 19 20 20 18 19 20 21 24 25 28 29 28 26 27 28 27 24 21 19 53 149 152 157 162 175 185 151 127 89 107 132 130 134 149 94 71 142 63 57 130 151 187 176 109 160 236 231 221 207 180 107 32 29 30 32 30 32 34 
24 23 20 19 19 20 20 19 18 17 18 18 21 22 25 29 29 28 28 29 27 26 23 19 16 28 104 84 109 138 176 187 172 156 115 101 99 98 102 136 108 97 120 67 71 144 153 181 177 147 209 235 213 213 180 154 109 35 33 32 33 30 33 37 
26 25 23 21 19 20 20 20 18 18 18 20 20 20 23 27 28 26 28 29 27 25 22 17 14 12 31 60 102 146 142 164 188 200 180 133 92 71 69 104 136 109 90 87 126 175 175 172 113 128 160 176 175 164 144 126 96 37 33 32 35 32 33 36 
29 26 24 22 20 21 20 19 18 17 18 21 22 21 23 25 25 24 27 27 25 21 18 14 13 11 11 23 63 147 144 145 170 169 165 158 128 90 84 66 81 115 125 126 142 180 214 158 119 152 147 125 132 118 129 112 78 33 32 33 35 35 32 34 
115 100 93 79 64 62 59 54 50 43 34 28 25 25 26 24 24 25 26 26 22 17 14 12 12 12 11 12 17 58 107 88 108 123 141 145 156 149 115 79 79 81 94 98 111 177 169 121 85 84 103 126 129 105 135 133 71 33 33 35 37 40 39 34 
230 226 225 220 211 201 197 196 194 185 165 142 122 101 87 74 61 48 39 32 26 20 15 13 13 12 12 14 14 17 53 71 67 100 114 144 169 163 182 148 100 86 84 81 89 110 125 75 61 66 43 109 153 108 137 142 65 33 36 37 38 43 42 40 
232 231 230 232 227 220 221 221 219 215 214 217 212 206 198 189 169 141 126 114 105 88 72 64 59 51 45 45 42 38 37 45 55 115 136 141 180 183 175 180 175 134 99 71 68 84 115 86 90 107 47 127 145 111 139 113 47 32 34 37 40 40 42 44 
228 228 223 225 224 216 215 215 207 201 203 208 206 207 206 197 187 176 171 166 150 131 126 127 136 137 126 128 141 146 145 145 137 148 174 144 145 147 159 175 185 185 156 110 74 74 123 125 81 53 84 150 121 123 143 76 37 32 33 39 43 42 42 43 
222 225 228 227 224 221 219 215 206 203 204 208 210 211 207 197 193 189 181 172 158 147 139 134 140 138 133 139 158 171 185 193 195 190 188 184 181 171 161 165 178 165 180 155 92 78 88 113 103 98 140 148 170 177 155 57 35 34 36 41 44 45 44 45 
229 222 219 223 225 224 218 208 207 214 216 218 214 212 212 203 199 196 189 181 172 147 124 117 123 134 144 145 152 156 162 170 175 179 183 188 186 177 160 143 135 129 129 122 109 98 93 88 95 107 114 136 172 160 139 54 39 37 40 41 44 46 46 47 
209 202 205 213 218 219 215 205 210 210 207 208 204 201 201 199 200 199 188 179 166 142 124 115 117 130 140 141 143 150 154 164 171 177 189 193 185 175 159 146 142 132 121 114 101 96 94 90 87 92 94 96 99 104 105 86 75 70 71 67 59 54 51 50 
192 190 197 197 192 200 208 207 209 203 197 194 193 190 193 188 194 194 191 178 167 158 144 134 129 125 128 129 133 150 155 157 164 173 190 193 189 187 176 162 156 140 113 95 80 72 78 79 79 87 89 89 92 96 100 103 100 100 103 106 107 100 86 83 
190 190 197 198 191 193 202 206 205 201 195 186 190 185 180 180 193 194 192 178 163 163 160 151 138 132 124 117 120 137 150 154 162 171 182 187 190 187 173 162 147 129 108 94 70 57 59 63 70 81 88 93 97 99 105 114 115 112 112 111 120 122 110 110 
211 209 210 214 207 203 205 205 202 200 199 192 193 189 182 189 195 185 180 175 165 163 158 151 141 136 120 110 108 119 135 142 156 167 175 180 182 175 165 151 139 131 108 93 78 66 60 64 71 83 92 100 102 98 103 113 114 115 117 118 127 128 123 124 
215 212 213 219 213 206 205 211 207 211 211 200 197 194 184 186 188 180 174 171 162 160 160 158 155 146 129 116 109 118 133 141 151 158 161 168 173 163 153 139 127 118 102 97 91 78 77 78 87 98 102 109 111 108 115 120 120 119 118 122 132 139 139 139 
209 209 207 207 203 202 201 206 208 210 206 198 196 189 188 193 191 187 189 178 171 177 176 170 164 160 153 137 124 123 144 148 146 151 152 156 158 151 139 130 118 104 96 104 102 90 86 94 106 118 123 119 118 118 122 126 121 121 122 129 133 138 143 148 
225 226 222 219 215 209 206 207 206 200 198 194 186 182 185 188 189 192 190 188 189 191 188 178 174 171 172 162 146 134 147 149 145 150 149 146 146 141 133 130 127 118 113 121 117 107 106 113 122 128 133 126 122 125 131 133 128 128 130 134 143 146 149 153 
239 238 235 237 236 234 235 236 230 221 219 213 206 201 200 199 194 191 188 186 186 185 182 181 179 176 173 172 164 157 161 157 154 155 150 148 152 149 140 141 141 136 133 133 133 129 126 129 132 130 130 128 124 131 139 138 138 142 140 140 143 146 148 146 
237 235 235 241 242 241 239 235 230 220 210 202 202 205 208 206 210 210 210 198 188 191 190 187 187 184 180 173 162 162 166 161 162 158 152 153 155 153 148 147 145 142 142 140 138 139 135 135 133 132 131 131 131 131 134 136 137 136 136 134 133 136 136 134 
233 233 238 243 243 243 241 232 234 230 216 207 207 208 205 207 210 209 211 203 192 194 194 193 196 196 191 183 180 180 181 169 164 166 170 167 157 154 155 150 153 145 149 151 153 153 145 143 142 143 141 142 138 134 136 141 140 137 138 139 137 139 139 140 
234 233 236 241 241 242 243 241 242 243 239 231 224 217 210 199 192 204 211 196 187 194 190 192 198 198 188 176 174 169 166 168 172 171 171 170 167 162 164 160 166 161 170 168 164 163 159 157 155 156 154 153 150 149 150 155 156 156 156 155 153 156 155 152 
229 228 229 236 238 241 242 244 244 245 245 240 228 216 205 188 189 201 205 197 191 200 192 188 186 171 144 126 122 116 113 123 135 139 143 147 150 148 158 163 167 170 176 173 170 167 166 164 163 163 163 158 157 158 157 159 161 158 158 160 161 162 160 154 