


26 23 22 24 24 25 22 19 23 25 21 19 24 26 24 22 21 20 19 17 17 17 18 18 18 15 16 18 20 20 18 16 15 15 15 12 13 17 19 19 18 15 15 16 17 15 15 16 15 16 16 16 15 12 11 13 13 15 18 18 17 17 13 9 
27 26 23 25 25 24 21 22 25 26 22 19 24 29 27 25 23 20 19 19 21 21 20 22 22 18 16 17 18 18 17 16 16 15 13 11 10 16 19 19 16 15 16 17 17 16 16 17 17 17 17 18 19 15 12 11 13 17 23 24 26 28 21 12 
28 27 26 26 25 22 23 28 27 26 23 23 28 30 29 25 21 22 22 21 21 22 22 22 23 20 19 23 25 25 24 21 18 18 16 14 11 14 17 17 14 15 17 17 18 18 18 18 18 18 17 18 20 17 13 11 12 14 21 25 30 30 22 15 
28 27 25 24 23 23 24 28 26 25 24 26 29 30 27 22 21 23 22 21 22 22 23 25 28 23 20 23 26 26 26 24 18 17 18 14 12 14 17 16 16 15 14 15 17 17 18 18 17 15 14 18 21 21 19 13 12 14 18 24 28 30 28 22 
26 26 26 23 22 23 23 25 24 22 23 25 26 24 19 17 20 22 20 20 21 22 24 26 24 19 15 15 18 18 19 18 14 13 15 13 12 14 15 17 20 20 16 16 18 17 17 16 16 18 19 20 20 24 25 18 12 13 16 18 20 25 30 28 
28 26 24 18 17 19 22 23 22 19 18 20 22 19 16 16 19 19 18 19 20 22 26 26 20 17 14 12 15 17 17 15 13 12 13 11 11 10 10 13 16 17 14 14 15 14 15 15 15 15 17 20 21 24 25 22 15 11 13 14 15 21 29 30 
36 36 33 26 21 18 21 26 23 17 15 16 16 15 19 19 17 15 18 20 19 20 23 22 18 16 15 13 14 17 16 13 12 10 11 11 11 12 14 16 16 14 14 18 20 20 21 20 26 35 44 56 59 55 49 36 23 15 14 15 15 18 24 27 
73 81 84 76 55 34 28 27 22 17 16 15 15 15 18 19 17 19 23 22 21 22 22 19 19 22 21 16 16 21 22 17 14 13 12 12 13 21 31 33 28 23 22 25 39 53 58 49 65 83 82 91 84 77 71 54 39 24 18 16 15 16 20 26 
69 87 97 88 59 37 31 26 21 18 16 16 16 17 18 17 16 20 24 23 23 28 25 22 24 26 25 22 21 26 30 25 20 15 13 14 17 23 28 32 31 27 30 46 76 92 94 81 83 87 88 84 64 41 37 34 30 26 25 21 17 16 19 24 
42 54 59 45 30 28 28 24 21 18 17 17 20 24 21 18 16 19 23 23 27 33 33 30 25 20 18 18 19 21 25 23 18 14 14 16 23 25 21 22 30 46 66 83 85 89 95 90 83 70 56 42 26 18 19 18 18 21 28 24 20 18 18 22 
31 29 29 25 24 23 23 23 21 18 16 14 16 18 16 15 16 18 20 20 22 25 27 23 18 14 14 14 16 16 17 18 17 14 14 14 20 24 24 26 52 82 90 82 85 88 87 85 79 48 21 12 13 19 21 19 18 18 23 23 22 20 24 29 
26 25 27 27 26 25 24 26 22 22 21 20 18 18 15 16 18 19 19 19 20 22 26 26 22 21 21 23 23 20 22 23 20 16 14 15 24 38 64 74 80 91 92 82 85 78 74 70 56 31 23 18 16 22 23 20 18 18 19 22 22 22 27 33 
30 30 30 29 28 29 29 28 25 29 33 28 23 25 37 42 24 21 21 20 20 23 27 27 24 23 26 31 30 28 30 27 22 17 16 20 32 62 90 89 90 94 94 97 81 62 44 36 34 31 29 25 23 25 25 19 18 19 20 20 21 21 22 29 
34 36 32 31 29 29 33 31 29 37 39 31 29 52 60 31 18 21 21 20 21 23 24 24 23 24 26 32 35 33 31 25 20 18 18 29 57 73 91 88 92 93 87 72 49 36 30 29 30 30 27 24 26 30 28 20 19 20 19 19 20 21 22 26 
35 38 36 33 29 26 33 37 36 38 34 29 47 70 45 20 19 21 21 21 23 25 27 28 29 28 29 31 32 30 26 22 20 21 35 68 80 65 74 89 95 90 79 53 26 22 21 22 24 23 21 20 23 32 32 24 21 20 18 18 18 18 20 21 
37 36 32 28 27 25 28 35 39 39 31 44 69 72 43 20 20 21 22 23 24 27 28 28 27 28 30 32 29 25 22 20 20 29 69 86 83 69 62 81 77 65 57 34 22 23 25 29 31 28 25 22 23 30 38 31 24 19 16 17 19 20 21 21 
33 35 35 41 42 34 28 29 32 33 40 64 73 70 50 25 21 20 21 25 26 23 19 17 16 17 22 26 25 24 26 27 26 51 92 90 88 80 56 46 40 34 30 29 33 31 30 35 39 34 30 28 28 41 66 62 35 21 13 13 19 22 22 19 
39 49 50 48 44 37 27 24 28 42 64 76 72 69 56 28 21 18 18 20 19 17 15 17 20 21 26 31 27 27 31 32 33 67 91 101 104 91 58 35 31 27 27 32 45 36 30 34 38 35 33 41 62 76 74 48 24 19 16 15 18 20 17 13 
39 42 37 29 28 27 22 20 30 58 79 77 70 67 61 38 24 18 17 19 19 20 21 24 28 29 29 26 25 28 33 32 38 79 89 101 107 93 46 30 29 27 24 32 50 41 30 29 34 37 52 72 80 77 62 30 16 14 14 15 15 14 12 11 
37 34 33 37 38 38 33 29 49 74 75 72 68 65 70 50 28 20 18 18 18 19 19 21 24 26 23 20 22 25 27 28 44 82 79 86 117 76 30 29 28 26 23 35 50 43 25 20 30 46 69 76 74 67 46 16 8 7 8 18 14 14 15 16 
32 37 38 51 49 46 40 44 68 76 72 69 61 59 61 47 26 19 16 14 14 16 17 16 19 22 22 21 21 21 23 38 69 77 58 64 136 72 25 29 29 26 24 33 49 43 25 20 40 55 65 69 66 52 21 12 12 12 19 65 40 21 18 21 
32 42 47 60 45 38 32 47 69 69 73 64 51 54 53 36 23 18 14 11 12 15 17 16 19 25 27 25 23 23 39 71 73 62 49 50 142 71 22 30 48 45 35 30 42 46 33 24 41 48 56 59 49 32 19 17 17 17 44 126 120 68 27 24 
35 43 53 52 36 27 26 44 69 71 75 59 47 49 47 29 22 21 19 17 16 15 19 19 20 26 27 25 24 32 63 79 74 116 130 85 153 123 55 25 33 50 40 32 35 40 29 29 31 37 48 51 47 34 23 22 21 22 83 160 163 158 87 42 
42 38 34 30 28 25 24 33 60 62 49 46 44 47 85 28 24 56 62 75 116 79 100 53 29 25 24 36 77 58 63 66 96 164 149 164 181 127 83 43 25 28 31 28 34 38 31 37 25 28 42 50 49 31 22 23 22 40 127 172 173 176 154 128 
45 34 26 25 32 28 24 30 44 33 25 42 49 47 132 65 42 141 157 180 203 170 156 128 141 82 51 109 190 129 70 102 138 158 137 177 192 163 112 61 46 42 34 26 32 39 34 37 23 27 41 46 42 24 21 20 21 74 156 159 159 154 156 185 
37 26 25 28 50 52 41 43 43 29 29 55 55 82 194 156 136 169 165 173 167 147 133 149 169 148 153 184 187 176 161 162 190 164 181 200 183 166 142 97 49 37 34 30 35 45 41 45 37 33 40 42 32 24 23 20 30 98 136 139 139 150 144 166 
31 27 36 35 37 55 56 50 37 28 38 69 62 117 215 171 190 199 164 154 156 152 138 143 150 155 178 188 188 190 194 191 202 204 206 198 163 146 119 53 30 26 25 25 31 38 45 48 53 48 43 38 24 23 25 27 54 111 100 121 129 132 115 85 
28 32 36 34 30 33 50 56 33 24 36 66 68 133 181 167 188 197 161 143 147 149 145 153 162 168 170 179 184 181 198 207 201 202 202 178 125 142 121 35 24 26 24 25 31 40 50 48 52 50 43 28 18 20 28 42 67 100 83 98 114 115 108 73 
27 20 20 24 26 32 50 49 24 24 30 55 73 147 179 167 180 156 161 161 146 143 145 149 155 163 173 188 192 194 197 193 199 212 199 179 152 112 93 32 26 31 32 32 36 37 46 51 52 49 41 32 20 20 33 47 61 91 94 87 98 114 115 77 
25 19 22 31 36 39 43 30 22 21 30 54 68 143 185 172 186 155 173 182 148 148 145 147 145 156 171 184 192 196 192 196 215 214 186 171 128 38 35 34 41 46 43 38 33 33 39 47 52 52 38 33 21 23 42 47 54 66 93 77 83 113 129 91 
18 23 46 60 58 49 42 29 24 22 27 33 43 149 190 177 199 172 183 189 146 142 143 144 147 152 170 181 189 194 199 216 218 198 185 169 116 37 38 39 37 34 27 24 26 28 38 47 40 31 29 30 26 26 48 46 49 49 73 68 80 88 103 92 
17 33 53 40 40 51 44 29 25 37 49 46 51 147 190 178 208 209 218 192 155 144 140 142 146 146 165 177 189 205 221 218 207 202 192 175 141 52 39 33 25 24 23 22 31 32 29 36 42 30 24 31 37 37 41 41 38 32 54 75 66 66 77 85 
16 27 22 12 31 73 61 30 33 50 51 56 62 90 157 178 207 219 198 183 186 175 161 172 159 146 158 178 199 213 199 180 205 199 191 191 175 125 137 139 107 57 46 46 55 38 27 35 49 43 37 42 55 46 34 45 37 41 57 78 63 58 57 54 
17 16 17 22 63 99 91 58 65 85 63 31 30 41 69 159 198 215 198 180 181 186 187 193 171 175 181 183 189 184 162 174 193 196 197 194 187 194 195 167 111 72 64 61 51 53 49 57 62 58 54 62 63 41 41 83 104 72 70 56 63 60 54 50 
21 18 18 37 72 89 92 79 82 94 79 40 23 24 28 113 193 192 194 193 185 179 192 200 186 202 183 152 146 146 146 177 194 202 201 191 200 192 172 150 84 60 80 102 106 102 93 93 74 60 58 68 58 30 34 73 128 131 100 52 55 55 57 47 
23 21 22 28 32 38 41 36 52 71 61 31 19 17 17 67 187 186 187 197 181 176 199 189 190 203 178 154 149 164 172 180 191 197 184 194 184 136 116 107 73 73 102 112 113 97 103 98 93 76 66 70 56 41 52 76 98 121 112 70 54 62 65 57 
17 17 18 18 17 16 14 15 19 21 19 17 16 13 13 53 185 186 187 191 178 167 182 167 170 179 173 171 171 168 174 163 147 117 101 119 84 69 71 65 68 103 105 97 108 113 107 107 111 90 68 57 62 71 69 71 69 82 94 86 74 89 90 71 
17 13 14 14 13 14 14 14 14 13 14 17 17 17 32 90 182 189 191 188 181 169 159 153 162 165 158 165 166 163 161 136 115 91 55 51 41 42 46 45 72 104 98 109 127 130 124 109 108 89 52 33 33 33 39 59 93 109 104 89 79 66 50 47 
18 15 15 15 14 16 17 15 13 13 16 19 21 30 48 94 181 182 184 194 189 181 146 149 156 156 156 150 146 137 129 121 102 82 62 55 44 38 39 66 110 125 115 112 125 121 108 100 112 94 33 21 22 38 84 101 112 105 90 104 105 71 43 42 
17 15 14 14 18 22 24 27 25 24 22 22 21 20 20 87 203 179 186 185 174 154 131 142 138 132 126 119 107 92 85 76 58 55 59 53 44 34 46 96 135 114 103 102 93 90 91 100 128 77 25 22 46 107 135 121 106 106 107 107 107 69 42 28 
14 14 14 21 48 59 63 66 63 59 52 40 26 17 21 121 197 185 187 182 165 151 141 125 105 82 74 76 71 62 61 61 59 58 49 39 34 47 74 99 113 99 93 90 86 96 109 105 99 52 25 28 66 91 108 143 150 170 176 148 144 127 76 30 
13 12 16 24 65 86 80 72 69 68 65 62 51 39 67 177 199 188 189 189 177 133 108 92 65 49 61 66 63 56 53 56 54 51 43 35 38 80 96 107 102 88 84 69 86 115 143 136 104 42 28 23 60 122 160 155 151 162 166 136 110 91 56 49 
16 14 18 21 30 63 83 64 61 70 72 66 61 58 113 193 191 184 190 184 139 91 84 74 69 65 45 34 23 24 31 41 46 45 41 37 37 57 82 100 103 92 80 74 91 117 134 144 88 36 27 37 135 156 148 145 158 161 146 119 94 82 79 98 
17 14 16 20 20 24 42 49 47 47 51 59 65 66 134 175 160 179 178 139 85 62 60 91 104 49 21 26 22 18 20 24 27 31 32 33 37 46 74 95 106 95 83 85 116 119 138 120 59 29 30 82 144 127 151 165 144 145 144 113 127 131 111 82 
18 17 18 21 21 25 29 34 41 52 48 43 50 63 147 150 135 171 151 94 62 49 57 113 122 87 72 64 35 21 23 24 21 19 19 24 30 34 58 105 107 82 83 86 101 107 104 82 47 34 59 115 106 121 147 137 130 163 138 140 139 122 115 101 
16 20 24 26 24 36 62 60 46 40 35 35 39 61 152 148 136 153 111 65 34 23 35 100 147 134 89 64 59 31 18 17 16 15 16 19 24 25 31 78 116 90 82 75 83 87 86 63 46 70 110 127 124 130 129 133 134 150 126 121 116 114 123 111 
13 17 20 20 27 50 52 34 19 20 18 17 26 70 164 152 142 111 73 40 23 72 118 135 105 100 110 68 59 55 27 13 14 14 14 17 23 24 25 37 74 95 87 71 66 53 46 35 66 99 120 120 119 109 119 139 119 111 103 109 121 132 148 95 
11 15 18 20 22 20 21 32 23 18 16 23 54 119 173 159 137 94 61 31 88 133 133 96 38 63 81 100 86 71 58 21 14 14 17 22 26 26 24 26 43 87 88 71 57 28 21 43 93 117 106 102 103 99 109 115 110 107 109 147 170 155 131 98 
16 17 17 18 21 20 17 25 40 46 29 46 68 127 176 158 125 87 52 61 110 118 99 38 16 24 42 79 81 84 106 74 23 12 17 28 33 25 18 17 17 29 47 65 54 19 18 64 114 106 94 103 102 105 108 112 123 135 135 138 161 148 140 110 
19 16 16 17 19 19 18 16 20 43 79 85 72 127 176 154 114 80 58 78 75 111 82 27 17 15 18 44 63 89 105 97 47 20 18 27 35 27 17 17 17 16 25 54 55 41 33 114 147 103 93 102 107 119 120 157 178 192 188 146 131 130 127 94 
20 18 15 16 18 23 44 44 33 26 50 100 95 137 172 143 103 67 69 72 74 82 47 23 18 13 12 33 52 58 63 68 77 79 46 30 39 43 37 52 44 52 33 48 49 54 67 123 147 117 103 110 125 135 143 161 160 165 175 150 126 130 98 83 
25 23 19 16 17 19 26 41 59 72 82 74 86 164 165 127 89 63 64 53 54 62 38 15 15 14 13 18 37 50 58 60 68 83 72 62 66 75 67 70 65 83 77 62 81 61 96 120 135 118 105 105 120 135 143 148 154 155 177 176 143 118 77 91 
30 31 30 27 25 23 24 26 30 46 82 75 81 146 154 113 79 68 52 38 49 46 21 17 23 17 14 15 26 52 75 79 75 60 52 79 70 61 66 55 44 66 69 81 136 135 124 112 102 102 92 98 91 92 113 116 108 119 129 114 75 106 85 61 
35 30 34 34 33 33 35 37 37 42 51 38 35 97 121 87 88 93 76 67 61 39 37 61 69 44 22 21 33 65 67 56 50 42 42 56 47 35 48 55 44 53 57 80 117 134 118 92 88 99 98 91 98 87 98 112 101 99 91 58 63 97 65 77 
92 45 36 35 35 38 41 41 37 31 28 28 60 125 87 44 88 81 58 60 45 51 59 74 79 48 32 53 80 89 74 61 42 34 33 39 30 21 28 50 62 65 86 97 115 107 80 73 65 67 94 95 97 85 83 83 89 87 70 50 67 99 92 99 
155 131 79 54 37 35 35 33 30 26 25 25 83 112 55 45 88 60 51 56 34 67 89 66 57 71 75 67 69 90 96 89 49 38 31 31 43 42 39 53 76 114 102 77 91 72 50 54 56 57 73 85 93 95 103 97 64 67 68 60 82 117 101 76 
157 123 145 121 49 30 31 31 31 32 33 49 106 108 88 70 81 62 57 42 39 81 88 53 51 74 77 71 56 62 97 113 80 56 43 46 59 74 75 93 122 132 79 68 59 41 42 58 71 62 76 92 96 101 113 112 67 57 72 76 94 107 86 86 
128 73 126 132 93 59 33 26 25 28 40 97 113 132 131 108 93 61 59 41 44 69 67 61 59 59 68 79 55 52 63 74 76 87 77 80 114 128 121 123 152 153 102 66 46 58 73 83 78 80 67 75 90 112 116 105 79 64 57 44 79 113 127 143 
110 67 78 117 74 95 76 54 29 29 78 117 105 129 128 176 115 81 58 36 43 68 55 51 47 54 51 71 67 70 61 56 67 113 119 131 149 130 108 122 157 171 117 53 70 76 72 91 99 84 72 68 66 84 92 87 102 81 40 38 87 99 94 85 
108 81 70 114 75 77 79 89 47 59 123 95 87 92 111 166 120 105 77 41 39 60 62 49 44 36 45 63 55 62 66 83 117 138 125 116 130 110 87 142 155 165 119 82 81 75 80 92 73 48 36 39 31 44 81 95 104 84 43 47 76 78 73 70 
105 83 68 106 97 70 74 83 91 106 107 74 81 95 119 143 105 103 69 47 51 72 78 69 35 26 35 44 63 87 116 105 91 85 110 123 104 99 97 157 170 167 132 100 76 78 79 65 33 22 22 26 26 39 67 74 84 89 75 59 85 78 69 69 
87 71 73 92 94 59 58 89 138 141 99 100 84 126 140 115 70 66 55 60 96 81 63 87 50 31 32 66 112 137 116 104 77 81 123 130 84 80 128 147 131 152 161 101 80 78 72 56 28 25 30 36 38 46 75 82 103 99 61 63 89 69 63 69 
78 74 77 87 104 69 73 123 137 135 98 124 109 132 144 91 55 62 66 104 125 85 59 42 46 31 47 125 152 128 90 65 45 85 122 120 81 100 128 142 158 166 157 111 84 78 80 64 39 38 41 39 38 43 64 93 113 96 73 77 88 75 71 75 
65 73 74 83 109 70 73 110 116 119 92 123 106 133 150 75 55 70 111 123 125 128 90 48 31 30 73 115 150 123 72 43 50 71 108 119 95 158 165 143 162 153 158 109 81 68 61 46 36 30 42 48 43 58 74 96 110 90 102 103 95 80 79 78 


35 32 29 33 41 41 30 21 23 26 22 18 22 26 27 30 33 32 28 22 19 21 20 20 19 18 18 19 18 18 19 19 18 20 21 21 21 21 22 24 22 21 22 23 24 25 26 27 27 26 28 28 24 18 15 16 16 17 17 16 16 18 16 11 
35 35 32 36 41 39 29 23 26 28 23 21 25 28 29 32 34 34 30 23 22 22 20 21 20 19 19 20 18 18 18 17 17 19 20 19 17 19 21 23 22 22 24 24 25 26 27 29 29 29 29 28 24 19 16 15 16 19 22 23 25 25 22 14 
33 35 36 40 41 37 31 30 33 34 29 28 30 29 29 31 33 35 31 25 24 24 22 22 22 22 22 23 23 21 20 17 17 20 22 22 20 21 21 21 22 23 24 25 27 28 30 31 30 26 24 24 22 19 16 15 17 19 23 26 28 27 22 17 
30 32 36 41 40 34 33 36 35 35 33 34 34 31 29 29 31 32 28 25 25 25 23 24 24 23 22 22 23 21 21 20 19 21 23 22 23 24 22 20 20 20 20 21 24 27 29 29 25 18 16 19 21 22 20 17 18 19 22 26 28 28 26 22 
32 33 35 37 34 31 32 34 33 33 32 33 32 27 24 24 26 26 23 23 24 24 23 23 22 19 17 17 18 19 20 19 18 19 20 22 23 22 21 20 20 20 19 18 20 21 23 23 20 17 17 19 21 25 26 22 19 19 21 24 26 28 29 28 
34 36 32 26 26 26 27 30 30 30 28 29 28 23 20 22 24 24 22 23 25 25 24 23 20 17 16 15 17 18 18 18 18 18 19 21 20 16 14 15 17 16 15 15 15 15 15 16 16 15 16 21 26 28 29 26 21 18 19 21 22 26 29 29 
37 41 35 28 25 22 24 32 33 28 25 23 21 18 21 24 23 21 23 27 26 22 21 20 17 15 15 15 16 17 17 16 17 17 17 17 17 15 15 15 15 13 15 18 20 20 20 21 29 43 52 70 77 72 64 50 32 21 20 22 24 26 29 28 
58 64 63 58 47 32 29 35 34 28 24 23 19 18 21 24 23 25 32 33 26 23 21 19 18 19 19 18 18 22 23 20 19 18 16 16 17 23 27 29 24 21 21 26 44 59 63 53 75 107 106 116 114 103 96 78 58 34 24 25 26 26 26 26 
63 66 70 67 53 38 35 35 31 27 24 23 20 19 21 22 23 28 39 36 27 25 23 20 21 23 22 21 22 26 29 27 23 20 20 21 21 24 27 29 27 26 30 54 92 107 111 94 100 117 118 113 89 61 53 46 45 38 32 29 26 25 26 27 
50 49 48 42 34 32 30 29 28 25 21 20 21 24 24 22 22 28 35 33 29 29 28 25 22 18 16 17 20 23 24 23 23 22 22 22 24 24 21 21 31 53 81 101 97 103 122 122 114 99 78 57 35 25 25 25 25 29 35 31 28 27 30 30 
39 34 30 27 27 25 24 26 26 22 18 17 18 19 18 19 22 24 26 25 25 24 24 23 17 14 13 15 17 19 19 20 23 23 22 23 25 26 26 33 73 112 118 98 103 118 122 120 109 63 25 17 17 23 26 26 25 27 30 31 31 30 32 31 
30 27 28 29 29 27 26 29 29 25 22 20 20 20 19 24 28 25 23 23 22 22 24 24 22 20 21 22 22 21 23 24 26 24 24 27 31 45 81 100 115 126 117 95 111 115 106 95 72 35 23 19 18 24 28 28 28 29 29 31 31 32 34 32 
30 30 31 31 29 30 30 33 32 31 32 28 25 28 48 61 39 27 24 22 21 22 25 25 24 22 24 27 27 27 27 27 26 26 27 30 42 83 122 126 127 128 125 122 112 93 59 39 33 27 25 23 22 26 28 27 28 29 29 31 33 35 37 36 
33 33 32 32 30 30 33 36 35 37 38 32 34 69 86 47 23 24 22 20 20 23 24 23 22 22 24 27 29 30 29 27 26 28 30 48 84 107 124 125 129 128 120 104 79 50 30 26 26 26 24 22 24 29 28 26 28 29 30 31 33 34 33 32 
33 32 33 33 29 27 31 35 36 36 33 34 64 100 68 25 21 22 20 20 22 25 26 27 27 27 27 28 29 28 27 27 27 32 55 98 117 105 112 126 128 123 108 75 39 24 22 22 23 22 20 19 23 30 31 27 28 30 30 31 32 32 27 24 
45 33 30 29 29 25 27 31 34 32 32 58 98 105 64 26 22 22 23 23 25 26 27 27 26 27 27 27 27 26 25 23 25 44 96 123 122 108 101 116 110 92 72 38 22 22 24 27 30 27 23 21 22 29 37 35 32 29 25 27 33 33 26 22 
59 44 37 42 43 33 27 27 29 30 48 88 109 104 72 31 23 22 23 25 24 21 19 17 17 17 20 24 26 26 27 26 30 69 123 123 118 117 93 81 66 44 31 26 36 31 26 31 35 32 27 26 30 51 82 80 48 28 19 20 29 30 24 21 
66 64 60 51 42 33 26 24 28 47 83 105 108 102 79 37 23 19 19 20 19 17 16 17 18 21 24 27 29 29 29 29 38 91 117 67 63 78 82 67 44 28 25 33 58 39 28 32 36 33 32 50 80 105 100 61 27 21 18 17 20 21 18 16 
68 64 47 31 26 25 23 22 36 76 106 110 107 102 88 48 26 21 18 19 20 21 20 23 25 26 25 26 27 29 29 30 48 106 117 56 43 36 66 67 52 32 25 39 73 47 29 29 33 38 64 97 113 112 87 35 15 14 14 15 16 14 13 14 
52 44 34 36 36 34 31 32 62 97 104 105 103 103 102 67 32 23 20 21 22 21 20 21 23 23 21 21 23 24 25 29 60 112 111 65 36 31 39 60 61 43 27 47 83 60 27 22 34 59 95 108 109 103 67 19 9 8 10 18 15 14 15 16 
37 50 42 50 47 40 36 53 89 102 100 101 96 96 96 68 31 23 19 16 17 19 18 16 18 20 20 21 21 19 22 47 88 106 89 69 30 20 26 55 65 57 37 46 83 72 32 27 59 81 96 102 99 79 30 13 11 12 22 68 41 20 18 20 
51 60 61 78 63 46 34 63 96 96 99 94 87 89 85 52 26 21 17 14 15 17 18 17 19 23 24 23 21 21 43 90 99 89 78 58 32 24 22 44 73 79 62 46 71 82 52 38 71 78 90 93 75 42 19 17 16 18 51 138 128 71 26 22 
65 70 80 86 72 54 33 62 95 97 101 89 79 79 70 39 24 21 20 17 15 17 18 18 19 23 24 22 21 34 81 109 103 121 116 67 60 78 47 30 50 75 69 54 64 79 59 54 62 67 81 85 73 40 21 21 21 24 93 172 178 164 89 48 
73 76 72 67 63 52 32 43 76 78 64 71 73 70 52 24 21 20 19 20 25 17 14 29 24 19 19 20 29 59 89 98 119 138 104 88 90 78 76 55 41 44 49 47 56 70 67 67 56 59 75 84 80 41 21 22 22 45 137 182 185 186 163 138 
79 73 63 58 56 42 32 35 50 38 31 58 72 61 57 28 20 10 8 21 38 9 8 41 25 15 17 20 16 37 69 83 136 132 109 101 69 87 101 91 86 79 63 42 41 54 65 70 53 57 72 80 66 28 21 22 26 87 164 171 174 169 172 194 
75 64 58 56 59 51 47 51 56 38 36 73 78 73 97 52 18 6 1 5 11 2 3 5 4 3 7 14 4 6 17 58 137 121 123 97 65 100 96 85 57 52 52 43 40 48 58 73 65 62 69 72 46 24 24 22 43 118 153 158 160 167 165 180 
69 64 63 54 50 57 59 69 69 56 54 90 89 95 114 25 18 28 4 1 0 0 1 1 1 1 2 6 3 5 9 60 115 126 143 121 72 83 72 40 27 26 24 25 30 42 61 71 79 75 72 62 32 25 28 38 79 131 126 143 150 154 141 120 
55 55 57 54 49 51 69 86 67 56 54 85 93 68 21 1 10 25 6 1 1 0 0 0 0 1 1 2 3 4 10 19 69 101 116 70 44 80 80 29 24 24 23 24 31 48 78 75 70 71 69 46 25 26 42 67 97 127 113 122 137 142 136 112 
30 25 27 38 47 53 76 83 58 53 52 68 86 48 3 1 3 1 2 3 0 0 0 0 1 0 1 2 5 8 9 9 54 102 87 87 78 60 60 29 30 38 44 50 57 65 81 85 70 56 51 42 25 29 59 77 91 120 122 114 120 139 144 117 
27 22 28 50 66 68 74 65 54 50 53 56 62 39 2 3 15 6 2 3 0 1 0 0 1 1 1 1 3 6 10 65 89 64 28 38 41 26 34 47 67 76 75 68 62 60 70 78 69 54 40 40 27 34 68 79 86 101 120 104 108 137 152 124 
20 27 65 93 94 85 75 64 56 50 50 45 37 24 2 5 29 21 13 5 1 0 1 1 0 1 0 1 2 4 10 48 50 34 10 19 34 28 47 57 57 50 37 30 29 31 52 71 54 32 31 34 31 39 73 76 80 78 98 95 105 114 130 124 
18 46 80 65 66 78 77 64 56 62 72 68 62 34 3 2 23 52 49 9 6 2 0 1 1 1 0 0 2 11 30 40 18 16 14 10 22 37 44 30 27 29 27 24 34 34 30 44 55 39 28 35 43 52 61 64 55 42 69 97 93 95 108 116 
19 35 31 15 38 92 91 63 62 74 71 73 84 80 32 4 20 53 39 5 18 20 11 18 4 1 1 2 13 21 14 5 7 18 24 4 11 27 26 25 50 83 75 69 76 52 30 46 77 75 64 64 78 60 40 57 43 49 71 101 90 88 86 84 
18 18 17 25 75 120 117 88 89 109 83 41 37 50 54 43 34 47 53 16 5 14 18 28 4 14 17 9 9 4 3 1 3 30 10 6 8 11 13 18 70 107 101 96 86 81 68 82 100 96 91 99 95 54 47 101 119 88 88 84 89 87 83 81 
20 18 20 43 84 107 111 100 102 119 102 50 22 23 24 57 83 44 84 92 43 11 21 33 16 35 15 3 1 2 1 1 2 9 11 9 18 18 14 13 52 92 113 127 127 122 117 119 111 100 98 106 80 35 38 88 147 149 123 80 84 81 85 76 
23 21 22 29 35 43 46 42 61 86 74 37 19 16 15 32 87 46 92 106 37 9 25 24 22 35 17 11 6 5 21 17 12 12 9 6 19 55 67 58 62 101 131 136 134 123 129 125 123 111 107 108 78 50 58 87 113 140 139 102 86 92 91 84 
17 15 17 17 17 16 14 14 18 23 20 17 16 13 12 25 73 50 92 105 68 11 15 18 22 26 22 23 20 13 33 29 27 35 30 35 65 98 105 91 90 129 134 126 134 138 135 135 138 119 99 81 67 64 64 68 75 100 119 115 108 118 113 96 
14 12 13 13 12 14 13 13 13 13 13 16 16 18 38 62 21 42 89 105 103 61 20 19 22 25 26 30 27 32 45 40 45 63 71 66 61 68 69 67 97 133 129 136 151 154 148 138 134 116 70 39 35 37 49 77 115 138 134 123 117 104 86 83 
18 15 14 14 14 16 16 14 13 13 15 18 19 32 57 65 37 37 93 104 102 95 35 23 28 29 30 43 56 65 66 67 68 73 78 71 57 52 53 86 135 150 141 138 151 147 135 128 136 106 37 22 26 51 110 135 143 137 128 138 138 105 78 74 
16 15 13 14 19 26 30 37 36 32 25 21 19 19 19 37 89 54 78 94 106 83 33 24 26 37 57 72 82 84 89 86 73 72 73 65 57 50 71 126 159 144 133 132 127 121 122 128 144 87 26 23 56 126 159 149 138 140 141 140 133 95 68 54 
13 13 13 27 71 91 96 102 101 95 82 60 33 18 21 45 48 37 60 97 106 86 33 28 42 53 76 100 98 79 77 73 71 76 72 61 57 73 107 135 144 132 125 123 121 129 137 132 122 70 33 28 72 104 127 157 166 185 188 165 159 143 96 55 
12 12 15 27 86 122 119 111 108 107 105 101 83 61 75 83 37 26 61 102 110 46 26 42 61 68 95 101 90 69 68 74 76 76 68 60 64 104 127 137 133 122 117 107 119 144 162 155 121 65 42 25 69 134 172 171 167 178 180 154 133 114 81 73 
15 14 16 19 34 83 117 104 97 104 107 104 100 93 106 57 25 33 66 80 53 25 35 52 81 85 70 49 33 30 39 56 66 69 66 62 64 84 113 129 132 123 115 113 126 144 157 159 105 60 41 47 147 170 166 168 175 176 164 139 118 106 98 113 
17 14 15 18 19 27 56 79 83 84 86 94 100 100 117 100 42 46 67 52 37 51 70 110 122 61 28 29 28 19 19 24 34 44 48 50 54 62 98 123 132 124 115 113 136 146 158 134 78 49 40 98 161 151 171 180 164 166 161 137 146 145 125 100 
17 15 17 20 19 27 38 45 58 82 83 77 82 91 141 147 75 65 74 58 55 60 72 130 141 98 81 74 47 22 20 21 19 18 19 25 31 35 69 127 133 114 110 110 127 135 131 102 59 42 72 136 135 148 166 160 156 178 157 159 156 140 132 118 
16 18 21 23 22 46 87 88 63 49 44 49 55 73 163 162 124 100 91 69 36 26 38 112 159 146 108 82 73 38 17 15 15 14 15 18 22 23 33 94 137 120 110 103 106 110 112 78 50 79 128 151 149 154 154 157 157 168 149 144 140 134 140 128 
13 15 18 19 31 65 69 50 25 19 18 19 32 82 177 166 153 117 84 45 23 77 126 146 121 121 125 89 77 66 31 14 13 13 13 17 21 22 23 44 95 121 114 100 91 66 51 38 75 118 143 145 142 139 149 163 147 140 132 135 142 149 158 114 
12 13 16 18 21 22 22 35 25 18 17 31 77 137 185 172 147 102 68 35 97 146 145 107 46 79 104 119 105 89 70 25 13 14 16 25 31 26 22 25 50 103 113 100 82 34 20 49 107 136 133 131 134 133 141 145 141 136 136 166 180 165 144 119 
16 16 16 18 21 19 17 22 38 48 36 70 105 147 189 170 133 96 56 75 129 134 116 46 15 26 54 97 102 107 120 84 26 12 18 40 52 34 17 16 17 34 63 86 67 23 20 76 130 130 124 133 134 138 140 143 153 160 158 158 174 161 151 126 
17 16 16 18 19 18 16 14 17 41 88 115 110 147 191 167 123 89 63 104 103 128 99 30 14 13 22 66 91 111 120 111 58 27 21 43 59 41 20 18 17 17 29 64 65 48 39 123 159 129 125 133 135 142 150 176 191 202 197 163 150 148 139 109 
19 16 15 16 17 21 43 47 36 27 67 127 120 152 190 159 115 75 80 103 99 103 55 16 14 12 13 49 83 91 93 94 96 93 58 50 64 63 53 64 56 64 41 53 56 59 78 135 158 136 130 139 151 157 166 178 177 181 187 165 146 146 113 100 
23 22 18 16 16 18 23 39 60 80 108 103 96 180 186 145 103 73 86 80 81 82 30 14 14 13 13 25 63 86 93 94 97 102 92 86 90 96 93 93 92 111 105 81 87 64 103 134 145 133 131 135 146 157 164 167 172 174 190 185 153 131 97 106 
26 28 28 25 24 23 22 24 27 49 99 84 86 158 176 133 94 87 83 70 80 51 15 14 16 14 14 15 35 79 105 107 102 85 79 103 96 87 95 83 73 95 101 108 148 143 136 125 114 123 125 131 127 127 141 142 137 146 150 128 90 120 101 82 
35 28 30 31 31 32 34 33 32 39 55 35 32 104 143 101 97 112 104 95 88 50 34 30 20 19 16 19 42 94 102 88 79 70 69 82 74 62 74 82 73 80 86 108 141 154 138 119 118 127 127 124 128 123 132 141 134 134 116 75 78 112 86 96 
105 47 37 39 41 42 41 37 31 26 26 24 60 148 110 44 93 105 86 89 70 43 27 22 22 26 39 73 109 122 108 92 71 58 56 63 54 47 55 76 88 91 114 124 141 135 110 103 94 98 122 124 122 119 121 122 125 117 94 67 86 115 109 109 
168 144 95 70 48 39 33 29 26 23 22 24 88 138 65 46 101 86 81 86 57 47 29 29 38 80 101 99 102 119 125 117 79 65 56 59 68 72 68 80 102 134 126 107 119 102 80 83 84 86 102 112 120 123 127 116 81 72 67 63 93 129 110 83 
173 142 161 134 56 28 27 27 28 29 31 48 119 129 102 75 92 90 87 70 61 56 30 43 66 94 105 101 85 90 122 137 109 86 69 73 84 96 98 111 138 147 110 98 85 67 70 88 98 94 106 115 118 128 136 127 83 69 69 65 93 116 86 80 
153 107 143 148 110 68 35 25 24 26 38 102 128 151 152 126 113 94 87 66 65 67 53 72 81 83 93 106 85 81 90 101 103 114 102 101 131 140 132 134 163 164 123 90 70 79 98 109 99 98 96 100 114 132 133 126 104 84 72 58 90 125 137 151 
138 107 105 141 96 111 92 67 34 31 85 132 123 146 149 189 133 108 86 62 64 86 74 76 71 78 79 99 95 97 90 81 92 132 134 141 156 137 118 135 166 178 131 81 95 95 90 105 112 103 98 94 90 105 115 116 128 103 61 64 109 124 119 111 
138 119 105 142 107 98 100 109 64 64 128 111 113 118 131 177 136 125 102 72 65 80 85 74 69 62 72 91 84 89 91 102 131 146 135 128 139 119 102 155 167 175 135 107 109 107 111 115 96 73 62 66 59 72 105 122 127 109 61 74 110 114 110 107 
135 120 105 136 128 94 96 103 111 121 120 96 109 121 140 160 128 126 99 82 84 91 97 93 62 51 61 70 86 109 129 120 107 98 122 134 117 110 111 166 177 174 144 120 107 111 110 92 58 45 47 53 54 66 93 102 115 119 88 77 114 112 107 107 
116 106 112 129 130 89 81 108 150 156 126 124 112 147 160 139 104 101 89 92 121 100 84 104 77 58 57 89 127 147 128 117 91 97 132 139 102 96 140 156 144 163 169 123 111 109 103 84 55 56 60 64 62 72 102 112 130 124 77 82 110 100 99 105 
103 110 116 121 132 97 93 138 150 152 124 139 130 152 163 120 91 101 102 129 145 105 84 66 67 56 73 141 163 142 108 81 64 100 133 131 100 119 142 155 171 174 164 131 112 108 109 90 68 66 67 62 60 69 91 121 138 122 97 100 112 102 99 103 
89 105 111 117 132 100 95 127 135 141 118 137 127 151 166 105 89 106 140 148 148 141 109 74 57 58 101 136 162 136 90 63 68 90 123 131 115 170 174 156 169 163 167 129 108 96 88 73 61 53 66 70 63 79 100 122 134 119 127 121 116 103 104 103 


13 12 13 14 14 17 13 9 11 14 13 11 13 14 12 13 14 14 12 10 10 9 10 10 8 6 8 7 7 8 6 7 6 7 6 6 7 8 9 11 9 7 8 8 9 10 9 9 9 8 8 8 7 6 6 6 7 7 9 7 8 6 5 4 
12 13 13 14 14 14 13 11 13 15 13 11 13 16 16 16 16 14 13 14 15 14 13 13 12 9 9 9 8 8 6 5 5 5 6 5 6 6 7 9 7 8 8 10 9 10 10 10 10 9 9 9 8 6 6 5 7 10 13 13 14 14 9 5 
13 14 15 15 14 13 12 15 15 14 12 14 16 17 16 15 13 15 14 15 16 14 13 13 13 11 10 11 11 10 9 7 6 7 8 7 6 6 6 7 5 7 9 9 10 10 11 10 8 8 8 9 9 7 5 5 6 8 12 15 17 16 11 7 
14 16 15 14 13 13 13 16 16 14 12 15 16 15 13 12 11 13 13 11 11 10 10 10 11 10 10 10 10 8 7 6 6 6 7 6 6 7 7 6 7 7 7 8 9 10 10 10 8 6 5 9 10 11 9 6 6 7 10 14 17 16 14 10 
15 16 14 11 11 12 12 13 14 12 12 13 12 10 8 9 11 12 9 9 8 9 7 7 7 6 7 7 6 5 5 4 5 5 6 5 6 6 6 7 7 7 6 6 7 8 8 6 6 6 7 9 10 13 13 9 7 6 9 10 12 15 17 15 
15 14 11 8 8 9 11 12 12 11 10 11 10 8 6 7 8 8 6 8 10 9 7 7 7 5 5 6 4 5 5 5 5 5 6 5 6 4 4 5 6 6 5 5 6 6 5 5 4 6 8 10 11 13 14 12 7 5 7 7 8 12 17 17 
15 16 15 11 9 8 9 14 13 11 9 8 8 6 7 7 8 7 7 11 11 8 9 9 7 6 5 6 5 5 6 5 4 5 4 5 7 6 6 8 7 7 7 9 10 10 12 12 16 23 29 38 40 39 34 21 12 7 8 7 8 11 14 14 
31 37 39 35 25 16 15 17 14 11 9 8 9 8 9 10 10 10 13 13 13 11 10 9 9 9 8 8 6 9 9 7 6 6 5 6 7 10 15 17 15 13 14 16 25 35 39 31 46 65 66 74 68 63 55 32 17 10 9 8 8 10 12 14 
35 42 48 43 28 20 19 18 13 10 9 8 8 8 9 8 9 11 13 14 13 13 11 9 11 12 11 10 9 11 11 8 7 7 7 7 8 12 16 19 18 16 19 34 57 71 73 60 64 76 80 74 49 30 25 18 14 11 12 11 10 10 11 13 
25 27 30 24 17 16 15 14 12 9 8 7 8 9 8 7 8 10 12 14 11 11 10 9 9 8 7 8 8 8 7 7 7 7 8 9 11 11 11 12 19 32 50 64 62 70 81 79 71 59 49 35 18 10 11 12 10 12 14 13 11 11 12 13 
20 18 15 13 12 13 12 12 12 9 8 7 7 7 6 7 9 11 12 12 11 10 10 10 8 7 6 7 8 7 6 7 7 8 8 8 10 11 12 16 41 71 79 66 67 75 78 76 66 35 11 7 8 11 13 11 10 11 13 13 11 12 14 15 
14 13 14 15 15 15 13 14 12 11 11 10 10 10 9 10 12 12 11 10 11 11 13 15 12 10 10 14 13 10 11 11 11 9 9 9 14 25 48 57 69 84 79 62 69 69 62 57 44 21 13 9 9 13 14 11 11 11 12 12 12 14 16 19 
15 16 16 17 17 17 17 17 15 18 20 16 14 16 26 31 16 13 11 10 11 13 15 16 14 13 15 18 19 18 17 15 11 9 10 12 19 43 72 74 80 85 81 76 62 45 28 25 23 19 16 13 13 14 14 11 10 11 12 13 13 13 15 19 
19 20 18 17 18 17 19 18 18 24 26 20 20 38 48 25 13 14 13 12 12 12 12 13 13 15 16 19 22 21 19 14 11 10 11 21 41 53 73 77 85 82 71 51 26 14 11 13 13 12 10 10 12 16 15 12 11 12 12 11 12 13 14 16 
20 21 19 17 15 15 18 22 22 24 23 19 35 55 36 12 11 12 12 12 12 13 15 17 17 19 20 19 19 17 16 13 11 11 28 56 63 47 59 77 86 75 55 30 10 8 8 10 11 9 8 8 10 17 18 14 12 13 12 12 14 12 12 11 
19 19 18 17 18 16 16 20 23 22 18 31 55 59 34 14 11 11 11 12 12 13 14 15 15 15 15 15 13 14 14 12 10 21 55 73 68 50 45 67 61 45 38 22 13 13 16 19 21 19 15 13 13 18 23 20 15 13 10 11 14 13 12 10 
23 23 23 29 31 23 16 16 17 17 27 51 60 60 44 15 10 10 10 12 9 8 7 6 7 7 9 12 13 14 15 15 15 37 74 76 71 60 31 24 19 19 18 18 20 18 20 24 27 24 18 16 19 33 55 50 24 12 7 7 12 13 11 10 
25 32 32 29 26 18 12 12 13 23 52 68 60 59 48 18 10 10 9 10 9 6 6 7 10 12 13 17 17 17 19 18 20 52 71 53 52 51 23 7 15 19 17 20 26 21 20 24 28 25 23 34 55 70 64 38 15 10 8 7 9 9 7 7 
25 30 24 17 14 12 11 12 18 44 72 69 56 54 50 27 15 12 9 10 10 10 10 11 14 15 14 15 16 16 16 16 26 64 69 44 41 27 12 5 11 17 15 20 29 24 19 20 23 28 45 68 77 71 49 18 9 8 8 7 7 6 5 5 
20 22 23 24 24 21 19 19 35 65 69 61 51 51 56 38 21 15 11 10 11 11 10 11 14 13 12 12 14 14 15 15 32 67 59 34 39 24 11 6 6 11 15 22 32 28 16 14 20 38 66 74 69 59 36 10 4 3 5 10 8 7 7 8 
17 20 26 35 32 26 24 29 56 71 66 55 44 47 53 39 20 15 11 9 10 10 10 10 10 11 11 11 10 11 12 24 49 56 32 22 47 23 13 9 6 6 11 21 33 29 14 12 28 47 62 63 57 41 15 6 5 6 16 53 28 12 9 11 
13 20 31 42 28 20 19 32 60 66 69 54 37 42 45 28 14 13 9 7 7 8 9 9 10 12 12 12 10 12 25 53 54 36 19 17 52 25 11 14 17 15 9 16 29 36 22 15 29 38 48 47 36 23 11 8 8 11 45 118 104 53 16 14 
7 15 25 28 14 8 13 32 61 67 72 52 34 36 36 20 12 12 11 10 8 8 9 11 11 14 15 15 14 18 43 61 56 76 72 42 71 65 31 15 16 17 10 11 20 29 19 17 20 29 37 36 32 21 13 12 11 17 86 149 152 142 70 35 
10 7 6 5 5 7 12 25 50 54 44 38 32 30 44 16 12 19 21 26 43 25 28 22 15 12 14 18 31 25 33 46 75 99 76 83 94 62 42 17 10 12 11 10 16 24 22 23 16 20 30 36 34 19 14 13 13 39 126 162 163 165 140 116 
10 5 5 4 9 12 14 19 30 24 20 34 39 27 67 30 16 34 37 56 81 40 32 43 46 24 17 35 54 35 25 55 99 97 78 91 85 78 53 21 12 9 9 11 16 20 22 25 18 19 29 33 27 14 13 12 17 76 145 147 143 135 149 173 
8 4 7 7 19 29 24 27 27 19 22 47 45 50 116 72 41 36 27 36 39 23 17 24 34 28 35 51 41 37 38 63 107 95 99 101 76 88 71 50 24 16 13 14 19 22 22 29 30 29 31 30 20 16 14 12 28 89 117 123 121 124 131 158 
7 7 15 16 17 30 34 28 15 10 26 62 55 76 139 52 53 67 29 21 21 20 15 17 21 25 36 42 40 41 45 74 95 106 114 99 66 67 56 26 18 17 15 15 21 24 23 27 39 43 35 24 15 15 16 20 50 89 74 101 111 112 93 76 
11 14 20 21 16 18 29 35 10 5 23 59 59 64 50 25 46 63 28 15 16 18 17 20 23 26 29 34 40 39 47 55 77 94 103 69 46 65 56 18 15 15 14 15 19 25 32 27 29 37 34 18 11 12 22 36 58 77 52 72 90 97 87 57 
17 14 15 14 11 15 29 32 8 4 12 42 58 57 31 24 36 19 24 28 16 14 15 18 20 24 29 36 41 45 47 41 73 106 87 77 64 46 42 17 15 14 13 13 13 15 24 31 26 25 25 18 12 13 30 44 56 76 64 59 70 93 95 60 
17 14 17 19 21 22 22 10 4 4 8 27 41 48 32 29 53 26 29 37 18 20 18 18 17 21 27 34 38 43 46 80 104 93 55 52 41 19 19 17 16 16 15 15 12 13 19 27 28 26 20 18 12 17 36 42 47 56 66 44 54 94 110 71 
11 14 31 43 42 34 21 6 3 5 8 15 20 44 34 34 72 50 43 42 17 16 15 16 19 21 27 30 36 40 49 86 87 59 42 45 37 18 18 15 14 15 14 14 14 17 26 30 22 17 15 14 14 20 37 36 34 35 51 38 48 63 84 73 
9 19 34 27 26 33 22 4 4 9 20 22 22 43 37 28 68 95 95 48 29 18 14 17 19 19 25 31 36 51 74 77 56 52 49 42 38 19 15 16 13 15 13 13 16 17 18 22 21 17 14 14 17 20 25 23 19 19 44 46 31 31 47 55 
10 15 14 8 19 52 41 9 12 27 31 32 36 41 44 31 62 98 79 37 59 56 38 51 32 23 23 33 52 64 51 34 46 52 49 42 43 33 39 44 44 38 26 21 20 17 16 23 32 29 23 28 34 24 20 25 23 27 44 51 30 22 21 21 
9 10 9 13 46 80 76 45 45 64 50 22 18 22 31 60 70 91 89 47 39 55 60 72 38 49 52 44 44 38 26 29 37 54 42 44 45 47 50 47 52 54 37 29 31 38 36 44 46 42 40 48 45 23 26 58 70 48 45 31 33 30 20 17 
13 11 10 22 52 71 76 65 63 74 64 31 14 14 16 60 106 77 108 115 77 50 63 78 55 80 51 25 22 22 18 30 37 46 50 46 59 57 47 38 30 35 56 85 93 84 78 75 56 46 46 53 38 16 21 53 91 90 63 30 30 24 22 15 
14 13 13 16 20 26 29 27 38 53 46 22 11 10 10 32 106 76 107 126 70 44 69 64 63 79 53 41 32 37 54 50 47 51 42 43 50 53 49 44 33 51 89 103 99 87 90 87 80 59 51 52 31 20 36 57 71 84 66 39 32 36 34 25 
11 10 10 11 11 10 10 9 13 14 12 11 10 8 8 24 93 77 105 121 94 42 52 49 54 60 54 57 54 46 67 55 43 35 26 30 33 51 56 45 50 87 94 91 100 104 99 97 97 72 42 28 30 37 38 41 45 60 60 51 50 65 60 39 
10 8 8 8 8 9 9 9 9 8 8 10 9 9 18 42 51 70 108 120 117 85 47 44 50 52 49 55 53 58 66 49 42 47 34 23 15 23 29 31 62 95 93 102 116 118 112 100 96 75 32 17 18 20 27 41 67 80 72 57 58 41 19 18 
11 10 9 9 9 10 11 10 9 8 9 11 11 15 24 41 66 65 107 120 120 116 56 45 50 51 51 60 67 68 67 63 54 46 39 32 20 15 19 58 103 116 106 102 112 111 102 95 108 79 22 14 16 37 70 76 81 75 68 83 80 36 15 18 
10 10 9 9 11 15 18 20 20 17 15 13 13 11 10 38 116 79 95 108 114 93 47 41 41 50 62 66 63 57 55 47 33 32 33 26 18 15 34 85 120 102 93 91 86 88 89 95 118 63 14 15 40 91 107 95 84 85 89 87 83 49 28 17 
8 8 8 13 37 50 52 55 52 48 40 28 17 11 12 54 83 68 85 110 111 94 51 40 42 40 44 55 51 39 38 35 31 32 26 17 15 34 58 82 96 88 81 80 82 94 105 98 84 38 15 18 49 74 101 129 138 159 161 134 130 112 57 20 
7 8 9 14 45 73 71 63 59 57 52 48 38 29 45 90 77 61 87 117 122 57 33 37 32 30 43 52 48 34 31 32 31 29 22 15 23 62 78 86 86 78 71 66 83 106 132 123 83 29 17 15 60 117 148 138 139 153 152 122 100 78 44 43 
8 8 9 11 18 45 65 41 36 49 55 52 47 43 68 77 61 66 94 104 65 26 31 36 48 45 30 24 17 14 16 21 25 24 21 18 19 39 63 79 87 81 70 68 83 106 130 128 67 25 16 39 132 140 133 136 149 149 133 106 89 81 71 85 
9 7 7 9 10 14 24 17 9 13 22 33 42 44 75 81 50 76 91 64 27 25 42 79 88 40 14 18 11 8 9 12 14 17 17 16 18 27 53 73 84 82 68 68 97 107 120 92 40 17 23 81 129 117 142 152 132 138 133 113 125 120 94 70 
9 8 8 10 11 12 16 15 15 19 16 13 17 27 87 93 60 88 83 41 27 27 42 94 106 76 55 45 21 11 9 9 8 8 9 11 15 19 42 89 91 71 60 61 82 91 79 51 28 23 54 101 94 115 135 124 121 154 130 136 129 112 101 85 
9 9 12 12 13 22 35 28 19 18 15 12 14 28 106 109 84 93 65 33 17 14 27 85 128 114 70 40 37 20 8 7 6 6 6 7 10 12 19 66 100 78 61 51 55 64 62 36 29 54 91 111 112 116 115 123 123 139 116 112 106 105 111 89 
7 9 10 11 15 28 28 17 10 10 10 10 17 48 127 116 98 70 42 19 15 63 104 114 78 83 94 53 37 35 17 6 6 6 7 9 11 12 13 26 62 81 68 51 41 33 26 22 54 82 94 97 95 93 109 125 105 98 93 106 114 125 128 64 
7 9 9 10 11 11 11 21 16 10 10 16 40 91 135 123 96 57 31 18 78 114 111 74 25 47 67 87 70 50 41 14 6 6 7 10 13 11 10 12 31 69 67 51 31 12 10 36 78 96 81 78 82 84 93 100 99 98 104 145 160 140 110 70 
10 10 10 10 11 11 9 14 25 34 23 36 56 95 137 118 79 48 26 35 72 92 72 23 9 15 29 63 64 67 84 62 17 5 8 13 13 10 8 7 8 18 32 42 28 10 13 64 102 83 70 78 78 83 94 105 120 135 131 130 150 134 119 78 
9 9 8 10 11 9 9 9 10 25 61 72 58 93 136 110 65 39 35 37 33 85 51 12 9 8 11 30 46 71 82 76 38 14 10 13 15 13 10 9 7 7 13 30 29 19 28 109 131 83 74 78 79 91 109 151 171 186 177 135 119 119 102 61 
12 9 8 8 8 12 27 31 24 16 32 77 75 100 131 94 58 33 43 33 38 48 18 7 7 7 6 19 35 42 45 49 61 65 36 18 21 25 25 34 29 37 22 29 28 27 51 110 131 97 78 85 101 114 132 148 145 155 165 139 116 113 68 60 
13 12 10 8 8 9 12 22 38 52 65 57 59 124 125 79 49 37 40 24 24 26 12 6 7 6 5 9 22 34 42 46 52 61 44 43 48 52 50 46 44 63 57 49 63 45 70 96 114 94 81 83 100 116 125 131 137 146 169 161 124 94 56 70 
15 15 15 15 14 13 13 14 16 26 57 48 48 105 114 70 44 43 23 12 19 15 8 9 9 9 6 7 15 36 55 61 54 36 30 59 51 43 51 39 31 50 50 65 115 112 98 84 76 78 68 74 74 82 95 92 91 107 114 87 58 89 56 38 
25 15 16 17 18 18 18 18 18 20 26 18 17 67 79 50 54 62 37 31 32 21 22 25 23 17 10 12 27 55 53 42 37 29 25 41 33 21 34 44 28 36 42 61 97 111 94 69 66 77 72 66 73 75 83 89 79 86 67 34 48 76 44 59 
90 36 23 21 21 20 19 20 17 14 14 13 39 97 59 21 52 43 18 20 15 19 21 22 25 20 24 46 70 75 58 44 26 20 18 23 18 13 21 42 44 51 72 76 95 86 61 53 42 51 71 68 66 65 69 65 63 63 42 28 58 81 73 71 
145 121 75 44 23 18 17 16 14 13 13 11 59 82 32 27 59 34 18 16 8 22 27 23 26 50 62 57 59 72 78 74 35 26 20 23 33 34 31 46 66 98 80 62 73 53 31 32 39 45 60 68 69 70 73 60 34 38 41 37 69 95 73 52 
142 102 133 109 40 15 14 15 15 14 16 29 76 82 76 49 56 34 20 12 14 32 28 24 29 49 62 57 41 47 79 97 70 47 32 36 46 64 68 83 110 113 67 58 40 24 26 44 54 52 63 68 67 72 78 75 44 38 44 41 68 76 61 67 
115 59 103 117 76 47 21 13 12 13 24 73 77 108 115 106 73 28 23 18 21 35 33 34 33 36 48 60 40 40 52 62 63 71 63 73 105 113 103 106 136 139 85 47 27 39 53 62 58 57 47 51 64 82 84 76 57 43 34 27 63 96 118 133 
91 57 57 106 54 73 56 44 19 19 65 84 73 106 111 166 99 52 39 17 17 40 29 28 26 30 34 53 47 49 45 45 60 103 104 113 131 110 85 106 144 158 97 36 50 56 53 68 73 58 46 45 42 57 70 77 83 53 23 31 66 77 75 68 
89 69 49 99 65 52 52 65 33 49 100 58 62 74 90 149 104 90 66 31 18 33 39 30 25 19 31 48 37 42 48 72 102 118 104 98 115 89 71 132 148 157 105 66 63 67 72 72 48 25 17 21 15 33 68 83 84 63 28 34 50 53 53 53 
87 68 51 87 85 44 45 61 78 89 76 43 59 75 99 126 83 82 57 42 42 52 55 51 21 15 23 29 51 77 101 90 79 64 91 107 92 81 87 145 158 156 123 88 68 76 70 45 18 12 13 16 18 29 55 65 73 73 50 43 61 51 50 52 
62 55 60 77 82 39 33 67 119 123 69 82 70 104 124 99 50 51 45 51 86 62 39 62 33 18 22 62 100 118 92 79 59 64 105 112 73 64 114 132 120 143 149 90 74 70 63 40 16 21 24 26 25 30 58 73 90 74 36 47 62 45 43 48 
46 55 62 65 81 49 45 102 113 108 65 97 84 105 130 77 38 45 58 93 104 65 41 25 26 17 39 111 137 106 65 39 29 67 105 102 67 92 119 132 153 154 139 97 78 71 66 43 26 28 29 25 25 31 54 82 96 73 51 55 66 56 55 55 
28 46 48 53 88 55 44 81 91 97 63 97 81 106 137 58 40 47 88 100 104 112 73 37 23 24 62 100 134 99 45 22 34 57 90 104 92 155 154 129 146 141 148 96 71 57 44 28 20 17 33 35 28 40 58 82 91 71 74 66 71 61 57 55 