


96 98 98 97 96 96 94 93 93 97 94 96 94 97 98 93 95 94 95 90 87 87 85 79 76 73 68 63 58 52 49 47 41 36 32 30 24 21 13 11 20 42 45 44 48 37 50 67 66 65 61 48 25 25 31 32 22 30 53 68 73 80 71 47 
97 101 97 93 93 96 95 96 96 95 94 97 95 97 98 93 92 92 90 91 87 91 87 80 76 73 70 65 58 52 48 45 41 36 32 28 25 22 15 12 19 48 46 53 46 42 56 68 70 70 65 50 27 43 42 31 19 28 63 81 59 72 66 47 
97 100 94 92 92 97 94 93 94 93 94 96 98 97 96 95 95 94 91 91 89 89 91 84 75 76 74 63 54 52 48 42 41 37 32 30 25 21 16 13 20 53 46 61 56 51 67 70 75 73 69 53 44 59 44 37 19 37 66 79 47 66 66 55 
100 96 94 93 88 94 94 98 96 93 94 94 100 99 95 97 96 94 93 93 95 101 100 87 76 89 74 61 55 50 50 44 41 38 33 30 26 27 24 15 23 49 49 70 66 60 71 73 82 86 78 62 61 64 56 38 20 53 78 74 36 66 78 63 
99 94 93 95 91 85 90 98 94 87 92 96 97 97 96 97 96 97 99 105 113 113 100 81 83 99 69 61 57 51 52 44 41 39 38 39 43 50 44 35 38 51 53 73 67 54 66 79 93 99 92 71 67 76 65 31 28 59 84 60 29 71 73 66 
99 94 94 96 95 86 78 79 85 82 85 90 95 98 100 97 99 107 115 120 122 114 94 78 89 96 66 59 55 51 51 47 42 42 47 52 54 54 55 42 46 64 69 77 64 55 73 88 105 105 96 85 79 86 68 31 45 67 84 50 43 75 70 73 
96 95 96 95 96 95 75 57 67 92 103 110 115 117 117 102 108 120 130 131 126 115 91 83 98 86 61 57 51 51 47 44 42 46 48 40 42 47 47 37 52 68 68 74 67 66 79 97 106 105 100 94 96 95 63 50 64 85 88 60 74 84 75 82 
97 94 93 95 96 96 85 64 99 116 121 115 113 118 120 105 120 133 136 137 129 118 101 92 108 87 76 76 63 48 41 39 41 36 28 30 43 69 76 56 52 48 50 72 76 76 85 100 106 106 98 107 95 87 56 56 74 103 110 97 109 99 83 93 
99 95 94 95 97 95 93 83 116 129 137 128 118 126 118 111 135 140 149 143 129 115 105 108 112 99 98 98 81 47 33 35 35 45 42 53 58 93 93 63 42 30 35 69 81 82 91 99 106 108 104 108 98 81 53 46 60 93 110 112 126 114 105 110 
97 95 96 96 97 93 96 93 130 140 155 146 135 146 126 133 155 149 160 146 135 114 105 118 120 99 86 82 68 47 43 39 61 78 63 57 58 104 105 66 55 42 38 73 87 90 96 99 104 109 104 100 98 73 42 33 45 67 94 114 134 129 133 138 
97 97 96 95 94 94 97 95 119 150 159 156 154 164 139 156 171 164 160 148 139 113 103 126 124 95 75 68 55 64 71 55 106 110 86 67 70 113 104 88 82 68 61 89 92 95 95 96 101 108 98 100 96 72 33 37 41 51 78 111 139 133 151 158 
97 96 96 95 95 96 96 94 102 143 146 163 162 175 152 176 181 179 164 149 139 112 107 126 120 91 70 67 76 100 84 73 134 122 72 70 88 106 94 105 90 78 74 94 93 97 92 92 101 96 91 91 98 73 38 45 46 44 58 93 131 145 157 165 
92 94 93 95 94 93 94 94 94 112 150 162 168 175 158 194 191 189 166 147 140 109 114 130 112 86 70 89 111 123 88 89 151 141 76 68 83 97 98 100 84 81 88 100 93 99 92 91 96 91 104 112 113 77 62 65 59 42 46 68 108 142 152 161 
94 94 93 94 91 91 92 90 89 90 130 168 161 179 169 200 198 192 168 144 140 112 117 135 101 83 85 106 125 120 72 70 119 151 108 65 69 99 94 75 68 92 95 105 99 101 95 93 89 95 109 112 108 90 82 67 68 59 45 42 85 117 139 162 
91 90 92 93 92 90 92 90 91 91 96 150 164 161 177 200 204 192 174 142 141 117 120 128 94 96 107 107 117 99 36 19 51 101 131 62 69 93 81 68 48 95 90 104 106 103 103 95 86 95 105 106 101 102 84 60 76 78 37 28 60 84 130 162 
90 92 90 95 94 92 91 90 90 90 90 99 162 164 163 187 203 199 177 144 138 119 125 113 87 102 112 102 110 83 19 43 80 65 121 66 63 80 69 44 38 84 77 96 106 105 109 100 92 93 103 103 99 107 76 67 86 93 49 25 33 58 139 155 
88 92 96 93 90 90 90 89 90 89 86 86 105 159 177 167 185 199 175 133 129 113 114 96 90 117 129 128 121 88 23 45 63 50 85 82 64 60 53 37 51 81 71 95 105 105 108 107 103 94 100 100 102 110 67 66 90 103 66 30 29 51 134 157 
86 88 93 94 90 90 91 89 88 88 85 86 92 100 157 185 169 183 170 122 107 106 103 87 103 143 153 142 129 99 25 30 26 31 51 82 51 51 59 62 62 91 85 104 107 108 105 111 112 101 98 97 105 102 65 74 90 111 94 60 27 49 107 149 
90 90 93 94 91 91 89 90 89 89 87 87 89 90 94 152 180 155 157 125 90 93 92 98 108 119 110 93 97 109 36 27 32 42 42 64 48 57 73 84 89 112 117 120 114 111 110 116 120 114 98 95 103 93 66 86 95 126 140 80 45 51 79 133 
92 90 94 96 90 93 92 92 90 91 90 87 90 91 88 91 148 168 136 114 90 93 92 99 105 81 47 31 38 99 75 37 57 56 42 42 41 57 57 75 114 136 145 139 125 118 112 127 130 124 101 95 93 92 80 96 98 142 167 104 75 42 53 122 
91 90 93 93 92 91 91 91 91 91 92 94 92 89 87 83 89 157 158 123 101 96 103 116 100 69 61 66 64 92 105 59 44 53 36 35 37 29 32 45 113 158 166 155 140 126 118 146 143 130 108 98 92 96 90 103 105 142 174 129 100 35 24 86 
90 88 91 96 94 92 93 90 89 88 88 92 89 88 88 86 81 89 155 165 121 103 112 130 114 112 113 98 81 81 108 107 84 82 66 59 67 63 52 60 83 162 177 167 160 133 126 158 149 144 128 108 91 94 87 93 99 137 166 137 83 39 20 71 
93 91 92 98 96 95 94 89 87 90 87 88 89 87 85 83 79 78 93 133 129 114 120 128 98 82 115 113 90 68 75 99 104 97 106 123 124 114 92 96 49 131 190 185 174 130 141 161 163 160 148 121 95 90 75 90 95 109 137 110 70 32 22 54 
94 93 94 97 94 92 89 89 87 90 89 87 91 87 86 83 78 77 76 75 93 95 87 95 77 103 134 135 113 90 79 74 88 117 154 174 180 167 127 137 102 82 143 174 155 114 143 175 174 171 163 138 103 89 80 92 88 74 70 72 67 34 18 37 
94 90 93 94 92 89 88 87 86 89 91 89 89 88 84 83 79 78 72 65 66 65 96 115 129 133 138 136 133 128 118 117 116 125 165 182 180 162 127 146 129 70 55 110 112 89 135 179 177 175 165 150 112 89 82 92 85 62 58 79 90 45 12 19 
92 88 86 87 89 89 90 87 87 87 89 91 88 84 82 83 82 82 76 70 78 100 131 103 122 118 124 138 138 140 135 141 160 160 179 187 170 137 111 134 111 98 89 127 111 89 136 174 171 165 162 156 128 97 85 85 86 68 66 97 112 87 21 14 
91 87 85 88 88 88 91 87 88 85 86 86 88 86 85 85 82 81 75 80 84 98 114 84 87 101 124 126 131 133 143 153 172 188 180 188 175 131 108 85 54 150 188 174 150 110 138 179 178 175 162 155 137 117 112 101 89 91 67 80 116 118 44 10 
91 88 87 90 90 91 89 88 85 85 86 83 85 85 85 86 80 76 73 83 87 92 103 106 91 100 137 142 154 161 147 147 170 188 180 195 185 142 119 94 106 213 224 195 171 127 143 184 188 190 180 164 144 138 137 119 72 86 69 83 105 125 57 9 
93 90 90 91 92 91 87 84 82 83 81 81 84 84 81 83 77 74 74 75 75 79 121 136 120 139 148 165 176 167 166 175 196 200 197 183 171 142 116 103 168 235 233 204 183 143 146 188 195 197 201 179 156 152 154 153 83 81 79 98 120 126 86 21 
91 91 90 89 89 91 91 86 89 88 85 82 83 82 81 82 77 74 74 73 78 108 155 159 142 139 168 179 186 189 195 204 214 214 197 165 133 115 119 107 206 239 235 217 192 159 151 192 200 207 210 190 168 162 173 177 122 89 93 90 134 118 95 32 
91 89 90 89 90 90 90 89 89 91 87 83 81 85 78 79 78 75 72 73 95 137 164 124 114 143 170 176 178 187 208 227 232 222 210 171 108 109 124 149 224 236 228 222 200 175 164 208 207 211 207 197 181 167 164 182 124 91 101 98 119 133 95 47 
93 89 91 89 88 89 90 90 87 89 85 85 81 83 81 78 77 77 74 65 90 149 152 108 130 159 193 187 179 198 236 247 248 229 188 182 107 131 159 192 218 224 215 218 201 185 167 209 220 219 205 192 186 168 149 178 135 68 93 110 114 133 112 52 
89 88 89 88 89 87 88 89 87 87 81 80 81 83 83 84 84 84 77 64 82 106 145 165 188 197 198 195 198 228 247 250 245 202 117 139 153 165 178 194 189 202 205 216 202 187 169 209 228 227 209 198 198 189 156 184 157 66 70 99 125 122 116 66 
89 88 87 88 85 83 85 89 86 86 83 82 80 81 84 83 83 82 75 76 77 92 136 165 174 174 169 177 209 235 244 236 174 108 106 103 140 179 176 171 152 170 173 207 202 188 184 210 230 233 214 208 202 195 182 185 165 64 48 95 128 117 106 67 
92 88 87 88 86 85 87 85 85 86 83 81 81 82 84 80 81 82 77 70 77 110 145 134 85 48 43 77 171 226 211 150 79 48 112 141 114 164 169 148 122 162 173 198 198 198 196 215 233 237 222 212 206 183 194 181 170 69 46 115 125 122 93 67 
92 91 88 89 88 87 86 85 84 86 86 83 83 84 80 80 78 78 73 70 106 136 149 129 89 44 28 63 168 193 130 130 140 95 151 180 134 148 150 133 135 159 167 187 193 196 199 217 233 234 223 214 210 183 194 177 165 79 64 133 115 120 87 78 
90 88 87 88 88 86 87 87 87 87 88 87 85 83 81 80 78 75 67 62 102 140 158 151 127 112 132 168 183 119 93 136 171 167 159 168 131 143 123 93 114 152 161 187 197 197 196 219 232 231 221 215 212 184 185 175 150 96 76 143 116 116 86 86 
90 87 87 90 89 87 86 84 85 86 86 89 90 84 82 78 75 74 65 60 92 128 169 170 153 161 176 176 154 59 89 122 148 168 145 122 120 143 128 113 130 180 184 183 196 191 186 221 232 231 221 216 219 189 177 180 150 115 84 136 130 112 92 101 
89 88 87 91 87 87 85 85 86 86 84 87 90 88 82 79 76 72 76 99 105 131 168 166 166 156 144 154 108 45 82 96 132 140 121 86 114 144 145 126 140 177 191 187 203 204 205 225 233 228 222 211 216 192 172 188 137 110 91 122 135 121 107 114 
88 90 86 89 89 87 87 83 86 89 85 87 87 84 83 74 71 83 111 120 115 135 166 178 145 110 106 145 82 56 87 67 94 106 119 94 123 138 147 131 148 186 202 201 212 214 219 231 233 227 223 209 210 190 172 173 115 96 110 124 138 131 109 110 
85 89 88 88 90 88 86 84 85 89 87 84 82 77 76 83 94 104 108 117 110 131 159 183 154 116 134 152 95 59 131 162 122 115 113 102 131 147 147 138 154 188 208 216 216 215 225 233 233 229 222 200 206 186 170 155 104 75 121 127 131 133 108 104 
89 85 86 87 88 89 86 85 87 87 85 81 78 78 95 113 110 106 108 121 126 142 162 175 162 156 159 161 111 52 145 177 97 152 106 106 131 150 162 149 157 176 204 218 221 221 229 232 231 226 215 191 200 188 173 150 109 64 104 106 102 120 113 99 
88 88 86 85 86 89 85 84 88 89 84 83 96 115 125 128 132 133 133 133 148 143 151 159 175 175 173 183 152 55 117 104 148 153 97 108 128 129 152 165 171 183 205 217 224 227 230 232 228 220 204 187 195 183 158 147 101 51 65 76 67 82 107 92 
87 89 88 85 86 88 85 81 81 88 104 122 130 135 151 152 152 160 160 161 176 166 154 157 179 180 182 195 181 88 64 154 197 114 91 123 149 119 140 169 179 182 203 215 222 227 227 230 224 211 193 188 194 172 147 133 83 40 32 46 53 58 90 95 
86 89 88 88 88 84 82 89 106 125 151 151 157 169 175 170 172 177 182 194 197 185 159 158 169 179 187 199 192 143 144 205 162 93 117 147 159 114 138 172 188 183 198 210 213 216 219 222 214 199 179 192 192 164 145 113 74 34 21 37 55 44 84 112 
87 87 86 90 89 84 113 150 155 170 183 181 183 192 194 184 183 186 192 201 198 183 164 161 168 174 191 198 194 164 170 183 128 108 139 154 161 144 127 159 185 189 193 202 201 200 210 211 203 184 167 192 181 158 121 90 56 27 34 49 53 52 99 120 
84 86 85 85 83 118 166 172 181 194 198 199 205 206 205 195 187 186 196 198 194 189 174 155 159 164 185 186 182 142 145 161 135 127 155 165 173 179 138 128 175 180 184 186 190 187 202 201 193 168 156 182 175 141 97 69 61 58 56 39 51 87 120 126 
83 83 86 80 96 172 175 182 189 195 200 206 207 211 208 200 190 187 196 194 194 191 173 144 156 159 163 171 164 119 111 150 146 136 163 158 174 194 179 132 160 170 178 164 175 176 191 194 185 164 163 170 164 113 77 66 66 80 47 57 89 117 126 122 
87 81 77 68 132 180 176 180 182 191 195 202 203 208 209 200 190 184 188 185 189 184 173 158 165 162 165 158 148 106 81 137 157 158 170 145 167 204 204 174 166 148 166 156 162 168 180 189 181 171 174 157 144 91 73 69 72 58 52 105 121 125 122 117 
87 75 63 68 167 177 174 173 176 182 189 193 202 204 208 204 191 179 178 170 183 187 180 164 154 159 165 157 156 133 67 106 148 165 169 138 177 212 211 188 163 115 137 145 149 165 172 181 185 175 185 163 122 79 75 71 58 43 94 124 114 107 111 109 
82 70 57 65 173 177 165 158 167 172 182 182 196 203 209 208 192 171 164 162 178 189 180 169 160 162 166 164 159 151 76 59 106 131 158 139 185 204 201 179 154 99 123 135 135 163 171 174 185 176 186 156 97 71 83 61 33 68 118 116 95 88 96 98 
77 69 58 57 148 175 159 144 154 160 172 170 179 203 207 211 193 164 154 153 171 184 181 183 168 164 166 164 155 157 110 58 65 100 153 150 170 193 193 180 171 131 132 138 125 161 174 176 185 178 180 141 92 82 73 34 49 100 124 103 86 79 86 88 
81 79 77 71 91 168 157 138 136 144 161 156 164 193 209 214 192 160 147 146 169 184 182 181 165 160 160 157 141 144 142 101 58 66 123 147 160 169 179 184 190 174 156 145 122 153 174 173 182 180 172 118 81 63 48 54 95 114 115 88 80 76 81 78 
83 81 84 82 77 102 163 145 125 134 151 153 153 174 207 216 192 157 147 150 170 189 175 176 161 160 154 143 132 130 138 139 95 58 81 112 142 153 164 174 187 193 172 152 117 147 173 170 180 178 162 90 66 46 63 102 114 114 98 85 68 76 73 77 
85 83 84 82 77 76 96 154 154 135 140 152 155 163 195 219 195 164 157 164 173 193 170 166 162 158 142 128 122 130 131 146 133 87 59 70 94 126 148 173 193 197 182 162 127 149 169 169 179 175 146 80 54 58 104 121 111 105 89 85 70 73 70 68 
84 82 83 83 80 82 78 86 127 153 150 144 151 160 180 219 203 176 168 163 172 196 173 176 173 162 142 120 105 130 131 139 137 121 89 72 73 84 124 167 196 198 185 165 144 154 170 171 176 168 126 69 56 85 123 111 96 87 88 77 79 68 73 59 
85 80 81 83 82 82 81 81 80 93 132 156 147 147 162 209 211 176 161 163 186 203 179 183 182 166 143 120 99 131 136 134 124 120 128 112 97 65 94 148 185 192 170 152 156 160 172 172 174 158 106 56 69 105 118 97 82 76 81 73 82 62 63 60 
83 82 83 82 82 81 82 82 80 80 78 102 152 160 154 190 214 174 170 181 189 204 193 196 195 168 138 115 106 134 138 139 129 124 131 130 127 91 79 128 164 173 144 144 157 165 175 174 170 145 94 54 84 106 109 85 69 65 58 63 74 49 49 40 
84 84 84 82 80 81 80 81 78 81 79 76 85 125 160 181 217 190 182 189 172 184 188 187 180 144 126 109 107 139 143 148 140 132 139 136 137 115 82 113 147 151 123 142 159 170 177 175 160 134 83 66 97 97 91 70 59 55 46 50 63 45 32 30 
82 82 82 82 81 83 82 80 79 80 79 75 75 79 87 102 182 160 112 126 137 167 164 150 141 127 110 117 115 139 146 146 146 139 140 139 137 124 91 105 127 128 116 136 159 170 176 170 142 112 69 86 102 79 72 62 53 42 33 32 47 37 27 16 
81 82 82 81 82 81 79 77 75 76 76 74 76 76 73 78 138 158 84 75 91 125 151 112 114 112 112 124 126 143 147 148 150 146 142 139 139 126 102 93 103 112 108 119 159 168 172 165 130 86 74 102 89 57 63 60 48 29 33 23 26 11 12 31 
84 85 82 80 80 78 75 73 74 75 77 75 77 77 74 72 97 157 86 69 73 98 141 92 109 118 115 126 132 143 148 151 150 146 143 138 139 134 116 102 95 104 108 111 155 165 167 160 123 72 80 105 61 44 54 51 30 15 24 14 11 15 37 61 
85 85 83 82 80 80 78 77 77 76 77 80 76 75 74 72 77 131 117 72 72 84 119 82 104 120 118 123 127 140 147 151 150 150 143 140 135 135 124 115 107 105 96 108 144 156 157 149 118 63 86 87 47 37 38 38 20 12 8 9 16 44 61 65 
84 84 81 79 80 80 78 78 77 78 77 78 75 75 73 70 72 92 125 107 88 72 102 78 98 123 112 110 109 129 144 151 147 147 147 142 136 135 124 122 119 113 93 108 134 149 144 140 115 56 75 63 23 36 32 26 16 6 5 18 44 58 68 64 


122 125 125 124 123 123 122 120 121 123 122 121 119 122 125 119 120 119 119 116 114 111 108 104 100 94 87 81 75 69 66 60 52 44 39 36 29 22 15 12 21 42 45 44 47 37 48 61 61 63 60 47 25 26 31 32 22 30 53 68 72 77 68 46 
122 125 124 121 119 123 123 123 123 121 121 123 121 122 123 119 118 118 115 115 114 114 112 104 99 94 88 82 75 69 63 58 50 43 39 34 28 24 16 14 19 48 46 53 46 42 51 61 64 66 62 49 28 43 42 32 19 28 63 80 59 72 65 47 
124 127 122 119 118 123 120 121 119 119 119 122 124 121 121 121 120 121 117 116 115 114 115 105 98 96 90 80 71 69 63 56 50 44 38 35 30 23 17 14 20 52 45 61 56 47 58 63 68 69 67 52 44 58 44 37 19 37 66 78 47 65 65 55 
125 122 122 120 113 118 121 124 121 118 119 120 124 123 120 123 121 120 119 117 117 118 115 107 99 103 88 78 71 66 64 57 51 45 39 35 30 28 25 16 23 48 47 68 64 53 62 65 74 82 73 60 58 62 56 37 20 53 77 73 37 66 77 62 
124 120 121 122 115 105 112 123 120 114 117 120 122 121 121 120 121 121 121 124 125 122 115 102 101 108 86 78 73 67 62 56 52 48 44 44 45 51 44 35 38 50 51 71 64 49 60 70 86 92 84 64 63 73 64 31 29 59 83 59 29 71 74 68 
124 122 122 122 120 107 94 98 108 105 106 112 118 119 121 121 122 126 129 130 128 123 112 101 105 106 83 77 72 67 57 56 51 50 50 53 53 54 54 42 45 60 64 74 61 50 64 77 96 96 87 77 73 83 67 31 45 65 83 49 43 76 70 72 
121 122 123 122 121 118 91 68 70 92 101 106 113 117 121 114 121 128 133 135 131 125 111 103 108 97 79 74 67 64 51 51 50 49 47 41 41 46 46 37 48 59 58 70 61 57 68 85 93 93 88 83 87 91 61 48 61 80 84 59 71 81 73 81 
122 121 121 122 121 122 108 72 90 105 114 108 103 111 114 98 115 128 134 135 128 123 113 103 112 95 86 83 72 57 42 40 43 37 29 30 42 63 70 52 48 44 43 66 66 63 73 89 92 93 85 95 86 83 54 54 68 95 103 90 103 94 80 92 
125 122 122 122 122 122 120 95 105 120 132 124 113 121 113 104 128 134 143 138 123 109 98 102 110 96 92 90 75 48 33 35 34 43 40 50 54 83 84 56 39 30 33 62 69 68 78 85 91 93 90 95 88 76 52 44 56 85 100 103 118 107 99 108 
124 122 123 123 123 120 123 114 121 128 148 141 132 144 123 130 148 145 154 142 131 106 94 110 113 87 72 69 58 44 41 37 54 70 56 51 52 94 94 56 50 40 35 64 74 75 81 80 87 93 89 85 85 69 41 32 43 62 84 105 125 120 123 134 
123 123 123 122 119 120 122 120 121 134 150 150 152 163 137 153 165 158 155 144 136 106 93 118 115 81 59 55 49 59 64 50 95 97 74 60 63 103 91 77 73 59 50 75 79 82 80 77 84 92 83 85 85 68 33 37 40 48 68 101 129 121 137 150 
123 121 121 121 121 123 123 121 120 129 131 156 158 171 149 171 175 172 158 144 136 104 100 119 111 79 55 57 70 92 75 63 120 106 61 61 78 94 82 94 79 67 62 81 79 84 76 74 84 80 77 76 87 67 37 45 46 42 52 85 120 131 142 155 
119 121 120 122 120 119 121 121 119 117 128 150 160 169 154 186 182 182 159 143 137 101 105 123 103 77 60 81 104 114 77 71 130 123 67 59 73 85 84 87 73 71 76 88 80 86 75 73 80 74 89 98 101 70 60 62 57 41 45 63 98 129 137 148 
120 119 118 120 118 119 119 115 116 113 124 147 148 169 161 194 190 185 162 141 138 106 108 127 94 78 77 96 115 109 61 56 97 128 93 57 60 86 80 63 58 80 83 94 88 89 81 77 73 79 92 98 96 82 79 63 61 55 44 41 77 105 125 148 
116 116 119 119 117 116 119 117 117 118 116 141 144 147 167 193 196 185 169 138 140 113 113 120 87 91 99 97 106 88 31 17 46 86 110 55 58 79 69 58 44 85 77 91 96 92 91 83 70 79 88 91 86 93 82 57 68 72 36 28 54 73 117 147 
116 119 118 122 121 118 118 116 116 116 116 117 150 144 150 177 194 192 170 140 136 115 119 105 80 96 103 92 99 73 17 42 78 61 102 58 54 68 59 39 36 74 65 83 98 96 99 89 78 77 86 86 83 97 71 61 77 84 45 25 32 52 125 140 
117 119 122 118 117 117 118 116 116 115 113 113 122 150 158 151 174 193 167 129 127 109 107 85 85 111 120 120 111 77 22 45 59 48 72 69 55 51 46 35 47 68 59 82 96 95 99 96 91 80 84 82 86 99 61 58 79 92 60 30 29 46 120 144 
115 116 118 118 116 115 118 116 115 115 112 113 116 118 152 166 155 174 161 115 102 99 95 79 96 135 145 134 119 88 23 29 27 32 45 65 46 44 50 53 53 78 73 92 100 100 96 102 104 91 83 80 89 91 57 65 78 99 85 56 27 46 95 136 
117 117 118 119 118 117 117 117 116 116 114 114 117 115 113 148 164 144 147 116 83 86 84 90 101 112 103 87 87 95 32 28 33 43 41 49 42 48 57 67 73 98 102 111 109 107 106 111 116 107 85 78 87 81 57 76 83 113 129 72 44 49 72 120 
118 116 119 121 118 120 118 118 116 115 115 113 117 116 113 109 141 152 124 104 82 87 85 92 98 76 45 30 34 86 64 37 56 56 40 33 36 47 45 58 97 124 133 133 122 114 110 125 129 121 90 80 77 81 70 84 87 128 154 94 70 41 50 112 
117 115 118 121 120 119 117 116 117 116 116 118 116 115 112 109 105 149 143 113 93 91 97 110 94 67 59 61 58 81 92 52 44 52 35 30 32 25 28 37 101 147 156 149 138 124 114 144 142 127 101 86 77 82 79 90 92 127 158 117 93 34 23 77 
115 113 117 121 120 119 119 115 114 113 113 116 115 112 113 111 104 100 143 150 111 97 107 124 109 106 104 87 71 72 97 97 76 72 56 48 49 48 40 42 76 153 168 159 155 128 122 153 145 141 124 101 78 81 76 80 85 122 152 125 75 37 20 64 
118 116 118 123 122 121 119 116 114 115 112 113 114 112 110 109 105 98 91 118 118 107 116 121 93 76 105 102 82 62 69 91 95 84 87 95 91 84 64 61 42 126 184 176 165 125 137 153 157 157 146 117 85 78 65 77 83 97 125 100 63 31 22 48 
119 119 120 122 119 119 116 116 113 116 115 113 116 112 111 108 104 102 89 69 86 88 85 88 71 96 126 126 105 82 73 69 80 99 124 139 141 132 93 89 69 68 138 164 145 107 137 164 165 167 159 132 94 78 69 79 75 66 65 66 60 33 18 35 
119 117 119 121 118 118 113 114 112 114 117 115 115 113 110 108 105 102 93 70 63 63 92 107 120 123 127 127 124 120 109 107 102 102 132 143 138 124 89 90 82 52 52 100 102 78 123 163 162 169 162 145 104 79 71 78 73 55 53 72 81 41 12 18 
117 114 112 115 114 117 115 114 115 113 115 116 114 109 107 108 107 106 97 79 74 96 123 96 114 109 114 126 128 129 124 127 141 135 143 146 129 102 75 89 84 79 83 117 104 76 118 154 151 154 156 150 120 88 73 72 74 59 58 84 99 78 21 14 
117 113 112 114 114 114 117 113 115 112 111 111 113 111 110 110 108 106 97 89 82 94 107 77 78 91 112 114 120 123 133 140 157 164 143 148 135 101 78 58 49 140 180 163 139 97 119 155 157 164 155 147 128 107 99 89 79 81 55 64 101 106 41 10 
116 113 114 115 115 116 114 112 110 111 111 109 111 110 111 111 106 102 96 93 87 89 94 95 82 90 124 131 142 150 138 139 157 168 147 155 144 114 101 70 98 207 220 185 161 115 123 157 168 184 176 159 136 127 122 105 62 74 57 67 87 111 51 9 
117 116 117 116 118 116 112 109 109 109 108 108 109 109 108 109 105 101 98 89 75 76 113 127 112 129 136 153 166 157 156 164 180 178 166 147 131 107 98 85 154 230 230 196 174 132 129 169 180 191 198 175 147 140 137 135 73 69 67 82 101 111 80 21 
115 116 115 114 114 115 116 113 115 114 110 108 110 108 107 107 103 100 98 84 77 103 146 150 132 128 157 169 176 179 184 192 198 193 168 133 98 80 87 88 188 232 230 211 185 150 137 176 189 204 209 188 161 151 155 160 109 75 81 78 118 102 87 31 
115 114 115 116 115 115 116 114 115 116 112 108 108 111 105 105 104 101 94 81 94 129 154 116 104 128 157 165 168 175 197 218 222 207 184 140 84 78 90 117 202 225 214 216 194 168 151 196 202 210 206 195 173 156 151 167 111 79 88 85 104 115 84 45 
117 114 116 115 114 114 115 115 114 114 110 110 107 109 106 105 104 103 96 72 90 142 142 99 118 144 176 172 167 187 228 245 246 217 162 151 87 106 123 154 189 205 194 208 195 181 155 200 216 218 204 189 179 158 135 161 121 61 82 97 96 114 99 48 
115 114 115 114 115 112 112 115 112 113 108 106 108 109 108 109 109 108 99 70 80 102 135 154 177 185 183 180 183 218 242 250 241 185 97 114 126 139 146 160 162 179 182 205 196 183 158 201 225 226 207 194 189 179 144 166 140 60 62 84 106 103 103 64 
114 113 114 112 111 110 112 113 112 112 110 108 106 109 111 110 109 106 94 80 75 90 130 156 165 163 158 164 197 225 237 227 159 90 83 82 119 154 150 148 133 148 152 193 194 183 176 206 229 232 213 203 190 184 169 166 148 57 44 80 108 98 96 65 
117 113 113 113 112 112 114 112 111 112 110 107 107 107 110 106 106 107 98 78 76 106 137 122 78 46 41 71 160 210 192 133 66 40 85 113 95 143 149 132 106 140 152 184 189 193 192 213 233 236 219 205 197 171 181 162 153 61 41 99 108 103 84 64 
115 115 114 114 114 113 112 110 110 112 111 108 109 108 106 106 102 101 93 78 104 130 140 119 79 40 25 55 147 169 115 126 134 82 118 150 114 129 134 121 120 141 148 173 182 188 196 215 232 233 220 206 201 171 180 155 147 69 55 114 100 104 76 74 
115 114 114 113 113 111 111 111 112 112 113 112 110 108 106 106 103 99 86 67 100 132 149 140 114 101 119 150 162 103 92 138 176 157 132 143 112 124 106 82 100 133 143 172 186 187 189 218 231 230 218 206 202 170 171 152 132 82 67 127 100 103 76 81 
115 112 114 115 114 113 111 108 110 111 111 114 115 110 107 103 101 98 82 61 87 120 160 160 142 149 162 158 136 52 81 119 152 168 120 103 103 125 109 97 115 163 167 167 185 177 177 220 232 231 216 206 208 174 163 159 133 102 74 122 113 100 83 93 
114 112 114 117 112 112 111 110 111 110 109 111 114 113 109 106 102 93 81 90 98 124 160 156 155 143 129 139 96 38 82 107 140 141 98 73 99 127 127 110 124 160 175 170 190 190 199 225 232 228 216 200 204 175 156 170 122 98 79 109 118 109 98 106 
113 115 112 115 114 112 113 109 112 113 110 111 112 109 108 99 89 84 100 108 105 127 157 168 134 97 94 133 75 50 95 83 109 98 94 79 106 121 130 116 135 169 188 186 199 202 214 230 233 225 215 197 196 172 154 156 98 84 97 109 124 118 98 101 
111 115 113 112 115 113 111 110 112 114 112 110 107 103 99 93 88 90 96 106 101 121 149 171 141 105 123 140 88 56 135 172 126 96 93 85 113 129 131 122 139 171 195 203 204 205 221 231 232 225 213 188 192 167 151 136 86 65 109 115 120 121 98 96 
114 112 112 112 114 114 111 110 111 112 111 107 104 94 93 98 94 90 94 107 114 130 150 165 149 144 146 148 101 48 142 179 89 129 89 90 113 133 143 134 140 159 192 205 211 213 225 231 228 221 205 177 185 169 153 129 92 56 93 97 92 110 104 93 
114 114 111 111 112 114 111 109 112 114 108 99 97 104 109 112 116 115 115 117 132 129 138 149 163 160 159 169 136 49 110 97 127 131 81 91 111 112 135 151 153 164 191 206 215 221 225 229 223 211 191 171 180 165 138 127 88 45 60 69 59 73 99 87 
112 114 113 110 112 113 111 108 104 101 102 107 113 119 134 137 137 141 138 139 156 149 139 145 167 165 167 181 163 72 54 131 175 97 77 107 132 103 123 154 164 167 190 204 213 218 218 222 214 199 177 170 178 151 128 116 71 36 31 44 46 49 84 89 
111 116 113 113 113 109 103 96 96 108 134 136 142 154 160 155 156 159 164 175 178 167 143 146 157 165 172 186 173 115 116 181 144 77 101 130 140 99 121 155 173 168 185 197 201 203 206 210 200 183 159 174 175 142 127 98 63 31 21 35 48 40 76 101 
111 114 112 114 114 104 107 129 136 156 171 168 170 180 182 170 169 172 177 186 183 167 148 148 156 162 177 184 177 135 138 163 110 91 125 137 144 127 109 143 170 175 178 186 185 182 195 195 184 162 147 177 162 137 106 80 51 27 32 45 49 48 86 105 
109 111 110 110 104 113 146 157 169 185 189 189 195 196 194 182 173 172 181 183 179 171 156 139 146 152 171 172 165 118 122 142 118 110 140 147 155 162 121 112 157 165 169 168 173 169 186 181 168 144 135 166 154 122 84 60 55 52 50 38 48 77 105 109 
109 110 111 104 101 153 161 173 183 191 194 200 198 202 199 190 177 172 181 179 179 175 156 129 144 146 150 158 147 101 97 130 128 120 146 140 157 180 162 116 142 153 162 145 157 156 172 171 157 137 138 150 144 97 67 57 58 72 44 52 77 102 112 108 
111 106 100 82 120 164 166 173 180 187 191 197 196 202 201 191 177 170 174 169 174 169 156 142 150 149 153 145 131 93 73 121 140 141 151 128 151 190 190 157 146 131 149 137 143 148 158 164 153 144 149 134 126 79 62 58 63 54 48 95 106 111 111 105 
110 97 80 70 149 162 163 168 174 180 187 189 198 201 203 195 178 164 162 154 168 171 161 145 137 145 151 144 141 116 60 96 133 147 153 123 164 197 197 170 143 98 121 127 129 144 147 153 160 150 161 141 107 68 64 61 53 41 84 111 101 97 102 99 
105 89 71 66 157 163 155 154 166 170 181 179 191 198 204 198 179 155 148 146 164 175 161 150 142 147 152 151 146 135 67 54 94 118 144 125 173 191 187 160 135 84 107 118 113 142 145 145 162 153 162 138 85 61 74 56 32 63 105 101 84 80 88 91 
101 89 74 65 135 159 148 138 152 158 170 166 173 199 205 205 180 148 136 135 158 170 162 164 148 145 149 149 140 141 97 51 58 88 140 138 157 181 178 162 151 111 115 120 103 142 149 146 162 156 158 124 80 73 67 33 44 89 112 92 77 71 78 82 
107 103 100 91 98 155 144 129 128 139 156 150 155 189 207 209 180 143 128 128 155 169 163 162 145 141 141 139 125 130 127 87 52 58 112 137 147 155 165 167 170 150 136 127 101 131 151 146 160 159 150 103 70 57 44 48 82 101 105 79 72 68 73 71 
109 107 108 107 100 112 153 131 112 121 141 140 139 166 204 213 182 139 128 129 152 175 155 156 138 136 130 123 116 115 124 123 85 53 73 102 129 138 147 154 164 170 152 135 99 124 149 145 157 157 142 79 58 42 56 91 100 102 89 79 63 69 66 70 
111 110 109 107 102 101 110 149 139 117 125 133 135 148 189 218 185 144 133 136 148 177 148 140 131 126 113 106 105 115 116 131 118 76 53 62 84 113 131 152 169 172 160 146 109 125 144 144 154 153 129 70 49 51 92 110 99 96 80 78 65 65 63 62 
109 109 108 108 106 107 104 106 133 143 132 124 129 141 169 217 195 156 143 137 153 182 144 138 137 128 114 99 90 117 115 123 123 107 77 62 65 74 108 147 175 176 164 148 125 130 145 148 152 147 111 62 50 75 111 100 86 79 80 69 71 62 65 54 
111 107 107 108 108 107 106 106 105 111 137 144 126 127 147 205 203 158 136 134 164 190 150 149 152 137 120 103 86 119 120 117 108 106 112 98 83 56 81 130 165 172 151 135 137 135 149 151 153 139 93 50 60 93 106 86 73 68 74 66 74 55 56 54 
110 108 108 107 107 107 108 107 105 105 103 118 148 143 137 183 210 154 142 153 165 193 173 174 173 146 122 103 95 125 124 122 112 106 114 114 111 78 67 110 145 154 126 127 137 141 153 153 149 127 83 48 74 95 99 76 63 59 53 60 70 45 46 39 
110 109 108 107 107 107 105 106 103 105 104 101 107 135 159 178 216 181 171 177 155 173 174 173 163 125 112 98 99 131 132 133 123 114 120 118 120 100 69 97 128 132 104 125 142 148 154 154 140 119 74 58 84 87 82 64 55 52 44 49 60 43 32 30 
107 108 107 108 108 108 107 106 104 105 104 101 102 103 110 123 189 163 123 131 128 160 151 134 122 112 97 107 107 132 136 133 131 121 122 121 119 108 76 89 110 112 97 119 144 150 156 151 123 100 62 76 89 71 66 58 52 41 32 32 46 35 27 16 
107 109 108 107 107 107 105 102 101 102 101 100 102 102 99 102 153 163 102 92 102 132 148 111 109 101 100 113 117 136 140 137 137 129 124 121 122 110 87 79 89 99 92 101 145 150 153 148 113 77 69 92 79 52 60 56 45 29 33 23 26 11 13 31 
109 110 108 106 106 104 103 101 100 101 103 101 102 103 99 96 117 165 105 92 94 113 143 99 107 107 104 117 121 135 141 140 140 132 126 121 122 117 99 86 81 89 92 93 140 148 149 143 107 65 72 97 56 41 51 49 29 15 24 14 11 16 38 63 
110 110 108 107 105 105 104 104 102 103 103 104 102 101 99 96 100 144 129 94 93 101 129 96 105 113 113 116 119 132 140 142 139 137 128 124 118 118 107 98 89 89 81 93 130 141 142 135 104 57 77 80 46 36 37 37 20 12 8 9 17 46 65 71 
110 110 108 106 106 106 104 105 102 103 103 103 101 101 98 95 98 113 137 123 108 92 117 96 102 120 113 110 107 125 137 144 137 137 134 129 120 120 110 107 103 98 79 98 121 138 131 128 103 51 71 59 23 36 32 26 16 6 5 21 48 64 73 72 


169 171 171 171 171 170 168 166 167 169 168 168 164 168 170 164 164 162 163 160 156 154 149 141 135 131 124 114 106 97 93 86 70 58 51 45 34 24 14 10 18 43 47 44 48 34 43 57 56 60 58 45 23 23 29 29 20 28 50 69 73 78 67 46 
171 172 171 168 166 168 168 169 169 165 167 170 165 168 168 164 164 162 158 160 158 158 152 142 136 131 124 115 106 97 92 83 68 56 49 42 34 26 16 12 17 50 46 53 46 39 47 57 59 63 61 49 25 41 40 29 18 26 62 84 60 72 66 47 
172 173 168 165 164 168 165 166 164 165 165 167 169 168 166 164 164 164 161 159 157 154 151 142 133 127 120 112 101 97 90 79 68 57 49 43 34 25 17 12 18 53 45 62 58 44 54 59 65 67 67 50 41 56 42 36 19 36 66 84 46 65 68 57 
173 167 166 166 157 163 167 169 168 165 163 164 168 169 165 166 165 162 160 159 155 148 148 142 133 126 116 111 103 94 89 80 68 60 51 41 33 31 26 15 22 48 47 71 66 49 57 61 71 79 72 57 53 60 55 38 18 52 79 78 34 67 81 64 
172 166 167 169 160 143 151 168 164 158 161 166 166 165 165 165 163 160 159 157 150 144 148 139 133 126 114 110 104 95 83 77 69 62 55 51 49 53 46 35 38 49 50 74 65 44 56 64 83 90 82 59 59 72 64 30 27 60 86 62 27 73 77 69 
171 168 168 167 165 144 124 131 147 145 143 148 156 157 161 161 162 160 158 153 147 147 148 137 129 123 114 108 101 95 71 76 68 63 59 55 53 53 53 40 44 57 59 76 62 44 59 71 93 90 80 72 70 83 67 29 43 64 85 51 41 78 73 76 
168 168 169 166 166 162 121 86 83 97 104 105 111 119 131 133 145 146 147 151 147 149 146 137 127 118 110 104 94 89 59 66 62 55 48 38 40 45 44 35 45 53 51 70 60 49 62 81 87 85 78 76 83 90 59 47 57 77 84 58 70 85 77 84 
168 165 167 168 167 167 144 90 83 95 110 103 98 106 110 94 114 126 132 137 132 136 135 125 122 110 107 101 87 72 45 45 46 36 27 27 39 60 66 47 44 39 37 64 63 55 65 83 84 84 73 86 81 80 52 50 61 89 99 88 100 95 83 94 
170 167 168 168 168 166 164 119 93 112 131 123 113 123 113 105 128 131 140 138 124 109 97 102 108 95 89 87 69 47 33 34 33 41 37 45 49 78 76 50 35 26 28 59 65 59 69 76 80 79 78 85 80 72 49 40 47 77 92 96 112 104 96 111 
171 168 168 168 168 165 168 150 115 117 146 142 136 147 124 132 146 141 150 140 132 108 97 109 109 81 64 60 51 40 39 34 51 63 50 46 45 86 84 51 45 36 30 57 67 66 72 66 73 78 77 70 73 66 40 29 38 57 77 95 118 114 114 135 
170 169 169 166 164 165 167 163 132 118 143 149 156 164 140 155 159 154 152 143 136 107 96 117 109 74 52 49 46 58 62 46 86 85 64 53 55 92 79 68 65 54 44 68 70 74 69 60 70 81 70 70 73 65 31 32 38 45 60 89 122 114 125 150 
169 169 169 166 166 167 167 166 152 116 116 152 159 171 153 172 168 168 154 145 137 105 100 116 105 74 52 55 69 91 70 54 107 93 54 54 70 82 70 84 70 61 56 74 70 76 63 54 68 66 63 64 79 64 35 40 43 38 46 76 109 122 131 151 
165 168 167 169 166 165 167 166 160 130 107 139 156 167 155 184 175 177 157 143 139 102 104 118 96 72 58 78 103 107 66 53 105 106 59 50 63 73 70 77 64 64 71 83 73 80 64 56 67 60 77 87 92 65 58 57 53 37 41 57 84 119 125 140 
167 166 166 167 165 164 163 159 159 151 125 126 135 162 158 189 183 181 159 140 139 107 107 121 87 75 77 89 107 99 50 41 74 104 81 46 49 73 67 56 50 75 76 88 84 84 74 68 59 65 78 85 84 78 79 59 57 50 42 36 64 91 112 138 
164 162 164 165 164 162 162 159 160 161 151 138 123 133 158 185 190 182 166 138 142 113 112 112 81 90 97 91 95 78 25 12 31 67 92 47 47 65 58 49 38 79 68 84 94 88 87 78 59 68 73 77 74 89 83 52 63 65 32 25 44 61 102 134 
162 165 162 166 165 162 161 159 158 159 157 149 143 121 136 166 187 188 168 140 138 114 114 98 77 95 98 85 90 66 14 29 53 38 82 50 45 58 52 32 30 66 56 77 96 92 97 87 72 65 70 70 69 92 69 54 70 76 41 22 26 43 112 129 
161 165 166 162 161 161 161 160 160 157 155 153 153 144 138 138 164 187 163 126 128 107 99 80 83 112 117 114 102 67 16 31 40 29 54 53 45 43 40 31 41 61 52 77 94 93 97 95 88 71 68 66 73 92 57 51 70 80 56 25 25 39 105 134 
159 160 164 164 161 160 161 159 159 158 155 154 157 149 151 146 139 166 154 110 101 94 87 73 92 134 144 129 110 77 18 22 20 22 29 47 36 36 42 47 46 70 67 90 99 100 95 102 104 87 72 65 75 83 50 57 69 85 80 51 24 40 84 124 
162 163 163 164 162 160 160 160 159 158 156 157 158 155 143 147 143 131 139 111 81 82 78 85 96 108 96 76 76 80 25 22 26 32 25 34 32 39 45 53 62 90 96 110 109 107 107 114 118 108 79 65 72 72 48 68 72 97 119 69 41 46 66 107 
162 162 164 166 162 161 161 161 159 158 158 155 159 158 153 138 138 134 112 94 77 80 78 86 93 69 40 26 29 73 52 26 39 36 24 23 29 39 35 42 86 119 132 135 124 116 114 130 133 123 87 71 64 71 59 74 74 113 141 88 66 38 47 97 
162 161 164 165 164 161 161 160 159 157 159 160 159 154 152 146 131 141 126 101 83 85 94 106 91 64 56 58 53 73 81 44 32 36 22 24 26 23 24 29 93 146 159 152 141 129 122 152 149 132 101 81 64 72 69 78 78 111 146 111 86 32 20 63 
160 158 162 165 164 162 163 158 156 155 154 158 157 154 152 149 140 118 132 135 102 91 104 120 107 103 98 81 66 68 93 92 71 63 46 37 33 36 35 34 72 152 171 162 159 136 130 163 153 147 128 100 68 71 66 67 70 106 140 120 72 35 18 54 
163 160 162 165 165 165 163 159 156 157 153 154 156 152 150 148 143 131 95 104 106 101 114 118 86 71 101 97 77 58 67 89 92 77 71 74 67 63 50 48 37 125 186 180 171 133 145 162 165 166 152 119 80 69 56 65 71 82 116 96 60 29 19 42 
163 164 163 165 162 163 159 158 156 157 157 154 157 153 152 147 143 139 112 63 80 82 82 84 66 91 119 120 100 79 71 67 75 83 99 110 109 102 74 72 58 65 140 167 150 114 145 172 172 176 168 136 92 71 61 68 65 57 58 61 57 31 16 29 
164 164 164 164 161 159 155 156 153 154 156 155 154 153 151 148 145 140 125 79 59 59 90 103 114 114 118 119 119 114 104 103 93 81 101 109 103 92 68 71 68 48 53 103 107 83 128 171 169 177 168 149 103 74 61 67 63 47 45 66 75 38 10 14 
162 160 158 157 157 159 156 154 155 154 156 157 154 151 148 149 147 144 132 96 75 95 117 90 106 98 102 117 121 123 117 117 127 116 112 112 94 74 59 70 74 76 87 123 111 83 124 163 159 160 159 153 121 84 66 64 67 54 52 74 86 72 19 12 
160 157 157 157 156 156 159 156 155 154 152 152 154 153 150 151 147 143 131 105 83 91 99 70 70 82 103 104 112 117 125 130 147 145 112 115 103 82 69 48 49 143 185 169 145 105 124 162 164 171 160 150 129 103 91 83 71 73 48 50 83 95 38 8 
158 157 157 158 158 159 156 155 151 154 152 150 152 150 150 151 145 140 131 110 88 88 90 87 73 82 116 124 135 146 136 134 148 150 116 122 111 97 99 61 96 208 223 189 165 121 128 164 175 192 184 163 135 124 109 95 54 63 47 52 68 97 50 7 
162 159 159 159 160 157 154 153 151 150 149 148 150 150 147 150 144 138 134 111 79 78 110 118 105 122 128 147 160 153 153 160 172 163 142 118 99 80 90 79 148 229 231 199 178 140 133 175 188 200 210 183 148 136 123 122 66 56 58 63 81 95 77 19 
160 159 159 158 157 158 157 154 158 155 152 150 151 147 146 147 141 138 132 103 81 101 143 144 124 121 153 163 171 173 180 187 191 177 143 106 69 52 63 78 177 228 229 214 189 159 142 182 198 213 220 195 162 147 142 148 102 64 71 62 101 88 82 30 
159 158 158 158 158 157 157 155 155 158 155 149 148 151 145 144 143 139 128 94 96 127 150 111 97 117 149 158 161 167 190 213 214 197 162 115 66 57 63 92 185 216 206 217 197 177 159 204 209 218 215 202 176 155 141 158 105 71 78 72 88 96 77 44 
161 157 159 157 155 155 156 156 154 155 151 152 148 149 146 144 142 141 130 87 92 140 136 93 110 132 163 159 159 180 222 241 241 208 142 128 72 82 92 122 169 192 179 206 198 189 165 210 224 226 212 194 179 156 126 150 117 55 71 84 78 93 93 48 
158 156 158 156 157 155 155 156 155 152 145 147 149 149 147 147 147 146 133 83 79 102 132 147 170 176 172 167 173 211 237 244 236 175 82 92 101 114 118 131 142 163 167 204 199 192 171 211 233 234 215 198 189 178 135 150 133 57 53 71 84 84 97 65 
156 156 156 154 152 152 154 156 154 153 150 147 146 148 149 147 146 143 124 91 73 90 126 150 162 159 149 153 187 214 227 217 151 87 70 60 96 130 127 126 116 132 138 190 195 190 186 215 237 239 218 206 192 184 162 151 139 56 37 65 85 80 88 66 
159 157 156 155 153 153 153 151 150 152 149 148 146 145 148 146 144 143 132 95 76 105 132 114 74 44 38 65 150 193 174 118 54 37 68 84 77 127 132 117 92 123 134 179 192 200 201 221 239 242 223 206 196 167 172 145 143 58 31 80 90 87 78 64 
157 157 155 155 154 153 152 150 150 152 152 148 148 148 144 143 140 137 125 96 108 130 135 110 69 35 21 44 127 145 85 77 78 50 89 119 95 114 119 109 108 127 134 167 181 192 202 222 238 239 224 205 199 166 171 135 136 61 40 95 87 92 72 74 
156 155 155 154 155 153 153 152 153 152 153 152 150 146 145 143 140 135 113 74 99 130 144 131 103 88 102 129 137 82 47 82 117 101 98 118 94 106 90 72 91 119 126 164 184 189 192 224 237 236 221 204 200 166 161 132 117 72 52 112 89 95 72 79 
157 154 154 156 155 154 152 150 150 150 149 154 154 147 146 142 137 132 105 61 82 117 155 153 134 139 147 142 115 34 35 59 94 115 88 83 84 107 92 81 101 151 154 159 183 175 180 224 237 234 218 204 204 167 150 141 118 91 62 109 99 93 78 90 
158 155 155 157 152 153 150 151 149 148 147 150 153 151 146 143 137 123 88 81 89 119 154 147 144 127 112 122 85 21 44 67 91 97 71 58 81 108 108 95 110 149 163 160 187 185 201 227 235 230 218 198 200 166 141 160 116 88 69 95 104 101 94 103 
157 157 153 156 155 153 152 149 150 153 149 151 150 148 145 132 118 92 89 93 94 119 151 159 123 83 81 118 67 25 59 60 80 67 70 63 88 102 113 101 124 158 176 175 193 197 215 231 235 226 216 195 189 158 137 150 88 73 87 96 113 112 95 98 
152 156 155 154 156 154 152 149 150 153 152 147 144 140 133 111 84 75 80 90 89 109 142 164 128 91 108 127 79 32 90 135 101 72 73 67 93 109 113 105 127 162 183 196 196 199 221 232 233 226 213 184 183 150 133 123 67 55 99 106 111 114 94 94 
156 153 151 152 155 154 152 150 150 150 149 145 138 118 94 83 77 73 77 91 98 117 140 156 136 128 132 133 89 33 112 165 74 106 70 70 93 114 125 116 124 148 182 199 205 210 224 230 229 221 205 169 176 153 136 110 75 50 86 91 86 104 100 93 
154 155 153 152 153 154 151 149 151 152 145 124 100 90 90 97 101 101 100 100 115 113 124 139 151 145 146 155 120 39 87 80 105 111 64 73 92 95 120 136 139 152 183 199 213 220 224 227 223 210 188 159 170 154 123 110 79 39 54 65 54 64 93 88 
154 157 154 151 153 153 148 146 138 123 102 91 92 105 120 126 125 130 130 131 144 132 123 134 159 152 153 167 145 59 42 111 153 78 58 88 112 86 107 140 152 156 183 198 211 218 217 220 212 195 168 155 168 135 108 104 61 31 28 40 41 40 79 89 
154 157 153 154 153 148 136 112 87 86 110 118 130 145 152 147 149 153 160 175 173 154 127 135 148 153 157 173 157 92 91 157 126 57 81 111 123 81 104 142 162 157 178 189 196 200 202 205 193 173 144 160 165 122 112 88 52 26 18 30 40 33 73 97 
154 155 153 157 154 134 103 102 114 141 161 161 166 177 178 165 165 169 178 191 180 157 135 135 146 152 164 172 161 107 107 144 91 71 106 120 125 107 91 131 158 168 173 179 178 172 186 185 169 148 128 165 147 117 94 71 44 22 26 37 43 42 77 97 
152 154 152 151 138 111 121 140 160 182 187 189 195 199 192 178 171 172 187 188 178 162 141 125 134 139 161 160 149 96 101 123 96 90 124 130 134 144 102 100 144 158 164 159 164 158 177 167 148 124 114 155 137 104 72 52 50 46 40 33 42 66 92 98 
151 150 151 142 113 132 147 167 185 195 197 203 202 206 199 185 174 174 188 185 179 165 145 116 131 135 139 144 129 83 83 110 107 102 130 123 137 165 146 101 127 143 155 134 147 143 160 154 133 115 117 137 128 81 56 49 52 68 40 45 65 87 101 100 
152 145 137 106 107 144 158 174 187 195 197 203 201 206 202 188 173 173 183 178 174 161 144 127 137 135 142 133 115 77 64 106 123 125 136 109 135 177 176 142 131 118 142 125 130 134 140 143 128 124 127 113 112 66 53 50 56 51 41 81 92 99 103 98 
149 133 107 80 131 150 159 172 184 189 195 198 205 206 206 191 173 168 170 160 167 163 148 130 122 131 141 132 126 100 51 86 120 133 137 106 150 188 185 158 128 86 113 117 112 130 125 127 138 129 141 122 97 60 55 54 49 37 70 99 90 90 98 96 
140 121 96 77 141 148 152 159 175 179 190 189 201 204 207 195 175 158 154 151 163 165 150 135 128 134 141 138 132 120 55 47 83 104 132 114 166 183 175 146 117 71 101 108 97 129 123 118 146 135 144 124 78 53 65 52 28 54 92 93 79 74 86 89 
138 120 99 82 127 142 144 140 160 169 179 176 184 207 208 202 176 151 142 139 158 162 152 149 135 132 137 136 126 127 81 41 50 77 131 130 152 175 167 147 132 91 103 110 88 128 127 120 147 141 142 116 74 67 65 30 35 77 100 86 72 67 75 81 
146 142 135 121 111 142 132 127 133 146 165 157 166 199 212 209 178 145 131 131 156 162 153 148 132 128 127 124 111 117 109 70 43 52 106 131 143 150 157 155 152 127 120 118 85 115 132 123 144 143 137 95 63 52 40 38 65 89 99 76 68 63 70 70 
149 146 146 144 132 129 141 115 106 121 147 143 146 176 211 214 179 141 129 131 154 168 147 145 127 123 116 107 99 100 109 105 69 45 68 96 125 129 135 137 142 146 136 126 85 105 133 125 138 140 131 71 49 36 46 75 84 92 86 75 59 64 63 67 
150 149 149 146 139 134 131 140 122 107 122 132 137 154 199 220 183 146 134 137 150 173 139 129 119 110 95 89 91 100 100 115 101 62 46 56 77 106 115 131 144 146 143 136 96 103 128 125 135 134 119 64 42 42 77 98 87 89 77 74 61 60 59 59 
149 148 148 148 144 145 140 136 146 135 122 118 129 143 177 222 194 156 144 137 154 176 134 122 120 107 90 77 76 103 97 107 109 92 63 52 55 67 94 126 151 151 145 138 111 108 128 130 132 130 102 58 44 63 101 93 78 75 75 65 70 57 62 52 
152 147 147 148 148 146 145 144 139 140 148 136 120 126 152 213 203 159 139 135 165 183 134 130 131 112 96 82 72 108 103 98 93 91 96 82 67 47 68 110 145 153 136 126 120 112 132 134 136 123 87 46 53 81 98 80 68 64 71 62 72 52 53 51 
150 149 147 147 148 147 146 145 143 142 138 142 150 136 135 191 208 154 141 150 163 189 159 159 154 125 103 88 84 116 110 101 93 86 96 98 94 65 56 92 128 137 113 117 123 119 136 135 135 114 77 41 62 84 92 71 58 55 51 56 68 43 44 36 
151 150 149 147 147 145 144 144 141 143 141 136 138 154 162 185 218 180 170 173 153 174 172 169 158 119 103 89 90 125 122 115 102 92 98 99 102 84 57 79 110 116 86 113 126 126 136 137 127 110 69 49 71 77 78 61 50 48 40 45 59 41 31 28 
148 147 146 146 146 146 145 145 143 143 141 136 137 140 144 155 205 177 145 144 131 164 149 132 122 104 85 97 98 126 128 120 113 98 98 98 99 92 63 74 95 100 81 105 132 132 139 138 108 93 58 65 78 63 63 55 47 39 29 30 46 34 25 14 
148 149 148 146 146 144 143 141 139 139 138 136 137 138 135 137 179 177 130 117 120 151 149 116 108 92 87 102 106 129 132 128 125 109 102 100 101 92 70 63 76 91 77 86 134 136 138 138 99 70 63 84 73 47 55 52 43 27 31 21 25 10 11 32 
150 150 147 145 144 142 139 139 137 139 140 136 138 139 136 133 152 184 134 123 124 139 154 114 110 99 95 107 110 130 134 133 130 118 107 100 100 98 82 68 65 78 79 77 131 137 137 135 96 58 64 93 52 36 50 46 28 13 23 12 10 14 41 74 
151 151 148 147 144 146 144 142 139 138 140 141 138 136 135 132 136 173 152 125 127 131 148 119 113 108 111 110 112 127 134 137 132 126 111 105 99 99 90 79 70 74 71 79 118 132 132 128 96 52 70 78 45 33 36 36 19 10 8 9 17 52 79 87 
151 150 146 145 144 144 140 142 140 140 138 140 138 137 135 131 133 147 165 147 135 126 141 121 112 119 119 112 110 121 130 137 130 129 118 109 101 101 93 90 83 81 66 85 108 131 123 122 99 47 66 59 21 33 29 25 15 5 3 20 54 76 91 90 