


123 122 120 114 104 104 122 129 131 121 104 94 107 120 111 93 120 121 119 119 118 117 115 110 106 104 103 103 103 104 95 102 109 108 87 79 88 97 98 97 96 100 107 95 106 111 98 111 112 100 114 117 103 109 117 118 105 102 124 128 129 131 131 130 
126 125 122 115 106 106 123 131 134 123 106 96 111 120 110 93 123 119 113 114 116 114 120 112 110 110 109 109 106 105 103 102 103 103 88 81 89 96 97 97 96 89 89 87 106 111 98 112 115 100 113 117 103 109 120 123 107 102 124 128 129 131 131 131 
126 124 121 116 108 107 124 132 135 126 107 95 115 120 111 97 125 120 113 112 114 115 120 105 100 103 101 105 114 113 112 111 109 106 87 80 89 95 96 93 85 90 101 95 97 95 91 111 110 97 113 116 103 113 117 113 99 102 123 128 128 129 131 132 
126 124 123 116 108 109 125 134 137 128 110 108 116 122 112 98 127 122 116 114 116 115 121 106 99 105 99 104 116 116 116 116 114 110 89 79 90 95 95 89 87 96 104 94 91 100 91 93 96 94 113 116 101 101 106 109 100 102 124 126 127 129 130 129 
125 123 122 117 110 112 129 137 140 130 115 119 116 122 115 99 129 124 116 114 117 117 123 111 101 104 102 107 118 119 118 118 116 113 91 80 89 95 95 94 94 100 109 99 103 109 97 108 114 100 107 103 92 105 115 111 101 102 123 126 126 128 129 130 
125 123 123 120 112 112 129 138 141 132 117 118 118 122 115 99 131 124 116 115 116 119 125 111 102 107 101 107 119 119 119 119 118 114 91 78 88 92 93 93 92 94 96 93 101 109 100 107 114 95 96 103 99 111 117 111 101 102 123 126 127 127 128 131 
128 127 125 119 113 114 130 140 143 135 122 120 120 126 116 102 132 126 119 116 118 120 125 111 106 109 106 110 121 121 121 120 119 116 91 75 80 73 93 91 85 87 96 96 107 109 100 114 117 100 112 116 105 113 119 119 104 104 124 126 127 128 129 129 
129 127 126 120 115 118 133 139 143 136 121 123 122 129 119 104 132 125 118 116 120 120 126 113 104 111 107 111 123 122 121 121 120 117 92 71 74 69 93 87 82 94 103 94 89 91 92 103 100 96 110 115 107 109 112 109 97 104 124 127 126 128 128 128 
129 128 127 122 117 117 132 133 141 137 125 124 121 131 124 107 133 125 117 117 123 123 128 117 107 114 107 110 123 122 122 122 119 116 93 70 74 69 92 92 92 93 104 96 101 109 92 96 103 99 116 119 105 98 104 110 98 104 124 126 126 127 128 129 
130 129 129 125 117 117 133 133 141 138 126 124 122 129 125 109 134 127 120 119 128 122 129 113 108 114 106 112 123 123 123 121 120 117 93 70 73 68 92 93 93 95 101 95 99 108 99 109 113 98 100 99 94 111 112 115 99 103 125 126 127 127 128 127 
131 134 133 125 116 116 133 133 143 139 126 123 123 131 125 107 134 128 116 119 130 122 129 114 108 115 109 111 124 124 123 122 121 118 94 70 73 68 92 90 88 81 87 91 106 111 101 107 113 97 103 110 103 111 117 120 98 104 125 126 126 126 127 127 
132 137 135 125 117 119 135 134 142 139 127 125 123 130 126 108 135 129 117 119 130 124 130 115 108 116 112 114 126 125 125 123 122 119 94 71 75 68 91 84 78 92 102 95 95 94 94 113 115 100 111 115 104 111 116 119 99 105 125 127 126 126 126 127 
133 138 137 127 120 126 141 139 146 141 128 126 120 132 127 109 136 130 120 119 131 125 131 114 106 115 112 113 127 126 125 124 124 121 96 72 76 69 92 90 89 89 99 92 94 102 93 93 93 94 111 115 104 111 112 114 100 106 125 126 126 126 126 126 
133 138 138 128 121 130 148 139 146 141 130 127 122 132 126 108 136 145 136 121 131 124 131 117 111 118 113 115 128 127 127 127 126 122 96 70 75 69 92 91 90 94 103 93 101 108 96 103 110 101 112 114 102 105 110 111 97 106 125 125 125 126 126 126 
134 138 139 129 122 129 149 135 144 141 129 125 124 132 126 111 138 140 136 122 131 125 131 118 119 121 114 115 128 127 127 128 127 124 96 69 75 70 92 89 86 79 83 86 102 109 98 103 110 95 93 95 93 98 104 109 96 106 125 126 126 126 123 121 
134 137 139 129 121 130 150 137 144 141 127 126 124 131 126 111 138 141 146 121 131 125 131 116 120 122 115 117 130 128 128 128 127 125 96 70 74 69 92 84 76 87 97 92 101 103 96 107 113 98 107 114 103 110 118 121 100 106 125 126 126 125 121 120 
135 138 140 129 122 131 149 136 145 141 125 124 127 132 126 110 136 145 142 122 131 126 132 119 121 125 122 117 129 129 128 129 128 125 97 69 73 70 92 86 82 88 96 87 82 87 87 99 100 95 107 114 103 110 118 121 99 106 125 126 126 123 120 119 
132 137 139 129 124 134 150 136 145 141 126 125 137 139 128 109 138 137 133 122 132 133 134 119 122 131 122 116 131 130 130 131 129 126 98 69 74 69 91 89 86 93 100 91 97 103 88 89 95 94 112 117 103 110 119 121 99 107 125 126 126 123 120 120 
124 136 140 130 124 133 150 137 145 140 126 127 134 141 131 108 138 142 133 122 134 135 134 120 125 133 124 118 132 131 131 130 130 127 98 70 74 68 92 89 83 84 86 85 93 102 93 102 107 93 102 104 95 109 118 121 98 106 125 126 126 123 121 120 
122 136 139 130 122 129 150 141 144 141 128 126 136 142 132 112 139 153 148 126 134 136 135 126 133 134 124 125 133 133 131 131 130 127 98 69 74 69 92 84 76 82 88 85 100 104 94 100 106 89 89 93 92 109 117 120 98 106 124 126 126 122 120 120 
129 135 139 129 120 128 149 138 139 141 127 130 135 141 133 113 139 157 158 130 136 137 135 134 135 135 126 129 133 132 132 132 131 127 100 70 75 71 93 83 78 90 97 83 80 80 85 105 108 93 105 110 103 109 117 120 98 106 124 126 126 121 120 120 
124 134 138 128 119 128 148 138 140 140 127 135 140 144 132 108 128 139 147 130 136 136 135 136 136 135 126 128 132 132 132 132 131 127 98 69 74 72 92 86 84 89 97 86 90 94 78 78 79 85 102 108 100 108 115 119 96 105 124 125 126 121 119 120 
122 133 138 128 122 130 148 138 138 140 128 135 142 145 131 89 74 85 101 112 109 114 126 135 135 135 127 129 132 132 132 131 131 128 98 69 73 71 92 88 85 89 93 86 95 99 85 92 96 91 108 113 98 106 114 118 97 105 124 125 126 121 120 119 
124 132 137 125 118 126 147 141 145 140 126 124 139 144 130 81 64 93 102 109 109 96 88 98 112 124 116 125 131 129 126 127 127 125 99 71 74 71 93 85 81 77 78 81 98 101 87 94 100 84 86 87 84 105 113 117 94 104 123 125 125 121 120 119 
123 131 134 119 118 124 146 140 145 138 122 102 136 144 130 91 64 90 100 106 114 96 82 71 66 62 56 63 96 88 65 69 75 85 81 66 75 72 94 81 79 90 94 82 89 89 85 96 101 85 91 94 86 103 111 115 92 103 122 124 125 121 120 119 
117 128 134 119 118 124 145 145 147 138 121 117 138 143 130 104 62 77 93 106 110 90 81 76 62 52 47 37 33 33 30 31 30 32 36 40 65 88 97 88 87 92 93 80 76 75 77 92 92 83 97 101 90 102 110 113 88 101 121 124 124 120 120 119 
119 128 136 123 117 125 145 147 147 137 122 120 137 143 130 115 77 61 82 103 103 93 92 74 55 50 44 37 28 28 29 29 29 28 28 33 50 93 109 103 96 100 99 87 91 91 76 76 77 80 96 101 90 101 108 110 85 101 120 122 124 120 120 120 
119 128 136 124 118 128 145 147 147 136 120 118 136 142 129 119 111 56 67 88 94 98 93 66 48 41 38 32 27 28 29 28 28 27 28 30 43 79 115 122 119 117 110 100 96 95 82 89 90 83 101 103 86 99 106 108 82 100 118 121 123 120 120 120 
119 127 135 123 115 126 143 145 145 136 120 118 136 141 129 118 122 82 55 70 83 94 86 53 41 32 29 29 28 28 30 38 41 35 32 31 53 102 122 126 126 125 126 122 118 110 94 90 93 76 75 73 72 96 103 106 80 99 118 120 122 119 120 120 
118 126 134 123 115 122 142 144 145 136 120 116 134 141 128 117 123 118 71 53 68 79 75 43 34 30 26 27 27 29 31 50 86 80 44 35 63 131 138 132 127 127 128 128 127 125 118 109 105 99 99 94 84 97 101 102 79 97 114 118 121 119 120 120 
118 125 134 122 111 119 141 143 144 135 118 115 134 140 128 116 123 127 120 54 50 62 61 42 31 29 27 28 29 29 32 72 101 95 74 46 88 143 145 139 131 130 129 131 129 127 125 123 119 111 105 111 116 116 111 109 96 102 111 115 119 118 119 120 
119 126 133 121 112 118 141 143 142 135 119 115 134 140 126 114 121 128 150 90 42 43 44 40 34 28 32 29 31 30 33 67 62 54 77 59 120 145 145 140 134 131 128 128 130 129 126 124 123 114 87 88 121 126 126 125 123 122 120 117 117 117 119 119 
117 124 133 121 114 120 140 142 141 135 123 114 132 138 125 113 127 128 133 112 68 40 35 30 30 32 32 34 32 34 32 50 49 55 74 60 120 140 142 140 138 135 131 126 128 132 130 126 123 121 110 88 118 126 130 132 133 134 133 129 120 114 119 120 
119 125 133 121 113 116 140 141 141 135 123 113 131 138 125 113 132 147 151 120 101 60 34 29 27 30 38 42 40 35 36 42 65 87 72 60 114 136 139 138 139 139 137 130 128 133 133 129 126 124 120 104 109 123 132 138 137 139 139 136 129 116 119 120 
119 123 132 120 109 116 139 142 142 135 123 112 130 135 123 113 132 148 156 130 125 105 46 29 30 33 37 43 47 44 38 47 63 73 59 63 100 130 134 131 132 132 140 141 136 135 136 133 130 127 124 116 104 115 132 141 142 139 141 146 141 123 120 121 
124 125 132 121 112 117 138 141 141 134 122 112 128 132 120 112 130 143 157 135 132 125 69 35 35 40 46 43 42 46 57 94 112 111 106 116 130 138 137 132 131 130 132 148 148 141 136 135 134 129 128 126 116 110 126 139 147 147 153 155 146 124 120 122 
126 125 132 121 112 116 138 140 140 134 122 112 128 131 119 111 130 144 155 133 130 127 68 34 32 36 43 49 53 83 127 144 139 136 136 136 138 144 148 147 147 148 145 145 157 145 144 140 137 132 129 128 126 120 119 125 135 144 152 153 136 117 118 121 
124 125 131 120 110 117 136 139 139 134 122 110 127 130 118 110 128 141 155 133 130 127 72 34 36 35 40 68 107 156 175 169 156 146 143 144 151 154 162 165 166 166 166 158 145 142 153 145 140 135 132 130 130 130 122 112 117 122 127 125 114 111 115 117 
125 125 131 120 112 120 136 138 139 133 120 110 126 128 118 109 127 140 151 132 129 127 76 35 33 32 42 81 136 178 193 194 186 180 177 175 174 172 180 185 183 178 177 172 160 155 162 150 142 138 137 134 134 134 129 122 104 92 97 100 106 107 111 115 
124 124 131 121 114 120 135 137 137 132 120 109 125 127 117 109 127 141 148 132 129 126 68 33 33 37 46 93 149 186 199 200 201 204 205 203 203 200 200 202 196 193 191 180 182 168 168 153 147 143 140 139 141 140 134 131 115 94 95 98 104 105 109 113 
124 124 130 120 113 119 134 136 136 131 119 109 124 128 118 109 126 140 151 131 129 125 68 34 39 48 59 100 150 176 187 192 200 212 220 224 225 222 219 216 211 202 193 194 197 181 170 155 152 148 147 151 151 149 142 135 129 113 98 98 102 103 107 110 
123 122 129 119 112 117 134 136 136 130 118 108 123 127 117 108 125 137 151 131 128 126 71 32 38 54 82 128 165 190 201 209 221 230 234 236 233 234 232 224 213 205 195 210 209 193 172 161 156 153 154 153 153 156 148 139 133 125 104 96 101 100 103 108 
122 122 129 119 109 116 132 134 135 129 117 106 122 126 116 107 124 140 151 131 128 126 74 33 35 44 65 96 136 190 213 218 226 232 231 232 230 233 229 221 216 218 217 221 214 197 175 163 158 158 157 152 153 155 154 145 139 132 110 96 100 103 104 107 
117 121 129 119 110 116 127 133 133 129 117 106 121 126 116 107 124 137 142 129 129 128 77 35 35 35 42 64 110 145 183 208 218 221 210 186 192 208 219 222 225 228 227 223 214 198 178 167 162 163 162 159 160 163 162 152 145 136 119 100 98 101 104 108 
120 121 127 118 108 114 117 131 132 128 117 106 121 126 115 108 125 129 128 126 127 127 81 37 39 42 48 61 72 69 87 159 189 190 145 120 148 195 216 222 225 233 233 224 216 202 184 172 168 167 167 168 167 168 161 155 148 140 130 107 97 98 101 104 
119 120 126 117 108 113 116 130 132 129 116 106 121 126 115 107 124 129 127 126 127 126 93 34 32 36 41 52 66 54 50 91 121 143 144 139 123 180 210 221 227 233 234 228 218 203 190 178 176 174 174 176 174 167 158 157 150 143 134 117 100 96 98 100 
118 118 123 115 108 112 114 129 131 129 117 106 120 124 112 106 123 128 126 127 127 126 103 37 31 47 61 63 59 62 52 53 71 105 95 116 118 156 204 219 230 234 235 230 215 202 193 188 185 182 182 181 175 164 157 156 152 142 135 129 107 96 95 97 
115 117 123 115 109 112 113 128 131 128 117 107 119 124 113 106 122 127 126 126 125 126 112 52 46 45 43 51 60 53 50 40 66 83 58 98 113 146 202 221 232 236 230 221 210 204 195 194 192 189 186 180 171 159 154 149 142 135 130 128 113 96 92 94 
108 116 123 114 109 112 116 128 130 128 117 107 118 125 116 108 122 125 124 123 123 122 110 50 32 29 40 46 47 41 43 38 68 118 124 134 105 155 206 227 235 231 218 212 209 205 198 198 199 195 188 179 167 152 139 126 114 106 107 111 113 96 90 92 
111 115 121 113 105 110 115 128 130 127 117 107 117 125 122 121 120 119 117 113 115 109 78 39 38 39 42 43 44 39 40 38 56 123 162 133 93 173 213 234 236 221 214 212 212 208 204 203 203 199 191 175 153 128 100 86 68 58 62 72 99 96 88 88 
113 114 116 112 105 111 118 128 129 127 117 107 111 111 120 124 110 109 111 109 111 96 51 47 65 63 55 50 41 39 38 39 46 89 108 77 99 163 213 237 229 219 216 215 216 211 210 206 203 200 190 167 126 93 66 63 51 42 43 48 71 98 90 86 
111 111 111 110 106 111 117 127 129 128 117 106 111 114 120 124 109 111 113 108 107 70 44 64 88 71 57 45 38 38 36 38 40 64 56 49 91 134 199 229 223 223 221 219 219 214 210 206 201 195 181 146 94 63 52 48 40 34 33 38 48 81 91 85 
112 110 107 110 106 109 117 127 130 128 117 107 112 115 120 123 108 110 111 106 97 54 66 93 85 58 44 38 34 37 38 38 39 39 38 51 86 120 190 226 225 229 223 220 219 215 207 202 194 183 159 115 66 43 35 39 36 30 28 31 37 57 89 84 
109 111 111 110 104 108 116 125 128 127 117 108 112 117 124 118 106 109 109 102 73 60 91 102 78 57 45 35 33 37 37 37 38 39 39 62 90 119 183 224 229 231 221 216 215 211 202 193 183 159 118 80 60 42 29 28 31 26 23 23 28 39 73 85 
110 110 110 109 106 107 115 123 127 126 117 105 111 119 125 116 107 110 109 92 57 82 105 113 86 65 58 42 43 49 39 39 42 44 50 70 89 114 173 223 231 225 206 204 209 203 193 175 159 122 77 61 49 41 33 25 28 24 22 22 23 30 52 83 
110 109 110 105 104 107 115 123 127 126 115 101 110 125 124 116 107 110 110 71 66 99 116 113 97 82 75 61 66 67 44 36 42 47 54 61 78 107 184 224 223 190 163 190 198 191 176 147 116 86 60 45 40 31 31 28 25 22 21 22 23 25 36 65 
108 109 114 106 105 107 113 122 126 125 114 103 111 124 123 115 106 108 105 63 88 108 119 111 100 93 85 89 86 75 41 32 37 46 54 55 69 116 195 197 158 117 137 181 184 170 139 105 74 57 53 34 32 26 22 22 21 19 19 20 22 23 24 41 
107 107 114 109 105 106 112 121 125 124 114 104 112 124 122 115 112 111 91 71 105 114 121 109 106 99 93 118 107 75 48 62 53 47 49 47 58 101 129 107 86 90 135 167 155 130 92 68 51 40 45 36 26 24 20 21 21 20 19 20 18 21 19 25 
107 108 113 109 106 108 114 122 124 123 114 104 111 123 121 118 116 112 75 83 114 121 118 110 105 102 91 94 98 79 92 110 96 62 44 42 44 50 66 80 85 103 134 135 97 81 60 44 44 32 30 33 28 23 19 22 21 19 19 19 18 19 17 16 
107 108 114 110 107 107 112 121 124 124 114 104 110 122 120 119 117 107 65 92 116 117 111 109 105 96 75 84 98 100 103 100 87 85 63 46 46 54 64 85 98 98 91 79 56 53 50 35 35 29 22 25 28 25 20 21 21 18 18 18 18 17 17 15 
109 108 112 110 108 108 114 120 124 124 112 103 107 121 120 119 116 101 58 88 110 108 104 98 93 84 86 95 97 97 99 92 64 68 72 56 47 52 56 70 67 51 43 47 45 40 47 31 27 28 21 21 21 24 21 20 20 18 18 18 17 17 16 17 
107 108 109 107 108 109 113 119 124 123 111 105 109 120 118 114 109 89 49 73 91 91 87 80 82 91 98 99 100 100 100 85 45 43 55 52 38 39 40 42 39 35 32 34 37 32 39 29 22 26 21 20 19 19 20 19 19 17 16 17 15 15 15 15 
110 109 106 105 106 108 113 119 123 121 115 110 106 104 98 93 90 80 43 47 57 64 75 90 97 98 97 95 95 93 92 80 37 29 36 41 35 31 32 29 32 28 28 28 30 28 28 29 19 23 21 18 18 18 17 17 18 17 16 15 15 15 15 14 
112 110 105 105 108 108 112 113 109 104 101 100 100 103 105 106 107 101 73 66 76 87 94 94 92 92 92 91 87 79 67 61 32 25 27 35 33 26 28 27 27 25 25 23 25 25 23 28 19 21 21 17 18 19 17 17 18 20 18 16 15 16 16 16 


128 123 121 118 109 111 127 134 137 131 121 113 117 128 128 117 134 134 133 133 132 131 130 128 127 126 125 126 125 125 119 125 128 127 103 88 99 105 106 105 105 109 116 102 114 120 104 117 120 106 120 123 108 113 123 124 111 106 130 135 136 137 137 136 
129 126 124 119 111 113 129 136 139 134 122 115 122 130 128 116 136 132 125 127 130 129 135 129 128 129 128 128 128 126 125 126 126 125 103 90 100 105 105 106 105 96 95 91 113 118 103 119 123 106 121 123 108 113 124 127 113 106 129 133 136 137 137 136 
130 125 125 119 114 115 130 139 141 136 125 116 125 130 130 122 138 134 126 125 128 131 137 124 118 119 120 125 132 132 131 130 129 126 104 90 99 105 104 101 92 95 108 102 105 102 96 118 119 102 120 123 110 119 123 117 104 106 128 132 134 136 137 136 
130 125 125 120 113 116 132 141 143 138 126 126 126 131 131 122 140 134 129 127 130 132 139 126 119 123 120 125 135 135 136 135 134 131 105 89 99 104 104 97 93 103 112 101 96 105 97 98 100 98 119 123 108 104 110 113 106 105 128 131 133 135 136 137 
131 125 125 120 113 118 136 142 145 140 129 132 126 130 132 123 141 135 129 128 132 134 141 130 122 124 122 128 137 137 138 138 137 134 106 88 99 104 103 102 101 106 116 104 109 116 101 112 120 108 114 110 97 109 121 115 108 106 128 131 132 133 135 136 
131 125 125 124 118 118 136 143 146 142 132 129 129 131 132 124 143 136 130 130 131 135 142 131 123 127 122 128 139 139 140 139 138 135 108 88 97 100 102 101 101 101 104 97 106 115 105 113 119 100 99 106 103 114 121 116 107 106 128 130 131 133 134 136 
131 128 128 123 118 120 136 144 148 144 137 133 131 135 134 126 145 138 132 129 133 137 143 132 126 129 126 130 140 141 141 141 140 137 109 85 90 82 99 98 92 88 99 100 114 117 105 120 124 105 117 121 109 114 123 124 107 105 127 130 131 132 133 135 
132 128 128 123 119 125 140 144 148 145 137 137 132 138 136 128 146 137 130 130 136 137 144 132 125 131 128 132 141 141 141 142 140 138 109 79 85 76 99 94 86 98 108 100 93 96 97 112 107 98 114 119 111 114 117 113 100 105 128 129 130 131 132 134 
134 130 130 125 120 124 139 137 146 147 138 136 131 139 142 131 146 137 130 131 138 138 144 135 128 134 128 132 142 142 142 142 141 138 109 77 83 76 98 98 98 97 109 99 103 113 97 96 104 100 120 124 108 98 105 111 102 105 128 129 130 131 131 133 
135 130 131 128 124 124 140 136 145 146 139 134 132 138 141 133 147 139 133 132 144 136 144 134 129 135 129 133 143 143 143 142 141 139 109 76 83 75 98 99 99 102 108 97 101 112 101 111 117 101 104 102 94 113 116 119 103 104 128 129 129 130 131 132 
135 135 136 129 123 124 140 139 147 148 139 134 132 139 143 132 147 138 130 133 144 137 145 135 129 135 130 132 144 144 144 143 141 139 110 77 82 75 97 96 94 83 89 92 109 117 103 109 117 99 103 112 104 113 120 123 103 104 128 129 130 130 130 132 
136 138 139 129 122 126 141 139 148 150 141 136 132 139 143 134 147 139 131 133 144 139 146 136 128 137 133 135 145 145 145 144 143 140 111 77 82 75 97 91 81 94 105 97 100 100 96 117 120 101 112 118 106 113 119 122 104 106 128 129 130 129 130 131 
137 138 139 130 123 131 147 144 150 150 142 140 130 142 145 134 148 139 133 132 145 140 146 134 126 137 134 135 146 146 147 146 145 142 112 77 82 75 97 94 92 92 102 94 94 103 94 95 95 94 112 118 106 112 113 117 104 107 128 130 130 129 130 130 
138 139 140 132 124 134 153 144 150 150 143 139 131 140 144 133 148 138 131 133 145 140 147 136 130 138 136 138 148 148 148 147 147 145 113 77 83 75 96 96 94 98 108 95 102 109 97 104 112 102 117 119 105 108 113 114 99 106 128 130 130 129 129 129 
138 139 141 134 127 134 154 141 149 150 141 136 134 141 145 135 149 144 137 135 146 141 148 138 140 141 136 139 150 149 149 149 149 147 114 76 82 75 96 93 90 83 87 86 103 111 99 105 113 96 93 96 91 97 103 109 98 107 128 129 130 129 127 124 
138 140 142 135 128 135 154 142 151 151 142 141 137 141 146 137 150 141 135 135 146 141 149 139 141 143 138 141 150 150 151 152 151 148 116 75 81 75 96 89 80 88 98 94 106 107 96 109 116 98 108 115 104 112 121 124 102 108 128 130 129 129 124 123 
139 140 142 134 127 135 155 143 150 151 141 138 138 141 145 135 151 142 134 136 148 142 150 140 142 146 145 140 151 152 153 153 153 150 116 74 80 74 95 90 83 89 97 89 84 88 88 105 105 96 108 115 104 111 121 124 102 108 128 129 130 126 123 123 
137 140 142 133 128 139 155 142 151 151 142 136 147 149 148 136 151 144 139 135 148 149 151 141 144 152 145 140 153 153 154 154 154 151 117 74 79 74 95 92 88 92 102 91 95 103 88 88 94 93 112 119 104 111 120 123 101 107 128 129 129 125 123 123 
130 138 143 134 129 138 155 144 151 150 141 138 146 151 151 135 152 146 139 137 149 152 152 141 146 154 148 143 154 155 156 156 155 152 117 73 79 74 94 92 86 87 90 84 91 101 91 101 107 94 106 108 97 110 120 123 100 107 128 130 129 125 123 123 
129 138 143 135 130 137 156 149 151 151 143 137 148 153 151 137 152 147 142 141 150 152 153 146 152 156 149 149 155 156 157 157 156 152 118 73 79 74 94 87 79 82 88 85 101 106 93 98 106 88 88 93 90 110 118 123 99 106 127 129 129 125 123 123 
134 139 143 134 128 136 157 148 147 152 142 142 147 152 152 139 153 150 149 145 153 153 154 154 156 157 151 153 157 157 158 158 156 154 119 74 79 74 93 84 76 89 96 83 83 82 84 105 109 91 104 111 102 109 117 121 98 106 127 129 129 124 123 123 
129 137 143 134 127 135 157 148 148 153 143 148 152 155 152 135 143 143 143 144 154 155 154 155 157 158 151 154 158 159 159 158 157 155 118 72 79 74 93 86 84 89 97 85 88 92 78 80 81 84 102 109 101 108 117 122 97 106 126 128 128 124 123 123 
127 136 142 135 130 137 156 148 147 152 143 147 154 157 152 109 77 83 98 113 113 126 143 155 157 158 152 155 159 158 159 159 158 156 119 73 78 75 93 88 85 91 95 84 92 97 84 91 96 90 109 113 99 107 115 120 96 105 125 128 128 124 123 124 
129 136 142 132 127 134 156 150 154 152 143 143 153 157 152 97 61 89 96 105 107 93 87 107 130 146 141 151 157 156 154 155 156 153 119 74 77 73 93 85 81 76 77 80 95 99 84 92 99 82 87 88 84 105 113 119 94 104 125 127 127 124 123 123 
130 135 141 128 126 133 155 150 155 152 141 132 152 157 153 110 61 87 97 105 115 94 76 65 61 61 58 73 116 106 78 82 89 103 96 70 80 74 94 83 79 88 92 82 90 89 83 94 101 84 89 92 84 104 112 117 91 103 125 126 127 124 123 123 
127 133 140 126 128 133 155 155 157 152 141 141 153 156 153 129 63 72 90 106 113 87 75 73 55 43 37 33 33 34 30 30 29 32 37 41 67 89 96 88 86 90 92 79 75 73 76 95 95 82 96 101 90 102 109 114 88 102 124 126 127 124 123 124 
127 133 140 130 126 132 153 156 157 152 142 142 152 156 153 144 82 54 77 103 104 90 89 72 49 42 34 32 25 25 28 27 26 24 25 28 48 94 108 100 94 100 99 85 88 90 73 73 75 77 93 100 89 99 107 111 83 100 123 125 126 123 122 123 
127 133 141 132 126 137 152 155 157 151 139 142 152 156 152 148 125 52 61 88 94 97 94 64 40 35 32 28 25 25 26 24 24 23 25 28 40 77 115 120 118 116 108 97 93 93 79 87 91 81 101 103 86 98 106 109 80 99 121 124 126 123 122 123 
126 133 140 132 125 134 152 155 156 151 140 141 151 155 152 147 141 88 50 66 81 93 87 51 35 28 24 24 24 25 26 31 34 29 28 29 50 99 120 123 124 125 124 121 116 108 91 88 92 74 71 70 69 95 103 106 77 98 119 123 125 123 123 123 
126 133 140 132 126 131 151 154 155 150 140 141 151 155 152 148 143 127 62 49 65 78 75 40 31 27 22 23 24 26 28 40 74 68 39 32 60 131 136 130 126 127 128 127 125 123 116 107 103 96 96 91 80 94 99 101 76 96 116 120 124 122 123 123 
126 132 140 131 124 130 151 154 155 150 139 141 150 154 151 147 143 137 106 49 45 58 59 39 28 28 24 23 25 26 27 61 97 91 64 41 84 143 144 135 127 127 127 130 128 125 124 121 117 109 104 110 113 114 108 106 91 99 112 117 122 121 122 123 
127 132 140 131 122 128 151 152 153 150 141 141 149 154 151 145 142 137 133 91 38 37 40 38 34 26 29 24 28 25 28 61 66 55 69 52 118 144 142 136 128 126 124 126 130 128 124 122 121 111 82 86 118 122 122 122 119 118 119 118 119 120 122 123 
125 131 139 130 124 129 151 153 153 150 145 140 149 153 149 145 146 143 141 133 76 37 31 29 30 31 31 33 29 31 28 47 49 52 68 52 116 138 139 137 134 130 126 122 126 132 129 123 121 119 106 83 112 121 126 129 130 131 131 128 122 118 122 123 
128 131 139 131 125 127 150 152 153 150 144 139 148 152 148 144 151 149 141 140 122 65 33 28 26 28 37 41 37 31 32 37 63 85 63 48 106 133 136 135 134 134 133 126 123 133 133 127 124 120 116 100 103 118 127 133 132 136 137 134 130 118 122 124 
127 129 139 131 124 126 149 151 152 150 144 138 146 150 147 143 150 150 145 149 146 122 48 27 28 32 35 42 46 41 33 39 51 60 47 47 87 122 126 124 124 123 133 136 131 133 135 132 128 124 121 111 96 108 126 135 136 132 137 143 140 124 122 126 
131 131 138 130 122 127 149 150 151 149 143 137 146 148 144 143 149 149 151 152 151 147 80 35 36 39 43 41 39 43 50 87 105 101 94 105 121 130 127 120 114 106 111 142 145 139 135 134 134 126 124 122 110 103 120 135 143 141 150 155 147 125 123 125 
133 132 138 130 123 125 148 150 150 149 142 137 144 146 143 142 148 149 147 150 150 147 78 34 32 35 42 47 49 79 125 142 135 131 130 130 131 136 137 134 129 122 111 123 151 142 142 139 135 128 126 124 122 115 111 112 120 139 150 154 138 118 122 123 
134 133 138 130 124 127 147 149 150 148 141 135 143 145 142 141 147 148 147 150 149 147 82 35 38 37 39 65 106 160 178 168 151 140 135 135 142 146 154 156 152 145 133 122 121 133 152 144 139 134 131 127 126 127 117 99 101 113 116 124 115 113 118 122 
133 133 137 130 123 130 146 149 149 147 141 135 143 143 141 140 146 146 145 149 148 148 87 36 35 32 40 80 140 184 196 195 184 177 173 169 167 164 174 178 172 154 144 145 144 149 162 151 140 136 134 130 130 131 127 117 99 87 91 100 106 109 115 120 
133 132 137 130 123 129 145 148 148 146 139 133 142 142 140 139 145 146 145 148 147 146 77 33 34 38 47 95 152 192 202 202 202 206 205 203 201 197 196 198 185 173 165 160 178 165 169 152 144 142 137 136 138 137 130 126 110 89 91 98 104 105 111 117 
133 131 136 129 122 128 143 146 146 145 138 132 140 141 139 138 144 144 142 146 147 145 77 33 38 48 58 100 153 177 187 191 199 212 221 225 225 222 218 212 202 185 174 186 197 180 172 155 150 148 145 150 150 148 140 132 125 109 95 96 101 102 108 113 
132 130 135 128 125 127 142 145 145 143 137 131 139 140 138 137 143 143 143 145 146 145 81 32 38 57 87 133 172 195 205 212 223 233 236 238 235 235 233 222 204 193 182 209 211 194 174 160 155 152 153 153 152 156 147 137 130 122 102 95 100 101 105 110 
130 130 134 127 121 126 141 144 144 143 136 130 138 139 137 136 142 142 140 145 145 145 83 31 35 45 69 100 142 197 218 223 229 234 233 233 228 232 229 220 214 217 216 222 216 201 176 162 156 158 156 152 151 155 154 144 138 132 109 94 98 102 104 109 
124 129 134 127 120 125 136 142 143 142 135 129 137 138 135 136 141 142 142 144 145 145 87 35 33 34 42 63 113 148 187 213 221 223 206 172 174 198 219 222 225 229 229 226 216 202 179 165 159 161 161 159 158 164 163 151 144 137 118 97 96 101 105 110 
127 128 133 126 120 123 128 140 142 140 135 129 136 137 134 134 140 142 142 142 143 143 93 38 40 43 48 63 75 68 84 161 192 185 126 102 129 186 216 222 226 233 235 225 218 205 185 170 165 166 165 166 167 169 161 154 147 140 129 105 94 98 102 106 
126 127 132 125 121 122 126 139 141 140 135 128 135 138 134 134 139 141 141 141 142 142 106 33 31 37 41 52 66 52 45 87 118 135 135 128 107 171 209 222 228 234 235 229 221 206 191 177 174 174 174 177 174 168 158 157 151 143 134 116 99 96 98 102 
126 126 131 124 119 122 123 139 141 140 134 128 135 136 131 134 138 140 140 140 141 141 117 38 31 47 63 64 59 62 49 50 64 103 95 115 105 145 203 219 231 236 237 232 217 203 193 187 185 181 182 182 176 164 157 157 153 144 137 129 107 95 95 98 
124 125 130 123 119 121 122 137 141 139 134 128 134 135 130 134 138 139 139 139 140 140 125 54 47 48 44 51 60 54 47 37 60 85 59 98 101 137 202 221 234 238 232 222 212 205 195 194 193 188 185 180 172 159 154 151 144 136 130 129 112 94 91 95 
119 124 128 123 117 121 124 137 140 139 133 128 133 137 132 131 135 137 137 137 136 135 121 51 29 25 37 45 47 40 40 34 61 118 134 136 93 150 206 227 237 233 220 214 210 205 197 198 198 196 189 179 168 152 139 128 116 107 109 113 113 93 87 90 
118 123 127 122 119 120 125 137 140 139 133 127 132 136 133 133 131 131 130 126 128 123 85 35 33 35 39 39 44 38 37 34 50 115 162 125 84 172 214 236 238 224 216 213 213 207 204 203 203 200 192 176 154 128 100 87 66 56 61 71 100 93 84 86 
121 121 120 121 116 119 126 136 139 138 132 126 125 122 130 135 121 120 124 121 125 109 51 40 57 59 49 46 40 38 35 36 40 78 97 66 95 166 216 238 231 221 218 216 217 210 210 206 204 200 190 168 125 91 62 60 47 38 39 45 71 98 87 84 
118 120 118 119 114 118 122 134 138 137 131 126 125 125 131 133 121 122 126 118 119 77 36 53 79 64 49 38 34 36 34 36 37 61 51 43 89 137 203 231 225 225 222 220 220 214 210 206 202 196 182 146 89 59 47 44 34 28 29 34 45 80 90 83 
118 118 114 118 114 117 122 132 136 136 131 126 126 126 130 133 120 120 122 116 106 49 54 85 81 51 34 29 28 34 37 36 36 37 32 45 85 123 196 228 226 230 224 222 219 214 208 203 195 184 160 113 59 35 30 33 30 24 23 28 34 54 85 81 
116 117 118 118 114 116 120 131 136 135 130 125 126 127 132 128 117 119 120 112 75 51 82 99 74 49 34 27 25 30 35 35 36 36 35 59 91 123 188 227 230 232 223 219 216 211 203 194 184 160 116 75 53 34 24 24 26 21 18 20 26 35 69 82 
117 117 117 117 115 116 121 131 135 135 130 123 123 127 133 125 117 119 120 102 51 73 99 108 81 55 45 32 31 37 34 38 41 43 49 73 91 117 177 226 233 227 207 206 211 205 195 176 159 122 71 54 44 38 31 21 23 21 19 19 20 26 49 82 
115 116 117 113 113 115 122 130 134 134 128 118 123 132 132 124 116 118 120 73 56 92 111 106 90 72 60 46 52 54 36 32 41 48 56 62 80 111 189 227 224 189 161 191 200 193 176 148 114 82 52 37 34 25 28 24 21 19 16 19 18 21 33 64 
114 117 120 113 112 115 122 129 134 134 126 119 123 132 132 124 116 117 113 57 80 103 115 103 88 81 71 75 69 60 32 28 35 47 56 57 71 119 201 200 157 114 136 183 186 171 138 102 69 50 46 28 26 20 20 18 18 17 16 18 19 21 23 38 
114 116 120 115 113 115 121 129 133 133 126 120 123 131 131 124 120 119 96 63 101 112 118 99 92 82 78 108 92 64 41 59 51 48 50 47 60 103 130 104 81 85 135 169 156 131 88 61 42 30 39 33 21 20 17 17 15 15 16 16 16 18 18 24 
114 115 119 116 113 114 121 128 132 132 126 120 123 131 130 126 124 120 74 77 111 119 115 100 88 86 76 83 93 77 97 116 101 64 46 41 42 49 64 77 80 99 135 137 96 78 52 34 37 23 24 31 25 19 18 18 17 15 15 15 14 14 16 16 
116 116 119 117 113 114 120 127 131 131 127 119 122 129 128 127 125 115 61 88 116 114 103 98 90 83 65 79 100 107 111 106 91 90 65 45 45 53 62 84 98 99 92 75 48 46 41 25 29 23 19 21 24 20 16 17 16 14 14 14 14 14 15 15 
117 115 118 116 114 114 121 127 131 131 126 118 119 128 128 126 124 108 53 84 106 102 89 83 82 80 87 101 102 102 104 96 65 71 75 57 48 52 55 70 66 47 37 39 34 29 39 21 20 24 16 17 17 19 16 16 15 14 13 13 12 13 12 13 
115 117 117 114 114 115 120 126 130 130 125 120 120 127 126 123 119 98 43 68 85 81 75 69 78 94 103 105 106 106 107 91 46 42 56 54 35 37 37 38 33 27 24 24 27 23 33 23 17 22 17 15 15 16 17 15 14 14 14 13 12 13 13 13 
118 118 115 112 115 116 122 126 130 130 126 123 121 118 113 109 106 91 40 39 49 55 68 91 103 104 103 102 100 99 98 85 37 27 35 41 32 29 26 23 26 22 21 20 23 21 25 26 18 21 19 16 15 15 16 15 14 15 14 14 14 14 14 14 
118 118 115 113 117 117 121 122 121 119 116 114 114 114 115 115 116 108 73 63 74 89 100 100 98 97 97 96 94 85 73 65 32 22 24 32 30 23 23 21 21 18 18 18 19 20 19 26 16 17 18 15 15 14 14 14 14 14 14 13 14 13 13 12 


122 105 111 110 101 110 126 127 131 131 128 127 119 126 118 107 131 132 132 133 134 134 135 136 136 135 135 134 134 134 131 126 133 133 108 80 84 93 95 95 96 99 104 94 103 107 95 104 108 97 106 110 99 104 111 112 103 96 115 120 123 124 122 121 
124 108 114 110 103 112 127 129 133 133 130 129 123 124 116 107 135 131 125 128 131 131 138 137 134 134 135 135 136 135 135 133 133 132 109 80 84 92 94 96 97 88 88 85 101 106 94 105 108 95 106 111 99 104 112 118 106 96 115 120 121 123 124 122 
124 107 114 113 107 113 129 131 135 135 133 131 127 126 118 112 138 133 125 126 130 135 140 138 131 125 132 135 139 139 138 138 137 135 109 80 85 93 93 91 85 86 97 95 94 94 90 107 109 94 106 110 101 113 118 113 99 95 115 118 121 123 123 122 
125 108 114 114 107 115 132 134 138 138 136 137 128 127 119 114 140 135 129 130 133 135 142 139 132 132 133 137 142 143 143 143 142 138 111 80 86 93 92 87 86 92 101 93 89 98 92 93 95 92 108 112 101 98 102 105 96 95 116 118 121 122 123 123 
126 110 116 116 108 117 134 136 140 139 138 134 129 129 124 116 142 136 131 131 134 138 145 141 135 139 136 140 145 146 146 146 145 141 113 80 85 93 92 93 93 97 106 96 97 105 94 102 109 101 108 105 92 100 111 106 99 96 115 119 120 121 122 123 
125 109 115 118 111 118 136 139 142 142 140 132 131 130 124 116 144 138 133 131 133 140 148 144 137 142 138 142 148 148 149 150 148 144 114 78 84 89 93 92 93 92 95 91 97 107 98 102 109 94 93 100 98 104 111 107 100 97 116 119 119 120 122 123 
125 111 116 117 112 119 136 140 143 144 141 136 135 134 125 118 145 140 134 131 137 143 150 146 140 143 141 145 150 150 150 152 150 146 116 76 78 74 92 89 86 85 93 95 104 107 98 109 114 98 106 111 103 106 114 115 101 97 116 118 119 120 122 124 
128 112 117 120 115 123 139 140 145 145 141 145 136 136 128 120 146 139 134 133 140 143 151 147 141 146 143 146 152 152 152 153 152 149 118 72 74 69 91 86 81 90 100 95 88 90 93 102 100 94 103 110 105 110 114 111 95 98 118 119 119 120 121 122 
129 115 119 123 117 124 140 135 143 146 143 139 136 139 135 125 147 141 134 135 143 144 151 147 143 149 144 149 154 154 154 154 153 149 117 70 73 70 90 90 91 90 100 95 95 105 92 90 98 96 111 115 103 96 99 105 95 98 118 120 119 119 120 121 
130 116 120 125 120 127 140 133 143 147 143 138 136 137 134 127 147 142 137 137 148 144 152 150 144 151 149 152 154 155 155 155 152 150 118 70 72 69 89 91 93 94 99 92 94 103 95 101 108 97 100 98 92 105 106 111 97 98 119 121 120 119 120 122 
131 122 125 125 117 125 142 135 145 149 144 140 137 140 137 128 149 143 140 140 150 144 154 152 145 152 149 153 156 157 157 157 155 152 120 70 73 68 90 89 86 78 84 87 100 107 98 101 109 95 98 105 99 105 110 114 96 98 119 120 121 121 121 121 
133 126 127 127 117 125 143 136 145 150 146 142 138 141 137 130 149 145 142 140 151 147 156 153 147 154 149 155 159 159 159 159 157 155 122 71 74 70 90 84 75 87 97 92 91 92 91 108 111 97 103 109 101 104 109 113 98 99 119 120 120 120 120 120 
132 126 128 127 121 130 146 142 148 152 149 148 136 143 138 130 151 144 143 140 151 147 157 155 148 155 151 158 161 161 161 161 159 157 123 71 73 70 89 88 87 84 94 89 88 97 90 89 90 91 102 108 100 104 104 111 99 100 119 120 121 120 120 120 
134 127 128 128 122 130 151 143 150 153 150 144 136 141 138 131 152 145 142 141 152 149 157 156 152 157 153 160 163 163 164 165 164 161 127 72 73 70 89 90 89 90 98 91 94 102 92 97 105 97 108 111 102 105 109 113 95 100 119 121 120 120 121 120 
137 129 129 132 124 131 151 140 148 153 150 143 139 142 139 132 153 149 147 142 153 151 158 156 158 160 155 162 164 166 167 168 168 165 129 70 72 70 88 85 83 77 81 83 95 102 94 95 105 93 89 91 90 95 101 106 94 100 119 121 120 120 118 115 
137 130 131 131 122 132 153 141 148 153 148 148 141 142 140 133 154 148 147 143 154 150 159 156 160 162 156 163 166 167 168 170 169 167 129 70 72 70 88 81 72 82 90 88 96 98 92 100 107 94 99 107 100 105 112 117 98 100 119 120 122 120 116 114 
136 131 131 132 125 133 154 142 150 155 149 146 143 143 140 135 155 150 148 146 156 151 161 160 162 165 164 166 169 169 171 171 171 169 130 69 71 70 87 84 78 82 89 84 78 83 83 95 97 92 100 108 100 105 111 117 98 100 120 121 121 118 114 113 
136 131 133 133 127 138 154 142 151 155 151 143 151 151 143 135 157 151 152 146 157 159 163 161 164 167 166 166 170 171 172 174 172 170 130 66 69 68 86 85 82 86 94 85 87 95 85 82 90 89 105 110 99 105 111 116 97 99 119 121 122 117 113 113 
128 130 133 134 127 138 156 144 152 154 150 145 150 153 146 135 158 155 153 147 158 162 164 162 165 169 167 167 171 173 173 175 173 171 131 67 69 68 86 84 79 80 81 79 84 94 87 91 99 91 97 101 93 104 111 116 96 99 119 121 122 116 114 114 
127 129 133 132 126 139 156 152 156 157 152 144 151 155 148 136 158 154 150 150 160 164 165 164 168 170 170 171 172 173 176 176 175 172 132 67 69 67 86 79 71 75 80 80 91 97 86 90 99 83 83 89 88 102 110 116 94 98 118 121 121 116 114 113 
134 131 133 133 126 137 157 154 154 157 152 149 152 157 149 137 159 159 157 153 162 166 167 167 170 172 171 173 173 174 176 176 175 173 133 67 69 68 85 77 71 79 86 78 74 73 79 96 100 85 95 104 99 102 108 114 94 99 118 120 120 115 113 114 
129 130 133 134 126 135 156 155 156 158 153 155 157 161 150 133 148 150 149 152 163 166 167 170 172 173 172 173 175 176 177 177 176 174 131 67 70 69 85 79 76 81 88 80 81 86 73 72 75 80 92 100 96 100 107 113 94 99 119 121 120 116 114 113 
129 131 133 134 128 137 155 154 156 158 155 156 161 163 151 103 72 77 89 107 114 131 155 169 171 172 172 173 175 175 177 176 177 173 131 66 68 70 85 81 77 83 86 78 83 88 78 82 89 84 99 105 94 99 106 113 93 98 118 120 120 116 115 115 
133 131 132 133 126 134 156 156 158 158 154 154 161 163 150 87 53 77 83 93 97 84 83 110 138 158 158 168 173 171 171 171 172 169 132 70 69 68 85 78 73 71 72 75 88 90 78 81 90 76 77 80 80 96 103 111 90 97 116 119 120 116 115 115 
132 130 130 129 127 133 156 156 159 158 153 152 161 164 151 101 51 74 84 92 105 80 62 57 54 56 56 77 125 113 80 86 95 111 102 64 71 68 85 76 72 79 83 75 80 79 75 84 91 77 82 85 78 94 101 109 87 95 116 119 119 115 115 115 
129 130 131 128 126 135 156 158 160 158 156 161 165 164 152 121 56 60 77 95 103 75 64 65 47 35 31 28 32 32 27 28 27 30 33 36 60 82 88 81 79 81 83 74 69 68 70 82 85 73 86 92 83 93 100 106 81 94 116 119 120 116 116 116 
130 131 132 132 128 135 157 160 161 158 157 163 165 164 153 138 81 45 67 93 96 80 80 66 41 34 30 28 24 25 26 26 24 24 25 27 44 86 100 93 87 92 90 80 78 80 67 67 70 72 85 92 81 92 99 103 77 93 115 118 120 117 115 115 
131 131 133 136 131 139 157 160 161 159 154 163 165 164 153 142 131 51 52 77 84 88 86 59 35 28 27 24 24 25 25 23 22 23 26 26 38 72 104 109 107 105 98 90 84 84 73 78 80 75 92 94 78 90 98 100 72 90 112 117 119 117 117 115 
130 131 133 136 129 137 155 159 160 158 155 162 164 164 153 142 151 98 42 56 72 83 78 43 30 24 21 21 23 23 24 29 31 26 27 26 49 93 107 110 110 111 111 109 105 99 83 79 83 66 66 65 62 86 93 95 68 88 109 114 117 116 116 115 
131 132 133 136 131 136 156 159 160 159 155 162 164 164 153 142 153 147 63 40 55 69 68 33 27 25 21 22 22 24 25 34 47 40 30 29 58 121 121 117 112 115 115 114 111 110 104 96 94 89 90 84 73 86 89 90 67 87 104 110 116 116 116 116 
132 132 133 135 131 135 156 158 161 159 155 162 165 164 154 142 153 160 118 46 36 48 51 35 25 26 22 21 22 22 24 44 60 50 34 36 82 131 126 121 113 115 115 118 115 110 108 107 105 97 92 98 102 102 98 96 82 90 100 106 112 115 116 116 
132 133 133 135 126 133 155 157 159 159 157 162 165 164 153 142 152 160 149 102 36 32 33 33 31 25 29 23 26 23 26 41 45 37 37 40 110 129 127 123 116 114 112 114 120 117 110 107 107 99 73 75 102 105 107 110 107 107 109 109 111 113 115 116 
131 133 132 135 128 134 155 157 159 160 160 161 164 163 153 141 155 162 156 154 89 37 27 23 27 30 29 31 26 27 24 30 40 38 37 36 105 123 124 122 121 117 114 110 115 123 117 109 106 104 93 74 95 100 107 112 114 117 119 117 112 110 114 115 
134 133 133 135 129 133 156 158 159 161 161 161 164 163 153 140 160 163 152 163 147 71 30 27 26 27 35 38 35 27 30 28 44 67 34 39 94 120 122 120 120 121 121 114 113 124 122 116 112 106 101 86 84 97 107 116 113 119 122 120 119 109 113 115 
135 133 133 137 132 133 156 159 160 160 161 161 162 162 152 139 160 163 158 165 164 134 51 28 29 32 35 40 44 40 32 38 39 37 34 42 77 111 112 109 108 109 121 126 122 126 126 123 118 111 106 97 79 88 105 116 117 113 120 129 128 115 114 117 
140 135 134 138 130 133 155 159 160 161 160 160 162 161 152 140 159 163 162 164 165 160 86 35 37 41 44 40 39 42 48 81 95 90 85 95 110 120 117 107 100 92 95 133 139 133 127 124 123 114 111 110 98 85 100 116 125 125 136 141 133 115 114 118 
141 138 134 139 131 132 155 159 159 160 160 159 162 160 151 138 159 162 159 164 164 160 84 35 33 36 42 48 50 76 116 126 117 116 115 114 119 126 128 125 120 111 99 113 144 136 138 130 125 118 114 113 110 103 97 93 102 123 135 139 126 109 112 115 
141 137 135 138 134 135 155 158 159 159 159 159 162 159 149 138 157 162 159 164 163 161 89 34 36 35 37 67 104 152 164 150 132 121 120 123 132 133 145 149 145 136 126 114 113 129 149 135 129 122 119 115 114 114 105 86 88 98 99 109 106 105 108 112 
142 138 134 137 131 138 155 157 158 158 158 158 160 155 147 137 156 161 158 162 162 160 92 33 30 29 38 79 136 173 181 177 164 160 159 158 157 153 165 172 165 145 136 139 139 147 159 143 129 125 124 119 120 121 116 106 88 77 80 89 97 101 106 111 
142 138 134 137 131 138 154 157 158 157 157 157 159 154 145 137 155 160 158 160 161 158 81 29 30 35 44 92 148 180 184 182 183 190 192 193 195 189 190 193 179 165 156 153 173 163 166 142 133 131 126 126 131 129 121 116 101 83 83 87 95 98 104 108 
142 137 134 137 131 137 153 156 157 157 157 157 159 154 145 136 153 158 156 159 159 158 81 31 39 49 56 96 143 160 167 171 181 198 212 222 224 220 217 210 199 176 165 180 194 179 167 145 139 137 136 144 145 142 133 123 116 101 88 88 93 93 100 106 
141 137 133 136 134 137 152 155 156 155 156 155 158 153 145 135 153 158 156 159 159 159 86 29 36 53 81 128 165 183 190 198 212 225 233 237 235 236 233 220 200 187 175 207 210 194 169 149 144 142 146 145 146 150 141 128 121 114 94 85 91 90 96 100 
140 137 132 136 133 136 151 153 154 154 155 154 156 152 143 134 152 157 154 158 159 158 89 30 33 43 66 95 138 190 211 215 221 228 231 231 226 232 230 219 211 215 214 223 217 200 170 151 144 148 148 144 144 149 149 137 131 125 99 82 88 93 96 100 
135 138 133 136 130 135 147 153 154 154 154 153 155 151 142 133 151 155 155 157 159 158 93 32 32 32 40 63 110 143 180 207 215 218 201 166 169 194 218 222 223 227 227 226 217 202 172 153 146 150 151 151 152 159 157 145 139 129 109 87 87 91 96 100 
137 137 133 135 130 133 139 151 153 153 152 152 154 150 141 133 150 155 155 155 157 156 100 34 39 43 47 61 73 65 75 156 186 172 100 86 126 183 212 220 224 233 235 227 220 204 176 157 153 156 157 159 162 166 155 148 142 132 120 95 85 88 92 96 
136 135 132 134 133 133 138 150 153 153 152 152 154 152 142 131 149 155 154 155 155 155 115 33 30 34 39 51 65 49 43 84 110 102 88 86 90 167 205 217 225 233 236 230 222 203 182 164 163 164 166 171 171 164 152 152 146 137 126 107 88 85 87 92 
136 135 131 135 131 133 136 149 153 153 152 152 153 150 140 132 149 153 153 154 154 155 128 38 30 48 65 64 57 60 45 45 51 68 59 77 73 137 195 212 227 234 237 233 214 197 183 177 175 172 176 177 172 158 150 152 148 137 129 123 98 83 84 88 
136 134 130 134 129 132 136 149 152 152 152 151 153 148 139 131 147 152 153 152 152 154 137 57 44 43 41 51 59 50 43 31 47 61 49 73 70 127 192 214 231 237 231 219 205 197 184 185 183 180 178 174 167 154 149 145 139 129 123 122 103 80 79 83 
136 133 129 132 128 131 137 149 151 152 152 150 152 148 141 131 145 150 150 150 149 148 132 52 27 25 38 44 47 39 38 31 49 91 126 112 65 143 198 222 234 232 218 209 203 196 184 188 189 189 183 174 163 148 134 121 109 99 100 105 105 82 76 78 
131 132 128 132 131 131 137 148 152 152 151 149 150 148 146 144 145 144 145 140 141 142 91 36 36 37 40 42 44 38 35 31 44 89 139 92 71 167 208 234 238 222 212 208 207 197 192 194 195 194 187 171 150 123 93 80 62 51 55 64 92 82 73 76 
133 131 120 129 128 131 138 147 151 150 150 148 147 144 146 148 140 134 141 137 136 128 54 37 61 63 54 50 40 39 33 34 38 71 72 52 94 164 215 239 229 219 215 213 211 202 201 199 197 195 186 164 122 87 58 56 43 35 37 42 65 90 77 73 
130 131 126 130 127 130 135 146 149 149 148 148 146 144 146 147 139 134 139 134 132 90 36 52 79 62 46 36 33 36 33 35 35 58 46 40 90 137 207 233 224 225 220 217 215 207 202 198 195 191 178 143 85 54 47 43 31 27 28 33 42 74 79 71 
129 130 127 131 126 129 135 146 148 149 148 148 147 144 146 146 137 132 137 133 117 53 55 87 81 50 33 28 28 36 38 37 37 35 31 46 88 126 201 229 227 231 222 219 214 209 201 197 189 181 157 109 55 33 28 31 28 25 21 25 33 51 76 69 
128 130 131 131 126 128 133 144 148 148 148 147 145 145 146 140 137 132 136 128 82 53 82 101 76 51 34 26 25 30 36 38 38 38 35 63 96 128 194 230 232 232 221 215 211 206 197 190 182 159 112 71 51 32 22 22 24 20 15 16 23 33 63 71 
129 129 128 130 128 128 133 143 147 147 146 143 144 144 145 138 136 132 135 115 53 72 101 112 84 56 45 30 30 37 33 40 43 46 51 75 95 123 183 230 234 226 207 202 206 200 192 174 158 118 65 51 40 34 28 18 21 17 14 14 15 23 45 71 
129 129 129 125 127 128 135 143 147 146 143 141 144 144 144 137 134 130 135 83 58 92 113 105 88 73 60 44 50 53 34 33 43 52 59 65 84 115 195 230 225 188 160 190 197 190 175 146 112 78 49 35 33 23 27 22 18 16 14 15 16 19 29 57 
128 129 132 125 125 128 136 143 146 145 142 141 143 144 143 136 133 130 126 63 85 107 117 100 86 78 70 75 65 54 28 28 36 49 61 61 76 128 208 202 155 113 138 185 186 171 137 98 65 47 47 27 25 19 18 17 16 15 13 14 16 18 20 34 
127 128 132 128 125 127 136 142 144 145 141 140 142 144 142 136 135 132 105 67 108 117 120 95 88 79 78 108 83 54 40 68 56 50 54 51 64 106 131 104 81 88 140 172 157 129 84 58 40 29 38 32 20 20 15 16 15 14 13 13 13 15 16 20 
127 129 133 130 125 127 136 142 144 145 142 140 141 143 141 138 136 133 80 81 116 123 116 95 83 82 70 74 89 78 106 125 106 69 50 44 45 50 66 82 87 106 140 138 91 76 49 32 36 24 23 30 23 17 15 16 15 14 13 12 12 11 13 12 
128 129 132 130 127 128 136 142 143 144 142 138 139 142 141 139 136 127 65 91 120 115 98 89 82 77 59 83 108 116 119 113 94 95 71 50 49 57 66 90 104 100 89 73 46 45 40 23 28 20 15 19 21 19 14 15 15 12 11 11 11 10 11 11 
130 129 132 130 128 128 135 141 144 144 143 139 140 141 140 138 136 118 54 86 107 97 80 72 75 79 95 110 111 113 116 103 66 71 78 60 50 55 58 71 65 44 34 38 33 29 39 20 20 22 15 16 13 19 16 13 13 12 12 11 10 9 11 12 
129 130 130 127 129 130 135 141 144 145 143 141 141 140 138 136 133 110 44 65 80 73 65 65 82 104 113 115 116 116 116 96 44 42 57 55 37 38 38 39 33 28 23 25 27 21 32 20 16 21 16 14 14 15 17 13 12 13 13 11 11 11 11 11 
131 130 127 126 128 129 136 140 143 142 142 139 136 133 130 128 124 107 42 35 43 50 69 99 112 113 110 109 107 106 104 89 35 26 35 42 32 28 26 23 25 19 17 18 21 18 22 22 13 18 16 13 13 13 12 11 11 12 11 10 9 10 10 9 
132 131 125 126 129 131 135 137 138 137 135 132 130 129 129 129 128 119 85 74 83 98 109 109 105 105 104 102 98 88 75 68 30 22 24 32 29 21 23 20 18 16 16 15 16 19 17 23 14 16 15 13 11 12 11 11 11 11 10 9 9 9 10 10 