


45 65 90 98 90 104 106 97 77 80 87 87 66 34 48 106 157 180 194 207 216 232 244 249 251 247 244 239 232 238 244 241 233 222 214 218 225 218 211 196 177 166 180 177 160 151 156 148 162 186 181 172 166 162 157 150 153 175 157 141 131 84 19 12 
53 56 50 65 92 106 105 93 84 62 44 28 16 20 49 87 113 104 99 108 102 109 133 141 161 175 182 196 214 227 231 237 241 243 243 248 250 249 249 246 237 230 241 242 237 230 224 209 192 207 217 213 210 204 200 187 191 225 195 178 174 155 42 8 
49 60 66 70 71 84 96 69 44 23 19 26 52 90 105 101 112 120 107 103 112 109 116 119 114 104 99 96 106 103 90 80 81 105 128 147 166 182 200 218 230 240 243 243 242 240 238 234 224 221 224 225 228 222 221 221 231 233 221 215 189 116 21 7 
39 69 76 88 88 69 57 38 33 34 50 69 95 116 113 103 98 96 105 120 118 115 118 112 124 109 91 57 45 27 14 13 13 12 11 11 14 19 28 40 53 67 72 76 81 82 84 85 80 74 80 80 101 131 158 171 172 152 127 86 47 13 6 6 
31 61 77 85 107 74 50 44 51 52 47 48 62 98 99 92 89 89 109 123 111 123 126 115 122 73 48 52 62 69 75 82 89 93 88 86 89 89 84 81 76 70 62 55 49 43 36 30 24 19 15 11 9 9 11 14 15 10 8 6 6 6 6 6 
39 31 63 66 65 38 44 41 61 56 49 47 61 68 71 66 89 103 110 121 112 128 148 118 115 119 128 130 129 115 123 141 149 164 166 153 172 179 175 182 192 196 189 182 179 172 160 153 146 136 123 111 98 84 71 59 49 40 34 28 21 15 12 10 
54 32 35 59 35 19 38 66 82 83 63 45 64 68 75 56 47 72 71 94 92 95 182 191 168 168 178 174 161 129 121 119 116 112 105 99 98 100 96 99 109 118 118 128 144 141 141 159 182 191 193 198 203 199 187 176 164 150 136 127 118 105 95 80 
72 46 22 25 19 28 62 71 101 113 82 77 68 58 61 53 45 56 60 94 83 130 236 197 168 169 179 180 162 157 148 137 129 127 126 127 127 125 120 115 118 116 112 123 117 102 103 112 120 120 121 128 143 155 169 185 200 203 198 188 169 154 134 84 
63 53 27 18 31 52 78 96 114 114 99 103 105 76 82 87 63 58 81 97 91 197 248 202 176 174 176 169 143 138 143 147 142 135 129 125 123 122 123 122 124 122 118 123 116 104 107 123 124 117 117 123 122 127 132 129 123 118 122 144 167 168 136 77 
68 62 30 19 29 60 102 136 145 165 176 158 133 129 131 90 62 80 93 97 158 246 245 194 172 169 169 165 152 136 126 126 128 128 128 127 125 118 111 104 97 93 89 87 85 86 89 96 99 97 102 111 117 128 135 137 131 129 135 141 125 120 108 50 
59 61 27 16 20 50 61 147 173 182 194 199 186 170 153 119 122 116 115 132 201 184 154 117 101 102 101 101 96 93 108 135 154 149 135 114 98 90 88 91 93 99 104 112 119 122 125 131 132 132 137 128 119 114 116 116 115 127 140 150 149 147 113 51 
70 50 22 18 22 28 37 112 124 121 140 162 174 164 180 181 175 155 139 124 76 39 61 58 45 40 38 38 31 29 31 50 87 112 109 111 115 125 131 133 136 137 136 134 133 130 129 130 127 122 116 112 118 121 129 134 139 147 152 153 147 135 95 70 
75 51 28 46 23 16 40 108 82 89 73 92 118 108 144 175 188 181 128 42 23 22 46 56 50 48 44 44 49 69 103 136 142 137 136 137 138 140 139 139 141 140 135 137 135 130 126 126 126 126 129 135 140 145 147 149 149 146 141 136 126 114 116 73 
64 47 30 50 15 11 17 27 19 22 21 25 34 38 63 105 145 180 124 24 21 21 52 64 59 57 70 108 145 144 139 148 148 140 139 141 140 141 137 136 139 137 135 132 132 133 136 139 141 143 146 147 146 148 145 140 134 127 118 106 93 78 66 42 
67 53 32 49 13 9 9 11 14 16 14 17 43 38 45 136 190 194 162 28 19 23 64 80 105 157 192 208 188 161 151 144 139 137 136 136 136 135 134 134 134 132 134 135 138 141 142 141 139 140 142 141 137 130 118 98 72 49 32 19 11 8 7 7 
68 56 27 48 13 9 9 13 33 30 28 35 59 46 67 160 226 236 218 63 24 38 118 191 235 244 222 199 183 175 155 143 135 133 134 135 136 135 133 132 131 132 135 137 138 139 139 136 129 118 104 83 59 38 23 12 7 7 7 7 7 7 7 7 
60 44 41 57 15 9 10 27 56 48 52 83 94 77 131 195 239 251 251 135 61 158 231 248 251 237 213 201 191 176 162 152 145 142 140 138 135 134 134 137 139 141 142 137 124 103 79 53 33 20 12 7 6 6 6 6 6 6 6 6 7 7 7 7 
50 32 57 68 16 9 15 54 73 67 75 119 110 102 153 208 241 246 250 215 172 211 224 241 251 241 233 218 193 169 159 152 146 143 141 141 142 142 139 128 113 91 65 41 21 11 7 6 7 7 6 6 6 6 6 6 6 7 7 6 6 7 7 6 
63 49 71 79 18 8 24 71 77 74 84 131 118 138 188 214 226 237 238 235 223 203 209 232 246 252 243 220 202 185 172 162 154 148 139 116 92 66 43 26 15 9 7 7 7 7 7 7 7 7 7 7 7 6 6 6 6 6 6 6 6 6 6 7 
43 47 57 66 21 10 23 41 62 72 80 134 147 180 193 190 196 222 217 212 213 165 194 214 235 251 247 241 237 222 198 166 119 71 42 21 12 9 9 8 8 8 8 10 11 9 8 8 9 12 12 9 7 6 7 9 10 17 24 27 29 28 26 26 
31 60 66 83 25 26 91 127 105 91 97 135 164 170 189 191 195 185 205 204 184 132 143 188 223 229 210 188 159 124 90 62 47 42 39 35 30 33 25 12 13 15 36 51 34 13 12 13 27 47 38 15 10 10 14 24 22 19 22 28 33 38 40 40 
31 66 86 92 29 81 153 154 160 145 170 195 205 222 210 202 202 208 210 165 123 110 88 98 120 99 79 71 73 69 63 58 58 59 57 53 50 46 23 11 12 15 27 43 28 12 12 16 37 52 31 13 13 15 31 46 46 45 39 34 30 25 23 21 
46 70 88 95 51 135 182 205 204 213 222 230 242 240 224 226 225 225 224 168 106 36 18 50 73 64 67 75 76 69 63 58 54 52 45 37 29 16 8 7 8 13 14 13 8 7 6 8 9 11 8 7 7 8 8 9 9 9 8 8 8 8 8 8 
59 73 96 87 78 140 157 181 203 238 241 230 250 244 225 227 226 227 227 208 128 18 30 47 51 67 71 79 80 78 74 70 67 69 74 76 61 22 14 16 27 54 48 20 11 11 15 32 29 14 9 10 8 9 9 9 9 9 9 9 9 9 10 10 
45 43 80 62 59 106 121 137 168 179 220 220 233 244 226 227 226 226 233 223 71 9 13 27 39 49 61 71 69 70 71 70 67 67 69 64 25 8 8 9 17 33 32 14 11 12 22 44 37 14 13 14 23 36 36 35 31 24 18 12 10 10 10 11 
63 38 101 76 63 104 123 115 58 42 66 111 190 243 218 214 220 224 226 156 17 6 5 5 7 8 12 16 23 34 49 63 72 74 61 23 12 7 6 6 7 9 9 6 6 6 7 9 8 6 6 7 9 12 14 18 21 19 13 9 9 9 9 9 
62 42 98 100 90 79 67 41 15 15 10 25 132 223 203 204 210 218 205 63 7 4 5 6 6 7 7 7 7 7 13 20 23 27 29 22 18 17 16 16 14 14 14 11 10 9 9 9 7 5 5 6 7 7 7 7 7 7 7 7 7 8 8 7 
60 46 37 78 102 60 21 13 11 8 8 7 19 80 121 151 183 197 122 16 13 18 23 28 35 41 48 57 69 81 82 85 86 88 93 97 99 102 103 104 101 98 95 92 89 83 78 72 60 44 30 20 10 7 7 7 7 7 7 7 6 6 6 7 
88 53 42 96 145 59 14 9 8 8 8 7 7 9 30 71 105 114 67 57 89 118 171 176 211 211 213 213 214 215 199 187 171 154 154 151 141 141 139 139 140 141 141 139 137 132 128 124 117 101 75 51 22 7 6 6 7 7 7 7 7 7 7 7 
77 76 56 51 109 43 10 9 8 8 7 7 6 7 9 24 68 109 146 91 12 13 108 198 242 245 245 245 234 234 231 225 224 226 226 221 208 195 184 186 191 195 200 199 189 159 112 72 46 26 12 7 6 5 6 6 7 6 5 5 6 6 6 6 
101 79 57 41 92 43 10 9 9 9 9 9 8 7 9 16 56 161 219 181 25 12 35 170 235 236 238 231 204 198 202 191 189 179 176 166 153 144 141 141 142 135 118 81 48 27 10 6 6 7 9 8 6 5 5 6 7 7 6 5 5 5 6 5 
73 63 62 40 76 34 9 9 9 8 7 7 8 8 10 24 100 231 251 223 65 35 36 143 231 227 223 214 184 178 165 149 146 147 152 156 161 168 168 142 89 40 17 10 9 8 5 5 5 6 7 7 6 5 5 5 7 7 6 6 5 5 6 6 
95 52 43 49 110 51 11 10 10 9 8 8 8 9 36 94 179 242 254 227 55 17 28 140 213 201 181 167 155 158 169 174 185 189 213 227 217 150 80 33 16 16 14 10 8 7 6 6 5 5 6 6 5 5 5 5 6 6 6 5 5 5 5 6 
63 36 74 52 118 138 68 16 10 10 9 12 49 88 139 184 167 199 213 173 51 19 19 61 85 96 112 128 148 168 189 196 200 194 201 172 105 68 67 65 56 44 30 20 12 9 9 9 8 7 7 7 7 6 6 6 6 6 5 5 6 6 6 6 
32 46 72 63 108 153 169 96 22 32 64 76 129 188 180 160 140 151 149 92 12 6 5 4 4 4 4 7 15 22 28 36 45 64 94 80 52 36 23 17 13 12 13 12 13 14 14 13 11 11 10 9 11 10 11 11 10 10 10 10 10 10 10 9 
50 76 52 120 154 157 146 155 128 141 158 152 115 130 99 89 123 103 134 138 31 3 3 2 3 3 2 2 3 6 14 29 44 48 33 25 25 23 22 27 32 39 41 29 21 20 18 16 13 11 10 9 9 9 10 10 10 10 10 10 11 11 11 11 
63 80 46 102 120 150 148 163 179 181 185 171 143 143 118 75 93 127 188 189 150 30 3 2 2 2 3 7 21 40 46 36 24 16 25 27 24 22 18 19 20 28 41 38 37 33 29 27 25 22 15 10 9 9 9 9 9 9 9 8 8 8 8 8 
73 63 59 84 112 127 159 180 193 210 198 193 166 131 145 142 135 178 220 224 217 146 20 3 9 21 39 44 34 23 15 12 18 32 28 20 17 14 14 13 12 11 11 11 13 12 10 9 9 8 8 8 9 9 9 9 9 9 9 9 9 9 9 9 
56 61 86 106 158 164 176 205 191 194 205 209 138 91 147 192 198 200 220 224 219 218 134 58 72 75 75 35 11 10 15 29 36 31 18 13 12 12 11 10 11 10 9 10 10 11 13 13 10 9 10 10 9 8 7 7 8 8 8 11 13 13 14 14 
35 75 142 178 190 203 197 213 245 238 230 213 118 87 126 170 172 173 181 187 189 197 196 144 114 100 91 60 56 24 42 35 30 30 36 46 49 49 52 51 62 69 76 83 90 100 105 105 81 47 25 13 10 8 5 6 5 5 7 26 51 79 102 109 
42 79 138 170 169 219 245 247 252 251 214 145 106 91 153 186 169 159 154 154 136 124 136 138 129 128 135 136 114 70 69 66 86 117 142 157 163 163 112 124 161 159 156 152 150 156 161 156 157 159 149 123 65 18 4 3 3 4 4 3 4 13 38 77 
61 90 86 102 118 163 203 183 207 228 128 117 111 89 53 36 26 23 23 30 43 47 62 81 89 107 109 113 100 44 25 19 32 44 44 47 51 48 41 40 40 32 31 33 37 39 42 43 47 51 55 60 51 18 7 5 6 5 5 5 5 5 5 6 
53 61 67 78 84 106 127 123 185 214 106 112 112 91 33 11 11 11 11 12 16 26 29 37 71 105 121 132 93 18 12 11 30 41 38 41 39 34 34 35 30 25 19 15 13 11 11 10 12 12 10 10 9 8 7 7 7 7 6 6 6 6 7 7 
44 64 68 80 107 94 78 149 190 199 112 104 116 92 37 9 9 9 10 10 10 12 20 34 80 113 151 177 93 13 14 14 34 45 41 41 32 22 26 25 22 19 18 19 22 22 21 20 17 13 7 7 7 7 7 7 7 8 8 7 7 8 12 14 
44 91 76 70 81 88 83 140 166 160 115 95 103 92 42 7 8 8 9 9 9 10 16 40 95 148 211 225 112 19 18 17 38 48 49 50 41 34 34 34 27 18 16 15 19 19 16 13 9 7 7 8 11 12 12 13 9 7 6 6 6 6 9 11 
44 66 53 47 69 86 98 109 124 111 98 91 91 92 48 7 7 8 8 9 10 12 15 48 127 195 246 250 126 18 14 14 48 65 59 58 55 42 35 33 29 23 18 14 13 12 9 7 7 7 6 7 12 13 13 12 10 7 6 6 6 6 7 9 
56 46 44 39 65 85 99 99 82 66 83 92 93 92 54 7 7 9 24 39 33 35 34 70 155 214 248 255 173 27 16 20 59 64 60 57 53 36 22 16 15 13 11 10 11 10 8 6 5 6 6 6 7 9 9 9 8 7 6 6 5 5 6 7 
64 38 39 46 52 53 54 57 77 87 94 93 93 92 59 9 12 37 61 65 60 63 67 81 146 199 211 222 194 63 40 40 45 26 16 14 14 11 10 10 10 10 9 10 9 9 8 6 5 5 5 5 6 7 7 7 7 6 5 5 5 5 5 5 
55 34 43 55 60 62 58 90 97 98 98 92 92 92 72 32 41 61 71 79 101 110 125 134 131 119 123 86 64 93 73 41 23 15 14 17 20 23 22 22 23 22 22 21 21 19 18 14 11 8 7 6 6 7 8 8 8 7 5 5 5 5 5 5 
55 59 60 50 65 83 80 87 98 96 90 91 90 88 40 19 18 20 28 65 122 115 101 110 102 109 90 38 19 49 68 82 93 71 60 58 59 60 62 63 61 56 54 54 57 64 73 82 87 84 74 64 55 47 42 36 30 24 17 11 7 5 5 5 
41 61 71 67 81 76 98 92 85 84 88 93 93 80 33 7 9 10 10 27 54 53 50 71 90 91 60 78 115 121 99 66 41 26 20 17 15 15 15 16 16 16 16 17 17 19 23 29 36 41 43 44 45 44 43 41 38 36 31 26 17 9 8 7 
56 64 63 74 82 80 86 79 75 77 90 90 76 72 21 7 9 12 12 20 71 72 32 36 63 103 135 121 64 28 15 12 12 13 16 19 21 22 21 18 13 9 8 8 9 8 8 8 9 9 8 8 8 8 8 8 9 8 9 9 9 8 9 9 
54 59 48 81 98 88 88 87 78 68 78 82 77 50 8 10 23 28 27 58 106 84 43 42 86 128 83 47 33 30 29 31 36 33 29 25 18 13 10 8 7 6 6 6 6 6 6 6 6 6 6 6 6 6 6 6 7 7 7 7 7 7 7 7 
44 44 56 82 93 104 109 84 82 71 76 80 75 23 12 34 46 48 70 138 116 112 87 81 93 73 46 44 45 43 42 46 48 43 36 34 31 29 24 20 16 12 10 9 7 7 6 6 6 6 5 5 5 5 6 6 6 6 6 6 6 6 6 6 
51 42 45 73 71 79 102 80 65 64 73 81 60 15 24 65 67 78 157 182 143 132 114 99 71 63 56 45 47 49 51 50 50 52 52 50 50 52 52 50 44 39 33 28 21 17 13 11 10 8 8 7 6 6 5 5 5 6 6 5 6 6 6 6 
68 58 66 72 66 77 81 89 88 77 81 80 68 72 65 71 87 161 207 186 166 151 134 102 66 77 45 25 22 22 23 22 19 17 17 16 15 17 22 24 26 27 28 29 30 29 26 23 20 17 15 14 14 12 11 9 8 7 6 6 6 6 6 6 
84 77 88 76 75 84 93 98 91 93 89 70 73 80 68 49 63 117 120 113 97 110 123 94 70 51 38 31 25 22 15 12 10 9 9 10 12 13 13 14 14 14 13 14 17 20 20 21 22 22 21 21 22 24 25 24 21 17 14 11 9 8 7 7 
88 75 75 71 57 54 60 61 49 49 46 37 35 33 30 27 27 28 28 27 28 64 98 76 56 46 42 39 36 37 33 28 23 18 14 15 24 33 37 42 45 46 45 43 42 41 41 40 39 37 37 35 33 33 31 33 32 31 30 28 26 22 19 15 
63 50 38 36 32 30 31 29 29 29 28 28 29 30 29 30 30 29 28 28 47 89 78 63 50 45 44 40 34 32 31 30 28 25 24 24 20 20 20 23 29 34 40 46 48 52 55 53 54 55 56 54 54 51 49 50 49 47 46 45 42 40 37 34 
31 29 28 27 26 25 25 25 24 24 23 24 24 25 27 29 34 41 52 41 71 74 56 45 43 41 40 38 36 31 26 27 27 23 22 22 22 23 23 23 19 14 12 9 9 10 11 13 14 16 18 21 27 31 33 33 35 35 34 34 27 24 23 22 
45 45 44 44 47 50 55 60 64 67 70 76 83 91 98 102 105 111 112 83 59 54 39 24 22 23 26 25 25 22 18 19 21 22 19 18 19 19 19 20 21 20 17 14 13 9 7 7 7 6 6 6 6 6 7 7 7 7 7 7 7 7 7 7 
86 78 69 66 73 80 89 100 104 106 104 104 104 100 94 85 79 77 90 62 27 27 35 29 24 23 22 22 23 21 19 21 21 20 17 17 17 15 13 12 12 11 10 9 9 7 7 7 7 7 7 7 6 6 6 6 6 6 6 6 6 6 6 6 
23 16 13 11 14 18 23 38 56 63 66 48 33 33 35 36 38 47 77 38 20 16 13 11 11 10 9 10 10 10 9 10 9 9 9 9 8 8 7 7 7 7 8 8 8 8 8 8 8 8 8 8 9 10 11 11 10 10 11 11 10 9 9 8 
14 13 10 8 9 13 16 18 26 36 49 65 79 87 95 96 90 76 69 53 45 37 31 28 26 23 21 23 26 20 19 21 23 25 28 33 32 33 35 36 41 43 47 52 56 59 67 64 58 58 56 56 60 66 71 74 73 67 71 81 72 60 63 65 


41 62 87 95 89 107 105 98 76 79 87 86 65 29 23 54 81 96 157 178 127 89 82 82 82 77 69 60 83 176 227 231 220 203 177 83 49 43 37 25 21 83 150 148 123 108 117 106 71 25 12 9 8 8 7 13 65 121 101 84 76 54 16 10 
48 52 47 63 92 110 108 94 81 60 43 27 14 18 46 84 113 102 96 98 77 75 89 82 90 94 81 78 78 93 140 204 213 169 115 82 78 75 78 91 113 171 228 230 224 215 206 183 120 55 56 54 51 43 40 22 48 155 147 127 121 109 30 8 
45 55 62 66 66 81 94 68 41 22 18 25 52 89 105 101 109 119 108 104 114 113 118 122 116 106 103 95 98 84 60 54 43 36 38 41 49 70 122 180 215 236 239 233 220 195 163 117 68 57 65 70 73 70 79 103 155 180 174 169 147 88 15 5 
37 68 74 85 82 65 54 36 32 35 48 70 96 115 113 104 95 94 106 120 116 115 119 115 128 115 94 58 45 24 11 9 9 8 7 7 8 14 24 36 48 62 67 58 46 32 25 24 22 20 23 31 50 78 114 132 134 119 99 66 36 10 4 4 
28 59 75 80 102 69 49 44 50 51 49 50 64 97 98 92 90 90 107 120 107 117 118 107 112 60 22 12 8 6 6 6 5 6 6 5 7 7 7 7 8 8 8 8 8 8 8 6 6 6 5 5 5 6 7 9 11 7 5 4 4 4 4 4 
35 29 61 62 62 37 49 41 59 61 53 48 63 70 72 67 90 102 110 122 112 123 131 68 25 6 3 2 2 2 2 3 2 9 8 2 19 15 4 22 42 35 29 30 20 12 10 10 7 7 5 7 6 7 7 6 6 6 6 7 6 6 6 6 
49 29 33 58 34 18 36 62 79 83 62 46 65 72 79 58 47 70 70 92 92 87 111 34 3 3 8 4 2 3 3 4 3 2 2 2 3 3 1 3 8 10 10 16 17 9 11 20 18 18 20 14 19 23 21 9 6 4 4 4 5 5 5 5 
67 42 20 23 17 25 59 70 98 109 80 77 68 62 67 56 48 55 59 94 82 97 122 27 2 2 4 3 1 1 1 2 2 2 2 2 2 1 2 1 1 1 1 1 1 1 1 1 1 2 4 7 13 24 40 41 44 29 19 10 3 2 2 3 
59 49 24 16 28 47 75 95 114 113 100 105 105 78 84 91 70 64 81 97 84 131 114 26 2 3 3 2 1 1 1 1 1 1 1 1 1 2 1 2 1 1 2 1 1 1 1 1 1 1 1 1 1 1 1 2 7 12 17 22 22 12 3 3 
62 57 28 18 27 55 96 132 142 160 171 156 135 131 131 95 68 88 96 96 108 133 88 18 4 4 3 2 1 1 1 1 1 1 1 1 1 1 1 1 2 2 2 2 2 2 2 2 2 2 2 2 2 2 1 2 1 1 1 1 2 4 2 3 
52 53 24 14 18 46 56 139 166 171 183 189 178 167 153 121 127 123 119 114 108 87 66 45 37 37 33 27 16 9 7 5 6 3 2 2 1 2 2 2 3 3 3 2 2 2 2 1 1 1 1 1 1 1 1 1 1 0 1 1 1 1 1 2 
65 44 19 16 20 25 32 103 116 113 131 152 164 158 171 170 168 156 141 107 55 33 62 59 46 40 38 38 30 27 21 12 7 3 2 2 2 2 2 2 2 2 2 1 2 1 1 1 1 1 2 1 1 1 1 1 1 0 0 0 0 1 2 3 
69 44 24 40 19 12 35 100 75 80 67 86 106 83 104 136 162 171 127 42 24 23 46 56 49 46 43 42 35 20 8 9 4 1 1 1 1 1 1 1 1 1 1 1 2 1 2 2 2 1 1 1 0 0 0 0 0 0 1 1 1 2 2 3 
56 40 25 45 12 8 14 24 17 19 18 22 29 25 33 54 111 177 123 25 21 22 53 64 57 53 39 26 13 3 1 3 1 1 0 0 1 1 1 1 1 1 2 2 2 1 1 1 1 1 1 1 1 1 1 1 1 1 1 2 2 3 3 4 
58 42 26 46 9 7 7 9 12 14 13 14 37 30 30 104 170 191 160 28 19 23 65 72 64 54 31 29 12 1 1 1 1 1 1 1 1 1 2 1 1 1 1 1 1 1 1 1 1 1 1 1 1 1 2 2 3 3 4 4 4 5 5 5 
59 47 22 44 10 7 7 11 31 29 27 32 49 35 47 127 198 232 215 62 25 32 81 108 102 74 34 13 4 2 1 0 1 0 1 1 1 1 1 1 1 1 1 1 1 1 1 1 1 2 2 3 3 3 4 4 4 5 5 5 5 5 5 5 
52 36 34 52 11 7 8 25 55 47 51 77 77 53 97 160 197 237 250 133 37 44 66 108 131 55 19 11 7 2 1 0 1 0 0 1 1 1 1 1 1 1 1 1 2 2 3 3 4 4 4 4 4 4 4 4 4 4 4 4 5 5 5 5 
44 27 51 63 13 6 13 53 73 67 74 106 91 70 117 169 191 202 234 212 87 26 18 62 112 57 42 24 8 1 0 0 0 1 1 1 1 1 1 2 2 3 3 4 4 4 4 4 4 4 4 4 4 4 4 4 4 5 5 4 4 5 5 4 
56 42 65 73 16 6 23 71 78 75 82 116 99 101 141 159 169 181 184 198 173 57 14 36 93 111 53 20 9 5 2 1 1 1 1 2 3 3 4 5 5 5 5 5 5 5 5 5 5 5 5 5 5 4 4 4 4 4 4 4 4 4 5 5 
37 40 51 61 19 8 21 40 62 72 75 112 103 114 111 99 121 170 170 168 174 91 27 16 41 121 63 45 42 26 14 10 11 12 12 10 8 7 7 6 6 6 6 8 9 8 7 6 7 10 10 8 5 4 5 7 8 16 23 27 30 28 26 26 
27 52 61 78 22 22 84 120 102 88 91 111 118 134 154 157 164 161 182 177 155 98 57 22 36 111 87 69 60 49 42 40 42 42 39 34 29 33 25 12 12 15 36 52 35 14 12 14 27 48 39 15 10 10 14 24 22 19 23 29 34 40 42 41 
27 57 79 85 25 75 143 144 153 138 162 184 193 212 196 185 186 192 193 142 91 76 58 45 70 76 67 66 74 71 64 60 60 61 58 55 52 48 25 12 12 15 27 43 29 13 13 17 38 53 34 13 14 17 33 48 48 47 41 36 30 27 24 21 
41 63 83 90 47 127 172 193 195 202 211 218 229 228 209 208 207 207 206 162 100 29 17 52 76 66 68 76 77 71 65 60 56 53 47 38 29 16 8 6 7 11 12 12 8 7 5 7 8 10 7 5 5 6 7 7 7 7 6 6 6 6 6 6 
52 65 89 82 73 131 148 170 193 226 228 217 237 232 210 209 208 208 207 190 125 20 35 51 54 70 74 81 82 80 76 72 69 71 76 78 64 24 15 17 28 57 51 21 12 13 15 32 29 14 9 9 7 7 8 7 7 7 7 7 7 7 8 8 
38 38 75 58 55 98 111 128 158 170 207 206 221 233 211 209 208 208 208 190 63 20 43 53 59 61 65 73 71 73 74 71 68 68 71 65 26 8 8 9 17 34 33 14 11 12 22 45 39 15 13 15 23 36 36 35 31 24 17 11 8 8 8 9 
57 35 96 72 59 96 113 106 53 39 61 98 177 232 204 197 203 206 207 137 21 34 40 38 38 40 39 35 34 39 52 65 74 77 63 22 10 5 4 4 5 8 7 4 4 4 6 8 7 4 4 5 8 10 14 18 21 18 12 8 7 7 7 7 
57 37 91 94 85 74 62 36 15 13 8 23 126 211 189 187 192 201 188 60 28 42 42 37 34 32 29 28 28 25 23 22 23 27 28 20 16 14 13 11 11 11 10 8 7 6 7 7 5 3 3 4 5 6 7 6 5 5 5 5 6 6 6 7 
55 41 35 74 96 56 21 12 10 7 6 5 16 62 88 119 156 176 112 32 49 51 54 50 49 49 52 54 60 68 64 63 63 63 67 70 71 73 75 74 73 70 67 64 61 56 52 48 39 27 19 13 9 7 6 6 6 6 5 5 6 6 6 6 
82 47 38 90 137 55 12 8 6 6 6 5 5 6 16 40 64 85 80 100 133 136 155 146 180 178 179 179 180 180 165 153 137 119 121 118 106 106 106 106 107 108 108 105 100 95 90 85 78 66 46 30 15 5 4 5 5 5 5 5 5 5 5 5 
71 69 50 46 99 36 8 7 6 6 6 5 4 5 7 18 44 107 163 140 109 102 126 156 196 198 199 198 189 187 182 173 173 180 184 180 165 149 136 139 146 153 160 161 155 129 87 52 31 18 9 5 4 3 4 4 5 4 3 3 4 4 4 4 
94 71 52 36 82 35 8 7 7 7 7 7 6 5 7 12 43 164 227 202 96 99 95 142 193 193 194 187 157 147 149 131 126 116 112 103 87 75 70 71 73 69 64 51 37 21 7 4 4 5 7 6 4 3 3 4 5 5 4 3 3 3 4 3 
66 58 55 36 70 29 7 7 7 6 5 5 6 6 8 21 82 225 252 233 125 105 89 124 189 185 181 172 138 126 108 87 86 85 88 93 101 110 115 97 58 23 11 8 7 6 3 3 3 4 5 5 4 3 3 3 5 5 4 4 3 3 4 4 
87 48 38 45 103 46 9 8 8 7 6 6 6 8 34 82 151 230 254 236 142 115 101 118 167 154 134 119 104 106 119 127 141 149 173 187 180 125 65 26 12 11 10 8 6 5 4 4 3 3 4 4 3 3 3 3 4 4 4 3 3 3 3 4 
57 33 68 49 111 130 62 14 8 9 8 10 37 61 113 166 148 185 206 192 145 119 85 84 99 102 112 121 134 149 166 169 173 165 170 142 84 50 44 41 36 28 18 13 9 7 7 7 6 5 5 5 5 4 4 4 4 4 3 3 4 4 4 4 
30 44 66 58 98 142 158 88 20 30 60 71 116 166 164 145 126 137 138 133 100 95 65 47 45 48 54 56 51 46 46 48 58 74 90 61 41 29 19 15 12 12 12 12 12 12 12 11 9 9 8 9 9 8 9 9 8 8 8 8 8 8 8 9 
44 74 48 114 146 147 136 144 119 133 149 143 108 122 92 81 112 94 123 138 87 87 88 80 68 58 55 54 50 47 45 49 54 48 31 29 30 28 24 28 34 42 44 30 21 20 18 15 11 10 8 7 7 7 8 8 8 8 8 8 9 9 9 10 
57 75 41 96 111 142 141 155 169 172 176 162 135 135 111 69 86 118 173 174 154 92 89 95 94 90 82 73 71 70 57 40 35 38 75 89 88 86 68 47 40 41 49 43 40 34 30 27 25 23 16 9 7 7 7 7 7 7 7 6 6 6 6 6 
68 59 55 79 105 119 152 171 182 198 188 183 156 123 136 129 124 164 201 206 201 154 87 92 100 95 89 68 41 24 15 30 62 107 118 110 100 90 83 59 45 37 27 20 20 18 14 11 9 8 7 7 7 7 7 7 7 7 7 8 7 7 7 7 
51 56 81 101 151 155 166 193 179 183 194 197 131 89 136 175 180 182 201 204 202 201 144 99 100 89 82 38 11 10 31 89 132 131 105 92 82 80 71 56 45 25 19 19 19 19 20 19 18 17 15 14 12 10 9 8 9 8 9 11 11 12 14 14 
30 68 136 171 183 193 186 202 232 224 218 197 113 86 100 143 136 124 131 140 146 154 157 119 100 86 75 34 29 25 93 116 112 98 93 92 86 80 71 60 57 53 56 60 64 71 74 72 61 43 36 32 30 26 20 19 19 20 20 30 44 61 74 76 
37 71 130 162 164 210 231 233 237 236 203 128 99 92 146 171 152 139 131 125 94 65 70 69 54 53 59 60 54 88 110 102 109 128 148 157 156 150 98 103 128 126 123 113 106 112 118 105 105 109 112 111 73 33 13 13 12 13 12 13 15 20 32 53 
52 80 77 92 109 154 191 172 196 215 124 107 102 91 51 33 23 20 20 25 31 24 27 34 33 44 49 65 65 41 25 19 32 44 44 47 50 46 40 40 38 29 28 29 31 32 36 34 33 37 39 44 36 12 6 5 5 5 5 6 6 6 7 8 
46 53 58 67 75 98 118 115 175 202 106 103 98 92 31 8 9 9 9 10 14 21 22 23 35 51 98 131 94 17 12 11 31 44 40 42 40 35 35 36 31 26 19 14 11 10 9 9 9 10 8 8 7 6 5 5 5 5 4 4 4 5 6 7 
38 55 59 72 99 86 73 139 177 188 111 99 101 93 36 7 7 7 8 8 9 10 17 24 42 74 152 182 94 13 14 14 35 48 44 42 32 23 27 25 23 20 19 19 22 22 22 20 17 13 7 5 5 5 5 5 5 6 6 5 5 7 12 13 
38 81 67 63 76 81 76 132 155 150 113 96 98 93 42 5 6 6 7 7 7 8 15 30 53 117 216 230 113 19 18 17 40 51 52 53 42 36 36 35 28 19 17 15 19 20 16 13 9 7 6 6 9 10 11 12 9 5 4 4 4 4 8 10 
38 58 47 43 65 80 90 101 114 102 97 94 95 93 49 5 5 6 6 8 9 10 14 40 86 160 246 251 126 18 14 14 51 68 62 62 59 45 38 34 30 24 18 13 12 13 9 6 5 5 5 5 10 11 11 11 10 5 4 4 4 4 5 8 
49 40 39 37 60 79 93 92 76 62 83 93 93 93 54 6 5 7 24 42 35 37 34 59 119 174 238 255 174 27 16 20 63 67 63 61 56 37 23 16 14 13 11 9 9 9 6 4 3 4 4 4 5 7 7 8 7 5 4 4 3 3 4 5 
57 34 36 43 48 50 53 54 74 82 92 93 93 93 60 7 11 40 66 71 65 66 62 63 107 151 186 226 205 72 55 63 68 36 16 14 13 10 10 10 10 10 9 9 8 7 6 4 3 3 3 3 4 5 5 5 5 4 3 3 3 3 3 3 
52 33 41 51 55 58 57 85 91 92 95 92 92 93 72 28 44 67 76 80 91 87 90 85 75 75 119 151 155 154 133 83 36 12 6 6 6 6 7 7 7 7 7 6 6 6 6 5 3 3 3 3 4 5 7 6 6 6 3 3 3 3 3 3 
53 58 59 47 61 79 77 83 93 92 85 91 90 88 39 17 16 19 27 55 93 77 53 61 67 99 119 137 119 86 38 8 3 3 4 5 5 4 4 4 4 4 4 4 3 3 4 3 3 3 4 4 3 4 5 6 6 6 4 3 3 3 3 3 
40 63 73 66 77 70 92 87 81 81 85 93 90 81 32 5 7 8 8 26 54 48 38 45 44 62 49 38 27 7 5 6 7 7 8 8 8 8 8 9 9 8 8 8 8 7 7 7 7 7 7 6 7 7 6 6 7 7 6 6 6 6 6 5 
55 65 62 75 82 76 82 74 69 74 87 90 73 73 19 5 7 11 10 20 73 71 29 32 44 70 32 14 14 13 11 11 11 12 15 19 21 21 20 17 13 9 7 6 7 6 6 6 7 6 6 6 6 6 6 6 7 6 6 6 7 7 7 7 
54 60 47 86 100 86 87 83 74 62 73 82 80 50 6 8 24 30 29 59 105 82 40 39 74 91 44 40 33 30 29 32 37 34 28 24 17 12 9 6 5 4 4 4 4 4 4 4 4 4 4 4 4 4 4 4 5 5 5 5 5 5 5 5 
44 44 57 90 98 103 109 82 79 70 73 81 76 22 11 37 52 55 75 139 115 110 84 77 80 70 48 44 45 44 45 48 51 46 38 36 32 28 23 20 16 12 9 7 6 5 4 4 4 4 3 3 3 3 4 4 4 4 4 4 4 4 4 4 
54 42 45 79 78 83 107 85 67 67 73 82 60 14 26 73 76 86 160 180 142 131 112 95 64 48 43 45 49 53 54 52 52 56 55 54 52 54 55 52 47 41 34 28 22 16 12 10 8 7 6 5 4 4 3 3 3 4 4 3 4 4 4 4 
72 58 70 75 70 83 87 97 95 82 86 82 73 76 69 76 93 163 206 182 160 138 116 92 48 32 24 23 22 22 24 22 19 17 16 15 14 17 22 24 26 27 28 30 31 29 26 23 20 17 15 13 13 11 9 8 6 5 4 4 4 4 4 4 
87 79 98 86 82 94 105 108 101 98 92 70 75 80 66 45 59 112 113 100 77 76 94 84 61 42 33 28 22 19 14 10 9 8 7 9 11 12 12 13 14 14 13 13 17 19 20 21 22 22 21 22 23 25 25 24 21 17 13 10 8 6 5 5 
91 77 79 79 67 68 68 61 46 43 36 26 24 21 19 17 17 19 18 17 18 54 89 69 50 40 37 35 31 32 29 24 19 17 12 14 25 33 39 44 47 47 47 44 43 43 42 41 39 38 37 36 34 33 31 33 32 32 31 29 26 22 18 15 
59 45 31 29 25 23 21 20 20 19 18 19 19 19 18 19 18 18 18 18 38 83 71 56 43 41 36 35 29 27 27 26 22 22 22 21 19 18 19 23 30 36 42 47 50 54 56 56 56 57 58 56 55 54 51 51 51 48 46 45 42 40 38 35 
19 19 18 18 18 18 17 17 17 16 16 15 15 15 16 17 17 20 24 24 65 67 52 40 39 37 34 33 29 25 23 23 22 21 21 20 21 22 23 22 19 14 11 8 8 8 9 11 14 16 18 21 27 32 34 34 36 35 34 33 27 23 23 21 
23 21 21 21 22 23 25 26 27 29 29 31 32 33 35 35 30 31 41 59 54 49 35 23 22 24 25 25 24 22 19 19 21 20 20 19 20 19 19 21 21 21 19 15 13 7 5 4 5 4 4 4 4 5 5 5 5 5 5 6 5 5 5 6 
35 26 24 23 25 27 27 28 28 28 26 27 28 26 26 25 23 25 61 57 27 27 32 27 23 20 19 19 19 19 18 17 18 17 17 16 16 15 12 11 11 10 9 8 7 6 5 5 5 5 5 5 4 4 4 4 4 4 4 4 4 4 4 4 
15 10 9 8 9 12 12 16 20 23 25 18 14 16 18 19 20 35 70 34 18 14 11 11 9 9 8 8 8 8 8 8 8 7 7 8 7 6 5 5 5 5 5 5 5 5 5 5 5 5 5 5 5 5 5 5 5 5 5 4 4 4 4 4 
12 10 8 6 6 10 12 11 14 14 16 24 45 50 53 52 42 57 59 43 37 31 26 24 21 19 18 17 20 15 14 13 13 11 12 14 9 7 5 5 4 4 4 4 4 4 4 4 4 4 3 4 4 4 4 4 4 3 4 4 3 3 3 4 


35 49 64 73 63 77 81 73 55 57 56 60 45 23 24 48 71 89 154 178 136 101 94 95 96 90 82 74 96 188 233 234 223 209 185 94 60 51 45 31 26 93 157 154 129 114 125 112 75 32 18 13 11 10 9 7 13 22 15 11 9 14 13 13 
37 39 37 48 65 80 81 71 63 44 34 22 14 15 34 60 77 66 62 71 57 49 58 60 74 79 70 71 78 99 148 210 219 180 129 96 91 90 92 102 122 177 234 236 229 221 213 188 128 66 66 63 61 53 50 28 34 59 34 25 23 21 12 10 
37 41 45 49 53 64 74 52 36 19 16 19 33 59 74 74 86 87 69 66 70 67 69 74 68 62 55 48 55 56 50 58 51 44 47 52 60 83 133 189 222 240 243 238 226 203 173 129 80 69 76 78 79 71 65 57 59 55 43 43 40 25 11 8 
31 47 50 58 65 55 48 31 25 24 32 45 65 85 87 72 71 68 73 82 77 75 79 73 84 70 61 42 42 27 14 12 12 11 11 10 11 18 29 41 54 68 73 65 53 39 32 30 28 26 28 28 35 37 46 43 39 36 27 21 14 8 7 7 
26 43 50 56 80 56 35 30 33 34 30 32 44 75 76 66 66 63 78 86 78 97 100 85 95 55 34 29 27 25 23 23 22 23 22 21 22 21 21 21 20 18 17 15 14 13 12 11 10 9 8 8 8 8 8 8 9 9 7 7 7 7 7 7 
32 24 42 45 45 27 33 31 48 38 33 32 40 44 45 42 62 77 77 82 73 100 121 81 61 52 53 49 43 25 20 32 36 50 47 29 60 61 49 66 87 81 73 66 58 50 39 36 33 30 24 21 19 16 14 12 11 11 10 10 10 9 9 8 
42 27 27 41 28 16 25 45 67 64 46 32 41 41 45 36 30 50 46 65 60 62 128 99 69 68 74 66 48 16 10 11 10 10 10 7 9 10 8 10 17 21 22 30 37 33 34 50 58 63 66 66 70 70 58 43 33 26 18 14 13 11 11 9 
51 34 20 21 17 22 41 47 77 89 58 51 44 38 37 33 30 37 40 66 53 90 169 95 63 60 66 62 35 26 20 15 11 9 9 8 8 6 6 4 3 3 3 2 1 2 2 2 3 4 9 16 28 46 66 79 91 80 64 44 18 10 6 5 
50 40 23 16 25 38 52 62 81 83 66 67 78 54 56 57 39 38 54 65 58 151 170 93 62 60 58 45 19 18 18 17 13 11 11 11 10 8 8 8 7 7 6 5 4 5 4 3 2 2 2 2 2 2 1 3 10 20 32 46 48 28 5 4 
54 50 26 17 24 48 81 108 115 140 150 125 96 102 102 61 40 50 60 63 108 180 149 79 54 50 47 37 23 16 13 13 13 12 12 10 8 6 7 7 7 7 7 7 6 6 6 5 6 5 5 4 4 3 2 2 2 2 1 1 4 12 7 5 
47 48 23 15 18 43 55 135 162 164 176 180 162 151 125 85 85 75 77 87 140 128 106 76 61 62 55 46 32 21 18 19 24 17 10 7 7 7 7 7 7 8 8 8 8 8 8 8 8 8 7 6 5 4 5 4 4 3 2 2 6 9 5 5 
60 41 20 15 20 25 30 95 111 101 120 143 156 151 156 150 141 113 96 89 65 40 75 72 56 49 47 47 38 33 27 20 21 15 10 9 10 10 9 9 9 9 9 9 9 8 8 9 9 8 7 7 8 6 6 5 6 7 7 10 13 10 7 7 
59 40 23 37 20 13 33 93 71 72 58 77 99 76 88 116 146 158 111 40 27 26 55 68 60 57 54 53 46 33 26 37 29 14 9 7 7 7 6 6 7 8 7 7 8 8 9 10 9 9 8 9 10 8 8 9 10 12 11 10 9 6 9 8 
50 36 24 45 14 11 17 25 19 21 20 23 29 23 24 40 102 182 128 27 24 25 63 76 70 66 57 56 53 30 19 21 15 6 6 6 6 6 5 7 10 9 10 9 9 10 11 11 10 10 10 10 11 10 10 9 8 6 5 4 4 5 7 7 
54 37 24 48 13 10 10 11 16 17 16 17 37 30 27 97 167 196 163 31 21 26 74 87 87 95 90 92 63 26 17 10 8 7 7 9 9 9 10 11 11 12 13 13 13 12 13 12 11 11 11 9 7 5 4 4 5 5 5 6 7 8 8 8 
56 43 20 45 13 10 10 14 36 33 30 36 49 34 43 118 193 234 218 64 27 36 100 143 154 136 101 74 52 44 21 12 9 9 9 10 11 11 12 14 15 15 14 12 11 9 9 9 8 6 5 4 5 5 7 8 7 8 8 8 8 8 8 8 
47 33 28 50 15 10 11 29 61 53 58 78 74 46 85 150 189 234 250 135 46 83 127 164 178 121 89 78 67 47 27 15 10 10 11 13 14 15 14 13 12 9 7 5 6 6 6 6 6 7 7 7 7 7 7 7 7 7 7 7 8 8 8 8 
41 26 41 58 16 10 17 59 80 75 82 104 86 60 104 161 183 194 233 212 102 78 89 129 165 124 110 95 68 35 23 17 14 15 15 15 13 10 7 6 5 5 6 6 6 7 7 7 8 8 7 7 7 7 7 7 7 8 8 7 7 8 8 7 
53 37 53 67 19 9 27 79 86 83 88 112 94 90 130 152 160 173 178 194 173 85 69 104 150 163 120 92 72 53 38 27 19 12 9 7 5 5 6 7 7 8 8 8 8 8 8 8 8 8 8 8 8 7 7 7 7 8 7 7 7 7 7 8 
37 36 45 58 22 10 22 44 69 80 80 106 95 104 99 89 114 164 162 155 140 88 59 74 110 171 128 115 109 92 68 38 20 16 15 13 11 9 9 9 9 9 9 11 12 10 9 9 10 14 13 11 8 7 8 10 11 21 29 34 37 35 33 33 
26 47 51 74 24 21 76 115 102 88 89 104 107 126 145 145 155 152 170 135 76 33 26 52 96 156 131 114 99 80 63 51 51 51 48 41 36 39 29 14 15 18 43 62 42 16 15 17 33 57 47 18 12 12 17 30 28 24 28 35 43 50 52 54 
25 48 68 79 27 71 135 137 147 126 151 176 185 206 186 172 173 179 179 98 23 15 16 43 95 95 82 81 88 85 79 72 71 72 70 66 62 57 29 14 14 18 33 51 33 15 15 20 45 64 40 16 16 19 39 57 59 57 51 44 38 33 31 27 
38 53 68 81 45 118 164 187 190 194 202 209 221 222 197 194 194 193 192 157 81 25 23 63 90 79 81 91 92 85 78 72 67 64 57 47 35 19 9 8 9 14 16 15 9 9 7 10 11 13 9 8 8 9 10 10 11 10 10 9 9 9 9 9 
45 57 77 72 67 122 139 163 188 219 220 209 229 226 199 195 194 194 193 185 126 26 44 63 67 83 88 96 97 94 89 85 83 84 90 92 76 27 17 21 33 67 59 24 13 15 18 39 35 17 11 11 9 10 10 10 10 10 10 10 10 10 11 11 
37 34 64 47 45 87 101 118 153 164 200 198 213 228 201 195 194 194 193 174 57 16 32 48 59 68 77 86 84 85 86 82 80 80 83 77 32 10 10 12 20 41 40 17 13 15 27 54 46 17 15 17 28 43 43 43 38 30 22 14 11 11 11 12 
53 32 85 62 49 85 101 96 54 40 59 91 167 226 194 184 190 193 194 126 18 22 24 22 22 24 27 29 33 45 62 77 88 90 74 29 14 8 7 7 8 11 10 7 7 7 8 11 10 7 7 8 11 14 18 22 25 23 16 11 10 10 10 10 
53 34 84 84 71 64 58 35 18 16 10 22 122 204 179 172 178 187 175 54 19 24 23 22 20 19 17 17 17 17 20 23 27 30 31 21 15 11 9 9 9 11 10 7 7 7 8 10 8 6 7 6 8 9 9 9 8 8 8 8 9 9 9 9 
51 38 28 63 84 53 25 15 13 10 9 8 18 57 78 103 138 159 102 23 27 28 29 27 27 25 25 24 24 25 17 12 12 10 11 10 9 9 10 10 10 10 9 8 8 8 8 8 8 8 8 7 8 9 9 9 9 9 8 8 8 8 8 9 
76 43 32 81 127 55 15 11 9 9 9 8 8 8 15 27 45 78 107 121 139 118 91 71 84 81 80 79 78 78 65 55 44 32 32 30 21 22 20 20 21 21 20 18 16 13 10 8 8 8 7 7 8 7 7 7 8 8 8 8 8 8 8 8 
66 62 43 40 88 35 11 10 9 9 8 8 7 8 10 18 39 131 205 220 225 211 140 73 89 88 87 86 74 67 64 59 60 67 71 71 59 48 42 47 55 60 63 65 64 50 27 11 9 9 8 7 6 6 7 7 8 7 6 6 7 7 7 7 
89 64 44 31 71 33 11 10 10 10 10 10 9 8 10 15 45 186 246 238 202 212 179 81 88 88 88 80 57 44 42 32 28 20 19 18 12 7 4 4 6 10 14 19 21 14 8 7 7 8 10 9 7 6 6 7 8 8 7 6 6 6 7 6 
61 50 50 31 63 29 11 10 10 9 8 8 9 9 11 24 80 225 253 245 207 202 178 83 85 80 75 68 46 32 22 13 10 9 13 17 21 27 31 25 15 10 10 10 10 9 6 6 6 7 8 8 7 6 6 6 8 8 7 7 6 6 7 7 
81 43 34 40 95 45 12 11 11 10 9 9 9 10 37 79 139 225 254 248 236 226 199 75 66 57 40 27 17 23 31 38 48 50 71 82 82 55 31 17 11 11 11 10 9 8 7 7 6 6 7 7 6 6 6 6 7 7 7 6 6 6 6 6 
51 29 62 43 102 124 62 17 11 11 11 13 35 56 106 153 131 173 199 215 232 197 123 49 42 40 40 42 50 62 75 75 76 65 70 64 48 36 28 26 21 18 14 12 11 10 10 10 9 8 8 8 8 7 7 7 7 7 6 6 7 7 6 5 
23 35 58 50 85 132 151 85 21 30 59 65 104 156 154 128 106 120 121 130 91 60 34 25 24 25 25 25 25 25 26 26 32 44 55 44 34 26 18 15 14 14 15 14 14 15 16 14 12 12 11 11 12 11 12 12 11 11 11 11 11 11 11 11 
34 57 40 105 137 138 127 136 111 124 140 132 95 110 80 66 94 74 103 117 51 39 42 38 32 28 26 24 23 24 30 46 58 49 31 31 33 31 27 32 38 48 51 34 25 22 21 18 14 12 11 10 10 10 11 10 10 11 11 11 12 11 11 12 
46 57 32 81 97 131 130 143 160 163 170 153 125 126 98 54 67 99 157 157 135 55 40 45 44 42 38 38 48 63 61 47 40 39 72 84 82 79 62 46 39 43 54 47 44 38 34 31 29 26 19 12 10 10 10 10 10 8 8 8 9 9 9 8 
56 46 37 64 91 105 139 158 171 189 181 174 145 116 125 111 103 145 186 191 188 133 45 43 55 61 73 68 48 31 20 32 60 100 110 100 90 79 73 52 40 33 26 20 20 18 15 12 11 11 9 9 10 10 10 10 10 10 10 10 10 10 10 10 
43 44 62 84 140 144 154 184 168 172 186 188 126 92 125 158 164 165 185 189 188 186 124 87 100 100 97 47 16 14 34 86 123 121 96 82 73 70 61 49 40 23 18 18 18 18 18 18 19 20 19 18 17 14 14 13 14 14 14 12 12 12 13 13 
26 58 119 157 171 184 176 193 224 217 211 182 114 94 83 120 110 91 93 103 114 124 131 108 100 86 70 22 13 24 90 107 101 88 84 82 73 64 57 46 39 35 34 35 37 41 40 40 49 64 82 89 87 82 74 72 71 73 71 64 56 47 42 39 
34 63 118 150 148 201 224 226 230 229 199 113 98 99 141 159 140 126 115 105 68 36 36 37 21 17 15 10 14 77 99 89 98 117 136 144 139 128 82 81 93 91 88 71 61 64 69 47 43 52 74 114 125 87 57 56 55 54 53 55 59 58 47 38 
47 73 67 81 97 144 182 160 184 210 130 92 90 100 53 32 25 22 22 27 30 23 24 27 24 30 34 50 57 39 23 19 34 47 45 48 52 47 41 40 37 28 28 26 27 27 31 23 20 22 23 26 25 15 13 13 14 15 18 19 22 23 24 25 
38 46 52 58 64 86 104 96 162 197 113 92 83 101 35 10 11 12 12 13 16 22 22 21 27 43 112 161 117 20 14 12 35 50 46 48 45 40 40 40 34 28 22 17 14 13 11 10 11 11 9 10 9 8 7 7 8 8 8 7 8 8 9 12 
33 50 52 62 88 74 57 125 167 179 118 97 84 102 40 8 9 10 11 11 11 13 19 22 35 78 182 213 108 15 15 16 39 55 50 48 36 26 31 28 25 22 21 22 25 26 25 23 19 14 9 8 8 8 7 8 8 9 9 8 8 10 14 15 
33 74 61 53 61 67 64 118 144 139 117 104 93 103 47 8 9 9 10 10 10 11 17 29 51 126 238 248 121 22 21 19 44 58 58 59 48 41 41 39 32 22 18 18 22 23 18 16 11 9 8 9 12 13 14 14 11 8 7 7 7 7 10 13 
31 51 40 34 54 67 77 82 99 88 99 103 106 103 54 8 8 9 9 11 12 13 16 41 85 160 250 253 132 20 16 16 57 77 70 70 67 51 42 38 34 27 20 16 15 15 11 9 8 8 7 8 13 14 14 13 12 8 7 7 7 7 7 10 
41 34 33 28 50 69 81 77 61 48 84 103 103 103 61 8 7 11 31 53 44 45 39 58 114 170 238 255 178 30 18 23 71 76 72 68 63 43 26 19 18 15 13 12 12 12 9 7 6 7 7 7 8 10 10 10 10 8 7 7 6 6 6 8 
49 28 28 34 40 39 40 37 51 63 89 103 104 103 67 10 15 50 82 88 81 79 66 59 96 138 173 221 206 75 56 62 69 38 20 17 15 13 12 12 12 12 11 11 11 10 9 7 6 6 6 6 7 8 8 8 8 7 6 6 6 6 6 6 
40 24 27 37 41 41 36 59 64 68 88 102 102 103 77 29 52 81 90 94 101 90 88 70 44 40 82 137 150 150 127 78 35 14 9 10 9 10 10 10 10 10 9 9 8 9 9 7 5 6 6 6 7 8 9 9 9 8 6 6 6 6 6 6 
34 34 37 30 40 55 52 51 60 62 76 101 102 98 42 16 19 24 30 61 95 75 49 45 40 64 93 129 113 83 40 12 8 7 10 9 9 8 8 8 8 8 7 8 7 7 6 5 4 5 6 6 6 6 7 7 8 9 7 6 6 6 6 6 
27 37 38 40 53 49 65 57 55 54 73 103 96 88 35 8 9 11 11 33 65 52 36 40 36 52 46 40 29 12 11 11 11 11 12 12 12 12 12 12 11 11 11 11 10 10 10 10 9 9 10 9 9 9 8 9 9 9 9 9 9 9 9 8 
33 42 40 44 46 49 53 45 48 52 72 97 76 78 22 8 10 13 13 24 86 76 29 33 42 67 39 22 19 17 14 14 14 15 19 23 25 25 24 21 16 11 10 9 10 9 9 9 10 9 9 9 9 9 9 9 10 10 9 9 10 9 10 10 
36 41 36 55 55 48 50 51 52 49 61 85 87 56 9 11 30 36 34 65 112 87 43 42 69 89 56 49 40 37 37 38 45 40 33 29 21 16 12 10 8 7 7 7 7 7 7 7 7 7 7 7 7 7 7 7 8 8 8 8 8 8 8 8 
32 31 40 49 55 58 66 55 58 51 55 86 82 26 14 44 61 63 84 145 120 114 88 80 78 75 58 54 55 54 54 57 60 53 43 41 38 34 29 24 20 15 12 10 9 8 8 7 7 7 6 6 6 6 7 7 7 7 7 7 7 7 7 7 
35 28 28 34 38 46 61 46 42 36 51 86 62 13 30 83 86 95 168 186 147 136 114 99 72 59 53 54 60 63 64 62 61 64 63 61 60 62 63 60 54 48 41 33 26 20 16 12 11 10 9 8 7 7 6 6 6 5 6 6 7 7 7 7 
46 37 40 34 35 42 48 55 58 44 60 85 54 47 46 73 97 170 210 187 163 135 109 100 71 56 42 34 30 29 30 28 25 22 21 21 19 22 27 29 32 33 34 36 38 35 31 28 24 21 19 17 16 14 13 10 9 8 7 7 7 7 7 7 
49 48 53 40 47 59 59 70 67 61 75 80 64 73 62 55 71 127 128 116 81 55 104 151 148 137 125 110 88 70 49 31 19 15 12 14 16 17 17 18 18 18 17 18 22 25 25 26 27 26 26 27 27 29 30 29 25 21 17 13 11 9 8 8 
54 55 55 62 63 82 82 80 73 74 78 75 69 64 60 58 58 58 57 57 59 108 170 167 155 149 148 146 141 140 131 116 97 79 50 37 37 43 46 52 56 56 55 52 50 49 49 48 47 45 45 43 41 40 37 40 39 38 36 34 31 26 22 19 
73 73 72 75 76 75 74 72 71 71 69 66 65 62 61 63 65 64 63 60 93 163 168 160 150 148 148 146 136 133 135 133 121 112 109 102 87 75 57 46 41 43 48 53 55 61 63 63 64 64 65 63 62 61 59 59 58 56 54 53 49 46 44 42 
75 72 70 69 68 66 64 64 63 60 58 55 54 53 52 51 48 44 38 55 138 163 150 142 144 142 142 142 137 124 119 124 122 108 101 101 102 104 103 96 78 53 38 21 14 12 13 14 17 19 21 25 31 36 38 39 40 40 40 39 32 28 28 26 
53 51 49 47 44 42 39 37 34 31 29 26 22 20 18 15 12 9 27 113 150 150 131 99 95 101 108 111 112 104 94 95 100 99 96 92 89 87 87 92 93 90 80 63 50 23 13 11 10 8 8 7 7 8 8 8 8 8 8 9 8 8 8 9 
15 9 10 10 11 9 8 7 6 6 8 7 7 8 11 13 14 23 105 140 108 111 124 113 104 99 97 97 98 96 91 90 88 87 81 75 73 63 51 46 43 39 34 27 22 16 14 14 12 12 12 10 8 8 8 7 6 7 7 7 7 7 7 7 
16 12 12 11 12 12 13 19 25 28 31 26 25 22 22 23 23 75 158 112 75 61 51 45 40 37 36 35 34 31 30 30 30 29 28 28 25 21 17 15 15 14 13 13 13 13 14 14 13 13 13 12 12 12 13 12 10 9 9 8 8 8 8 7 
15 14 11 9 9 12 13 13 13 13 14 21 39 36 28 18 17 117 167 157 147 137 127 119 108 100 95 92 89 79 75 73 70 61 55 54 38 25 18 15 15 14 13 12 10 10 11 12 9 10 12 10 10 9 8 8 8 9 9 8 7 10 10 8 