


23 24 22 22 23 30 37 41 42 39 30 75 184 51 27 30 44 29 22 31 44 34 37 45 111 234 124 40 41 45 149 251 255 255 255 255 255 253 228 252 255 255 255 255 255 230 124 74 80 73 78 77 45 41 41 39 40 37 48 68 56 63 53 33 
25 24 24 23 22 22 22 28 34 40 39 56 193 103 27 27 43 29 21 51 96 36 38 46 172 188 51 36 39 39 112 247 255 255 255 255 255 253 179 228 255 255 255 255 255 253 175 62 59 75 124 135 58 39 37 34 35 36 44 63 73 83 56 36 
30 28 26 24 23 22 22 22 22 25 32 39 86 87 27 24 36 36 33 99 158 39 32 75 205 92 33 37 34 35 97 194 224 236 201 217 254 249 132 161 252 255 255 255 254 228 153 66 49 55 80 85 60 44 36 32 33 36 48 64 71 63 59 55 
41 32 28 27 25 24 23 23 23 21 21 25 30 32 30 26 32 43 41 132 174 39 42 162 160 39 33 37 31 33 69 53 75 92 53 122 249 239 95 87 231 255 255 255 237 112 56 50 50 57 67 78 74 53 35 33 34 34 48 62 40 36 38 36 
133 83 28 25 25 25 26 25 25 23 22 22 28 71 63 35 32 47 45 123 134 32 61 198 88 31 36 34 29 48 128 46 33 42 54 169 253 233 80 53 185 248 231 197 157 75 70 76 66 60 59 52 49 41 33 31 32 35 54 57 34 42 32 48 
243 190 58 29 26 23 23 25 26 27 27 28 63 177 143 48 38 43 40 60 45 27 43 88 39 31 37 29 29 68 125 42 29 33 69 161 163 168 63 42 91 120 93 72 68 50 50 52 42 41 36 29 30 37 30 30 31 31 52 51 35 56 40 56 
139 157 98 35 31 27 26 26 26 26 27 27 34 93 124 67 54 37 29 30 26 28 30 30 28 33 34 27 31 37 37 35 32 30 35 56 63 64 43 36 47 54 65 77 64 43 37 34 32 29 25 27 30 36 31 30 31 32 53 46 30 54 47 33 
47 47 47 46 46 45 41 34 24 22 22 24 24 25 34 47 83 76 48 38 29 27 23 22 23 36 35 38 43 48 53 42 32 36 31 39 50 47 47 36 44 125 210 212 107 63 57 37 29 25 23 30 39 32 28 27 29 31 52 41 33 60 41 18 
50 50 49 50 52 53 46 31 26 25 23 25 44 43 57 95 143 141 120 66 45 37 36 40 43 51 57 52 43 43 46 37 27 34 34 31 38 48 49 39 40 102 238 246 205 201 190 92 33 25 23 23 26 27 27 27 25 33 55 46 38 38 29 13 
52 51 48 46 43 39 55 38 25 22 22 24 89 122 94 109 140 137 132 125 85 58 48 44 38 35 49 62 41 31 31 30 28 33 63 39 35 51 50 41 40 53 178 254 249 219 163 78 30 24 24 21 18 25 28 25 25 32 50 44 32 40 35 12 
44 43 40 36 29 27 47 34 23 21 19 24 40 101 135 122 130 136 134 142 133 105 48 29 31 59 125 156 117 32 27 30 28 88 124 45 34 40 50 41 43 44 85 181 141 82 42 29 34 54 96 42 20 25 26 26 30 37 49 30 29 30 21 11 
42 42 38 30 23 25 32 37 27 22 23 27 26 28 80 135 132 127 122 136 137 132 110 54 45 129 142 154 106 34 30 27 29 128 133 47 36 36 42 42 39 43 42 50 62 97 37 38 76 87 75 39 23 25 25 26 27 34 39 29 30 31 14 10 
41 33 25 22 22 24 28 31 34 24 22 24 21 21 30 56 124 145 122 112 135 139 131 123 111 131 130 103 43 30 33 34 37 106 153 72 35 40 39 43 39 39 39 37 39 52 44 39 38 38 36 29 24 24 24 24 26 33 35 27 27 28 13 11 
31 22 23 22 21 22 30 35 35 24 23 24 25 40 82 90 108 161 154 123 115 134 141 132 131 105 100 94 64 37 47 57 44 65 158 108 37 37 40 42 40 36 38 38 42 59 121 107 60 51 53 60 50 25 24 24 25 32 43 49 43 23 11 10 
27 25 22 20 28 54 57 60 63 50 45 80 106 126 142 148 149 158 162 154 133 108 133 141 133 127 88 82 94 68 37 39 40 40 123 135 52 27 38 46 42 38 35 40 44 80 182 178 112 93 90 85 66 25 23 24 26 33 49 75 64 24 11 11 
32 30 27 23 48 60 54 54 58 67 100 121 124 127 131 137 143 153 160 159 157 132 105 136 139 133 114 73 81 96 61 35 31 33 80 144 65 25 31 45 46 63 92 102 69 77 86 76 91 110 114 76 41 21 21 24 26 32 39 50 43 16 11 12 
60 36 29 28 57 54 54 55 56 63 96 105 109 115 123 130 137 143 148 149 153 159 125 111 138 132 115 93 55 89 88 53 33 31 56 137 72 26 32 87 121 153 166 169 146 64 41 69 169 189 122 50 26 19 20 21 23 30 27 26 25 13 12 12 
146 122 60 42 61 56 56 58 56 56 82 111 113 117 124 132 139 144 141 137 134 144 153 119 109 132 95 93 64 52 95 75 41 33 43 113 68 29 93 158 161 163 165 169 174 109 35 42 57 51 37 41 32 18 19 20 23 29 27 37 34 12 11 11 
81 168 158 112 64 51 57 63 60 59 61 73 92 119 140 129 131 136 130 129 122 81 119 141 103 113 109 71 80 71 77 87 58 48 39 94 66 47 153 162 161 164 166 169 177 143 50 44 48 56 64 72 47 17 17 19 24 31 45 55 26 11 11 10 
42 98 171 166 133 79 52 54 63 63 60 58 61 72 96 123 134 131 129 133 98 31 53 122 122 84 111 82 77 79 78 79 74 106 88 98 71 73 169 161 162 165 167 170 180 160 55 48 56 53 48 43 30 17 17 19 25 33 46 39 16 11 11 10 
34 54 155 143 159 147 102 60 51 57 63 59 57 60 69 82 112 126 127 123 85 64 49 65 117 100 72 109 66 82 72 72 79 112 127 104 87 101 170 163 163 168 169 172 181 165 54 68 139 132 84 61 51 15 17 18 24 27 31 25 12 11 11 12 
46 57 149 180 156 168 155 129 78 50 50 58 58 55 60 70 78 94 117 117 87 90 85 71 77 115 80 83 108 78 61 52 60 76 121 132 107 125 172 165 166 169 171 175 183 160 50 35 59 69 56 79 67 15 15 15 24 25 30 36 13 11 11 12 
51 80 191 199 190 188 176 162 146 104 58 46 52 57 55 60 64 62 79 105 105 91 99 101 85 93 131 127 129 116 90 66 49 51 75 121 132 135 171 167 168 171 173 177 186 145 41 31 33 39 39 37 26 13 13 15 22 37 51 34 12 11 11 11 
58 132 213 194 183 177 175 172 167 157 130 79 48 46 51 55 57 59 60 61 79 95 92 95 108 148 197 206 201 189 165 133 77 48 46 59 123 142 167 168 168 172 175 179 185 114 35 30 29 44 82 90 51 14 14 15 20 36 46 27 11 11 11 11 
117 169 179 171 165 163 163 163 162 161 158 147 107 57 42 47 54 64 62 58 60 72 73 76 136 211 216 198 189 182 170 167 157 108 55 43 69 137 159 171 169 172 177 181 179 83 34 31 28 33 80 132 80 16 13 16 21 41 64 35 11 10 12 13 
183 173 167 161 154 152 151 152 152 152 152 151 149 127 78 44 50 82 91 89 84 72 67 75 185 216 194 178 171 168 163 161 165 165 135 70 45 91 144 169 172 173 178 183 166 61 33 31 29 28 40 74 49 17 15 19 24 55 59 29 11 11 13 13 
163 162 159 158 157 157 157 156 154 151 148 144 140 137 132 103 65 48 53 64 74 75 75 108 203 203 184 172 166 162 159 158 160 165 167 151 84 56 114 149 172 175 179 183 145 46 32 31 31 29 29 38 48 20 15 18 24 53 48 20 11 12 13 14 
77 148 171 169 168 167 167 166 167 170 172 168 160 150 139 129 118 103 85 67 63 59 56 104 203 198 183 174 167 161 158 156 157 160 164 169 159 97 73 108 154 175 179 182 124 38 33 32 30 29 28 33 48 23 13 17 28 50 47 24 12 12 13 18 
32 59 133 179 181 177 178 183 189 195 195 188 173 159 146 133 127 120 111 107 104 100 93 105 176 191 182 175 169 162 157 154 153 154 159 164 169 165 123 99 99 162 178 179 117 27 33 34 32 32 34 36 42 26 14 19 30 55 63 32 13 13 14 23 
31 33 94 182 195 195 198 195 190 185 176 161 142 133 126 118 114 106 91 82 77 76 81 88 107 159 175 170 166 162 159 156 154 152 152 155 161 166 168 149 110 127 168 173 114 34 64 96 101 111 131 143 140 119 106 90 78 76 57 32 15 14 18 24 
32 64 169 199 206 201 190 180 173 162 130 88 67 67 68 68 70 72 73 90 91 86 84 82 71 86 122 141 156 161 159 159 157 154 151 149 151 156 163 165 158 145 163 164 136 136 171 182 184 183 181 183 181 178 177 176 173 164 143 101 44 18 22 22 
35 120 191 202 191 181 174 168 140 88 59 54 50 50 49 48 45 42 42 58 66 69 62 60 54 55 64 58 68 87 105 117 122 126 128 134 142 150 157 161 159 161 154 141 151 167 183 189 189 188 187 185 183 182 181 179 178 177 176 173 148 73 26 21 
53 157 189 182 175 172 163 113 73 55 53 51 51 51 50 47 44 42 41 40 41 49 50 58 62 63 53 51 46 38 40 55 75 92 105 123 136 141 149 154 157 155 147 135 152 174 191 200 196 194 192 191 189 186 183 181 178 177 175 174 174 157 66 24 
88 173 176 172 171 164 102 40 48 62 54 51 53 53 51 49 46 43 40 47 80 94 77 69 69 73 57 49 45 48 73 110 142 154 157 158 160 161 160 155 151 150 150 145 154 181 195 207 208 204 198 195 192 189 187 182 179 177 176 176 175 173 127 31 
164 172 170 171 171 172 73 33 35 55 68 63 57 53 55 53 50 47 72 102 103 81 69 68 66 66 54 45 55 85 144 167 167 163 159 155 154 154 159 159 152 134 145 143 161 184 134 140 193 207 202 198 195 193 191 186 182 182 181 181 180 170 102 29 
173 168 170 171 161 199 139 57 86 139 118 83 73 67 66 69 71 96 103 83 65 54 51 67 64 62 57 53 75 151 189 188 181 173 169 167 172 173 161 130 96 114 149 152 176 190 109 36 67 127 178 193 195 194 193 192 191 191 189 182 153 86 34 21 
171 170 172 165 80 58 66 76 137 159 142 111 98 87 72 102 104 87 65 40 30 37 36 64 78 77 56 55 132 202 211 204 197 195 196 187 139 97 76 50 79 142 147 163 187 194 106 31 26 33 56 85 116 138 149 149 148 129 106 76 56 31 24 25 
175 175 177 133 41 44 40 33 42 43 42 43 44 53 95 94 79 68 33 26 30 32 35 83 96 68 48 78 185 218 216 211 211 208 161 82 48 47 41 42 115 145 154 175 195 192 79 36 30 30 21 27 54 56 68 58 47 34 31 32 47 29 24 23 
180 178 148 66 35 40 36 37 41 38 39 40 37 51 70 54 48 44 39 40 28 43 79 93 90 60 52 109 206 218 216 218 209 140 61 36 32 33 36 56 134 149 164 183 199 176 54 34 33 30 23 22 45 51 60 61 46 37 31 34 43 25 23 29 
97 84 55 44 42 43 36 39 34 35 38 40 38 43 43 40 38 42 42 43 70 102 92 90 65 51 51 119 210 216 218 211 128 56 46 36 29 36 36 69 143 156 171 187 200 149 43 37 35 31 26 28 39 44 49 54 44 39 29 33 33 20 25 29 
28 28 30 28 34 35 41 44 45 44 43 44 42 40 41 37 41 38 48 93 108 105 112 50 31 58 70 126 209 215 212 135 63 48 44 44 37 35 36 71 147 161 174 188 200 134 34 31 32 34 32 24 29 43 50 50 40 40 33 29 24 19 26 38 
30 29 27 29 28 29 30 30 33 34 38 42 45 47 46 44 46 52 97 100 91 139 91 57 77 81 71 110 203 211 158 80 69 56 81 51 39 40 38 62 142 162 174 186 198 136 30 28 27 26 27 22 19 27 42 46 47 45 40 26 19 19 30 48 
28 26 27 26 29 29 29 31 29 31 28 34 31 33 32 36 43 95 89 65 130 138 110 99 82 54 33 54 178 177 91 59 61 101 76 47 43 40 40 49 127 160 172 183 195 150 35 26 22 23 21 23 22 21 23 29 33 33 34 28 19 22 33 32 
27 27 25 28 27 28 29 28 31 28 31 30 32 29 31 30 37 57 60 91 127 103 87 70 46 29 26 30 116 110 60 58 100 116 47 40 42 40 40 41 95 154 168 179 191 169 45 25 23 20 22 29 31 26 26 25 26 27 26 22 16 19 28 20 
37 30 29 27 28 28 27 29 28 30 27 29 26 29 30 41 75 100 101 97 84 66 47 30 25 25 27 55 88 63 43 101 105 110 38 32 35 38 39 39 60 138 163 175 187 181 59 22 19 18 21 32 38 34 31 26 22 22 22 23 22 21 21 14 
26 34 42 37 34 30 30 29 29 26 29 25 26 27 30 70 98 102 128 98 47 29 24 26 30 33 60 85 57 30 65 122 133 102 40 34 33 32 32 33 39 104 157 170 183 188 81 28 22 19 17 18 21 29 39 39 32 28 24 27 28 20 12 8 
30 31 49 67 91 118 133 129 118 101 71 50 40 37 32 34 45 68 93 49 36 36 35 41 40 38 54 36 22 25 112 154 160 88 34 31 34 38 41 42 49 75 142 166 179 189 113 53 47 40 33 28 32 36 39 40 42 40 37 36 32 22 14 7 
44 114 192 219 236 247 252 253 252 245 224 190 149 104 51 32 36 42 44 43 39 37 33 34 28 21 19 20 22 57 154 180 142 73 49 53 56 60 62 63 62 66 102 157 174 187 135 61 56 50 45 40 38 37 36 37 37 32 27 25 22 20 18 9 
103 227 250 252 253 255 255 255 255 255 255 255 251 211 97 54 44 39 42 36 27 23 20 20 23 21 23 27 56 139 182 172 111 47 39 40 39 37 38 38 34 33 44 104 163 184 131 35 28 26 25 23 22 25 31 36 35 26 24 18 17 27 30 10 
137 244 250 253 254 255 255 255 255 255 255 234 169 82 37 31 29 73 131 99 34 25 24 20 22 29 35 81 155 180 184 140 69 32 28 30 30 28 29 28 28 27 27 35 71 114 73 25 23 21 18 21 30 35 36 28 17 15 25 18 23 43 32 9 
84 188 207 239 253 254 255 255 255 255 235 117 87 97 58 35 31 52 117 140 69 36 32 31 43 81 136 171 181 193 153 92 45 34 33 33 33 31 31 28 26 28 25 26 26 26 26 24 19 16 21 29 29 33 33 18 15 22 24 17 22 50 31 12 
53 109 75 114 187 241 255 255 245 203 143 51 55 105 131 104 76 58 70 168 167 150 143 139 152 168 175 178 192 167 111 55 30 34 37 37 38 35 33 30 28 29 29 32 38 38 28 24 21 23 24 23 31 33 16 11 18 29 16 21 23 40 30 13 
110 171 116 54 70 121 214 246 157 50 37 36 29 32 48 84 124 145 156 177 178 177 172 167 163 173 176 185 181 134 88 30 21 36 39 40 39 37 31 25 23 24 33 43 46 37 28 25 21 19 17 34 36 18 13 12 25 24 14 24 21 28 34 20 
154 165 208 79 46 54 82 143 59 24 37 40 27 26 29 34 42 58 85 117 156 163 162 161 171 176 178 193 153 103 97 35 41 50 44 42 40 38 35 35 36 33 32 34 36 33 23 13 10 13 32 38 21 19 17 20 30 18 24 26 23 27 33 21 
84 133 242 187 67 35 48 50 33 23 28 34 32 28 30 34 29 34 36 38 62 116 162 173 176 171 192 170 118 110 111 43 33 48 48 50 50 48 45 44 41 42 38 34 32 29 20 9 9 18 27 15 10 12 15 29 24 19 34 28 25 27 34 32 
34 100 237 246 179 61 30 46 45 27 20 21 29 34 32 30 33 35 38 40 75 152 173 176 172 171 183 135 90 123 118 71 24 37 47 50 55 56 55 55 51 49 49 45 43 42 39 30 22 21 20 16 17 18 22 28 18 24 38 30 28 28 36 37 
24 72 224 250 248 189 68 39 41 35 25 21 21 31 36 37 37 41 41 74 155 172 172 168 167 179 139 77 69 127 123 115 64 19 33 35 42 49 54 59 59 56 56 58 57 58 56 51 44 36 26 18 14 15 22 18 15 28 39 33 31 29 37 35 
22 52 204 251 253 251 195 84 38 31 36 37 32 29 28 31 35 40 54 144 181 173 162 154 159 145 90 38 63 128 125 84 32 16 24 31 28 28 29 31 35 36 39 45 49 54 56 59 59 57 53 46 31 22 21 18 19 33 36 34 32 30 37 35 
22 36 164 228 236 231 207 141 45 28 31 36 42 37 29 22 22 25 77 185 175 159 147 142 140 141 81 47 66 130 126 85 21 17 18 31 29 29 30 29 29 24 21 22 21 23 24 26 28 29 32 34 35 33 30 30 32 43 36 34 33 33 36 37 
22 24 47 66 78 74 52 37 27 25 23 21 32 38 28 23 21 21 97 172 152 146 140 140 140 125 73 52 69 132 129 105 30 21 27 26 27 30 28 28 29 25 27 24 20 22 21 20 22 21 23 23 24 24 21 25 28 46 37 35 34 32 35 41 
23 23 22 22 24 24 25 23 22 22 21 23 37 42 32 21 21 21 56 126 132 129 126 113 86 72 61 49 59 129 130 119 66 30 22 17 17 26 27 25 26 26 25 23 20 24 21 22 24 23 25 26 25 27 24 29 36 55 38 36 35 33 33 40 
24 23 23 23 24 24 25 24 23 22 21 22 23 23 20 18 17 17 20 30 39 57 71 67 63 67 56 46 46 121 131 123 91 22 16 16 18 21 24 26 25 26 23 21 20 22 21 24 22 24 23 27 24 25 25 26 29 51 43 37 36 34 33 40 
23 24 24 25 25 25 26 25 24 23 22 28 25 19 20 21 20 18 17 28 58 74 78 71 70 66 56 50 46 120 135 122 63 20 18 19 21 22 21 19 21 22 23 21 18 20 19 23 21 23 22 24 21 24 23 23 20 23 40 37 38 35 33 38 
23 23 23 21 21 22 24 24 24 24 23 25 27 21 21 21 21 21 29 58 77 81 77 73 72 68 51 49 58 129 138 99 31 22 20 23 27 24 21 15 14 13 19 23 21 21 19 23 20 23 22 22 22 24 21 21 16 18 38 38 37 35 33 36 


47 47 46 46 47 51 55 56 56 55 52 94 193 67 45 50 62 42 33 47 55 47 49 54 127 242 142 58 59 64 166 253 255 255 255 255 255 254 239 253 255 255 255 255 255 236 148 106 100 88 94 106 84 74 66 60 59 58 66 82 64 64 64 56 
50 48 48 48 46 46 46 50 54 56 56 73 201 117 43 46 61 40 33 66 113 50 48 59 186 202 71 55 57 59 134 250 255 255 255 255 255 254 196 234 255 255 255 255 255 254 196 104 93 97 140 154 93 74 60 55 56 57 64 79 75 77 65 58 
53 51 50 49 47 46 46 45 45 48 52 56 101 102 43 43 57 49 47 116 178 53 46 92 219 112 51 54 53 56 120 208 232 241 211 226 254 252 149 175 254 255 255 255 254 237 176 104 94 92 103 99 80 71 57 54 54 55 66 77 67 56 56 55 
73 63 56 52 49 48 46 45 44 43 43 45 48 49 46 43 52 60 59 149 190 53 57 176 178 58 51 53 49 55 93 84 104 114 71 143 252 244 112 104 236 255 255 255 243 141 87 80 78 82 82 79 72 59 54 53 54 54 65 73 41 35 37 36 
156 109 62 59 56 53 49 48 46 46 44 42 48 87 79 51 50 64 63 142 153 46 76 213 109 49 54 50 49 71 155 78 65 71 76 186 254 239 98 69 197 249 234 201 164 85 72 75 63 56 54 48 46 48 51 50 50 54 70 68 38 43 41 53 
245 201 81 53 52 52 51 51 53 54 50 48 79 186 158 69 58 59 54 73 59 40 56 107 60 51 54 46 50 92 152 75 61 64 98 179 173 180 80 58 104 122 91 68 65 48 48 51 41 40 36 34 36 49 47 48 49 50 68 65 47 60 53 60 
162 177 122 59 52 48 47 46 47 51 55 51 54 108 138 86 74 53 38 39 38 40 42 45 44 50 47 44 52 56 56 66 64 60 65 76 62 65 56 52 57 55 67 81 69 51 50 48 46 42 39 45 49 52 49 47 46 50 68 60 45 59 52 37 
83 84 83 79 78 75 72 63 50 46 47 46 42 40 47 60 92 85 51 39 37 37 34 33 33 47 44 47 52 49 51 60 63 66 60 66 58 54 65 50 56 138 215 223 140 99 91 65 53 46 41 47 56 49 45 44 46 48 67 55 47 61 42 24 
83 82 81 81 81 80 74 55 48 44 43 41 52 52 71 109 154 152 128 67 44 39 38 40 41 50 53 48 41 41 44 52 57 63 62 60 63 69 78 56 53 116 242 250 220 216 206 117 58 47 39 34 38 42 42 43 43 50 68 58 48 42 33 20 
85 84 82 78 74 67 76 56 42 39 36 35 91 117 88 111 149 147 139 127 78 49 41 38 35 34 50 64 43 32 34 47 59 59 78 64 63 77 84 71 56 65 189 254 251 229 184 106 53 39 35 27 25 38 42 40 42 48 63 54 38 45 39 21 
80 78 75 70 61 52 67 49 41 34 29 38 59 104 120 101 115 136 138 144 132 102 48 32 37 65 129 159 120 38 35 43 55 95 107 67 60 66 83 79 67 55 98 194 164 108 68 51 53 72 113 58 28 38 39 40 43 50 61 47 38 36 28 20 
78 77 71 60 50 50 52 53 39 36 42 51 47 36 82 125 112 111 116 138 139 132 113 65 60 136 148 158 111 43 40 40 51 116 110 62 62 61 72 81 76 61 51 65 84 119 61 62 98 107 96 58 34 37 37 39 40 47 54 49 45 39 21 19 
75 66 55 49 47 47 47 43 45 40 41 39 31 29 42 62 116 129 111 106 136 140 131 121 100 127 130 105 50 40 46 51 56 102 130 74 61 65 66 81 79 71 53 47 56 73 67 64 63 60 53 44 36 35 35 35 37 45 50 45 44 37 20 19 
61 51 50 48 47 48 52 52 55 39 36 34 31 46 88 96 107 145 141 115 110 132 141 130 119 94 93 79 58 47 63 75 63 75 138 104 58 62 64 78 81 76 65 49 56 79 143 131 81 66 63 66 57 34 33 34 35 43 53 55 50 30 18 19 
55 53 52 51 58 86 93 95 95 74 57 86 109 127 141 148 148 148 145 142 127 103 130 141 128 117 89 77 82 65 47 54 55 55 117 129 65 53 61 77 82 77 72 59 53 89 189 183 111 90 86 83 67 32 31 32 35 44 57 75 65 29 18 19 
61 60 58 53 78 98 94 93 96 103 113 124 128 130 134 139 144 152 152 143 147 128 102 133 135 125 115 79 77 88 65 45 44 46 85 136 74 51 57 73 83 95 117 123 78 75 83 75 95 116 121 85 51 29 28 30 35 44 53 63 53 23 19 20 
84 64 59 58 88 94 93 93 93 100 113 112 114 120 127 133 139 145 149 147 142 150 121 106 129 119 113 100 62 85 89 59 46 46 66 122 75 51 57 104 139 168 182 189 163 68 44 80 185 204 149 84 48 26 27 29 32 42 47 49 41 21 19 22 
160 139 84 69 98 93 92 93 93 94 109 122 119 121 128 135 142 146 143 140 136 137 144 114 97 109 83 93 67 60 94 79 53 51 54 97 67 52 109 170 175 179 182 188 195 120 46 57 76 72 64 73 53 26 27 27 32 40 42 47 39 20 20 21 
98 186 174 135 105 93 92 94 94 94 97 105 113 114 121 121 130 137 134 134 128 88 113 129 93 92 88 70 78 72 76 85 60 54 44 82 66 67 167 176 176 180 182 188 198 158 64 56 62 69 78 87 59 24 25 27 32 40 48 51 30 19 20 20 
74 123 190 184 155 113 95 92 94 93 94 93 96 99 96 107 121 126 132 137 103 39 59 113 111 77 92 74 77 75 79 79 71 96 77 84 70 91 185 177 178 182 184 189 199 175 78 62 69 67 62 58 40 23 24 26 32 39 44 38 23 18 19 20 
67 83 174 167 177 165 129 98 92 89 92 93 92 96 101 103 109 119 124 124 86 58 49 66 110 94 71 95 68 80 71 80 83 106 113 88 75 107 188 178 179 184 187 192 202 181 82 95 158 148 104 86 61 21 23 24 31 33 32 26 19 19 19 19 
73 79 171 202 176 184 170 148 110 88 87 87 89 90 94 102 101 103 119 113 80 79 73 66 76 113 79 81 100 75 61 54 67 76 108 113 91 123 190 180 180 186 190 196 204 175 81 69 76 73 65 88 73 20 21 22 30 30 31 36 19 19 19 20 
75 95 204 222 214 205 190 176 158 127 95 84 85 86 86 93 98 96 103 109 92 81 94 97 87 96 132 127 131 116 85 67 57 60 76 107 114 129 189 182 182 188 193 199 207 161 74 66 61 45 37 36 28 18 18 21 28 39 49 36 19 19 19 19 
85 144 219 202 193 188 186 184 179 168 142 108 86 82 81 83 89 93 95 94 96 96 95 97 109 152 201 209 206 194 171 139 85 57 56 64 109 131 182 185 183 190 196 203 206 133 71 66 64 66 91 100 57 20 19 21 26 38 45 31 18 19 19 20 
136 180 188 179 173 170 168 166 166 166 163 153 123 92 80 81 80 88 92 92 92 93 90 85 135 213 218 203 195 190 179 178 170 119 64 54 71 128 165 187 184 190 198 205 198 107 71 67 63 64 98 144 87 21 19 22 26 42 62 38 18 18 19 21 
193 186 181 174 168 165 162 160 158 156 153 151 148 133 103 85 81 89 92 99 100 92 92 98 189 222 205 189 182 181 177 175 180 181 149 79 55 92 144 181 185 188 198 205 184 89 71 67 64 63 66 82 50 21 21 25 28 56 60 34 18 18 21 23 
176 176 174 173 171 170 168 165 162 157 151 146 140 135 130 112 91 80 80 85 88 81 79 112 207 211 196 185 180 177 174 173 175 180 184 168 95 64 110 153 182 187 195 203 161 78 70 68 65 64 63 55 46 23 21 24 29 54 54 31 18 19 21 24 
101 165 183 182 181 179 176 173 173 176 178 175 165 153 139 124 106 92 86 81 82 79 80 121 211 204 192 184 179 175 171 170 171 175 179 186 176 108 75 102 158 183 192 198 138 67 71 69 67 65 62 60 51 24 18 22 32 52 57 35 19 21 23 30 
69 89 150 191 191 187 187 194 202 207 204 194 176 159 142 126 115 105 97 95 93 94 92 106 185 203 192 182 177 171 167 165 165 167 170 176 182 179 133 99 98 164 185 192 128 51 67 69 67 65 65 66 58 28 18 22 34 57 66 38 20 22 25 38 
69 70 118 200 208 207 211 207 197 188 176 163 148 137 128 119 114 104 87 87 88 89 95 99 116 174 193 184 177 172 167 164 162 160 161 164 169 175 177 158 113 127 170 180 124 49 86 120 125 135 153 163 157 131 115 97 85 81 62 38 21 22 29 37 
70 94 187 218 220 208 193 181 174 165 144 119 103 102 103 103 100 99 93 94 93 93 93 86 73 86 127 155 170 174 170 167 163 160 158 158 160 163 167 170 165 146 153 154 137 142 183 200 204 205 205 206 205 203 202 199 196 184 159 111 51 27 34 34 
72 141 207 212 194 182 177 170 151 120 103 97 96 98 94 90 88 89 85 86 85 90 84 75 62 61 65 65 76 98 115 125 131 136 137 143 150 156 160 164 162 149 123 104 130 167 193 202 206 206 207 207 207 206 205 205 204 203 202 198 169 86 37 31 
81 169 195 185 179 176 166 128 111 100 97 97 98 95 91 92 93 88 82 81 82 82 74 68 68 65 56 54 53 49 55 72 91 106 117 134 147 150 154 159 160 146 120 102 136 175 196 206 208 207 208 209 208 207 206 205 203 202 202 201 201 180 77 34 
103 177 180 178 177 170 123 66 81 105 100 98 97 95 96 96 91 86 82 85 99 91 71 63 62 65 60 50 54 62 90 124 156 167 169 167 167 167 164 160 157 153 149 138 151 184 197 209 213 211 209 208 206 206 205 202 200 199 198 198 198 195 143 41 
171 179 178 178 176 190 109 58 58 84 108 107 101 100 100 97 92 89 93 100 93 76 74 81 67 66 60 53 66 95 156 182 180 175 170 164 161 161 164 164 158 139 151 151 168 189 136 143 195 210 208 206 204 204 203 200 198 198 198 198 197 185 111 39 
180 178 179 177 171 216 174 89 118 168 146 114 109 108 106 107 100 99 94 81 78 82 81 95 75 67 66 63 85 163 199 197 189 182 177 175 177 176 164 136 110 125 155 159 182 196 111 38 67 131 184 198 200 201 202 201 200 201 201 193 164 96 40 30 
180 179 179 172 101 89 99 110 168 182 172 140 125 115 96 104 93 80 69 52 49 59 61 96 95 77 60 68 146 211 216 208 201 198 198 190 148 110 88 68 96 151 157 170 194 201 110 38 27 39 68 96 124 141 158 161 159 137 112 84 72 46 31 35 
184 183 183 143 67 71 69 64 70 70 70 70 70 76 98 86 80 76 50 42 50 58 61 99 92 70 66 105 197 223 219 213 212 208 163 99 68 59 56 73 129 155 165 183 203 198 85 46 36 33 28 35 65 58 71 78 70 51 36 39 66 40 31 32 
186 184 156 86 63 66 63 65 68 65 67 66 65 74 84 71 70 67 63 60 50 57 73 86 93 84 89 133 215 223 220 220 209 133 62 44 42 41 57 85 148 162 176 194 209 183 68 48 44 37 29 29 56 61 57 70 69 61 42 45 64 32 28 34 
115 106 80 68 67 66 62 64 60 61 64 65 65 68 67 65 63 64 64 63 77 90 81 91 94 93 93 143 220 224 224 216 133 60 50 43 36 50 71 97 157 171 185 200 213 159 64 59 51 41 32 37 51 59 54 56 64 64 50 48 52 26 27 33 
62 63 62 60 64 65 69 69 68 67 65 66 65 63 63 61 63 60 66 94 102 100 105 63 61 90 91 136 222 225 219 152 86 57 56 53 45 66 74 99 162 178 191 203 214 148 61 56 54 50 44 32 37 53 60 55 53 59 58 48 38 24 27 48 
64 65 63 62 61 62 63 62 64 65 68 70 70 70 68 67 66 68 95 94 92 126 87 65 73 71 67 119 218 223 172 95 72 66 86 58 68 80 78 93 160 181 194 204 215 152 60 58 56 51 47 34 26 34 53 62 62 59 60 50 31 23 36 65 
64 63 62 60 62 61 61 64 63 64 61 66 63 64 63 65 70 99 86 74 127 125 97 88 74 54 46 68 194 188 95 59 73 104 80 77 84 82 80 85 145 179 194 204 214 167 65 58 55 53 50 46 41 35 36 48 56 54 56 52 31 27 43 51 
64 62 60 61 62 61 62 62 63 62 63 62 63 62 63 62 67 78 75 92 113 94 83 75 59 48 44 46 128 115 61 63 97 105 56 71 80 81 80 80 119 172 191 201 212 186 73 57 54 52 50 47 44 43 45 43 43 44 47 40 27 24 39 31 
65 65 63 62 62 62 62 62 61 62 61 63 60 63 64 70 86 91 86 81 76 71 61 50 45 43 41 62 89 69 49 98 94 97 47 49 64 73 77 77 91 156 184 198 210 200 82 51 48 47 52 57 55 47 44 39 36 39 39 39 36 31 31 21 
30 46 63 63 65 64 64 63 61 59 61 60 60 61 63 89 101 97 113 92 62 51 45 44 47 50 66 75 63 50 73 107 111 88 64 65 64 62 62 62 66 122 174 191 206 208 100 53 48 44 43 45 49 56 62 59 51 46 43 45 47 33 19 12 
30 33 58 83 116 148 164 159 147 133 104 83 71 66 59 57 66 83 99 64 56 55 58 66 65 63 71 56 49 53 109 128 133 79 59 59 62 65 69 70 76 96 158 182 199 210 130 76 71 64 56 50 51 53 55 57 64 63 57 56 52 37 20 9 
50 139 212 234 246 252 254 254 254 250 236 210 176 133 76 52 57 63 66 66 64 62 61 60 56 51 51 54 54 78 133 151 121 77 76 80 83 86 88 89 89 91 123 173 191 207 153 85 81 75 69 64 61 59 57 58 60 58 52 45 38 32 27 14 
127 243 254 254 255 255 255 255 255 255 255 255 254 226 123 77 69 66 68 62 52 43 37 36 54 58 56 57 77 128 153 146 100 66 68 69 68 66 66 65 63 62 70 122 176 199 147 61 55 52 51 46 40 38 43 55 59 46 37 26 24 37 42 14 
164 252 254 255 254 255 255 255 255 255 255 242 190 110 64 57 55 94 148 120 56 46 40 34 40 62 73 102 151 158 157 122 74 61 60 61 61 59 58 57 56 55 55 61 91 130 92 52 48 43 32 30 42 53 58 48 29 21 32 26 34 58 44 12 
104 211 225 247 254 254 255 255 255 255 243 144 110 118 83 61 57 74 134 159 91 57 52 50 58 93 145 169 172 168 133 86 68 67 67 65 66 63 61 58 57 57 55 54 54 54 52 46 35 28 35 48 49 51 49 27 19 29 31 25 34 67 42 16 
72 146 103 141 206 246 255 255 251 220 171 79 79 123 150 124 95 77 88 177 179 163 152 148 159 169 171 174 174 143 97 63 56 63 68 68 68 66 63 59 57 57 55 55 57 55 43 39 36 42 43 34 43 48 24 14 22 39 21 35 43 58 41 17 
151 203 146 77 94 146 226 252 186 78 63 65 57 58 72 104 139 154 164 182 181 183 179 172 163 170 174 173 154 115 86 38 31 53 60 61 60 58 53 45 39 39 47 55 57 52 44 40 32 27 23 43 50 28 20 17 35 33 21 46 44 45 49 27 
197 196 229 105 65 75 107 170 90 48 60 68 57 56 56 59 66 80 103 133 170 177 170 162 170 177 173 166 125 96 103 46 57 74 69 66 64 63 61 60 58 54 51 51 54 51 37 20 12 17 42 51 29 28 25 29 42 25 41 54 48 45 47 32 
120 162 252 209 90 55 69 73 58 51 54 62 62 57 58 61 57 61 61 63 83 123 164 176 178 173 174 142 106 113 120 57 49 72 72 75 74 73 71 69 65 64 60 55 52 47 31 13 13 26 40 20 13 16 21 42 33 26 58 58 53 48 48 43 
63 128 248 252 201 86 50 66 67 52 41 41 53 63 62 59 61 62 64 65 91 152 177 180 176 171 160 120 95 132 130 90 40 59 73 74 77 80 79 78 74 71 71 67 64 62 55 43 33 30 26 20 20 22 32 39 23 35 66 61 57 53 52 47 
52 101 238 254 253 209 93 57 61 57 44 38 39 57 67 67 65 68 67 92 163 179 180 176 173 169 124 80 84 137 137 135 82 37 61 62 66 71 75 80 80 78 77 77 77 76 74 68 59 50 38 25 20 21 32 24 21 44 69 64 61 56 55 45 
50 79 223 254 255 254 214 109 58 51 58 63 57 53 50 54 61 67 77 154 189 182 173 168 165 146 100 54 78 138 139 101 47 31 45 62 60 58 57 57 59 59 61 66 68 71 73 75 74 71 68 58 41 30 29 25 26 55 68 66 64 59 58 47 
49 62 188 239 244 242 226 176 74 49 55 65 72 62 49 36 37 42 87 191 187 172 163 160 161 163 98 61 82 140 140 104 36 32 34 58 62 61 61 58 58 52 50 48 46 45 44 43 46 47 48 50 49 47 43 43 45 70 68 67 64 62 60 50 
43 43 69 93 106 105 86 73 62 56 56 56 64 65 50 37 32 30 102 187 169 164 159 161 161 144 85 67 84 143 139 124 48 39 50 49 53 62 60 58 58 56 57 53 49 49 46 43 44 42 41 39 40 40 37 40 46 76 70 69 66 64 62 55 
36 36 39 47 50 51 52 52 52 50 50 51 61 63 49 34 31 30 66 146 151 148 144 131 105 88 74 65 76 140 139 138 89 56 46 38 43 57 58 55 56 57 57 54 52 52 48 47 48 46 45 45 45 46 43 47 56 84 71 70 68 65 63 58 
37 36 38 46 49 50 51 52 50 49 48 48 46 43 36 29 24 23 27 39 51 74 89 87 82 83 72 63 64 128 142 141 114 49 44 45 44 35 41 50 54 55 57 54 52 52 48 49 48 49 46 48 45 44 45 45 48 80 75 71 69 66 63 61 
37 37 39 45 48 49 50 51 50 49 48 57 51 41 39 36 33 28 24 43 79 96 98 91 87 82 73 66 64 133 149 139 87 51 49 38 32 30 27 29 38 48 53 51 48 50 47 49 48 49 48 48 45 45 44 43 41 49 72 72 70 67 65 63 
35 34 35 42 46 46 47 48 48 47 46 53 54 42 39 37 34 33 47 84 100 102 98 91 88 84 69 69 82 148 158 119 61 52 37 32 38 33 28 25 24 23 39 50 49 48 46 49 48 50 48 48 45 45 43 42 41 47 72 72 71 69 66 64 


11 13 12 13 15 17 20 21 21 21 17 67 183 42 17 20 32 22 20 23 35 22 27 40 125 241 129 43 43 50 161 253 255 255 255 255 255 254 236 253 255 255 255 255 255 233 114 50 59 61 75 69 27 21 35 41 43 43 50 58 42 47 34 15 
12 12 12 13 12 14 15 18 20 22 21 43 191 97 18 18 32 22 19 50 113 29 31 46 188 194 54 37 39 43 128 250 255 255 255 255 255 254 191 231 255 255 255 255 255 253 178 42 36 62 129 142 44 21 36 39 41 42 48 55 55 60 34 17 
13 13 12 13 12 12 14 14 16 18 21 25 75 78 18 16 28 29 30 106 174 35 27 86 218 96 34 36 34 38 113 199 225 236 200 220 254 251 144 168 253 255 255 255 254 228 147 46 25 31 67 82 47 29 37 37 39 42 50 55 49 41 38 33 
20 17 14 14 13 13 13 14 14 14 15 18 21 21 19 16 23 33 34 142 183 33 42 180 169 40 33 34 29 36 85 63 82 90 48 133 252 243 107 96 234 255 255 255 240 108 39 32 29 32 42 57 51 39 37 38 40 41 50 53 29 24 25 23 
114 67 16 14 14 14 14 14 13 14 14 15 25 73 56 23 20 34 31 134 137 25 64 213 94 31 35 29 27 56 160 58 42 47 57 185 254 238 93 61 191 248 230 193 153 63 51 58 48 41 39 34 33 34 34 35 36 40 54 48 22 29 20 34 
240 186 46 15 15 15 14 15 16 17 17 17 58 182 144 41 29 28 24 52 36 20 36 89 41 32 35 23 25 79 141 52 38 41 79 167 159 170 72 49 90 111 84 63 59 44 42 44 34 31 26 23 23 31 32 33 35 35 52 42 20 37 26 43 
134 153 92 25 21 20 19 18 16 17 16 18 27 88 118 56 41 25 17 18 18 20 19 22 25 33 29 22 26 32 31 40 42 36 41 53 51 53 47 43 44 52 70 86 67 36 30 26 23 21 18 17 19 30 32 31 33 36 51 37 17 35 33 25 
40 40 41 40 42 41 38 30 16 15 19 23 19 17 24 36 83 78 45 25 19 17 14 15 17 31 28 28 33 36 39 40 40 42 37 42 45 38 42 41 42 135 220 224 111 52 47 23 16 17 16 18 20 27 29 29 31 33 50 35 20 40 30 13 
40 40 39 40 41 42 37 22 21 20 20 19 36 33 49 97 157 157 131 62 31 24 23 27 29 37 43 40 34 34 38 37 35 43 41 37 40 37 27 38 41 98 239 249 214 209 202 98 22 17 17 16 17 26 28 28 28 35 51 41 30 27 18 9 
47 47 45 43 39 32 49 33 18 14 15 20 89 110 74 102 152 150 140 126 71 39 31 29 27 28 48 67 41 25 25 29 35 42 62 44 40 44 25 25 42 46 179 254 250 220 163 77 23 19 21 17 15 25 28 27 27 32 46 39 25 26 23 9 
42 42 39 35 23 19 44 27 19 18 17 25 42 100 124 98 112 135 138 144 130 100 43 25 29 63 136 164 119 28 20 24 32 81 96 48 41 43 35 16 32 38 78 184 141 79 32 25 33 54 111 45 16 26 26 26 29 35 45 25 24 19 14 9 
38 38 33 22 15 18 27 27 23 25 25 29 25 22 78 132 117 110 107 136 140 130 106 52 45 137 153 161 102 27 23 21 29 108 103 44 46 43 39 18 17 33 30 36 56 109 34 29 73 81 63 29 18 25 25 26 27 32 34 19 22 24 10 8 
33 25 16 12 14 14 16 20 25 21 18 18 14 14 24 50 121 137 107 93 134 140 128 114 89 121 124 93 33 23 30 23 25 90 124 56 44 50 43 21 13 19 27 22 23 33 28 25 25 26 22 19 19 22 23 23 24 29 31 17 17 18 8 8 
22 14 14 15 15 17 21 24 31 16 20 20 19 35 80 88 102 148 149 108 99 126 139 124 111 79 77 66 42 26 39 39 29 58 130 84 41 48 47 24 13 13 19 22 23 47 132 115 50 38 42 51 44 22 21 21 22 28 36 36 30 16 8 8 
15 17 16 15 20 31 29 30 37 33 37 75 100 120 136 143 145 145 146 145 122 88 122 135 117 104 63 61 70 47 23 24 25 34 104 108 46 39 48 36 14 14 15 24 28 71 187 182 105 83 83 80 61 22 20 21 22 30 44 68 57 19 8 9 
16 16 16 17 31 27 22 22 25 36 77 100 109 116 123 131 138 147 148 140 149 122 81 118 120 105 89 52 65 75 41 21 18 21 67 115 51 36 42 45 24 51 98 118 69 64 80 75 101 124 133 83 38 18 17 20 23 29 38 55 48 14 8 9 
50 23 15 17 33 21 22 22 23 31 73 85 92 101 111 120 129 137 142 140 136 150 108 81 102 90 83 71 45 76 70 33 22 21 43 105 51 36 46 102 137 183 206 216 185 65 37 76 188 203 133 44 17 15 16 18 20 28 30 29 24 11 9 10 
162 133 56 27 28 23 23 24 23 25 55 91 95 98 107 117 126 132 126 121 114 123 140 98 71 86 64 74 48 53 82 54 28 23 29 81 47 38 114 192 199 205 208 217 226 130 27 31 48 44 25 24 22 15 16 17 20 27 32 37 28 9 9 9 
83 197 184 112 35 17 23 28 29 27 31 45 63 83 103 99 110 116 112 112 107 71 102 121 73 74 76 57 58 55 61 67 38 33 27 67 47 60 188 200 200 207 209 218 229 175 41 30 33 40 45 50 35 14 14 16 21 27 37 41 20 9 9 9 
35 110 201 198 145 58 19 20 28 30 29 27 31 41 62 87 99 101 110 119 86 24 46 103 99 57 80 62 60 52 50 52 54 94 67 68 50 90 212 202 202 210 214 220 232 197 49 45 59 52 41 32 23 14 14 16 21 28 35 29 12 9 9 9 
24 53 170 155 189 172 96 32 18 24 30 28 27 31 39 53 84 94 96 102 70 43 35 50 99 76 53 79 53 59 48 49 57 99 114 80 60 108 217 205 204 213 219 224 235 203 48 70 170 160 85 54 56 13 13 14 20 22 23 18 9 9 8 9 
31 43 168 210 178 201 187 140 61 21 19 26 27 27 32 40 50 70 93 86 62 71 62 48 56 97 58 61 76 56 42 35 52 65 110 121 86 127 221 208 206 216 222 229 239 195 39 20 52 63 41 74 74 13 12 11 19 19 21 29 9 8 8 8 
32 71 212 246 236 224 208 194 166 99 33 17 21 27 26 31 35 36 55 78 70 58 72 81 65 74 127 129 135 115 77 44 37 60 72 111 119 138 220 211 208 220 226 236 241 171 27 13 18 30 33 32 22 11 11 11 17 29 42 30 9 8 8 8 
49 140 224 211 203 201 199 199 195 180 135 60 19 17 22 25 29 32 34 36 55 70 66 73 98 157 220 228 228 220 195 151 73 46 61 64 116 141 210 214 207 221 230 240 239 127 17 13 13 35 94 108 57 13 11 11 15 30 38 23 8 8 8 9 
135 185 196 188 183 180 178 176 176 175 171 152 95 31 16 19 25 34 33 32 35 49 51 56 139 230 238 224 220 218 208 207 198 128 67 62 76 136 184 216 208 217 231 241 229 84 15 13 12 17 83 156 94 15 10 13 17 32 51 28 8 7 8 10 
199 197 193 189 185 181 178 174 168 162 157 153 145 112 51 17 25 54 59 57 53 44 43 59 200 243 231 217 211 212 208 206 213 214 174 91 65 96 150 205 209 212 228 240 208 52 13 12 12 12 26 74 47 14 12 15 19 44 47 22 7 8 11 13 
185 187 190 191 190 188 184 180 172 164 157 147 138 128 108 71 35 23 31 45 54 53 51 94 224 234 224 215 210 208 205 204 207 213 217 198 114 73 110 163 203 208 221 233 175 32 13 12 13 12 13 26 38 16 11 14 18 41 34 13 8 10 13 13 
86 171 197 199 198 195 190 184 182 185 184 177 161 135 114 90 70 59 48 39 38 37 36 102 232 228 215 210 206 202 199 199 200 204 208 217 207 131 81 96 166 198 208 220 150 28 14 13 13 12 12 16 32 17 11 15 21 39 37 22 10 10 12 17 
23 62 152 205 206 201 200 209 217 217 204 182 156 132 114 96 90 86 79 76 71 67 58 82 206 232 218 206 200 194 190 189 189 191 194 199 207 205 153 94 83 166 186 200 140 29 18 14 14 15 18 22 29 21 13 17 25 48 61 32 13 13 13 21 
19 26 108 219 225 223 226 219 206 192 178 159 136 123 113 100 92 78 60 54 51 54 59 68 107 197 225 215 203 194 187 184 182 179 179 181 185 189 188 163 102 115 139 149 125 39 68 102 113 130 160 175 168 145 128 106 90 83 61 32 14 14 17 22 
21 66 201 240 237 217 198 184 176 161 119 66 41 41 44 45 49 52 55 73 65 54 51 51 44 67 129 176 198 201 194 189 184 179 176 173 172 172 168 156 132 105 82 78 106 129 195 224 232 235 236 237 236 233 231 229 222 209 180 122 53 19 22 20 
25 136 227 222 199 187 181 172 136 67 28 23 20 19 18 19 14 12 17 37 46 52 42 41 37 35 44 46 66 94 116 129 137 142 146 153 160 162 161 152 112 58 31 26 43 88 172 213 227 233 236 237 238 238 237 236 235 233 231 226 194 98 29 19 
48 173 202 190 185 181 166 107 57 29 25 21 19 21 22 16 11 12 16 16 19 30 30 35 37 37 31 29 26 22 25 36 59 87 114 139 151 151 150 138 108 57 28 20 49 109 169 211 224 231 234 237 238 239 238 236 235 234 232 231 230 209 87 23 
98 181 185 185 182 173 106 33 37 46 30 23 26 25 21 17 15 14 13 23 55 63 45 37 40 47 38 33 30 31 59 117 173 193 195 191 184 175 161 139 114 92 86 49 66 165 202 219 226 229 231 231 231 232 232 230 229 229 228 228 227 225 167 36 
175 184 186 184 182 197 87 25 35 59 63 45 32 27 26 23 22 18 45 68 66 48 41 45 49 46 34 29 37 75 172 213 212 205 194 184 178 172 169 164 155 133 132 96 129 188 144 150 208 224 223 224 223 225 225 223 222 223 223 223 221 208 125 31 
184 185 186 182 177 219 169 71 112 175 137 95 80 63 51 46 39 63 70 54 43 33 31 46 49 49 39 34 69 184 230 226 216 207 198 193 192 189 175 139 95 117 154 147 179 206 114 30 69 136 192 211 216 218 219 218 218 220 219 211 177 96 31 19 
184 183 184 173 77 61 74 102 166 177 168 139 129 128 103 91 70 58 48 39 38 37 29 57 62 53 35 41 157 240 242 232 223 218 216 201 144 95 66 39 70 160 168 178 205 217 111 22 18 27 55 85 117 146 161 163 163 145 120 83 51 22 16 18 
186 186 187 130 30 31 26 22 31 33 32 33 36 50 86 68 61 59 36 31 31 27 27 67 66 44 33 79 221 247 241 234 231 223 166 76 34 29 23 34 127 174 183 200 221 216 80 26 21 19 14 19 37 39 51 44 34 26 28 27 34 19 15 15 
187 184 146 54 23 26 23 23 23 24 25 26 25 37 55 38 35 32 28 29 20 31 53 67 72 46 41 124 242 246 242 240 225 136 42 21 18 19 23 50 159 184 199 215 232 198 45 22 22 20 15 15 33 33 42 44 28 22 25 27 29 17 14 20 
98 79 45 29 28 28 23 25 22 23 26 27 25 27 27 26 25 28 28 29 52 71 66 71 57 42 40 135 247 247 245 233 130 40 27 25 18 21 24 70 178 198 211 225 238 168 30 21 20 20 16 22 37 34 32 40 30 22 16 21 20 14 16 22 
21 20 23 22 28 28 33 33 32 30 29 29 27 26 26 24 27 25 34 69 75 81 92 36 27 47 47 131 249 249 240 143 49 35 29 27 21 22 23 73 186 208 219 230 241 152 27 22 19 21 19 15 22 33 31 34 28 23 17 15 13 12 18 25 
18 20 19 23 22 24 26 28 29 31 32 36 36 37 35 32 31 35 70 66 69 123 69 39 49 46 42 117 246 249 176 64 45 38 55 30 25 27 26 60 182 213 225 234 243 158 21 19 19 18 18 12 10 16 22 25 28 28 22 12 10 11 19 32 
16 16 19 20 23 23 24 27 25 27 25 32 29 32 33 38 43 78 65 53 119 118 78 64 51 32 24 60 220 206 79 37 42 71 48 33 32 30 30 44 157 211 227 236 245 178 28 15 13 14 15 15 15 13 12 16 19 20 18 12 8 13 20 21 
15 17 17 20 21 23 24 23 25 25 28 27 31 30 34 33 42 55 54 75 98 72 59 51 39 28 25 30 128 94 37 41 72 78 29 34 34 31 32 31 109 200 225 235 244 207 41 15 13 11 12 18 20 20 18 16 15 16 13 9 7 10 17 13 
26 21 21 20 21 22 22 23 23 26 25 27 24 30 32 42 65 76 72 68 59 50 39 30 26 26 27 46 61 40 35 79 73 70 20 19 25 28 27 27 59 175 215 231 241 226 62 14 12 9 8 13 17 18 21 18 14 13 12 12 10 11 13 10 
23 33 38 31 29 25 26 25 26 23 26 22 22 26 31 68 86 88 112 83 42 30 25 26 30 34 50 54 38 24 57 93 94 61 19 15 17 17 18 20 28 123 200 222 237 237 89 18 14 11 9 8 8 12 20 20 16 15 14 14 15 11 7 6 
28 33 58 82 113 141 154 143 129 113 85 66 57 54 43 43 53 75 96 46 34 33 34 45 46 42 46 23 15 20 99 123 119 53 20 19 23 24 25 25 31 65 172 209 229 239 125 33 29 24 19 15 17 19 21 23 27 25 21 18 17 12 7 5 
55 152 217 237 248 253 254 254 254 250 237 215 182 140 76 44 44 46 46 43 38 39 37 36 26 16 13 13 14 49 131 146 105 45 29 31 34 36 35 36 36 42 106 190 214 233 155 40 35 29 24 19 18 18 18 17 18 15 14 13 12 11 10 7 
147 246 253 253 254 255 255 255 255 255 255 255 253 225 111 53 44 39 42 35 27 24 22 19 16 12 14 18 45 119 152 137 80 32 28 30 30 29 29 29 27 26 42 122 191 220 156 31 23 19 19 16 14 15 17 19 18 13 13 11 12 16 16 7 
187 251 253 254 254 255 255 255 255 255 255 240 184 91 34 25 23 78 150 116 31 20 19 16 20 27 27 70 136 153 153 109 46 21 21 23 23 22 22 21 21 20 21 30 77 128 78 19 15 13 12 13 18 20 19 14 11 10 16 13 15 23 17 8 
121 219 230 248 254 254 255 255 255 255 241 127 97 102 54 25 22 53 141 170 75 30 27 25 39 81 131 157 164 167 124 65 27 20 19 19 20 18 18 17 16 17 15 15 16 17 16 16 13 11 12 17 17 19 17 10 10 14 15 17 17 26 16 10 
79 157 112 156 215 248 254 255 251 224 167 48 56 121 153 114 73 50 71 185 185 162 146 142 157 168 168 171 174 139 82 39 17 19 19 20 20 18 17 16 15 17 19 22 29 31 23 19 16 16 15 16 20 18 9 8 12 17 10 14 11 18 15 9 
168 212 142 83 104 158 232 252 185 65 39 28 21 26 51 100 142 155 163 184 184 187 185 177 166 171 175 176 155 106 70 25 16 22 23 23 22 20 17 15 14 18 28 38 41 33 22 19 16 14 12 20 20 9 6 10 16 13 10 12 9 12 17 12 
201 206 224 103 68 80 115 179 75 24 42 33 18 18 22 25 37 62 95 134 179 191 182 167 173 180 179 172 123 81 93 30 27 28 24 23 22 21 19 18 19 18 19 24 28 26 18 10 8 9 17 21 13 11 8 13 17 14 15 11 10 11 16 14 
116 171 250 206 87 52 70 71 40 24 31 33 22 18 20 24 20 24 25 32 62 125 173 181 183 180 182 141 95 111 119 37 24 29 26 28 28 28 24 23 21 22 20 17 17 17 12 6 7 12 15 8 6 8 9 16 14 15 17 12 11 11 17 22 
45 133 249 251 198 79 43 65 61 32 18 19 28 28 21 19 21 23 25 28 69 153 182 186 183 180 160 109 82 140 135 84 23 27 25 26 30 32 31 31 28 25 27 24 23 22 20 16 13 13 13 10 10 10 13 16 11 15 17 13 12 11 18 30 
31 99 242 253 252 205 85 53 58 47 26 18 18 42 45 32 24 26 26 65 161 184 186 184 182 168 113 58 71 148 145 143 76 17 21 15 20 26 29 32 33 30 31 32 32 32 32 28 24 19 15 10 9 10 14 10 8 14 17 13 12 12 18 28 
29 73 229 253 253 253 210 104 51 42 53 68 54 40 39 46 44 37 42 145 191 188 182 180 178 151 92 31 68 148 148 101 33 13 19 16 12 12 13 15 17 18 20 24 27 29 31 32 33 30 30 27 18 15 15 11 14 17 14 13 13 12 16 24 
28 52 199 241 246 244 227 173 60 36 42 65 88 75 42 19 23 31 74 190 191 180 173 173 176 180 90 40 72 150 148 102 19 14 15 24 16 14 15 14 14 12 10 10 10 12 12 12 15 15 17 18 18 17 16 16 16 19 13 12 12 13 15 22 
26 30 64 84 97 92 65 45 29 27 24 22 51 71 54 28 16 15 97 193 177 172 167 172 174 151 68 44 74 150 145 126 33 18 23 22 20 17 13 13 14 12 13 11 9 11 11 10 11 10 11 11 12 13 12 14 14 20 13 12 12 12 14 20 
23 24 23 23 22 21 20 18 18 17 17 18 32 45 45 32 24 16 67 159 162 157 149 133 98 69 50 40 61 145 142 141 77 26 20 15 15 19 14 13 13 12 12 10 9 12 10 10 12 11 13 14 14 15 14 16 19 25 13 12 12 11 12 17 
23 23 23 21 20 19 18 18 16 16 15 18 17 18 15 14 15 16 17 32 43 65 75 67 59 59 47 38 44 129 142 142 110 23 16 15 14 15 19 16 13 11 10 10 9 10 9 12 11 12 12 14 13 13 14 13 16 28 17 12 11 11 11 15 
22 22 21 20 19 18 18 17 16 16 18 30 22 15 14 14 13 13 14 30 62 79 79 69 65 58 47 41 41 130 146 136 71 21 18 17 20 20 17 16 16 13 11 9 8 9 9 11 9 11 11 12 11 13 12 12 12 14 17 12 11 10 11 13 
23 22 20 19 17 17 16 16 16 17 17 27 28 16 15 14 14 14 29 68 81 82 76 68 64 59 44 41 49 141 153 108 30 19 17 23 29 24 19 14 13 11 15 14 11 10 8 11 9 11 10 11 11 13 11 11 10 12 15 12 11 10 10 11 