


49 125 63 78 139 106 90 80 78 66 87 97 91 70 104 79 116 125 109 137 158 83 102 93 110 133 95 115 66 90 96 90 115 143 162 170 123 77 64 133 129 134 89 121 84 87 109 186 192 188 136 147 189 116 50 57 118 150 102 85 132 126 219 245 
52 93 41 65 96 65 79 67 122 74 140 89 102 84 102 72 90 106 79 135 80 47 77 100 146 123 150 105 61 60 46 86 106 96 127 121 87 72 59 100 107 141 83 161 137 120 117 202 233 228 230 192 169 130 110 109 148 170 108 124 138 120 215 248 
89 99 40 90 109 83 112 87 109 68 127 82 89 50 76 117 78 101 87 120 58 36 83 159 146 101 148 80 61 98 56 76 95 87 140 114 105 94 87 102 125 150 158 201 211 209 214 245 252 247 252 245 231 229 226 218 223 232 214 172 161 165 228 245 
83 74 38 105 115 83 116 77 83 92 101 103 108 54 91 106 80 131 89 116 78 56 117 116 119 95 122 60 80 116 49 86 114 97 156 125 130 123 145 199 229 246 253 253 252 242 229 232 248 225 230 234 238 243 241 243 248 253 252 238 217 220 244 248 
74 74 69 84 105 64 95 100 73 107 46 83 113 89 85 80 80 143 68 89 124 62 93 106 128 56 71 88 139 99 54 91 67 89 131 102 136 150 157 214 250 253 254 252 251 208 163 162 243 247 243 230 234 229 232 237 238 243 241 245 229 229 247 244 
74 92 96 67 82 106 96 97 50 103 47 67 104 134 74 48 79 97 75 129 156 73 96 113 150 68 84 146 133 81 58 116 73 84 126 130 174 225 232 242 250 252 252 251 252 200 159 158 243 254 254 252 244 244 233 240 235 233 234 243 237 240 248 246 
59 106 69 55 48 115 100 102 60 87 80 66 86 124 64 32 76 88 65 133 131 87 101 58 141 100 77 87 141 81 67 109 60 94 118 176 236 251 249 250 250 252 252 253 252 206 153 146 243 255 255 255 255 252 250 247 250 244 235 247 236 241 251 249 
68 83 81 59 65 117 85 88 85 101 60 61 88 108 58 61 77 92 44 88 110 62 74 61 131 106 54 62 135 101 107 123 69 131 122 172 245 250 250 250 250 252 254 254 253 209 186 178 244 255 255 255 255 254 254 254 254 253 248 252 242 241 250 248 
49 54 93 76 62 112 72 47 62 115 66 58 112 88 89 80 70 113 104 118 123 65 64 74 97 90 94 98 117 115 139 107 78 114 121 145 195 244 251 252 253 254 254 254 254 247 241 241 251 252 252 252 253 253 250 245 241 241 239 239 235 231 250 240 
61 85 98 104 57 94 69 27 31 82 76 82 100 68 75 79 46 93 114 106 74 65 67 128 108 98 113 79 102 143 90 71 69 115 131 139 166 234 242 239 241 245 247 246 243 241 240 240 241 243 244 245 245 245 246 247 246 246 246 244 235 232 250 246 
50 79 87 102 43 47 58 32 41 79 84 94 111 57 57 92 67 76 107 114 59 64 49 112 107 106 104 85 100 118 113 100 82 94 111 119 121 121 105 83 84 102 114 107 95 97 92 95 113 122 132 153 156 162 166 167 173 178 180 180 174 173 239 249 
38 88 100 119 61 49 62 79 62 86 109 80 99 62 49 98 72 67 101 122 89 99 55 67 106 106 81 122 128 100 99 124 91 68 62 65 86 81 67 57 40 59 48 32 38 56 54 76 91 101 99 106 110 117 119 119 124 126 123 114 103 178 248 248 
92 77 124 103 82 68 39 55 67 82 95 62 71 60 43 72 100 64 68 108 74 115 79 73 109 112 110 119 101 95 88 123 92 42 31 43 69 81 74 56 48 40 37 31 37 67 50 51 52 53 57 63 63 64 61 61 66 66 68 70 126 240 252 251 
138 85 120 117 76 60 78 79 68 83 94 54 37 62 67 48 87 68 71 107 69 67 81 83 84 102 119 144 87 103 106 89 110 73 60 63 76 82 63 45 45 44 46 49 50 54 40 52 52 58 65 69 68 63 52 44 68 57 50 91 215 251 251 252 
102 87 96 104 43 61 59 49 46 77 96 68 39 56 58 91 72 50 58 89 45 54 71 79 67 58 75 74 54 57 65 52 70 61 47 47 46 47 45 42 41 40 41 41 49 90 53 59 60 64 64 67 67 66 37 23 79 76 66 178 246 250 253 251 
77 80 66 40 61 83 64 60 45 84 77 58 39 41 34 46 39 37 34 32 28 37 32 46 57 22 15 15 14 13 23 27 25 19 13 13 14 15 15 14 15 15 16 17 31 94 61 72 56 56 56 56 55 72 45 22 73 89 130 238 247 253 254 252 
92 74 50 30 39 76 74 91 46 54 62 37 33 45 44 42 28 18 14 14 21 36 28 48 58 20 14 15 14 14 16 18 18 20 20 22 23 26 26 26 28 28 29 22 32 98 64 64 52 65 65 64 56 82 79 38 55 132 217 251 252 254 253 253 
90 87 54 37 44 52 46 85 48 30 33 41 50 61 42 24 14 12 12 15 21 34 28 49 64 21 22 47 52 56 58 60 60 61 62 62 67 77 70 69 68 77 68 29 34 103 66 68 52 35 41 35 67 152 178 79 63 153 248 253 254 254 253 253 
89 101 87 64 75 47 74 63 27 47 53 31 44 52 24 16 13 11 11 15 18 31 28 50 64 22 26 54 39 41 43 43 45 46 46 47 50 50 51 52 52 54 69 31 35 104 70 73 52 44 48 48 86 158 188 88 64 101 235 253 254 254 254 254 
92 81 80 84 63 36 59 48 30 50 75 57 38 28 21 14 12 11 12 15 18 20 29 48 67 22 27 52 63 79 92 91 93 95 96 99 99 100 108 104 92 76 71 38 39 112 77 77 55 45 31 47 62 124 183 92 68 117 239 253 254 254 254 254 
132 82 59 89 61 48 31 24 30 55 70 60 23 23 22 13 12 12 13 16 19 21 29 50 67 24 27 52 66 59 82 61 38 36 37 37 39 43 111 104 61 113 131 105 70 170 112 123 70 60 38 75 106 149 189 94 76 174 247 253 254 254 254 254 
115 49 46 74 93 56 34 30 39 54 67 35 14 23 21 14 13 13 13 19 22 24 29 52 71 24 28 54 66 64 81 41 28 64 66 50 91 69 111 167 102 184 205 146 83 216 178 210 109 105 56 95 141 182 195 98 82 182 246 254 254 255 254 253 
83 30 46 110 62 46 38 29 41 72 56 18 14 24 21 17 14 14 14 19 25 29 29 50 73 23 28 55 67 67 82 91 171 205 206 158 242 157 111 177 113 193 209 150 85 218 188 218 117 111 60 100 139 179 198 99 88 195 247 254 254 254 253 253 
71 56 96 63 56 88 77 39 41 50 37 23 24 31 29 25 25 24 23 24 27 35 32 55 70 24 29 56 69 68 84 72 122 189 186 124 188 127 107 179 114 194 210 150 89 219 189 218 122 111 65 104 142 179 203 106 94 206 249 254 255 254 253 254 
65 97 131 61 57 85 91 83 79 59 29 27 26 31 29 23 22 19 18 21 31 41 30 53 69 23 31 57 70 71 93 75 31 58 66 50 48 68 155 186 111 193 210 152 87 218 190 219 123 112 68 109 143 179 205 102 94 211 250 254 255 255 254 254 
46 96 149 76 77 45 73 86 78 40 17 17 16 25 22 16 15 15 20 23 27 36 33 55 70 23 30 57 72 65 116 171 153 152 153 157 160 176 199 200 131 196 211 153 86 217 190 219 123 116 73 112 143 180 209 105 94 218 250 254 254 253 254 254 
50 49 76 52 74 78 85 84 68 26 17 18 16 25 23 16 15 21 37 33 27 37 35 48 72 23 31 59 72 99 169 214 219 219 217 215 212 208 198 196 189 181 208 153 86 217 189 219 124 122 96 120 144 182 209 110 107 230 249 252 250 246 248 253 
53 42 49 33 78 99 92 80 55 16 17 17 16 25 23 16 14 17 29 25 29 41 30 22 56 25 33 67 53 100 157 168 170 173 174 173 172 171 165 166 164 174 223 152 89 217 187 218 124 114 152 133 153 184 212 119 125 240 250 246 224 221 223 251 
85 29 49 55 88 97 90 76 47 15 17 16 16 26 22 16 14 13 18 19 31 47 30 21 54 24 28 58 65 116 202 210 211 207 205 201 198 198 195 191 190 190 188 141 86 216 188 218 136 129 129 136 177 182 215 124 145 246 250 238 176 203 186 249 
58 30 41 96 106 98 90 74 41 17 17 16 17 25 22 15 15 13 18 18 30 46 34 29 57 25 18 20 21 43 83 89 89 85 81 75 73 69 62 53 49 48 53 75 88 218 189 219 139 138 142 144 148 178 215 132 206 251 250 230 135 127 150 246 
37 29 56 89 103 97 86 72 36 16 17 17 18 25 22 16 15 13 19 27 44 48 33 43 66 30 23 31 49 59 84 96 98 99 103 106 104 103 109 95 94 94 95 98 132 221 182 200 210 210 210 210 211 215 199 154 242 251 250 230 125 110 139 243 
79 69 77 52 92 97 85 68 33 19 19 20 19 26 23 17 16 14 17 56 84 63 28 38 55 56 60 109 206 218 226 228 226 227 229 230 229 229 229 228 227 228 228 227 229 218 180 150 151 155 155 158 160 166 176 202 248 249 249 233 133 107 144 245 
92 74 96 90 105 97 84 67 39 32 33 35 34 38 34 32 30 26 20 36 69 69 31 53 60 61 58 106 188 203 205 205 198 199 203 202 199 201 197 195 193 194 197 199 197 201 201 199 195 195 196 199 198 202 205 237 251 249 249 236 143 111 145 246 
57 49 75 106 107 97 84 67 35 24 25 25 24 31 25 20 18 16 17 33 58 68 30 38 57 56 55 68 120 186 193 193 193 192 191 189 187 187 186 186 200 214 204 204 198 215 215 231 231 231 230 227 226 223 220 229 230 229 245 234 144 115 144 244 
46 58 75 109 105 95 84 66 34 22 23 23 21 28 23 16 15 14 20 32 52 48 31 43 73 39 20 30 65 83 85 85 84 80 78 72 58 48 44 43 91 145 109 108 77 154 150 241 251 250 250 249 249 248 245 219 211 233 250 235 144 117 140 242 
94 78 86 107 105 96 86 69 38 22 23 22 20 28 23 17 15 15 19 21 30 35 28 38 80 41 19 23 48 65 68 67 67 68 68 60 48 32 27 24 27 33 31 48 69 167 164 236 169 145 151 158 164 194 244 194 125 180 248 234 136 123 164 249 
89 45 73 103 105 96 87 71 44 20 21 21 20 29 23 16 15 14 15 23 33 35 27 42 82 41 34 89 138 184 186 183 182 182 180 176 171 159 156 153 151 150 148 109 74 166 165 235 107 59 56 70 110 174 241 172 85 137 239 234 153 154 183 249 
102 63 107 109 105 97 88 76 51 20 20 19 19 27 22 15 14 13 14 19 32 39 26 38 83 40 42 117 146 189 193 195 198 201 204 206 203 199 200 201 202 206 235 135 67 156 166 234 100 71 123 117 114 181 242 154 65 113 231 249 236 234 237 252 
96 64 109 108 104 98 91 77 55 21 19 20 20 26 20 15 13 11 11 15 33 42 26 46 86 39 41 114 121 204 202 198 190 188 189 187 181 173 173 172 165 153 203 134 68 154 159 232 96 122 245 210 118 180 242 151 61 99 222 252 254 255 254 254 
103 62 98 103 99 100 92 80 62 26 18 19 19 24 20 15 14 12 10 13 37 50 25 37 87 38 41 100 118 190 219 215 163 108 156 144 113 115 175 222 171 185 202 130 71 152 148 231 95 122 246 206 114 179 242 144 59 92 218 253 253 254 254 254 
100 42 71 95 92 100 94 84 64 37 21 23 21 23 18 14 13 14 11 13 34 42 25 44 86 36 40 96 88 115 187 185 181 105 118 164 162 134 94 191 198 174 200 125 70 170 172 230 93 122 247 205 120 182 242 139 59 81 213 254 254 253 253 253 
81 48 60 86 103 96 96 87 72 54 29 28 27 24 18 19 14 16 15 16 35 48 26 38 79 35 40 94 110 129 185 184 187 197 147 142 104 162 77 176 196 170 199 121 68 143 148 229 93 123 247 203 113 184 243 136 60 79 210 254 254 254 253 253 
96 91 67 58 88 87 93 90 79 64 35 15 14 22 18 13 12 13 10 14 38 43 27 46 85 36 38 91 109 130 185 159 173 159 147 115 133 146 169 178 194 169 200 118 67 156 158 229 90 125 248 200 107 185 243 138 64 84 212 254 254 254 253 254 
102 86 81 70 77 93 95 93 85 69 54 20 13 22 18 11 13 10 11 14 34 38 27 45 90 35 38 87 76 106 181 121 151 122 125 172 155 111 134 180 193 168 201 114 65 148 160 229 89 128 248 197 106 180 243 137 65 87 220 254 254 255 253 252 
120 80 88 69 46 58 80 95 89 78 62 41 15 22 18 11 13 10 11 12 30 34 28 52 88 35 40 86 63 83 169 189 190 103 80 190 109 174 141 196 189 167 200 116 66 164 185 229 88 129 248 197 107 179 244 136 65 88 223 254 254 255 254 253 
132 105 45 45 38 49 89 98 90 83 69 56 29 21 17 11 11 10 10 12 28 33 24 49 87 35 43 85 58 83 149 218 199 182 182 198 177 182 213 224 180 179 202 118 71 159 179 227 85 134 248 197 109 176 245 134 57 77 222 254 254 255 254 253 
115 100 52 67 36 42 88 98 93 86 86 71 50 33 17 12 12 20 13 11 27 31 22 46 84 32 39 92 50 52 78 142 154 155 152 154 155 152 150 149 149 143 205 116 71 135 153 228 86 138 248 196 112 175 244 131 55 79 225 254 254 255 254 253 
57 85 68 65 51 68 87 97 78 78 103 92 55 51 29 19 28 28 11 11 25 28 22 28 73 32 35 96 101 106 142 215 230 230 228 227 226 223 221 217 214 216 233 119 74 132 153 228 87 97 155 132 122 179 245 128 51 80 227 254 254 255 254 249 
51 74 73 83 82 88 80 100 81 93 87 81 79 54 36 22 26 16 13 13 25 28 19 17 64 29 21 26 30 32 38 65 90 102 105 109 115 119 128 132 133 139 149 107 81 142 166 228 95 68 72 82 130 182 246 124 51 82 229 254 254 254 253 252 
49 59 85 111 79 103 89 123 75 80 72 66 38 56 45 28 29 23 39 56 27 26 20 35 82 27 15 16 16 17 18 20 24 40 43 44 45 46 47 41 38 37 45 56 91 168 197 235 145 127 131 135 145 190 245 118 54 90 229 252 252 254 253 253 
89 63 84 97 77 84 57 85 76 55 55 57 52 97 45 51 67 64 104 86 30 30 46 65 93 65 60 59 61 62 62 62 62 64 64 69 74 81 72 91 74 67 88 96 135 156 181 247 249 248 248 247 246 249 245 115 53 100 230 252 251 254 254 254 
107 114 84 75 89 100 55 90 90 50 43 44 74 122 58 107 127 63 66 85 82 39 100 91 86 81 73 96 106 114 118 119 121 125 126 133 136 138 139 157 149 157 197 198 230 191 207 247 250 250 250 250 250 248 243 136 85 117 228 252 253 253 254 254 
82 61 49 53 108 100 49 86 81 47 44 60 86 144 77 97 118 62 53 94 100 62 118 124 89 131 88 113 125 137 139 158 147 147 148 155 159 158 168 165 162 182 203 210 229 241 242 245 245 244 241 242 251 251 251 238 231 235 247 253 252 253 254 254 
103 65 54 66 90 74 62 81 72 34 50 81 120 140 62 88 68 48 58 83 78 126 140 133 108 113 69 92 126 132 149 178 156 143 160 154 145 162 163 179 165 150 165 168 195 205 228 235 240 243 240 239 249 254 253 251 251 252 253 249 248 252 254 254 
41 84 91 59 41 75 83 58 57 38 72 100 111 119 41 71 38 41 70 95 77 127 146 104 128 92 95 133 105 96 138 105 144 147 186 179 150 168 169 198 195 182 161 170 172 158 214 242 239 249 252 252 253 253 254 252 250 252 253 250 248 251 254 254 
36 90 140 85 31 80 90 68 97 73 48 91 102 71 58 70 47 84 87 81 105 85 133 119 131 72 86 91 42 52 87 106 178 148 176 144 102 146 177 222 230 238 235 233 233 227 232 243 243 246 250 251 250 252 253 252 252 252 252 252 251 250 251 254 
49 109 116 93 39 91 107 100 92 60 28 69 89 51 60 49 73 96 80 67 129 68 118 73 126 128 104 49 48 66 113 109 168 139 150 161 111 133 154 199 239 253 254 254 254 254 254 254 255 254 254 254 254 254 255 255 254 253 253 253 253 251 250 254 
64 92 103 120 71 65 111 119 83 74 42 64 99 82 60 46 80 84 77 64 133 66 94 43 105 130 95 40 49 103 100 137 150 107 90 155 100 95 108 142 225 251 252 252 251 252 252 253 253 253 253 253 253 253 253 253 253 252 251 251 251 248 250 254 
99 86 94 54 63 91 126 84 39 98 72 89 79 111 66 41 65 39 75 67 106 60 128 60 120 91 70 50 102 123 89 165 126 82 118 117 121 92 74 86 171 204 242 249 249 250 253 252 252 250 248 250 249 252 253 253 252 253 253 252 253 252 251 253 
101 74 101 52 78 105 118 70 36 103 66 69 87 116 90 65 89 43 108 100 99 66 120 97 106 80 99 73 136 134 81 141 93 94 162 107 78 86 108 84 154 120 180 243 249 250 252 250 251 234 199 194 244 252 253 253 252 253 252 252 252 251 251 253 
102 96 116 84 61 87 114 59 43 82 66 55 119 83 45 86 66 79 97 104 135 80 151 87 93 78 113 80 132 152 75 138 103 105 145 103 64 89 118 75 75 93 137 188 245 249 250 221 216 219 185 122 196 235 226 242 250 252 252 251 251 249 252 253 
53 85 95 85 45 59 99 72 57 54 105 109 82 78 55 73 85 88 85 110 159 93 127 96 89 74 83 81 136 106 116 117 111 155 106 151 118 76 98 105 75 88 127 155 175 180 211 177 165 195 190 107 113 156 155 167 200 204 242 253 253 251 251 252 
40 65 93 90 49 58 44 59 72 57 104 145 80 99 76 39 51 121 85 99 150 105 79 161 130 67 37 81 102 62 124 59 111 173 118 112 100 70 96 109 94 96 147 143 87 98 172 135 148 130 157 135 131 114 151 165 164 145 164 233 252 250 248 246 
103 108 95 73 43 55 47 62 99 46 78 79 53 102 108 43 55 147 91 90 114 114 105 147 115 76 33 94 56 56 135 54 107 169 173 86 63 43 37 98 110 116 127 148 60 78 186 98 116 113 149 180 130 109 142 117 136 144 114 210 250 250 246 248 


69 145 85 101 165 134 110 102 98 82 109 112 103 76 118 106 140 153 138 162 171 98 125 113 130 154 124 132 86 123 119 113 138 172 187 191 139 106 97 163 154 153 115 138 85 84 106 179 182 180 132 169 215 138 69 67 140 171 121 111 160 139 210 230 
73 111 61 89 126 99 93 87 142 86 160 100 116 99 124 93 121 132 108 163 111 71 103 118 169 147 179 124 79 89 75 119 128 123 154 134 101 98 83 133 133 165 105 156 119 103 105 192 221 215 225 207 179 130 106 100 151 191 131 150 169 147 214 237 
109 114 55 107 131 109 138 116 137 90 152 103 111 77 102 143 109 119 105 145 90 54 94 179 175 132 177 104 90 125 78 100 109 106 174 127 112 93 93 114 138 165 160 191 199 193 202 242 251 248 253 246 227 223 221 213 220 232 211 170 155 158 220 231 
105 91 52 121 140 107 148 113 114 117 116 129 131 74 123 139 110 153 108 140 109 78 133 140 143 108 142 87 104 143 73 108 128 125 187 132 129 107 134 190 224 245 252 250 243 228 224 234 246 239 243 245 247 249 248 248 249 246 240 218 199 197 229 237 
96 94 91 99 130 88 120 128 106 133 60 111 143 109 113 109 103 164 91 113 155 90 119 123 146 61 91 118 164 120 81 109 72 114 149 99 129 135 142 206 249 253 253 241 231 212 188 178 238 251 249 244 245 241 245 246 245 242 235 229 209 209 234 231 
97 114 126 80 102 128 122 120 81 125 62 91 130 159 101 72 98 116 102 156 185 105 126 147 177 86 104 171 160 101 86 132 61 93 135 121 163 218 226 238 249 252 250 246 244 213 188 177 241 254 254 253 248 250 244 246 242 236 231 229 218 219 234 231 
77 128 90 76 66 146 132 127 89 106 95 81 108 149 93 53 99 112 99 168 160 126 128 91 168 129 109 109 167 111 98 131 63 82 108 166 232 249 246 248 248 252 250 251 245 217 185 169 239 255 255 255 255 254 252 249 247 240 231 232 219 220 240 239 
92 116 104 81 85 149 111 107 110 123 73 74 109 129 74 87 93 113 67 118 138 94 101 89 154 130 73 92 154 123 139 144 85 139 113 160 243 246 248 248 248 251 253 254 249 221 204 192 243 255 255 255 255 255 254 251 248 243 234 233 221 221 237 237 
61 76 121 98 87 150 98 67 82 129 77 71 140 119 111 103 89 139 135 147 152 91 86 98 121 102 107 130 145 138 163 131 93 123 115 139 192 241 250 250 251 252 252 253 253 248 241 241 249 251 250 251 251 250 247 239 232 229 223 220 213 212 240 223 
70 111 126 129 74 125 96 41 43 94 84 92 122 92 104 96 71 129 147 139 107 81 88 157 132 116 138 99 135 170 117 92 68 109 123 133 161 230 238 237 239 244 245 245 242 239 237 237 239 241 242 243 242 242 243 243 240 239 235 227 212 210 242 233 
57 106 118 130 67 77 78 37 52 92 93 112 134 85 84 118 91 100 132 136 85 83 67 136 132 130 123 106 125 134 140 103 68 76 85 94 98 95 84 75 77 93 103 99 86 83 79 79 91 95 107 123 125 129 137 144 149 154 155 154 148 154 230 235 
44 109 124 142 86 74 82 85 68 100 121 100 131 93 72 129 92 82 125 135 105 118 63 79 118 126 96 143 142 114 124 128 94 51 41 47 63 60 47 31 26 26 26 26 31 39 40 50 71 78 79 80 79 77 82 87 92 98 97 89 84 169 236 233 
106 92 151 128 107 90 50 62 77 98 111 73 94 85 68 95 117 68 86 129 84 128 79 87 111 117 131 144 107 111 114 142 112 44 27 35 50 56 46 30 24 22 23 24 27 39 39 41 43 45 48 53 53 54 56 58 60 60 64 67 121 234 244 239 
166 110 150 149 96 76 77 82 78 97 112 65 47 84 87 68 103 67 78 127 86 85 86 87 92 97 131 156 88 107 117 101 128 58 37 40 49 52 34 21 21 22 21 21 22 31 32 44 45 54 59 63 61 56 50 43 47 42 49 87 205 241 242 244 
127 110 119 130 67 77 66 63 61 92 117 85 46 75 74 110 84 61 61 105 53 58 82 77 50 43 71 71 43 49 54 46 83 38 20 21 21 21 20 20 21 21 22 23 24 45 36 25 24 25 25 25 25 26 32 29 47 47 63 168 228 234 244 242 
98 109 88 59 83 105 84 75 56 99 86 70 47 52 43 58 48 45 34 34 28 25 27 41 37 18 19 20 20 19 30 31 33 26 20 20 21 21 21 21 21 21 22 23 25 48 35 21 22 23 24 25 25 22 31 31 49 54 123 221 229 236 246 243 
119 98 77 48 60 100 98 112 51 66 66 42 43 49 47 46 30 19 13 15 19 24 18 41 37 18 19 19 19 19 20 21 21 21 21 22 23 24 24 24 24 26 27 27 26 49 35 23 40 47 49 49 46 34 57 60 66 103 201 235 237 242 248 246 
111 104 75 48 61 77 64 103 61 42 42 44 51 57 44 31 16 12 12 16 20 24 19 41 41 19 20 17 16 16 17 17 18 17 17 18 18 21 20 19 20 23 24 29 26 49 38 24 39 32 32 33 61 74 138 129 120 164 234 236 242 248 249 249 
114 125 108 84 88 60 89 68 41 61 59 40 49 47 23 17 14 11 12 16 21 26 19 43 40 20 20 16 20 22 24 26 26 28 29 31 33 33 34 35 36 34 25 31 28 51 41 26 40 31 30 31 77 80 143 137 126 143 230 240 244 250 250 250 
120 113 101 108 79 47 76 58 40 56 74 55 41 25 19 13 12 11 13 16 23 24 19 40 41 20 21 18 40 46 54 52 50 51 51 51 52 51 56 62 56 49 26 37 34 57 45 27 44 35 35 34 55 54 138 141 128 154 232 243 246 250 250 250 
159 106 75 110 84 56 40 35 40 56 64 56 23 21 19 13 13 12 14 19 26 21 19 43 42 21 22 19 40 30 47 34 27 27 28 31 37 36 52 75 63 88 60 103 84 117 73 48 56 48 54 71 115 80 143 143 132 182 236 245 248 251 250 250 
147 76 62 100 117 70 44 41 47 56 64 32 14 21 20 14 13 14 15 21 27 23 20 45 46 21 22 19 41 28 44 33 41 73 73 78 129 117 111 151 124 169 107 140 110 177 143 109 103 105 105 103 162 109 146 145 137 187 237 248 249 251 250 250 
105 53 68 133 70 57 49 40 47 65 53 18 14 21 20 16 14 14 15 21 30 24 20 43 46 21 22 19 42 28 46 79 171 199 206 186 242 193 133 165 138 178 110 144 114 181 155 118 112 123 113 107 162 108 145 147 141 197 240 251 250 251 248 249 
91 80 116 81 64 78 69 46 47 53 35 22 22 28 28 24 24 23 23 26 29 26 22 47 42 21 23 19 42 30 48 67 147 204 205 170 211 174 129 167 139 179 112 143 116 183 157 118 115 124 115 110 164 114 150 150 144 203 242 252 251 252 249 250 
81 122 153 65 66 79 78 71 69 54 26 25 25 29 28 22 21 19 18 22 25 27 21 47 42 22 23 20 43 30 51 56 96 127 133 128 127 130 125 173 139 181 115 145 115 183 159 118 117 125 117 113 164 119 154 150 144 206 244 252 252 253 252 251 
61 121 158 71 72 54 68 73 70 39 16 17 16 24 21 15 15 15 21 23 23 24 21 48 43 22 24 20 45 35 67 115 126 124 125 127 129 133 149 195 149 185 116 146 115 183 161 119 117 127 121 117 163 122 156 151 143 211 244 251 251 249 252 250 
66 69 78 53 70 73 73 70 62 24 16 16 15 24 22 16 15 20 35 33 23 24 21 42 43 22 25 20 46 64 137 199 200 200 200 200 201 198 199 203 196 183 113 145 115 181 161 120 117 129 122 116 163 125 156 154 150 218 244 250 245 233 242 248 
76 65 59 45 73 84 76 67 51 16 16 16 16 24 23 16 14 17 29 28 23 27 18 18 28 22 25 18 24 52 106 116 118 120 120 121 120 113 107 105 105 107 111 145 117 181 162 121 118 128 122 119 170 128 155 160 161 223 244 238 207 206 213 247 
102 48 59 59 78 82 74 66 44 14 16 16 16 25 23 17 15 13 20 25 25 31 18 16 26 23 25 18 18 45 98 108 111 116 117 117 114 111 107 106 106 107 121 145 116 183 163 123 127 152 157 161 185 127 153 161 171 226 244 227 155 196 175 245 
81 49 53 84 89 81 72 64 40 16 16 16 16 25 23 16 15 14 21 23 25 31 20 19 24 23 25 24 27 66 121 130 131 130 128 125 124 123 119 115 112 111 115 121 121 182 165 117 118 129 131 134 139 114 155 166 207 232 244 220 115 111 137 242 
58 46 61 80 86 80 71 63 36 17 16 16 17 25 22 16 15 14 26 33 40 40 20 25 27 22 23 24 32 50 103 119 119 120 123 123 121 121 123 116 114 114 116 117 130 176 168 109 109 114 115 118 122 125 161 179 228 231 244 221 106 93 127 240 
98 83 74 59 81 81 71 61 33 19 20 19 19 25 22 16 16 15 21 59 87 63 17 17 21 18 19 39 83 95 105 107 108 109 114 115 114 114 109 104 102 103 104 105 112 134 142 119 117 121 121 124 125 129 143 151 173 185 236 222 113 91 133 241 
111 81 84 81 88 81 70 60 36 29 30 30 31 33 31 28 27 26 21 41 72 71 17 14 25 34 33 65 131 143 144 141 139 140 140 138 138 139 133 131 130 129 130 133 132 136 137 132 130 130 129 133 134 141 147 128 120 144 227 226 122 94 132 242 
75 57 72 87 88 80 70 61 33 23 24 23 23 28 24 18 16 16 21 42 61 70 19 16 25 24 25 32 68 106 111 109 111 108 105 99 95 91 88 90 96 106 96 100 92 110 100 105 113 113 111 115 125 143 156 132 112 132 230 227 125 98 131 239 
69 72 75 91 88 80 70 61 34 21 24 23 21 27 22 15 15 15 26 37 51 44 19 34 48 33 28 48 111 132 133 132 134 134 131 130 123 114 111 111 131 160 120 132 123 160 122 199 225 221 217 214 213 210 206 185 162 165 242 228 125 101 128 239 
118 90 74 88 87 80 72 62 37 22 23 22 20 26 22 16 15 15 27 30 25 25 19 31 53 36 27 39 94 122 125 125 125 125 125 124 118 109 107 107 108 111 105 113 122 175 136 208 181 168 170 172 174 182 213 188 154 169 238 226 118 107 152 247 
111 63 69 86 87 81 73 63 42 21 21 21 20 26 21 15 15 15 18 34 28 26 18 35 55 36 34 57 109 182 195 194 191 191 191 190 186 178 174 172 172 172 171 144 119 175 135 209 127 112 119 125 145 163 205 173 133 160 234 226 135 137 172 247 
122 86 107 92 88 81 73 65 48 21 20 19 19 25 20 15 14 13 15 26 26 30 17 31 55 35 37 72 124 184 193 197 199 202 205 206 205 204 204 204 206 208 226 163 117 170 135 209 119 119 151 147 153 170 201 163 127 153 231 245 228 226 231 250 
120 90 109 91 88 82 75 66 52 21 20 19 20 25 21 20 16 11 12 20 27 32 19 39 57 34 36 75 73 115 108 112 110 109 110 111 109 104 99 97 98 124 195 162 118 169 132 208 117 139 144 147 149 171 200 161 126 145 226 250 251 252 253 252 
131 81 97 90 93 84 76 68 57 25 19 20 20 23 19 17 18 14 10 16 27 35 18 32 59 34 36 62 62 152 105 135 150 121 144 139 121 116 85 105 124 116 194 159 118 169 127 209 115 136 121 132 149 171 201 158 125 142 223 251 251 252 253 253 
123 48 70 86 96 84 77 70 58 36 21 21 22 22 20 16 15 17 12 15 25 30 18 38 59 33 35 58 47 113 110 171 196 158 165 190 190 158 105 116 174 113 194 157 118 176 137 208 114 135 121 131 150 170 200 155 125 135 219 252 251 250 251 250 
102 58 69 84 112 81 79 72 64 52 28 25 24 23 23 21 17 21 16 17 25 36 17 31 53 32 35 58 57 130 110 182 202 205 167 177 156 165 115 114 173 113 194 155 117 161 123 207 112 136 119 131 147 172 202 151 124 133 218 252 251 251 249 248 
117 121 84 68 96 75 78 75 67 58 34 15 15 21 19 16 15 17 11 16 27 30 17 36 52 32 34 56 57 129 110 168 193 180 165 160 158 169 174 117 173 113 194 152 118 166 127 208 111 137 118 131 145 173 201 150 126 136 220 252 251 252 246 246 
128 111 99 88 90 85 80 76 71 60 50 19 13 20 16 12 15 11 12 17 26 27 16 25 50 31 34 53 41 105 108 143 161 164 166 193 172 155 151 120 172 114 195 149 118 164 126 208 109 139 118 129 145 172 203 151 127 139 227 252 252 252 248 245 
141 100 103 85 62 64 73 79 73 65 56 38 15 21 17 12 15 11 12 14 23 25 16 28 50 32 35 51 30 54 75 145 179 150 138 202 154 190 121 123 169 115 196 150 119 171 137 208 109 139 117 129 145 170 204 151 125 139 230 252 252 253 247 245 
158 129 63 66 56 59 77 80 75 69 60 51 27 20 17 12 11 10 11 14 21 24 15 27 47 31 37 52 25 31 46 107 121 112 113 122 111 112 89 105 111 120 197 151 121 168 132 209 108 141 117 130 146 170 204 149 121 134 230 252 252 252 248 246 
138 127 80 91 54 55 76 81 76 72 81 73 46 30 16 12 13 23 14 13 20 22 15 26 46 28 31 54 34 32 54 125 139 135 133 131 129 124 119 118 116 138 199 150 122 156 121 209 107 145 133 138 148 170 204 148 121 135 231 252 252 252 248 246 
77 107 95 89 69 84 84 84 73 69 113 91 54 47 28 24 36 35 12 12 19 22 14 19 41 27 30 55 56 58 91 190 219 221 221 221 220 219 217 217 216 215 225 150 124 155 122 210 107 133 158 146 156 171 201 146 119 137 232 250 251 252 250 241 
68 95 98 103 98 110 88 100 82 96 96 100 97 52 38 33 32 18 17 16 21 23 13 15 37 26 22 25 28 29 33 64 121 141 144 146 149 153 156 161 163 166 172 140 128 160 128 212 116 121 129 133 162 172 202 145 120 138 234 250 250 252 250 246 
67 85 110 133 99 124 101 146 92 100 88 84 56 62 48 34 32 28 57 76 24 20 14 37 67 25 20 20 21 22 24 26 48 95 100 108 114 116 115 112 110 111 115 117 139 172 144 217 163 159 159 160 165 179 200 141 120 144 234 248 246 251 248 249 
118 77 94 110 98 108 68 111 102 78 78 64 60 114 53 67 90 91 136 102 29 29 55 82 106 45 40 40 40 42 44 44 46 56 56 70 95 108 95 117 102 95 134 148 170 167 133 210 225 226 224 224 223 221 195 140 121 151 235 245 242 249 250 250 
131 114 91 87 105 125 64 109 115 71 61 53 85 140 69 136 167 101 95 102 104 59 127 111 114 82 73 77 81 85 89 89 89 92 90 96 99 101 102 116 108 116 163 165 213 196 161 157 161 158 160 163 161 157 161 157 141 159 230 246 242 245 250 251 
90 67 57 61 126 124 57 102 99 61 59 61 97 167 88 128 156 99 77 116 124 90 145 148 117 156 100 98 104 115 119 146 122 122 122 130 136 140 143 141 143 159 175 187 210 219 218 218 218 215 211 212 220 219 220 219 220 223 235 247 242 246 250 252 
120 80 66 76 114 98 84 100 90 44 67 97 143 169 86 121 92 76 80 104 99 153 163 168 138 149 89 96 109 119 158 182 144 136 148 137 129 146 146 158 145 133 148 156 177 179 207 216 224 222 218 215 220 223 223 225 228 230 233 236 238 244 250 251 
50 104 114 77 61 99 109 79 79 45 96 123 146 156 74 105 58 61 100 113 100 161 181 141 147 108 105 140 102 109 157 126 165 173 196 170 145 151 153 177 178 167 143 156 156 139 193 227 225 229 231 231 227 224 223 227 229 230 232 228 230 243 251 251 
46 119 161 106 49 105 117 88 127 92 66 114 132 102 88 95 77 112 122 111 134 111 169 154 157 103 123 118 67 83 118 144 208 178 196 155 117 136 163 210 221 226 222 223 221 215 216 228 229 233 241 241 236 236 234 236 240 238 235 234 233 233 243 252 
62 136 132 117 65 116 139 134 120 82 39 88 119 77 80 69 103 129 109 94 164 101 158 105 152 164 132 65 60 101 159 140 197 162 177 185 128 127 146 193 237 253 254 254 253 254 253 254 254 254 254 254 254 254 254 254 253 251 249 247 243 234 238 251 
85 117 129 144 96 87 144 144 113 111 74 92 126 109 80 62 115 117 106 83 170 98 127 75 130 164 110 47 59 136 129 165 182 131 114 181 119 93 73 90 176 207 227 228 234 209 209 222 227 231 235 228 225 225 228 230 236 230 229 229 229 229 240 250 
127 111 115 74 89 121 161 104 62 139 102 122 106 137 90 62 101 70 106 94 138 89 156 94 150 124 94 77 128 132 83 193 140 102 139 118 129 113 74 37 126 131 191 194 205 164 118 127 134 141 146 143 145 137 139 145 154 165 180 195 210 225 241 249 
122 99 124 71 105 141 157 90 59 136 90 91 118 142 109 88 120 67 140 124 126 103 155 125 124 113 120 86 165 139 94 163 100 126 189 98 57 106 118 46 171 107 137 201 210 180 120 122 124 154 178 112 139 129 130 137 142 150 164 181 199 219 240 250 
127 123 139 109 90 119 146 83 66 109 91 78 149 112 61 115 89 110 126 131 164 114 186 109 115 110 128 88 157 156 95 163 119 140 169 135 90 123 135 55 75 102 127 123 179 175 124 151 132 155 197 101 98 134 133 125 140 145 160 176 192 214 238 249 
69 112 123 110 65 81 128 98 82 76 138 143 106 107 77 100 102 120 110 142 195 122 150 124 122 100 99 108 153 102 132 128 143 184 126 178 133 78 132 138 90 70 146 108 77 74 154 171 158 136 178 124 90 151 164 98 161 118 143 169 185 210 232 239 
57 82 119 119 67 78 67 85 98 83 130 173 103 132 110 61 71 150 118 127 175 137 113 190 156 74 42 105 118 61 131 65 148 208 153 136 91 42 114 137 127 89 163 152 70 68 178 112 149 103 167 141 146 107 161 132 163 110 78 147 175 207 226 225 
136 137 120 98 59 71 70 90 123 60 110 112 80 127 135 69 82 169 119 119 140 142 137 170 141 89 37 116 69 60 146 62 133 206 207 106 86 45 46 129 143 139 132 151 66 82 190 77 126 126 176 205 146 118 160 112 145 127 51 124 181 214 225 227 


8 34 14 22 56 46 22 19 17 16 18 23 19 24 26 25 34 23 29 50 91 46 44 30 32 36 22 27 15 23 28 28 41 46 63 63 48 27 17 66 65 77 39 64 47 57 82 161 164 161 94 59 93 41 8 16 58 91 47 38 65 62 184 216 
7 15 9 15 25 14 27 23 38 21 41 31 37 33 25 20 19 22 17 37 24 12 20 35 43 29 40 29 12 12 10 23 37 22 36 36 27 14 11 37 59 76 24 96 68 64 81 173 204 193 203 117 61 42 40 37 66 104 47 55 64 51 182 226 
11 18 10 24 35 20 24 25 30 15 35 21 24 9 20 29 20 32 23 28 16 9 38 58 34 22 30 20 12 21 10 16 21 17 31 30 23 19 27 48 65 89 127 161 170 169 186 233 241 239 242 219 192 195 192 186 183 182 146 107 105 104 196 218 
14 15 7 42 34 22 16 14 18 27 43 29 32 14 27 26 17 30 26 27 19 13 47 33 25 22 30 15 25 27 8 28 33 22 47 42 31 40 82 148 196 224 242 242 230 218 219 228 237 241 241 241 240 238 236 232 221 207 199 186 173 167 209 222 
11 16 12 25 30 15 21 30 12 21 14 23 23 25 15 18 25 74 19 22 26 16 36 46 32 14 15 26 40 26 12 19 8 34 29 20 49 80 102 174 228 238 243 229 214 224 224 200 227 248 246 244 240 236 237 233 226 215 209 199 183 181 214 212 
17 16 15 16 28 42 25 30 10 31 13 14 29 36 17 11 26 48 23 33 37 18 36 34 33 18 26 42 32 24 15 33 9 19 23 48 117 190 200 215 231 236 236 232 228 228 224 201 232 249 248 247 241 239 236 230 226 217 214 205 191 190 211 211 
9 16 14 10 11 31 27 41 15 32 33 12 21 37 20 8 18 19 17 23 24 17 34 13 32 23 19 25 30 18 13 26 9 20 32 118 209 231 224 227 233 239 237 239 231 229 227 200 227 248 247 245 243 242 236 227 219 214 213 201 194 193 217 225 
9 12 17 13 9 19 29 41 32 28 14 13 23 35 20 21 24 18 8 19 23 13 21 19 46 35 13 10 33 35 23 36 15 46 37 113 224 223 226 227 230 237 244 250 243 236 230 211 233 250 250 247 244 242 237 226 218 215 208 197 193 194 213 221 
8 10 18 24 11 18 25 17 32 42 13 11 22 24 22 23 18 36 26 30 38 17 19 21 25 21 22 27 24 24 46 29 15 32 63 107 177 234 245 246 247 249 251 252 252 249 246 241 244 247 247 247 244 243 238 225 213 208 200 192 183 185 220 207 
8 12 15 15 13 23 17 9 8 20 17 18 20 19 20 24 9 29 36 30 18 20 18 28 25 26 20 24 25 25 20 20 24 51 76 106 146 223 234 233 233 235 235 236 232 228 226 226 228 231 232 234 233 232 231 232 226 220 210 199 185 184 225 217 
8 9 12 15 7 9 20 13 7 14 22 19 24 11 15 34 23 35 38 37 15 21 13 33 35 26 19 18 24 29 18 27 21 31 38 50 64 78 74 68 66 72 74 72 66 59 60 61 66 72 77 83 86 92 102 112 117 119 120 119 116 129 211 220 
7 9 14 23 14 13 23 29 14 18 42 18 22 20 12 27 22 21 26 26 28 26 15 22 32 26 16 30 35 24 16 25 19 21 25 33 40 37 33 29 24 28 27 25 29 30 36 47 60 65 67 66 65 64 67 69 73 76 75 70 73 153 221 218 
26 14 19 24 18 21 11 16 16 22 28 13 17 26 16 23 39 15 17 18 19 28 24 23 36 38 35 37 41 33 19 34 34 18 23 29 38 38 35 26 24 22 22 22 26 27 32 37 38 37 37 42 41 43 48 48 48 48 54 60 111 216 228 221 
43 18 25 31 19 19 38 32 22 23 25 16 9 20 26 13 26 19 14 33 20 16 25 28 26 36 32 76 32 33 35 26 40 25 23 23 26 25 22 20 20 21 20 21 22 23 27 35 34 32 32 36 37 37 36 32 22 24 45 80 183 223 225 228 
20 15 26 41 15 26 19 13 10 17 28 22 8 16 18 30 18 12 16 23 19 19 24 36 27 17 20 29 20 21 23 18 21 23 23 25 25 27 27 28 28 28 30 31 31 16 21 24 24 25 24 25 27 27 32 25 11 18 58 149 203 210 227 230 
11 14 17 10 21 29 23 18 9 23 27 25 8 10 9 16 12 12 16 14 14 14 15 28 28 20 22 22 24 25 27 29 27 25 27 28 28 28 28 28 29 29 29 31 36 14 19 23 28 31 31 31 30 26 32 29 14 16 105 198 202 206 228 233 
13 11 14 9 12 35 37 42 12 17 17 9 6 11 13 15 12 9 8 10 13 13 16 29 28 21 17 16 16 17 18 18 18 19 21 22 21 21 22 24 24 24 26 28 35 15 19 28 31 29 30 30 36 39 57 62 50 47 173 209 209 215 231 233 
19 19 13 12 15 17 16 46 17 9 10 8 12 22 16 8 9 9 8 10 13 14 17 30 31 20 17 14 14 14 15 15 17 18 20 19 20 22 21 21 23 26 25 30 37 14 18 28 27 26 27 28 46 78 136 133 117 109 199 208 209 224 233 233 
19 29 26 15 24 14 35 17 5 12 12 6 14 21 12 9 9 9 7 11 13 14 18 30 32 21 17 15 24 25 26 27 28 29 30 31 32 33 34 35 35 39 27 32 41 16 21 31 29 33 42 33 56 83 139 141 124 130 206 214 210 227 237 239 
23 23 29 25 18 8 32 18 6 10 16 16 16 14 11 9 8 8 8 10 10 12 17 30 33 24 17 18 18 15 13 13 12 13 13 13 15 15 13 14 16 28 28 39 47 21 23 32 30 37 55 40 39 55 132 142 126 125 203 217 215 230 238 239 
46 32 29 44 16 10 6 5 5 10 19 26 13 12 12 9 8 8 9 10 9 11 17 33 33 24 18 18 18 22 15 22 36 37 38 45 58 55 39 38 63 65 67 111 119 66 41 57 44 50 87 84 94 86 137 144 128 104 197 220 218 233 237 237 
27 13 14 30 46 14 7 5 7 12 27 17 9 12 12 9 8 9 10 11 10 12 18 34 38 26 19 20 19 23 18 42 67 64 61 118 176 171 134 97 131 118 114 148 154 97 91 113 88 112 169 126 134 117 142 148 132 108 199 228 224 234 238 238 
18 6 19 48 17 8 6 5 8 22 24 10 9 13 12 10 9 9 10 12 12 14 19 33 39 28 20 20 19 24 19 90 182 72 72 205 246 229 164 108 147 123 118 153 159 100 102 123 95 128 177 129 138 118 141 149 134 111 204 233 227 233 232 235 
18 14 49 24 12 19 16 7 8 18 17 12 12 15 15 13 13 13 15 16 14 16 19 35 36 28 21 21 20 24 20 78 177 102 99 207 235 222 163 109 149 125 120 152 162 103 103 125 97 128 179 132 141 124 147 155 136 111 209 236 231 237 236 238 
15 26 39 14 11 17 21 20 23 26 14 13 13 16 16 12 12 12 11 15 18 18 19 37 35 30 22 22 20 25 21 71 166 181 185 201 205 200 130 111 148 126 122 150 160 104 101 122 95 128 179 137 143 131 154 156 135 111 211 239 239 241 241 240 
14 39 91 18 17 8 17 21 27 19 10 10 10 15 13 10 10 11 15 17 17 16 20 36 36 29 22 22 22 28 17 74 136 134 135 134 133 127 93 104 119 130 122 152 160 106 102 124 99 130 181 141 142 132 155 156 131 112 214 240 240 235 243 239 
14 17 37 11 19 18 20 23 29 14 11 11 10 14 12 10 10 15 28 26 18 16 20 35 37 31 23 24 22 23 50 78 84 84 87 86 86 86 95 98 102 147 121 152 160 106 102 126 101 130 174 138 140 134 154 158 131 112 214 238 229 207 231 237 
14 10 11 7 19 24 22 24 24 10 11 10 11 16 14 10 10 13 22 20 18 18 19 20 28 31 25 22 30 65 123 132 136 138 138 140 139 135 132 130 132 133 118 152 159 107 100 126 106 125 133 123 147 134 152 163 131 109 213 227 193 195 197 236 
29 6 10 12 23 24 21 24 21 9 11 10 10 15 13 10 10 9 13 12 18 21 20 20 27 32 25 19 20 47 96 105 110 113 115 116 113 111 109 107 109 109 121 150 157 108 101 128 110 117 125 128 150 135 148 164 125 107 209 218 144 196 162 235 
20 8 9 23 28 24 21 25 20 11 12 11 11 15 13 11 11 9 12 10 18 22 19 20 26 34 27 26 30 68 129 138 140 140 139 137 137 135 133 130 129 129 131 142 165 107 101 122 144 151 150 152 159 131 152 159 106 106 209 212 110 113 126 232 
12 7 11 21 26 25 20 26 18 11 11 11 11 14 13 11 10 10 8 19 34 30 17 14 22 32 37 42 48 76 154 171 173 174 176 173 173 174 172 173 172 171 172 173 174 106 103 108 114 121 121 125 127 127 158 152 96 112 213 213 103 91 116 229 
35 30 18 12 24 24 20 25 16 10 11 10 11 15 13 11 11 10 11 51 81 55 14 13 17 18 21 42 83 97 109 110 115 116 118 118 118 117 114 109 108 108 109 109 113 108 116 115 117 121 118 121 124 125 138 134 100 121 213 213 109 89 120 231 
29 24 25 23 28 23 20 25 18 15 15 15 14 18 17 15 14 14 14 28 63 61 14 12 19 22 24 51 103 115 111 109 111 112 108 107 107 108 102 96 97 96 93 92 95 97 96 98 97 99 101 103 107 106 115 123 121 139 211 216 117 90 120 231 
15 12 19 28 30 24 20 26 18 12 12 12 12 15 14 11 11 10 10 19 50 61 18 15 23 21 23 32 68 104 107 107 109 108 107 102 97 93 88 88 95 104 92 95 87 99 99 80 82 83 82 88 99 100 114 124 109 117 211 219 119 94 118 227 
9 13 16 28 28 23 22 26 16 11 11 12 10 15 13 11 10 10 9 23 42 38 19 28 23 22 27 50 113 132 132 132 133 135 134 130 124 117 113 113 129 154 113 125 112 145 138 64 68 68 70 74 79 76 118 168 164 146 221 220 120 96 115 226 
23 26 23 29 27 23 21 25 18 13 11 11 12 16 14 11 10 10 10 13 17 19 18 27 18 21 35 55 131 163 166 167 166 166 166 166 163 161 161 160 163 164 157 149 113 142 131 74 99 100 100 101 104 85 110 180 187 172 222 217 112 101 137 235 
15 9 19 28 29 23 21 23 20 12 11 12 11 15 14 10 10 10 9 11 18 19 18 28 18 21 35 20 47 80 90 94 97 101 107 111 108 101 97 94 96 99 109 157 109 138 132 84 105 135 147 151 154 117 111 180 185 181 222 219 129 127 160 237 
34 18 40 30 28 23 22 22 21 11 11 12 12 15 13 10 10 10 9 12 19 23 18 28 19 22 33 15 44 65 69 71 72 72 76 75 70 60 52 46 46 46 44 146 109 141 133 80 102 157 156 156 182 123 111 179 188 187 223 235 215 212 220 242 
34 24 33 29 25 24 21 20 24 12 12 12 12 14 10 7 8 9 8 12 20 25 18 30 20 21 33 23 59 90 97 107 109 109 109 109 107 100 92 87 89 109 64 147 107 139 134 78 101 148 105 105 169 122 109 177 188 186 220 239 238 241 244 245 
27 27 29 25 25 26 21 22 26 14 12 12 12 13 10 9 8 7 8 12 23 27 16 26 20 21 32 16 45 97 81 127 122 140 125 131 145 149 101 107 115 113 65 147 108 137 136 77 101 149 111 113 172 120 107 177 190 188 219 239 235 239 244 245 
29 15 19 22 24 26 21 20 22 19 12 12 11 12 9 9 8 7 8 13 22 26 17 29 20 21 31 14 34 115 97 111 77 105 103 86 96 166 134 108 85 108 65 146 107 126 123 73 100 147 111 111 173 117 108 177 191 188 217 239 231 232 239 240 
14 13 17 20 28 25 21 20 21 24 14 14 13 11 7 9 8 7 9 13 21 30 16 26 17 21 31 13 43 131 96 87 73 71 110 91 110 106 120 106 83 109 64 146 105 142 133 71 99 147 109 112 173 117 111 178 190 185 217 238 229 233 235 237 
25 26 21 15 23 22 21 20 21 25 18 11 10 11 9 7 7 7 8 13 20 22 16 24 14 20 29 13 44 132 93 95 75 84 121 104 137 95 75 103 82 107 63 147 105 133 129 71 97 147 106 114 171 116 108 175 189 186 221 238 230 234 231 233 
20 23 26 20 20 24 23 20 19 20 23 11 9 12 11 8 7 7 8 12 19 19 14 12 9 18 28 12 28 104 92 139 119 101 91 75 100 106 95 103 79 106 64 149 105 133 123 69 97 147 109 113 172 112 108 173 188 189 225 239 233 236 233 230 
26 19 34 20 8 12 16 21 19 20 23 18 9 12 10 8 7 7 8 11 17 17 13 11 9 18 28 12 18 35 62 131 117 126 122 86 114 87 114 109 85 108 65 149 106 122 111 72 98 145 108 112 172 107 106 172 187 188 228 239 236 238 233 232 
24 26 14 13 7 9 18 21 21 19 19 23 14 12 10 8 7 7 8 10 13 14 11 10 9 19 32 13 17 16 38 107 119 122 122 120 125 117 91 108 111 111 67 149 106 124 114 71 99 145 105 110 171 105 106 172 186 189 227 236 232 236 233 233 
17 20 10 15 9 10 20 21 20 20 22 20 21 16 11 9 8 8 9 10 14 14 12 11 8 15 23 10 16 17 30 80 94 93 95 99 100 98 97 97 97 114 68 149 105 134 123 70 99 148 103 108 170 101 106 175 189 190 228 236 233 236 234 233 
8 15 16 18 12 22 22 21 18 18 45 34 17 21 13 7 8 8 8 9 13 13 11 12 8 15 22 10 8 7 12 31 40 43 46 46 47 47 45 45 45 50 59 150 104 134 123 69 98 156 137 143 181 98 105 174 187 190 227 233 230 236 235 231 
5 16 16 24 23 33 21 23 18 21 25 25 28 18 13 6 9 8 7 11 13 12 10 13 9 14 23 24 27 27 30 52 117 141 140 138 134 131 129 126 123 121 130 160 105 132 119 68 100 152 166 168 174 96 107 173 186 191 227 230 226 234 235 236 
11 20 26 32 18 38 23 23 19 17 16 15 8 15 12 7 11 9 14 21 13 13 12 17 15 13 15 16 19 20 21 26 63 121 128 138 145 149 151 151 153 154 158 146 114 122 107 58 84 93 97 102 109 72 107 173 187 194 228 229 217 230 233 237 
26 20 27 24 15 17 15 14 16 11 13 12 14 32 11 15 26 23 57 49 15 13 18 20 15 10 9 10 11 12 12 12 15 26 28 42 66 78 66 77 76 69 92 107 115 132 118 47 43 43 40 43 48 49 108 173 190 197 228 224 213 224 234 236 
29 49 33 12 12 24 14 17 22 17 16 12 23 39 14 54 49 17 28 40 30 18 39 30 18 16 13 25 31 34 34 32 34 34 33 36 39 40 38 41 39 39 51 56 92 150 157 123 120 116 117 116 113 110 128 175 191 194 218 224 214 215 232 238 
22 9 7 7 15 16 11 22 22 25 15 14 24 67 27 36 40 19 23 29 29 15 44 50 26 47 25 46 57 63 60 53 60 67 68 73 81 88 88 95 104 118 129 145 166 171 186 181 182 178 175 174 166 165 172 181 188 190 202 227 218 221 233 240 
19 10 10 13 15 13 13 22 21 11 11 15 35 52 19 27 19 15 18 27 25 43 56 47 27 32 15 28 54 65 65 69 85 79 104 101 90 111 113 135 129 119 135 143 159 144 187 206 209 195 182 178 157 150 165 182 187 186 189 207 213 222 236 241 
9 18 18 12 8 14 17 14 13 9 17 23 21 25 11 19 13 18 24 33 26 30 33 24 32 21 27 65 35 37 48 32 58 56 99 135 91 107 107 153 165 156 133 150 148 125 171 223 212 189 189 186 170 156 163 183 187 187 186 184 196 223 238 240 
9 16 41 18 6 14 18 19 23 16 11 15 31 24 17 30 15 42 31 34 42 31 51 37 33 13 16 32 8 9 18 26 68 51 85 64 27 79 120 186 198 201 196 203 198 192 192 205 208 211 225 220 203 195 193 204 211 206 199 197 195 203 224 238 
9 23 31 23 8 22 33 21 23 11 7 13 23 16 26 26 38 43 28 20 45 27 39 25 31 31 24 13 10 15 23 22 48 49 37 28 27 79 122 189 236 251 251 251 252 252 251 252 252 251 252 251 251 251 251 251 249 242 232 224 216 208 216 236 
14 20 21 48 20 17 31 43 17 14 11 17 29 24 31 20 26 34 23 26 41 17 22 9 25 31 23 9 12 35 22 38 34 35 16 24 25 36 50 83 172 202 225 227 236 209 207 218 222 227 232 221 217 220 225 224 224 213 207 204 204 205 219 236 
25 13 21 15 13 17 27 27 9 25 20 27 23 48 28 10 16 9 21 18 32 16 39 13 20 29 24 10 23 44 21 29 27 24 29 25 31 25 19 25 79 103 196 197 212 166 108 115 121 126 128 128 133 127 130 133 142 154 168 180 190 203 219 232 
27 15 34 14 29 24 27 22 11 45 25 29 37 65 48 19 27 13 37 31 24 18 37 29 30 20 37 16 27 45 19 37 30 24 50 21 22 25 27 22 82 37 132 212 220 186 115 112 112 104 83 87 135 122 119 124 133 141 156 171 182 198 219 235 
14 33 60 21 17 17 44 24 14 34 18 20 69 39 15 26 20 23 22 37 36 21 36 32 25 21 36 22 49 52 18 44 30 33 58 32 13 28 41 19 24 31 70 128 191 182 114 98 83 89 90 43 86 101 96 112 127 138 156 168 178 195 216 234 
9 14 22 18 11 15 36 32 17 22 32 43 38 36 22 33 37 23 18 32 32 30 47 24 21 21 22 20 45 37 29 49 31 45 41 76 38 26 27 22 18 26 57 56 78 76 72 69 49 70 74 33 29 52 37 52 68 96 148 169 176 191 206 218 
8 9 12 18 14 12 10 15 30 21 44 78 35 34 27 16 16 42 29 35 45 22 22 51 30 21 11 20 32 17 30 18 25 31 27 40 33 22 33 33 32 25 57 44 23 25 45 35 44 48 54 50 28 28 41 46 46 44 83 153 171 188 202 200 
8 9 13 15 14 9 11 21 43 16 18 25 16 57 64 12 13 66 30 31 41 25 24 78 39 20 13 21 15 26 61 28 32 27 39 26 11 11 12 38 45 23 30 35 17 18 53 30 44 34 50 68 26 26 46 34 42 42 47 125 173 192 199 200 