


26 27 29 29 31 32 33 35 36 38 39 41 42 44 45 46 47 48 49 51 51 52 52 53 55 55 56 56 56 57 58 58 58 57 56 57 57 56 55 54 53 53 54 86 30 2 2 3 2 1 1 1 1 1 1 1 1 1 1 1 1 0 1 1 
20 21 22 23 23 25 26 28 29 30 32 34 35 38 38 39 40 42 44 46 48 49 50 52 53 54 55 55 56 56 56 57 57 57 57 56 57 57 56 55 53 54 62 119 35 2 2 3 2 1 1 1 1 1 1 1 1 1 2 2 1 0 2 1 
20 20 20 20 21 22 22 23 23 24 25 27 28 30 31 32 33 34 35 37 39 40 41 44 46 47 49 50 49 48 49 49 49 49 49 48 50 52 52 51 50 52 79 151 36 3 2 3 1 1 1 1 1 1 1 1 1 1 2 2 1 0 2 9 
25 25 25 26 27 28 28 29 22 20 30 34 35 38 41 40 43 45 45 44 45 44 43 42 42 42 41 40 40 38 37 37 36 36 36 35 38 38 39 38 37 38 58 87 20 2 1 3 2 1 1 1 1 2 1 1 1 1 2 2 1 2 16 38 
29 28 29 30 31 32 33 33 26 26 36 43 45 50 57 62 66 70 71 72 72 71 70 65 61 58 56 54 52 48 41 34 37 40 40 38 38 37 37 38 39 42 48 44 11 3 2 3 2 2 2 2 1 2 2 2 2 2 2 2 5 20 40 55 
31 31 31 33 34 35 36 37 37 39 43 47 50 55 67 79 84 87 89 91 92 92 92 89 88 86 85 81 76 70 51 34 37 50 50 48 47 45 45 50 54 65 92 90 19 2 2 3 2 2 2 2 1 2 1 1 2 2 2 10 32 42 53 56 
35 31 34 35 36 37 38 39 41 43 47 51 56 63 78 91 95 99 102 103 104 105 103 101 101 99 97 92 85 78 70 62 58 56 55 53 54 54 56 59 64 86 123 122 25 2 1 3 1 2 2 2 2 2 2 1 1 4 25 45 49 54 60 57 
56 43 45 46 44 43 42 43 45 48 46 51 62 73 91 102 106 110 112 113 113 113 113 113 109 109 107 102 92 84 74 68 63 60 57 57 59 60 62 65 71 91 105 101 22 2 1 2 1 2 2 2 2 2 2 2 10 40 63 57 58 63 66 57 
43 38 37 45 46 46 46 46 48 51 45 41 65 83 116 126 129 134 136 137 137 134 133 129 103 113 119 109 100 88 78 72 66 59 60 61 63 65 67 71 82 101 109 99 21 3 2 3 3 2 2 2 2 2 6 24 55 67 68 63 64 68 69 55 
33 33 33 34 36 36 37 40 42 46 48 48 66 86 118 127 133 140 140 143 146 146 147 144 126 119 136 129 116 94 81 75 69 47 45 64 66 69 72 77 102 121 116 100 30 20 23 25 26 16 6 4 15 29 49 66 71 72 71 69 70 72 71 52 
33 34 34 35 35 35 38 42 45 50 57 65 76 93 108 115 120 115 106 121 130 131 132 130 131 130 131 123 112 94 82 75 71 62 52 64 69 72 76 84 114 115 66 59 51 51 51 49 51 53 36 35 50 67 73 77 80 78 74 73 74 74 72 52 
37 38 39 40 30 27 43 49 53 59 67 76 87 104 122 122 120 105 121 128 128 127 124 120 118 116 112 103 94 89 84 77 72 69 68 69 71 75 80 92 110 107 76 69 68 65 63 60 56 63 60 56 60 73 79 83 85 81 75 75 77 76 73 48 
40 40 41 41 38 42 48 52 56 62 67 74 85 110 181 154 162 178 180 177 171 163 154 145 139 130 119 97 65 69 84 80 74 73 72 72 74 78 84 103 106 106 88 83 80 75 71 67 59 66 68 63 61 74 83 85 87 83 77 77 77 78 69 45 
46 46 47 49 51 53 55 58 60 59 59 67 84 110 182 152 166 188 191 192 180 175 177 173 170 161 151 127 84 64 84 85 80 78 78 79 82 86 94 116 107 109 99 91 87 81 76 70 61 61 70 62 59 70 83 86 88 85 78 76 75 71 61 42 
54 56 57 58 58 60 63 68 70 61 56 81 98 111 136 125 132 146 151 150 134 143 146 142 146 143 139 124 102 96 99 94 89 87 88 89 93 99 111 128 129 131 107 97 92 86 80 72 64 56 70 62 56 63 78 85 87 84 77 74 67 62 55 40 
62 64 66 67 69 71 75 79 83 81 84 99 110 125 146 133 145 158 160 161 156 155 152 149 154 152 146 135 121 113 109 104 99 97 97 97 105 114 138 152 157 146 113 101 96 89 83 75 66 55 65 63 53 58 71 81 83 81 76 70 58 59 51 37 
64 63 67 72 76 79 83 88 93 97 103 111 117 128 144 145 147 156 157 157 158 157 150 150 153 150 148 143 135 128 123 119 116 98 84 87 110 128 152 159 166 158 119 104 99 92 85 79 66 54 57 64 50 49 61 74 79 77 72 63 55 58 48 33 
50 39 51 59 63 67 71 76 82 90 99 109 99 121 197 175 195 201 199 195 190 184 180 180 172 165 162 155 145 139 128 119 114 107 89 97 118 140 147 149 162 162 123 106 101 94 87 80 71 55 50 62 51 41 49 64 73 73 67 58 58 58 44 26 
63 60 67 71 72 75 78 83 88 96 106 119 126 144 230 195 236 245 245 243 242 240 235 230 224 221 199 129 99 85 52 43 43 50 60 74 85 85 58 63 84 109 108 105 103 97 88 79 71 60 45 56 54 39 37 50 63 64 59 59 60 54 40 19 
64 66 69 73 76 66 75 88 94 103 113 125 135 150 228 195 233 242 242 241 242 239 226 218 216 199 107 23 13 12 9 11 16 27 33 33 33 33 31 30 28 26 45 79 98 98 89 80 69 64 48 47 54 39 31 34 43 51 53 60 57 48 35 12 
48 50 52 55 58 58 62 71 77 87 99 115 131 166 210 188 222 231 225 226 218 158 108 95 76 48 17 9 9 9 10 12 14 26 33 33 31 31 31 29 23 15 13 30 60 90 91 82 70 59 53 40 47 39 28 24 35 52 51 56 53 46 32 7 
46 47 49 51 53 55 57 60 64 71 82 101 121 179 236 195 238 240 239 237 197 60 43 37 25 19 13 11 12 10 13 11 16 26 33 38 35 34 32 25 16 9 8 13 24 53 82 85 74 58 50 42 36 38 27 22 23 43 50 55 51 43 24 3 
39 49 52 54 55 56 58 59 64 71 81 98 118 180 234 194 240 241 242 240 226 124 57 50 33 23 17 14 18 10 15 18 18 24 34 41 42 39 27 19 12 9 8 9 12 20 42 66 72 60 47 39 37 33 24 18 15 26 50 59 51 40 17 1 
37 53 62 64 66 68 70 56 68 86 92 103 118 153 181 169 203 208 212 212 212 195 103 51 31 23 19 13 17 15 13 19 22 25 38 46 49 46 27 17 15 9 8 7 8 13 18 30 45 46 39 32 26 22 20 17 16 25 51 59 52 34 9 2 
69 70 70 69 70 72 73 70 82 90 96 102 109 128 142 146 157 161 162 163 162 151 139 86 30 27 27 13 9 13 14 20 24 30 40 49 56 47 23 15 15 10 8 7 12 13 10 15 21 17 16 19 19 20 17 18 19 33 56 57 46 26 4 2 
77 77 78 79 82 83 85 88 91 95 97 104 116 135 147 145 156 159 160 160 160 156 153 117 40 29 23 14 12 12 13 27 30 38 46 52 62 49 20 12 15 13 8 6 7 13 10 16 19 14 10 16 18 23 17 22 23 40 58 54 41 17 2 1 
84 87 88 89 91 94 97 100 104 110 113 117 128 143 155 153 163 165 165 164 163 162 162 139 61 35 35 24 21 33 27 30 42 60 56 54 63 40 16 13 14 13 12 8 6 6 14 20 13 10 7 13 13 21 21 24 25 43 55 51 37 9 2 2 
65 74 74 79 87 95 101 106 111 117 123 130 138 149 159 160 168 169 171 171 170 169 169 160 79 38 38 40 54 73 63 76 67 76 68 60 54 29 22 15 16 20 19 13 9 5 9 13 11 7 9 14 10 17 19 20 24 47 52 50 32 5 2 1 
52 54 56 58 63 68 76 82 90 101 112 123 136 151 164 164 169 168 172 175 173 172 171 167 86 39 40 36 66 77 75 93 82 74 68 50 42 24 20 16 24 20 18 17 16 9 6 7 10 8 8 10 10 19 21 15 27 53 54 47 24 2 1 1 
58 60 61 63 66 70 75 80 86 91 98 113 127 146 159 156 143 158 169 171 170 170 171 168 84 36 45 44 45 52 56 86 94 67 49 32 26 25 26 21 23 22 19 19 17 12 8 8 8 9 7 8 12 21 21 15 34 59 54 44 15 1 2 2 
57 58 60 63 66 70 74 78 71 61 85 113 127 149 162 178 196 197 204 193 177 176 172 167 71 43 52 50 39 42 44 82 79 68 44 30 26 31 26 25 25 23 22 21 13 13 13 7 6 6 4 6 13 18 18 14 41 70 52 28 4 2 2 2 
53 54 56 59 62 66 71 76 64 50 87 111 125 151 160 192 227 230 234 214 188 188 191 175 64 61 60 56 50 41 45 55 60 61 46 40 34 36 25 27 26 24 21 14 9 7 6 4 3 6 5 6 9 14 13 13 47 77 51 17 1 2 2 2 
54 56 58 61 64 68 73 76 63 63 81 114 129 166 160 200 239 240 242 214 190 192 194 139 82 86 79 63 50 49 51 48 63 52 45 41 38 35 30 26 22 18 15 7 3 3 2 2 2 3 6 13 11 9 8 10 50 74 53 22 1 2 3 3 
62 64 67 70 73 76 79 85 92 101 111 124 140 193 169 203 242 244 244 216 190 193 176 100 97 94 82 55 41 44 57 54 56 50 47 39 36 34 32 22 12 10 7 3 2 2 2 5 6 6 9 11 8 4 4 9 53 73 48 23 3 2 1 1 
75 77 80 81 85 89 93 98 107 117 125 137 151 212 181 198 243 245 246 217 195 198 136 96 100 117 110 77 56 52 64 62 44 43 46 42 37 30 22 15 8 7 5 2 3 3 5 11 11 7 6 5 3 3 5 11 55 75 49 23 2 2 1 1 
86 87 88 93 96 99 103 109 117 126 134 142 156 222 194 193 237 241 243 215 195 192 134 124 158 184 185 158 132 120 150 144 80 44 43 37 28 19 14 10 8 9 6 4 3 6 11 13 9 10 6 4 3 2 4 10 51 76 49 23 1 2 2 2 
83 79 65 80 92 97 101 105 111 120 129 116 121 204 198 183 220 232 233 209 196 195 191 193 193 183 163 159 163 165 183 188 166 97 45 30 20 13 8 9 13 11 8 6 8 15 17 10 6 6 4 2 1 2 2 9 47 69 48 20 1 2 1 1 
61 62 59 61 71 75 79 84 90 98 109 114 111 193 201 173 209 231 223 196 191 199 207 211 210 202 188 153 151 149 144 144 144 131 68 32 22 18 12 15 16 14 13 13 16 17 12 7 6 3 3 3 3 3 2 11 54 64 48 16 1 1 1 3 
52 54 56 58 61 64 67 71 76 84 95 109 129 196 200 169 200 232 227 194 199 213 222 226 226 222 212 151 140 129 117 118 116 114 76 36 28 22 17 19 19 19 20 22 21 15 7 6 4 2 3 2 4 4 3 16 63 63 44 11 1 1 1 2 
50 53 55 57 60 63 61 55 68 80 90 105 127 191 193 168 190 230 236 196 213 222 227 227 229 229 211 145 135 112 87 105 112 111 81 34 25 21 20 22 20 22 27 24 17 8 7 5 3 3 4 3 3 4 3 21 70 60 38 7 1 2 2 3 
52 54 57 59 62 65 59 50 64 82 92 105 126 183 182 178 177 217 232 187 218 221 222 224 230 221 201 142 136 116 90 98 118 118 93 41 23 20 24 25 22 24 27 21 11 7 9 4 4 6 4 4 4 4 4 26 73 59 40 10 2 2 2 2 
58 60 62 65 67 71 74 69 74 90 99 107 117 159 162 182 164 186 203 182 189 187 187 187 191 184 179 144 143 139 118 119 133 131 106 54 35 26 26 25 22 21 20 16 10 9 7 4 8 7 3 4 4 3 4 31 75 59 34 6 2 2 1 1 
72 74 75 76 77 79 80 86 93 99 105 112 120 162 156 201 163 178 211 190 180 175 177 174 170 169 165 136 146 145 142 140 138 135 122 72 53 35 27 22 18 16 16 16 13 9 6 8 9 4 3 3 2 3 3 40 77 53 21 2 0 1 1 1 
84 87 91 93 95 99 103 107 115 122 129 136 146 172 165 195 173 177 202 212 205 206 207 199 195 186 178 163 168 166 163 159 156 155 153 94 52 42 29 22 18 17 18 21 15 12 12 12 5 3 3 2 2 2 4 46 74 46 18 2 1 1 2 2 
67 70 73 76 78 83 87 93 99 107 117 130 146 181 173 201 192 178 194 199 203 205 206 207 204 207 199 169 172 171 168 166 165 163 161 116 59 46 40 34 28 24 19 19 12 8 10 9 6 4 4 3 3 5 9 49 66 43 18 2 1 1 2 2 
71 73 72 70 74 84 89 94 101 107 114 123 139 170 163 198 202 170 182 188 196 197 204 207 206 216 210 168 169 170 174 176 175 172 167 138 74 61 56 57 56 39 20 17 14 13 12 8 6 5 5 5 5 5 11 53 61 45 18 1 1 2 2 1 
73 74 66 69 81 87 90 94 99 104 109 114 127 161 143 176 204 160 156 164 195 179 179 184 185 205 203 143 152 167 174 174 177 178 177 162 93 62 62 66 59 44 31 22 19 14 11 8 8 8 8 8 7 6 18 72 71 46 16 1 2 2 2 1 
92 93 78 84 103 107 107 111 115 119 124 129 137 155 116 152 203 175 168 181 222 197 192 195 198 220 221 152 170 193 196 202 209 209 206 184 151 73 58 53 48 45 41 29 21 16 15 11 10 9 9 8 9 9 18 75 74 44 12 1 2 2 2 1 
108 110 105 109 116 119 125 129 135 139 145 149 154 146 117 107 156 174 173 174 180 181 185 188 190 213 227 200 210 230 229 227 226 223 213 195 201 123 60 47 48 46 41 29 21 26 29 23 16 16 14 10 13 13 17 74 69 40 8 2 2 2 2 2 
88 91 94 98 103 106 111 116 123 130 139 147 154 156 157 146 165 170 173 177 176 175 175 181 179 181 182 185 203 207 204 203 202 200 190 190 190 170 97 55 46 46 40 27 33 42 44 46 28 20 16 13 13 11 23 79 64 34 6 2 2 1 2 3 
76 78 82 85 88 91 95 99 103 111 121 130 139 137 140 146 151 154 157 157 159 159 159 159 159 159 158 161 190 203 203 203 202 199 192 199 198 194 165 90 59 51 39 36 47 48 57 59 48 34 23 19 14 14 40 88 62 31 6 1 2 2 4 5 
76 79 82 86 89 92 94 98 102 105 118 125 136 144 141 153 157 160 160 158 156 157 158 160 162 162 161 162 193 205 206 206 201 194 198 204 202 199 193 151 88 56 45 57 60 53 54 52 58 52 37 25 19 21 51 95 59 29 5 1 1 2 5 4 
78 81 78 83 91 94 97 101 102 89 111 125 137 158 148 173 174 180 183 181 170 170 177 189 188 187 180 162 194 205 207 207 195 182 200 205 204 200 195 176 133 86 81 86 77 67 59 54 58 54 47 37 32 37 72 96 59 26 3 1 1 2 4 4 
75 62 53 80 92 95 99 102 103 88 104 127 138 157 149 172 174 182 186 187 174 171 174 189 190 189 154 147 195 204 205 206 196 179 198 204 200 195 187 174 151 134 114 100 92 76 63 58 59 56 54 54 57 66 78 93 55 25 3 1 2 2 2 3 
85 67 80 98 99 101 105 108 108 91 112 131 140 151 141 164 176 176 174 177 172 175 178 181 175 153 138 160 189 195 195 194 188 172 186 192 191 182 175 164 151 142 152 126 93 73 64 62 62 64 59 64 83 82 76 90 50 27 6 1 1 1 2 3 
108 109 113 117 118 119 123 123 98 94 134 147 154 159 155 168 177 184 182 193 195 192 190 190 185 182 137 148 195 194 192 191 197 199 209 216 220 220 211 176 154 140 144 153 127 84 63 64 65 73 71 75 84 73 68 88 46 30 10 1 2 2 2 2 
90 92 95 98 100 104 107 110 101 90 122 137 152 172 169 188 194 205 211 216 215 218 219 204 216 219 205 204 224 222 226 221 198 232 246 247 246 242 223 177 153 135 123 140 144 118 86 70 65 70 70 69 49 47 42 86 62 32 15 2 1 2 2 3 
76 79 82 85 88 93 97 102 106 112 119 127 141 162 162 185 178 192 219 223 226 234 241 231 243 241 231 227 240 244 246 225 187 224 247 246 246 244 225 177 150 131 108 92 144 128 110 87 53 39 34 28 17 21 34 83 93 39 19 3 1 1 2 3 
76 79 80 75 81 94 97 100 105 111 117 125 139 158 158 179 178 197 212 215 222 225 227 223 224 207 194 179 199 206 208 203 210 221 230 233 239 241 227 168 134 128 104 58 121 132 119 81 32 22 21 18 19 33 55 88 110 53 21 3 2 1 3 4 
82 85 74 60 79 98 102 106 109 114 120 126 140 161 156 173 174 182 180 182 187 191 192 199 203 191 177 165 190 193 193 191 190 192 194 195 202 207 194 145 123 118 98 46 75 133 118 70 22 10 10 15 35 60 69 92 112 72 25 4 2 2 3 4 
88 91 87 64 81 104 108 113 118 123 127 131 144 162 156 166 174 179 175 177 179 185 182 186 190 194 152 128 193 199 195 193 193 191 190 188 183 178 160 134 124 112 93 42 42 107 109 58 17 8 8 27 60 73 84 96 112 98 33 6 1 1 2 2 
88 91 90 92 104 109 114 118 124 129 134 141 150 164 160 175 177 177 177 182 187 190 188 191 187 186 155 127 194 204 199 199 200 197 195 190 185 179 158 130 128 113 93 40 31 69 96 44 12 11 21 52 76 82 95 98 106 105 40 7 1 1 1 2 
89 92 95 99 103 108 114 113 116 120 134 144 153 160 163 171 173 176 181 179 195 199 199 199 197 198 193 159 195 203 198 201 202 202 202 201 197 188 169 144 132 116 93 42 27 42 68 27 9 12 33 64 83 86 103 108 102 109 47 10 2 1 1 1 
88 91 95 100 102 107 110 99 87 104 133 142 150 155 161 169 171 172 173 162 185 195 201 199 195 196 195 183 199 199 194 197 201 202 204 205 202 193 178 149 131 116 90 42 24 24 35 18 9 12 41 74 87 88 107 122 111 112 54 10 2 1 1 2 


28 28 29 30 31 32 32 33 34 35 36 37 38 39 40 41 42 42 43 44 45 46 46 46 47 48 48 49 49 49 50 50 51 51 50 51 51 50 49 49 48 47 49 74 29 7 6 8 5 5 6 5 5 6 6 6 6 7 7 6 6 5 4 3 
23 24 25 25 26 27 28 28 29 31 31 33 34 35 36 37 38 39 41 42 43 45 46 47 47 48 49 49 49 50 51 51 51 52 51 51 51 51 50 50 49 48 54 106 34 7 7 8 6 6 6 6 6 5 6 6 6 7 7 7 6 5 4 4 
23 23 23 23 24 24 24 25 25 26 27 28 29 30 31 33 34 35 36 37 38 39 41 43 44 45 46 46 45 45 46 47 47 47 47 46 47 48 48 47 46 47 69 137 35 7 7 8 6 6 6 6 6 6 6 6 7 7 7 7 5 5 5 13 
26 27 28 28 29 29 30 31 25 24 30 34 35 37 39 39 41 44 44 44 43 43 44 43 43 42 42 41 40 38 38 37 37 37 36 36 37 38 38 37 37 37 54 84 23 7 7 8 6 6 6 6 6 7 6 5 6 6 6 6 6 6 20 43 
30 30 31 32 32 34 34 35 29 29 37 44 46 50 58 62 66 70 72 73 66 64 70 67 62 59 57 55 52 49 43 38 38 39 39 37 36 36 35 36 36 38 41 39 13 7 6 7 5 5 5 5 6 5 5 4 4 4 5 6 9 23 41 58 
33 33 33 34 35 36 37 38 39 41 44 47 50 55 68 79 85 90 94 96 96 96 98 96 94 93 91 86 81 74 54 38 40 50 50 48 46 43 42 46 50 59 77 70 20 7 6 8 5 5 4 4 4 4 5 4 4 4 5 14 34 44 54 59 
37 32 35 37 38 39 39 40 42 44 47 51 55 64 79 92 97 103 110 113 112 114 112 110 110 108 106 101 95 87 73 63 59 56 55 54 52 51 52 54 60 83 117 106 28 7 6 7 5 4 4 4 4 4 4 3 3 7 30 50 50 55 61 59 
62 49 48 49 46 45 44 44 46 48 46 51 60 73 92 104 110 115 119 121 122 123 123 123 118 119 118 113 104 94 80 69 63 60 58 57 57 56 57 59 65 86 103 99 26 7 6 6 5 4 4 4 4 4 4 4 13 48 70 60 59 64 68 61 
46 43 41 48 48 48 47 47 49 52 46 43 65 83 117 131 134 139 142 144 144 142 141 137 106 117 127 120 112 98 84 72 66 59 60 60 60 61 62 64 74 94 102 93 24 7 5 5 5 4 4 4 4 4 8 27 61 72 69 65 66 69 71 58 
34 34 34 35 37 38 39 40 43 48 49 48 66 86 121 133 137 144 146 150 153 153 154 153 132 123 143 138 126 103 86 75 69 47 45 62 63 64 65 70 96 117 113 96 31 24 25 27 28 18 8 6 18 33 55 71 74 73 72 70 71 73 72 56 
35 35 36 37 38 38 40 42 46 50 57 65 75 92 109 115 121 107 88 122 134 136 137 137 138 137 138 132 123 103 87 76 71 61 50 61 65 67 70 77 108 111 67 61 52 52 52 50 52 54 39 39 55 71 76 78 81 78 75 73 74 74 73 54 
38 39 40 42 35 34 45 49 54 59 66 74 85 101 120 122 120 85 107 128 129 128 126 123 122 121 117 111 103 96 87 78 72 69 68 68 68 70 74 85 104 97 76 70 68 65 63 60 56 63 61 59 62 74 80 84 86 82 76 75 77 76 74 51 
41 41 42 43 40 44 48 52 57 62 67 74 84 106 176 153 159 174 177 173 167 161 153 144 138 130 120 101 80 77 86 80 75 73 72 73 73 74 78 100 86 70 87 84 81 76 72 68 58 66 69 64 63 75 83 86 88 84 77 78 79 78 70 47 
47 47 48 50 52 54 56 59 61 57 56 62 84 107 179 152 164 188 189 190 179 171 178 174 171 163 153 130 91 79 87 85 80 79 78 79 81 83 91 114 88 91 98 92 88 82 77 70 60 62 71 64 61 71 84 86 89 86 78 77 76 72 63 45 
55 57 58 59 57 59 63 68 70 52 49 77 98 111 136 126 132 147 151 151 132 140 146 143 148 146 141 128 104 100 100 94 90 88 87 89 92 97 110 129 128 130 107 98 93 87 81 71 64 57 71 63 58 65 80 85 87 84 77 75 68 64 57 43 
63 65 67 69 70 70 73 79 83 80 81 98 110 124 145 135 145 159 161 162 155 155 153 149 156 154 150 138 123 113 111 105 99 98 97 96 105 114 138 153 159 147 113 102 97 90 83 74 65 55 66 63 55 59 72 83 85 81 76 70 59 60 54 40 
65 62 66 73 77 79 84 88 92 97 103 111 118 129 144 145 148 157 157 158 160 158 150 151 158 154 151 149 141 130 127 122 116 95 75 76 110 128 153 160 167 158 119 105 100 93 86 79 66 54 58 65 51 51 62 76 81 78 73 64 56 60 50 35 
51 37 50 61 65 68 72 77 82 90 98 108 104 128 193 175 192 199 197 193 189 183 179 181 174 167 164 160 152 146 135 123 116 104 79 90 119 142 149 150 164 162 123 107 102 95 88 81 71 55 51 63 52 43 51 66 75 74 68 59 59 60 47 28 
64 61 68 71 73 76 79 83 88 95 104 115 125 149 228 195 231 242 241 240 239 239 235 230 225 221 201 135 107 92 58 47 46 52 60 76 86 87 60 66 86 111 109 106 104 98 89 80 72 60 46 57 55 40 39 52 65 66 60 60 61 57 42 21 
65 67 70 74 77 65 72 89 94 102 112 123 133 154 226 194 230 239 239 238 238 238 228 221 218 203 112 28 18 18 15 15 19 29 35 35 35 35 33 32 30 29 48 80 100 99 90 81 70 64 49 48 55 40 32 36 45 53 54 61 58 51 38 15 
49 51 53 56 60 58 60 71 77 87 99 113 129 162 207 186 219 228 221 219 211 160 110 97 79 51 21 14 13 13 13 14 17 28 34 34 32 32 32 30 25 18 18 33 63 92 92 83 71 58 54 41 48 40 29 26 37 53 52 57 54 50 34 9 
47 48 50 52 54 56 58 61 65 72 82 99 118 172 232 194 234 238 235 231 195 61 43 38 26 20 16 14 15 13 16 15 19 27 34 39 37 36 33 26 19 14 13 17 27 54 83 85 74 57 51 43 38 39 29 24 26 45 51 56 53 46 27 5 
40 50 53 54 55 57 59 60 64 72 81 97 115 174 231 193 236 239 240 239 226 123 56 51 34 24 19 17 21 13 17 21 20 25 35 43 44 42 29 21 16 14 12 13 15 22 43 67 72 60 48 40 38 34 26 21 18 29 51 60 54 42 20 3 
39 54 63 64 65 68 69 48 60 84 90 101 114 147 174 169 202 208 212 213 215 198 104 51 33 25 20 17 22 18 15 20 23 26 39 48 51 49 30 20 18 13 11 11 12 16 21 33 46 47 41 33 27 23 22 20 19 28 52 61 57 37 11 4 
71 72 72 71 70 72 73 68 78 88 92 98 91 105 122 144 157 161 163 164 165 159 146 87 32 29 30 16 14 17 17 21 27 31 42 51 59 50 26 18 18 13 11 12 16 16 15 19 23 20 19 22 22 23 19 21 22 35 57 60 51 29 6 5 
78 79 80 81 82 83 85 88 90 93 92 97 107 122 144 144 156 159 161 162 162 160 158 122 43 32 25 17 15 16 16 29 32 39 48 54 65 52 23 16 17 17 12 9 11 17 14 19 22 17 13 19 20 26 20 25 26 41 59 58 44 19 5 6 
86 89 90 91 93 94 97 100 103 108 111 113 125 140 155 153 164 165 166 165 166 166 166 145 65 37 37 26 24 33 26 29 43 61 58 56 66 43 19 16 17 19 16 13 10 10 18 23 16 14 11 16 17 24 23 27 27 45 56 55 40 12 5 6 
66 75 76 80 88 96 101 106 111 117 123 129 137 149 160 160 169 170 172 173 173 173 173 165 83 41 39 41 54 67 57 75 69 78 70 62 57 32 25 19 20 23 22 16 12 8 13 16 15 11 12 16 14 20 21 22 26 48 55 54 34 7 4 3 
53 55 57 60 64 70 76 83 91 101 112 124 136 151 165 165 170 169 174 177 177 176 175 172 91 41 41 38 66 74 73 91 83 76 70 52 45 28 24 20 26 23 20 19 19 12 11 12 15 13 11 13 14 21 24 18 29 54 57 50 26 5 4 3 
60 62 63 64 68 72 76 81 87 92 98 113 127 147 160 158 131 154 174 177 177 177 173 168 89 38 47 45 46 54 57 84 94 69 52 35 29 28 29 24 26 25 22 22 19 14 12 13 13 13 11 11 14 22 23 18 36 61 58 46 16 3 4 4 
59 60 62 65 68 72 75 79 74 65 84 113 127 150 166 178 182 187 206 199 185 180 164 151 75 44 53 50 44 46 45 82 80 71 47 32 29 34 28 28 28 26 25 23 16 16 16 10 8 8 7 10 16 19 20 17 44 71 54 30 6 4 5 7 
54 55 58 61 64 67 72 77 66 53 86 111 125 150 164 191 222 227 235 217 194 185 183 176 65 58 58 54 53 44 46 57 62 63 47 42 36 38 28 30 29 28 24 18 13 10 8 7 5 8 7 11 13 16 16 17 50 79 53 18 3 3 5 7 
55 57 60 63 66 70 73 77 65 65 80 113 127 166 163 197 237 238 242 218 196 199 196 144 77 77 72 59 49 50 52 49 64 53 47 44 41 37 33 29 24 21 19 12 8 5 4 4 4 5 9 16 15 14 14 16 54 77 55 24 5 4 6 7 
63 65 68 71 74 77 81 86 92 102 111 123 137 192 171 200 240 241 244 220 196 201 183 99 90 83 70 52 42 45 58 55 56 51 48 40 37 36 34 25 17 14 12 8 5 4 4 7 9 9 11 13 10 8 10 14 56 76 51 25 5 4 6 6 
76 78 81 82 86 90 94 98 107 117 125 137 150 211 183 198 240 244 246 221 201 207 140 92 91 105 102 78 58 54 65 63 45 44 47 43 39 32 24 19 14 12 9 7 6 6 8 14 15 10 8 7 6 6 10 16 59 79 52 25 5 4 5 5 
87 88 88 94 97 101 104 110 117 125 134 142 155 220 196 193 236 241 244 219 201 200 136 123 159 190 193 168 139 123 151 145 81 45 44 39 31 22 17 13 12 13 12 8 8 11 16 17 13 13 9 6 5 4 8 15 54 79 52 24 5 4 4 4 
85 80 61 78 93 98 102 107 112 120 128 114 118 203 200 185 220 232 234 214 202 201 197 199 200 191 165 165 172 172 185 188 167 98 46 33 24 17 13 13 16 16 13 10 12 19 21 15 13 11 6 4 3 5 6 14 50 72 51 21 3 4 3 3 
62 64 61 62 73 76 80 85 90 99 110 113 110 194 204 175 210 231 225 202 199 208 217 221 220 212 198 163 160 153 145 141 139 127 68 34 24 21 16 19 20 17 17 17 19 21 15 11 9 6 5 5 5 5 4 15 57 68 52 18 3 3 4 5 
53 55 57 60 63 66 69 72 77 85 95 109 130 203 203 172 203 232 229 187 202 224 233 237 237 234 224 164 151 132 116 111 108 106 74 37 30 25 20 22 21 22 23 25 24 18 12 10 6 5 6 4 6 6 6 19 65 67 47 13 3 4 5 7 
52 54 57 59 62 65 64 58 69 82 91 105 126 201 198 171 195 231 237 188 221 233 236 237 239 239 223 159 146 114 86 97 104 102 78 36 27 23 23 24 23 25 29 27 20 13 11 8 5 6 8 5 5 7 6 25 72 64 41 9 3 4 7 7 
53 56 58 61 64 67 61 54 66 84 93 105 125 195 189 181 182 219 233 193 230 232 232 235 239 231 213 154 144 116 89 92 110 111 88 43 25 22 25 26 25 27 30 24 14 12 11 6 7 9 7 6 6 5 6 29 76 63 41 12 4 5 7 7 
60 61 64 66 69 72 74 72 76 90 99 106 113 166 168 184 167 188 206 189 200 197 194 193 200 194 189 153 148 140 118 117 127 124 101 54 36 27 27 27 24 23 23 19 14 14 10 7 12 11 7 7 7 6 6 35 78 64 35 8 4 6 6 6 
74 75 77 78 79 80 81 86 93 98 105 112 119 171 166 202 166 181 213 197 189 184 185 181 180 178 174 140 148 146 140 135 132 129 117 70 50 36 28 25 20 19 19 19 17 14 11 13 13 8 6 6 5 5 7 44 80 57 23 4 5 6 5 5 
85 88 91 93 95 99 102 105 112 121 128 135 145 178 169 195 175 179 203 214 208 208 208 202 198 188 181 167 170 167 160 152 151 151 148 91 51 42 30 24 20 19 21 23 18 15 14 14 8 6 5 5 5 6 9 50 76 48 20 4 5 6 7 5 
67 70 73 76 79 83 88 91 98 106 115 127 145 192 179 202 195 180 196 201 205 207 208 209 206 208 203 174 172 166 159 154 153 151 148 109 57 47 41 34 30 25 22 21 16 13 14 13 9 7 6 6 7 9 12 51 69 45 20 4 6 7 6 5 
71 74 72 59 68 84 89 92 97 105 112 120 137 178 169 198 205 172 182 188 196 198 205 208 208 217 211 170 161 162 164 165 163 160 154 128 69 56 52 52 50 39 23 20 17 17 16 12 9 9 8 8 8 9 16 57 64 47 19 3 4 4 5 5 
74 76 57 52 79 86 90 93 97 102 108 113 127 173 151 185 207 162 157 164 193 179 180 185 186 204 203 129 120 159 168 168 170 171 169 154 87 57 55 57 53 43 32 24 21 18 15 12 10 11 12 11 10 9 23 75 75 48 18 3 4 4 4 4 
94 95 74 77 103 108 108 111 115 119 124 129 138 164 133 167 207 177 168 181 216 196 193 197 200 219 222 135 144 190 192 199 205 205 202 178 148 70 52 49 46 44 40 31 23 19 18 15 15 14 13 12 12 13 21 77 77 46 14 3 4 4 4 4 
110 112 107 108 116 120 124 128 134 139 144 148 154 149 131 125 160 174 174 174 180 181 186 190 191 212 226 198 207 229 227 223 222 219 207 188 195 116 56 46 46 44 41 31 23 27 30 26 19 19 17 15 17 16 21 76 73 42 10 4 4 5 6 5 
90 93 96 99 103 106 111 115 121 128 137 144 152 155 158 153 166 170 174 177 176 174 175 182 181 183 184 184 200 202 195 190 189 186 175 175 175 156 90 53 45 45 41 29 34 42 44 44 30 22 19 17 17 15 28 83 68 36 8 4 6 7 8 8 
78 80 84 86 89 92 95 99 103 110 119 127 137 137 141 147 151 156 158 159 160 161 161 162 162 161 160 162 186 195 191 189 188 183 175 183 182 178 151 83 55 48 39 37 45 45 52 53 45 34 25 21 17 17 43 91 66 33 8 4 7 10 12 11 
78 81 84 86 89 92 95 98 102 104 116 124 134 148 145 159 162 165 167 163 159 159 161 164 164 164 163 162 188 196 193 191 185 177 181 186 186 183 176 138 82 54 45 54 56 50 50 50 54 49 37 26 21 22 52 97 63 31 7 4 7 9 13 13 
79 83 80 83 91 94 97 101 101 78 104 124 136 165 153 186 186 195 198 193 173 171 178 191 190 188 181 161 189 196 194 193 174 150 182 190 188 184 176 146 118 82 76 79 70 61 53 49 52 50 45 38 34 37 70 99 63 29 5 4 6 7 9 10 
75 64 55 80 92 95 98 102 100 70 92 126 138 163 153 180 180 198 202 201 180 172 175 189 192 189 156 146 189 195 193 191 175 144 178 190 186 176 157 136 125 124 107 92 85 69 57 52 53 52 50 51 53 61 74 96 58 27 5 4 4 6 6 6 
87 71 82 100 100 102 104 108 104 71 101 129 139 153 125 157 171 183 182 183 176 176 178 181 177 155 141 160 184 188 185 183 173 138 167 180 179 165 141 139 136 133 145 119 86 66 59 56 56 58 54 58 75 74 72 93 52 30 8 5 6 6 6 6 
109 111 115 118 119 120 123 123 96 85 131 146 153 160 133 153 169 184 181 192 195 192 190 190 186 183 140 147 191 189 186 185 188 189 203 210 213 214 204 164 144 129 132 146 121 79 57 58 59 64 63 68 77 67 65 90 49 32 13 5 7 8 8 7 
91 94 96 99 101 105 108 111 102 92 121 138 153 180 173 194 197 205 209 214 216 219 220 204 216 220 208 207 224 223 225 215 188 225 239 239 237 234 213 161 138 119 106 133 140 114 83 64 60 64 63 63 46 45 41 89 65 36 17 5 6 8 9 9 
77 80 83 86 89 94 98 103 108 113 120 127 142 168 168 197 182 191 219 223 226 235 240 231 243 241 232 227 235 238 239 214 177 214 238 237 237 235 215 162 135 116 94 89 140 125 109 83 52 39 34 29 19 23 37 86 95 43 22 5 5 7 9 10 
77 80 82 80 83 95 98 102 106 111 118 124 139 165 165 189 170 196 212 215 222 226 227 224 224 207 196 179 193 194 193 187 193 207 216 222 229 231 215 148 118 113 91 57 119 129 116 79 33 25 22 20 22 36 56 88 111 54 23 6 6 7 8 9 
83 86 79 71 84 99 103 107 110 114 119 125 141 169 162 180 175 188 182 183 190 195 195 201 203 192 179 166 184 182 178 175 173 174 176 177 186 194 176 100 100 102 85 47 76 130 114 69 24 15 14 18 38 61 69 92 112 74 27 7 6 7 8 9 
89 92 90 77 89 105 109 114 118 122 126 131 145 170 161 175 179 182 176 178 182 189 186 187 190 194 164 143 187 189 182 179 177 175 174 172 165 160 135 93 106 95 80 45 47 106 106 58 19 12 12 31 61 74 84 96 112 99 36 8 4 5 6 7 
89 92 92 95 104 109 114 118 123 128 134 140 151 169 165 182 180 177 176 182 187 191 189 191 187 186 167 147 190 195 186 186 185 183 181 175 169 161 139 107 113 97 80 43 36 70 94 44 14 13 24 54 77 83 95 98 106 107 43 10 3 4 5 6 
90 92 95 99 103 108 113 109 110 110 131 144 152 160 164 172 174 176 180 175 192 199 199 199 197 198 194 173 194 195 187 188 190 190 190 189 184 174 156 132 120 102 82 45 32 46 68 28 12 15 35 66 84 87 104 107 102 111 50 12 4 5 6 6 
89 91 93 97 103 107 109 88 74 93 131 141 149 155 161 169 171 172 172 153 182 195 201 199 195 195 195 184 193 191 185 186 190 191 193 194 191 182 164 137 119 103 78 44 29 29 37 20 12 15 42 75 88 88 108 120 110 113 57 12 5 5 6 7 


7 7 9 9 10 12 12 13 15 16 18 18 19 20 21 22 24 24 27 28 28 29 30 30 32 32 32 33 32 32 34 35 35 35 34 35 35 34 33 32 31 31 30 52 22 5 4 4 2 1 2 1 1 2 2 2 2 3 3 2 2 1 1 0 
4 4 4 5 5 6 7 8 9 10 12 13 15 17 18 19 20 21 24 25 27 28 29 30 31 32 32 32 33 33 33 34 34 35 35 34 35 35 34 32 32 31 34 79 27 6 4 5 2 2 2 2 2 2 2 2 2 3 3 3 2 1 1 1 
4 4 3 4 2 3 3 4 4 5 6 8 9 11 13 14 16 17 18 20 21 23 25 26 28 28 29 29 29 28 29 29 29 30 29 29 30 31 31 29 29 28 44 107 28 6 3 4 2 2 2 2 2 2 2 2 3 3 3 3 1 1 2 10 
13 12 12 12 11 11 12 12 9 9 14 17 17 20 23 24 27 29 29 30 29 27 29 28 28 27 27 25 24 22 21 20 19 19 18 18 19 20 19 17 17 17 32 60 17 5 3 4 2 2 2 2 3 3 2 2 2 2 3 2 2 2 16 38 
19 16 16 17 16 18 20 20 17 18 25 30 32 37 48 57 63 69 71 72 58 48 68 64 57 53 50 47 43 39 29 23 21 22 21 20 18 17 17 17 17 18 20 20 9 4 3 4 2 2 2 2 2 2 2 1 1 1 3 2 6 19 36 52 
21 20 19 20 21 22 23 24 25 27 30 33 36 43 61 80 90 97 102 105 104 102 108 105 104 102 100 95 89 81 54 33 32 40 37 34 31 28 26 29 33 42 54 40 16 4 2 4 2 2 1 1 1 1 1 1 1 1 3 11 32 39 48 53 
28 20 23 24 24 24 25 27 28 30 33 37 42 51 74 95 105 114 120 123 124 126 125 122 122 120 119 115 106 97 79 62 53 48 43 40 39 38 39 40 43 68 102 83 25 4 2 5 2 3 2 1 1 2 1 0 1 4 27 46 48 50 56 56 
64 48 46 43 36 33 31 31 33 34 32 38 48 60 88 109 118 125 129 131 132 134 135 135 129 133 132 130 120 109 90 71 59 52 46 45 43 43 44 44 47 71 89 87 21 3 2 3 2 2 2 1 1 1 1 1 10 42 64 56 55 59 63 57 
40 37 35 41 41 41 39 37 39 41 37 37 55 72 116 137 140 148 152 154 154 153 153 147 109 122 139 134 129 115 95 76 62 49 47 47 46 46 46 47 56 77 86 78 19 5 2 2 2 1 1 1 1 2 5 24 56 66 64 60 61 64 66 56 
27 26 27 28 28 29 29 32 35 39 39 38 54 77 119 137 142 150 154 159 162 163 164 162 138 124 152 148 141 120 97 78 65 37 34 49 48 49 48 51 78 103 99 84 25 19 21 22 23 13 4 4 15 30 51 67 69 68 68 67 68 68 67 53 
25 25 27 27 27 27 29 33 36 40 46 53 63 81 102 116 124 107 87 126 142 144 146 144 145 144 148 142 134 116 98 79 68 50 37 48 52 51 52 58 91 97 55 51 44 44 44 43 47 49 34 33 50 68 73 76 76 75 70 71 72 71 68 51 
27 28 28 29 26 26 33 37 42 46 53 62 73 90 112 119 119 79 105 130 132 133 131 128 129 129 126 120 112 106 96 80 70 61 57 55 55 54 57 68 87 81 66 62 62 57 55 53 50 58 56 53 57 71 78 81 83 79 72 73 75 74 69 49 
32 32 32 33 31 34 36 40 45 49 55 62 72 96 165 146 152 167 170 168 164 158 150 142 138 132 124 107 85 82 90 82 72 65 60 59 59 61 64 85 68 52 79 79 76 70 65 62 53 61 64 59 58 72 81 84 86 81 75 75 76 75 65 44 
40 39 40 42 44 45 47 49 50 46 45 51 74 98 168 145 157 179 181 182 173 166 174 170 168 162 154 134 96 84 91 86 78 73 69 66 68 71 78 102 73 77 91 87 83 76 71 64 55 56 66 58 56 67 81 84 87 84 76 75 73 68 58 43 
49 50 50 51 48 47 51 57 60 42 38 69 91 103 129 124 131 145 150 151 133 141 149 145 153 151 148 134 107 105 105 96 88 84 80 78 80 84 98 118 116 119 99 92 88 81 75 65 58 52 66 58 53 60 77 83 85 83 75 73 64 58 53 40 
56 57 59 60 62 60 64 70 75 71 72 91 103 118 140 132 143 157 160 162 156 157 154 149 161 159 155 144 129 113 115 107 98 93 90 85 92 101 129 145 149 137 106 96 92 84 77 68 58 49 61 59 50 53 69 80 82 79 74 68 54 55 50 36 
57 52 58 65 68 71 75 80 84 89 95 104 111 123 141 143 147 156 158 161 164 162 152 153 163 160 158 158 150 136 133 124 115 89 65 64 99 119 147 153 157 148 111 99 95 88 79 72 59 48 52 60 46 46 58 74 78 75 70 60 51 55 47 33 
44 29 42 51 54 57 61 66 71 79 88 98 97 122 185 171 186 194 193 191 189 183 178 181 177 170 169 167 161 154 141 125 114 100 67 80 111 135 143 144 156 153 115 101 97 90 82 73 64 48 45 58 47 38 46 62 72 71 63 54 54 55 45 27 
57 54 60 64 65 67 70 73 77 84 92 104 113 139 217 188 221 231 232 231 232 232 230 228 223 219 201 137 111 94 55 42 39 45 52 68 79 80 51 57 77 102 102 100 99 92 83 73 64 54 40 51 50 35 34 47 60 62 56 55 56 53 40 20 
57 58 62 65 68 57 62 79 85 91 100 111 122 147 215 188 220 229 230 229 230 232 225 220 217 201 110 22 12 10 6 6 10 19 26 25 23 23 21 20 18 20 40 74 94 93 84 73 61 56 43 42 50 35 27 31 40 46 49 56 53 47 35 13 
43 44 46 49 51 49 51 61 68 77 88 101 117 151 198 182 211 219 212 207 200 153 104 92 73 47 15 5 6 6 6 6 8 19 26 26 21 22 22 20 16 9 9 25 56 85 85 75 62 51 48 35 43 35 24 20 29 42 46 52 49 46 31 8 
40 41 43 46 48 50 51 53 56 63 72 88 106 161 222 189 223 228 225 219 187 49 29 29 18 13 8 7 7 5 8 6 10 18 26 30 25 23 23 18 11 5 5 8 18 47 77 77 65 49 44 38 32 34 23 17 18 33 45 50 48 44 24 3 
35 41 45 47 48 50 50 50 55 62 70 85 103 162 221 189 226 231 231 231 220 114 45 43 27 17 11 10 13 7 9 12 12 17 27 34 32 31 20 14 9 7 6 6 8 14 36 59 64 52 41 34 32 28 19 13 11 21 45 54 49 41 18 2 
32 43 50 52 53 56 57 36 49 73 79 89 103 135 165 165 197 203 207 209 211 194 97 42 27 19 14 9 12 11 6 12 15 18 30 39 39 39 23 13 11 7 6 5 5 8 12 24 38 40 34 27 20 15 14 12 12 21 47 55 52 35 10 2 
60 59 59 59 58 60 61 56 66 76 80 87 76 84 103 141 157 161 165 168 170 165 150 82 25 23 23 9 7 8 8 13 19 22 32 40 48 42 19 11 12 8 6 6 9 9 7 11 15 12 12 14 14 16 13 14 16 30 51 54 47 26 5 2 
69 67 68 69 71 73 74 77 79 82 82 87 92 105 137 142 155 159 161 164 166 165 163 125 37 25 18 10 7 6 8 22 24 31 37 43 55 45 16 11 11 10 6 6 7 11 8 13 16 12 8 13 14 19 14 18 20 36 53 52 41 17 2 3 
77 78 79 80 82 84 87 90 93 97 101 103 115 133 150 151 162 165 166 167 169 169 170 148 61 31 28 18 14 21 15 21 35 50 45 44 56 36 12 10 12 12 10 7 6 6 13 17 11 8 7 11 11 18 17 21 22 39 50 50 37 10 2 2 
58 66 67 72 79 86 91 97 101 107 114 120 129 143 155 157 167 169 172 175 176 176 176 168 80 34 33 33 42 53 43 62 58 65 57 51 48 24 18 13 13 16 16 10 7 5 8 10 9 6 7 10 8 14 16 15 19 42 48 51 31 4 1 0 
46 47 49 50 54 60 68 76 83 93 104 116 128 146 161 164 168 169 174 179 180 179 178 176 89 34 34 29 54 61 60 76 70 63 58 42 37 21 17 14 20 17 14 14 13 7 6 6 8 7 6 8 8 16 18 11 23 48 51 48 23 1 1 1 
49 50 51 53 57 62 68 73 79 83 90 105 118 143 160 159 127 154 179 183 184 183 178 171 88 31 37 33 35 41 46 70 79 56 43 28 22 20 22 17 19 19 15 16 14 10 8 7 7 8 6 6 9 19 19 11 29 53 52 45 14 0 1 3 
48 49 51 53 57 62 67 70 66 59 77 103 116 146 166 175 171 179 206 203 192 185 161 142 72 35 41 38 31 33 36 68 67 58 39 25 22 26 21 21 21 19 18 18 11 11 10 5 4 4 3 5 10 15 16 10 38 64 50 28 3 1 2 3 
46 47 48 49 52 56 62 66 59 51 77 100 114 146 164 184 209 217 228 216 198 182 170 168 56 46 45 41 41 33 37 45 49 51 39 35 29 31 21 23 22 21 17 11 8 6 5 3 3 4 4 5 7 10 9 8 44 73 50 16 1 2 3 4 
47 48 49 50 54 57 63 65 57 59 72 101 116 159 162 190 225 229 234 216 200 200 191 141 64 66 60 46 37 38 41 40 53 43 38 36 34 29 25 22 18 14 12 6 3 2 1 1 1 2 5 9 7 5 4 7 47 72 52 21 1 2 4 6 
54 56 59 61 65 67 70 75 80 90 99 111 126 184 169 193 228 232 236 219 201 205 184 90 76 69 56 39 31 36 46 44 45 41 39 33 29 28 26 17 10 8 7 4 2 1 1 4 5 4 6 8 6 3 3 8 51 71 47 22 2 2 2 5 
68 70 73 74 78 81 85 88 95 105 114 125 139 203 179 193 229 235 238 220 206 211 136 79 76 90 88 73 48 43 55 52 36 36 38 34 31 25 17 12 7 6 5 4 3 3 3 9 9 6 4 4 2 3 4 10 54 73 49 22 2 1 2 3 
79 80 80 86 89 92 96 99 106 114 122 131 144 213 192 190 226 233 236 218 205 204 132 117 157 190 193 175 143 122 149 140 74 37 35 31 23 16 11 7 7 7 4 3 3 5 8 10 8 8 5 2 2 1 3 9 49 73 48 22 1 1 2 1 
74 68 50 68 85 89 92 96 101 109 117 103 110 197 196 183 213 225 228 214 206 205 201 203 203 194 164 169 180 177 184 181 157 89 39 24 16 10 6 6 9 7 5 4 5 10 12 7 5 5 2 1 0 2 1 8 44 66 48 19 1 1 0 0 
52 53 50 51 64 68 72 76 81 88 98 102 101 194 200 175 205 224 221 204 204 212 220 223 223 216 202 170 170 159 139 129 124 111 59 27 18 15 10 11 11 9 10 9 11 13 9 6 5 3 3 2 3 3 2 12 51 62 48 16 0 0 1 3 
45 46 48 49 52 55 59 64 69 75 85 97 119 211 202 173 202 226 226 189 208 227 235 237 238 235 227 175 162 134 106 96 89 86 63 31 23 18 13 14 12 13 15 16 15 10 6 6 4 2 3 1 3 3 3 15 59 61 44 10 0 1 2 5 
43 44 46 48 49 53 53 52 61 71 79 93 116 214 200 172 196 225 232 190 226 234 237 236 239 239 226 171 156 112 79 80 82 79 64 29 21 17 15 16 14 16 20 18 12 6 5 4 3 3 3 2 2 4 3 21 66 59 37 7 1 1 3 6 
45 45 47 49 51 55 52 49 60 73 81 93 115 210 193 180 185 215 227 196 234 233 233 233 238 232 216 163 152 114 79 79 89 87 72 33 18 14 17 18 17 19 22 16 8 6 7 3 4 6 4 3 3 2 3 26 70 58 38 9 1 2 5 5 
48 49 51 53 56 60 62 62 68 79 87 94 103 175 174 180 169 187 202 191 205 201 198 196 204 198 192 159 154 140 114 108 111 106 85 42 26 19 20 19 16 15 16 12 8 8 6 4 7 7 3 4 4 3 3 31 72 58 32 5 1 3 4 3 
61 63 64 65 66 68 68 74 81 86 93 100 110 181 173 196 165 180 208 196 193 186 187 183 183 181 177 144 148 143 133 124 118 113 100 57 38 24 20 17 14 13 12 13 11 8 7 9 8 4 2 3 4 2 3 40 75 53 22 1 1 2 2 2 
73 76 79 81 83 87 89 92 100 109 116 123 135 183 170 189 172 177 198 210 207 206 206 201 197 186 182 170 169 165 155 143 139 138 134 78 38 29 21 16 13 13 14 16 11 9 9 9 5 3 3 2 2 3 5 45 72 46 18 1 1 3 4 3 
55 58 61 64 67 71 75 79 86 94 103 115 136 204 185 199 193 180 193 199 204 205 207 208 205 206 202 176 172 159 146 138 133 130 125 92 45 33 28 23 20 16 14 14 8 7 7 8 6 4 3 3 3 5 7 45 64 42 17 1 2 3 5 4 
59 61 58 47 57 72 76 80 85 93 100 107 127 187 174 196 202 172 180 186 193 195 203 206 206 212 208 173 158 151 148 148 144 141 133 110 56 42 38 36 35 24 13 12 9 9 8 6 6 5 4 5 5 5 10 49 57 44 16 0 1 3 3 2 
61 63 46 44 68 75 78 81 85 90 96 101 118 185 157 193 203 158 153 158 181 173 177 182 183 197 196 124 108 148 156 153 153 154 152 137 74 43 39 40 36 28 20 15 13 9 6 5 6 6 6 6 5 5 17 69 69 45 15 0 1 2 3 2 
81 82 63 68 91 96 96 99 103 108 114 119 131 171 138 177 204 173 165 174 202 188 189 192 195 210 213 130 134 180 181 186 192 192 188 162 134 57 37 34 31 29 26 19 14 10 10 8 8 7 6 5 6 7 16 72 72 43 11 0 1 1 2 3 
97 99 95 97 104 107 112 116 123 128 135 140 145 142 129 125 160 172 172 173 178 179 186 188 188 208 221 194 201 222 218 212 210 206 193 173 179 101 43 31 31 31 26 19 14 17 19 15 11 12 10 6 9 10 14 71 68 39 7 1 1 2 3 4 
77 80 84 87 91 95 99 103 109 116 125 134 142 145 153 153 165 168 173 178 176 174 177 185 183 184 185 184 194 188 177 169 165 162 150 148 147 130 74 38 30 31 26 18 22 26 29 30 19 15 12 8 9 8 22 76 63 33 5 1 2 4 6 6 
65 68 71 74 77 81 85 88 91 98 107 116 125 127 136 146 151 156 161 163 164 166 165 168 166 166 164 162 177 177 169 163 160 155 147 154 152 147 125 67 41 36 26 23 30 30 37 38 31 22 16 12 8 10 36 84 60 30 5 1 3 7 9 9 
65 68 71 74 77 80 83 87 90 93 104 112 125 147 143 163 166 170 174 169 164 163 165 168 166 166 165 160 177 178 171 165 156 149 153 158 156 154 147 113 66 41 33 39 41 35 35 35 39 34 24 16 13 15 42 90 58 26 4 1 3 7 10 10 
67 69 68 72 79 82 85 89 89 67 93 112 129 173 157 201 200 210 215 207 177 174 180 190 188 185 177 159 177 179 173 168 144 118 153 161 159 155 145 110 93 67 62 63 54 46 39 36 39 37 31 25 23 25 56 91 57 24 2 1 2 5 7 8 
64 55 49 70 80 83 87 90 88 58 81 114 130 170 157 197 199 217 221 216 186 175 177 189 190 183 148 144 179 179 174 169 148 110 149 163 158 145 122 90 89 106 92 76 68 53 43 40 41 39 38 38 39 45 59 88 53 21 2 2 1 3 4 5 
76 64 74 88 88 90 94 96 90 57 90 117 132 156 123 167 176 193 191 191 180 178 179 181 175 151 138 159 177 176 170 165 153 110 143 157 155 141 111 108 114 118 133 106 72 51 44 42 42 43 40 44 58 57 58 85 47 23 5 2 2 3 4 3 
103 105 109 112 112 114 117 115 86 77 123 137 146 160 125 149 163 183 179 190 194 190 189 189 185 180 138 145 183 180 176 172 175 173 187 195 200 202 191 146 126 112 118 136 109 66 45 45 45 48 48 51 59 50 51 82 43 26 9 2 3 5 6 5 
85 87 90 93 96 99 102 104 92 84 114 132 149 188 177 203 204 205 206 212 215 218 220 201 215 218 208 207 223 221 221 205 172 212 229 228 226 222 197 140 116 96 84 122 130 104 71 52 46 50 49 48 34 33 31 80 60 30 14 2 2 5 6 7 
70 72 75 78 83 87 91 95 99 105 114 121 138 175 176 213 193 190 218 221 224 231 239 229 241 240 234 229 233 232 230 200 155 196 226 224 224 222 199 139 113 94 73 80 130 116 101 74 39 29 26 22 13 16 28 76 89 37 17 2 2 3 7 8 
70 72 73 72 76 87 90 93 98 103 111 118 136 174 175 208 185 200 213 215 222 223 225 222 222 208 202 185 189 184 178 167 171 185 197 203 212 218 200 123 95 92 71 52 110 119 108 74 25 17 15 13 15 28 46 77 104 49 18 2 2 4 7 7 
75 77 70 63 76 91 95 98 101 106 112 118 139 180 171 201 193 198 188 189 198 202 202 205 205 196 186 173 180 172 163 156 151 151 152 154 166 178 159 73 77 81 67 43 72 120 107 63 16 6 7 12 31 53 58 82 103 69 23 3 3 5 6 7 
81 84 81 70 83 97 101 106 110 115 121 125 143 181 169 190 194 190 181 183 187 197 192 191 192 196 170 149 182 180 169 162 158 155 153 150 142 138 112 66 83 75 62 41 46 98 99 51 13 6 7 24 55 67 74 86 103 94 31 5 1 2 3 6 
80 83 82 86 94 100 105 110 115 121 127 134 149 178 173 195 187 181 180 186 191 195 192 193 189 188 170 145 183 185 175 171 168 164 161 153 147 141 117 85 91 77 62 39 37 66 87 38 9 8 18 48 71 77 88 90 97 101 39 7 0 1 1 3 
79 82 85 89 93 98 103 100 101 102 124 138 149 160 164 174 175 178 184 179 195 201 201 201 199 199 196 176 191 188 177 176 175 174 173 171 167 157 139 115 102 85 66 41 32 43 61 21 7 9 30 61 79 82 97 98 92 104 47 9 2 2 2 2 
78 81 83 87 92 96 100 77 63 83 123 136 146 154 161 170 171 173 175 157 185 198 203 201 197 197 196 185 188 184 176 175 178 177 178 179 175 167 149 121 101 86 64 41 29 28 31 13 6 9 37 70 83 83 101 111 100 106 55 10 2 2 2 3 