


141 138 163 178 168 174 185 176 166 184 183 168 170 189 166 180 192 188 191 156 170 180 176 145 126 134 82 65 68 95 104 78 63 68 78 80 79 60 49 49 39 35 35 48 100 206 227 243 253 254 246 233 218 194 174 164 179 178 192 208 190 176 180 140 
133 149 190 182 189 192 185 172 186 190 175 170 193 182 156 189 178 189 167 145 170 181 175 136 149 145 97 80 86 101 101 84 80 86 77 72 72 62 54 49 40 38 39 50 79 171 231 223 230 243 250 250 248 228 207 191 178 170 162 144 142 143 142 131 
139 200 204 193 200 195 181 175 194 186 171 189 195 179 189 182 174 175 133 113 156 188 173 140 163 132 116 113 93 85 88 84 98 93 68 59 62 63 57 56 45 42 44 64 69 107 211 242 225 215 217 231 248 249 249 241 229 220 189 173 175 164 133 115 
186 204 189 203 210 203 181 186 196 178 185 207 190 186 195 176 175 151 110 81 132 208 171 165 156 119 108 97 79 114 96 69 76 80 54 42 50 53 60 55 48 48 52 64 56 87 188 245 251 244 228 211 208 211 226 229 225 219 220 229 226 193 138 126 
191 179 190 215 220 197 185 203 194 181 207 205 192 208 195 183 175 131 67 79 179 195 165 177 137 109 84 72 97 166 110 59 48 42 33 39 42 49 55 46 47 55 52 45 47 74 136 211 242 251 254 245 224 210 199 186 188 191 183 202 198 161 141 132 
197 185 187 206 191 179 203 210 191 202 213 194 210 215 194 200 171 106 42 86 186 162 171 158 122 100 92 95 153 191 156 87 51 41 40 42 45 48 47 43 45 44 39 43 45 51 76 141 235 237 246 252 253 250 242 218 192 172 157 160 161 144 131 135 
211 203 193 192 176 188 213 196 194 218 204 198 226 209 213 208 155 74 46 133 164 147 176 134 104 112 131 112 149 183 151 103 82 95 85 68 62 52 44 47 45 39 41 46 47 55 66 92 192 247 234 229 237 248 251 250 246 233 218 207 184 150 139 142 
214 210 212 195 183 197 192 182 212 217 199 221 225 211 224 190 121 48 89 173 159 155 158 124 112 134 145 82 99 146 115 104 113 142 117 102 96 75 54 56 47 48 52 56 57 63 68 75 119 223 250 246 236 222 216 235 235 225 229 243 216 194 190 171 
222 238 225 198 203 208 190 193 212 197 206 233 214 227 217 165 81 56 175 203 165 156 145 121 115 145 144 91 67 86 108 103 118 117 104 92 96 88 74 66 59 60 62 64 64 67 65 65 80 188 236 243 252 248 232 215 201 196 202 204 211 214 182 168 
247 246 219 212 237 220 199 218 221 208 226 216 215 237 201 133 54 118 232 200 173 138 122 105 92 97 94 78 59 58 78 75 80 69 70 70 70 69 67 62 58 59 56 57 57 57 55 55 72 130 213 236 231 236 248 249 244 231 202 180 172 156 149 158 
249 231 211 242 249 224 226 250 237 225 222 207 228 218 171 91 61 198 229 188 190 137 108 99 77 59 48 41 39 51 54 54 59 54 51 44 47 49 50 51 49 49 50 49 48 49 46 50 58 68 127 215 244 238 229 227 240 241 244 242 220 195 189 175 
227 205 229 253 240 223 249 253 242 248 247 225 212 182 132 60 122 235 206 194 176 125 92 87 74 52 44 39 34 39 39 49 54 53 48 39 46 48 46 47 45 44 42 43 41 43 42 43 43 44 56 142 222 242 250 237 214 207 218 224 218 223 234 222 
199 215 251 246 223 239 255 250 247 254 251 247 234 190 106 71 203 233 195 214 161 120 89 70 60 52 41 35 28 33 41 48 56 58 52 47 51 49 49 47 48 45 39 41 43 41 44 41 39 38 44 64 183 227 230 244 248 242 225 201 176 181 185 179 
164 235 248 226 228 253 253 246 253 254 254 254 236 175 78 114 207 187 198 208 143 109 81 55 46 42 36 32 30 36 41 43 55 56 53 49 55 55 55 51 54 55 52 50 55 52 54 50 50 49 48 39 99 198 236 228 216 224 239 243 237 226 188 147 
213 247 227 207 246 254 246 250 255 254 255 253 228 143 77 168 195 170 193 166 124 101 65 46 34 34 34 30 37 42 44 46 50 50 53 49 48 48 47 48 49 53 56 53 58 59 56 53 50 55 53 45 43 104 197 234 232 211 199 196 208 220 187 154 
248 236 207 212 253 247 245 254 254 254 255 250 211 105 115 205 187 177 187 147 105 100 71 55 46 36 36 31 41 47 51 46 44 42 38 37 38 35 35 32 36 42 47 53 57 60 57 51 45 49 48 43 37 47 144 194 204 229 242 230 203 183 163 164 
242 221 218 248 249 229 247 254 254 255 254 242 178 93 185 219 184 193 182 147 107 89 83 69 63 48 42 37 41 43 48 48 43 47 36 32 32 33 30 29 34 37 42 52 49 54 52 50 49 50 48 50 55 65 66 117 183 197 198 205 213 213 214 206 
235 219 241 253 243 241 254 253 254 255 252 232 131 136 237 220 195 205 175 152 108 78 78 83 75 54 44 37 39 38 39 47 56 51 43 36 35 38 36 36 42 48 49 60 57 60 65 59 69 57 59 62 67 66 53 59 97 141 182 187 167 167 169 175 
227 231 253 252 244 253 254 252 254 254 251 218 138 207 248 215 220 210 172 148 112 77 69 97 87 58 45 38 47 51 55 49 47 38 42 40 39 40 45 47 52 57 57 62 65 79 82 73 71 58 59 58 55 63 66 63 74 75 91 113 137 164 170 146 
228 248 254 250 250 255 253 254 255 253 247 218 198 247 243 221 237 205 180 141 100 66 63 103 91 55 41 52 64 57 51 47 31 31 43 55 67 67 64 56 56 60 53 59 70 74 76 88 63 53 61 66 70 77 76 83 95 100 93 74 84 87 95 100 
244 254 253 249 254 254 254 254 254 253 240 205 226 253 237 241 243 214 206 170 138 100 90 111 85 58 49 53 62 64 53 37 35 39 48 67 66 74 76 62 59 56 58 64 68 64 76 69 64 55 56 78 86 97 102 118 103 91 84 78 77 58 48 51 
254 254 250 252 255 254 255 255 254 253 212 192 249 251 239 252 241 229 211 175 177 161 134 115 79 51 51 53 56 72 60 52 45 48 50 55 59 81 68 52 48 40 36 51 58 65 62 61 70 66 74 82 79 84 99 85 62 57 55 55 52 42 35 35 
255 253 251 255 255 255 255 254 254 246 155 214 254 245 247 254 243 243 210 179 195 163 149 128 76 47 51 58 58 59 64 54 52 54 53 48 52 62 51 46 41 39 37 38 53 82 60 59 60 71 78 79 86 92 75 47 38 36 35 37 40 39 37 36 
254 253 255 255 254 255 255 254 254 221 165 247 252 242 253 252 250 247 209 193 194 151 162 154 104 57 49 57 49 46 53 48 53 60 66 59 48 42 41 35 33 38 48 59 72 88 77 77 70 73 72 72 88 72 48 34 33 37 40 37 35 34 33 36 
253 254 255 255 255 255 255 254 252 183 212 254 247 246 255 251 253 242 205 205 182 156 187 167 143 95 63 58 44 40 50 50 61 59 64 73 68 55 46 39 45 57 60 61 71 68 66 59 48 47 48 70 65 43 35 32 36 38 35 35 32 29 34 34 
252 254 255 254 255 255 254 254 235 176 246 253 243 252 254 251 253 231 204 208 171 175 203 188 150 121 88 73 56 43 56 62 68 61 54 51 45 50 49 53 45 40 37 33 48 46 49 37 30 28 55 91 43 30 41 54 37 33 40 44 41 45 47 33 
254 255 255 254 255 255 254 254 203 211 254 248 245 254 252 253 249 218 212 197 170 195 212 198 144 129 115 98 88 76 79 78 63 68 53 41 33 34 38 44 44 39 38 37 67 61 56 42 40 47 109 84 41 39 55 48 39 42 50 40 33 42 42 33 
255 255 254 255 255 254 254 244 188 244 254 244 251 254 252 254 239 210 215 185 180 208 216 195 139 131 131 122 109 100 95 82 56 58 53 37 36 33 36 40 43 39 38 43 70 86 67 50 50 82 130 68 57 71 75 77 57 36 48 51 43 48 51 49 
255 254 254 255 255 254 255 220 212 254 251 245 255 253 253 251 224 214 209 179 196 214 218 191 133 121 121 136 101 100 118 87 57 51 56 41 46 44 46 48 52 57 53 53 66 107 80 61 57 103 115 58 85 98 98 65 66 59 51 55 54 70 118 173 
254 253 254 255 254 254 250 201 241 254 246 250 255 252 254 243 211 219 196 183 207 219 220 203 142 105 102 133 114 87 88 86 71 67 85 85 93 102 104 114 109 96 79 66 68 101 98 70 62 118 91 83 118 104 77 81 69 98 130 140 153 209 246 254 
247 251 255 254 252 254 232 211 253 252 244 254 254 252 253 228 211 215 187 195 213 222 220 213 157 101 92 121 103 89 92 100 122 128 132 140 148 155 150 145 136 118 102 90 88 82 114 90 77 145 80 123 103 97 84 62 104 230 237 207 223 252 255 255 
239 254 254 249 252 253 209 237 255 248 249 255 253 254 248 211 218 203 185 205 217 223 220 216 179 111 92 102 104 115 135 153 153 144 142 155 170 170 157 143 138 135 121 104 97 89 108 116 107 144 107 118 115 110 67 66 82 168 217 202 195 223 244 251 
245 255 250 243 254 239 209 252 253 244 253 254 252 254 234 205 216 192 192 210 220 222 220 217 205 143 94 111 139 143 135 118 118 135 147 144 158 159 124 102 92 94 95 99 99 105 116 170 199 190 154 127 133 104 81 62 62 67 82 102 124 150 174 186 
254 253 241 246 253 216 231 255 248 246 255 253 254 249 213 208 207 193 203 213 217 216 214 212 208 183 124 125 124 120 100 84 97 136 168 158 137 112 89 81 77 76 66 70 84 151 200 229 236 222 199 168 133 91 66 61 64 59 66 83 105 134 149 149 
254 247 237 252 246 211 250 253 241 252 255 252 254 238 193 179 161 163 175 182 185 187 185 184 181 169 139 119 103 97 85 84 100 135 151 127 116 108 95 86 58 56 83 86 93 170 217 224 214 183 177 173 170 147 114 86 91 111 122 126 132 137 140 142 
227 208 228 244 227 235 254 248 241 255 254 252 252 219 203 200 146 112 118 133 138 144 140 143 147 141 119 121 121 97 81 84 96 114 122 136 155 154 119 85 74 46 63 100 100 133 161 149 135 133 122 118 145 161 156 152 148 134 123 109 116 124 128 130 
205 189 212 198 193 243 243 230 247 255 252 253 245 199 211 196 180 162 107 84 88 101 109 112 115 114 103 104 122 101 88 94 101 116 114 120 144 141 125 111 101 86 89 97 126 169 161 138 133 125 111 95 98 112 124 138 161 142 115 96 97 106 110 113 
211 218 228 195 195 222 203 199 242 233 233 248 221 194 208 184 186 199 186 122 74 61 64 75 82 85 84 86 100 96 89 93 95 99 92 112 154 160 128 95 96 105 111 121 136 133 122 121 115 105 98 84 72 107 156 154 152 154 113 90 75 80 85 88 
204 243 238 195 229 242 220 220 233 209 216 215 181 202 195 177 191 201 212 198 125 65 52 51 57 71 79 72 82 80 74 74 75 81 90 112 123 124 105 85 78 85 90 90 91 89 90 96 93 89 78 68 76 123 154 159 151 140 84 57 47 54 65 75 
223 250 225 204 253 252 237 250 252 244 242 213 179 205 181 177 192 203 210 209 174 94 59 55 61 73 68 69 71 63 59 66 69 78 87 105 121 108 89 75 72 81 78 77 73 71 70 69 67 61 65 77 92 101 123 137 145 123 90 91 88 79 87 97 
247 248 212 232 254 246 243 255 253 252 250 209 192 195 172 182 192 204 205 205 201 165 93 64 63 66 64 61 66 69 73 72 71 75 84 105 120 114 107 101 89 78 69 70 74 76 61 45 43 51 66 79 76 85 111 130 129 112 111 112 105 89 86 94 
253 240 209 250 253 241 250 254 252 253 241 189 199 181 169 183 191 202 202 201 200 193 138 84 71 70 74 72 75 75 78 69 63 66 83 112 130 133 134 134 102 79 82 94 82 54 36 39 45 50 58 64 74 95 122 129 115 112 117 116 108 92 78 81 
228 210 222 250 244 238 254 253 250 252 219 185 194 176 175 181 194 199 198 197 197 194 162 106 83 81 77 63 64 78 92 79 70 73 85 90 123 159 168 146 100 77 92 81 45 25 29 65 60 48 56 65 76 103 130 116 109 114 106 104 101 84 59 55 
232 205 243 242 217 237 252 242 243 239 191 189 180 165 175 180 194 195 194 193 193 190 169 126 94 83 75 66 75 99 104 84 64 59 55 76 113 127 125 120 107 104 98 76 66 49 27 60 56 43 49 64 84 98 101 108 85 79 86 83 74 82 87 86 
209 208 252 240 222 250 248 231 234 204 173 187 167 159 172 181 190 189 189 189 187 185 176 139 112 92 83 76 89 112 119 90 56 47 52 60 69 86 120 153 174 168 122 84 65 64 39 57 55 45 56 72 85 85 85 84 99 91 95 107 115 119 116 107 
179 227 241 211 222 251 233 222 223 174 160 167 153 158 165 181 185 185 185 184 182 181 177 158 130 96 89 88 89 125 126 90 63 49 43 46 49 69 119 149 157 143 144 114 87 61 44 68 55 58 68 76 79 94 100 100 114 123 110 111 115 117 118 115 
167 227 207 182 227 229 198 202 186 150 167 156 139 157 164 178 179 181 180 179 178 176 173 167 136 106 83 90 90 117 153 123 86 69 54 50 52 57 73 79 93 102 133 136 88 63 70 66 58 70 77 71 80 97 100 106 105 111 116 106 103 107 109 106 
175 197 171 170 209 186 165 175 150 145 164 141 139 156 167 174 174 175 174 174 173 171 168 165 150 115 85 92 87 140 180 121 102 100 84 70 60 55 69 63 65 76 101 104 84 79 69 61 65 78 77 62 77 91 93 94 90 88 92 97 93 88 87 89 
184 170 147 172 183 155 146 147 126 153 151 129 141 152 167 170 170 170 169 168 167 165 163 159 153 124 102 108 122 167 112 76 75 114 138 102 68 64 77 70 70 70 77 70 55 64 74 71 71 77 72 71 84 94 104 102 100 98 86 88 96 103 107 109 
177 153 141 178 165 139 139 128 124 155 135 122 142 151 163 164 164 164 164 163 161 159 156 153 148 135 121 130 176 128 97 82 66 80 133 107 70 58 71 62 66 60 68 90 79 57 60 65 68 75 74 78 84 88 88 95 94 98 81 83 98 103 105 109 
162 139 150 174 149 131 130 115 132 146 121 122 139 151 157 159 159 158 158 156 154 151 149 146 142 143 142 176 145 111 114 109 91 69 87 93 70 46 50 45 39 42 51 65 71 59 48 51 62 73 77 85 84 83 81 82 90 86 81 78 79 84 91 92 
148 131 164 162 134 126 119 110 141 132 111 126 136 150 151 153 154 153 151 150 148 145 143 141 137 146 154 147 120 115 112 116 107 82 71 69 55 36 33 35 31 41 45 45 48 51 49 51 60 72 90 97 94 92 89 85 88 98 93 85 81 80 80 82 
134 134 169 148 124 121 109 115 138 117 108 126 136 146 145 146 146 146 144 143 141 139 136 132 133 142 143 132 123 118 112 94 90 84 61 52 34 19 22 28 32 42 46 44 43 48 53 58 73 91 102 104 100 96 93 90 91 92 101 98 87 86 85 84 
122 149 162 133 118 115 103 125 129 107 112 124 137 141 140 140 141 140 139 137 135 132 130 128 137 141 155 148 129 113 101 86 84 86 71 63 49 31 31 36 36 39 46 49 48 52 54 67 95 105 106 106 102 99 95 93 93 91 91 98 95 88 88 88 
122 164 149 121 115 106 101 129 116 102 114 120 133 135 135 135 135 133 133 132 130 128 125 130 136 164 164 158 127 114 97 84 89 82 73 69 63 58 55 54 56 54 52 55 56 49 53 71 104 107 106 106 102 96 94 85 92 94 93 92 92 91 89 90 
140 165 135 115 112 99 108 125 105 101 113 121 131 130 128 130 129 129 128 126 124 122 120 131 142 186 143 135 116 108 98 89 84 75 69 66 62 57 54 50 50 49 42 41 43 38 34 62 106 106 104 103 102 99 94 91 96 96 94 92 91 91 89 90 
166 156 123 112 107 94 117 116 97 104 109 123 127 126 125 126 125 125 124 122 118 117 117 128 143 194 134 107 100 96 91 83 76 71 67 63 59 56 51 48 45 42 36 33 33 31 28 65 103 102 103 103 103 102 100 99 98 96 94 92 90 89 90 88 
173 143 114 110 99 96 121 105 93 104 108 120 122 122 120 121 120 119 117 116 114 112 110 118 148 176 129 98 93 87 82 77 72 69 66 62 59 54 49 46 44 41 34 32 31 30 27 49 95 100 100 100 100 99 98 97 96 96 94 92 91 91 90 88 
161 129 109 105 91 103 113 95 94 101 109 115 116 115 115 115 116 114 113 112 110 106 104 103 104 104 95 90 87 82 77 74 70 66 63 60 56 52 49 45 42 39 33 32 31 29 25 28 63 93 98 99 99 99 99 98 97 95 96 94 93 92 90 89 
144 117 105 95 87 110 104 89 98 98 109 112 113 111 110 110 109 108 107 106 104 103 100 98 94 92 89 85 83 79 75 71 69 65 61 58 55 50 47 44 42 38 34 31 31 28 24 23 33 56 73 83 88 94 96 97 96 95 95 94 93 91 92 90 
129 108 97 86 92 109 94 87 97 98 107 108 107 107 105 106 105 104 103 102 100 97 95 94 91 89 85 82 80 75 72 70 67 64 59 56 53 50 47 42 39 37 33 31 29 27 23 22 30 20 13 19 25 35 44 55 65 73 79 85 88 89 90 90 
115 100 89 80 99 102 87 89 92 98 103 102 103 102 101 102 101 101 100 97 96 93 91 89 88 85 81 80 77 73 70 68 65 61 57 54 51 48 46 42 39 35 32 31 29 27 22 22 29 15 5 5 5 5 5 6 9 14 21 30 37 44 56 65 
102 90 82 82 102 94 82 90 89 98 98 98 99 97 98 97 96 96 95 92 90 90 88 86 85 82 79 76 74 71 68 66 62 59 56 52 50 48 45 42 39 34 32 30 29 26 22 23 29 12 5 5 5 5 4 4 5 5 5 6 6 8 11 12 
89 82 76 88 100 87 82 87 89 96 95 94 94 95 93 93 93 92 92 90 87 86 84 83 81 79 76 73 70 69 66 64 60 58 54 51 49 47 43 41 38 33 31 30 28 24 21 23 26 11 5 5 5 4 4 4 4 5 4 4 4 5 6 5 


140 139 164 178 166 174 188 177 167 188 185 168 170 190 165 178 191 184 188 150 155 164 169 142 118 124 72 53 54 85 97 73 60 63 73 73 70 54 45 45 38 35 36 45 89 192 212 233 252 252 234 218 193 165 148 139 155 154 170 189 169 155 159 119 
135 151 191 181 184 193 187 172 189 193 175 174 196 183 156 190 178 186 164 133 153 168 173 133 140 139 91 72 77 95 96 78 77 82 71 68 65 56 49 45 38 37 39 46 67 157 220 206 220 237 246 245 238 206 182 163 151 144 136 120 117 118 120 109 
140 200 203 189 199 197 181 177 198 187 172 193 197 180 190 183 173 175 129 102 139 179 170 135 158 126 108 106 86 81 85 81 94 88 66 57 57 57 52 51 42 39 41 56 59 95 203 234 209 199 199 217 242 243 239 226 212 199 163 149 148 134 105 93 
187 205 184 199 210 204 182 193 197 177 188 209 191 190 197 176 176 150 106 78 126 203 167 161 152 113 102 92 75 108 93 68 74 76 53 42 48 49 56 50 44 43 48 56 50 78 174 236 248 238 214 191 190 195 215 218 210 201 200 211 207 168 111 103 
191 177 186 216 220 195 190 206 193 182 210 205 193 211 195 182 175 128 66 77 174 192 160 171 131 102 78 68 91 156 102 57 49 42 34 38 42 47 51 44 44 50 49 42 43 68 123 199 230 248 253 237 208 191 176 160 166 170 160 182 177 137 117 108 
194 181 189 208 191 181 208 210 190 205 214 193 212 216 193 200 169 103 45 86 185 160 165 151 113 91 83 87 143 181 144 79 48 39 39 40 42 45 45 41 44 41 38 39 41 48 67 130 226 224 240 248 251 245 228 193 166 145 132 136 138 121 108 111 
206 201 196 190 176 193 214 194 197 220 204 199 227 207 210 206 152 73 48 133 164 145 172 126 95 101 120 105 142 173 140 93 72 84 77 60 54 47 42 42 41 37 39 42 43 50 59 80 184 242 218 210 223 242 246 243 235 215 198 186 158 122 113 115 
211 210 211 191 188 201 191 183 215 217 197 221 225 207 223 187 118 51 88 172 157 152 155 115 102 123 135 78 96 138 105 94 102 129 104 90 85 66 47 48 41 43 47 49 50 56 61 66 107 213 246 240 221 203 200 226 225 209 213 232 194 168 166 142 
220 235 221 199 207 206 187 198 213 195 206 233 211 222 214 161 81 56 170 200 159 149 136 111 106 133 133 83 64 83 101 93 107 107 94 82 85 77 63 56 51 52 54 56 55 59 58 59 72 173 221 235 250 240 218 196 177 170 183 186 193 197 160 145 
245 243 217 214 234 216 200 219 217 206 227 214 210 234 197 130 56 113 228 197 166 128 110 95 83 90 88 73 57 56 73 67 70 62 65 63 62 60 58 53 50 51 50 51 51 51 50 51 64 118 202 222 219 229 245 245 234 212 178 157 148 130 124 134 
248 227 213 242 245 222 228 248 233 225 222 203 225 215 167 91 62 192 227 183 182 128 98 88 69 55 46 41 40 50 52 49 52 49 48 43 43 43 43 44 42 42 44 44 44 44 43 46 52 61 112 204 238 228 213 212 233 231 232 231 200 168 164 146 
223 204 231 252 237 224 249 251 240 247 243 222 210 179 128 61 119 232 204 187 169 115 84 78 67 50 43 39 35 40 39 44 48 47 44 37 41 42 40 41 40 39 39 40 38 40 40 40 40 42 51 130 209 239 246 223 193 185 201 211 202 204 219 199 
195 216 250 244 222 240 254 248 247 254 248 243 230 184 104 70 197 232 190 207 152 109 82 66 57 50 41 36 29 33 40 43 49 50 44 42 44 42 43 41 42 39 36 37 38 37 40 39 37 37 41 60 171 215 220 237 241 230 205 176 150 157 162 154 
160 233 245 224 229 253 253 247 254 254 252 252 232 170 78 109 206 186 191 203 136 101 76 54 45 42 38 33 31 36 41 41 50 47 44 42 46 46 47 44 45 45 43 42 46 43 46 43 41 42 41 37 93 187 224 211 197 210 234 233 219 205 161 120 
209 244 223 205 246 254 246 250 255 254 254 252 223 140 75 162 194 165 188 159 114 94 63 46 35 36 36 32 38 42 43 43 45 42 45 42 41 41 41 42 42 44 47 45 48 48 46 44 42 45 44 41 41 95 182 223 217 191 178 173 189 203 162 127 
246 233 204 208 252 244 244 254 254 254 255 248 206 104 111 202 185 171 181 137 96 92 68 53 45 37 38 33 42 45 48 44 41 39 37 36 35 34 35 33 35 38 43 46 48 50 47 42 39 42 41 40 35 46 129 173 186 212 229 209 177 160 137 139 
240 218 218 248 248 225 246 254 252 255 254 239 175 92 179 216 180 187 175 137 98 82 78 64 60 47 44 37 41 43 48 47 42 45 36 32 32 32 30 29 35 36 39 45 44 46 43 42 43 43 43 45 49 61 60 104 159 173 179 189 194 192 190 181 
231 219 241 252 239 240 254 251 252 255 250 227 131 131 233 217 189 200 168 143 98 72 74 76 70 53 45 37 40 39 40 46 52 49 42 36 35 37 35 35 40 43 43 52 49 51 55 51 60 49 53 56 60 58 48 53 81 123 161 166 143 143 144 150 
224 233 253 249 242 253 254 250 254 253 248 213 131 201 246 211 213 204 166 139 103 72 66 87 80 56 45 39 46 50 53 47 45 39 41 38 37 39 42 43 45 49 49 51 53 65 68 62 60 50 53 51 48 54 57 54 61 61 77 97 117 141 146 120 
229 248 254 247 250 255 252 253 255 251 245 208 187 245 241 216 232 199 173 131 90 63 59 94 84 54 42 52 60 56 51 46 33 32 42 50 58 59 56 49 48 51 45 49 59 62 65 77 54 48 53 57 59 66 64 70 81 89 80 62 68 72 77 78 
245 255 252 248 254 255 253 255 254 251 237 193 220 253 233 237 238 208 200 159 124 91 81 101 79 57 49 51 59 59 52 38 35 38 46 61 58 65 66 54 50 48 49 52 54 54 67 60 58 49 48 66 73 84 88 105 90 78 70 65 65 49 40 41 
254 254 248 252 255 254 255 255 253 253 208 184 248 250 234 251 237 223 204 163 154 139 121 105 72 51 49 51 56 67 58 51 43 45 47 50 52 71 60 48 44 37 34 44 48 58 57 54 61 55 59 66 65 71 87 74 51 47 46 46 45 38 34 33 
254 251 250 255 255 254 255 254 253 246 155 210 254 242 244 253 239 238 203 164 165 132 126 116 70 47 49 55 57 58 61 52 49 50 50 46 47 56 48 45 41 37 36 36 48 76 53 53 50 59 62 64 71 78 65 42 35 33 33 35 37 36 35 34 
254 251 254 255 254 255 255 253 254 223 162 246 252 238 252 251 247 243 201 172 162 117 135 138 95 54 49 56 50 47 53 48 50 54 58 53 45 42 41 36 35 37 46 52 64 77 66 64 57 60 57 59 77 64 44 32 32 35 37 34 34 32 32 34 
252 253 255 255 254 255 254 253 252 183 208 255 245 244 255 249 252 238 192 179 148 121 163 148 130 86 60 57 46 41 50 49 57 54 57 62 58 50 42 38 43 51 55 55 65 61 60 52 42 40 41 65 59 40 33 31 35 36 34 33 31 28 33 33 
251 254 255 254 254 255 253 254 236 173 245 253 240 252 253 249 252 225 185 178 135 144 179 163 137 111 81 68 54 43 54 57 62 56 50 48 43 47 46 49 44 38 37 33 48 44 48 38 29 28 53 86 42 30 41 51 34 31 37 42 40 44 45 33 
254 255 255 254 255 254 253 254 204 207 255 247 243 254 250 251 246 207 187 166 134 169 185 171 130 120 106 87 78 67 70 68 56 61 49 41 35 35 39 44 43 38 38 38 66 58 54 41 39 46 104 76 38 39 51 44 36 39 45 38 32 38 38 31 
255 254 254 255 255 253 254 245 185 242 254 241 250 254 249 253 234 194 188 152 149 184 187 171 127 122 123 112 98 88 85 73 52 56 51 37 36 34 38 40 42 39 39 42 71 82 63 48 47 78 123 61 51 64 69 71 51 34 43 46 40 43 44 44 
255 253 253 255 254 253 255 220 208 254 249 242 254 252 251 249 215 192 178 145 170 190 189 168 123 113 114 127 93 91 107 80 55 51 57 42 46 43 45 47 51 56 51 50 63 101 74 57 53 99 106 53 78 90 90 59 59 51 45 48 46 61 108 163 
253 250 254 255 252 253 251 198 239 254 243 249 254 250 253 240 198 192 163 150 185 191 190 178 131 99 97 124 104 81 82 80 68 66 82 82 86 94 95 104 99 87 71 60 61 95 92 64 57 114 81 78 108 94 67 70 59 85 107 104 117 192 243 252 
244 250 255 253 250 254 233 207 253 251 241 254 253 251 252 222 191 185 153 167 191 193 190 184 141 95 88 113 94 82 86 94 117 120 123 131 136 141 134 128 119 103 87 77 75 72 107 81 71 139 72 115 93 87 74 51 91 213 185 146 179 244 254 254 
235 253 254 247 250 252 208 235 255 245 247 255 250 253 245 200 191 171 151 182 192 193 191 187 157 102 87 97 97 107 126 143 142 133 132 143 157 155 141 127 122 119 104 87 78 71 96 104 98 131 97 105 105 99 56 55 67 145 170 137 128 174 221 237 
243 255 249 240 253 238 206 252 252 241 253 254 250 253 229 186 189 159 163 190 194 193 190 187 177 128 88 103 130 132 122 105 105 122 135 132 144 142 108 87 78 78 80 83 82 88 98 160 190 177 140 112 119 89 66 50 47 50 61 75 84 91 109 128 
254 253 237 244 252 213 229 254 245 244 255 252 252 248 204 187 181 165 183 196 197 194 189 185 180 160 114 114 111 107 88 74 86 122 154 144 122 96 76 69 65 64 59 63 73 140 188 218 226 210 182 145 108 73 49 45 45 41 44 54 70 87 95 92 
254 246 233 251 244 207 249 253 237 250 254 250 253 234 181 164 144 143 157 164 166 167 166 163 161 149 123 107 90 84 72 72 87 120 136 113 103 95 86 78 53 49 72 77 85 161 207 213 202 169 161 151 141 118 86 61 57 66 68 72 82 85 84 85 
227 204 224 242 222 232 255 246 239 254 252 251 251 212 181 174 129 101 104 116 119 123 122 123 128 122 99 106 109 85 68 72 83 99 108 126 143 138 102 76 71 46 54 83 88 122 146 134 119 117 103 91 111 128 119 111 100 77 63 56 63 67 69 70 
203 184 209 194 186 240 242 226 246 254 250 253 241 186 184 164 149 147 98 77 79 88 93 94 97 96 85 89 109 88 75 82 89 104 102 109 129 124 104 89 84 74 74 82 112 153 142 120 115 107 92 72 60 71 91 99 117 88 56 45 47 50 54 55 
207 213 226 191 189 220 198 192 239 230 229 246 215 173 179 151 158 178 164 111 71 60 61 67 71 72 71 74 88 86 79 82 84 90 82 102 139 142 109 76 77 86 92 104 119 116 106 104 98 90 84 69 50 75 125 117 110 110 61 42 34 37 38 38 
197 239 234 191 226 242 217 215 230 204 207 208 167 175 165 144 167 176 181 170 115 65 53 51 56 67 73 66 74 71 66 65 66 74 82 101 109 108 89 71 65 72 77 76 76 75 78 83 81 77 65 56 58 97 122 123 111 99 48 28 22 23 27 30 
217 248 221 199 253 251 233 249 252 241 239 207 161 175 150 146 171 175 177 176 154 89 59 55 60 70 64 64 65 59 57 62 65 73 81 95 107 94 76 65 63 69 65 64 62 62 62 62 60 56 58 66 75 80 94 102 106 80 44 42 40 35 40 46 
245 246 207 229 254 244 239 254 252 249 249 201 167 164 139 154 169 174 174 174 171 146 89 62 61 63 63 60 64 65 68 67 66 70 78 95 106 100 93 87 76 64 56 58 64 66 54 44 43 50 60 70 65 70 85 95 87 61 52 52 48 38 36 42 
252 236 205 250 253 237 248 254 249 252 238 176 170 149 136 160 166 171 171 170 169 164 127 80 67 68 72 68 69 70 73 66 61 64 77 102 117 118 118 118 84 63 67 80 71 46 34 38 45 49 54 58 61 77 94 93 67 58 60 58 50 40 33 35 
222 203 218 249 240 234 254 252 246 250 213 163 163 143 147 162 165 167 167 166 166 164 147 102 80 78 73 59 61 72 85 72 65 68 77 81 112 145 151 129 83 63 75 66 43 26 29 58 54 47 52 56 61 82 100 73 67 73 59 58 60 47 31 27 
228 199 240 238 209 232 251 237 237 235 180 162 149 132 151 158 163 163 162 162 161 160 151 122 92 79 73 63 70 90 94 77 62 57 55 71 103 115 112 107 95 92 80 64 66 50 28 53 51 42 45 53 64 73 68 75 53 52 60 55 45 48 49 44 
205 204 251 236 216 248 246 224 226 195 154 158 135 127 152 156 160 159 159 158 156 155 152 132 110 87 78 70 81 102 109 82 54 47 51 57 64 77 109 141 163 154 106 74 65 64 37 50 49 42 47 55 64 61 58 57 74 57 54 59 67 68 64 55 
175 222 237 204 216 249 227 215 216 165 137 137 120 131 144 153 155 155 155 154 152 151 148 141 125 92 83 80 81 114 114 80 58 47 42 45 46 63 107 136 147 132 132 103 84 60 41 59 47 48 53 57 58 66 63 50 67 82 61 61 65 66 66 64 
162 223 203 175 223 225 191 195 179 136 142 126 107 135 141 150 151 151 150 149 147 145 142 141 127 103 78 83 83 106 139 109 76 61 50 46 48 52 64 70 84 91 121 123 78 55 61 57 48 55 58 52 57 62 57 56 53 66 78 61 57 62 64 62 
173 196 166 163 206 182 158 168 140 126 136 111 111 137 142 147 146 145 144 143 141 139 137 134 130 109 80 84 81 129 162 103 88 89 76 63 53 50 62 56 57 67 90 90 71 67 59 52 52 60 58 47 53 59 55 57 53 55 66 69 60 51 50 55 
185 169 141 169 183 151 140 139 114 129 124 100 119 133 139 141 141 140 139 138 137 134 131 128 127 112 92 98 113 148 92 62 62 101 128 92 60 58 70 62 63 62 68 63 51 57 62 58 57 59 54 57 67 76 87 87 86 85 65 55 56 57 58 58 
178 151 135 178 164 134 133 120 109 129 109 97 123 128 134 135 134 133 133 132 130 128 124 121 120 119 111 120 151 99 81 69 55 68 121 96 61 50 64 55 59 55 62 82 71 52 52 53 53 58 57 64 69 73 73 81 80 84 56 44 58 60 58 61 
164 135 145 175 147 125 124 105 113 119 96 101 121 126 129 129 129 128 128 126 124 122 119 116 113 122 129 147 106 86 94 91 74 56 73 79 60 41 47 42 37 41 47 59 63 52 43 42 49 57 61 68 65 66 64 66 76 71 65 54 52 56 62 61 
147 126 163 163 132 121 112 98 118 107 88 108 117 123 123 124 124 123 121 120 118 117 114 110 107 123 132 104 90 94 92 96 87 66 56 55 45 32 33 35 31 39 42 41 44 44 42 42 49 60 73 77 75 73 72 68 73 84 79 69 64 64 64 65 
130 130 171 147 120 116 101 99 115 94 87 110 113 117 117 118 118 117 116 115 113 111 108 104 105 119 108 98 96 94 91 75 71 64 45 38 30 20 22 28 32 39 42 41 40 43 45 48 60 74 82 82 80 78 75 74 75 75 86 83 71 70 69 68 
118 149 165 132 114 108 93 105 106 85 93 106 111 113 112 112 113 112 111 109 107 104 102 101 115 112 120 119 103 87 77 66 61 62 52 47 42 30 30 36 37 39 43 44 43 46 46 55 76 83 84 84 82 81 78 77 77 75 75 83 79 73 73 72 
119 166 151 118 110 99 90 108 95 79 99 101 107 108 108 108 107 106 105 104 102 100 98 105 114 131 134 126 98 85 73 60 62 60 54 54 51 49 47 49 52 50 46 49 48 42 45 58 82 85 84 85 82 79 81 77 80 78 77 76 78 76 73 74 
140 169 135 110 106 91 93 103 84 81 99 100 104 104 102 103 102 102 101 99 98 96 95 110 116 154 115 103 85 77 69 63 61 56 53 50 48 44 41 39 40 39 36 35 36 33 30 53 86 86 86 85 84 82 81 81 82 79 79 77 76 76 76 75 
168 159 122 108 101 85 97 93 76 89 94 98 100 100 99 99 98 98 97 95 92 91 92 110 112 155 101 78 73 71 68 63 58 55 52 48 46 43 40 37 35 33 32 30 30 28 25 53 85 84 85 85 85 85 84 83 81 81 80 78 77 76 76 74 
176 144 113 106 92 83 98 85 74 92 90 96 96 96 94 94 94 94 91 90 88 87 86 98 123 145 103 77 72 67 62 58 55 53 50 47 44 42 40 38 35 33 31 30 28 26 23 41 78 82 82 83 84 83 83 82 81 81 79 78 77 78 77 75 
163 129 107 100 83 88 92 76 80 89 89 91 92 91 91 90 90 88 88 87 85 82 81 79 82 82 74 68 65 62 59 57 54 53 50 46 43 42 39 38 35 33 31 29 27 25 23 25 52 77 81 82 82 83 83 83 82 81 80 80 79 79 78 75 
146 116 102 90 79 91 86 71 87 84 87 89 90 88 87 87 86 85 84 83 81 80 78 76 74 71 68 65 62 60 58 55 52 50 48 45 43 41 39 36 34 33 31 29 26 24 22 22 30 49 62 70 74 79 81 82 81 81 81 80 80 78 79 77 
131 107 95 81 81 90 77 72 86 81 86 86 85 85 84 83 82 81 80 79 78 76 74 72 71 69 66 62 60 58 56 54 51 49 47 44 42 39 38 36 34 32 30 29 26 24 23 22 27 20 14 18 23 31 38 49 57 64 70 74 77 76 77 76 
115 99 86 74 84 85 70 78 80 80 83 82 81 81 80 79 78 78 77 76 75 73 70 68 67 65 62 60 59 56 54 52 50 48 45 43 41 38 36 35 33 31 30 28 25 24 22 22 27 16 7 7 7 7 7 8 10 15 21 28 34 41 51 57 
101 89 77 73 85 78 67 81 75 79 79 79 79 78 78 77 76 75 73 72 71 69 67 66 64 62 60 58 57 55 52 50 48 46 44 42 40 38 37 34 33 31 30 28 25 23 22 22 27 14 7 7 7 7 6 6 7 7 7 8 9 10 13 14 
90 80 72 76 83 71 69 79 74 76 76 76 75 75 74 74 73 72 71 69 67 66 64 64 62 60 58 57 55 53 50 48 47 44 43 41 39 38 37 34 32 31 29 27 24 22 22 23 26 13 7 7 7 6 6 6 7 7 6 5 7 7 8 8 


126 136 162 164 150 174 182 158 158 187 169 152 166 175 144 167 174 168 171 125 127 138 152 126 99 101 51 31 34 73 89 63 50 55 63 63 60 39 28 28 21 18 19 28 63 172 190 215 249 249 222 204 170 137 119 108 123 123 141 165 139 128 136 102 
129 154 183 163 177 188 171 155 189 182 156 171 189 163 140 178 159 169 140 103 121 142 158 115 120 118 70 53 62 84 86 69 70 75 61 57 54 40 30 25 18 18 19 27 44 132 204 181 201 226 239 235 227 184 157 134 120 113 105 90 88 89 95 85 
146 198 186 178 196 187 162 175 195 169 161 194 183 166 183 167 157 155 102 74 107 162 157 119 141 109 93 92 76 71 77 72 87 82 55 42 42 42 34 33 22 19 22 33 36 70 185 225 192 176 176 196 231 232 223 213 196 178 139 123 119 104 80 75 
187 188 168 197 206 188 172 195 184 161 189 201 175 187 186 158 161 126 81 61 112 192 153 148 138 99 91 81 65 101 85 59 64 67 40 28 30 32 41 32 22 21 29 34 29 56 149 221 243 233 202 169 166 171 194 201 189 182 181 192 184 144 88 82 
176 157 182 216 208 180 194 201 176 177 208 190 186 207 180 167 156 101 43 63 166 180 146 159 117 90 68 57 83 151 95 48 39 31 20 21 23 30 37 24 23 32 30 20 21 42 97 179 214 241 252 229 193 170 150 131 138 143 130 153 147 113 96 86 
176 170 191 197 170 178 208 195 178 208 203 179 211 203 176 186 147 76 26 76 175 148 153 139 102 81 75 79 138 176 139 71 37 27 25 25 25 28 29 22 24 23 19 18 18 27 49 108 212 208 229 242 247 241 215 169 142 119 104 108 110 95 84 86 
193 199 190 172 164 199 202 177 199 216 188 194 220 191 196 190 128 50 36 126 153 133 161 115 86 94 114 98 135 166 133 83 63 74 65 47 40 31 23 24 21 18 18 19 21 30 41 60 165 233 200 187 203 231 236 232 222 195 177 165 133 96 88 88 
206 207 197 174 191 194 171 177 218 203 185 219 211 191 210 167 92 35 79 164 145 140 143 105 94 117 130 71 89 132 97 84 92 120 95 81 75 53 30 30 22 23 27 31 32 39 45 51 89 198 239 233 205 182 178 210 209 187 194 219 175 143 143 119 
220 226 205 194 208 191 171 202 203 179 203 223 195 210 199 137 59 47 162 189 146 138 126 101 98 127 128 77 57 75 92 82 97 98 84 72 75 66 50 42 34 34 37 40 40 44 42 43 57 152 202 223 246 234 206 175 151 144 159 161 170 174 138 123 
242 230 207 218 224 198 197 218 203 197 223 197 193 221 177 103 40 105 220 185 155 118 101 85 73 79 79 64 49 48 62 54 56 48 52 51 49 46 43 37 32 33 32 33 33 33 32 34 45 94 182 206 202 215 238 237 222 193 154 131 123 101 97 110 
239 214 214 242 232 212 231 240 221 224 209 184 211 198 142 67 51 185 217 171 171 118 88 78 58 42 33 28 28 40 40 34 37 32 35 30 26 24 24 24 22 23 25 25 24 24 23 26 32 41 86 185 229 215 193 189 219 214 216 215 181 143 140 123 
205 199 235 247 224 225 250 244 235 245 230 207 195 155 98 45 109 223 191 174 157 105 74 68 58 40 30 25 23 29 26 27 32 31 28 23 25 22 21 21 20 20 20 21 21 21 21 21 21 23 31 106 189 230 239 207 170 160 179 191 179 178 198 176 
181 221 248 231 215 242 253 242 247 252 237 232 214 161 78 59 188 222 177 195 140 99 71 55 48 39 29 24 18 22 27 26 32 33 26 23 26 24 25 22 21 21 19 19 19 19 21 20 20 19 20 37 144 198 205 224 230 213 184 151 123 130 136 128 
149 232 234 211 231 252 249 243 253 251 246 246 215 142 58 99 196 172 177 190 123 90 64 43 35 32 27 22 20 27 29 26 33 30 27 23 27 28 29 25 26 27 25 23 27 25 28 23 21 22 20 17 68 164 206 191 175 189 220 220 200 182 135 96 
207 234 206 199 247 250 239 249 254 250 253 246 202 111 61 152 183 149 173 145 102 82 51 34 24 25 25 21 27 32 32 27 26 24 27 23 22 24 24 24 22 24 28 26 30 31 27 23 20 26 25 20 20 69 158 204 198 169 154 148 165 181 137 103 
239 217 189 202 249 233 240 254 250 251 254 236 176 80 99 192 170 155 165 123 85 81 56 42 35 26 27 23 32 37 37 29 25 23 22 21 19 20 21 18 17 21 23 27 29 33 28 21 20 24 23 21 16 27 105 147 162 190 210 188 153 134 112 114 
226 205 219 246 237 211 243 251 245 254 249 218 143 75 169 205 164 172 157 123 87 71 67 53 49 37 33 27 31 35 37 34 28 32 24 20 19 20 18 17 21 21 23 29 27 28 25 24 28 28 26 28 33 47 39 76 131 147 155 168 172 169 165 158 
215 216 244 244 225 235 252 242 247 253 239 200 105 118 223 204 173 184 149 126 85 61 62 65 59 43 35 28 31 31 31 36 40 37 30 25 22 25 23 22 24 25 28 36 32 36 40 36 46 33 38 41 47 43 31 33 57 99 137 144 119 114 116 124 
214 237 251 238 235 252 249 240 252 248 233 186 111 192 237 197 199 188 147 121 88 61 54 76 69 46 37 30 37 41 43 37 35 27 29 27 26 27 28 27 27 31 33 35 36 52 56 49 46 35 38 35 31 38 42 38 47 46 59 78 93 116 123 97 
232 251 250 239 249 254 244 249 254 241 231 183 172 241 232 202 218 181 154 113 76 50 47 83 73 42 32 41 50 46 41 36 21 20 29 37 46 45 41 31 30 34 27 32 43 49 52 65 41 34 38 41 44 52 50 57 71 79 70 48 54 55 56 56 
249 254 246 245 253 252 247 254 250 242 221 173 211 250 222 225 224 190 180 137 104 77 69 89 68 46 38 40 47 48 41 29 24 27 32 48 45 52 53 38 34 32 32 35 38 38 54 45 43 33 32 52 59 71 76 96 80 67 58 52 53 37 24 22 
254 250 242 251 254 250 252 254 245 246 190 169 245 244 222 245 223 204 183 135 126 115 103 92 61 40 38 39 43 55 46 39 31 34 35 38 37 58 48 35 30 24 21 29 32 45 43 38 46 39 45 52 50 56 74 62 36 30 29 29 31 27 22 20 
253 243 247 255 253 252 255 251 246 241 138 203 253 232 236 249 224 220 179 135 135 96 96 99 58 35 37 42 44 48 49 39 36 38 38 31 30 41 36 33 29 26 26 25 36 65 37 37 34 44 49 49 58 66 52 28 21 19 17 19 24 23 20 21 
249 245 254 254 250 254 254 247 250 213 149 243 247 226 250 245 235 229 175 142 130 74 102 119 79 42 37 43 40 38 42 35 36 39 45 39 31 29 31 26 24 26 34 40 52 65 52 51 43 46 43 44 66 49 28 19 20 23 25 22 22 20 20 23 
245 251 255 252 251 255 252 246 249 171 199 253 236 236 253 238 245 220 163 148 111 78 136 126 112 72 47 45 36 33 37 34 42 38 41 49 44 36 30 26 29 37 40 43 53 49 46 38 29 25 24 50 45 26 19 21 25 25 22 20 19 17 22 23 
248 254 255 251 254 255 247 250 230 160 241 250 228 248 248 238 245 202 154 144 92 105 153 138 119 95 67 55 43 33 40 41 47 40 34 35 31 35 33 37 32 26 25 23 39 35 38 28 19 17 43 78 30 18 29 42 25 20 26 32 32 34 35 24 
253 254 253 252 255 252 248 252 193 198 253 240 234 253 241 245 232 179 155 127 87 138 158 146 113 106 91 72 63 53 56 54 40 47 33 29 24 26 30 34 34 30 28 29 57 48 44 31 28 36 96 66 26 28 41 33 26 30 33 28 23 27 26 22 
255 254 251 254 254 249 251 241 174 239 251 230 246 251 239 247 212 162 153 106 105 157 159 146 111 110 109 97 84 76 72 60 37 42 37 25 25 23 27 30 32 29 28 33 60 71 53 36 35 68 114 48 38 52 57 61 40 24 30 35 29 31 33 34 
255 249 250 255 252 247 253 212 199 253 243 232 253 244 243 238 187 158 140 96 135 162 159 144 108 100 101 112 79 79 96 67 42 40 45 31 35 34 36 38 39 44 39 39 51 90 62 43 42 89 96 38 66 79 80 47 49 40 33 34 34 47 97 156 
249 242 253 254 246 250 247 187 235 252 232 244 253 239 248 221 166 159 120 104 156 162 160 152 114 87 85 112 92 67 68 67 56 54 72 71 75 84 85 93 87 75 59 48 49 84 80 51 45 104 69 66 99 83 54 59 46 72 95 93 108 188 242 251 
232 244 255 249 240 253 225 198 252 246 230 252 248 241 244 197 158 150 105 129 164 164 160 156 122 83 76 102 81 68 72 81 105 109 112 119 123 128 121 114 105 88 73 63 62 60 95 67 59 129 59 105 82 76 61 36 79 207 178 140 175 244 254 253 
224 252 252 236 244 248 197 230 254 235 240 254 241 247 230 171 159 130 103 152 165 164 161 157 134 89 75 85 83 92 112 130 129 121 119 130 144 142 127 111 107 104 88 71 63 57 83 91 87 122 85 94 96 88 42 40 55 137 163 129 122 170 219 235 
239 253 240 227 249 229 196 250 248 229 250 251 240 247 208 157 154 113 120 165 166 165 161 158 150 110 74 89 115 117 107 89 88 107 122 120 130 127 92 71 64 63 63 66 66 72 84 150 183 169 129 100 109 78 55 35 31 35 46 59 71 80 100 120 
253 249 224 236 246 201 223 253 235 235 254 244 245 236 182 160 149 129 156 176 175 171 166 159 154 138 97 98 96 93 72 58 70 108 140 130 108 83 61 53 51 51 45 49 61 130 181 211 221 203 173 135 97 62 34 30 30 25 27 39 56 75 83 82 
252 237 220 248 235 196 248 249 223 246 252 240 248 217 159 145 126 122 139 146 148 149 149 143 140 129 105 90 75 70 58 56 70 105 122 98 89 81 67 55 37 36 59 64 73 152 201 207 195 161 151 141 132 108 74 48 42 52 55 62 73 75 74 76 
219 187 213 234 209 224 254 237 227 254 247 242 241 188 151 143 104 86 90 100 100 104 105 104 108 102 80 89 91 68 53 55 65 83 92 113 131 126 86 56 54 31 39 65 74 112 135 120 105 102 90 79 103 121 109 100 89 66 54 46 55 60 61 63 
189 165 193 171 171 235 235 211 240 253 240 246 226 159 152 124 104 125 85 67 68 74 77 77 79 78 66 70 91 72 60 65 73 89 87 97 118 112 91 74 67 56 56 64 97 138 126 102 98 91 78 60 48 62 84 91 108 81 48 34 36 41 45 48 
190 199 211 170 175 207 178 172 227 215 211 234 192 144 144 106 118 153 140 94 62 51 51 54 56 55 55 59 74 72 65 68 70 77 70 89 125 127 93 60 61 69 74 88 103 99 87 85 82 76 70 58 40 67 117 109 103 103 53 33 26 28 27 29 
180 230 219 174 219 234 199 200 212 178 180 177 137 143 126 96 136 152 153 144 99 56 44 41 45 53 59 52 60 57 51 50 52 62 70 88 95 95 75 57 51 57 62 64 64 63 65 68 67 66 55 46 50 89 113 115 106 95 40 19 14 15 18 23 
205 240 204 187 251 245 220 245 246 226 222 182 132 143 107 102 146 150 150 149 133 77 50 44 48 58 52 51 53 48 45 50 53 62 70 83 94 82 65 54 51 58 57 58 57 56 54 52 50 48 51 58 66 70 83 93 103 77 36 34 32 26 29 35 
240 236 192 223 253 233 230 254 246 239 238 179 137 128 92 120 146 147 146 146 145 125 76 50 48 51 52 50 54 54 56 55 55 59 66 84 96 90 82 75 64 59 55 57 62 63 49 36 35 41 50 61 56 60 77 88 82 56 47 48 42 29 26 31 
249 224 193 248 249 223 244 253 238 244 221 150 139 109 91 133 142 144 143 142 141 139 111 68 56 57 61 56 58 58 62 55 53 55 67 91 106 108 107 104 73 58 66 80 69 41 26 30 32 36 42 49 53 70 90 89 63 55 57 54 46 33 25 27 
212 187 209 245 231 223 253 247 233 239 192 136 130 101 110 138 140 140 139 138 138 136 128 90 68 66 62 47 50 62 75 61 53 57 67 72 103 134 139 116 73 56 70 62 40 21 19 47 38 34 41 49 55 76 97 71 64 70 56 54 55 41 23 18 
215 186 235 228 193 223 246 226 223 219 157 133 113 87 122 134 138 138 137 135 134 132 130 109 80 67 61 51 59 80 85 68 53 49 48 64 95 105 103 98 87 83 74 56 54 39 17 41 38 32 38 48 61 69 65 72 49 47 55 50 38 39 39 35 
193 196 246 224 202 244 236 207 207 174 128 127 97 86 128 132 134 133 133 132 130 127 127 118 98 75 66 59 70 92 99 74 47 41 44 50 56 68 100 133 155 147 98 65 52 57 26 40 41 34 43 52 62 58 54 53 67 51 47 53 61 62 57 50 
161 217 228 189 205 242 212 197 196 142 110 106 85 101 122 129 130 129 129 128 125 123 121 122 113 80 71 69 70 104 105 70 48 39 35 37 39 54 99 128 139 124 124 95 73 51 30 50 40 44 52 55 55 63 60 50 67 79 57 57 61 62 63 62 
151 217 190 159 215 212 172 174 156 111 114 94 69 111 118 124 124 125 124 123 121 118 115 116 113 92 67 72 71 96 129 98 64 51 41 39 41 43 54 59 75 82 114 116 70 46 53 51 43 54 59 50 54 61 57 59 57 67 77 60 55 60 62 60 
167 188 151 149 198 163 136 142 114 101 109 78 78 117 117 120 119 119 118 118 116 112 110 107 111 96 67 73 70 118 149 89 76 78 67 55 47 43 54 46 47 56 81 82 64 60 53 47 50 61 59 45 52 58 55 57 51 52 61 64 55 46 43 48 
182 160 125 160 173 130 116 111 90 104 95 66 94 113 114 114 115 114 112 112 111 107 104 102 104 99 81 88 102 134 79 52 52 92 121 85 54 52 63 53 53 52 58 54 42 50 56 56 56 60 56 56 63 70 81 80 79 76 57 49 48 50 51 52 
174 139 120 173 151 113 108 93 86 103 80 65 103 106 109 109 108 108 106 106 104 102 99 97 96 103 100 109 136 84 71 59 45 59 114 92 56 43 57 47 51 46 54 73 66 47 48 51 52 58 57 58 56 61 60 70 69 74 46 36 53 55 53 57 
156 119 136 170 131 104 98 82 90 94 66 74 103 103 105 104 104 103 102 101 99 97 94 92 90 104 118 129 87 78 86 82 66 48 64 75 57 35 40 34 28 31 38 50 56 47 38 37 46 56 57 55 49 50 49 52 64 58 51 42 43 50 56 57 
136 110 158 154 114 99 87 76 95 82 57 88 98 99 99 99 99 98 97 96 94 92 90 88 86 106 116 83 76 85 82 85 79 57 48 48 39 25 25 26 19 28 34 35 37 38 36 37 46 56 59 57 56 56 56 52 58 71 66 55 52 50 49 52 
116 120 168 136 101 93 78 79 92 67 59 93 94 96 95 94 94 93 94 92 91 89 87 82 85 101 88 82 85 87 83 67 63 57 37 30 22 11 15 19 22 30 34 34 33 36 39 43 52 60 62 61 59 59 59 57 56 59 73 71 59 56 55 54 
103 144 159 118 95 86 73 85 83 57 72 91 91 92 90 90 91 90 89 87 86 83 81 79 97 93 101 103 92 79 72 61 56 56 43 37 35 23 21 26 28 31 35 38 37 39 37 43 57 62 62 63 61 61 60 60 59 58 58 69 65 59 60 59 
107 164 142 103 90 78 71 87 73 53 83 86 87 87 87 86 86 84 84 83 82 81 78 85 99 110 117 109 86 77 70 56 56 54 45 44 39 36 32 37 43 42 35 40 38 30 30 41 61 63 63 64 62 60 64 62 63 60 59 60 62 61 59 60 
134 165 124 94 85 71 74 82 61 59 85 83 84 84 82 82 81 80 79 79 79 77 76 96 103 132 100 88 73 70 64 56 52 45 39 36 32 27 23 20 23 25 19 19 22 19 17 35 66 64 65 64 63 62 62 64 66 61 61 60 60 60 60 61 
166 152 109 91 80 67 78 73 52 72 82 80 80 80 80 79 78 78 77 76 75 73 77 100 96 127 85 68 64 62 58 52 46 42 38 33 29 26 23 19 18 18 15 14 13 14 14 37 65 63 63 64 66 66 65 63 63 62 62 62 60 59 60 61 
174 134 98 88 73 68 81 64 51 79 77 78 79 79 77 77 75 74 74 73 71 71 71 87 112 127 89 66 62 56 51 47 43 40 36 31 28 25 23 20 19 18 16 15 13 14 13 26 60 62 62 62 64 64 64 63 62 62 62 62 61 61 61 61 
158 117 92 81 67 72 75 54 60 78 75 75 75 75 75 73 73 71 70 71 69 66 65 64 69 71 61 56 54 51 47 44 41 38 34 31 28 26 24 21 20 21 17 15 14 14 13 14 37 58 61 63 64 65 65 64 64 64 63 63 62 62 62 61 
137 102 85 72 64 76 68 49 74 73 73 73 73 72 72 71 70 68 68 67 66 64 62 61 59 57 56 54 51 49 45 42 39 37 33 29 27 27 23 22 23 21 18 16 14 14 14 12 15 34 47 55 58 62 63 64 65 65 65 64 64 62 62 61 
118 92 78 64 67 75 58 51 76 70 72 71 69 69 69 67 66 65 64 63 63 62 60 58 57 56 54 51 49 45 42 40 38 35 32 28 26 26 24 24 23 21 18 16 15 14 14 13 14 9 7 11 16 23 29 38 45 51 56 60 63 61 62 63 
102 84 68 60 71 70 50 62 70 68 69 67 67 67 65 65 64 63 62 61 61 60 59 57 57 54 51 49 47 44 41 38 36 33 31 29 27 27 26 25 23 20 17 16 15 15 14 13 14 7 2 2 2 2 2 3 5 9 13 21 27 32 40 48 
88 73 62 61 72 62 47 69 65 66 68 66 65 64 64 63 62 61 60 59 58 58 56 56 54 51 49 46 44 42 39 36 33 32 29 28 27 26 26 25 23 20 18 16 16 15 14 14 15 5 2 2 2 2 2 2 2 2 2 3 3 4 6 8 
75 65 58 65 68 53 51 68 64 65 65 64 63 63 62 61 61 58 58 59 58 57 54 53 51 49 47 44 42 40 38 35 32 31 29 29 27 26 24 25 23 19 17 16 16 15 13 14 14 5 2 3 2 1 1 2 2 2 2 2 2 2 3 3 