


62 61 55 73 85 86 72 49 57 62 52 51 99 144 155 155 159 157 149 153 151 144 132 142 166 162 166 161 172 181 162 144 152 157 159 152 138 138 140 157 168 168 173 169 150 141 155 166 156 155 158 154 155 165 171 163 163 166 171 175 172 165 163 163 
87 78 65 75 86 72 56 62 75 74 64 59 98 142 156 155 164 159 152 166 152 147 138 142 169 160 165 165 174 175 156 143 145 165 165 155 144 141 136 151 166 172 174 172 171 158 160 172 173 163 157 162 167 169 168 163 170 182 187 184 181 176 174 173 
105 85 74 69 57 62 81 89 83 85 81 64 91 137 152 152 158 160 160 176 148 144 142 145 165 156 153 149 169 177 163 148 152 159 170 162 147 146 148 155 172 175 176 187 183 167 161 162 159 153 157 171 180 181 173 162 168 179 179 169 163 168 176 177 
102 104 98 82 81 104 117 105 87 84 73 53 89 139 154 152 158 160 154 152 147 147 146 155 168 159 158 158 168 189 166 155 154 154 173 167 169 181 162 155 164 175 170 166 166 164 157 160 154 137 150 166 171 187 192 172 160 167 175 165 152 151 163 168 
134 150 132 115 115 124 120 106 88 82 84 81 101 141 155 153 159 162 153 145 143 158 164 160 166 156 158 156 154 173 166 157 163 165 162 154 160 177 164 163 160 160 157 153 172 171 166 167 166 149 158 164 169 197 201 180 155 157 171 173 163 154 157 162 
161 172 160 132 115 122 117 97 84 87 93 87 105 144 155 152 156 160 151 149 151 156 160 156 150 148 151 153 151 154 164 162 151 167 164 159 178 162 158 167 166 164 163 150 165 157 158 165 165 161 165 163 176 205 198 190 176 172 176 176 168 161 162 168 
171 170 157 127 115 112 94 69 61 84 96 87 102 143 158 154 154 165 165 157 153 145 143 153 157 151 152 158 157 154 160 167 162 168 165 156 157 147 154 157 176 170 153 153 162 157 156 155 157 160 167 176 174 186 196 201 200 198 200 200 189 172 169 178 
161 148 129 110 106 88 62 56 76 100 118 112 107 138 157 154 153 162 161 154 151 143 137 151 165 158 149 153 162 179 169 169 167 174 158 158 148 144 147 154 176 169 157 166 166 155 157 153 151 159 173 181 173 177 189 192 194 194 197 204 205 189 174 172 
128 130 126 123 120 88 62 69 86 102 119 114 105 139 155 150 152 165 159 148 149 140 134 154 166 159 153 155 163 170 174 182 176 165 161 160 163 160 158 165 171 184 175 174 175 167 163 163 164 168 181 182 171 164 177 187 181 174 178 181 187 191 182 175 
112 125 133 131 130 105 84 89 94 104 122 122 119 146 156 153 158 166 158 154 153 144 138 157 165 155 151 153 158 162 171 180 172 160 166 168 168 163 171 147 167 185 174 185 192 182 180 176 180 192 197 190 169 159 167 171 168 163 164 169 179 187 187 184 
116 127 140 128 109 97 89 98 106 107 124 137 138 153 160 153 158 164 156 148 153 150 148 159 159 157 159 160 164 171 165 171 171 172 169 172 161 167 180 170 177 176 176 172 175 178 172 159 167 183 178 171 159 166 171 178 177 178 173 167 172 180 184 185 
126 127 134 126 109 112 115 108 108 110 122 132 134 155 161 153 158 161 154 145 158 158 152 158 161 158 165 165 163 169 160 171 174 186 182 172 173 165 183 183 175 174 179 168 179 178 168 162 158 155 163 164 154 161 175 187 187 183 179 172 173 183 186 182 
152 133 123 124 128 136 127 103 95 101 114 119 124 154 162 160 162 164 161 150 151 150 148 161 165 161 164 166 155 161 154 159 167 176 164 167 181 169 165 155 151 168 182 194 183 164 162 191 177 165 177 172 167 165 179 194 194 186 178 170 167 172 177 174 
170 157 143 146 149 137 117 100 101 109 108 98 111 153 167 166 162 165 167 152 151 151 148 164 167 161 175 164 166 162 150 155 158 168 167 156 158 158 167 159 161 164 165 171 169 163 183 210 190 173 174 173 178 178 195 212 209 194 179 166 157 160 167 172 
158 154 148 150 154 142 129 122 128 131 111 86 105 152 161 156 156 163 171 155 146 146 148 159 166 172 169 159 162 158 152 153 160 170 162 156 158 170 174 173 177 177 163 173 190 191 183 167 167 169 161 158 164 182 207 222 213 196 182 172 168 170 173 178 
151 138 131 131 135 145 143 133 138 151 132 103 108 147 159 157 156 161 168 155 143 140 150 162 161 171 164 161 162 166 159 158 156 172 188 185 189 197 195 183 174 171 180 182 181 186 175 162 167 167 168 172 188 194 207 217 209 196 186 181 178 176 174 175 
160 144 135 121 119 145 157 135 118 124 118 102 102 138 158 157 156 163 164 151 148 149 154 169 163 162 172 159 161 153 146 150 168 187 194 175 171 178 188 179 170 163 187 170 164 175 170 163 161 171 186 189 195 202 208 210 197 188 183 179 178 174 172 173 
174 164 140 123 131 149 149 120 102 103 99 95 99 137 160 156 160 163 163 153 147 150 156 174 171 170 172 150 153 158 148 156 173 183 180 159 154 161 178 180 169 167 195 177 165 169 178 160 142 158 178 180 192 202 211 211 196 182 180 183 183 177 172 174 
168 172 144 122 133 145 132 114 111 105 95 87 98 140 161 160 161 163 166 157 150 146 154 163 159 160 160 149 148 156 156 160 177 179 164 146 151 169 177 179 197 187 174 178 172 174 181 157 146 159 168 166 181 198 205 203 197 184 178 181 181 174 170 173 
131 142 135 112 107 121 118 104 105 105 95 84 98 139 165 168 168 170 163 161 161 153 171 175 161 164 170 163 152 155 164 160 174 171 166 151 146 188 194 188 197 196 185 178 159 172 169 165 172 163 164 179 191 208 212 208 201 184 173 175 174 170 170 173 
131 126 122 120 109 102 109 105 105 115 113 103 103 138 162 162 169 171 168 167 170 158 210 165 137 174 169 153 148 131 153 169 170 170 156 150 153 188 197 188 195 189 183 182 168 168 169 171 181 179 180 189 193 211 228 229 210 183 169 169 173 175 178 179 
129 127 121 121 122 106 103 104 105 119 127 119 112 141 159 156 160 172 175 172 166 159 216 149 133 151 150 151 148 136 125 137 158 160 161 165 165 176 183 189 183 174 182 191 189 172 161 164 173 182 183 177 176 197 223 227 205 182 168 167 178 188 191 183 
118 123 127 120 116 116 111 96 84 96 108 107 110 142 164 161 160 173 175 160 160 160 166 166 166 151 149 140 144 147 142 145 165 168 165 175 171 188 191 193 182 175 179 183 186 173 159 170 183 188 182 177 177 178 201 212 190 174 166 165 180 190 192 184 
118 134 148 148 124 110 114 105 91 91 92 83 85 132 166 179 162 170 181 155 158 166 163 167 167 161 165 164 166 168 156 178 170 180 179 190 179 189 187 195 189 173 168 167 174 172 177 193 200 192 185 193 199 184 192 211 192 172 176 177 180 182 184 180 
117 137 147 153 132 96 86 83 84 92 94 80 72 128 167 184 164 163 171 154 151 158 158 166 170 171 166 168 177 218 163 154 152 162 174 183 185 184 188 181 174 181 169 156 166 175 191 195 201 197 200 204 201 185 185 206 201 191 193 187 177 172 174 175 
117 141 152 155 146 116 105 106 100 99 102 88 76 132 158 158 150 133 154 155 153 154 163 170 180 171 164 162 166 184 156 153 156 165 178 168 168 178 192 182 192 191 178 161 180 170 166 174 197 203 201 200 193 185 188 199 200 202 198 183 169 164 172 181 
107 135 164 170 155 134 133 130 120 118 117 109 107 141 141 134 148 148 163 204 163 155 175 187 185 166 158 157 202 199 156 152 154 156 163 166 179 172 185 216 217 200 192 192 179 170 179 180 179 177 174 180 182 187 197 203 195 197 195 180 164 159 174 187 
99 113 147 170 163 141 139 134 125 122 117 118 117 138 157 172 176 162 188 201 122 161 222 202 171 172 161 155 194 163 157 160 169 152 177 187 187 183 193 217 192 182 178 202 195 178 180 177 172 170 170 178 180 188 193 197 191 190 187 175 164 167 182 191 
94 103 128 147 155 147 141 142 126 108 91 85 109 144 172 225 226 172 156 153 155 169 199 165 163 170 158 155 191 167 150 147 169 165 174 190 178 185 197 192 177 169 187 189 186 176 169 175 173 168 169 177 183 190 185 184 188 184 176 170 171 176 185 192 
97 94 101 113 130 129 129 141 138 119 99 88 103 139 169 233 238 145 138 165 163 156 158 170 182 168 152 154 208 156 136 159 172 161 156 175 190 180 180 181 181 185 190 188 185 176 167 174 165 158 162 173 190 199 189 178 179 181 180 181 182 179 179 186 
106 104 107 111 109 97 117 142 156 147 123 109 104 136 175 234 210 145 145 179 133 112 151 169 177 146 144 156 202 171 138 145 163 170 169 187 187 181 171 170 173 186 194 179 182 174 170 169 154 155 167 179 184 185 181 182 184 181 181 182 178 169 163 170 
95 96 113 123 116 111 132 144 136 144 165 113 105 140 169 184 175 159 153 175 157 147 154 166 170 138 146 154 164 166 161 164 164 171 198 211 183 184 181 180 173 168 181 173 171 176 176 170 157 161 168 173 178 172 164 174 186 188 187 181 172 160 154 163 
92 95 118 134 132 122 117 112 89 93 203 108 104 136 161 168 171 169 168 167 169 179 140 155 164 170 160 157 172 202 165 167 168 178 196 188 166 191 186 188 180 166 177 169 169 181 180 178 170 174 173 176 182 176 171 168 173 183 186 183 177 167 159 169 
100 107 137 147 125 93 71 63 48 43 146 167 97 126 155 168 175 172 169 163 159 144 160 163 170 166 169 175 188 202 124 165 161 155 183 183 166 185 185 186 180 174 183 170 172 183 184 190 186 184 185 187 186 181 179 172 173 185 184 178 177 174 165 168 
97 95 130 155 127 85 64 54 41 33 46 91 82 122 153 162 172 174 172 193 162 142 159 169 176 161 151 161 166 183 162 147 145 143 153 187 167 170 186 180 180 181 167 157 162 158 151 176 188 186 187 180 175 176 183 183 183 189 187 175 168 168 167 170 
88 85 128 168 146 102 70 50 37 31 35 50 79 130 154 160 171 166 160 173 197 152 154 160 177 165 156 146 152 170 160 150 144 156 160 176 161 162 171 184 191 183 169 166 165 153 162 185 193 195 190 166 163 173 183 184 183 191 192 180 169 171 179 183 
86 84 107 138 130 114 105 85 52 36 37 48 81 132 152 155 167 169 199 196 213 161 142 164 173 164 149 149 142 153 153 131 128 149 171 170 171 178 178 185 193 177 165 179 183 186 195 194 199 196 177 158 159 171 184 190 191 194 194 189 178 175 182 184 
81 77 82 85 92 137 161 136 86 58 46 46 66 122 152 157 168 173 229 214 162 175 165 158 170 171 149 140 137 155 166 133 137 153 165 178 183 182 187 200 198 186 180 184 187 188 192 191 200 200 190 182 181 181 191 202 205 208 202 194 184 172 171 174 
85 85 97 102 118 164 172 133 97 83 76 52 50 112 152 159 168 173 208 207 164 172 174 177 189 192 162 157 153 165 168 150 146 147 168 174 169 173 184 199 184 184 196 188 171 179 185 183 192 195 191 193 187 178 192 207 209 211 204 189 176 165 165 167 
109 100 98 112 138 163 145 112 112 117 115 73 48 109 150 160 173 171 163 159 160 164 173 185 205 193 174 164 154 167 180 172 177 171 171 160 161 181 182 183 175 186 193 188 171 175 170 168 185 190 183 178 173 176 189 199 203 204 201 191 179 166 160 160 
112 98 78 84 118 146 138 127 142 130 103 59 47 109 149 159 171 168 162 169 168 163 167 190 197 176 171 172 167 169 177 181 170 172 180 169 183 178 169 174 171 173 182 175 175 185 177 179 188 199 196 187 173 166 172 178 184 190 193 187 175 167 160 157 
90 89 82 99 131 139 140 147 154 129 85 55 55 112 153 162 168 166 196 188 144 159 175 190 196 183 173 176 169 163 187 168 144 167 196 194 188 171 167 176 177 175 191 177 176 185 177 177 177 175 175 179 168 154 160 171 179 188 191 181 175 175 172 168 
97 93 91 119 157 158 146 139 130 113 95 81 68 114 154 163 168 166 190 183 121 174 176 177 187 184 171 163 160 155 168 163 158 163 188 208 183 164 161 172 180 193 193 174 167 171 168 173 173 173 178 176 163 159 170 181 192 202 198 191 188 185 179 174 
98 84 85 113 141 131 101 81 76 72 71 66 69 116 153 162 169 167 168 169 157 180 183 165 185 180 174 163 146 159 166 148 158 161 186 191 171 167 189 196 178 174 175 181 182 179 175 180 181 184 182 171 159 162 179 193 203 206 202 198 189 179 172 169 
87 83 109 119 118 111 75 50 46 50 52 47 67 120 158 168 170 159 157 154 156 166 172 168 185 173 155 156 156 163 163 161 147 155 186 189 186 180 190 188 195 187 182 187 175 175 182 186 180 181 175 167 152 150 169 182 196 199 190 184 176 171 167 162 
88 87 103 103 98 100 77 50 46 51 51 46 57 111 154 165 166 152 153 159 159 160 167 172 169 153 155 159 144 139 172 166 162 175 177 190 185 184 183 174 167 175 180 192 171 168 180 202 199 189 175 164 152 153 165 184 198 194 179 169 165 167 168 164 
93 87 86 78 80 92 81 52 43 46 44 40 47 105 151 160 160 146 148 158 159 157 160 169 170 163 152 146 156 161 171 166 161 171 190 188 195 195 195 188 172 174 193 203 177 171 179 204 207 182 176 170 155 164 176 192 196 188 178 170 165 164 164 163 
99 97 96 91 88 90 83 68 62 60 51 42 51 106 154 165 158 152 157 161 156 159 155 169 173 170 154 153 154 161 173 166 163 176 192 186 196 190 187 194 173 181 192 194 198 185 185 203 198 169 176 174 161 169 177 181 179 178 177 172 165 159 158 161 
96 103 108 109 106 101 92 85 82 76 72 71 76 114 155 166 167 166 171 164 160 161 156 165 177 174 160 159 153 153 171 175 166 177 177 194 193 199 191 190 190 188 194 213 207 185 195 208 200 189 198 180 158 157 161 169 171 172 171 165 159 155 155 159 
88 104 116 115 115 114 105 95 93 92 91 94 99 124 156 171 173 163 161 163 162 149 142 160 166 171 164 158 150 163 175 181 174 173 191 185 182 188 196 188 194 192 204 217 202 187 193 186 184 193 199 184 158 156 164 176 181 176 168 162 159 158 159 161 
69 79 88 90 99 106 97 80 75 89 95 99 107 128 154 167 169 160 156 155 152 158 152 162 167 163 166 158 151 164 173 177 159 166 188 187 192 186 182 176 178 176 200 204 193 192 191 178 173 182 190 177 158 154 164 186 195 182 166 159 161 163 165 167 
61 59 54 59 74 87 82 60 55 85 105 108 114 132 151 161 161 157 159 151 150 156 158 174 173 156 160 157 164 177 175 177 159 167 174 192 186 178 166 159 174 191 202 193 182 192 188 176 176 170 167 164 158 156 169 184 186 175 165 161 158 155 156 160 
64 63 57 57 60 67 73 61 53 74 101 112 117 137 155 160 157 157 159 154 152 155 159 167 165 151 157 161 166 170 180 173 181 184 175 180 175 181 193 183 193 201 193 187 180 186 196 201 193 168 148 155 160 155 157 164 171 172 167 163 158 147 146 154 
50 53 57 62 60 53 52 50 50 60 78 99 115 135 151 154 148 150 150 152 154 175 167 163 169 158 166 161 152 152 168 168 175 167 165 169 179 184 192 179 190 206 198 187 171 177 195 193 174 162 153 152 157 151 143 154 172 174 168 165 160 152 152 161 
48 42 45 54 60 53 41 31 36 47 54 76 108 135 154 165 153 148 149 152 156 158 162 165 168 163 164 151 153 159 166 171 169 179 173 175 174 175 178 185 207 204 187 178 170 180 185 185 171 162 158 158 161 166 160 165 176 179 180 174 165 158 160 166 
57 42 33 34 37 39 39 34 39 46 40 53 105 140 153 153 148 149 146 154 157 158 169 170 165 156 150 147 152 165 159 164 169 182 173 187 181 178 170 176 178 172 165 173 179 180 179 175 167 160 155 150 147 159 180 197 195 178 176 172 163 158 156 155 
63 47 30 28 30 27 23 22 26 38 40 48 102 140 149 147 144 148 146 154 160 162 164 175 162 158 146 156 165 165 170 169 167 175 173 173 172 162 169 172 158 159 157 173 167 176 186 177 169 151 141 141 154 173 193 213 206 178 168 168 161 151 145 141 
49 53 43 36 33 31 26 20 18 22 27 36 87 130 146 149 145 149 147 144 158 169 163 170 153 157 157 164 166 161 176 172 162 167 181 187 180 167 167 168 163 140 142 169 169 184 187 177 177 155 138 140 158 170 174 183 179 163 167 171 161 150 146 143 
36 41 38 35 33 29 24 21 19 20 20 30 85 129 147 152 143 136 138 146 157 167 163 167 149 147 154 156 162 165 169 171 160 168 188 193 193 180 175 179 173 153 156 175 163 172 180 177 173 159 148 149 157 159 160 165 161 162 177 178 165 155 152 150 
39 36 29 25 27 23 22 22 19 19 18 34 92 131 145 150 142 136 140 150 159 162 160 161 152 150 162 163 159 164 171 175 155 159 168 196 205 192 193 187 172 158 151 172 169 166 172 168 169 162 157 156 162 156 155 159 164 178 187 183 169 158 151 146 
42 40 32 27 29 29 29 32 30 26 25 46 96 127 140 145 136 135 143 152 157 166 173 162 152 155 163 169 153 151 168 179 157 165 173 195 179 176 195 183 174 183 177 169 161 164 174 175 172 164 166 155 147 147 152 159 169 175 180 180 170 155 145 138 
37 39 39 34 31 32 34 35 34 32 28 39 89 122 137 146 137 133 147 168 154 153 165 155 150 150 160 156 148 144 157 170 162 170 174 178 179 187 202 185 178 179 172 161 158 177 180 181 173 168 174 166 150 150 159 167 174 177 185 192 181 159 141 132 
34 36 34 34 34 34 29 25 27 31 32 42 88 122 135 147 139 133 143 152 145 140 152 152 158 155 153 141 143 140 142 152 176 173 164 168 182 195 192 190 178 158 168 174 163 182 190 179 171 165 162 159 146 146 165 185 192 188 191 195 183 161 147 143 
37 34 34 33 33 40 44 39 37 47 53 58 93 120 131 138 134 132 139 150 154 146 145 152 165 152 152 143 144 149 144 149 186 175 162 178 170 179 178 175 166 172 182 186 183 185 194 183 167 160 154 147 138 134 155 184 195 186 180 180 174 164 159 160 


95 94 82 77 79 80 72 69 79 85 78 78 121 162 176 180 186 184 179 181 182 178 171 177 190 188 188 188 199 201 190 180 187 193 194 191 177 174 180 187 199 195 192 189 183 172 182 194 186 183 182 175 174 184 191 185 185 190 192 192 187 179 175 172 
96 96 88 82 79 75 70 72 83 84 79 80 118 159 174 180 190 188 185 192 180 176 174 178 193 190 188 192 199 198 183 180 183 190 191 185 169 167 176 187 198 201 197 191 196 189 187 194 201 191 181 174 173 183 188 186 192 201 205 202 196 187 183 182 
92 86 81 75 69 77 85 86 83 80 76 73 113 157 173 177 185 188 190 195 176 176 175 180 193 187 181 181 191 199 192 181 184 185 198 196 188 189 191 190 200 201 197 206 206 193 185 181 181 182 182 182 182 188 190 186 194 200 195 186 182 185 189 189 
99 94 85 71 71 87 95 88 76 73 70 66 109 157 174 178 185 187 185 183 180 182 181 185 196 192 188 191 199 211 193 183 184 187 204 199 201 217 200 192 197 202 196 195 197 195 185 181 178 168 176 182 181 192 204 194 188 188 185 175 170 175 184 187 
112 113 100 85 82 89 92 84 75 77 79 76 109 156 174 180 185 189 185 181 180 187 191 188 195 190 187 186 190 197 193 187 191 196 197 193 195 202 193 189 185 191 187 184 205 198 190 188 189 179 185 177 175 196 203 196 182 180 188 188 181 178 179 181 
123 123 110 90 79 85 88 80 74 79 83 80 112 158 176 180 185 190 186 184 187 189 191 186 185 186 185 187 188 189 195 192 186 197 195 191 195 191 193 201 193 188 189 182 199 190 189 195 195 195 194 179 188 212 204 200 193 194 196 193 188 183 181 181 
124 119 104 85 78 85 84 75 72 79 85 83 111 157 178 182 186 195 197 190 188 184 183 191 196 190 188 188 190 186 190 192 189 191 190 186 193 186 190 190 204 201 185 185 197 194 193 186 193 199 197 193 189 198 208 216 218 213 208 207 199 188 185 187 
120 109 95 85 80 79 77 75 80 93 101 92 108 155 180 183 185 192 193 187 183 182 178 188 198 194 186 184 186 193 187 188 192 195 194 197 190 179 181 187 204 197 185 188 189 188 194 184 187 194 193 188 185 185 198 208 211 206 204 208 208 198 188 186 
110 102 99 95 88 76 73 78 86 100 108 101 115 159 180 181 185 195 194 186 184 180 178 189 197 192 190 187 187 191 199 207 206 197 200 195 193 196 190 198 203 213 205 193 192 193 197 193 189 187 188 179 174 176 194 204 195 182 184 189 192 193 189 191 
105 103 103 100 95 85 82 85 86 95 110 115 131 164 181 183 188 196 193 190 188 183 180 191 193 187 189 187 185 188 201 209 202 196 200 200 202 199 204 189 199 212 211 206 209 199 201 194 192 199 195 184 173 173 186 194 188 182 184 190 194 197 201 205 
109 109 110 108 103 93 90 92 93 98 114 122 136 166 182 183 188 195 191 184 187 188 187 190 191 193 192 190 192 198 195 198 201 203 202 204 192 199 208 204 210 209 212 196 193 197 198 188 186 193 184 179 172 170 175 193 196 198 195 191 189 192 199 205 
108 103 105 106 102 97 96 97 99 101 114 120 129 164 182 183 188 193 190 185 192 194 188 190 193 191 194 194 196 197 191 196 199 207 210 211 209 203 214 216 208 205 207 198 201 203 198 191 188 181 182 178 172 177 184 196 199 202 202 196 189 190 192 196 
111 102 102 104 103 103 98 96 100 105 114 114 124 163 183 187 191 196 196 190 190 187 186 194 198 195 198 200 190 187 187 189 192 204 204 207 215 202 203 197 189 198 207 219 207 191 187 219 210 194 204 187 179 186 196 209 211 207 201 192 186 186 190 190 
119 115 116 117 113 108 99 93 102 110 107 97 117 165 187 193 193 195 200 192 190 189 187 197 199 193 200 194 194 191 188 192 194 205 209 199 192 181 198 193 190 186 189 195 195 188 203 231 215 199 201 197 197 191 203 223 224 210 196 184 176 180 188 193 
117 115 120 121 115 108 99 96 107 118 109 89 114 164 185 188 188 195 203 193 185 187 188 192 194 186 191 189 189 190 191 193 196 206 205 200 197 202 207 207 204 190 187 198 216 214 206 195 197 199 192 187 182 196 219 232 224 210 198 188 183 191 196 198 
113 116 124 120 107 104 102 103 114 134 129 100 115 161 185 188 190 195 200 192 183 183 187 192 190 185 193 195 192 194 193 193 193 210 220 213 211 218 214 209 191 173 199 218 215 216 208 189 189 186 191 190 190 203 219 230 228 217 202 194 194 196 196 193 
118 124 133 122 106 105 107 103 106 116 108 87 107 157 184 190 192 197 195 190 189 190 190 197 194 194 199 192 192 184 184 185 198 215 222 203 207 209 216 207 198 186 212 211 203 210 199 186 183 183 194 194 198 213 220 221 214 206 198 195 201 201 201 198 
123 126 129 125 117 113 105 95 97 102 96 89 109 157 184 187 193 198 199 192 188 189 192 199 200 200 197 184 187 191 186 192 202 217 221 197 189 195 208 216 206 195 215 207 205 204 210 188 172 180 189 186 197 215 226 221 206 193 191 196 204 206 205 205 
119 119 117 117 113 112 102 94 99 106 102 94 112 158 185 190 193 197 200 195 188 185 190 196 195 192 191 184 184 191 192 194 206 216 202 187 189 202 209 213 221 207 197 200 207 201 202 185 176 187 190 184 192 208 216 213 210 199 193 199 204 204 202 204 
112 111 113 112 102 97 95 90 93 105 106 97 114 159 190 197 201 203 199 198 197 190 200 204 198 198 198 192 185 188 195 191 198 201 206 195 183 213 217 210 216 217 208 202 190 204 196 191 197 192 186 186 195 208 211 214 220 207 196 199 200 200 202 203 
119 111 113 118 108 98 95 91 95 109 113 103 113 158 186 193 203 205 203 204 206 195 225 182 169 204 200 187 185 173 189 203 197 197 196 190 184 212 219 206 212 205 197 192 196 202 201 200 205 192 181 185 194 207 226 235 223 202 192 194 198 203 206 205 
127 119 113 115 110 105 105 102 100 107 109 101 111 155 183 188 197 207 209 208 202 194 228 177 174 187 182 182 180 173 171 181 185 189 205 202 199 208 211 211 199 192 197 198 208 201 195 192 191 186 181 181 185 199 224 230 210 198 195 196 207 215 216 211 
129 126 116 109 103 101 104 104 99 101 100 92 108 156 186 192 195 206 208 199 198 195 196 199 201 195 190 181 186 189 184 188 201 208 204 209 207 214 206 213 208 196 189 195 202 195 192 195 189 186 185 181 184 194 211 221 210 202 195 191 201 211 213 212 
126 129 122 111 99 94 95 95 99 105 103 87 97 150 189 208 199 205 212 194 193 199 196 199 201 198 197 194 196 200 192 209 207 212 212 215 209 217 203 213 210 195 192 190 200 198 193 202 204 196 189 192 203 205 210 226 215 201 204 205 205 203 205 206 
130 132 128 121 104 91 84 82 89 102 104 88 91 148 191 213 200 200 206 194 190 193 194 202 205 200 196 197 208 231 193 193 192 196 209 214 217 221 211 207 204 201 194 181 189 199 205 203 206 205 211 212 210 204 208 222 217 209 213 215 208 199 202 204 
135 134 130 125 110 97 92 89 94 105 109 94 94 150 179 189 177 164 187 190 191 192 196 199 204 199 196 197 198 206 188 191 197 205 215 204 203 215 216 203 215 214 206 186 193 194 195 203 219 214 210 210 205 202 209 216 212 209 207 209 202 192 200 209 
136 134 132 128 115 107 108 103 105 112 117 112 120 157 158 160 178 178 191 217 188 191 201 208 207 196 191 189 219 216 191 191 192 196 200 202 213 199 216 225 222 215 208 209 199 197 208 210 204 197 197 202 200 208 217 214 200 200 205 206 195 184 198 214 
136 133 131 128 118 114 119 113 105 106 110 112 120 160 183 193 195 192 207 206 146 194 230 211 194 201 192 191 215 192 193 198 200 187 206 219 220 209 210 220 208 204 192 212 211 202 206 203 199 200 193 194 193 202 205 201 193 201 210 205 192 189 205 219 
132 128 123 122 119 115 118 116 104 95 87 84 108 158 192 232 230 188 175 179 184 200 213 184 187 191 186 187 212 196 190 188 200 201 206 221 213 211 210 215 209 194 197 212 204 198 199 210 207 202 199 198 198 199 192 197 204 205 203 200 197 197 211 221 
134 125 114 114 118 112 107 109 104 96 87 81 101 154 190 238 235 155 157 187 186 188 192 200 204 190 183 191 223 182 171 195 201 198 194 204 214 205 209 210 211 215 216 212 204 197 193 207 199 190 191 194 208 216 203 198 204 209 208 205 202 197 204 214 
142 132 117 114 111 103 104 109 110 107 96 89 103 154 196 239 214 166 165 173 127 136 176 193 190 143 152 184 217 192 172 181 199 198 205 219 216 213 207 207 204 208 208 200 204 193 193 198 188 188 192 199 210 213 206 204 203 203 203 198 190 186 188 196 
135 126 120 118 109 101 105 107 98 120 162 120 116 158 189 200 192 182 179 185 152 162 183 195 188 147 171 184 192 195 196 196 202 210 233 237 214 207 211 216 211 194 200 196 191 196 206 202 190 189 196 199 205 203 194 196 197 197 200 197 188 183 182 187 
132 126 124 123 113 99 95 90 75 93 201 125 126 158 185 193 196 199 199 199 196 188 162 188 194 190 191 193 202 219 193 194 201 215 228 223 193 215 215 214 215 199 208 199 195 207 211 209 195 188 190 199 205 201 198 193 183 181 189 198 198 192 185 190 
137 132 130 133 121 98 86 81 68 61 148 170 117 152 184 200 206 206 202 188 186 173 186 195 202 196 188 188 201 210 152 191 198 195 206 217 198 212 214 222 218 203 212 203 197 206 204 209 202 193 193 203 201 194 197 195 189 189 193 196 201 196 186 188 
134 122 124 136 129 108 92 84 69 55 65 102 100 148 183 196 202 203 201 202 181 175 189 194 199 191 183 182 185 193 193 183 184 181 185 222 204 201 219 215 211 209 192 184 188 185 179 191 204 209 209 201 193 196 207 208 202 200 202 197 195 197 194 194 
124 117 124 136 130 114 96 81 64 51 55 67 97 155 184 193 201 197 194 197 206 175 186 190 199 193 192 184 181 192 188 179 185 193 199 215 189 192 200 202 213 207 189 185 182 177 183 193 202 210 210 192 186 193 209 207 198 197 200 197 193 199 207 211 
122 119 123 124 118 117 110 92 72 56 53 64 102 157 183 190 200 201 216 210 223 176 174 189 189 183 180 183 178 188 191 172 172 183 203 208 208 214 199 202 220 206 193 191 200 209 216 211 206 202 193 180 178 183 196 199 205 205 203 200 192 196 208 213 
117 116 116 110 105 120 126 107 84 68 61 64 88 147 182 193 200 202 236 214 175 194 194 186 185 188 181 177 174 192 204 173 174 184 197 213 217 214 205 216 215 204 193 192 205 215 218 210 206 206 208 200 189 180 190 206 217 222 214 205 195 192 200 203 
120 119 119 117 115 126 125 105 87 83 78 63 73 140 182 192 198 201 221 219 196 207 207 204 197 206 196 195 190 199 197 183 186 182 197 202 203 205 208 213 202 196 212 204 192 204 213 202 199 196 194 197 188 179 197 214 217 218 211 198 190 188 193 197 
120 119 115 119 126 126 112 97 96 102 97 72 69 137 181 194 202 201 196 195 201 206 207 209 211 211 205 200 189 195 195 199 205 193 193 183 187 211 207 208 200 207 220 215 200 198 200 193 197 197 193 188 183 192 207 213 210 207 208 204 196 189 188 189 
121 120 111 106 111 115 107 103 106 102 90 66 69 136 180 192 200 201 196 202 207 204 203 213 210 203 205 201 194 197 196 211 204 197 200 193 202 208 201 200 195 207 215 204 203 211 206 204 206 213 216 209 195 191 191 190 192 199 205 203 197 193 190 186 
115 116 114 111 114 113 109 106 107 96 79 64 76 138 181 193 198 200 214 203 183 199 205 209 210 204 204 207 200 191 206 204 182 192 214 203 207 202 203 206 203 206 220 205 200 210 205 200 192 190 199 198 186 177 180 189 195 206 212 202 197 202 203 198 
103 106 117 132 137 122 106 99 95 91 85 76 83 140 182 193 198 199 213 192 156 198 197 202 204 206 206 199 196 193 199 193 188 196 203 214 204 198 196 203 203 215 217 200 184 190 190 195 191 187 188 187 188 187 189 199 208 216 212 203 205 209 206 200 
105 94 108 132 135 110 87 79 77 82 82 74 86 142 183 194 197 197 199 199 195 201 195 198 204 200 205 199 187 198 200 183 197 198 196 197 200 198 215 210 189 191 193 204 208 206 197 200 202 207 197 192 188 188 197 210 219 216 211 204 201 199 196 194 
125 110 109 124 128 110 87 73 67 73 75 67 87 145 186 198 198 192 192 194 197 201 201 199 204 195 192 194 192 197 196 195 185 183 197 201 209 213 218 209 201 197 196 214 206 209 209 207 199 207 198 188 181 182 194 203 206 206 201 193 185 186 191 189 
136 126 119 119 128 130 110 82 69 70 72 65 79 137 182 196 196 188 192 200 201 200 203 200 198 189 195 198 187 182 203 202 194 190 193 205 209 214 213 207 198 195 195 209 200 203 204 214 212 216 203 190 182 181 190 205 211 206 196 190 187 191 197 194 
141 129 119 112 122 135 122 88 71 72 67 58 68 131 180 193 191 184 188 195 197 195 199 201 196 191 195 193 196 195 200 200 199 199 199 200 214 217 217 212 193 189 199 211 205 205 203 219 224 209 199 196 182 185 196 212 215 206 197 194 193 194 195 193 
146 138 125 117 116 122 118 101 89 85 75 60 69 132 183 197 193 188 192 193 192 196 195 199 196 195 195 196 195 192 202 202 198 207 207 206 217 207 204 216 200 209 217 209 210 207 207 214 218 197 200 203 187 195 202 204 198 199 201 201 197 191 187 185 
138 140 130 123 118 114 115 109 101 96 90 82 89 138 184 198 199 198 198 195 192 190 191 194 200 204 202 199 194 192 204 208 200 206 204 216 215 221 219 210 208 208 213 225 213 195 208 215 215 212 224 213 185 186 192 192 189 195 201 200 194 188 183 181 
125 132 127 123 124 120 119 114 104 103 103 101 109 146 184 202 203 199 199 199 194 182 180 192 197 206 206 198 193 196 202 209 205 203 214 207 205 213 213 201 205 205 218 228 211 203 213 207 202 212 231 222 189 188 191 196 197 197 197 195 193 190 188 187 
104 109 108 115 126 125 119 106 95 103 110 114 123 152 183 198 199 196 195 192 191 194 187 194 200 198 206 201 194 195 193 203 198 202 208 204 208 202 206 199 198 201 224 218 209 215 215 203 190 197 222 213 190 186 187 204 211 200 189 187 193 195 196 196 
97 96 92 97 110 118 113 94 83 100 113 121 136 160 182 194 193 195 198 191 192 193 193 205 201 186 198 198 202 202 200 205 196 200 208 223 214 208 197 188 197 210 225 215 208 216 213 202 194 191 198 198 195 192 196 207 208 195 185 187 190 188 187 189 
103 103 99 97 98 104 108 95 84 93 107 119 141 168 187 195 193 196 199 195 192 194 196 203 198 187 193 200 198 195 205 203 207 210 207 209 195 205 205 194 201 209 201 204 197 203 210 208 206 191 178 188 199 195 192 195 198 192 187 190 190 182 180 185 
86 91 97 101 95 88 89 85 79 83 93 105 130 162 182 189 186 189 191 193 194 209 198 196 202 186 187 197 190 189 198 199 198 197 195 199 203 209 210 202 211 215 200 199 186 189 201 201 198 185 181 186 189 184 175 186 202 196 187 192 191 185 187 193 
85 79 83 93 97 89 77 64 63 71 78 95 126 162 186 195 188 189 193 195 194 192 191 192 199 189 186 187 189 194 192 194 197 201 202 204 204 198 193 189 202 206 200 201 194 198 200 200 195 192 188 188 190 194 185 188 200 197 200 203 196 190 196 200 
96 82 74 74 73 75 76 70 67 66 64 81 127 166 185 187 184 188 189 193 192 191 199 199 196 190 183 184 188 194 191 194 200 206 195 206 204 195 192 193 190 194 194 203 207 201 203 204 200 194 184 180 177 187 199 210 208 193 200 205 197 192 192 191 
104 89 67 66 69 60 53 51 56 64 64 74 123 165 183 185 180 184 187 191 192 191 195 201 193 190 177 191 196 196 199 193 197 199 188 187 196 192 197 196 184 183 188 202 199 197 207 204 200 186 171 171 183 195 206 225 222 198 197 202 196 185 177 174 
94 97 86 76 74 69 58 47 43 46 49 61 114 160 182 187 182 185 187 184 188 189 190 199 190 192 190 197 198 197 206 198 192 195 198 202 199 190 192 191 191 173 172 191 196 198 203 204 208 184 166 169 187 193 194 204 204 190 197 203 194 179 174 171 
83 86 84 82 77 70 59 49 42 40 38 53 112 160 182 188 180 176 179 183 187 192 191 194 187 183 186 191 199 201 204 199 190 192 208 213 212 197 186 193 202 190 185 191 183 195 206 206 204 185 172 178 188 184 182 184 186 187 196 197 189 182 181 177 
83 80 72 68 67 60 56 50 41 35 33 56 118 160 179 184 177 175 181 188 191 191 189 188 189 185 187 190 195 200 203 200 186 187 194 212 217 203 193 186 188 187 175 182 177 186 200 196 196 188 184 187 192 181 174 174 179 190 194 192 184 182 180 177 
85 82 74 69 73 70 66 64 55 42 37 64 122 159 175 180 175 173 182 189 190 196 197 189 189 188 187 195 190 189 197 205 188 188 195 210 204 198 200 194 193 197 190 186 179 183 195 197 191 182 188 185 180 173 170 172 174 173 178 187 186 178 173 169 
81 82 82 79 75 74 73 71 66 55 44 58 114 155 173 178 173 174 182 194 183 187 194 188 187 182 188 187 180 178 179 193 186 183 188 196 194 198 217 203 195 199 199 186 177 190 191 199 198 192 197 191 176 174 180 185 182 173 181 199 197 181 168 162 
76 78 74 75 76 75 65 57 57 55 51 61 112 152 166 169 168 170 179 184 175 172 180 184 192 186 179 174 177 178 172 181 194 200 195 196 203 200 208 207 194 182 194 199 184 191 196 191 192 188 188 186 174 173 189 203 203 193 194 203 198 182 173 169 
78 72 68 67 67 75 78 67 64 71 73 77 115 148 161 167 167 170 178 183 183 175 175 184 196 184 180 180 182 187 177 179 205 193 186 193 185 195 197 192 191 194 202 210 208 197 199 193 189 187 187 183 172 165 177 198 204 193 190 191 189 185 184 184 


48 53 49 71 85 88 72 45 48 56 45 40 82 128 141 139 147 145 131 132 133 124 118 125 149 149 145 140 158 160 138 116 129 139 145 138 107 102 99 119 155 154 144 135 117 112 143 157 141 134 135 132 130 133 131 115 114 128 144 151 148 137 130 131 
80 76 57 66 88 74 50 51 70 69 55 47 81 125 138 140 156 148 133 148 132 124 126 130 153 147 147 154 157 154 128 116 115 144 147 120 89 95 91 119 150 149 138 132 132 123 150 166 178 159 137 131 132 136 130 121 131 148 155 151 149 144 140 135 
103 74 60 59 49 47 65 77 73 76 73 52 74 119 132 137 146 145 148 170 132 122 122 130 155 145 130 124 138 151 137 118 126 129 147 140 128 132 120 121 149 144 133 147 147 141 144 138 142 151 144 140 140 148 149 143 149 158 153 140 137 146 153 151 
89 95 93 77 74 100 112 96 77 78 66 46 74 120 133 135 143 146 143 139 127 125 126 139 163 156 139 138 145 163 140 122 126 131 160 154 158 191 146 123 146 143 126 123 126 147 144 140 128 112 124 131 133 156 170 155 142 141 141 135 131 137 146 147 
126 152 131 114 117 127 120 101 82 75 77 81 90 120 133 135 142 144 139 129 122 137 146 144 160 148 135 136 144 152 143 135 142 146 129 126 128 160 146 143 135 133 129 123 148 154 159 159 148 125 132 126 129 167 173 155 132 133 147 151 143 136 137 137 
164 179 164 136 114 125 119 95 81 82 88 82 91 120 132 137 140 142 139 134 133 135 145 142 141 144 134 133 145 137 140 134 124 143 133 129 145 139 144 158 143 130 131 118 152 144 146 161 156 149 149 134 145 178 167 158 149 146 151 155 148 141 144 144 
181 176 162 127 113 117 97 65 54 76 88 79 89 120 136 136 134 155 162 142 131 119 122 146 152 145 136 136 148 138 129 123 117 135 138 124 125 113 133 139 157 149 124 130 154 151 148 140 132 138 148 155 148 155 162 165 163 161 167 177 168 153 150 153 
168 151 128 106 108 90 59 50 69 96 113 109 96 119 138 136 130 143 147 131 128 121 112 132 156 145 126 125 132 133 128 127 129 143 129 141 133 112 119 133 146 139 125 136 137 134 146 130 122 138 149 151 142 142 153 156 160 164 170 184 186 170 151 146 
128 129 122 119 120 86 53 62 81 95 111 106 92 121 137 129 130 144 142 126 126 120 114 135 154 144 129 125 133 138 137 154 156 141 135 134 127 118 138 155 141 165 153 141 139 142 144 134 137 130 141 142 133 126 144 162 162 148 142 150 161 159 145 140 
109 124 133 130 128 99 75 81 90 99 116 114 106 127 138 134 138 150 146 134 127 121 120 142 148 132 120 114 124 135 144 156 152 135 142 141 137 126 158 135 145 164 153 150 153 154 160 148 149 156 156 144 129 127 145 153 145 131 127 138 148 151 150 149 
109 125 140 125 100 86 79 88 99 102 118 131 127 134 138 134 142 151 141 126 128 130 135 145 142 140 138 133 131 149 145 151 147 144 134 136 133 144 157 146 160 159 158 134 133 146 155 140 143 154 140 135 126 131 138 145 141 140 139 140 144 150 155 159 
122 125 134 125 101 108 111 101 98 103 116 124 120 133 139 132 139 146 138 124 140 147 138 138 142 135 139 139 132 143 133 149 154 162 159 155 150 152 157 160 156 157 158 138 145 150 154 144 126 119 136 134 122 121 130 149 155 161 160 152 149 154 156 156 
150 130 121 121 127 136 123 90 79 90 102 105 110 134 140 136 138 145 144 132 137 137 133 143 145 140 149 153 126 129 125 130 138 153 147 145 166 153 146 126 122 143 152 168 158 139 147 202 173 133 158 142 132 132 139 156 163 163 159 147 142 148 154 153 
167 155 141 144 147 134 109 87 88 98 96 84 98 134 146 144 140 145 149 133 131 137 138 150 145 138 158 142 136 137 125 124 127 145 148 128 126 133 153 139 140 130 123 140 138 133 177 221 182 143 158 159 158 150 158 171 164 151 146 139 133 147 159 161 
154 153 147 150 151 136 122 114 118 121 97 70 87 130 141 139 137 147 154 132 124 133 135 143 147 166 155 135 133 129 122 121 131 146 132 125 128 149 161 153 150 131 129 142 158 167 167 150 149 148 139 129 128 148 171 180 166 151 146 145 147 162 170 172 
148 133 128 129 133 142 141 126 128 135 107 81 87 125 142 142 138 142 148 131 119 121 129 143 143 169 155 142 138 141 132 127 125 142 164 165 164 171 175 158 134 114 153 173 170 174 154 138 144 131 130 125 137 160 176 186 175 155 145 146 156 165 168 165 
158 138 128 116 118 147 156 128 107 109 102 91 90 120 144 146 145 146 139 129 121 125 137 152 140 140 154 140 144 130 120 124 142 158 185 160 146 142 168 148 141 122 175 176 147 169 155 142 132 126 144 144 153 173 174 168 155 144 135 139 153 161 165 163 
172 161 133 118 130 150 149 116 94 91 88 89 90 121 145 142 147 149 148 139 124 124 138 156 153 151 154 131 129 131 124 131 147 172 187 139 123 136 152 153 133 123 175 172 153 154 163 137 115 130 150 143 160 174 171 156 138 129 127 136 148 152 155 161 
165 168 136 117 131 144 131 112 108 94 81 75 84 120 144 145 147 143 146 140 129 126 132 142 141 137 134 124 123 134 127 128 147 167 136 106 112 130 150 159 164 154 153 161 163 144 140 122 122 142 143 128 140 153 151 146 146 138 135 146 152 147 146 156 
128 137 127 107 105 118 113 101 100 91 78 68 83 120 148 155 156 150 143 145 145 138 157 160 139 136 144 142 128 129 141 133 138 127 142 127 109 156 158 159 168 164 155 154 147 149 137 136 143 135 130 140 151 161 158 158 163 147 136 143 147 145 147 155 
127 120 113 115 107 99 105 100 93 96 95 88 90 121 145 149 158 153 150 154 165 148 205 142 109 149 144 129 120 92 120 141 135 126 120 114 110 157 168 154 162 151 142 141 148 154 156 150 148 132 124 138 147 162 183 190 174 146 123 121 135 144 154 159 
127 122 112 115 115 97 99 101 95 101 110 105 98 121 142 142 148 161 160 158 150 140 214 131 117 134 129 123 118 99 82 101 119 123 127 132 121 141 145 161 145 133 140 148 157 144 129 120 117 114 105 102 115 151 190 194 167 147 126 118 137 151 165 168 
119 123 123 112 103 101 99 89 77 84 95 95 95 121 143 145 145 159 156 141 140 138 150 155 154 138 135 123 134 132 118 119 132 133 135 149 137 147 139 161 151 142 134 138 145 140 128 132 135 134 124 106 106 135 172 192 179 156 136 130 144 153 162 172 
118 133 144 140 112 95 101 97 85 83 80 72 74 113 147 175 153 157 168 137 139 143 140 147 145 136 137 139 151 151 132 164 145 139 160 166 147 149 130 153 155 140 128 124 141 144 142 155 163 150 142 141 146 150 162 194 187 160 164 167 165 157 160 166 
115 134 143 148 123 82 75 76 78 84 81 65 60 109 149 186 158 150 157 137 129 134 138 146 145 139 137 144 169 212 132 123 118 115 143 151 156 151 152 150 147 147 135 112 128 144 149 156 158 155 160 157 148 140 142 173 181 169 174 179 169 156 156 161 
113 136 146 151 138 102 90 93 87 87 88 76 66 114 140 147 137 115 138 140 134 129 145 145 144 138 141 140 148 168 125 121 113 116 161 148 135 133 153 140 153 161 154 124 132 136 142 162 179 160 156 160 145 135 141 154 161 162 164 173 164 145 144 157 
102 132 161 168 149 123 122 117 106 103 100 94 98 130 129 121 135 134 143 191 143 132 160 167 153 134 136 132 192 186 133 131 129 116 117 132 153 134 152 179 178 166 157 160 141 144 164 166 153 137 141 153 148 151 160 162 152 151 159 168 157 137 143 157 
97 112 147 169 157 132 131 126 115 110 102 104 106 128 146 165 168 150 155 171 96 143 216 184 138 141 140 144 191 146 137 132 145 130 146 166 166 166 165 169 162 163 150 170 161 148 159 157 153 151 144 149 149 158 162 158 148 147 149 147 141 141 154 164 
95 100 124 144 153 142 136 134 117 97 79 76 99 127 157 217 201 163 140 134 138 156 189 143 137 136 131 132 183 150 128 109 132 136 146 175 150 157 161 163 155 145 155 169 157 145 145 168 172 161 149 146 148 152 150 150 153 150 138 133 140 147 158 167 
85 82 96 113 133 132 129 139 133 113 92 83 94 125 155 194 149 121 114 140 142 136 142 152 154 136 122 125 198 129 107 132 137 126 117 137 169 154 154 153 165 172 169 163 146 129 132 162 153 143 135 133 154 169 161 151 152 156 152 150 155 154 156 162 
93 97 106 111 111 101 123 147 157 145 120 105 96 121 162 226 191 129 129 130 91 85 123 142 160 118 102 119 189 151 108 119 137 124 147 173 158 152 137 147 156 170 163 141 142 129 137 146 128 124 128 139 151 162 160 155 147 141 140 142 140 140 140 150 
85 93 116 124 115 111 136 149 138 145 159 100 89 119 148 169 158 138 126 130 118 123 132 136 142 115 121 125 143 151 151 139 142 175 222 214 156 158 165 174 174 148 156 141 125 137 157 153 135 134 138 142 151 146 140 142 137 133 137 137 133 130 131 144 
81 89 119 136 132 119 117 113 87 85 191 83 82 117 140 150 155 150 142 144 145 145 110 132 140 143 135 129 151 195 154 139 146 183 206 198 144 181 176 180 185 137 146 139 123 147 166 166 148 146 142 150 162 154 151 138 124 129 140 149 149 143 138 153 
88 100 139 152 127 88 62 54 40 34 139 162 86 112 137 155 164 157 151 135 131 122 142 137 135 136 131 138 161 192 98 140 132 139 183 195 149 164 175 192 192 150 148 133 137 154 161 176 166 150 149 158 153 138 137 135 133 136 136 140 147 147 141 148 
90 92 138 167 133 82 55 42 30 26 39 83 71 109 135 146 160 157 144 129 110 111 139 137 143 130 112 118 124 146 131 119 105 122 150 196 155 147 172 174 160 148 135 124 129 127 128 147 154 154 157 142 133 136 145 150 151 147 139 130 133 144 146 146 
89 89 136 181 154 101 64 43 28 22 26 38 72 121 136 138 156 150 136 145 175 132 133 137 145 131 124 112 113 144 133 113 113 141 131 160 135 142 145 159 169 148 131 127 124 122 138 151 154 166 161 125 118 137 154 148 144 145 143 135 138 155 164 162 
92 92 113 146 133 113 104 80 44 26 24 34 72 121 132 133 151 150 184 177 203 134 111 130 134 121 106 109 99 134 137 83 101 116 132 133 140 164 145 141 171 144 122 136 148 163 173 167 164 162 143 120 120 135 155 150 149 149 149 149 146 152 161 161 
84 77 78 83 94 143 167 134 76 42 30 32 54 107 131 137 154 153 200 167 141 154 130 104 130 130 113 107 103 138 163 96 117 129 132 149 167 166 157 164 161 142 135 140 155 171 176 168 167 170 167 151 141 138 155 163 162 167 162 159 151 143 149 154 
77 77 91 97 118 171 178 131 85 70 66 41 39 97 131 138 153 154 190 189 155 162 152 139 145 155 132 133 123 143 146 118 145 142 149 139 148 148 150 163 141 141 169 151 134 151 167 161 160 159 152 152 146 135 153 167 163 166 163 154 145 135 138 146 
103 97 94 110 140 168 146 107 104 114 115 69 39 95 129 141 161 155 142 146 153 152 151 152 155 155 145 141 123 134 145 140 164 143 135 108 126 149 140 138 128 158 174 157 133 139 134 132 151 156 145 137 136 146 158 160 159 162 164 160 149 134 130 137 
110 98 74 84 121 149 138 127 139 124 97 52 39 97 132 141 159 157 146 159 160 151 150 151 147 135 138 145 140 141 148 165 146 143 149 143 154 153 137 131 142 151 162 149 140 157 141 139 153 163 161 152 136 129 126 128 142 153 156 150 141 134 133 138 
88 86 76 101 138 145 142 147 150 119 70 41 44 100 132 143 153 155 188 170 127 140 147 148 148 143 149 150 152 138 157 149 123 143 164 151 159 143 133 135 144 137 173 166 145 148 135 130 128 133 144 149 123 99 101 115 127 145 154 146 144 149 149 148 
92 86 85 124 170 167 145 136 125 103 81 67 57 99 132 142 150 150 178 149 96 161 159 145 146 154 152 135 140 136 139 148 148 144 148 161 150 144 135 144 148 171 173 153 127 131 133 139 136 130 137 138 119 117 135 144 144 154 158 156 162 166 156 151 
96 77 81 117 150 133 93 71 69 62 55 52 56 103 136 147 152 151 153 155 145 168 169 154 149 147 157 134 109 139 150 127 152 160 143 143 132 136 155 158 141 141 141 159 155 152 139 145 153 159 149 140 124 127 153 169 169 168 163 158 157 158 155 149 
94 87 112 123 124 113 68 39 35 37 39 32 50 105 141 156 156 142 135 140 145 152 156 153 150 137 130 130 133 140 139 142 126 130 140 155 158 145 146 141 156 150 148 163 144 154 147 129 131 164 155 137 107 99 139 162 165 158 147 136 133 145 156 153 
96 88 98 100 101 111 85 49 38 37 38 33 44 97 138 155 154 137 139 153 150 144 152 147 131 119 136 134 103 105 146 143 134 141 143 149 154 163 165 151 137 143 147 161 142 148 148 152 158 183 167 148 118 108 131 152 159 151 135 122 123 137 151 151 
101 81 73 70 79 99 86 48 34 34 31 29 38 95 138 150 148 131 130 142 143 136 144 138 138 130 123 98 123 142 141 136 132 136 138 141 165 172 172 168 146 146 157 164 145 139 148 172 181 172 169 163 136 140 150 161 159 148 135 127 128 135 141 141 
111 100 88 85 78 81 77 61 55 49 38 35 46 98 143 153 145 137 137 142 134 135 135 142 142 137 128 119 117 133 144 144 137 145 151 155 174 160 161 173 159 158 165 164 164 162 165 173 177 173 180 169 139 150 162 159 145 139 135 131 132 134 137 140 
100 107 102 105 100 91 86 82 79 70 64 68 77 107 145 155 150 150 155 149 137 134 133 136 149 156 141 136 121 130 153 148 145 162 156 165 163 178 181 167 175 168 174 183 168 145 160 161 171 199 216 183 132 133 131 130 136 137 128 119 122 126 130 138 
82 103 110 106 108 107 103 94 86 85 87 94 101 118 144 159 154 146 149 152 144 126 121 132 142 154 150 140 123 139 158 158 160 154 164 157 150 159 175 161 160 166 182 188 172 155 161 145 145 175 216 198 129 121 126 134 144 139 128 124 129 133 137 146 
52 65 82 83 97 102 90 76 69 81 88 94 104 119 140 155 156 151 147 135 129 137 131 141 150 153 166 153 124 139 150 154 133 142 169 163 165 152 162 155 151 157 183 180 170 163 167 155 135 147 192 179 121 106 124 144 150 138 128 130 140 145 151 159 
52 50 52 57 73 87 76 54 50 75 91 96 101 115 136 147 149 154 153 134 132 135 135 151 154 136 153 149 140 147 145 144 124 136 158 191 182 171 150 133 137 146 176 181 167 169 163 146 138 135 152 151 137 128 142 153 148 132 130 140 140 133 135 145 
65 68 62 60 59 65 72 56 44 60 82 94 99 116 142 150 144 150 153 144 139 133 130 143 148 137 147 155 149 148 157 145 155 158 158 166 149 159 168 148 154 137 120 150 155 163 172 172 161 133 112 127 146 141 141 155 156 131 130 143 139 120 119 132 
45 53 65 70 64 51 49 48 45 52 64 78 91 114 134 138 128 135 139 140 137 162 150 140 148 140 148 148 134 131 146 144 145 141 138 146 154 157 154 151 161 142 120 130 116 130 154 153 141 123 107 115 129 127 119 155 178 150 131 137 130 119 128 142 
46 38 44 59 66 58 40 27 33 45 53 71 94 123 143 153 138 135 135 141 143 139 140 140 148 138 143 130 131 141 140 138 139 140 141 152 153 144 144 143 155 147 127 139 133 138 143 139 132 128 119 122 132 146 135 155 178 164 151 147 135 131 147 154 
58 41 36 40 38 40 40 33 36 43 37 49 96 129 143 140 132 136 130 136 140 134 144 147 142 135 126 127 127 146 134 128 133 149 144 158 156 138 140 141 139 143 137 149 146 136 147 145 140 133 130 125 119 133 149 168 174 156 151 147 135 133 142 147 
68 55 34 33 35 29 22 20 24 35 35 38 87 127 140 137 125 132 131 135 136 132 139 145 136 133 120 143 144 150 151 138 135 142 130 117 133 131 139 144 130 124 135 157 139 135 159 162 163 132 114 120 138 149 163 181 177 154 146 142 128 116 122 124 
50 64 56 46 39 33 24 19 17 20 23 28 70 112 129 133 129 139 141 126 133 142 137 143 135 142 142 152 147 143 158 143 132 135 147 152 143 132 138 141 140 109 113 139 133 149 154 160 176 131 101 115 145 153 155 162 153 135 144 146 130 112 118 122 
39 48 48 47 41 33 25 18 15 17 18 27 71 113 130 135 127 123 124 132 138 143 135 140 140 135 136 139 142 147 153 139 127 140 161 156 152 141 124 139 164 138 129 138 124 145 158 155 155 128 122 132 144 143 143 145 138 131 143 144 128 114 116 124 
40 40 36 33 34 27 24 21 17 15 16 31 81 115 129 133 126 126 128 137 148 140 128 134 127 128 142 138 130 141 159 143 126 128 135 150 161 153 140 140 147 144 125 135 128 138 154 143 144 133 132 125 129 128 125 128 132 141 144 138 124 116 115 118 
39 38 36 31 37 38 34 33 29 21 17 36 82 112 125 126 120 127 135 135 140 154 156 138 131 134 142 156 124 128 145 156 127 132 133 144 138 142 154 148 146 155 141 138 130 140 158 153 142 130 131 110 98 115 121 119 123 126 133 134 131 123 119 115 
42 41 41 40 36 36 37 38 35 30 26 33 77 107 122 124 115 125 138 152 136 137 153 134 130 126 138 127 114 122 132 145 141 133 129 138 137 145 177 167 161 156 156 148 131 149 149 155 157 151 151 135 120 136 139 134 129 122 131 145 141 129 121 111 
35 40 34 34 35 39 34 29 31 36 40 45 81 108 111 115 115 118 134 135 128 121 128 129 145 143 135 117 118 118 119 131 152 139 128 136 140 146 162 159 151 141 162 168 151 156 144 136 139 139 153 158 150 155 153 152 147 133 135 144 142 133 128 120 
43 40 40 38 36 50 60 52 48 57 64 64 85 103 107 117 121 126 135 130 134 123 109 129 155 138 136 123 125 136 129 128 167 137 127 142 126 142 146 140 154 165 167 162 178 172 159 145 132 136 160 167 152 148 149 151 149 136 132 133 137 139 137 135 