


152 152 152 152 152 153 154 155 156 157 158 159 161 162 162 163 164 164 165 166 166 166 166 166 168 167 167 168 158 150 140 112 119 122 148 178 184 157 137 135 135 124 110 71 73 74 97 99 93 98 93 95 95 87 93 91 91 90 90 100 105 84 86 83 
152 152 152 152 153 154 156 156 157 158 159 160 162 163 164 164 165 165 166 167 167 167 167 168 167 168 168 169 167 150 134 111 108 116 155 174 168 151 129 111 122 120 98 64 79 79 98 98 98 98 98 93 99 90 98 98 92 95 103 100 102 92 87 77 
152 152 153 153 153 154 156 158 158 159 161 162 163 163 164 165 165 166 166 167 168 168 168 168 167 167 168 169 165 153 142 114 111 108 161 184 161 142 135 132 144 144 126 94 90 74 101 99 99 99 97 97 97 91 100 100 84 94 101 96 102 97 95 69 
153 153 153 153 154 155 156 158 159 160 162 163 164 164 165 165 166 167 168 168 168 169 169 169 169 168 169 171 165 155 144 123 116 111 160 181 117 138 150 153 172 180 167 122 108 81 101 101 103 101 95 93 95 91 100 100 89 91 92 97 103 103 98 72 
154 154 154 154 155 156 157 159 160 161 162 163 165 165 166 166 167 168 168 169 169 170 170 170 170 164 159 167 164 154 150 139 126 111 156 181 122 159 162 170 175 177 163 117 105 81 101 100 102 100 101 92 100 89 96 99 97 96 89 101 102 102 88 71 
154 154 155 155 156 157 158 159 160 161 162 163 164 165 166 167 168 169 169 169 170 170 170 171 170 154 133 142 157 148 150 149 140 117 153 168 145 153 137 163 167 175 161 122 107 81 102 105 104 101 100 98 104 98 99 98 94 95 94 98 99 107 85 70 
153 155 155 156 156 157 158 159 161 162 163 163 164 165 167 168 168 169 169 170 171 171 171 172 171 153 131 136 158 151 148 153 149 126 165 152 133 145 139 141 160 166 146 96 90 75 103 104 103 104 99 101 98 94 100 98 93 98 103 98 96 103 95 79 
154 155 156 156 157 158 159 159 161 162 163 164 165 165 167 167 169 170 170 171 171 172 172 173 170 154 134 143 157 125 99 105 118 153 184 168 104 66 53 70 150 152 112 79 91 66 99 102 102 102 99 99 97 99 101 99 88 88 106 103 98 101 99 77 
154 155 156 157 158 158 159 160 161 162 163 164 166 166 167 168 168 170 171 171 172 172 172 173 172 156 133 142 159 111 79 81 102 173 169 159 88 31 34 73 152 155 139 95 109 77 99 101 102 101 95 95 96 102 100 100 92 80 104 98 101 100 95 67 
154 155 157 157 158 159 160 161 161 161 163 165 166 167 168 168 169 170 170 172 173 173 173 173 173 157 131 129 130 119 112 120 155 187 183 162 97 59 54 92 157 158 144 104 105 80 101 103 102 102 96 98 96 98 98 102 96 86 109 90 106 102 94 82 
154 155 157 158 158 159 161 161 162 162 164 166 166 167 168 169 169 170 171 172 173 173 174 174 174 156 129 117 106 133 140 153 164 191 184 160 160 163 156 160 158 150 135 91 98 84 107 110 102 104 101 98 100 94 98 103 89 93 110 88 111 107 83 84 
155 156 157 159 159 160 162 162 163 163 164 165 167 168 168 169 170 171 171 172 174 174 175 175 174 158 137 126 101 123 153 157 158 183 183 156 176 199 160 142 152 150 122 81 97 86 110 107 99 95 97 100 99 97 102 107 89 101 108 94 114 106 88 87 
156 157 158 159 160 161 162 163 163 164 166 166 167 169 169 170 171 171 172 173 174 175 175 175 176 173 169 152 129 123 156 158 160 176 179 151 179 174 147 150 154 153 123 85 100 85 107 106 105 94 100 102 100 102 107 112 78 100 105 111 112 105 93 77 
157 158 159 159 161 162 162 164 164 164 165 166 168 169 170 171 171 172 173 174 175 176 176 176 176 173 160 151 139 131 155 158 161 172 174 150 183 197 204 195 159 150 127 111 99 90 108 107 110 97 92 103 103 103 108 114 89 105 104 116 111 99 87 76 
157 158 158 160 161 162 163 163 165 165 166 167 167 169 170 171 172 172 173 174 176 176 176 176 176 167 148 144 133 141 173 177 180 187 181 166 194 208 208 196 164 152 124 124 101 92 110 111 113 102 89 108 106 105 106 108 102 112 101 115 113 92 91 88 
157 158 159 160 162 163 163 164 165 166 167 167 168 168 170 171 171 173 174 174 176 177 177 176 176 175 174 158 149 163 194 200 204 207 198 184 182 186 168 182 179 165 114 98 89 107 112 111 113 106 102 113 115 101 105 109 100 109 107 111 111 98 99 97 
158 159 159 160 162 164 164 165 166 167 167 167 168 169 170 170 172 173 174 175 176 177 178 176 176 181 197 200 198 207 208 210 212 208 196 186 179 167 136 168 164 142 87 63 67 101 113 111 117 111 103 108 117 105 105 109 94 109 116 109 103 97 108 105 
158 159 160 161 163 164 165 165 166 167 167 168 169 170 170 171 173 174 175 176 176 176 177 178 185 182 197 194 180 209 211 211 211 203 189 171 176 163 150 175 168 146 103 89 75 101 115 111 120 114 103 110 115 96 107 112 104 109 117 112 103 87 104 98 
158 160 161 161 163 164 165 165 166 167 168 169 170 170 171 172 173 175 175 176 177 177 179 179 178 174 188 195 204 211 209 202 195 188 177 170 162 166 172 174 165 133 98 75 71 103 114 106 116 116 111 111 112 101 116 116 115 115 125 99 94 88 84 81 
159 160 161 162 163 164 165 166 167 168 168 169 170 171 172 172 173 174 176 177 178 178 178 178 176 172 185 155 167 207 208 207 198 198 187 172 162 178 181 180 167 146 102 65 77 104 114 107 111 111 109 106 108 107 124 111 110 126 125 93 89 95 89 78 
160 160 162 162 163 165 166 166 167 168 169 170 170 171 172 173 173 174 176 177 178 181 180 178 176 174 191 168 182 204 203 194 197 203 196 172 168 186 182 183 160 130 94 85 90 103 112 111 111 113 106 98 106 104 119 110 104 121 120 108 97 87 96 90 
161 161 162 163 163 165 166 167 168 169 169 170 171 171 172 173 175 175 176 177 178 186 182 175 171 167 199 190 183 204 188 142 173 199 194 172 170 184 183 185 153 98 105 99 92 102 112 112 115 114 108 106 110 101 107 105 98 114 112 112 93 75 91 91 
161 162 162 163 164 166 167 167 168 169 169 170 171 171 173 173 174 176 177 178 179 184 177 157 146 146 200 191 173 201 166 97 145 189 192 175 170 186 189 185 155 94 120 103 96 104 114 112 109 112 106 106 102 101 118 115 102 116 115 101 92 73 88 85 
161 162 162 163 163 165 166 167 168 169 169 170 171 172 173 174 175 176 177 178 178 166 157 153 161 187 186 160 161 171 130 90 151 190 192 175 171 188 194 178 160 117 90 87 99 105 110 111 110 105 104 104 99 101 119 118 104 109 114 98 92 75 93 83 
162 162 162 164 163 165 165 167 169 170 169 171 171 172 174 175 176 177 177 178 178 166 153 130 152 180 178 137 111 117 123 155 177 198 193 177 171 187 188 173 160 127 83 86 97 104 110 113 112 99 103 99 105 95 113 104 98 109 113 99 90 75 95 85 
162 162 162 163 164 165 166 167 169 170 169 170 172 173 174 175 176 177 177 177 178 169 156 143 154 165 158 114 101 130 151 190 198 196 195 187 174 187 185 173 157 124 87 78 96 101 109 111 107 100 108 100 108 105 106 105 106 114 116 92 97 76 90 92 
161 162 163 163 164 165 166 167 169 169 170 172 172 173 174 175 176 177 177 178 178 169 154 131 151 151 111 70 75 115 154 175 186 191 194 183 162 161 180 173 140 123 94 91 89 97 108 107 105 96 103 102 107 112 109 107 101 106 112 98 98 84 93 95 
161 162 163 163 164 165 166 167 168 170 170 172 172 174 175 175 176 177 177 177 176 165 149 110 147 147 103 70 56 106 156 163 166 181 181 179 175 173 186 179 166 137 109 99 88 100 108 105 104 94 100 102 108 115 112 106 100 105 107 101 101 91 92 94 
162 162 163 164 164 166 166 167 168 170 171 173 173 174 175 176 177 177 178 171 157 164 163 138 157 160 119 77 60 80 121 154 168 182 173 160 174 175 186 180 174 153 108 107 114 104 104 102 103 98 96 100 110 114 109 102 106 107 105 96 97 89 81 88 
162 162 163 163 165 165 166 168 169 170 171 173 172 173 175 176 177 177 178 164 145 164 153 118 125 110 84 64 51 64 97 152 167 174 171 161 176 175 186 181 174 157 118 114 120 100 101 103 102 98 101 104 107 109 108 103 107 101 102 92 96 94 81 87 
162 162 163 164 164 165 166 168 169 170 171 173 173 174 175 176 176 177 178 159 129 121 125 101 99 79 60 54 48 71 91 120 157 162 150 159 178 177 184 176 169 159 126 123 110 97 102 103 103 98 97 105 102 105 109 103 103 99 101 88 89 96 92 83 
162 163 163 164 164 165 166 167 168 170 171 172 174 174 175 175 177 177 178 169 142 106 103 106 102 81 73 68 60 68 92 132 160 155 145 154 175 174 185 177 171 145 120 121 113 97 101 106 105 100 99 106 104 105 110 106 100 94 102 81 78 92 91 79 
162 163 163 164 163 164 166 167 169 170 171 172 174 175 176 176 177 177 178 177 169 140 109 109 112 113 113 99 126 150 151 143 167 181 183 179 180 179 187 184 171 132 93 106 111 99 105 108 103 101 102 104 110 107 110 110 97 91 103 84 71 92 95 88 
163 163 163 163 163 165 167 168 169 170 171 172 174 175 175 176 177 177 178 178 179 175 153 110 119 138 151 115 137 166 168 167 178 193 201 207 202 191 188 171 168 152 104 99 119 105 108 111 104 101 106 106 111 106 108 103 108 88 98 92 86 85 93 92 
163 162 163 163 163 164 166 167 169 170 171 173 175 175 175 176 176 177 178 178 178 178 146 115 139 157 168 152 153 164 176 169 172 198 203 210 205 197 183 169 171 138 88 103 115 109 111 112 111 104 113 112 117 104 106 100 103 84 102 96 91 76 95 93 
163 162 162 163 164 164 165 167 169 169 171 172 174 175 175 176 177 178 178 178 179 176 143 118 159 180 174 172 165 166 186 182 164 200 209 209 205 190 166 171 167 131 84 91 104 110 110 116 107 105 112 115 122 115 115 105 107 74 99 95 85 83 99 89 
162 163 163 163 164 164 166 167 169 170 171 172 173 175 175 177 177 178 178 179 179 177 147 106 141 183 175 162 167 170 190 190 157 197 208 209 202 172 157 173 169 132 87 86 97 112 114 117 107 110 117 107 123 123 114 102 115 91 93 91 79 97 95 80 
162 163 163 164 164 164 165 167 169 170 170 173 173 174 175 177 177 178 178 179 177 175 150 125 146 183 170 154 156 168 193 194 179 199 208 208 200 163 154 172 169 129 83 104 101 112 117 114 109 110 117 113 126 121 116 114 118 102 81 78 85 101 90 81 
162 163 163 163 164 164 165 166 167 169 170 172 173 174 176 177 177 177 178 179 177 176 150 113 134 172 174 144 149 164 188 196 180 203 210 212 203 165 156 167 169 131 76 108 105 109 114 112 108 115 116 115 122 120 121 121 118 106 88 77 88 94 87 86 
162 163 163 163 164 165 165 166 168 170 171 172 173 175 176 177 177 177 178 179 179 178 160 113 128 173 175 150 153 163 186 188 167 203 211 212 198 156 164 169 169 142 88 113 109 110 109 111 105 114 112 112 122 123 118 112 111 103 97 84 92 91 85 86 
162 163 163 163 164 165 165 166 167 170 171 171 173 174 175 177 177 178 178 179 180 178 161 141 148 180 159 162 146 163 187 187 190 207 210 211 195 176 170 173 169 138 101 105 108 111 112 110 111 109 102 107 124 121 111 113 105 99 96 79 95 95 69 81 
163 163 163 163 164 165 165 166 167 169 171 172 173 173 175 176 177 178 178 179 179 174 141 140 149 161 125 142 168 174 185 185 189 200 200 204 195 191 175 168 167 119 109 112 102 111 112 111 114 113 109 114 126 119 111 101 103 92 97 86 87 91 67 81 
161 163 163 163 164 165 165 166 167 168 169 172 173 173 174 175 177 178 178 178 178 174 136 139 147 144 137 134 146 164 177 186 185 184 186 194 195 195 189 166 164 136 113 123 98 106 112 114 109 108 104 109 117 115 110 100 100 95 101 98 91 98 68 78 
161 162 163 163 164 165 165 166 167 169 170 172 173 173 175 176 177 178 178 178 178 171 141 148 146 146 147 132 101 137 163 164 171 184 182 194 189 188 185 178 169 145 120 128 99 104 112 112 107 105 100 105 117 115 111 105 99 102 104 98 94 99 75 82 
161 163 163 164 164 165 165 166 167 168 169 171 172 173 174 175 177 178 178 178 179 170 141 151 152 142 149 136 128 143 134 135 141 169 180 185 182 183 183 174 160 136 114 127 91 100 110 108 102 108 105 109 116 117 114 105 92 102 97 97 95 98 93 88 
161 162 163 164 164 165 165 166 167 168 170 172 173 173 174 175 177 177 177 178 178 169 163 167 155 168 165 155 174 189 190 154 99 143 168 173 182 185 164 163 139 134 123 117 87 103 109 109 107 108 110 113 112 108 107 97 90 95 90 102 94 104 98 84 
161 162 163 164 164 165 165 166 167 168 169 171 172 173 174 175 177 177 177 178 179 166 165 169 140 169 169 152 183 193 195 157 107 141 159 168 178 177 151 162 127 137 140 106 82 105 109 105 107 113 113 111 100 103 108 92 93 88 95 104 94 104 90 81 
161 162 163 163 163 164 165 166 167 167 168 170 171 173 174 174 176 177 177 177 178 163 163 185 176 187 188 176 172 187 191 174 165 176 160 165 170 175 159 159 147 153 151 118 90 107 111 106 104 115 121 121 110 106 102 102 100 77 85 97 99 106 93 90 
160 162 162 163 164 164 165 165 166 168 169 170 171 172 173 174 175 176 177 177 177 158 160 200 189 195 202 163 140 183 190 190 184 173 169 166 175 176 157 150 156 162 152 108 83 106 111 110 105 112 129 129 119 112 92 97 101 87 87 95 97 104 95 87 
160 161 162 163 163 164 165 165 166 167 168 170 170 171 173 174 174 176 177 177 177 162 168 195 186 195 201 174 153 186 186 192 186 180 180 173 179 173 167 166 164 158 142 102 84 107 112 113 108 112 127 124 116 110 94 99 103 91 92 93 91 101 95 78 
160 161 162 162 163 164 165 165 166 166 168 169 170 171 172 173 174 176 177 177 177 166 158 169 158 175 173 161 179 175 177 189 189 182 184 180 183 175 183 183 175 154 146 106 87 105 111 109 107 113 120 116 97 106 97 97 101 94 94 98 93 98 101 80 
160 161 161 162 162 164 164 164 165 166 167 169 170 171 172 173 174 175 176 176 176 159 150 167 127 165 161 128 154 158 172 188 192 193 194 177 180 173 181 182 176 144 132 91 85 103 111 105 106 115 118 110 99 105 96 89 94 94 94 101 95 96 98 87 
159 160 160 162 162 163 163 164 165 165 167 168 170 171 171 172 174 175 176 176 176 155 144 170 156 173 161 138 148 148 152 191 198 202 192 172 172 172 181 180 175 145 126 115 91 102 106 106 109 116 122 113 103 106 91 83 95 95 96 95 91 94 98 96 
159 160 160 161 162 162 163 164 165 166 166 167 169 170 170 172 174 175 174 175 176 153 135 153 143 137 145 125 124 174 178 199 204 195 175 156 163 173 172 160 163 145 134 128 98 100 104 103 107 112 113 100 104 109 100 86 91 87 95 99 93 96 101 98 
158 159 159 160 161 162 163 164 164 165 166 167 168 170 170 172 172 174 175 175 176 156 137 140 131 120 148 167 142 180 189 199 188 172 168 153 158 169 169 150 130 118 122 126 96 102 108 104 106 112 114 107 96 105 94 87 86 87 92 88 89 102 96 92 
158 158 159 160 160 162 163 163 164 164 166 167 168 169 169 170 171 173 174 175 172 165 157 142 131 117 149 204 156 176 194 201 172 140 164 162 170 173 166 144 124 92 109 99 91 100 107 106 106 112 116 104 99 108 93 77 86 96 99 84 77 96 88 86 
157 157 158 160 161 161 162 163 163 165 166 167 167 168 169 170 171 173 174 174 168 160 156 156 135 113 144 183 154 175 182 196 185 158 140 167 174 174 164 157 132 72 108 103 95 100 108 104 108 114 110 99 90 100 82 78 92 85 97 92 76 93 87 87 
156 157 158 159 160 161 162 162 163 164 165 166 167 168 169 170 170 171 173 173 163 161 161 149 118 109 160 173 182 155 167 188 176 157 119 140 174 174 166 164 153 88 109 109 96 103 107 99 110 115 110 96 89 95 72 88 93 85 91 86 78 92 88 92 
156 157 158 158 159 160 161 162 162 163 164 164 166 167 168 169 169 171 172 171 165 162 164 152 115 110 178 191 193 151 138 174 166 157 129 133 173 171 164 166 154 105 116 118 95 100 103 103 107 115 108 96 90 93 87 84 84 90 90 85 71 83 88 94 
154 155 156 157 158 160 160 161 162 163 163 164 165 167 167 168 169 170 170 170 162 159 163 160 148 135 175 191 191 154 129 117 118 144 143 147 172 168 165 164 153 109 127 120 92 98 103 99 106 108 101 95 96 94 92 91 79 88 86 91 71 80 92 89 
153 154 155 156 158 159 160 160 162 162 163 165 165 166 167 168 168 170 170 169 162 158 160 160 150 119 169 182 185 156 151 152 161 151 135 144 171 165 160 162 150 105 111 112 93 98 101 100 111 108 98 92 99 91 92 93 81 95 79 91 75 75 92 76 
153 154 155 155 157 158 159 159 160 161 163 165 165 166 166 167 167 168 170 169 161 158 161 162 148 116 166 180 176 153 154 149 164 162 144 148 166 162 157 159 149 111 122 105 93 97 99 101 112 106 96 92 93 93 93 92 87 100 74 88 80 77 84 80 
152 153 154 155 156 157 158 159 159 161 163 164 164 164 166 166 166 167 168 167 158 159 159 160 136 117 168 177 174 155 160 141 147 155 138 146 160 161 148 144 143 117 117 110 92 96 95 102 108 104 91 89 81 91 88 86 83 94 70 81 86 82 88 88 
152 153 154 155 155 157 158 159 160 160 162 163 163 164 164 165 166 167 167 166 157 157 159 160 146 128 160 175 169 148 146 148 143 156 137 145 158 164 154 145 125 114 108 100 91 96 96 101 99 91 84 88 84 89 80 85 80 84 63 78 86 79 90 92 


155 155 156 157 158 158 159 159 160 160 160 161 161 162 162 163 163 163 163 163 163 163 163 163 163 162 162 163 150 124 115 92 97 102 129 163 194 144 109 104 104 99 88 55 57 62 93 98 92 96 92 94 93 84 91 89 89 88 88 96 99 81 83 81 
156 156 157 158 159 159 159 160 160 160 161 162 162 163 163 164 164 164 164 164 164 164 164 164 165 164 164 164 156 125 109 90 84 93 132 152 174 136 102 94 102 99 79 52 64 70 93 97 96 97 98 93 98 88 96 96 90 93 99 97 97 88 84 75 
157 157 158 159 160 160 161 160 161 161 162 163 163 164 164 165 165 166 165 165 165 165 165 166 164 164 164 165 153 126 116 92 86 80 129 156 158 121 107 105 118 120 103 83 80 69 96 98 98 98 96 96 95 90 98 98 82 91 96 93 96 93 90 67 
158 159 159 159 160 161 162 162 162 162 163 164 164 165 165 165 166 166 167 167 167 166 167 167 167 166 166 166 152 127 117 100 91 82 128 151 103 111 122 123 141 148 138 108 96 74 96 98 101 100 95 92 93 91 97 97 88 89 89 93 99 97 93 70 
159 159 160 160 161 162 162 163 162 163 163 164 165 165 166 166 167 167 167 168 168 167 167 167 167 158 151 162 148 124 122 115 101 80 126 152 105 133 137 137 140 142 135 107 94 73 98 99 101 99 100 91 98 88 94 97 95 95 89 98 99 96 87 70 
159 160 161 161 161 163 163 164 164 165 165 165 166 166 167 167 167 168 168 168 169 169 169 168 168 144 117 128 136 123 123 126 113 87 126 141 122 133 124 134 136 143 136 111 96 74 100 105 103 101 100 98 102 97 97 96 91 94 93 96 98 100 84 71 
160 161 162 162 163 163 164 164 165 165 165 166 166 167 168 168 168 169 169 169 170 170 170 170 169 144 113 118 134 124 122 130 124 102 138 127 113 131 134 136 135 139 127 97 86 65 100 103 102 104 100 101 99 94 100 96 90 97 99 94 95 98 93 78 
160 162 163 164 164 164 165 165 166 166 167 167 167 168 169 170 169 170 170 170 171 171 171 171 169 143 117 128 134 102 77 85 99 131 155 141 94 82 84 95 128 129 104 85 86 61 100 104 102 102 100 100 98 100 102 98 89 89 101 98 96 98 97 77 
161 162 163 164 164 165 166 166 166 167 167 168 168 169 169 170 171 171 171 171 172 173 172 172 169 143 116 127 136 89 61 65 85 145 138 132 80 46 42 69 129 131 123 99 104 74 100 102 104 102 97 97 96 103 101 100 93 82 102 96 97 98 94 69 
161 162 164 165 166 166 166 167 167 167 168 169 170 170 170 171 172 172 172 172 173 173 173 174 169 145 117 122 116 101 95 103 130 158 156 138 89 66 59 85 133 135 128 104 103 76 102 104 104 102 97 99 98 101 100 102 97 88 107 90 103 97 93 81 
162 164 165 165 166 167 167 167 168 168 169 169 170 171 171 171 172 173 173 173 173 173 174 174 171 144 115 111 99 118 130 134 137 162 159 137 137 141 136 138 133 127 121 93 96 77 106 110 103 105 102 99 101 96 99 103 91 95 108 89 106 100 83 84 
162 163 165 166 166 167 168 168 169 169 169 170 171 172 172 173 173 173 174 174 174 174 174 175 171 148 124 119 95 109 138 135 132 158 160 133 148 173 153 130 127 126 113 83 95 79 108 107 101 99 99 101 102 98 103 108 92 102 106 94 108 101 88 87 
163 164 165 166 167 168 168 169 169 170 170 171 172 172 173 173 173 173 174 175 175 175 175 176 175 171 164 143 122 111 139 135 135 152 155 126 151 162 162 153 132 130 114 86 96 79 106 106 107 97 102 103 101 104 108 112 82 101 106 109 106 101 91 78 
164 164 166 167 168 168 169 170 170 170 171 172 172 173 173 173 173 174 175 175 176 175 176 176 176 172 143 122 116 115 135 135 137 146 150 124 157 174 185 172 136 129 123 109 93 79 107 107 110 100 95 104 104 106 107 112 91 103 105 112 106 98 88 79 
165 165 166 168 168 169 170 170 171 171 172 172 173 173 174 174 174 175 176 176 176 176 176 177 177 162 121 108 108 122 150 152 154 159 156 140 169 183 181 168 142 134 124 117 93 81 108 110 112 104 92 108 107 106 106 107 101 109 101 112 109 92 93 88 
165 167 167 168 169 170 170 171 172 172 172 173 174 174 175 175 176 175 176 176 177 177 177 177 176 167 143 125 126 139 170 176 177 179 172 159 158 159 139 154 156 142 100 89 80 95 109 110 113 107 104 113 114 103 105 109 102 109 107 108 110 98 99 98 
166 168 168 169 169 171 171 172 172 173 174 174 174 175 176 176 176 176 176 177 178 178 178 178 176 170 165 169 172 179 183 184 184 181 171 162 155 141 107 141 142 124 72 51 58 91 110 110 116 111 105 109 115 106 106 107 94 109 114 106 104 98 105 102 
167 168 168 169 170 171 172 173 173 174 174 174 175 176 176 176 177 178 178 178 179 179 179 179 184 168 165 169 170 183 187 186 184 177 167 148 152 137 122 148 143 125 84 71 62 90 112 111 118 113 105 111 114 98 108 112 105 110 115 110 102 89 103 97 
166 168 169 170 171 172 173 174 174 174 175 175 176 177 177 177 178 178 178 179 179 179 180 179 175 154 154 161 173 187 186 178 170 167 157 148 137 142 146 149 142 112 81 61 59 93 111 107 116 114 110 112 113 104 115 116 114 113 120 98 95 89 85 83 
167 169 170 171 172 173 174 174 174 175 175 176 177 177 178 178 178 179 179 179 180 180 180 180 174 153 152 124 142 183 185 182 175 179 168 150 138 153 157 156 144 124 86 54 66 94 113 108 112 112 110 109 110 109 121 111 109 121 119 93 90 96 90 81 
168 170 171 171 172 173 175 175 176 176 176 177 178 178 178 178 179 179 180 180 180 181 180 179 175 154 158 136 155 179 178 168 177 186 177 150 144 161 159 159 137 108 78 76 83 94 112 113 112 114 108 102 109 108 116 108 105 119 117 106 97 91 96 90 
168 169 170 172 173 174 175 176 177 177 177 178 178 179 179 179 180 180 180 181 181 185 171 170 163 145 167 161 158 178 164 132 159 181 173 148 146 160 159 160 132 81 92 95 92 95 111 113 115 115 110 109 112 105 109 106 98 113 112 111 94 79 92 92 
169 170 171 172 174 175 176 177 177 178 179 179 179 180 180 179 180 180 181 181 181 181 161 153 128 115 166 163 153 175 149 97 134 170 170 152 149 164 165 161 134 80 117 98 98 97 113 112 110 114 108 108 105 104 118 115 102 114 113 102 95 77 90 88 
169 171 172 174 175 175 177 178 178 178 179 179 180 181 180 180 180 181 182 182 181 156 138 140 139 159 153 131 144 151 119 88 136 170 172 153 151 165 171 155 138 99 89 86 102 98 110 112 112 108 108 108 104 105 119 116 105 109 112 101 95 80 94 85 
170 171 172 173 175 176 177 178 178 178 179 179 181 181 181 181 181 181 182 183 182 154 132 118 131 154 150 112 105 107 110 141 162 180 175 156 150 165 167 152 140 107 78 83 101 99 110 115 113 104 108 103 107 99 113 105 102 110 111 101 93 79 97 88 
170 172 173 174 175 176 178 179 179 179 180 180 182 181 182 181 182 182 183 183 181 156 137 128 132 141 138 100 96 113 129 170 180 178 176 166 150 164 163 151 135 105 82 76 95 97 110 113 110 104 111 103 110 109 111 109 112 113 112 95 98 80 94 95 
172 172 173 174 176 177 178 179 179 180 181 180 182 182 182 182 182 183 183 183 181 155 137 121 131 132 109 71 77 100 128 153 165 170 172 161 137 138 157 150 120 104 87 86 86 94 110 110 108 101 108 106 110 114 112 111 106 108 109 101 101 89 97 96 
172 173 173 174 175 177 178 179 180 180 181 181 182 182 183 183 183 183 183 183 178 150 134 104 131 134 103 73 58 92 128 140 144 160 159 156 149 147 163 158 146 118 96 92 87 98 111 109 108 101 106 106 111 115 113 109 105 107 106 104 104 93 94 96 
173 173 174 175 176 177 178 179 180 181 181 182 182 182 183 183 183 183 183 172 144 147 147 127 139 142 115 80 62 70 98 132 146 160 152 139 147 148 164 159 153 136 93 93 106 102 107 107 108 104 102 106 114 114 112 108 109 107 106 101 102 93 84 91 
173 174 175 176 177 178 179 180 181 182 182 182 182 183 184 184 183 183 184 164 129 147 140 114 117 104 86 66 52 56 79 131 145 153 149 139 149 147 163 159 153 138 102 100 111 99 105 108 108 105 108 111 110 111 112 108 109 104 104 96 99 99 85 89 
174 175 175 175 177 178 179 180 181 182 182 182 183 184 184 184 184 184 184 158 118 120 122 103 99 80 63 53 46 62 74 100 136 141 128 136 153 150 160 154 145 137 109 109 103 97 106 109 110 104 104 110 107 109 112 107 106 103 104 93 94 99 96 87 
175 176 176 176 178 178 179 180 181 182 183 183 184 184 184 185 185 184 184 171 140 109 103 107 103 84 71 64 57 59 76 111 138 135 127 134 149 148 162 153 147 124 104 106 106 98 106 111 109 106 106 111 108 110 110 110 105 100 105 86 85 96 94 84 
175 176 176 177 178 179 180 181 181 182 183 183 184 184 184 185 185 185 185 184 175 138 112 110 110 107 98 81 102 127 128 120 144 163 164 158 154 152 164 160 148 112 79 93 106 100 110 112 109 108 109 111 114 114 113 114 104 97 106 89 78 97 97 92 
176 176 177 178 179 180 180 181 181 183 184 184 183 184 184 185 185 185 186 186 186 180 157 110 113 122 122 93 95 130 144 143 155 176 183 188 179 167 165 149 145 131 91 88 113 104 111 115 111 109 112 112 115 112 113 110 111 96 104 97 92 91 97 96 
176 177 177 178 179 180 180 181 182 183 184 184 184 185 185 186 186 186 186 186 186 186 146 104 128 138 136 115 104 125 153 148 151 181 185 192 185 175 160 147 149 118 75 92 110 108 113 116 116 111 117 116 119 112 112 107 107 92 107 102 97 82 98 97 
176 177 178 178 179 180 181 181 182 183 184 184 184 184 185 186 186 186 186 187 186 182 140 106 142 156 143 138 125 132 163 164 150 184 192 190 184 168 144 150 145 112 71 81 99 110 114 120 113 112 116 120 124 120 118 112 109 81 103 100 93 91 103 93 
177 178 178 179 179 180 181 182 182 183 184 185 185 185 186 186 186 186 186 187 186 185 141 96 131 155 145 146 157 150 168 174 143 182 193 191 182 151 136 149 147 113 75 77 93 112 118 121 114 116 120 112 126 126 119 110 119 97 99 97 87 101 98 87 
178 178 178 179 179 180 181 181 182 183 184 184 185 186 186 187 187 186 187 187 185 182 148 117 134 154 139 119 112 132 172 178 163 183 193 192 181 142 133 150 148 111 71 95 99 113 120 119 114 116 121 117 128 125 121 120 121 108 87 86 92 104 94 87 
177 178 179 179 180 180 181 182 183 184 184 185 185 186 186 187 187 187 187 187 186 184 149 104 125 143 142 118 108 124 165 179 162 187 195 194 183 145 136 146 148 114 64 98 104 111 118 118 113 120 121 121 126 123 124 124 120 110 93 86 95 100 93 91 
177 178 179 179 180 181 181 182 182 183 184 185 185 186 186 187 187 187 187 187 187 186 159 104 120 145 144 121 112 124 163 169 149 187 195 196 179 136 143 148 148 123 76 104 107 112 115 117 112 120 118 117 125 124 119 115 114 108 104 91 99 96 92 92 
178 179 179 179 180 181 182 182 183 183 184 185 185 186 187 187 187 187 187 186 186 184 158 127 126 151 129 132 111 131 163 165 171 191 193 193 174 156 148 151 149 117 89 99 106 113 117 117 115 115 109 113 125 123 117 117 111 106 103 87 101 99 77 89 
177 179 179 179 180 181 181 182 183 183 184 184 185 186 186 187 187 187 188 187 187 175 111 107 121 131 95 114 138 149 162 162 168 182 182 185 172 171 154 147 147 103 96 103 100 113 116 117 118 118 116 118 126 121 117 109 109 100 103 95 95 96 73 87 
177 178 179 179 180 181 181 182 183 183 184 184 185 186 187 187 187 188 188 188 187 172 99 105 117 115 107 106 115 139 158 163 163 164 166 175 176 176 169 147 144 118 100 113 96 109 116 119 115 115 111 115 120 117 116 106 106 102 107 104 98 103 72 84 
177 178 179 179 180 181 181 182 183 183 184 184 185 186 186 187 187 188 188 188 187 168 104 115 118 116 116 110 96 122 147 145 147 163 162 175 169 168 165 157 148 124 106 121 98 107 116 118 115 113 107 112 121 118 115 112 105 110 111 104 100 104 81 89 
176 178 179 180 180 181 181 182 182 183 184 184 185 185 186 187 187 188 188 187 187 166 106 123 136 116 119 116 119 122 116 118 126 150 161 165 162 163 163 153 140 115 101 120 89 106 115 114 111 114 111 116 120 120 116 110 99 109 104 103 101 103 97 91 
177 178 179 180 180 180 181 182 182 182 183 184 185 185 186 187 187 187 188 187 186 162 125 144 146 141 142 145 156 160 160 134 96 128 149 151 162 165 143 142 120 114 112 113 86 107 114 114 114 114 116 119 117 113 111 104 97 102 98 107 100 107 101 90 
176 178 179 180 180 180 181 182 182 183 184 184 185 185 186 187 187 187 187 187 186 155 127 147 129 139 148 155 167 164 163 136 103 128 140 148 157 158 132 141 108 117 131 107 80 107 114 112 114 118 117 117 108 111 113 100 100 95 102 108 102 106 94 87 
176 178 179 179 180 180 181 182 182 183 183 184 184 185 185 186 187 187 187 187 186 149 126 159 156 156 167 177 164 163 160 143 144 159 140 144 151 155 139 138 126 136 141 117 89 110 116 112 111 119 124 124 116 113 110 109 106 84 94 104 104 108 98 97 
176 178 179 179 180 180 181 181 182 182 183 184 184 184 185 186 186 187 187 187 185 142 126 173 165 166 181 163 150 163 160 159 159 154 149 144 156 155 137 128 134 144 144 105 81 108 117 115 112 118 128 129 122 116 101 104 106 95 97 102 103 106 99 93 
176 177 178 179 179 180 181 181 182 182 183 184 184 184 185 185 186 186 187 187 185 153 138 169 165 167 181 170 151 161 158 161 164 162 162 153 159 153 147 144 143 144 136 98 82 111 117 118 114 117 128 126 120 116 104 106 107 100 101 99 95 103 98 84 
175 177 178 178 179 180 181 181 181 182 182 183 184 184 185 185 186 186 187 187 186 166 133 143 141 145 154 160 159 146 149 160 170 164 167 163 165 154 163 161 156 143 140 105 86 109 116 114 112 118 124 120 105 111 104 106 107 100 102 104 99 102 102 87 
175 176 177 178 179 180 180 180 181 182 182 183 183 183 184 185 185 186 186 186 186 159 127 144 116 138 143 133 146 136 143 162 172 175 175 159 160 151 160 161 155 130 124 91 85 107 115 111 113 119 122 116 106 112 103 97 101 101 101 106 101 103 101 93 
175 176 177 178 179 179 180 180 181 181 182 183 183 183 184 184 185 185 186 186 186 154 120 146 145 147 142 130 147 135 128 167 179 183 170 152 150 151 159 159 153 128 119 113 91 107 113 114 116 121 125 119 110 114 99 91 103 103 103 101 97 99 102 101 
174 176 177 177 178 179 180 180 181 181 182 182 182 182 184 183 184 185 185 185 184 152 121 138 131 122 124 103 128 154 154 176 183 174 156 139 141 149 151 138 140 127 127 127 99 106 112 112 113 119 118 108 110 113 108 94 99 95 101 104 99 102 105 104 
174 175 176 177 178 179 179 180 180 181 181 182 182 182 183 183 183 184 185 185 184 156 130 131 125 112 128 139 136 157 162 178 167 152 150 140 139 145 147 129 109 102 115 125 100 109 115 112 112 118 119 114 104 111 103 96 93 95 98 95 96 106 102 97 
174 175 176 177 177 178 179 179 180 180 181 181 181 182 182 183 183 184 184 185 178 156 148 133 124 112 131 174 151 154 169 179 150 119 144 145 149 151 144 123 103 78 99 98 94 108 113 113 113 117 120 111 107 113 102 86 96 102 104 92 85 103 97 93 
173 174 175 176 177 178 178 179 180 180 181 181 181 182 182 182 183 183 184 183 161 142 138 137 127 112 126 168 147 149 155 171 165 146 120 148 153 152 141 135 112 60 96 96 96 108 114 112 115 119 115 107 99 107 92 89 101 94 104 97 86 100 94 94 
172 173 175 175 176 177 178 179 179 180 180 180 181 181 181 182 182 183 183 180 150 143 142 132 110 106 141 154 158 130 141 164 158 145 102 121 153 151 143 141 132 76 96 100 98 111 113 107 115 121 116 106 99 103 83 96 100 94 97 93 86 99 95 98 
172 173 174 175 176 177 177 178 179 179 179 180 180 180 180 181 181 182 183 178 151 144 145 137 106 102 155 162 166 129 119 152 148 140 112 113 151 149 142 145 132 91 104 111 98 107 110 111 114 120 114 104 100 102 96 92 94 98 98 92 81 89 93 97 
171 173 173 174 175 176 177 178 178 179 179 179 180 179 180 181 181 182 182 176 146 141 144 141 130 122 153 161 164 132 116 109 107 129 125 126 150 146 143 142 132 94 114 114 96 104 109 107 113 113 108 104 104 102 102 97 90 98 94 99 80 87 97 93 
170 172 172 173 174 175 176 177 177 178 178 178 179 179 179 180 180 181 181 177 148 140 142 142 132 114 150 156 160 131 125 131 144 138 121 123 149 144 138 141 130 90 97 105 96 104 108 108 115 113 105 101 106 100 101 99 91 103 88 99 83 83 97 81 
170 170 171 172 173 174 175 176 176 177 177 177 177 178 178 179 179 180 180 177 149 140 142 142 131 109 145 155 153 130 126 128 145 143 127 128 145 141 137 138 129 96 109 99 96 102 106 109 115 110 103 100 100 101 100 98 95 105 83 96 87 84 90 84 
169 170 171 173 173 174 175 175 175 176 176 176 178 177 178 178 178 179 180 178 148 143 142 143 124 104 147 154 153 130 129 123 130 138 120 125 138 140 127 123 122 101 105 105 96 104 105 110 113 109 100 97 92 100 96 95 93 100 79 90 93 90 93 92 
169 170 171 172 173 174 175 175 176 176 177 177 178 178 178 178 178 179 180 178 148 141 142 141 134 116 139 154 155 131 118 131 126 139 120 125 139 143 134 127 107 99 97 96 96 104 103 108 105 98 94 97 94 97 89 94 90 91 73 89 94 89 95 95 


171 171 170 171 170 170 171 171 171 171 172 172 172 172 172 171 171 171 171 170 170 170 170 170 169 166 166 166 147 102 93 77 81 85 117 151 190 118 64 58 61 57 51 40 39 39 93 104 99 102 98 100 99 93 97 96 95 94 94 98 100 87 89 87 
173 172 172 172 173 172 172 172 172 172 173 173 173 173 173 172 173 172 172 171 171 171 171 171 170 168 168 168 151 101 88 77 69 76 118 136 170 109 60 51 62 65 52 43 48 48 95 104 103 104 103 99 104 95 102 102 96 99 100 99 100 91 90 83 
174 174 174 172 173 173 173 172 173 173 174 174 174 174 173 173 173 173 173 172 172 172 172 172 170 168 167 167 144 100 95 79 70 62 112 140 152 90 61 59 77 81 67 73 69 65 99 105 106 104 102 103 102 97 104 103 90 98 99 99 100 95 94 75 
174 175 174 173 174 174 174 173 173 174 174 174 174 174 174 174 174 174 174 173 173 173 173 173 172 169 169 169 142 102 95 84 73 62 110 134 87 72 75 74 91 95 90 93 80 75 100 105 107 106 101 100 100 98 102 103 96 96 95 96 101 97 94 75 
175 176 175 174 175 175 175 174 174 175 175 175 175 175 176 175 175 175 174 174 174 174 174 174 173 158 146 160 136 100 100 96 82 60 109 136 83 89 85 78 78 81 98 94 76 73 100 105 107 106 106 97 103 95 100 102 99 99 96 98 101 95 92 77 
175 177 175 175 175 176 176 176 176 176 176 177 176 176 177 177 176 176 176 176 175 175 175 175 173 137 102 112 113 99 101 106 94 68 108 120 91 93 89 82 80 87 104 101 82 75 103 110 109 106 105 103 106 103 103 102 95 98 99 99 100 97 90 79 
176 177 177 176 176 176 176 176 177 177 177 178 178 178 178 178 178 178 177 177 178 177 176 176 174 135 97 101 109 101 101 108 101 84 108 95 84 100 103 101 89 90 98 96 82 68 105 109 110 110 106 107 105 101 105 102 95 101 99 95 98 97 97 86 
176 178 178 177 177 178 178 177 178 178 178 178 179 179 179 179 179 178 178 178 179 178 177 177 173 132 101 112 109 83 63 70 82 100 109 102 78 81 87 90 88 84 74 84 80 64 106 109 109 110 106 106 105 106 107 103 95 93 100 98 100 100 100 84 
177 178 179 179 178 178 180 180 180 179 179 179 180 180 181 181 180 180 179 179 179 178 178 178 170 128 101 111 111 72 51 57 72 103 93 99 67 48 45 57 86 84 91 96 98 76 106 108 111 110 103 103 103 109 106 105 100 89 104 99 97 100 99 76 
178 178 180 180 179 179 180 179 181 180 180 181 181 181 182 182 181 180 180 180 181 181 180 179 170 132 104 106 90 84 81 85 96 107 114 110 71 57 52 66 88 86 95 98 101 78 108 111 111 109 102 105 105 107 106 108 102 96 105 93 101 94 98 89 
178 179 180 180 180 180 181 181 182 182 182 181 182 182 183 183 182 182 182 181 181 181 181 180 171 129 99 88 72 96 107 100 96 114 127 110 97 96 92 91 86 79 90 89 95 77 110 114 110 112 108 105 108 104 105 109 99 102 109 94 101 92 90 93 
179 179 181 182 182 181 182 182 183 182 182 182 183 183 183 183 183 183 183 183 182 182 182 182 175 139 110 99 71 88 108 96 92 122 131 105 103 125 135 102 86 80 80 78 94 79 112 112 108 107 107 109 108 106 108 112 99 108 110 100 100 96 94 95 
181 180 181 182 183 182 182 183 183 184 183 183 184 184 184 184 185 185 184 184 183 183 183 182 181 176 164 132 101 89 108 96 93 113 123 98 105 124 143 128 90 81 83 80 95 79 111 113 114 106 109 109 107 110 111 116 89 103 110 110 100 100 93 86 
182 181 181 183 184 184 184 184 184 184 184 184 184 184 185 185 185 186 185 185 184 184 184 184 183 176 119 79 76 79 100 99 97 103 115 96 109 124 135 130 93 86 104 101 91 75 111 114 117 107 103 111 110 112 110 114 97 106 109 109 102 101 94 87 
183 183 183 183 185 186 185 186 185 185 186 186 185 185 186 186 186 187 187 186 186 185 184 184 183 161 79 52 60 81 109 112 113 114 118 108 121 130 127 128 100 95 113 107 92 74 110 115 117 111 100 114 114 112 111 112 105 108 103 110 109 96 99 95 
184 184 184 184 185 186 186 187 187 187 187 187 187 187 187 187 187 187 188 188 187 186 185 184 183 161 93 69 78 95 125 130 129 129 133 127 125 126 102 121 108 100 81 77 66 80 111 116 118 114 110 116 116 108 110 113 105 111 111 109 112 103 104 101 
184 185 184 184 186 187 187 188 188 188 187 188 188 188 188 188 188 188 188 189 188 188 188 185 182 158 109 107 110 121 130 134 134 134 138 134 131 117 83 114 108 97 58 41 40 77 112 115 120 118 113 115 117 112 112 110 98 113 115 105 109 105 107 102 
184 185 185 185 187 187 188 189 189 188 189 189 189 190 189 189 189 189 189 190 190 189 189 187 187 147 107 110 115 128 136 135 132 138 142 122 125 114 98 122 118 103 67 53 41 78 113 115 121 117 112 116 118 106 114 114 110 115 115 111 106 96 105 99 
185 186 186 187 187 188 189 189 189 190 190 189 189 190 191 191 190 190 190 190 191 191 190 189 179 128 96 99 114 134 139 132 126 140 136 124 109 119 123 124 120 92 66 48 41 82 113 113 121 118 117 118 118 110 119 119 117 115 116 101 98 96 93 90 
186 186 187 187 187 188 189 190 190 190 190 190 191 191 192 192 190 191 191 191 191 192 190 188 179 125 94 68 92 131 135 132 141 158 149 127 111 130 134 131 120 99 71 46 50 86 115 114 118 117 117 115 116 116 120 114 111 118 116 97 94 102 96 89 
187 187 188 188 188 189 190 191 191 191 191 192 191 192 192 192 191 191 191 191 192 190 188 188 181 124 99 77 102 126 124 122 150 167 156 121 114 138 137 135 113 87 67 65 78 89 114 119 120 120 117 111 116 115 116 110 110 120 119 109 100 99 101 97 
188 188 189 189 190 190 190 191 192 192 192 191 192 192 193 193 192 192 192 192 192 187 164 169 159 112 108 105 106 125 110 85 127 158 149 116 119 137 136 136 110 72 88 87 92 91 114 119 121 121 117 116 119 113 115 111 103 116 116 114 102 89 97 99 
188 189 189 189 190 190 191 191 192 193 192 192 192 193 193 193 192 193 192 193 193 182 150 149 113 80 107 106 102 118 93 54 99 145 144 120 121 139 141 137 111 69 113 89 97 94 116 118 117 120 116 115 113 112 120 120 109 118 113 109 104 86 94 97 
188 189 190 190 191 191 191 192 193 193 193 194 193 193 193 194 194 194 193 193 192 150 117 127 107 106 94 75 89 97 74 57 109 147 148 126 126 141 148 133 114 82 86 82 102 97 115 118 120 116 114 115 111 113 122 116 112 113 113 107 102 91 99 94 
189 190 191 191 191 192 193 194 193 194 194 194 193 194 194 195 195 194 194 194 192 146 110 106 97 105 95 55 54 60 73 117 142 160 155 128 122 142 144 129 116 89 77 79 100 98 114 120 121 113 116 110 114 107 117 110 111 111 111 108 100 88 103 98 
190 190 191 191 191 192 194 194 194 194 194 195 194 194 195 195 194 194 194 195 191 145 114 112 98 97 84 48 52 68 92 147 160 156 152 138 120 139 140 128 112 86 78 73 95 98 115 119 117 113 118 108 116 117 118 116 120 112 109 103 103 89 102 102 
190 191 191 192 192 193 194 195 194 195 195 195 194 195 195 196 195 195 195 195 189 141 116 110 99 88 56 37 43 62 90 126 141 145 147 131 98 104 132 128 99 85 81 81 85 95 115 118 116 110 116 113 118 120 118 117 113 112 109 107 107 99 105 103 
190 191 192 192 193 194 194 195 194 195 195 196 195 196 195 196 195 195 195 193 182 134 114 95 101 83 54 40 34 60 90 112 119 135 133 125 101 100 135 135 124 100 85 81 81 98 117 117 116 111 115 115 118 117 118 116 113 113 109 109 109 100 102 102 
191 191 192 193 193 194 194 195 195 195 196 196 197 196 196 197 197 196 195 178 134 126 126 113 109 92 62 41 35 46 70 106 121 133 129 111 98 98 136 135 129 115 79 70 81 100 114 114 115 114 112 115 121 117 117 117 113 109 108 106 109 100 93 98 
191 192 193 193 193 194 195 196 195 196 196 197 197 196 197 197 197 196 196 167 115 127 120 90 77 53 41 35 31 36 58 108 120 126 125 109 101 99 135 134 128 115 86 76 82 98 113 115 116 115 116 120 113 115 117 114 112 108 109 104 106 105 95 97 
192 192 193 193 194 195 196 196 195 196 197 197 197 197 196 197 197 196 196 160 95 80 86 67 56 35 29 26 29 42 56 81 109 114 103 101 104 103 132 129 119 113 92 82 75 97 113 116 117 115 113 118 112 113 115 113 113 109 108 101 101 104 104 98 
192 193 193 193 195 195 196 196 197 196 197 197 197 197 197 197 198 196 196 178 131 69 65 73 62 40 35 35 37 42 60 90 110 105 100 100 100 102 134 129 124 104 87 80 80 98 112 117 116 115 115 119 115 117 111 114 112 108 110 95 94 104 101 94 
192 193 193 194 194 195 196 197 197 196 197 197 198 197 197 197 198 197 196 195 181 121 80 76 72 61 53 38 64 87 93 97 115 129 129 117 103 106 136 136 124 93 68 71 79 98 116 119 117 116 118 120 120 120 115 121 113 106 113 98 86 107 102 100 
193 193 194 194 195 196 196 197 197 197 197 198 198 199 198 198 198 197 197 197 197 188 155 79 74 76 74 58 68 97 107 116 124 139 143 145 133 132 140 125 120 109 77 67 87 103 117 121 118 118 119 120 121 119 120 121 116 106 112 105 100 101 105 103 
195 194 194 194 195 196 196 196 196 197 197 198 199 198 198 198 198 197 197 197 197 195 147 88 97 93 85 52 65 94 116 120 120 143 147 150 144 148 136 122 123 96 63 69 84 107 119 124 125 120 122 123 125 121 121 118 112 102 114 110 104 91 106 106 
195 195 195 195 195 196 196 197 197 197 197 198 199 199 198 198 198 198 197 197 197 191 135 95 115 111 94 82 91 102 124 140 131 148 154 148 146 143 121 124 120 91 60 59 76 111 120 128 122 122 124 127 129 127 125 121 113 90 110 107 102 100 108 101 
195 195 195 195 195 196 197 197 198 197 197 198 199 198 198 198 199 198 197 198 197 194 136 87 116 115 94 113 144 122 132 151 127 149 154 151 146 128 113 124 122 93 63 57 72 115 124 129 123 124 127 120 131 131 128 120 126 106 108 106 96 108 104 97 
194 195 195 195 195 196 196 197 198 197 197 198 198 198 198 199 199 198 198 197 195 190 143 104 115 115 87 57 75 104 137 156 142 150 155 153 144 119 111 124 123 92 60 71 80 117 127 127 123 124 128 124 133 129 129 127 125 116 94 96 100 110 102 97 
195 195 195 195 196 196 196 197 198 197 198 198 199 199 199 199 199 199 198 198 195 193 145 92 111 104 90 75 81 98 128 156 140 152 156 153 147 123 113 121 123 94 54 71 84 115 125 125 121 127 128 129 131 125 127 129 124 116 100 97 105 108 102 99 
195 195 195 195 196 196 196 197 198 197 197 198 199 198 199 199 199 198 198 198 197 196 157 92 105 103 92 71 80 99 122 143 123 150 155 154 142 113 120 124 124 102 63 78 88 117 122 125 121 128 127 126 129 127 119 121 121 118 114 101 109 104 102 103 
194 195 195 195 196 197 197 197 198 197 198 199 199 198 198 199 199 199 198 197 198 193 155 112 99 100 81 84 79 102 120 135 145 155 153 151 133 131 125 127 126 99 73 74 89 118 125 126 123 123 120 123 127 128 124 123 118 115 112 96 110 107 87 100 
194 195 195 195 196 197 197 197 198 198 198 198 199 198 199 199 199 200 199 198 198 179 98 87 83 79 50 69 82 109 121 130 140 150 149 151 139 145 124 122 123 85 77 76 85 118 123 125 125 127 125 125 127 125 124 117 117 109 112 105 106 104 80 99 
195 195 195 195 196 196 197 198 198 197 198 198 199 198 198 199 199 199 199 198 197 175 83 70 65 65 58 59 58 98 128 133 136 137 142 151 152 151 129 118 119 98 83 86 85 115 124 126 125 125 121 123 125 120 124 115 116 111 116 113 107 110 80 95 
194 195 195 195 196 196 197 197 198 198 198 198 199 198 198 199 199 198 198 198 197 170 85 70 69 62 64 74 74 95 123 120 119 137 136 152 145 143 136 132 123 102 89 91 86 114 124 128 124 123 117 123 126 122 122 122 115 117 119 112 108 111 90 99 
195 195 196 196 196 197 197 198 197 198 199 198 199 199 199 199 199 199 199 199 198 168 71 78 117 71 73 84 86 78 76 88 99 125 135 141 138 139 138 129 115 94 87 102 86 113 124 123 121 123 121 126 125 124 122 121 109 119 114 112 109 111 106 100 
194 194 195 196 196 196 197 197 197 198 198 198 199 199 199 199 199 199 200 199 198 162 75 104 136 88 102 118 109 98 95 87 63 101 125 126 137 142 119 118 100 96 98 103 89 114 123 124 123 123 125 127 126 119 118 115 106 112 108 113 109 113 108 100 
195 195 195 196 196 197 197 196 197 197 197 198 198 198 198 199 199 199 199 199 197 152 77 104 113 82 108 130 117 101 93 79 65 97 116 123 132 135 108 116 90 99 118 102 83 114 121 121 121 125 125 124 118 120 121 109 109 106 111 115 110 111 102 98 
195 195 195 195 196 196 197 197 197 198 198 198 199 199 198 198 199 199 199 199 197 146 82 104 116 92 122 147 126 107 93 86 109 134 113 119 128 132 115 111 101 116 127 110 91 115 123 121 120 125 127 125 123 121 119 118 113 94 104 111 111 110 104 106 
195 195 195 195 196 196 197 197 197 198 197 197 198 198 198 198 198 199 199 199 195 137 92 115 114 101 134 142 127 109 96 96 120 128 123 118 133 131 113 104 108 124 132 104 82 113 123 125 121 124 127 129 125 121 111 113 115 105 107 110 110 111 106 102 
194 194 194 195 195 196 197 197 197 197 197 197 197 198 199 199 198 198 199 199 195 147 102 111 121 105 138 146 117 106 101 100 129 135 138 128 135 128 123 120 118 124 123 96 82 115 122 124 122 125 128 128 124 121 116 117 115 109 110 106 103 108 103 93 
194 194 194 195 195 196 196 197 197 197 198 197 197 198 198 197 198 198 199 199 197 166 89 89 109 85 115 132 106 90 96 105 141 138 140 138 143 129 138 137 132 125 128 104 85 115 122 120 120 127 130 125 113 116 115 115 114 108 110 111 107 109 107 97 
194 193 194 194 195 196 196 196 196 196 195 196 197 197 197 197 197 198 198 198 196 158 82 98 102 84 106 110 107 86 89 114 145 145 141 130 138 128 136 137 131 112 112 89 85 112 120 119 122 126 127 123 113 118 113 108 110 109 107 112 109 110 106 102 
192 193 193 194 195 195 195 196 196 196 195 196 196 197 197 198 197 197 198 198 196 151 77 98 124 93 105 105 121 97 84 128 146 142 132 126 129 127 135 135 129 110 105 109 93 114 120 121 123 126 129 125 117 120 108 102 112 111 110 107 105 108 108 107 
193 192 193 193 194 195 196 196 196 195 195 195 196 196 197 197 196 197 197 197 195 149 101 109 90 77 89 70 108 110 107 139 139 133 128 120 122 127 127 114 116 106 113 119 103 113 121 121 122 125 122 118 119 120 116 103 107 103 107 110 106 109 111 110 
192 192 192 193 194 195 195 196 195 195 194 195 196 196 195 195 196 196 197 197 195 153 117 103 84 74 87 83 107 111 115 136 129 124 127 126 121 122 123 104 88 84 101 117 105 116 123 121 120 124 123 122 113 118 112 106 102 104 105 104 104 110 109 103 
190 191 192 193 193 194 195 195 195 194 194 194 195 196 196 196 195 196 196 197 184 145 129 100 84 73 81 110 119 106 118 132 119 97 121 124 128 127 121 100 77 64 85 92 99 115 120 121 121 125 125 119 115 119 111 95 105 108 110 101 95 108 106 102 
190 190 191 192 193 194 194 194 194 195 195 194 194 195 195 196 195 195 196 194 152 121 115 108 88 70 81 118 112 93 100 125 139 130 98 124 129 128 118 112 88 51 77 76 99 115 122 120 121 125 120 115 109 115 103 100 111 102 110 104 96 107 102 102 
190 190 191 191 192 192 193 193 194 193 193 194 194 194 194 194 194 195 195 189 136 122 119 103 74 69 98 107 108 91 97 119 133 129 83 100 129 127 119 116 107 62 74 73 101 117 120 114 122 127 121 114 108 112 93 105 108 103 104 101 97 107 103 105 
188 189 190 191 192 192 192 193 192 192 192 193 193 193 192 193 193 194 195 187 136 123 122 108 74 73 115 99 112 97 82 105 117 118 93 92 128 125 116 118 106 72 80 83 100 114 118 118 121 124 118 111 108 110 106 100 103 106 104 99 91 97 100 101 
187 188 189 190 191 191 192 192 191 192 192 193 193 192 192 192 193 193 193 182 128 119 121 116 101 91 113 97 108 94 68 63 76 104 104 102 126 122 119 117 106 73 88 84 99 112 117 115 119 119 115 110 110 109 110 103 101 107 101 106 89 94 102 96 
186 187 188 189 189 190 191 191 190 191 191 192 191 191 191 192 192 193 193 184 132 118 119 117 103 81 116 108 104 89 75 88 117 111 95 101 125 121 114 116 104 71 74 79 99 112 116 116 120 118 110 108 113 108 109 106 100 110 97 107 91 90 102 87 
186 186 187 188 188 189 190 190 189 190 191 191 191 190 190 191 191 192 191 185 135 119 119 119 105 83 118 118 102 90 76 92 118 119 103 103 120 116 111 113 104 77 85 75 100 110 113 118 119 116 110 108 108 109 106 105 102 109 91 103 93 91 96 91 
185 186 187 187 187 187 187 188 189 189 190 190 189 189 189 190 190 191 191 186 135 121 120 120 105 87 120 122 112 85 71 97 107 113 96 100 114 115 102 98 98 81 79 79 99 111 112 118 118 114 107 105 100 107 103 104 101 105 88 97 98 98 97 95 
185 186 186 187 187 186 187 188 188 189 190 190 189 189 189 189 190 190 190 186 136 120 118 115 111 95 111 125 135 97 59 104 103 114 96 99 114 119 108 102 86 81 72 71 99 112 112 115 112 106 101 106 101 104 95 102 97 97 80 97 102 95 96 94 