


57 53 48 45 43 41 39 36 38 40 41 42 51 62 101 165 176 153 169 200 165 133 129 123 116 112 124 135 137 142 149 139 127 113 106 106 118 136 149 156 144 141 139 136 138 162 129 14 3 2 1 0 0 0 0 0 1 1 0 2 2 2 1 0 
55 51 45 43 41 39 38 36 36 38 41 42 47 59 100 189 197 158 160 194 175 141 132 125 115 109 114 125 130 127 130 134 125 111 105 105 112 131 155 170 147 145 150 136 126 152 152 73 8 9 1 0 0 0 0 0 1 1 0 2 2 2 0 0 
52 46 42 40 39 37 36 36 36 38 39 41 45 56 88 161 184 155 172 214 181 162 144 130 117 108 108 118 127 127 123 126 121 111 103 102 108 128 147 160 146 149 164 138 73 49 61 29 2 1 0 0 0 0 0 0 0 0 0 1 2 2 0 0 
50 44 40 38 36 36 35 35 35 37 39 42 46 54 68 122 167 153 166 196 184 171 155 149 132 113 108 116 121 127 130 122 122 116 107 102 111 131 143 160 151 158 170 151 75 46 10 4 1 0 0 0 0 0 0 0 0 0 0 1 2 2 1 0 
47 42 38 36 34 34 32 34 35 36 39 42 46 50 57 101 147 148 171 180 173 169 159 151 141 122 109 111 110 125 138 129 135 124 109 103 117 140 153 182 168 165 178 161 136 100 46 11 4 8 5 0 0 0 0 0 0 0 0 1 2 2 1 0 
46 41 37 36 34 33 32 34 35 36 39 42 44 46 55 97 137 143 170 216 200 198 175 146 135 125 116 117 111 124 142 133 155 146 114 107 130 148 159 200 192 183 188 164 152 161 154 35 12 23 12 0 0 0 0 0 0 0 0 1 2 2 0 0 
44 40 37 35 33 31 33 34 34 36 38 41 42 47 59 97 133 139 170 244 248 246 211 154 137 124 118 121 115 127 143 134 147 156 121 113 155 160 165 219 225 205 198 172 134 134 168 54 6 10 51 18 0 0 0 0 0 0 0 1 2 2 1 0 
42 37 35 34 32 32 32 33 34 36 37 40 44 49 64 97 133 137 175 247 248 246 210 167 141 124 118 121 115 132 146 137 141 144 120 119 173 160 167 230 240 222 195 166 87 35 26 24 7 7 51 42 1 0 0 0 0 0 0 1 2 2 1 0 
41 36 34 33 31 31 31 33 35 35 36 40 46 54 73 106 135 135 175 244 225 211 188 178 153 135 125 124 114 124 142 136 138 133 114 117 179 157 149 211 249 229 205 164 59 25 6 7 5 2 19 29 1 0 0 0 0 0 0 1 2 2 1 0 
39 35 32 31 31 32 32 34 35 35 38 41 46 58 85 121 134 134 187 247 219 199 192 177 159 148 137 132 118 122 146 133 128 128 113 116 180 160 141 198 248 234 205 167 112 29 2 1 42 59 30 4 0 0 0 0 0 0 0 1 1 1 1 0 
39 36 33 31 31 32 32 34 35 36 40 41 47 63 108 134 130 132 192 247 214 192 186 175 158 147 143 140 126 128 150 137 126 126 110 107 133 141 136 192 245 234 171 86 26 6 0 1 38 108 44 0 0 0 0 0 0 0 0 1 2 2 1 0 
37 35 33 31 31 32 32 34 36 38 40 42 46 65 121 132 128 133 192 246 214 191 184 167 152 145 148 146 133 134 149 136 127 125 108 103 118 128 133 194 239 236 107 11 1 1 0 1 29 131 44 0 0 0 0 0 0 0 0 1 2 2 1 1 
37 36 32 30 31 31 33 35 36 37 40 43 49 69 122 134 126 135 202 246 211 193 187 166 147 145 152 148 140 141 158 141 124 122 108 101 111 120 127 201 239 244 202 90 37 39 2 3 20 130 49 0 0 0 0 0 0 0 0 1 1 2 1 1 
40 36 33 30 31 33 33 35 36 38 40 43 53 88 138 137 130 141 213 251 219 194 185 167 147 141 144 143 138 141 164 147 130 122 109 105 111 116 123 197 221 240 237 185 163 84 57 41 63 149 34 0 0 0 0 0 0 0 0 1 2 2 1 0 
48 38 34 33 33 33 33 35 38 38 40 45 59 104 144 129 127 148 225 251 216 191 178 164 147 140 144 139 135 142 175 142 130 125 117 112 113 114 122 180 224 245 244 220 204 194 194 178 148 53 9 0 0 0 0 0 0 0 0 1 2 2 2 1 
45 37 34 33 34 34 33 35 38 39 43 49 63 112 142 127 123 152 227 250 214 186 168 155 144 135 138 138 131 135 158 130 123 120 118 117 117 116 122 169 245 247 245 223 208 224 230 238 192 69 14 0 0 0 0 0 0 0 0 1 2 2 2 3 
44 38 34 35 36 34 35 36 39 41 45 53 66 107 140 125 121 150 215 249 216 185 167 154 140 129 130 138 129 123 130 120 115 114 113 114 120 119 124 159 241 248 240 215 204 233 235 244 235 196 38 0 0 0 0 0 0 0 0 1 2 2 3 3 
44 40 36 36 38 36 35 37 40 43 50 59 70 104 136 123 121 157 219 248 215 184 168 154 138 125 125 131 122 115 121 118 110 108 108 111 118 118 125 155 230 250 248 215 201 220 216 200 189 152 37 0 0 0 0 0 0 0 0 1 2 2 2 2 
44 41 38 38 40 38 37 38 41 45 54 64 83 129 141 124 123 170 229 247 211 181 168 154 138 122 120 123 112 109 119 117 109 106 105 107 113 116 122 152 220 238 241 202 185 171 142 102 43 47 7 0 0 0 0 0 0 0 0 1 2 3 2 1 
45 42 39 37 40 39 39 39 41 47 60 76 112 162 148 125 126 188 242 246 211 183 170 151 134 120 117 118 108 103 109 113 106 104 105 105 110 113 117 144 190 232 231 184 141 82 29 41 8 2 0 0 0 0 0 0 0 0 0 1 2 2 2 2 
47 45 41 38 40 40 40 40 41 48 66 91 143 175 151 129 134 204 251 244 207 185 170 152 132 119 113 115 107 99 102 108 103 102 103 103 107 110 114 135 166 215 189 84 49 13 1 1 0 0 0 0 0 0 0 0 0 0 0 1 2 2 1 2 
50 47 42 39 40 42 41 41 42 50 74 106 158 178 149 129 136 212 253 245 206 183 170 156 139 123 112 115 108 100 100 105 100 99 101 102 107 110 113 126 152 179 122 43 23 4 1 3 0 0 0 0 0 0 0 1 1 0 0 1 2 3 2 1 
55 49 45 42 40 42 42 43 45 53 81 112 147 171 149 130 139 222 254 252 223 189 171 157 142 122 112 114 108 99 97 101 97 97 99 100 106 110 112 122 152 151 163 127 93 82 25 20 9 3 5 0 0 0 0 1 0 0 0 1 2 2 2 1 
59 53 48 44 42 42 42 43 48 58 86 112 145 168 149 133 143 225 254 250 221 196 176 160 141 122 112 118 109 97 95 97 95 96 97 97 102 108 110 119 150 142 174 189 186 199 108 54 27 12 13 1 0 0 0 0 0 0 0 1 2 2 2 0 
64 59 52 46 44 44 44 44 48 60 90 113 144 168 151 135 146 228 253 237 202 190 177 161 142 118 110 117 110 99 93 93 93 96 98 95 98 104 107 116 137 137 164 190 202 217 150 65 24 16 40 3 0 0 0 0 0 0 0 1 2 2 1 1 
69 64 56 49 47 46 46 46 50 65 96 115 142 163 152 137 148 227 250 224 196 182 170 158 144 120 111 118 108 99 92 90 90 94 97 95 96 101 103 110 129 132 154 182 138 101 57 25 16 38 69 3 0 0 0 0 0 0 0 1 2 3 2 1 
74 70 62 55 52 51 49 48 51 72 103 118 139 159 149 136 148 223 252 235 204 183 166 150 138 119 114 116 104 98 94 91 91 92 95 94 96 99 101 108 123 129 153 142 46 17 10 18 4 27 81 5 0 0 0 0 0 0 0 1 2 3 2 2 
75 74 68 61 56 55 52 51 53 72 110 121 137 159 148 135 149 223 253 249 219 191 165 140 129 114 112 111 103 97 93 90 91 91 92 91 93 96 99 105 119 126 163 196 164 112 87 19 13 10 41 7 0 0 0 0 0 0 0 1 2 2 2 1 
77 77 73 68 63 59 56 54 56 76 117 125 136 157 148 134 154 231 253 241 212 192 166 141 127 110 106 107 105 98 93 88 88 88 90 90 91 94 98 106 118 126 171 209 211 227 143 71 73 36 15 1 0 0 0 0 0 0 0 1 3 3 2 2 
81 79 77 74 69 63 59 57 60 77 117 126 133 148 141 132 160 236 253 227 197 182 168 152 131 110 102 100 102 99 94 88 87 87 89 90 91 94 98 106 117 129 194 233 239 245 222 226 172 64 9 0 0 0 0 0 0 0 0 1 2 3 2 2 
89 84 81 78 74 66 61 60 63 81 119 125 130 138 134 135 181 233 251 225 189 173 163 153 136 118 104 96 95 94 92 89 88 86 87 88 91 92 98 104 115 132 201 235 239 245 247 245 200 121 54 3 0 0 0 0 0 1 0 1 2 2 2 3 
93 90 86 83 79 72 65 62 64 84 121 126 128 131 128 147 225 234 236 212 184 169 158 144 130 119 107 97 93 90 89 88 89 89 88 87 89 92 99 104 115 145 220 240 241 244 246 241 133 35 6 0 0 0 0 0 0 1 0 1 2 3 2 2 
93 93 89 86 81 76 70 66 67 93 126 125 126 123 120 155 236 240 224 196 174 164 150 133 119 111 107 100 93 90 87 84 86 89 91 87 88 90 98 100 114 155 230 246 233 233 241 236 151 53 6 0 0 0 0 0 0 1 1 1 2 2 2 2 
93 94 93 89 82 77 74 71 72 98 126 126 123 118 116 163 243 237 210 181 164 154 140 126 112 103 100 97 95 93 88 85 85 86 90 89 90 90 96 98 113 152 210 237 226 230 239 236 188 107 10 0 0 0 0 0 0 0 0 1 2 3 2 3 
94 95 94 89 82 75 71 70 74 103 126 124 120 114 117 166 235 212 192 176 161 144 128 118 107 98 94 91 92 95 92 87 85 85 87 87 91 91 97 97 113 149 207 216 210 237 241 239 237 178 20 0 0 0 0 0 0 0 0 0 2 3 2 2 
91 89 89 86 82 76 73 71 76 106 124 120 118 112 115 165 227 209 190 179 167 143 120 109 103 98 93 89 88 90 92 89 88 87 87 87 89 92 98 101 117 140 182 217 227 243 240 239 223 112 20 0 0 0 0 0 0 0 0 1 2 3 2 2 
91 88 87 84 81 79 75 75 79 107 123 118 116 112 113 154 202 203 196 187 169 140 118 107 99 97 95 89 84 85 88 88 89 90 90 89 88 91 100 107 126 134 161 209 237 242 240 239 234 205 77 0 0 0 0 0 0 0 0 1 2 3 2 2 
93 90 90 89 83 78 77 77 82 106 124 116 114 112 126 168 213 233 207 190 167 135 119 109 99 95 93 90 84 83 85 85 88 93 94 91 89 92 101 115 139 131 155 207 235 232 239 239 237 230 131 9 0 0 0 0 0 0 0 1 2 2 2 1 
102 98 95 95 90 83 82 84 89 107 126 116 113 115 140 186 216 226 202 185 159 133 121 112 102 94 93 88 83 82 83 83 85 91 95 96 95 97 103 110 132 126 150 192 228 236 239 240 238 233 167 19 0 0 0 1 0 0 0 0 1 2 2 2 
119 114 108 104 97 90 89 90 95 116 129 116 114 118 143 189 204 180 179 181 148 128 124 115 103 96 96 87 83 83 83 82 84 89 94 99 101 100 106 110 119 122 151 194 220 235 240 239 238 227 87 4 0 0 0 0 0 0 0 1 2 2 2 1 
133 129 123 114 104 95 94 98 103 126 134 119 116 122 146 177 177 170 167 161 137 125 124 115 104 99 98 89 83 83 82 83 83 87 93 102 103 103 110 117 119 121 169 217 223 235 238 238 236 229 102 2 0 0 0 0 0 1 0 1 2 2 2 1 
136 139 138 133 121 107 102 110 118 139 139 123 120 128 153 174 170 165 162 151 132 125 126 116 102 97 98 89 83 82 83 83 85 90 99 107 106 105 115 125 123 125 188 213 219 233 237 237 236 230 115 4 0 0 0 0 0 1 0 1 1 2 2 2 
137 141 141 147 141 125 114 121 133 151 144 128 123 136 158 172 167 162 161 151 133 126 126 116 100 95 95 88 84 84 84 83 85 94 104 111 108 107 115 126 129 127 177 188 205 226 232 236 235 231 185 41 0 0 0 0 0 0 0 1 2 2 2 2 
140 142 144 157 154 140 132 140 148 159 147 134 129 154 171 174 168 162 159 152 138 128 126 115 101 95 94 87 84 86 86 86 89 101 115 124 118 113 120 129 131 132 180 184 200 224 227 230 232 231 206 48 0 0 0 0 0 0 0 1 2 2 2 2 
141 146 155 182 187 171 159 164 171 167 153 141 136 163 175 176 166 161 158 154 141 130 124 113 100 96 94 87 85 88 88 90 98 119 134 134 131 122 119 125 131 133 192 196 197 224 227 227 228 228 155 14 0 0 0 0 0 1 2 2 2 2 3 2 
142 155 181 218 214 201 192 182 180 172 160 153 151 168 171 174 167 159 155 151 144 134 125 113 99 97 93 86 84 88 89 95 114 149 152 140 136 129 121 124 129 132 184 187 194 224 228 228 226 202 107 9 0 0 0 0 0 1 3 2 2 2 2 1 
142 171 209 241 241 211 191 188 185 178 165 162 172 179 175 174 168 158 155 150 144 135 125 113 99 98 93 86 84 87 92 105 134 165 162 152 145 141 138 126 128 128 172 176 197 224 228 228 221 112 13 0 0 0 0 0 0 0 1 1 1 2 2 1 
142 176 228 249 247 220 192 191 194 191 174 168 185 188 181 174 167 157 153 148 143 134 124 112 100 97 93 87 86 88 98 132 154 173 169 162 157 148 139 130 134 130 170 179 207 225 228 228 224 149 29 0 0 0 0 0 0 0 0 0 1 2 2 1 
141 171 236 254 253 242 218 208 209 208 189 179 190 189 183 178 168 159 154 149 141 133 123 112 99 97 93 87 87 88 107 146 172 197 175 167 165 155 141 136 140 135 182 189 211 225 229 229 227 210 58 0 0 0 2 1 0 0 0 0 1 2 1 0 
146 172 235 254 254 251 239 225 218 216 212 195 195 192 187 187 170 160 156 153 140 131 123 111 99 97 92 88 88 89 112 147 167 195 182 174 172 163 155 148 143 142 182 192 212 225 229 229 227 214 60 1 0 0 1 0 0 0 0 0 1 3 1 0 
151 178 230 251 254 254 252 246 228 220 219 214 200 192 188 206 197 164 159 155 138 130 124 112 100 98 91 88 89 90 110 156 175 188 184 179 178 172 167 158 151 148 174 191 212 223 227 228 227 221 89 1 0 0 0 0 0 0 0 1 2 3 1 1 
164 208 246 252 254 254 254 253 237 223 222 227 212 194 187 197 201 169 165 156 136 130 125 115 103 98 92 89 90 94 113 160 179 183 185 184 185 179 177 165 152 150 177 195 215 222 226 227 225 209 56 0 0 0 1 0 0 0 0 1 2 3 1 0 
176 228 253 254 254 254 254 254 245 229 227 241 235 202 186 185 185 176 170 157 136 131 126 116 105 99 93 90 90 98 112 150 179 185 186 188 200 200 186 172 156 154 189 202 215 222 226 226 224 195 31 0 0 0 0 0 0 1 0 0 1 3 1 0 
187 231 254 254 254 254 254 254 252 240 235 237 237 208 189 180 174 177 173 158 137 131 125 115 105 101 94 90 92 102 108 136 180 186 187 191 202 201 184 176 160 156 191 203 219 223 226 226 224 209 58 0 0 0 0 0 0 0 0 1 1 2 1 0 
209 243 254 254 254 254 254 254 254 250 243 234 244 216 195 185 175 177 175 160 138 132 127 117 108 102 94 91 94 105 108 135 189 190 189 193 197 190 183 177 165 159 185 194 218 225 226 225 224 220 133 7 0 0 0 0 0 0 0 0 1 2 1 1 
231 251 254 254 254 254 254 254 254 254 251 243 243 221 207 193 179 176 173 162 144 134 128 118 111 104 95 92 96 108 110 132 191 196 192 195 198 191 184 178 170 162 175 189 218 224 226 225 223 221 201 61 0 0 0 0 0 1 1 0 1 2 0 0 
245 251 254 254 254 254 254 254 254 254 254 254 252 244 236 207 181 171 165 162 152 138 130 122 112 105 97 93 100 111 111 125 184 198 197 196 197 192 185 178 171 166 177 195 222 225 226 226 223 220 207 66 0 0 0 0 0 1 1 0 1 2 0 0 
246 251 253 254 254 254 254 254 254 254 254 254 254 254 251 219 186 173 166 162 155 143 133 125 116 108 100 97 106 115 114 125 183 201 198 199 199 193 186 179 173 169 190 205 227 228 227 225 223 220 210 77 0 0 0 0 1 1 2 0 1 1 0 0 
233 242 251 253 253 253 254 254 254 254 254 254 254 254 251 220 190 179 175 165 153 143 136 129 120 109 101 100 113 120 119 128 193 215 203 202 201 195 189 183 175 171 190 214 233 232 230 227 223 219 214 104 1 0 0 0 0 1 1 0 1 1 0 0 
220 239 244 249 253 254 254 254 254 254 254 254 254 254 251 223 196 186 179 166 155 145 138 131 122 111 103 103 116 122 124 136 198 217 212 207 205 200 192 184 177 173 196 221 236 236 233 228 223 218 212 101 1 0 0 0 0 1 1 0 1 2 0 0 
223 248 252 253 253 254 254 254 254 254 254 254 254 254 253 237 205 192 180 167 159 149 140 132 124 113 106 108 122 126 129 155 211 218 219 218 210 204 196 188 178 177 206 229 236 236 235 232 227 221 206 74 1 0 0 0 0 1 1 0 1 2 0 0 
233 253 254 254 254 254 254 254 254 254 254 254 254 254 254 248 218 200 183 167 165 153 141 132 128 120 110 114 127 130 136 167 215 222 223 223 218 210 201 192 184 186 222 237 239 238 236 233 230 224 206 63 0 0 0 0 0 2 1 0 1 2 0 0 
221 249 254 254 254 254 254 254 254 254 254 254 253 253 253 253 236 209 186 168 169 158 145 135 131 127 118 120 132 136 144 179 224 237 235 235 231 230 233 225 197 198 233 243 243 240 238 236 233 228 191 28 0 0 0 0 0 1 1 0 1 2 0 0 
206 238 254 254 254 254 254 254 254 254 254 254 253 251 253 253 240 214 188 174 174 163 149 140 135 133 124 127 139 143 156 196 230 244 250 252 250 250 253 250 213 213 239 246 246 243 240 238 234 231 187 29 0 0 0 0 0 2 2 0 1 2 0 0 


72 69 65 62 59 58 57 56 57 58 59 62 67 76 106 155 166 149 163 186 161 138 136 131 127 123 130 139 140 143 149 142 135 127 121 120 126 136 145 151 143 141 137 134 135 147 104 11 3 2 1 0 0 0 0 0 1 1 0 2 6 3 0 0 
71 68 64 61 59 57 56 55 57 58 59 62 66 75 106 175 183 154 158 184 172 148 140 134 127 123 125 132 133 133 137 140 134 125 121 120 124 133 149 161 147 145 146 135 126 141 125 60 7 10 2 0 0 0 0 0 1 1 0 2 7 4 1 0 
69 65 61 58 56 55 54 54 55 57 60 61 65 72 98 153 173 152 166 200 178 165 151 139 130 123 123 128 132 133 130 132 130 123 118 118 122 132 144 156 147 147 155 135 76 47 53 26 2 1 0 0 0 0 0 0 0 0 0 3 5 3 1 0 
68 63 57 55 54 53 53 53 54 56 59 62 64 70 81 122 160 150 162 186 181 172 160 154 142 128 122 126 129 133 135 129 130 127 120 118 122 133 143 156 151 154 160 144 73 42 9 4 1 0 0 0 0 0 0 0 0 0 1 3 6 5 1 0 
66 60 56 54 53 52 52 52 53 55 57 59 63 66 73 107 144 146 165 175 173 169 162 158 152 137 125 124 123 132 139 133 137 131 122 118 124 139 149 168 162 159 165 155 132 93 38 10 3 7 4 0 0 0 0 0 0 0 1 4 7 5 1 0 
65 59 55 54 53 51 51 51 52 54 56 58 62 65 71 104 136 142 163 205 194 191 174 154 148 139 131 129 124 132 142 135 151 145 125 119 132 145 154 179 177 171 174 158 150 151 128 30 11 21 10 0 0 0 0 0 0 0 1 3 7 4 1 0 
63 58 54 52 51 51 51 51 52 54 56 59 61 65 73 104 133 138 164 235 242 239 204 158 148 140 134 134 128 135 144 137 145 151 130 123 149 152 157 191 197 186 182 164 133 129 144 45 6 9 43 15 0 0 0 0 0 0 0 3 9 6 1 0 
59 56 53 51 50 50 51 51 52 53 55 58 60 65 77 103 132 136 167 234 239 241 206 169 151 140 134 133 129 139 147 140 143 146 131 129 161 154 158 197 207 198 184 160 86 36 24 21 7 7 43 35 1 0 0 0 0 0 1 3 9 5 1 0 
56 54 52 50 50 50 51 51 52 53 54 57 61 68 84 110 133 134 169 231 215 207 188 179 161 147 138 134 128 134 145 142 143 139 127 128 166 153 147 188 212 202 190 157 57 25 6 6 4 2 17 25 1 0 0 0 0 0 1 3 7 4 1 0 
56 54 52 52 51 50 51 52 53 54 55 57 62 72 93 122 133 134 180 239 211 197 191 181 167 158 149 141 131 132 147 139 136 136 127 127 166 154 141 175 207 203 190 161 108 29 2 1 37 50 26 4 0 0 0 0 0 0 0 3 4 3 1 0 
55 53 51 51 50 51 52 52 53 54 56 57 62 76 111 134 132 134 182 235 207 191 187 179 167 157 155 149 138 136 151 141 135 134 125 123 137 141 138 171 203 201 158 84 26 6 0 1 35 94 38 0 0 0 0 0 0 0 1 3 4 4 2 0 
55 53 51 50 50 50 51 52 54 54 55 58 62 77 121 134 132 135 182 234 208 191 187 174 161 157 158 154 146 144 151 143 136 135 124 118 127 132 135 173 200 201 91 10 1 1 0 1 27 112 37 0 0 0 0 0 0 0 0 2 4 5 2 1 
54 53 51 50 50 50 51 51 53 54 55 59 65 81 123 136 130 137 193 238 205 193 188 174 158 157 159 157 151 150 161 148 136 133 124 118 122 128 132 177 199 205 171 81 35 37 2 2 18 111 40 0 0 0 0 0 0 0 0 1 3 5 2 1 
59 54 51 50 50 50 51 52 53 54 56 60 68 95 137 137 133 141 205 248 211 192 186 174 158 153 154 153 150 151 166 154 142 135 125 120 124 125 129 173 188 204 203 168 153 75 48 34 54 125 29 0 0 0 0 0 0 0 0 3 4 4 2 0 
65 56 51 50 50 51 51 52 54 55 57 62 72 108 142 132 131 147 214 247 209 189 180 170 159 153 153 149 145 150 171 151 144 140 131 126 125 124 128 163 191 207 207 196 187 165 164 147 123 47 8 0 0 0 0 0 0 0 1 3 2 4 4 2 
63 55 52 51 52 51 51 52 53 55 58 64 75 115 141 130 129 150 215 246 207 185 172 163 155 149 150 148 143 145 160 144 138 136 133 131 130 126 128 157 206 210 208 197 190 194 195 197 160 59 11 0 0 0 0 0 0 0 1 3 4 4 4 5 
59 55 52 51 53 52 51 51 54 56 61 68 78 111 139 129 127 149 200 242 209 184 171 161 151 142 144 146 141 138 142 135 132 131 130 131 133 132 132 152 204 213 206 195 189 198 199 202 195 164 31 0 0 0 0 0 0 0 0 3 4 5 5 6 
59 55 52 52 54 54 53 53 55 59 64 71 82 108 136 127 126 153 203 237 207 183 172 161 149 139 138 142 136 131 135 133 128 127 127 128 131 132 134 151 199 214 216 196 187 193 185 167 158 129 30 0 0 0 0 0 0 0 0 3 4 5 4 3 
59 56 53 53 54 54 55 54 56 61 68 76 91 128 140 126 126 163 211 238 204 180 170 160 149 137 134 134 128 125 131 131 125 123 124 124 128 130 132 150 191 205 210 187 175 155 126 88 38 42 5 0 0 0 0 0 0 0 0 1 4 5 2 2 
61 58 54 53 55 56 55 55 57 63 73 84 113 155 145 128 129 179 224 236 203 182 171 159 146 135 131 131 125 121 124 128 123 121 122 122 125 127 129 145 173 199 200 174 136 78 27 37 8 2 0 0 0 0 0 0 0 0 0 1 4 6 3 4 
63 60 56 53 55 56 56 56 57 63 78 97 139 166 148 131 135 197 241 230 200 183 172 159 145 134 130 130 123 118 118 123 120 120 121 121 123 126 128 139 158 187 163 80 49 13 1 1 0 0 0 0 0 0 0 0 0 0 0 1 4 7 3 3 
66 62 58 55 55 55 56 57 58 64 82 108 151 168 147 130 137 206 251 238 200 182 172 162 150 137 128 129 123 117 116 120 117 117 119 119 122 125 126 133 151 167 111 42 23 4 1 3 0 0 0 0 0 0 0 1 1 0 0 1 5 8 4 1 
68 65 60 56 55 56 57 57 60 67 89 113 143 164 146 130 138 214 253 245 213 188 172 163 151 138 127 128 123 117 115 117 115 115 116 117 121 124 124 131 150 150 155 119 86 70 22 19 8 3 5 0 0 0 0 1 0 0 0 1 4 8 3 1 
71 67 62 59 56 56 57 58 62 71 93 115 142 161 146 132 142 217 253 246 213 193 177 164 151 136 128 130 124 116 114 115 113 113 115 115 118 122 122 130 149 144 162 173 167 166 92 48 25 11 12 1 0 0 0 0 0 0 0 1 3 6 3 0 
76 71 65 61 59 58 58 59 63 72 96 115 142 161 148 134 144 221 250 230 198 189 178 165 151 133 126 129 123 116 113 112 112 113 115 114 116 118 120 126 138 139 156 176 181 184 127 58 22 16 36 3 0 0 0 0 0 0 0 1 3 6 3 1 
81 76 69 65 63 61 59 60 63 77 102 117 139 158 149 136 146 217 244 215 193 181 172 162 153 134 125 129 122 116 113 110 110 112 115 112 113 115 117 122 132 135 149 167 123 86 49 25 15 35 60 2 0 0 0 0 0 0 0 0 4 8 4 2 
84 81 74 68 66 64 63 62 65 81 107 119 136 154 145 135 146 213 245 224 201 182 169 155 148 134 129 128 120 115 112 109 110 111 113 112 112 114 116 120 127 131 148 123 40 14 10 17 4 25 71 4 0 0 0 0 0 0 0 1 5 8 4 4 
85 84 79 73 69 67 66 65 67 80 111 121 134 154 145 134 146 213 251 243 213 189 169 149 141 129 128 125 119 113 110 109 110 111 112 110 111 114 116 118 124 130 153 165 140 95 76 17 13 10 39 6 0 0 0 0 0 0 0 1 5 7 4 3 
87 86 83 78 73 71 69 67 70 85 118 124 134 152 144 134 152 222 252 235 206 191 170 152 139 125 121 121 120 114 110 106 108 109 110 110 110 112 115 118 123 129 158 182 179 189 121 62 64 31 14 1 0 0 0 0 0 0 0 1 5 8 5 4 
90 88 86 83 79 74 70 69 72 86 118 126 131 144 140 133 157 230 251 217 192 182 171 159 143 126 118 114 117 115 111 107 107 106 108 108 109 111 114 117 123 131 168 191 199 204 185 190 144 55 8 0 0 0 0 0 0 0 0 1 5 9 5 3 
96 92 90 88 83 76 72 71 74 89 120 127 129 136 134 136 173 219 244 213 185 173 166 158 148 133 120 113 112 112 111 108 107 106 106 106 108 110 114 118 123 133 173 193 198 204 205 202 166 103 47 2 0 0 0 0 0 1 0 1 5 6 3 4 
99 96 93 91 87 81 75 73 75 92 122 127 128 130 129 144 206 214 219 201 181 169 161 151 142 133 123 114 110 108 107 107 107 106 106 106 107 109 114 117 123 141 182 195 199 202 204 198 111 31 5 0 0 0 0 0 0 2 1 1 4 4 3 4 
100 98 96 93 90 85 80 75 77 99 126 127 126 124 124 151 217 225 208 189 173 166 155 142 132 126 122 117 111 109 105 104 105 107 109 107 107 108 114 116 123 147 187 198 195 197 202 195 125 45 6 0 0 0 0 0 0 2 1 1 4 5 5 4 
100 100 98 94 91 86 83 81 82 102 125 126 125 121 121 157 221 222 199 178 163 156 147 136 125 119 116 115 114 111 108 104 103 105 108 107 108 109 112 114 122 145 179 195 192 195 200 197 156 92 9 0 0 0 0 0 0 1 0 1 5 6 5 5 
100 100 99 94 89 84 81 81 85 106 126 125 123 118 121 160 217 201 186 174 161 150 138 130 121 115 111 110 111 112 110 106 104 103 106 106 108 110 113 114 123 143 177 187 186 199 200 200 198 149 17 0 0 0 0 0 0 0 0 0 4 6 4 3 
97 95 96 92 89 85 82 82 86 109 126 124 122 118 121 160 208 198 185 176 166 149 130 123 118 114 110 106 105 108 111 109 105 104 104 105 107 110 115 116 124 138 164 186 194 201 201 201 187 95 18 0 0 0 0 0 0 0 0 1 4 7 4 3 
97 95 93 91 88 86 84 85 89 111 125 122 121 119 122 153 191 195 190 182 168 147 130 121 115 113 110 105 102 104 106 108 108 107 107 106 105 109 116 120 130 135 153 182 197 201 202 201 198 174 65 0 0 0 0 0 0 0 0 1 5 7 4 3 
100 97 96 95 90 87 86 88 91 110 126 121 120 121 131 165 199 215 197 185 166 144 131 122 114 111 109 106 102 101 103 103 107 110 111 108 107 110 116 125 138 135 150 180 196 197 202 202 200 194 111 8 0 0 0 0 0 0 0 1 4 5 4 3 
107 103 100 99 97 92 90 91 95 110 127 122 121 122 143 179 200 208 193 181 161 141 133 125 116 111 109 105 103 101 101 101 103 108 113 113 113 114 118 122 134 132 147 173 193 198 201 201 200 197 141 16 0 0 0 1 0 0 0 1 3 5 5 2 
120 116 111 107 103 97 95 97 102 118 130 123 123 126 144 181 193 177 176 178 153 137 136 128 117 112 111 105 101 101 102 101 101 106 111 116 118 117 121 122 127 128 147 175 190 199 201 200 199 191 73 4 0 0 0 0 0 0 0 1 3 5 5 3 
131 129 124 117 109 101 101 104 110 129 136 126 124 130 147 174 174 169 167 161 144 136 136 129 118 113 113 105 101 100 101 101 102 105 110 117 120 121 126 128 128 129 157 185 192 199 200 200 199 193 87 2 0 0 0 0 0 1 0 1 4 5 5 3 
134 137 137 133 124 111 107 113 121 140 140 129 127 135 153 172 169 166 164 154 141 134 135 128 117 112 112 105 102 100 100 101 102 107 115 121 121 122 129 133 131 131 166 182 189 197 200 200 199 194 97 3 0 0 0 0 0 2 0 1 5 5 5 4 
136 139 139 145 140 126 117 124 134 150 145 134 131 142 159 171 167 165 164 155 142 134 135 128 116 111 111 105 102 101 101 101 104 110 119 125 123 122 129 134 136 135 163 170 181 193 197 199 199 195 158 35 0 0 0 0 0 0 0 1 6 6 4 4 
137 140 142 154 152 139 132 140 147 157 150 139 135 156 170 172 168 164 162 157 146 137 135 127 115 110 110 105 103 103 103 102 106 115 128 135 131 127 131 136 137 138 167 170 178 192 194 196 197 196 174 39 0 0 0 0 0 1 0 1 5 7 6 4 
139 144 153 176 180 167 157 161 168 165 156 146 142 164 173 173 168 164 161 158 149 140 135 126 115 110 109 103 102 103 104 106 113 129 141 142 141 135 131 134 136 139 173 176 178 192 194 193 194 194 131 11 0 0 0 0 0 2 3 2 4 7 6 3 
140 153 175 204 202 194 187 177 177 170 163 158 155 168 171 173 168 162 159 156 151 142 134 125 114 111 110 103 103 104 106 111 126 152 154 149 146 141 134 134 134 137 169 173 177 193 195 195 192 172 90 8 0 0 0 0 0 3 4 3 4 4 3 1 
141 166 195 221 223 200 184 183 181 176 168 166 174 178 174 173 169 163 159 156 151 144 135 125 114 112 110 104 103 104 108 118 140 165 162 156 152 149 146 137 136 135 161 166 179 194 195 194 189 96 12 0 0 0 0 0 0 0 1 2 3 5 3 1 
141 170 214 237 233 211 184 185 191 189 175 171 183 185 179 174 169 163 159 155 150 143 135 125 115 113 109 104 104 104 112 138 154 171 169 163 160 155 148 141 142 137 160 168 184 194 196 196 193 129 26 0 0 0 0 0 0 0 0 1 3 6 3 1 
139 164 225 251 249 234 207 201 204 204 189 180 187 187 182 178 171 164 160 155 149 141 133 124 115 113 109 104 103 104 119 148 167 185 174 168 167 159 151 146 146 143 169 173 187 194 196 196 195 181 50 0 0 0 2 1 0 0 0 1 3 5 2 0 
143 165 225 251 252 245 229 219 213 212 208 194 193 191 186 186 173 165 161 158 148 140 133 123 115 113 108 104 104 105 122 149 166 185 179 173 172 166 160 154 149 148 170 175 187 193 195 196 195 184 51 1 0 0 1 0 0 0 0 1 2 6 2 0 
148 172 214 240 252 251 248 242 223 217 214 210 197 192 189 200 193 169 165 160 148 141 134 125 116 113 108 105 106 108 122 156 173 183 182 178 178 172 167 161 155 151 166 177 190 194 195 195 194 190 76 1 0 0 0 0 0 0 0 1 3 6 2 1 
161 198 234 238 251 252 252 250 233 220 218 220 208 195 189 194 195 173 169 161 147 141 135 128 117 114 108 106 107 110 123 160 176 181 183 183 184 178 176 168 159 156 169 179 191 195 194 195 194 180 48 0 0 0 1 0 0 0 0 1 3 6 2 0 
169 215 251 251 252 252 252 252 243 226 222 231 226 200 189 186 185 178 173 161 146 142 136 129 119 115 109 107 108 113 123 153 177 182 184 186 194 193 183 173 161 159 177 184 191 195 195 195 193 169 26 0 0 0 0 0 0 1 0 1 3 5 1 0 
180 218 251 252 252 252 252 252 250 237 231 229 228 206 192 184 177 179 176 163 146 142 137 128 121 116 111 109 109 116 122 143 178 184 186 189 195 193 183 177 166 161 179 185 194 195 195 194 193 181 51 0 0 0 0 0 0 0 0 1 2 4 2 0 
198 229 251 252 252 252 252 252 252 248 239 229 237 214 197 188 179 179 177 165 148 143 139 131 123 117 112 109 110 119 122 142 183 187 187 190 193 187 182 178 170 164 177 182 194 197 196 194 194 191 117 7 0 0 0 0 0 1 0 0 2 4 1 1 
214 235 251 252 252 252 252 252 252 252 249 241 238 219 207 195 183 179 176 168 153 145 141 132 125 118 113 110 112 121 123 140 185 191 190 192 194 189 183 179 173 168 173 180 195 197 198 196 193 191 176 53 0 0 0 0 1 3 2 0 2 4 1 0 
226 238 251 252 252 252 252 252 252 252 252 252 250 240 229 205 186 177 170 168 161 149 142 135 126 121 115 112 115 124 125 136 181 193 194 194 195 191 185 180 175 171 176 184 198 198 198 197 195 191 181 56 0 0 0 0 0 4 3 0 1 3 1 0 
227 234 247 252 252 252 252 252 252 252 252 252 252 252 247 214 190 179 172 168 163 153 145 138 130 122 116 114 120 128 128 136 180 197 196 197 196 191 187 182 177 173 183 191 202 202 200 197 195 193 184 67 0 0 0 0 1 4 3 0 1 2 0 0 
216 224 237 245 249 251 252 252 252 252 252 252 252 252 246 214 193 183 179 171 161 154 148 141 133 124 117 116 126 131 131 138 187 205 200 200 199 194 189 183 178 175 185 197 205 205 202 199 195 192 190 89 0 0 0 0 1 4 3 0 1 2 1 0 
206 224 227 236 242 248 252 252 252 252 252 252 252 252 248 219 196 188 182 172 163 156 150 143 135 125 119 118 130 134 134 143 190 208 207 205 203 198 192 185 180 177 189 201 208 208 205 202 198 193 189 87 0 0 0 0 0 3 5 0 1 2 0 0 
211 240 248 249 241 248 252 252 252 252 252 252 252 252 250 231 205 193 182 172 168 159 151 145 138 128 122 122 133 136 139 157 200 209 211 211 207 201 195 189 182 179 195 207 210 210 208 204 199 194 183 64 0 0 0 0 0 2 4 0 1 3 1 0 
220 249 252 252 248 249 252 252 252 252 252 252 252 251 252 245 216 200 184 172 171 161 151 144 140 133 126 127 137 140 145 169 206 213 215 216 213 207 199 193 186 186 205 211 213 212 210 207 203 197 181 53 0 0 0 0 0 2 1 0 1 2 0 0 
209 241 252 252 252 252 252 252 252 252 252 252 250 248 251 250 229 207 186 173 173 165 154 146 143 139 132 132 141 145 152 178 212 223 224 224 221 221 222 214 195 194 213 215 214 213 212 209 205 200 167 23 0 0 0 0 0 2 4 0 1 2 0 0 
196 226 251 252 252 252 252 252 252 252 252 252 249 244 248 248 231 209 189 176 176 167 156 149 145 143 134 135 144 148 159 187 214 227 232 234 233 233 233 229 205 202 214 217 215 213 212 208 204 200 161 24 0 0 0 0 0 2 4 0 1 2 0 0 


130 129 129 128 129 128 127 126 128 127 128 129 130 131 139 161 165 158 166 179 170 167 165 161 159 158 156 156 157 158 160 159 159 159 155 154 148 144 146 148 147 144 142 139 136 130 77 9 3 2 1 0 0 0 0 0 1 1 0 2 2 2 0 0 
130 128 129 127 126 125 127 126 129 127 126 127 128 129 137 166 169 159 162 178 174 168 165 163 161 159 156 153 155 153 155 154 155 156 155 153 150 145 146 149 146 145 142 135 122 125 91 41 6 8 2 0 0 0 0 0 1 1 0 2 2 2 0 0 
128 129 128 126 125 125 126 126 125 124 127 128 127 127 132 155 165 157 167 184 179 176 169 165 161 160 157 154 152 151 153 152 151 154 155 153 149 145 145 150 148 146 142 125 68 40 37 19 2 2 0 0 0 0 0 0 0 0 0 2 2 1 0 0 
128 128 126 126 124 124 127 126 125 124 125 124 125 126 128 142 157 155 164 178 180 179 175 171 168 163 158 155 153 152 151 151 150 152 152 150 147 145 145 150 150 148 143 132 68 36 8 4 1 0 0 0 0 0 0 0 0 0 0 1 1 2 0 0 
127 128 125 125 125 125 124 123 124 123 123 125 125 125 126 137 150 152 166 176 177 177 176 173 170 167 163 157 154 154 151 150 151 152 151 149 145 143 146 151 152 149 145 144 124 79 29 8 3 6 4 0 0 0 0 0 0 0 0 1 2 2 0 0 
128 126 125 125 125 124 123 123 123 124 123 122 123 125 126 136 147 150 164 191 189 188 180 172 170 167 165 160 158 155 153 149 153 153 151 149 144 143 146 150 153 152 148 147 142 133 94 22 9 16 9 0 0 0 0 0 0 0 0 2 2 2 0 0 
126 124 125 124 125 123 122 125 122 121 122 121 122 123 126 134 146 149 164 203 215 215 193 173 169 167 165 162 161 157 155 151 153 153 151 149 146 146 147 149 152 154 151 149 122 112 103 33 6 8 31 11 0 0 0 0 0 0 0 2 2 2 1 0 
126 125 126 125 124 122 122 123 123 120 121 120 122 124 126 133 146 149 167 201 209 218 195 178 171 168 164 161 161 159 159 156 154 152 152 150 149 146 146 149 151 154 153 139 75 31 17 16 6 6 29 26 1 0 0 0 0 0 0 1 2 2 1 0 
123 122 123 124 123 122 123 123 121 122 120 120 120 124 125 135 146 149 169 202 199 197 187 182 174 170 166 162 161 158 157 157 155 155 154 151 149 147 145 149 148 153 154 130 49 21 5 5 4 2 13 18 1 0 0 0 0 0 0 1 2 2 1 0 
120 123 122 121 122 121 123 123 120 121 119 118 120 125 127 140 147 150 175 207 197 194 191 184 177 173 170 165 160 159 158 157 155 156 157 151 148 148 145 144 146 149 153 132 91 24 2 1 24 34 19 4 0 0 0 0 0 0 0 1 2 1 1 0 
121 123 123 122 122 121 120 122 121 121 118 119 119 122 136 146 150 152 175 204 196 191 190 185 179 175 173 168 163 159 159 156 154 154 155 153 147 145 143 144 147 148 121 65 22 5 0 1 22 64 28 0 0 0 0 0 0 0 0 1 2 1 1 0 
122 123 121 122 120 121 120 119 120 120 120 119 121 124 141 148 150 153 176 203 196 192 189 184 178 175 174 170 166 163 161 157 155 154 155 154 149 145 143 143 146 145 64 8 1 1 0 1 21 79 28 0 0 0 0 0 0 0 0 1 2 2 1 1 
123 122 121 122 120 123 121 119 119 119 120 118 120 123 141 149 150 154 185 212 195 192 189 183 178 175 173 171 170 168 166 163 160 158 157 154 148 147 145 146 146 147 122 63 30 30 2 3 14 73 28 0 0 0 0 0 0 0 0 1 2 2 1 1 
120 119 119 120 120 121 121 120 119 118 119 120 120 130 148 152 152 156 193 223 198 192 187 182 179 174 172 170 170 170 169 165 163 161 158 154 149 146 143 143 144 147 149 132 125 59 35 25 37 82 21 0 0 0 0 0 0 0 0 1 2 2 2 0 
122 120 120 121 122 120 120 118 120 118 119 120 120 135 151 149 151 159 195 220 196 190 183 180 177 174 171 168 169 169 171 165 164 164 160 155 150 148 143 142 144 147 149 151 148 123 118 101 83 33 6 0 0 0 0 0 0 0 0 1 1 2 2 1 
118 120 119 122 121 119 118 119 121 119 118 119 122 137 149 148 150 161 195 224 196 187 181 178 174 173 170 167 167 166 166 167 165 164 162 158 155 149 143 142 145 147 147 150 150 144 140 136 110 43 9 0 0 0 0 0 0 0 0 1 2 1 2 2 
119 120 120 120 122 123 122 119 119 118 118 119 120 135 149 149 149 159 186 217 198 188 181 176 173 171 169 165 166 165 164 164 164 164 164 160 156 152 146 142 145 148 149 150 149 143 141 138 133 112 23 0 0 0 0 0 0 0 0 2 2 2 2 3 
120 119 120 120 120 120 121 120 119 119 118 118 121 133 148 148 148 161 186 207 195 187 182 177 172 169 167 164 164 164 164 162 163 163 162 159 156 155 151 147 148 148 148 150 150 144 132 110 106 85 21 0 0 0 0 0 0 0 0 1 1 2 2 2 
119 118 119 120 119 120 118 118 117 119 118 119 124 143 149 147 148 167 191 209 192 184 181 177 173 168 165 163 164 163 162 161 162 161 161 159 157 156 152 149 148 150 149 149 140 117 91 57 27 29 4 0 0 0 0 0 0 0 0 1 2 2 2 1 
118 120 119 119 118 119 117 118 118 119 120 123 136 157 152 146 147 174 197 210 193 184 181 176 172 168 165 163 162 162 161 161 161 160 159 157 157 156 153 149 149 148 145 142 109 56 21 26 7 2 0 0 0 0 0 0 0 0 0 1 2 2 2 2 
119 119 117 119 119 119 116 117 119 122 121 126 150 165 154 147 149 189 213 204 194 187 182 176 172 168 166 163 161 162 161 158 159 158 157 157 155 154 153 148 148 147 122 65 39 10 1 1 0 0 0 0 0 0 0 0 0 0 0 1 1 2 2 2 
121 119 119 119 120 119 118 118 120 120 122 133 158 167 154 149 151 197 224 214 196 187 183 178 174 169 165 163 161 160 159 158 158 157 157 156 155 154 153 147 146 145 88 34 20 4 1 3 0 0 0 0 0 0 1 1 1 0 0 1 2 3 2 1 
119 120 119 118 119 118 116 116 118 121 125 136 151 165 154 150 154 204 237 224 203 191 183 179 175 169 166 163 162 161 160 158 157 155 156 155 154 153 151 148 147 145 137 97 67 49 17 16 7 3 4 0 0 0 0 0 0 0 0 1 2 2 2 1 
120 120 118 117 117 117 117 117 117 119 127 138 151 163 154 149 154 207 248 235 205 195 186 179 172 167 166 163 162 161 159 158 158 154 155 153 151 150 149 148 146 144 144 140 129 117 60 35 21 10 10 1 0 0 0 0 0 0 0 1 1 2 1 0 
120 118 118 118 117 117 118 117 117 119 129 139 152 162 155 149 156 214 245 217 199 193 189 181 173 168 165 162 161 160 158 157 157 155 155 153 152 149 148 146 142 144 144 146 141 131 86 41 17 13 27 3 0 0 0 0 0 0 0 1 1 2 1 1 
122 120 120 119 117 118 119 117 118 121 133 139 152 161 156 151 158 204 228 208 197 189 185 180 174 169 164 161 160 159 158 157 155 154 155 154 152 150 148 146 141 142 142 137 93 57 36 20 12 27 43 3 0 0 0 0 0 0 0 1 2 3 2 2 
123 122 121 119 120 120 118 119 119 121 135 141 151 159 154 151 157 200 225 213 200 190 183 176 173 169 164 160 159 159 157 158 156 155 154 153 152 150 148 144 140 140 140 93 29 11 9 15 3 20 51 4 0 0 0 0 0 0 0 1 2 3 2 2 
125 125 123 120 121 120 118 120 119 121 138 143 151 159 154 151 159 203 246 231 206 196 184 175 171 168 166 163 161 159 157 157 156 155 155 153 151 150 148 145 141 140 138 122 102 68 54 14 11 8 28 6 0 0 0 0 0 0 0 1 2 2 2 2 
127 126 125 123 121 119 116 119 119 125 142 145 151 159 155 153 162 207 243 222 203 197 185 176 171 165 163 162 162 161 157 156 155 155 155 154 152 150 148 145 141 139 137 139 129 130 82 43 44 23 11 1 0 0 0 0 0 0 0 1 2 3 2 2 
126 126 125 124 122 119 118 120 119 125 142 146 150 155 153 152 164 213 235 206 196 190 186 179 174 165 161 161 159 158 158 155 153 153 154 153 151 150 146 145 142 139 137 138 140 141 125 128 99 41 7 0 0 0 0 0 0 0 0 1 2 3 2 2 
129 128 127 125 122 121 119 118 122 128 145 148 150 153 151 155 174 203 222 202 190 184 182 178 174 168 163 160 157 156 157 155 154 153 153 153 151 149 148 146 141 138 136 138 140 141 139 138 111 69 32 3 0 0 0 0 0 1 0 1 2 2 2 2 
134 131 127 126 125 123 122 119 122 130 147 149 150 149 150 161 191 194 199 194 187 181 178 174 171 169 164 162 157 156 155 155 155 154 152 152 151 151 148 145 141 138 137 139 139 140 140 136 74 23 5 0 0 0 0 0 0 1 1 1 2 2 2 2 
134 132 131 128 127 125 124 121 124 133 148 151 150 149 150 166 198 203 196 189 182 179 174 170 167 166 163 162 160 157 153 153 153 153 153 151 151 149 147 146 142 138 136 139 140 140 140 135 83 32 6 0 0 0 0 0 0 1 1 1 2 2 2 2 
133 133 133 129 127 125 122 123 125 135 150 151 150 148 148 169 201 203 195 185 179 174 172 168 165 162 161 162 160 158 153 152 151 153 153 152 150 150 149 149 144 139 137 140 142 140 139 136 106 63 8 0 0 0 0 0 0 1 0 1 2 3 2 2 
134 133 133 129 126 124 125 126 127 139 151 150 149 147 151 172 199 195 191 184 178 170 167 166 164 161 159 159 159 160 157 154 152 151 151 151 152 152 149 148 141 139 138 140 143 140 140 139 137 102 14 0 0 0 0 0 0 0 0 0 1 2 2 1 
131 131 131 127 126 124 125 125 127 141 151 152 150 148 152 172 196 194 190 184 178 169 166 163 161 159 158 157 156 157 158 155 153 153 152 151 151 150 149 148 142 140 140 142 142 140 141 139 129 66 14 0 0 0 0 0 0 0 0 1 2 3 2 1 
132 129 128 127 126 124 124 125 129 142 150 153 152 150 154 170 189 193 192 187 178 170 166 163 162 161 159 157 155 155 156 156 154 154 153 151 152 151 150 149 143 140 141 141 141 142 141 139 137 119 46 0 0 0 0 0 0 0 0 1 2 2 2 1 
133 132 131 131 129 126 126 128 131 143 152 153 154 154 160 176 196 203 195 189 178 169 166 164 161 160 157 156 156 154 152 154 153 155 154 153 152 149 149 146 143 143 141 140 140 141 141 140 138 134 78 6 0 0 0 0 0 0 0 1 1 2 2 1 
139 137 135 135 133 129 128 129 132 143 152 153 155 158 167 185 195 199 192 186 176 170 169 166 161 158 157 156 156 154 151 151 152 153 155 156 154 152 149 147 142 145 144 142 140 140 140 140 138 136 100 13 0 0 0 1 0 0 0 0 1 2 2 2 
146 144 142 140 136 133 132 131 136 148 156 155 156 161 169 186 192 186 184 184 174 170 170 166 163 160 158 155 154 154 153 151 151 151 154 156 157 157 154 149 144 144 144 144 143 140 139 139 138 132 54 4 0 0 0 0 0 0 0 1 1 2 2 1 
154 153 151 146 141 136 136 139 142 155 161 158 160 164 173 185 187 184 183 179 172 171 170 165 164 161 158 158 154 153 153 153 152 151 153 156 158 160 158 150 146 145 142 141 143 141 140 138 137 134 62 1 0 0 0 0 0 1 0 1 2 2 2 1 
157 160 159 156 151 144 143 147 151 164 167 162 163 168 178 186 187 186 184 178 172 171 170 166 164 161 160 158 155 154 153 152 152 153 154 158 161 160 158 153 150 149 141 141 143 142 142 140 139 134 69 3 0 0 0 0 0 1 0 1 2 2 2 2 
159 162 164 165 162 155 150 152 159 171 172 166 166 173 181 187 188 186 185 181 175 173 171 167 164 161 160 159 157 154 153 151 152 154 156 159 162 161 158 154 154 151 145 146 144 142 142 141 140 137 111 26 0 0 0 0 0 0 0 1 2 2 2 2 
162 164 166 173 170 163 161 164 170 178 176 171 171 181 188 190 188 187 186 183 177 173 171 167 164 160 159 158 158 156 154 153 154 156 158 161 163 163 158 153 153 152 147 148 147 143 142 142 140 138 124 29 0 0 0 0 0 0 0 1 2 3 2 2 
164 166 174 188 190 182 175 177 183 185 180 179 177 187 190 193 190 188 187 185 180 175 170 166 165 162 160 159 159 156 154 153 156 158 160 164 165 162 160 156 152 152 148 149 149 145 144 143 140 139 96 9 0 0 0 0 0 1 2 1 2 2 3 2 
165 172 187 206 206 203 198 190 192 190 188 187 187 190 189 192 191 189 187 185 183 178 173 168 164 163 160 159 159 156 157 155 158 163 165 165 163 165 163 157 153 151 150 151 150 147 145 142 141 125 67 7 0 0 0 0 0 1 2 2 2 2 1 1 
164 180 200 217 219 205 195 194 197 197 193 191 196 198 195 194 192 190 188 186 183 180 174 170 166 165 162 160 158 158 158 158 162 168 170 169 168 165 163 161 155 153 151 153 150 147 147 145 139 72 11 0 0 0 0 0 0 0 1 1 1 2 1 1 
163 183 215 231 227 210 194 196 205 208 201 197 202 203 199 195 193 191 190 187 185 180 177 172 168 166 163 159 158 158 158 160 164 172 172 172 170 168 166 163 158 154 151 154 149 148 148 146 142 96 21 0 0 0 0 0 0 0 0 0 2 2 1 0 
163 181 228 247 244 232 214 211 219 222 212 205 209 206 204 201 197 193 191 190 185 180 178 173 168 167 164 162 160 160 159 164 169 174 175 174 172 171 170 165 160 158 152 152 151 148 147 147 146 135 39 0 0 0 2 1 0 0 0 0 1 2 2 0 
165 182 228 251 252 244 235 229 230 229 223 214 213 212 210 206 199 197 194 191 184 180 178 173 169 167 165 164 161 160 160 164 172 177 180 176 175 173 171 167 162 159 154 155 151 149 148 147 146 138 39 1 0 0 1 0 0 0 0 0 1 2 1 0 
169 186 215 238 252 251 249 245 237 233 230 224 218 216 212 215 208 200 197 192 185 180 177 174 171 168 165 163 160 160 161 167 175 181 183 181 180 176 173 169 165 161 159 156 154 151 148 148 147 142 58 1 0 0 0 0 0 0 0 1 2 3 1 1 
178 205 231 235 251 253 253 252 245 240 235 232 225 220 214 211 209 202 199 193 187 182 180 177 173 170 166 164 162 163 164 171 180 183 184 183 183 179 176 172 169 164 162 159 156 152 150 148 147 134 37 0 0 0 1 0 0 0 0 1 1 3 1 0 
186 220 250 249 252 253 253 253 251 245 239 239 231 224 218 212 207 204 201 193 186 183 181 177 173 171 169 166 164 164 163 170 179 183 185 186 186 182 180 175 171 167 163 161 157 153 151 149 147 127 21 0 0 0 0 0 0 1 0 1 1 2 1 0 
192 223 251 253 253 253 253 253 253 250 244 239 235 227 220 214 210 208 203 195 186 184 180 178 175 171 168 166 165 163 166 168 182 185 186 188 189 185 182 178 174 169 165 164 159 154 153 151 149 137 40 0 0 0 0 0 0 0 0 1 1 2 1 0 
205 229 251 253 253 253 253 253 253 253 249 241 241 231 223 215 212 210 207 197 187 185 182 181 177 172 170 168 167 165 167 168 183 187 188 190 192 187 183 179 176 173 169 166 161 157 154 151 150 146 90 6 0 0 0 0 0 0 0 0 1 2 1 1 
217 232 250 253 253 253 253 253 253 253 253 248 243 234 227 220 214 210 207 200 190 187 185 182 178 174 172 170 167 166 167 169 184 192 191 192 193 189 184 182 178 175 174 170 164 160 157 154 151 148 136 43 0 0 0 0 0 1 1 0 1 2 0 0 
223 235 250 253 253 253 253 253 253 253 253 253 252 243 234 222 216 211 205 201 195 191 187 183 182 176 173 170 169 169 168 171 185 194 195 195 194 190 185 183 180 177 176 172 165 162 158 155 154 150 139 44 0 0 0 0 0 2 1 0 1 1 0 0 
224 231 244 251 253 253 253 253 253 253 253 253 253 252 245 226 218 213 206 202 198 192 188 184 183 178 175 172 169 168 168 171 185 195 197 198 197 192 187 186 184 179 177 174 170 167 161 157 156 153 144 53 0 0 0 0 0 2 1 0 1 1 1 0 
219 225 235 240 246 249 252 253 253 253 253 253 253 253 245 226 220 215 209 202 197 194 189 185 182 178 174 172 171 172 171 173 188 197 199 200 200 196 192 190 188 182 180 176 173 170 165 161 159 157 150 71 1 0 0 0 1 1 1 0 1 1 1 0 
213 224 228 235 237 248 251 253 253 253 253 253 253 254 247 229 220 217 208 201 198 194 191 186 183 179 174 173 173 173 172 174 188 200 204 202 201 198 195 193 188 184 183 178 174 171 169 164 159 157 151 70 0 0 0 0 0 1 1 0 1 1 1 0 
215 237 245 246 239 248 253 253 253 253 253 253 253 253 250 237 224 218 208 201 200 195 190 186 183 180 175 173 174 175 175 179 193 202 205 204 205 202 197 195 191 186 184 178 174 171 169 167 161 157 148 52 0 0 0 0 0 1 1 0 1 2 0 0 
224 248 253 253 247 250 253 253 253 253 253 253 253 252 253 245 228 220 208 201 201 196 190 187 183 181 178 175 174 176 177 184 199 204 206 207 207 205 199 195 193 188 185 181 175 173 169 168 164 159 147 44 0 0 0 0 0 2 1 0 1 1 0 0 
217 242 253 253 253 253 253 253 253 253 253 253 252 250 252 250 235 223 211 203 207 201 193 190 185 183 180 177 177 180 181 188 206 210 210 211 210 209 205 200 196 194 189 183 181 177 172 171 167 162 137 20 0 0 0 0 0 1 1 0 1 2 0 0 
212 231 251 253 253 253 253 253 253 253 253 253 253 251 251 250 240 229 216 211 212 204 198 194 189 185 184 181 183 185 187 196 210 217 218 219 218 216 212 204 199 199 194 189 186 183 179 175 173 167 136 21 0 0 0 0 0 1 1 0 1 2 0 0 